//Version: ScorePerfmMatch_v170104
// Score: ./score_hmm.txt
// Perfm: ./infer_spr.txt
// fmt3x: ./score_fmt3x.txt
0	2.94231	3.01069	Bb2	47	60	0	0	0	P1-1-0	0	0
1	3.45193	4.89317	C#5	72	42	0	0	0	P1-1-6	0	-
2	3.47223	3.55876	F3	42	50	0	0	0	P1-1-2	0	-
3	3.4765	3.55235	C#4	45	50	0	0	0	P1-1-3	0	-
4	3.48398	3.62287	F4	36	34	0	0	0	P1-1-4	0	-
5	3.48932	3.54167	Bb4	40	49	0	0	0	P1-1-5	0	-
6	4.73077	5.02137	C#4	36	32	0	0	665	P1-1-8	0	-
7	4.73184	5.30342	Bb4	44	37	0	0	665	P1-1-10	0	-
8	4.74359	5.09616	F4	13	39	0	0	665	P1-1-9	0	-
9	4.75748	5.05342	F3	28	36	0	0	665	P1-1-7	0	-
10	5.11218	5.30342	C#5	55	37	0	0	1000	P1-1-11	0	-
11	5.45727	7.16133	C#5	59	36	0	0	1334	P1-1-16	0	-
12	5.46795	5.71475	C#4	30	30	0	0	1334	P1-1-13	0	-
13	5.47009	5.76924	F4	24	36	0	0	1334	P1-1-14	0	-
14	5.47009	5.76924	Bb4	37	37	0	0	1334	P1-1-15	0	-
15	5.48077	5.73505	F3	26	37	0	0	1334	P1-1-12	0	-
16	6.11005	7.34296	Bb4	48	41	0	0	2000	P1-1-20	0	-
17	6.12607	6.19231	F4	26	47	0	0	2000	P1-1-19	0	-
18	6.12821	6.20193	C#4	32	47	0	0	2000	P1-1-18	0	-
19	6.13142	6.19125	F3	34	62	0	0	2000	P1-1-17	0	-
20	6.49894	6.65706	Bb2	65	60	0	0	2665	P1-1-21	0	-
21	7.01283	7.82373	F5	76	60	0	0	2665	P1-1-27	0	-
22	7.02458	7.27672	Eb4	50	41	0	0	2665	P1-1-24	0	-
23	7.03954	7.3109	F#3	43	41	0	0	2665	P1-1-23	0	-
24	7.05129	7.86112	F#4	40	38	0	0	2665	P1-1-25	0	-
25	7.7468	8.40065	C#5	76	31	0	0	3000	P1-1-28	0	-
26	8.01176	8.31732	F#3	42	31	0	0	3334	P1-1-29	0	-
27	8.0171	8.28526	Eb4	36	39	0	0	3334	P1-1-30	0	-
28	8.16667	8.81518	F5	76	27	0	0	3334	P1-1-33	0	-
29	8.19766	8.60685	Bb4	43	45	0	0	3334	P1-1-32	0	-
30	8.20941	8.6624	F#4	43	34	0	0	3334	P1-1-31	0	-
31	8.53206	9.16561	Eb5	74	34	0	0	3554	P1-1-34	0	-
32	8.71689	8.99574	Bb2	52	59	0	0	4000	P1-1-36	0	-
33	8.90279	9.42415	Bb4	72	53	0	0	4000	P1-1-41	0	-
34	9.4936	9.9092	C#4	31	35	0	0	4665	P1-1-43	0	-
35	9.4968	9.92095	F4	37	38	0	0	4665	P1-1-44	0	-
36	9.51176	9.90172	F3	34	38	0	0	4665	P1-1-42	0	-
37	9.58334	10.7671	Bb4	67	36	0	0	4665	P1-1-45	0	-
38	10.3782	10.7575	C#4	35	32	0	0	4665	P1-1-43	0	-
39	10.3846	10.7917	F4	35	35	0	0	4665	P1-1-44	0	-
40	10.4071	10.7863	F3	35	36	0	0	4665	P1-1-42	0	-
41	10.6891	11.0844	B4	62	57	0	0	4888	P1-1-46	0	-
42	11.046	11.5898	C5	63	50	0	0	5111	P1-1-47	0	-
43	11.5267	12.3024	Eb5	56	37	0	0	5334	P1-1-52	0	-
44	11.5342	12.0502	C#4	31	34	0	0	5334	P1-1-49	0	-
45	11.547	12.3184	Bb4	36	41	0	0	5334	P1-1-51	0	-
46	11.5556	12.1154	F4	16	34	0	0	5334	P1-1-50	0	-
47	11.5663	12.0865	F3	22	34	0	0	5334	P1-1-48	0	-
48	12.1859	14.1517	C#5	47	35	0	0	5665	P1-1-53	0	-
49	12.6165	12.8504	F4	24	35	0	0	6000	P1-1-56	0	-
50	12.6165	12.7564	Bb4	40	34	0	0	6000	P1-1-57	0	-
51	12.6186	12.8184	C#4	26	31	0	0	6000	P1-1-55	0	-
52	12.6293	12.8558	F3	22	25	0	0	6000	P1-1-54	0	-
53	13.2895	13.4968	C#4	34	37	0	0	6665	P1-1-60	0	-
54	13.2906	13.375	Bb4	36	41	0	0	6665	P1-1-62	0	-
55	13.296	13.546	F3	32	35	0	0	6665	P1-1-59	0	-
56	13.3013	13.5737	F4	26	31	0	0	6665	P1-1-61	0	-
57	13.9797	14.0705	C#4	24	37	0	0	7334	P1-1-65	0	-
58	13.9861	14.1571	F4	16	42	0	0	7334	P1-1-66	0	-
59	13.9893	14.2137	Bb4	26	42	0	0	7334	P1-1-67	0	-
60	14.0022	14.1966	F3	15	40	0	0	7334	P1-1-64	0	-
61	14.8611	15.5075	Eb5	72	31	0	0	8000	P1-1-73	0	-
62	14.8697	15.8975	Bb4	62	42	0	0	8000	P1-1-72	0	-
63	14.8729	15.4626	Eb4	56	33	0	0	8000	P1-1-70	0	-
64	14.8782	15.9573	F#4	57	39	0	0	8000	P1-1-71	0	-
65	14.8825	15.313	F#3	45	34	0	0	8000	P1-1-69	0	-
66	14.8889	17.8836	Bb2	51	42	0	0	8000	P1-1-68	0	-
67	15.7692	16.265	D5	68	35	0	0	8334	P1-1-75	0	-
68	15.7853	15.9434	D4	54	45	0	0	8334	P1-1-74	0	-
69	16.1838	16.3878	D4	30	39	0	0	8665	P1-1-77	0	-
70	16.1859	16.4092	F#3	33	38	0	0	8665	P1-1-76	0	-
71	16.1891	16.6859	Bb4	48	42	0	0	8665	P1-1-79	0	-
72	16.1955	16.6923	F#4	34	41	0	0	8665	P1-1-78	0	-
73	16.4701	16.6624	D5	78	56	0	0	9000	P1-1-81	0	-
74	16.4883	16.6613	D4	62	54	0	0	9000	P1-1-80	0	-
75	16.7895	17.3237	F#3	50	36	0	0	9334	P1-1-82	0	-
76	16.7895	17.0353	D5	86	59	0	0	9334	P1-1-86	0	-
77	16.8088	17.0876	D4	62	54	0	0	9334	P1-1-83	0	-
78	16.8163	17.4423	Bb4	67	54	0	0	9334	P1-1-85	0	-
79	16.828	16.9348	F#4	57	80	0	0	9334	P1-1-84	0	-
80	17.3643	17.718	C#5	70	37	0	0	9665	P1-1-88	0	-
81	17.3761	17.5374	C#4	54	35	0	0	9665	P1-1-87	0	-
82	17.671	17.9541	Bb4	59	60	0	0	10000	P1-1-92	0	-
83	17.6848	17.7928	F#4	41	80	0	0	10000	P1-1-91	0	-
84	17.6881	17.8793	F#3	41	42	0	0	10000	P1-1-89	0	-
85	17.7041	17.7767	C#4	35	42	0	0	10000	P1-1-90	0	-
86	17.9391	18.14	C#5	81	58	0	0	10334	P1-1-94	0	-
87	17.9487	18.1613	C#4	65	51	0	0	10334	P1-1-93	0	-
88	18.2329	19.4274	Bb2	49	38	0	0	10665	P1-1-95	0	-
89	18.2415	18.5139	F#3	46	30	0	0	10665	P1-1-96	0	-
90	18.3013	18.5887	C#5	73	37	0	0	10665	P1-1-99	0	-
91	18.328	18.5022	C#4	59	56	0	0	10665	P1-1-97	0	-
92	18.3323	18.8836	F#4	56	41	0	0	10665	P1-1-98	0	-
93	18.3451	18.9049	Eb4	51	40	0	0	10665	*	3	-
94	18.7885	19.171	C5	68	36	0	0	11000	P1-1-101	0	-
95	18.8131	18.9028	C4	51	52	0	0	11000	P1-1-100	0	-
96	19.1389	19.219	C4	36	48	0	0	11334	P1-1-103	0	-
97	19.1453	19.734	F#4	49	23	0	0	11334	P1-1-104	0	-
98	19.1592	19.2842	F#3	42	37	0	0	11334	P1-1-102	0	-
99	19.1592	19.2928	Eb4	31	80	0	0	11334	*	3	-
100	19.4701	19.6378	C5	69	37	0	0	11665	P1-1-106	0	-
101	19.4915	19.672	C4	50	31	0	0	11665	P1-1-105	0	-
102	20.0032	21.1998	B4	64	17	0	0	12000	P1-1-112	0	-
103	20.0192	20.1581	F#4	48	80	0	0	12000	P1-1-111	0	-
104	20.0225	20.3985	B3	42	37	0	0	12000	P1-1-109	0	-
105	20.0299	23.9092	Bb2	40	40	0	0	12000	P1-1-107	0	-
106	20.0374	20.4274	F#3	32	38	0	0	12000	P1-1-108	0	-
107	20.1581	21.0374	F#4	7	39	0	0	12000	*	3	-
108	20.9445	21.1656	F#3	32	39	0	0	12665	P1-1-113	0	-
109	20.9605	21.0631	Eb4	35	80	0	0	12665	P1-1-115	0	-
110	20.968	21.3611	B3	31	12	0	0	12665	P1-1-114	0	-
111	21.2981	21.4594	F#4	52	32	0	0	13000	P1-1-116	0	-
112	21.6891	21.937	B3	39	26	0	0	13334	P1-1-118	0	-
113	21.6934	23.0502	B4	57	26	0	0	13334	P1-1-121	0	-
114	21.7137	21.8921	F#3	38	29	0	0	13334	P1-1-117	0	-
115	21.7137	21.8633	F#4	25	25	0	0	13334	P1-1-120	0	-
116	22.375	22.5428	F#4	38	33	0	0	14000	P1-1-125	0	-
117	22.4017	22.4872	B3	36	47	0	0	14000	P1-1-123	0	-
118	22.4135	22.4797	F#3	33	44	0	0	14000	P1-1-122	0	-
119	22.4263	22.5032	Eb4	18	43	0	0	14000	P1-1-124	0	-
120	23.14	23.3216	F#3	28	39	0	0	14665	P1-1-126	0	-
121	23.1421	23.7992	F#4	33	80	0	0	14665	P1-1-129	0	-
122	23.1507	23.8066	Eb4	22	80	0	0	14665	P1-1-128	0	-
123	23.156	23.3291	B3	29	37	0	0	14665	P1-1-127	0	-
124	23.8547	24.3804	Bb4	55	35	0	0	15334	P1-1-134	0	-
125	23.8782	24.1603	Bb3	39	38	0	0	15334	P1-1-131	0	-
126	23.8836	24.0641	F#3	29	40	0	0	15334	P1-1-130	0	-
127	24.3216	24.547	Bb2	44	46	0	0	16000	P1-1-135	0	-
128	24.5353	25.2276	F#3	47	34	0	0	16000	P1-1-138	1	-
129	24.9081	25.8985	A4	60	33	0	0	-1	*	3	-
130	24.9103	25.4113	C#4	63	56	0	0	-1	*	3	-
131	24.9445	25.0684	A3	37	80	0	0	16665	P1-1-143	0	-
132	24.9776	25.0577	Eb4	13	44	0	0	16665	P1-1-144	0	-
133	25.8932	26.203	F#3	39	35	0	0	16665	*	3	-
134	25.9028	26.3675	A3	31	33	0	0	16665	*	3	-
135	25.9039	26.4776	Eb4	33	28	0	0	16665	*	3	-
136	25.9167	26.2554	Bb2	33	34	0	0	16665	*	3	-
137	26.2244	26.328	A4	58	50	0	0	17000	P1-1-145	0	-
138	26.5588	27.3056	A4	60	25	0	0	17334	P1-1-151	0	-
139	26.5652	27.3515	B3	61	30	0	0	17334	P1-1-149	0	-
140	26.5737	26.8066	Bb2	42	41	0	0	17334	P1-1-146	0	-
141	26.5769	26.7831	A3	47	23	0	0	17334	P1-1-148	0	-
142	26.5844	26.6646	Eb4	8	47	0	0	17334	P1-1-150	0	-
143	26.5898	26.7618	F#3	46	34	0	0	17334	P1-1-147	0	-
144	27.2468	27.4958	F#3	45	39	0	0	18000	P1-1-153	0	-
145	27.2468	27.4498	A3	36	36	0	0	18000	P1-1-154	0	-
146	27.249	27.8793	Eb4	32	80	0	0	18000	P1-1-155	0	-
147	27.2735	27.484	Bb2	29	36	0	0	18000	P1-1-152	0	-
148	27.9071	29.5096	Bb4	53	17	0	0	18665	P1-1-160	0	-
149	27.9124	28.8408	Bb3	62	40	0	0	18665	P1-1-158	0	-
150	27.9156	28.1977	F#3	52	32	0	0	18665	P1-1-157	0	-
151	27.9167	28.3099	Bb2	50	38	0	0	18665	P1-1-156	0	-
152	28.6154	28.8088	F#3	46	25	0	0	19334	P1-1-162	0	-
153	28.6325	28.6977	Eb4	28	45	0	0	19334	P1-1-164	0	-
154	28.6389	28.8782	Bb2	23	40	0	0	19334	P1-1-161	0	-
155	29.4349	31.0235	F#3	62	30	0	0	20000	P1-1-166	0	-
156	29.4349	30.8975	Eb4	56	34	0	0	20000	P1-1-168	0	-
157	29.4477	29.8729	Bb2	51	40	0	0	20000	P1-1-165	0	-
158	29.4701	29.6272	Bb3	27	24	0	0	20000	P1-1-167	0	-
159	30.4552	30.8526	Bb3	30	38	0	0	20665	P1-1-170	0	-
160	30.4626	30.952	Bb2	38	37	0	0	20665	P1-1-169	0	-
161	30.8237	31.2853	F4	54	26	0	0	21000	P1-1-172	0	-
162	30.844	31.5257	F3	47	35	0	0	21000	P1-1-171	0	-
163	31.3462	33.8868	F#4	47	29	0	0	21334	P1-1-178	0	-
164	31.374	33.609	Eb3	39	24	0	0	21334	P1-1-174	0	-
165	31.3836	31.7564	Bb2	34	39	0	0	21334	P1-1-173	0	-
166	31.3975	31.7052	F#3	15	36	0	0	21334	P1-1-175	0	-
167	31.4242	31.5267	Eb4	6	39	0	0	21334	P1-1-177	0	-
168	32.1453	32.3622	Eb4	33	33	0	0	22000	P1-1-182	0	-
169	32.1582	32.3975	Bb2	33	36	0	0	22000	P1-1-179	0	-
170	32.1624	32.3483	F#3	17	33	0	0	22000	P1-1-180	0	-
171	32.7522	32.9797	Eb4	29	31	0	0	22665	P1-1-186	0	-
172	32.7821	32.9872	Bb2	36	23	0	0	22665	P1-1-183	0	-
173	32.7842	32.9755	F#3	21	23	0	0	22665	P1-1-184	0	-
174	33.3921	33.6539	F#3	14	31	0	0	23334	P1-1-188	0	-
175	33.3964	33.8291	Eb4	32	20	0	0	23334	P1-1-190	0	-
176	33.4039	33.7116	Bb2	30	33	0	0	23334	P1-1-187	0	-
177	34.2564	34.6464	Bb3	36	32	0	0	24000	P1-1-193	0	-
178	34.2564	34.7169	F#4	48	32	0	0	24000	P1-1-195	0	-
179	34.2586	35.1208	C#4	37	40	0	0	24000	P1-1-194	0	-
180	34.2778	34.5353	F#3	33	36	0	0	24000	P1-1-192	0	-
181	34.2896	34.6357	Bb2	27	38	0	0	24000	P1-1-191	0	-
182	35.0011	35.3676	F4	52	34	0	0	24334	P1-1-197	0	-
183	35.031	35.1122	F3	25	43	0	0	24334	P1-1-196	0	-
184	35.3718	35.8494	C#4	45	16	0	0	24665	P1-1-201	0	-
185	35.3729	35.5075	Bb3	36	36	0	0	24665	P1-1-200	0	-
186	35.3782	35.5225	Bb2	36	37	0	0	24665	P1-1-198	0	-
187	35.6624	35.7522	F4	68	63	0	0	25000	P1-1-203	0	-
188	35.6763	35.7458	F3	60	54	0	0	25000	P1-1-202	0	-
189	36.0449	37.7767	Eb2	47	36	0	0	25334	P1-1-204	0	-
190	36.0524	36.6165	Bb2	52	40	0	0	25334	P1-1-205	0	-
191	36.093	36.3515	G#4	69	52	0	0	25334	P1-1-209	0	-
192	36.0994	36.8109	C#4	53	34	0	0	25334	P1-1-208	0	-
193	36.1101	36.3932	G#3	55	50	0	0	25334	P1-1-206	0	-
194	36.1144	36.8334	Bb3	52	32	0	0	25334	P1-1-207	0	-
195	36.6763	37.0396	F#4	66	36	0	0	25665	P1-1-211	0	-
196	36.6785	36.9082	F#3	60	33	0	0	25665	P1-1-210	0	-
197	36.9755	37.3975	C#4	59	59	0	0	26000	P1-1-215	0	-
198	36.9851	37.7084	Bb2	53	36	0	0	26000	P1-1-212	0	-
199	36.999	37.5492	Bb3	53	80	0	0	26000	P1-1-214	0	-
200	37.0118	37.1272	F#3	18	37	0	0	26000	P1-1-213	0	-
201	37.2746	37.4669	F#4	77	54	0	0	26334	P1-1-217	0	-
202	37.2853	37.4092	F#3	55	61	0	0	26334	P1-1-216	0	-
203	37.5951	38.8077	F#2	50	37	0	0	26665	P1-1-218	0	-
204	37.5951	37.9274	C3	46	32	0	0	26665	P1-1-219	0	-
205	37.6005	37.8077	F4	73	58	0	0	26665	P1-1-223	0	-
206	37.6122	38.0663	C4	55	38	0	0	26665	P1-1-222	0	-
207	37.6208	37.8248	F3	57	54	0	0	26665	P1-1-220	0	-
208	38.0182	38.3547	E4	67	32	0	0	27000	P1-1-225	0	-
209	38.0342	38.1229	E3	55	44	0	0	27000	P1-1-224	0	-
210	38.312	38.7661	C4	50	37	0	0	27334	P1-1-229	0	-
211	38.3259	38.4765	C3	41	32	0	0	27334	P1-1-226	0	-
212	38.3259	38.9082	Bb3	38	37	0	0	27334	P1-1-228	0	-
213	38.328	38.4413	E3	35	32	0	0	27334	P1-1-227	0	-
214	38.6678	38.8772	E4	63	49	0	0	27665	P1-1-231	0	-
215	38.6817	38.8366	E3	51	35	0	0	27665	P1-1-230	0	-
216	39.1336	39.3943	F2	40	54	0	0	28000	P1-1-232	0	-
217	39.1336	39.3943	C3	39	55	0	0	28000	P1-1-233	0	-
218	39.1923	40.2297	F4	64	31	0	0	28000	P1-1-237	0	-
219	39.2052	39.64	Bb3	41	39	0	0	28000	P1-1-235	0	-
220	39.2105	39.7682	C4	46	36	0	0	28000	P1-1-236	0	-
221	39.2137	39.4701	F3	43	39	0	0	28000	P1-1-234	0	-
222	40.0919	40.1881	C3	34	58	0	0	28665	P1-1-238	0	-
223	40.1069	40.3259	Bb3	33	38	0	0	28665	P1-1-239	0	-
224	40.1154	40.6261	C4	42	23	0	0	28665	P1-1-240	0	-
225	40.4637	40.7468	F4	55	41	0	0	29000	P1-1-241	0	-
226	40.9883	41.5	A3	28	39	0	0	29334	P1-1-243	0	-
227	40.9915	41.7522	F4	46	34	0	0	29334	P1-1-245	0	-
228	40.9968	41.3932	F3	36	33	0	0	29334	P1-1-242	0	-
229	41.0267	41.3173	C4	14	37	0	0	29334	P1-1-244	0	-
230	42.0353	42.5748	F4	47	35	0	0	30000	P1-1-247	0	-
231	42.0556	42.5588	F3	40	37	0	0	30000	P1-1-246	0	-
232	42.765	43.3387	F4	65	53	0	0	30665	P1-1-249	0	-
233	42.781	43.3312	F3	56	52	0	0	30665	P1-1-248	0	-
234	43.499	43.6795	F4	81	60	0	0	31334	P1-1-251	0	-
235	43.5097	43.6891	F3	66	59	0	0	31334	P1-1-250	0	-
236	44.0364	44.2041	Bb2	85	62	0	0	32000	P1-1-252	0	-
237	44.4445	45.8547	C#5	84	58	0	0	32000	P1-1-258	0	-
238	44.4648	44.5524	F4	61	60	0	0	32000	P1-1-256	0	-
239	44.4712	44.5556	F3	57	58	0	0	32000	P1-1-254	0	-
240	44.4851	44.5492	C#4	54	54	0	0	32000	P1-1-255	0	-
241	44.5075	44.5663	Bb4	18	54	0	0	32000	P1-1-257	0	-
242	45.7052	46.1357	F3	36	39	0	0	32665	P1-1-259	0	-
243	45.7137	46.3654	Bb4	53	36	0	0	32665	P1-1-262	0	-
244	45.7148	46.1795	F4	34	40	0	0	32665	P1-1-261	0	-
245	45.7169	46.1592	C#4	40	39	0	0	32665	P1-1-260	0	-
246	46.1037	46.3344	C#5	74	57	0	0	33000	P1-1-263	0	-
247	46.4541	46.7746	F3	40	37	0	0	33334	P1-1-264	0	-
248	46.4541	48.1956	C#5	74	80	0	0	33334	P1-1-268	0	-
249	46.4584	46.828	F4	38	37	0	0	33334	P1-1-266	0	-
250	46.4637	46.8056	C#4	45	40	0	0	33334	P1-1-265	0	-
251	46.4701	46.7949	Bb4	47	38	0	0	33334	P1-1-267	0	-
252	47.1026	47.8109	Bb4	62	40	0	0	34000	P1-1-272	0	-
253	47.1112	47.1753	F3	49	58	0	0	34000	P1-1-269	0	-
254	47.1144	47.2255	C#4	55	60	0	0	34000	P1-1-270	0	-
255	47.1154	47.1742	F4	51	61	0	0	34000	P1-1-271	0	-
256	47.4413	47.6165	Bb2	80	62	0	0	34665	P1-1-273	0	-
257	47.9338	48.2693	Eb4	48	39	0	0	34665	P1-1-276	0	-
258	47.9434	48.7597	F5	78	48	0	0	34665	P1-1-279	0	-
259	47.9488	48.28	F#3	44	41	0	0	34665	P1-1-275	0	-
260	47.9594	48.2896	Bb4	33	42	0	0	34665	P1-1-278	0	-
261	47.9862	48.374	F#4	44	36	0	0	34665	P1-1-277	0	-
262	48.6902	50.2404	C#5	75	24	0	0	35000	P1-1-280	0	-
263	49.0043	49.28	Eb4	37	40	0	0	35334	P1-1-282	0	-
264	49.0107	49.2896	F#3	33	37	0	0	35334	P1-1-281	0	-
265	49.1389	49.9498	F5	67	24	0	0	35334	P1-1-285	0	-
266	49.1859	49.7319	F#4	31	39	0	0	35334	P1-1-283	0	-
267	49.2094	49.4605	Bb4	33	80	0	0	35334	P1-1-284	0	-
268	49.6133	50.155	Eb5	65	34	0	0	35554	P1-1-286	0	-
269	49.8344	50.0962	Bb2	52	61	0	0	36000	P1-1-288	0	-
270	49.9733	50.4712	Bb4	76	57	0	0	36000	P1-1-292	0	-
271	50.5139	50.9562	F3	40	36	0	0	36665	P1-1-293	1	-
272	50.5289	51.0342	F4	40	35	0	0	-1	*	3	-
273	50.5332	50.9947	C#4	40	31	0	0	36665	P1-1-294	0	-
274	50.6368	51.9445	Bb4	63	37	0	0	36665	P1-1-296	0	-
275	51.499	51.796	F4	37	40	0	0	36665	*	3	-
276	51.5054	51.8654	F3	36	37	0	0	36665	*	3	-
277	51.5065	51.9242	C#4	34	35	0	0	36665	*	3	-
278	51.8248	52.2468	B4	65	58	0	0	36888	P1-1-297	0	-
279	52.2383	53.0866	C5	66	40	0	0	37111	P1-1-298	0	-
280	52.9765	55.9808	C#5	55	35	0	0	37334	P1-1-304	0	-
281	52.9915	53.6998	F#4	39	38	0	0	37334	P1-1-302	1	-
282	52.9947	55.7629	Eb3	43	35	0	0	37334	P1-1-299	0	-
283	53.0001	53.765	Bb3	43	37	0	0	37334	P1-1-300	0	-
284	53.0011	53.703	C#4	37	35	0	0	37334	P1-1-301	0	-
285	53.0054	53.6475	Bb4	53	36	0	0	37334	P1-1-303	0	-
286	54.2842	54.5278	Bb3	32	35	0	0	38000	P1-1-305	0	-
287	54.2853	54.5204	Bb4	29	40	0	0	38000	P1-1-308	0	-
288	54.2939	54.5396	C#4	13	36	0	0	38000	P1-1-306	0	-
289	54.3003	54.5385	F#4	27	34	0	0	38000	P1-1-307	1	-
290	54.9349	55.2821	Bb4	40	43	0	0	38665	P1-1-312	0	-
291	54.937	55.3056	Bb3	41	40	0	0	38665	P1-1-309	0	-
292	54.9445	55.2757	C#4	29	36	0	0	38665	P1-1-310	0	-
293	54.9456	55.2682	F#4	38	33	0	0	38665	P1-1-311	1	-
294	55.5588	56.1753	Bb4	55	44	0	0	39334	P1-1-316	0	-
295	55.5663	55.9338	C#4	41	32	0	0	39334	P1-1-314	0	-
296	55.5716	55.9979	Bb3	47	36	0	0	39334	P1-1-313	0	-
297	55.578	56.0684	F#4	46	34	0	0	39334	P1-1-315	1	-
298	56.3943	56.8355	C#5	71	59	0	0	40000	P1-1-322	0	-
299	56.3954	56.7137	Bb3	46	53	0	0	40000	P1-1-318	0	-
300	56.4028	56.7362	E3	44	40	0	0	40000	P1-1-317	0	-
301	56.405	57.1966	Bb4	60	36	0	0	40000	P1-1-321	0	-
302	56.4103	56.7907	C#4	50	55	0	0	40000	P1-1-319	0	-
303	56.4135	56.5471	F#4	52	80	0	0	40000	*	3	-
304	56.5471	57.1785	F#4	4	41	0	0	40000	P1-1-320	0	-
305	57.0652	57.6026	C5	70	42	0	0	40334	P1-1-324	0	-
306	57.1058	57.1635	C4	41	50	0	0	40334	P1-1-323	0	-
307	57.437	57.5385	E2	41	51	0	0	40665	P1-1-325	0	-
308	57.453	57.5599	C#3	45	53	0	0	40665	P1-1-326	0	-
309	57.4563	57.9381	F#4	60	53	0	0	40665	P1-1-328	0	-
310	57.4691	57.5353	C4	47	55	0	0	40665	P1-1-327	0	-
311	57.7511	57.9114	C5	67	57	0	0	41000	P1-1-330	0	-
312	57.7896	57.9071	C4	48	55	0	0	41000	P1-1-329	0	-
313	58.0545	58.2105	C5	79	61	0	0	41334	P1-1-335	0	-
314	58.061	58.3932	F#3	48	30	0	0	41334	P1-1-332	0	-
315	58.078	58.2864	C#3	45	37	0	0	41334	P1-1-331	0	-
316	58.0919	58.1924	C4	49	59	0	0	41334	P1-1-333	0	-
317	58.0919	58.4701	F#4	56	41	0	0	41334	P1-1-334	0	-
318	58.4253	58.7757	Bb4	74	38	0	0	41665	P1-1-337	0	-
319	58.4295	58.5236	Bb3	63	56	0	0	41665	P1-1-336	0	-
320	58.7298	58.9167	E3	38	34	0	0	42000	P1-1-338	0	-
321	58.7372	59.2137	F#4	58	22	0	0	42000	P1-1-341	0	-
322	58.7394	58.8366	C#4	48	52	0	0	42000	P1-1-340	0	-
323	58.7639	58.8462	Bb3	32	45	0	0	42000	P1-1-339	0	-
324	59.0054	59.2212	Bb4	78	37	0	0	42334	P1-1-343	0	-
325	59.0172	59.2298	Bb3	57	27	0	0	42334	P1-1-342	0	-
326	59.4135	59.6219	F3	39	53	0	0	42665	P1-1-344	0	-
327	59.4178	59.5983	C#4	43	60	0	0	42665	P1-1-346	0	-
328	59.4701	59.7768	Bb4	65	37	0	0	42665	P1-1-348	0	-
329	59.4755	59.9616	F4	53	27	0	0	42665	P1-1-347	0	-
330	59.4872	59.7105	Bb3	39	40	0	0	42665	P1-1-345	0	-
331	59.9733	60.3184	A4	66	40	0	0	43000	P1-1-350	0	-
332	59.999	60.0887	A3	53	46	0	0	43000	P1-1-349	0	-
333	60.2875	60.358	F2	40	58	0	0	43334	P1-1-351	0	-
334	60.3035	60.3719	A3	41	49	0	0	43334	P1-1-353	0	-
335	60.3142	60.3793	C#3	39	61	0	0	43334	P1-1-352	0	-
336	60.3248	60.6336	F4	53	32	0	0	43334	P1-1-354	0	-
337	60.5813	60.7212	Bb4	75	62	0	0	43665	P1-1-356	0	-
338	60.5866	60.6582	Bb3	67	57	0	0	43665	P1-1-355	0	-
339	60.8986	61.186	F#3	53	36	0	0	44000	P1-1-357	0	-
340	60.9221	61.2073	C#4	40	32	0	0	44000	P1-1-358	0	-
341	60.9488	61.249	C#5	81	60	0	0	44000	P1-1-360	0	-
342	60.952	61.577	E4	67	60	0	0	44000	P1-1-359	0	-
343	61.499	61.8601	C5	79	43	0	0	44334	P1-1-362	0	-
344	61.5182	61.6625	C4	62	54	0	0	44334	P1-1-361	0	-
345	61.7554	61.8323	F#2	54	56	0	0	44665	P1-1-363	0	-
346	61.7682	61.843	E3	50	57	0	0	44665	P1-1-364	0	-
347	61.7768	62.2533	E4	60	51	0	0	44665	P1-1-366	0	-
348	61.8035	61.8975	C4	41	42	0	0	44665	P1-1-365	0	-
349	62.0396	62.2714	C5	80	56	0	0	45000	P1-1-368	0	-
350	62.0471	62.2661	C4	68	57	0	0	45000	P1-1-367	0	-
351	62.3569	62.5962	E3	41	41	0	0	45334	P1-1-369	0	-
352	62.3761	62.5139	C#4	51	62	0	0	45334	P1-1-371	0	-
353	62.3911	62.6048	C5	82	60	0	0	45334	P1-1-373	0	-
354	62.3986	63.0375	E4	58	60	0	0	45334	P1-1-372	0	-
355	62.4082	62.5813	C4	63	60	0	0	45334	P1-1-370	0	-
356	62.9392	63.3045	Bb4	73	37	0	0	45665	P1-1-375	0	-
357	62.9627	63.0663	Bb3	50	54	0	0	45665	P1-1-374	0	-
358	63.2533	63.3451	C#3	47	53	0	0	46000	P1-1-376	0	-
359	63.2586	63.7063	E4	54	48	0	0	46000	P1-1-378	0	-
360	63.2672	63.3654	Bb3	42	40	0	0	46000	P1-1-377	0	-
361	63.5941	63.874	Bb4	70	34	0	0	46334	P1-1-380	0	-
362	63.6154	63.9103	Bb3	52	36	0	0	46334	P1-1-379	0	-
363	64.1496	64.4937	Bb4	64	48	0	0	46665	P1-1-385	0	-
364	64.1625	64.4744	Bb3	44	40	0	0	46665	P1-1-382	0	-
365	64.1657	64.4125	C#4	36	39	0	0	46665	P1-1-383	0	-
366	64.1657	65.0417	Eb4	48	34	0	0	46665	P1-1-384	0	-
367	64.1774	64.4798	Eb3	38	43	0	0	46665	P1-1-381	0	-
368	64.8024	64.9146	A4	60	57	0	0	47000	P1-1-387	0	-
369	64.8227	64.8751	A3	45	48	0	0	47000	P1-1-386	0	-
370	65.2009	65.7843	Eb4	29	40	0	0	47334	P1-1-391	0	-
371	65.2031	65.3505	C5	66	51	0	0	47334	P1-1-392	0	-
372	65.2127	66.5973	G2	39	40	0	0	47334	P1-1-388	0	-
373	65.2148	66.5428	Eb3	44	37	0	0	47334	P1-1-389	0	-
374	65.233	65.3836	C4	40	34	0	0	47334	P1-1-390	0	-
375	65.6828	65.9167	Bb4	62	34	0	0	47665	P1-1-394	0	-
376	65.6934	65.952	Bb3	52	38	0	0	47665	P1-1-393	0	-
377	66.3142	66.639	Bb4	59	54	0	0	48000	P1-1-398	0	-
378	66.3206	66.6657	Bb3	42	41	0	0	48000	P1-1-396	0	-
379	66.3227	66.9531	C#4	47	40	0	0	48000	P1-1-397	0	-
380	66.3355	66.9744	F3	43	33	0	0	48000	P1-1-395	0	-
381	66.8601	67.2105	A4	60	34	0	0	48334	P1-1-400	0	-
382	66.889	66.9563	A3	44	49	0	0	48334	P1-1-399	0	-
383	67.0193	67.1037	G#2	38	58	0	0	48445	P1-1-401	0	-
384	67.1838	67.7009	C#4	45	36	0	0	48665	P1-1-403	0	-
385	67.2052	67.2843	A3	36	40	0	0	48665	P1-1-402	0	-
386	67.3996	67.4734	G#1	53	59	0	0	48888	P1-1-404	0	-
387	67.4734	67.6966	A4	67	36	0	0	49000	P1-1-406	0	-
388	67.4894	67.686	A3	53	37	0	0	49000	P1-1-405	0	-
389	67.8249	68.0225	A4	70	52	0	0	49334	P1-1-410	0	-
390	67.827	68.265	F3	67	63	0	0	49334	P1-1-407	0	-
391	67.843	68.4189	C#4	48	41	0	0	49334	P1-1-409	0	-
392	67.8451	68.0588	A3	56	59	0	0	49334	P1-1-408	0	-
393	68.2939	68.6272	G#4	69	49	0	0	49665	P1-1-412	0	-
394	68.3024	68.4221	G#3	57	50	0	0	49665	P1-1-411	0	-
395	68.3932	68.4541	G#2	52	63	0	0	49777	P1-1-413	0	-
396	68.5684	69.0428	C#4	62	32	0	0	50000	P1-1-415	0	-
397	68.5984	68.6635	G#3	55	51	0	0	50000	P1-1-414	0	-
398	68.7437	68.8206	G#1	66	60	0	0	50222	P1-1-416	0	-
399	68.8302	69.0396	G#4	71	55	0	0	50334	P1-1-418	0	-
400	68.8409	69.0919	G#3	59	34	0	0	50334	P1-1-417	0	-
401	69.1731	69.5791	E3	74	46	0	0	50665	P1-1-419	0	-
402	69.1881	69.4595	G#4	79	61	0	0	50665	P1-1-422	0	-
403	69.2084	69.7543	C#4	55	36	0	0	50665	P1-1-421	0	-
404	69.2095	69.4712	G#3	48	55	0	0	50665	P1-1-420	0	-
405	69.5919	69.9723	G4	73	52	0	0	51000	P1-1-424	0	-
406	69.6101	69.7928	G3	62	35	0	0	51000	P1-1-423	0	-
407	69.7469	69.7981	G#2	54	63	0	0	51111	P1-1-425	0	-
408	69.9082	70.3633	C#4	68	29	0	0	51334	P1-1-427	0	-
409	69.9135	69.9979	G3	47	48	0	0	51334	P1-1-426	0	-
410	70.0781	70.1828	G#1	70	60	0	0	51554	P1-1-428	0	-
411	70.2041	70.4434	G4	71	57	0	0	51665	P1-1-430	0	-
412	70.2169	70.4755	G3	60	38	0	0	51665	P1-1-429	0	-
413	70.5834	71.061	Eb3	73	59	0	0	52000	P1-1-431	0	-
414	70.6016	70.8526	G4	73	60	0	0	52000	P1-1-434	0	-
415	70.6133	71.2992	C#4	52	40	0	0	52000	P1-1-433	0	-
416	70.6197	70.8825	G3	57	57	0	0	52000	P1-1-432	0	-
417	71.1518	71.5161	F#4	72	57	0	0	52334	P1-1-436	0	-
418	71.1635	71.3302	F#3	58	38	0	0	52334	P1-1-435	0	-
419	71.2992	71.3655	G#2	51	62	0	0	52445	P1-1-437	0	-
420	71.4669	71.8729	C#4	58	58	0	0	52665	P1-1-439	0	-
421	71.483	71.5471	F#3	57	52	0	0	52665	P1-1-438	0	-
422	71.6272	71.7308	G#1	67	57	0	0	52888	P1-1-440	0	-
423	71.8014	72.1144	F#4	77	55	0	0	53000	P1-1-442	0	-
424	71.811	72.1411	F#3	64	36	0	0	53000	P1-1-441	0	-
425	72.3227	72.8313	F#4	74	58	0	0	53334	P1-1-446	0	-
426	72.3238	75.1742	G#3	77	32	0	0	53334	P1-1-444	0	-
427	72.3345	73.2105	C4	59	38	0	0	53334	P1-1-445	0	-
428	72.3398	72.7084	F#3	56	51	0	0	53334	P1-1-443	0	-
429	73.0075	73.515	F4	68	35	0	0	53665	P1-1-448	0	-
430	73.0375	73.2031	F3	51	56	0	0	53665	P1-1-447	0	-
431	73.3975	74.0011	C4	53	36	0	0	54000	P1-1-451	0	-
432	73.4071	73.7266	G#2	56	56	0	0	54000	P1-1-449	0	-
433	73.4242	73.484	F3	37	46	0	0	54000	P1-1-450	0	-
434	73.7052	73.9509	F4	78	58	0	0	54334	P1-1-453	0	-
435	73.7276	73.9937	F3	60	34	0	0	54334	P1-1-452	0	-
436	74.0257	74.4424	G#2	51	51	0	0	54665	P1-1-454	0	-
437	74.1219	74.4616	F4	77	54	0	0	54665	P1-1-457	0	-
438	74.1293	74.6368	C4	53	37	0	0	54665	P1-1-456	0	-
439	74.1486	74.5311	F3	61	35	0	0	54665	P1-1-455	0	-
440	74.7746	75.6518	E4	70	48	0	0	55000	P1-1-459	0	-
441	74.7875	75.5567	E3	62	36	0	0	55000	P1-1-458	0	-
442	75.1443	75.4595	G#2	45	35	0	0	55334	P1-1-460	0	-
443	75.2511	76.9691	C4	55	42	0	0	55334	P1-1-461	0	-
444	75.7907	76.6614	G#3	74	49	0	0	55665	P1-1-462	0	-
445	76.515	76.7736	C#2	43	41	0	0	56000	P1-1-463	0	-
446	76.5182	76.9221	G#2	45	35	0	0	56000	P1-1-464	0	-
447	76.561	79.4167	F4	69	42	0	0	56000	P1-1-467	0	-
448	76.5663	76.9563	F#3	58	34	0	0	56000	P1-1-465	0	-
449	77.2373	79.3644	G#3	72	36	0	0	56334	P1-1-468	0	-
450	77.5898	78.8046	C3	62	41	0	0	56665	P1-1-469	0	-
451	77.6657	78.0781	C4	60	37	0	0	56665	P1-1-471	0	-
452	77.6817	77.9125	F#3	53	34	0	0	56665	P1-1-470	0	-
453	77.9221	78.593	Bb2	77	51	0	0	56888	P1-1-472	0	-
454	78.452	78.5727	G#2	65	58	0	0	57222	P1-1-473	0	-
455	78.7298	79.718	C4	61	80	0	0	57334	P1-1-476	0	-
456	78.734	80.6582	G#2	63	37	0	0	57334	P1-1-474	0	-
457	78.7437	79.4488	F#3	46	39	0	0	57334	P1-1-475	0	-
458	79.3366	79.7105	F#4	69	56	0	0	57665	P1-1-477	0	-
459	79.7095	80.4424	E4	66	44	0	0	58000	P1-1-480	0	-
460	79.718	80.1133	C4	3	43	0	0	58000	P1-1-479	0	-
461	79.7469	80.1048	F#3	42	21	0	0	58000	P1-1-478	0	-
462	80.0172	80.437	F4	74	55	0	0	58334	P1-1-481	0	-
463	80.3633	80.5396	G#4	79	56	0	0	58665	P1-1-484	0	-
464	80.3804	80.9402	F#3	52	38	0	0	58665	P1-1-482	0	-
465	80.389	80.6229	C4	53	55	0	0	58665	P1-1-483	0	-
466	81.0631	83.5054	G#3	76	28	0	0	59334	P1-1-487	0	-
467	81.1005	81.155	F#3	50	46	0	0	59334	P1-1-486	0	-
468	81.1037	81.2821	G#2	48	34	0	0	59334	P1-1-485	0	-
469	81.811	82.7009	G#2	38	37	0	0	60000	P1-1-489	0	-
470	81.8174	82.6229	C#2	41	32	0	0	60000	P1-1-488	0	-
471	81.8922	82.4402	C#4	64	51	0	0	60000	P1-1-492	0	-
472	81.9114	82.5941	F3	41	29	0	0	60000	P1-1-490	0	-
473	82.3601	82.7127	Eb4	61	53	0	0	60222	P1-1-493	0	-
474	82.6582	82.8911	C#4	63	54	0	0	60445	P1-1-494	0	-
475	82.8932	83.311	C4	57	33	0	0	60665	P1-1-497	0	-
476	82.9328	83.3548	F3	35	10	0	0	60665	P1-1-495	0	-
477	83.1988	83.7597	C#4	61	32	0	0	60888	P1-1-498	0	-
478	83.6144	83.8783	Eb4	57	28	0	0	61111	P1-1-499	0	-
479	84.2501	84.5439	E4	47	37	0	0	61334	P1-1-504	0	-
480	84.28	84.4509	A1	31	36	0	0	61334	P1-1-500	0	-
481	84.28	84.5631	A2	25	44	0	0	61334	P1-1-501	0	-
482	84.2843	84.4488	G3	39	37	0	0	61334	P1-1-502	0	-
483	84.2939	84.499	C#4	26	23	0	0	61334	P1-1-503	0	-
484	85.1486	85.3356	A5	53	57	0	0	61665	P1-1-507	0	-
485	85.1646	85.3794	A2	39	40	0	0	61665	P1-1-505	0	-
486	85.1806	85.4595	C#5	29	42	0	0	61665	P1-1-506	0	-
487	85.7693	85.9007	G3	38	44	0	0	62000	P1-1-508	1	-
488	85.7704	85.89	G5	58	57	0	0	62000	P1-1-510	0	-
489	85.7917	85.8612	B4	37	43	0	0	62000	P1-1-509	0	-
490	86.2479	86.4189	F#5	58	37	0	0	62334	P1-1-513	0	-
491	86.2533	86.3046	C#4	39	54	0	0	62334	P1-1-511	0	-
492	86.2661	86.3783	G4	40	37	0	0	62334	P1-1-512	0	-
493	86.7084	86.9477	F#5	57	31	0	0	62665	P1-1-516	0	-
494	86.7287	86.9103	G4	40	43	0	0	62665	P1-1-514	0	-
495	86.7298	87.2063	A4	33	80	0	0	62665	P1-1-515	0	-
496	87.5086	87.6689	E5	47	33	0	0	63000	P1-1-517	0	-
497	88.6229	89.4135	Eb4	54	25	0	0	63334	P1-1-521	0	-
498	88.6251	89.1945	A2	40	41	0	0	63334	P1-1-518	0	-
499	88.6283	89.5503	C#4	47	40	0	0	63334	P1-1-520	0	-
500	88.6475	89.0289	G3	19	35	0	0	63334	P1-1-519	0	-
501	89.389	90.0695	E4	61	57	0	0	63665	P1-1-522	0	-
502	90.0012	93.3494	F4	69	43	0	0	64000	P1-1-527	0	-
503	90.0054	90.4274	G#2	52	35	0	0	64000	P1-1-524	0	-
504	90.014	90.2565	G#1	49	59	0	0	64000	P1-1-523	0	-
505	90.014	90.4392	G#3	51	35	0	0	64000	P1-1-525	0	-
506	90.0161	90.6571	C4	47	32	0	0	64000	P1-1-526	0	-
507	90.8185	93.1668	G#3	64	36	0	0	64334	P1-1-528	0	-
508	91.3612	91.9242	C3	69	34	0	0	64665	P1-1-529	0	-
509	91.3826	92.3067	C4	57	39	0	0	64665	P1-1-531	0	-
510	91.4114	91.8356	F#3	38	20	0	0	64665	P1-1-530	0	-
511	91.8014	92.5418	Bb2	75	36	0	0	64888	P1-1-532	0	-
512	92.3975	92.5215	G#2	67	60	0	0	65222	P1-1-533	0	-
513	92.6956	94.5471	G#2	60	31	0	0	65334	P1-1-534	0	-
514	92.7095	92.8142	F#3	48	80	0	0	65334	P1-1-535	0	-
515	92.7095	93.6358	C4	55	80	0	0	65334	P1-1-536	0	-
516	92.8142	93.4136	F#3	3	37	0	0	65334	*	3	-
517	93.296	93.7715	F#4	60	29	0	0	65665	P1-1-537	0	-
518	93.6785	94.1091	C4	10	41	0	0	66000	P1-1-539	0	-
519	93.6967	94.4018	E4	59	45	0	0	66000	P1-1-540	0	-
520	93.7234	94.1133	F#3	44	40	0	0	66000	P1-1-538	0	-
521	94.0044	94.4403	F4	74	57	0	0	66334	P1-1-541	0	-
522	94.358	94.5033	G#4	79	55	0	0	66665	P1-1-544	0	-
523	94.3762	94.6518	C4	59	36	0	0	66665	P1-1-543	0	-
524	94.3858	94.9456	F#3	56	34	0	0	66665	P1-1-542	0	-
525	95.0332	96.5738	G#3	80	80	0	0	67334	P1-1-547	0	-
526	95.046	95.2768	G#2	53	36	0	0	67334	P1-1-545	0	-
527	95.0759	95.1497	F#3	33	44	0	0	67334	P1-1-546	0	-
528	95.6636	96.2982	G#2	48	32	0	0	68000	P1-1-549	0	-
529	95.6689	96.1999	C#2	44	39	0	0	68000	P1-1-548	0	-
530	95.7544	96.2212	C#4	70	55	0	0	68000	P1-1-552	0	-
531	95.7725	96.4531	F3	48	40	0	0	68000	P1-1-550	0	-
532	96.1529	96.4563	Eb4	67	55	0	0	68222	P1-1-553	0	-
533	96.3986	96.6144	C#4	69	58	0	0	68445	P1-1-554	0	-
534	96.6176	96.9915	C4	63	38	0	0	68665	P1-1-557	0	-
535	96.6411	97.0118	F3	39	34	0	0	68665	P1-1-555	0	-
536	96.889	97.405	C#4	68	21	0	0	68888	P1-1-558	0	-
537	97.1839	97.4242	Eb4	61	28	0	0	69111	P1-1-559	0	-
538	97.6603	97.8398	A1	36	36	0	0	69334	P1-1-560	0	-
539	97.6646	97.8559	E4	54	59	0	0	69334	P1-1-564	0	-
540	97.6806	97.9467	A2	36	42	0	0	69334	P1-1-561	0	-
541	97.6924	97.7608	G3	31	41	0	0	69334	P1-1-562	0	-
542	97.7031	97.8794	C#4	3	25	0	0	69334	P1-1-563	0	-
543	98.5204	98.7586	B5	56	50	0	0	69665	P1-1-567	0	-
544	98.5236	98.7298	A2	35	41	0	0	69665	P1-1-565	0	-
545	98.5407	98.9969	C#5	40	42	0	0	69665	P1-1-566	0	-
546	99.3633	99.6091	G3	37	35	0	0	70000	P1-1-568	1	-
547	99.3708	99.5151	G5	48	53	0	0	70000	P1-1-570	0	-
548	99.3858	99.5567	B4	36	33	0	0	70000	P1-1-569	0	-
549	99.921	100.203	F#5	55	31	0	0	70334	P1-1-573	0	-
550	99.9339	100.033	C#4	37	48	0	0	70334	P1-1-571	0	-
551	99.9392	100.078	G4	34	29	0	0	70334	P1-1-572	0	-
552	100.455	100.746	F#5	53	29	0	0	70665	P1-1-576	0	-
553	100.459	100.714	G4	34	38	0	0	70665	P1-1-574	0	-
554	100.469	101.098	B4	39	80	0	0	70665	P1-1-575	1	-
555	101.344	101.495	E5	37	35	0	0	71000	P1-1-577	0	-
556	102.661	103.557	E4	44	38	0	0	71334	P1-1-581	0	-
557	102.683	103.679	C#4	37	35	0	0	71334	P1-1-580	0	-
558	102.691	103.599	A3	30	11	0	0	71334	P1-1-579	0	-
559	102.696	104.321	A2	39	39	0	0	71334	P1-1-578	0	-
560	103.452	104.279	F4	49	38	0	0	71665	P1-1-582	0	-
561	104.175	106.539	F#4	47	42	0	0	72000	P1-1-586	0	-
562	104.181	105.204	D3	37	28	0	0	72000	P1-1-583	0	-
563	104.182	104.627	D4	34	31	0	0	72000	P1-1-585	0	-
564	104.207	104.593	A3	26	33	0	0	72000	P1-1-584	0	-
565	105.404	105.717	D4	33	40	0	0	72665	P1-1-588	0	-
566	105.423	105.791	A3	22	34	0	0	72665	P1-1-587	0	-
567	105.757	106.326	D3	42	42	0	0	73000	P1-1-589	0	-
568	106.121	106.497	E4	33	36	0	0	73334	P1-1-592	0	-
569	106.125	107.562	C3	41	42	0	0	73334	P1-1-590	0	-
570	106.141	106.446	A3	35	31	0	0	73334	P1-1-591	0	-
571	106.441	106.805	G4	51	43	0	0	73665	P1-1-593	0	-
572	106.766	107.263	F4	58	25	0	0	74000	P1-1-596	0	-
573	106.782	107.121	E4	37	43	0	0	74000	P1-1-595	0	-
574	106.804	107.158	A3	35	12	0	0	74000	P1-1-594	0	-
575	107.068	107.578	F#4	63	42	0	0	74334	P1-1-597	0	-
576	107.487	107.797	B4	63	37	0	0	74665	P1-1-601	0	-
577	107.498	109.166	B2	42	34	0	0	74665	P1-1-598	0	-
578	107.501	107.814	Eb4	43	38	0	0	74665	P1-1-600	0	-
579	107.514	107.838	A3	36	80	0	0	74665	P1-1-599	0	-
580	108.327	109.549	B3	55	27	0	0	75334	P1-1-603	0	-
581	108.345	108.532	A3	37	40	0	0	75334	P1-1-602	0	-
582	109.125	109.711	E4	52	35	0	0	76000	P1-1-607	0	-
583	109.136	111.064	E3	40	43	0	0	76000	P1-1-604	0	-
584	109.172	109.405	G#3	27	19	0	0	76000	P1-1-605	0	-
585	109.611	110.014	F#4	59	33	0	0	76222	P1-1-608	0	-
586	109.899	110.137	E4	56	57	0	0	76445	P1-1-609	0	-
587	110.137	110.498	Eb4	61	32	0	0	76665	P1-1-612	0	-
588	110.172	110.537	B3	39	32	0	0	76665	P1-1-611	0	-
589	110.176	110.485	G#3	37	38	0	0	76665	P1-1-610	0	-
590	110.368	110.599	E4	61	54	0	0	76888	P1-1-613	0	-
591	110.597	110.735	F#4	68	59	0	0	77111	P1-1-614	0	-
592	110.911	111.737	D3	44	43	0	0	77334	P1-1-615	0	-
593	110.957	113.228	G#4	63	34	0	0	77334	P1-1-618	0	-
594	110.997	111.302	B3	26	38	0	0	77334	P1-1-616	0	-
595	111.009	111.312	F#4	35	31	0	0	77334	P1-1-617	0	-
596	111.601	112.558	G#3	61	29	0	0	78000	P1-1-619	0	-
597	111.601	111.964	F#4	55	36	0	0	78000	P1-1-621	0	-
598	111.612	111.89	B3	35	37	0	0	78000	P1-1-620	0	-
599	112.223	113.087	D3	57	57	0	0	78665	P1-1-622	0	-
600	112.231	112.59	F4	49	36	0	0	78665	P1-1-624	0	-
601	112.247	112.667	B3	36	31	0	0	78665	P1-1-623	0	-
602	112.952	113.331	F4	49	55	0	0	79334	P1-1-627	0	-
603	112.955	113.992	C#3	52	35	0	0	79334	P1-1-625	0	-
604	112.963	113.291	B3	38	35	0	0	79334	P1-1-626	0	-
605	113.815	115.922	Bb4	72	18	0	0	80000	P1-1-631	0	-
606	113.82	114.851	F#3	50	38	0	0	80000	P1-1-628	0	-
607	113.84	114.3	F#4	48	33	0	0	80000	P1-1-630	0	-
608	113.852	114.291	C#4	46	35	0	0	80000	P1-1-629	0	-
609	114.731	115.017	F#4	48	50	0	0	80665	P1-1-633	0	-
610	114.747	115.042	C#4	42	36	0	0	80665	P1-1-632	0	-
611	115.055	115.458	F#3	63	56	0	0	81000	P1-1-634	0	-
612	115.353	116.705	E3	61	40	0	0	81334	P1-1-635	0	-
613	115.363	115.943	G#4	62	80	0	0	81334	P1-1-637	0	-
614	115.377	115.746	C#4	47	23	0	0	81334	P1-1-636	0	-
615	115.667	115.936	B4	73	55	0	0	81665	P1-1-638	0	-
616	115.941	116.66	A4	73	9	0	0	82000	P1-1-641	0	-
617	115.966	116.313	C#4	54	43	0	0	82000	P1-1-639	0	-
618	116.223	116.739	Bb4	74	50	0	0	82334	P1-1-642	0	-
619	116.618	116.889	Eb5	74	57	0	0	82665	P1-1-646	0	-
620	116.62	118.254	Eb3	52	26	0	0	82665	P1-1-643	0	-
621	116.645	117.004	G4	53	41	0	0	82665	P1-1-645	0	-
622	116.649	116.71	C#4	50	80	0	0	82665	P1-1-644	0	-
623	116.71	117.252	C#4	20	32	0	0	82665	*	3	-
624	117.405	119.027	Eb4	77	80	0	0	83334	P1-1-648	0	-
625	117.435	117.498	C#4	58	50	0	0	83334	P1-1-647	0	-
626	118.214	120.255	G#3	54	38	0	0	84000	P1-1-649	0	-
627	118.265	118.769	G#4	78	59	0	0	84000	P1-1-652	0	-
628	118.286	119.15	C4	54	40	0	0	84000	P1-1-650	0	-
629	118.714	119.098	Bb4	77	55	0	0	84222	P1-1-653	0	-
630	119.032	119.278	G#4	79	58	0	0	84445	P1-1-654	0	-
631	119.275	119.604	G4	77	54	0	0	84665	P1-1-657	0	-
632	119.282	120.016	C4	67	39	0	0	84665	P1-1-655	0	-
633	119.283	119.839	Eb4	10	40	0	0	84665	P1-1-656	0	-
634	119.499	119.785	G#4	85	61	0	0	84888	P1-1-658	0	-
635	119.738	119.94	Bb4	88	61	0	0	85111	P1-1-659	0	-
636	120.049	121.822	G3	62	47	0	0	85334	P1-1-660	0	-
637	120.113	122.276	C5	84	26	0	0	85334	P1-1-664	0	-
638	120.119	120.588	E4	59	59	0	0	85334	P1-1-662	0	-
639	120.121	120.591	Bb4	67	57	0	0	85334	P1-1-663	0	-
640	120.123	120.565	C4	71	52	0	0	85334	P1-1-661	0	-
641	121.126	121.385	E4	44	59	0	0	86000	P1-1-666	0	-
642	121.128	121.372	C4	39	51	0	0	86000	P1-1-665	0	-
643	121.13	121.399	Bb4	60	56	0	0	86000	P1-1-667	0	-
644	121.758	121.991	Bb4	55	37	0	0	86665	P1-1-671	0	-
645	121.766	122.59	F#3	46	32	0	0	86665	P1-1-668	0	-
646	121.778	121.94	C4	44	60	0	0	86665	P1-1-669	0	-
647	121.78	122.015	E4	40	38	0	0	86665	P1-1-670	0	-
648	122.623	123.055	F#2	31	40	0	0	87334	P1-1-672	0	-
649	122.639	122.96	C3	28	38	0	0	87334	P1-1-673	0	-
650	122.672	123.221	E4	43	30	0	0	87334	P1-1-675	0	-
651	122.703	123.018	Bb3	36	30	0	0	87334	P1-1-674	0	-
652	123.887	124.285	F2	31	38	0	0	88000	P1-1-676	0	-
653	123.893	124.312	C3	31	39	0	0	88000	P1-1-677	0	-
654	124.066	124.311	A3	38	39	0	0	88000	P1-1-678	0	-
655	124.36	124.971	F4	44	34	0	0	88000	P1-1-679	0	-
656	124.717	127.836	C5	47	35	0	0	88000	P1-1-680	0	-
657	125.107	128.179	C4	43	41	0	0	-1	*	3	-
658	125.704	126.19	F3	42	80	0	0	88665	P1-1-682	0	-
659	125.72	126.317	A3	34	36	0	0	88665	P1-1-683	0	-
660	125.794	126.041	F4	29	20	0	0	-1	*	3	-
661	126.13	127.104	D3	49	31	0	0	88888	P1-1-685	0	-
662	126.816	126.974	C3	46	35	0	0	89222	P1-1-686	0	-
663	127.17	128.103	C3	36	35	0	0	89334	P1-1-687	0	-
664	127.184	127.618	A3	47	37	0	0	89334	P1-1-688	0	-
665	127.234	127.713	F4	37	21	0	0	89334	P1-1-689	0	-
666	127.706	128.163	D5	50	49	0	0	89665	P1-1-690	0	-
667	128.024	128.316	A3	42	40	0	0	90000	P1-1-691	0	-
668	128.13	128.588	B4	61	36	0	0	90000	P1-1-693	0	-
669	128.156	128.55	F4	33	23	0	0	90000	P1-1-692	0	-
670	128.466	129.063	C5	69	25	0	0	90334	P1-1-694	0	-
671	128.857	129.337	A4	37	40	0	0	90665	P1-1-698	0	-
672	128.86	129.481	C4	32	39	0	0	90665	P1-1-696	0	-
673	128.863	129.322	A3	35	41	0	0	90665	P1-1-695	0	-
674	128.979	129.697	F5	57	26	0	0	90665	P1-1-699	0	-
675	129.007	129.754	F4	28	36	0	0	90665	P1-1-697	0	-
676	129.592	129.952	D5	51	29	0	0	91000	P1-1-700	0	-
677	129.902	130.106	C5	48	57	0	0	91334	P1-1-701	0	-
678	130.153	130.201	F4	54	54	0	0	91554	P1-1-702	0	-
679	130.41	130.455	A3	61	63	0	0	91777	P1-1-703	0	-
680	130.598	131.291	F2	42	40	0	0	92000	P1-1-704	0	-
681	130.762	131.009	Bb3	53	55	0	0	92000	P1-1-705	0	-
682	130.977	131.625	E4	57	38	0	0	92000	P1-1-706	0	-
683	131.2	131.387	C5	63	46	0	0	92000	P1-1-707	0	-
684	131.376	131.884	C3	43	25	0	0	92334	P1-1-708	0	-
685	131.848	131.949	F#3	50	61	0	0	92665	P1-1-709	0	-
686	131.937	132.09	E4	45	57	0	0	92665	P1-1-711	0	-
687	131.949	132.015	Bb3	48	46	0	0	92665	P1-1-710	0	-
688	132.335	132.985	E4	47	30	0	0	92888	P1-1-712	0	-
689	132.61	132.676	Bb4	51	53	0	0	93111	P1-1-713	0	-
690	132.889	133	Bb4	52	59	0	0	93334	P1-1-714	0	-
691	133.541	133.92	C5	62	37	0	0	94000	P1-1-717	0	-
692	133.558	133.696	Bb4	48	80	0	0	94000	P1-1-716	0	-
693	133.574	133.689	E4	30	36	0	0	94000	P1-1-715	0	-
694	134.223	134.604	C#5	58	35	0	0	94665	P1-1-721	0	-
695	134.242	134.592	Bb4	39	37	0	0	94665	P1-1-720	0	-
696	134.245	134.513	E4	37	40	0	0	94665	P1-1-719	0	-
697	134.247	134.611	F#3	35	38	0	0	94665	P1-1-718	0	-
698	135.014	135.268	C5	50	33	0	0	95334	P1-1-724	0	-
699	135.026	135.282	E4	30	39	0	0	95334	P1-1-722	0	-
700	135.062	135.177	Bb4	23	35	0	0	95334	P1-1-723	0	-
701	135.703	136.064	F2	32	37	0	0	96000	P1-1-725	0	-
702	135.715	136.096	C3	34	37	0	0	96000	P1-1-726	0	-
703	135.856	136.085	A3	40	41	0	0	-1	*	3	-
704	136.142	136.702	F4	48	36	0	0	96000	P1-1-728	0	-
705	136.527	139.829	C5	51	40	0	0	96334	P1-1-730	1	-
706	136.882	140.261	C4	52	42	0	0	96665	P1-1-732	1	-
707	137.548	138.408	F3	52	30	0	0	96665	*	3	-
708	137.601	138.748	A3	37	80	0	0	96665	*	3	-
709	137.601	138.002	F4	20	38	0	0	96665	*	3	-
710	138.029	138.903	D3	61	39	0	0	96888	P1-1-734	0	-
711	138.691	138.836	C3	56	58	0	0	97222	P1-1-735	0	-
712	139.042	139.515	A3	39	41	0	0	97334	P1-1-737	0	-
713	139.049	140.192	C3	49	41	0	0	97334	P1-1-736	0	-
714	139.052	139.754	F4	53	35	0	0	97334	P1-1-738	0	-
715	139.701	140.283	D5	64	59	0	0	97665	P1-1-739	0	-
716	140.108	140.388	A3	45	35	0	0	98000	P1-1-740	0	-
717	140.229	140.64	B4	68	59	0	0	98000	P1-1-742	0	-
718	140.265	140.48	F4	20	24	0	0	98000	P1-1-741	0	-
719	140.591	141.203	C5	69	39	0	0	98334	P1-1-743	0	-
720	141.032	141.833	A4	43	31	0	0	98665	P1-1-747	0	-
721	141.034	141.804	A3	39	25	0	0	98665	P1-1-744	0	-
722	141.035	142.152	C4	39	39	0	0	98665	P1-1-745	0	-
723	141.046	142.312	F5	68	39	0	0	98665	P1-1-748	0	-
724	141.091	141.219	F4	39	80	0	0	98665	*	3	-
725	141.219	142.297	F4	7	40	0	0	98665	P1-1-746	0	-
726	141.869	142.386	D5	54	34	0	0	99000	P1-1-749	0	-
727	142.284	142.562	C5	54	34	0	0	99334	P1-1-750	0	-
728	142.578	142.637	F4	55	53	0	0	99554	P1-1-751	0	-
729	142.83	142.873	A3	53	54	0	0	99777	P1-1-752	0	-
730	143.017	143.642	F2	42	37	0	0	100000	P1-1-753	0	-
731	143.158	143.388	Bb3	52	51	0	0	100000	P1-1-754	0	-
732	143.377	143.985	E4	54	58	0	0	100000	P1-1-755	0	-
733	143.602	143.821	C5	58	37	0	0	100000	P1-1-756	0	-
734	143.799	144.152	C3	49	23	0	0	100334	P1-1-757	0	-
735	144.236	144.326	F#3	52	60	0	0	100666	P1-1-758	0	-
736	144.294	144.433	E4	45	57	0	0	100666	P1-1-760	0	-
737	144.321	144.373	Bb3	29	51	0	0	100666	P1-1-759	0	-
738	144.652	145.268	E4	48	31	0	0	100889	P1-1-761	0	-
739	144.936	145.025	Bb4	58	48	0	0	101111	P1-1-762	0	-
740	145.224	145.335	Bb4	51	60	0	0	101334	P1-1-763	0	-
741	145.886	146.261	C5	62	36	0	0	102000	P1-1-766	0	-
742	145.906	146.133	Bb4	43	20	0	0	102000	P1-1-765	0	-
743	145.918	145.979	E4	31	44	0	0	102000	P1-1-764	0	-
744	146.531	146.939	C#5	61	36	0	0	102666	P1-1-770	0	-
745	146.547	146.886	F#3	41	39	0	0	102666	P1-1-767	0	-
746	146.547	146.89	Bb4	44	34	0	0	102666	P1-1-769	0	-
747	146.549	146.832	E4	41	35	0	0	102666	P1-1-768	0	-
748	147.339	147.58	C5	55	35	0	0	103334	P1-1-773	0	-
749	147.351	147.564	E4	32	42	0	0	103334	P1-1-771	0	-
750	147.364	147.442	Bb4	28	40	0	0	103334	P1-1-772	0	-
751	148.103	149.368	F2	34	34	0	0	104000	P1-1-774	0	-
752	148.284	148.648	Bb3	38	41	0	0	-1	*	3	-
753	148.559	149.504	Eb4	39	32	0	0	104000	P1-1-776	0	-
754	149.015	149.31	C5	47	27	0	0	104334	P1-1-778	1	-
755	149.391	150.197	C3	40	33	0	0	104666	P1-1-779	1	-
756	150.108	150.278	F#3	41	56	0	0	104666	*	3	-
757	150.126	150.395	Eb4	35	35	0	0	104666	*	3	-
758	150.164	150.297	Bb3	13	31	0	0	104666	*	3	-
759	150.725	150.817	Eb4	43	80	0	0	104889	P1-1-782	0	-
760	151.085	151.159	Bb4	47	44	0	0	105111	P1-1-783	0	-
761	151.408	151.54	Bb4	42	37	0	0	105334	P1-1-784	0	-
762	152.104	152.509	C5	46	27	0	0	106000	P1-1-787	0	-
763	152.126	152.463	Bb4	39	37	0	0	106000	P1-1-786	0	-
764	152.133	152.403	Eb4	30	32	0	0	106000	P1-1-785	0	-
765	152.755	153.107	C#5	51	36	0	0	106666	P1-1-791	0	-
766	152.773	153.439	Bb4	34	80	0	0	106666	P1-1-790	0	-
767	152.788	154.556	F#3	30	37	0	0	106666	P1-1-788	0	-
768	152.795	153.089	Eb4	22	36	0	0	106666	P1-1-789	0	-
769	153.478	153.799	Bb4	8	40	0	0	107334	P1-1-793	0	-
770	153.494	153.831	C5	47	40	0	0	107334	P1-1-794	0	-
771	153.531	153.659	Eb4	22	29	0	0	107334	P1-1-792	0	-
772	154.423	154.909	F#5	57	19	0	0	108000	P1-1-798	0	-
773	154.43	154.921	Eb4	35	34	0	0	108000	P1-1-796	0	-
774	154.438	156.55	F3	39	39	0	0	108000	P1-1-795	0	-
775	154.453	154.856	A4	37	28	0	0	108000	P1-1-797	0	-
776	155.505	156.296	F5	56	38	0	0	108666	P1-1-801	1	-
777	155.524	155.688	A4	37	33	0	0	108666	P1-1-800	0	-
778	155.53	155.764	F4	35	42	0	0	108666	P1-1-799	0	-
779	156.187	156.812	E5	64	54	0	0	109334	P1-1-805	0	-
780	156.2	156.534	F#4	45	34	0	0	109334	P1-1-803	0	-
781	156.202	157.765	C4	45	38	0	0	109334	P1-1-802	0	-
782	156.208	156.603	Bb4	43	38	0	0	109334	P1-1-804	0	-
783	156.821	157.567	Eb5	67	48	0	0	110000	P1-1-808	0	-
784	156.838	157.114	F#4	51	34	0	0	110000	P1-1-806	0	-
785	156.86	156.975	Bb4	37	80	0	0	110000	P1-1-807	0	-
786	157.473	158.338	C#4	51	28	0	0	110666	P1-1-809	0	-
787	157.473	158.358	C#5	68	57	0	0	110666	P1-1-812	0	-
788	157.494	157.607	F#4	48	80	0	0	110666	*	3	-
789	157.498	157.578	Bb4	46	80	0	0	110666	*	3	-
790	157.607	158.003	F#4	11	33	0	0	110666	P1-1-810	0	-
791	157.637	158.797	Bb4	8	42	0	0	110666	P1-1-811	0	-
792	158.14	158.723	Eb4	61	35	0	0	111111	P1-1-813	0	-
793	158.308	159.485	C5	75	55	0	0	111334	P1-1-816	0	-
794	158.322	158.753	F#4	56	41	0	0	111334	P1-1-814	0	-
795	158.653	159.536	E4	67	59	0	0	111555	P1-1-817	0	-
796	159.424	160.967	C#5	71	58	0	0	112000	P1-1-821	0	-
797	159.438	160.402	F4	77	58	0	0	112000	P1-1-819	0	-
798	159.445	160.059	C#4	52	34	0	0	112000	P1-1-818	0	-
799	159.453	160.096	Bb4	59	31	0	0	112000	P1-1-820	0	-
800	160.332	160.452	Bb3	49	56	0	0	112334	P1-1-822	0	-
801	160.875	161.523	Bb4	57	27	0	0	112666	P1-1-825	0	-
802	160.879	161.276	F3	46	54	0	0	112666	P1-1-823	0	-
803	160.893	161.588	C#4	42	35	0	0	112666	P1-1-824	0	-
804	161.249	161.292	Bb2	51	64	0	0	113000	P1-1-826	0	-
805	161.249	161.511	C#5	76	55	0	0	113000	P1-1-827	0	-
806	161.713	163.342	C#5	69	54	0	0	113334	P1-1-831	0	-
807	161.73	162.039	G#4	68	36	0	0	113334	P1-1-829	0	-
808	161.734	162.088	C#4	64	34	0	0	113334	P1-1-828	0	-
809	161.751	161.971	Bb4	51	23	0	0	113334	P1-1-830	0	-
810	162.197	162.244	Bb3	50	63	0	0	113666	P1-1-832	0	-
811	162.5	162.692	Bb4	56	35	0	0	114000	P1-1-835	0	-
812	162.519	162.581	C#4	37	49	0	0	114000	P1-1-834	0	-
813	162.525	162.822	F3	49	34	0	0	114000	P1-1-833	0	-
814	162.773	162.811	Bb2	60	64	0	0	114334	P1-1-836	0	-
815	163.126	163.508	F#4	61	61	0	0	114666	P1-1-838	0	-
816	163.134	163.717	C#4	58	50	0	0	114666	P1-1-837	0	-
817	163.219	163.824	F5	79	58	0	0	114666	P1-1-840	0	-
818	163.273	163.487	Bb4	36	80	0	0	114666	P1-1-839	0	-
819	163.628	163.748	Bb3	51	60	0	0	115000	P1-1-841	0	-
820	163.772	164.604	C#5	78	31	0	0	115000	P1-1-842	0	-
821	164.059	164.2	C#4	50	54	0	0	115334	P1-1-844	0	-
822	164.07	164.603	Eb3	50	80	0	0	115334	P1-1-843	0	-
823	164.241	164.664	F5	76	60	0	0	115334	P1-1-846	0	-
824	164.264	164.454	Bb4	53	80	0	0	115334	P1-1-845	0	-
825	164.6	164.963	Eb5	71	63	0	0	115555	P1-1-847	0	-
826	164.614	164.688	Bb2	49	56	0	0	115666	P1-1-848	0	-
827	164.924	165.161	Bb4	78	61	0	0	115777	P1-1-849	0	-
828	165.257	165.583	F4	60	36	0	0	116000	P1-1-851	0	-
829	165.346	166.645	Bb4	70	80	0	0	116000	P1-1-852	0	-
830	165.361	165.655	C#4	57	35	0	0	116000	P1-1-850	0	-
831	165.688	165.731	Bb3	51	64	0	0	116334	P1-1-853	0	-
832	165.989	166.44	F3	53	36	0	0	116666	P1-1-854	0	-
833	165.995	166.572	C#4	58	33	0	0	116666	P1-1-855	0	-
834	166.277	166.619	B4	71	80	0	0	116889	P1-1-857	0	-
835	166.409	166.52	Bb2	62	58	0	0	117000	P1-1-858	0	-
836	166.629	167.298	C5	78	38	0	0	117111	P1-1-859	0	-
837	166.66	166.86	B4	21	80	0	0	117111	*	3	-
838	167.03	167.869	F2	46	37	0	0	117334	P1-1-860	0	-
839	167.088	167.777	Eb5	71	54	0	0	117334	P1-1-863	0	-
840	167.095	167.904	Bb4	55	51	0	0	117334	P1-1-862	0	-
841	167.104	167.907	C#4	55	40	0	0	117334	P1-1-861	0	-
842	167.76	169.924	C#5	65	33	0	0	117666	P1-1-866	0	-
843	167.781	168.263	Bb2	51	37	0	0	117666	P1-1-865	0	-
844	167.786	168.439	Bb1	44	37	0	0	117666	P1-1-864	0	-
845	168.306	168.66	F2	42	40	0	0	118000	P1-1-867	0	-
846	168.345	168.706	Bb4	44	45	0	0	118000	P1-1-869	0	-
847	168.363	168.637	C#4	34	34	0	0	118000	P1-1-868	0	-
848	168.644	168.692	Bb2	55	63	0	0	118334	P1-1-871	0	-
849	168.92	169.211	Bb4	44	50	0	0	118666	P1-1-874	0	-
850	168.926	169.218	F3	45	61	0	0	118666	P1-1-872	0	-
851	168.954	169.053	C#4	41	48	0	0	118666	P1-1-873	0	-
852	169.226	169.581	Bb2	51	51	0	0	119000	P1-1-876	0	-
853	169.556	169.627	F3	46	58	0	0	119334	P1-1-877	0	-
854	169.556	170.172	Bb4	52	32	0	0	119334	P1-1-879	0	-
855	169.573	169.668	C#4	47	48	0	0	119334	P1-1-878	0	-
856	169.908	169.985	F4	67	59	0	0	119666	P1-1-880	0	-
857	170.415	170.79	Eb5	76	58	0	0	120000	P1-1-884	0	-
858	170.432	170.679	Eb4	49	48	0	0	120000	P1-1-881	0	-
859	170.432	170.577	Bb4	49	80	0	0	120000	P1-1-883	0	-
860	170.447	170.965	F#4	56	42	0	0	120000	P1-1-882	0	-
861	170.577	171.238	Bb4	3	44	0	0	120000	*	3	-
862	171.059	171.165	Bb3	39	59	0	0	120334	P1-1-885	0	-
863	171.063	171.697	D5	67	40	0	0	120334	P1-1-887	0	-
864	171.096	171.201	D4	47	49	0	0	120334	P1-1-886	0	-
865	171.523	172.269	F#3	39	35	0	0	120666	P1-1-888	0	-
866	171.571	171.993	Bb4	54	33	0	0	120666	P1-1-890	0	-
867	171.595	171.827	D4	42	80	0	0	120666	P1-1-889	0	-
868	171.846	172.026	D5	73	58	0	0	121000	P1-1-893	0	-
869	171.854	172.071	D4	26	35	0	0	121000	P1-1-892	0	-
870	171.86	172.754	Bb2	54	39	0	0	121000	P1-1-891	0	-
871	172.163	172.446	D5	87	60	0	0	121334	P1-1-897	0	-
872	172.175	172.506	Bb3	52	55	0	0	121334	P1-1-894	0	-
873	172.184	172.426	D4	64	56	0	0	121334	P1-1-895	0	-
874	172.19	172.8	F#4	55	37	0	0	121334	P1-1-896	0	-
875	172.685	172.739	Eb3	46	62	0	0	121666	P1-1-898	0	-
876	172.685	173.017	C#5	68	56	0	0	121666	P1-1-900	0	-
877	172.696	172.792	C#4	51	52	0	0	121666	P1-1-899	0	-
878	172.98	173.3	F#4	58	63	0	0	122000	P1-1-903	0	-
879	172.982	173.393	Bb2	52	34	0	0	122000	P1-1-901	0	-
880	172.987	173.051	C#4	43	42	0	0	122000	P1-1-902	0	-
881	173.257	173.381	Eb2	63	59	0	0	122334	P1-1-904	0	-
882	173.263	173.473	C#5	82	51	0	0	122334	P1-1-906	0	-
883	173.275	173.502	C#4	68	53	0	0	122334	P1-1-905	0	-
884	173.559	173.858	F#3	64	53	0	0	122666	P1-1-907	0	-
885	173.621	173.983	C#5	87	58	0	0	122666	P1-1-910	0	-
886	173.639	173.951	C#4	73	58	0	0	122666	P1-1-908	0	-
887	173.643	174.311	Eb4	69	52	0	0	122666	P1-1-909	0	-
888	174.131	174.204	Bb2	53	60	0	0	123000	P1-1-911	0	-
889	174.141	174.576	C5	77	54	0	0	123000	P1-1-913	0	-
890	174.17	174.301	C4	55	54	0	0	123000	P1-1-912	0	-
891	174.461	174.888	F#2	62	52	0	0	123334	P1-1-914	1	-
892	174.472	175.999	Eb4	60	40	0	0	123334	P1-1-916	0	-
893	174.481	174.565	C4	49	56	0	0	123334	P1-1-915	0	-
894	174.743	175.014	C5	87	53	0	0	123666	P1-1-919	0	-
895	174.749	175.441	Bb1	69	41	0	0	123666	P1-1-917	0	-
896	174.759	175.111	C4	73	51	0	0	123666	P1-1-918	0	-
897	175.197	175.858	F#2	64	36	0	0	124000	P1-1-920	0	-
898	175.313	176.531	B4	82	56	0	0	124000	P1-1-923	0	-
899	175.319	175.915	B3	75	33	0	0	124000	P1-1-921	0	-
900	175.87	176.105	Eb3	54	56	0	0	124334	P1-1-924	0	-
901	176.16	176.435	F#2	62	59	0	0	124666	P1-1-925	0	-
902	176.186	176.534	Eb4	52	52	0	0	124666	P1-1-927	0	-
903	176.192	176.27	B3	42	51	0	0	124666	P1-1-926	0	-
904	176.446	176.837	Eb3	59	35	0	0	125000	P1-1-928	0	-
905	176.459	177.061	F#4	77	21	0	0	125000	P1-1-929	0	-
906	176.814	178.322	B4	85	52	0	0	125334	P1-1-932	0	-
907	176.826	177.147	B3	54	52	0	0	125334	P1-1-930	0	-
908	176.836	177.153	Eb4	60	41	0	0	125334	P1-1-931	0	-
909	177.143	177.431	Eb3	52	55	0	0	125666	P1-1-933	0	-
910	177.409	178.335	B3	52	39	0	0	126000	P1-1-934	0	-
911	177.435	177.485	Eb4	46	54	0	0	126000	P1-1-935	0	-
912	177.735	177.936	F#4	62	36	0	0	126334	P1-1-936	0	-
913	178.161	178.374	F#4	49	32	0	0	126666	P1-1-938	0	-
914	178.176	178.788	Eb4	48	80	0	0	126666	P1-1-937	0	-
915	178.836	179.33	Bb4	76	57	0	0	127334	P1-1-941	0	-
916	178.847	179.15	Bb3	65	51	0	0	127334	P1-1-939	0	-
917	179.569	180.631	A4	73	36	0	0	128000	P1-1-945	0	-
918	179.577	180.032	C#4	53	61	0	0	128000	P1-1-943	0	-
919	179.588	180.257	A3	56	36	0	0	128000	P1-1-942	0	-
920	180.111	180.159	Eb3	48	64	0	0	128334	P1-1-946	0	-
921	180.457	180.81	F#2	54	60	0	0	128666	P1-1-947	0	-
922	180.461	181.195	Eb4	56	80	0	0	128666	P1-1-949	0	-
923	180.473	181.086	A3	49	32	0	0	128666	P1-1-948	0	-
924	180.744	180.797	Bb1	54	62	0	0	129000	P1-1-950	0	-
925	180.759	181.053	A4	82	56	0	0	129000	P1-1-951	0	-
926	181.206	182.066	A4	81	57	0	0	129334	P1-1-955	0	-
927	181.207	181.531	B3	66	62	0	0	129334	P1-1-953	0	-
928	181.219	181.603	Eb4	22	40	0	0	129334	P1-1-954	0	-
929	181.232	181.555	A3	55	56	0	0	129334	P1-1-952	0	-
930	181.566	181.603	Eb3	60	66	0	0	129666	P1-1-956	0	-
931	181.864	182.184	F#2	60	61	0	0	130000	P1-1-957	0	-
932	181.875	182.355	Eb4	60	30	0	0	130000	P1-1-959	0	-
933	181.894	182.137	A3	42	36	0	0	130000	P1-1-958	0	-
934	182.147	182.184	Bb1	64	64	0	0	130334	P1-1-960	0	-
935	182.462	183.81	Bb4	80	37	0	0	130666	P1-1-963	0	-
936	182.463	182.739	Bb3	70	61	0	0	130666	P1-1-961	0	-
937	182.498	182.741	Eb4	44	40	0	0	130666	P1-1-962	0	-
938	182.781	182.815	Eb3	52	60	0	0	131000	P1-1-964	0	-
939	183.059	183.361	F#2	58	61	0	0	131334	P1-1-965	0	-
940	183.065	183.371	Eb4	59	54	0	0	131334	P1-1-967	0	-
941	183.331	183.375	Bb1	59	62	0	0	131666	P1-1-968	0	-
942	183.673	184.844	Eb4	74	52	0	0	132000	P1-1-971	0	-
943	183.682	183.991	Bb3	56	35	0	0	132000	P1-1-970	0	-
944	183.684	183.995	F#3	59	57	0	0	132000	P1-1-969	0	-
945	184.063	184.12	Bb2	55	64	0	0	132334	P1-1-972	0	-
946	184.371	184.437	Bb1	59	57	0	0	132666	P1-1-973	0	-
947	184.379	184.854	Bb3	61	43	0	0	132666	P1-1-974	0	-
948	184.728	185.321	F4	78	58	0	0	133000	P1-1-976	0	-
949	184.745	185.356	F3	73	55	0	0	133000	P1-1-975	0	-
950	185.258	187.612	F#4	74	36	0	0	133334	P1-1-980	0	-
951	185.273	185.763	Eb3	59	36	0	0	133334	P1-1-977	0	-
952	185.289	185.381	F#3	43	80	0	0	133334	P1-1-978	0	-
953	185.294	185.624	Eb4	50	34	0	0	133334	P1-1-979	0	-
954	185.412	185.719	F#3	26	39	0	0	133334	*	3	-
955	185.789	186.016	Bb2	53	35	0	0	133666	P1-1-981	0	-
956	186.181	186.52	Eb2	41	38	0	0	134000	P1-1-982	0	-
957	186.181	186.453	Eb4	44	52	0	0	134000	P1-1-984	0	-
958	186.191	186.48	F#3	37	40	0	0	134000	P1-1-983	0	-
959	186.467	186.928	Bb1	51	38	0	0	134334	P1-1-985	0	-
960	186.711	186.983	Eb2	48	59	0	0	134666	P1-1-986	0	-
961	186.723	186.969	Eb4	44	52	0	0	134666	P1-1-988	0	-
962	186.737	186.982	F#3	33	38	0	0	134666	P1-1-987	0	-
963	186.975	187.108	Bb2	66	58	0	0	135000	P1-1-989	0	-
964	187.244	188.038	Eb3	60	37	0	0	135334	P1-1-990	0	-
965	187.249	187.768	Eb4	51	36	0	0	135334	P1-1-992	0	-
966	187.268	187.525	F#3	37	37	0	0	135334	P1-1-991	0	-
967	187.554	187.655	Bb3	58	56	0	0	135666	P1-1-993	0	-
968	187.863	188.441	Bb3	51	36	0	0	136000	P1-1-995	0	-
969	187.902	188.233	F#4	71	59	0	0	136000	P1-1-997	0	-
970	187.916	188.446	C#4	55	59	0	0	136000	P1-1-996	0	-
971	187.921	188.147	F#3	44	59	0	0	136000	P1-1-994	0	-
972	188.366	188.705	F4	79	57	0	0	136334	P1-1-999	0	-
973	188.386	188.525	F3	59	51	0	0	136334	P1-1-998	0	-
974	188.478	188.527	Bb2	54	63	0	0	136445	P1-1-1000	0	-
975	188.657	188.947	C#4	68	59	0	0	136666	P1-1-1002	0	-
976	188.689	188.754	F3	41	48	0	0	136666	P1-1-1001	0	-
977	188.764	188.863	Bb1	69	59	0	0	136889	P1-1-1003	0	-
978	188.937	189.047	F4	85	60	0	0	137000	P1-1-1005	0	-
979	188.944	189.023	F3	72	61	0	0	137000	P1-1-1004	0	-
980	189.269	189.656	Bb3	56	53	0	0	137334	P1-1-1007	0	-
981	189.357	189.585	G#4	81	60	0	0	137334	P1-1-1009	0	-
982	189.369	189.587	G#3	63	58	0	0	137334	P1-1-1006	0	-
983	189.37	189.808	C#4	62	57	0	0	137334	P1-1-1008	0	-
984	189.742	190.09	F#4	80	55	0	0	137666	P1-1-1011	0	-
985	189.752	189.888	F#3	68	56	0	0	137666	P1-1-1010	0	-
986	189.835	189.91	Bb2	61	61	0	0	137777	P1-1-1012	0	-
987	190.022	190.609	C#4	69	18	0	0	138000	P1-1-1014	0	-
988	190.042	190.19	F#3	61	46	0	0	138000	P1-1-1013	0	-
989	190.183	190.297	Eb2	63	60	0	0	138223	P1-1-1015	0	-
990	190.33	190.607	F#4	81	54	0	0	138334	P1-1-1017	0	-
991	190.343	190.544	F#3	72	60	0	0	138334	P1-1-1016	0	-
992	190.779	191.428	Bb3	50	36	0	0	138666	P1-1-1019	0	-
993	190.783	191.088	F4	78	50	0	0	138666	P1-1-1021	0	-
994	190.794	191.368	C4	55	40	0	0	138666	P1-1-1020	0	-
995	190.796	191.086	F3	58	49	0	0	138666	P1-1-1018	0	-
996	191.309	191.9	E4	70	48	0	0	139000	P1-1-1023	0	-
997	191.321	191.507	E3	59	30	0	0	139000	P1-1-1022	0	-
998	191.447	191.596	Bb2	50	50	0	0	139111	P1-1-1024	1	-
999	191.675	191.843	E3	41	32	0	0	139334	P1-1-1025	0	-
1000	191.675	192.127	C4	47	58	0	0	139334	P1-1-1026	0	-
1001	191.913	192.122	F#2	58	34	0	0	139555	P1-1-1027	0	-
1002	192.073	192.405	E4	69	54	0	0	139666	P1-1-1029	0	-
1003	192.097	192.355	E3	60	32	0	0	139666	P1-1-1028	0	-
1004	192.752	194.606	F4	66	39	0	0	140000	P1-1-1033	0	-
1005	192.763	193.259	Bb3	47	45	0	0	140000	P1-1-1031	0	-
1006	192.77	193.267	F3	46	38	0	0	140000	P1-1-1030	0	-
1007	192.776	193.386	C4	43	41	0	0	140000	P1-1-1032	0	-
1008	193.37	193.956	C3	43	39	0	0	140334	P1-1-1034	0	-
1009	193.83	194.343	F2	49	40	0	0	140666	P1-1-1035	0	-
1010	193.84	194.631	C4	53	30	0	0	140666	P1-1-1036	0	-
1011	194.283	194.617	C3	54	51	0	0	141000	P1-1-1037	0	-
1012	194.643	195.233	A3	59	29	0	0	141334	P1-1-1038	0	-
1013	195.023	195.7	F3	54	57	0	0	141666	P1-1-1039	0	-
1014	195.379	195.698	B3	57	57	0	0	142000	P1-1-1040	0	-
1015	195.728	196.228	C4	56	52	0	0	142334	P1-1-1041	0	-
1016	196.149	196.634	Eb4	46	38	0	0	142666	P1-1-1042	0	-
1017	196.596	197.186	C4	46	22	0	0	143000	P1-1-1043	0	-
1018	197.088	197.754	C#4	43	28	0	0	143334	P1-1-1044	0	-
1019	197.649	198.669	E4	36	42	0	0	143666	P1-1-1045	0	-
1020	198.522	199.39	F4	51	41	0	0	144000	P1-1-1047	0	-
1021	198.526	200.001	C#5	45	38	0	0	144000	P1-1-1049	0	-
1022	198.537	199.082	C#4	35	31	0	0	144000	P1-1-1046	0	-
1023	198.575	198.665	Bb4	31	38	0	0	144000	P1-1-1048	0	-
1024	199.338	199.408	Bb3	35	43	0	0	144334	P1-1-1050	0	-
1025	199.925	200.428	Bb4	33	37	0	0	144666	P1-1-1053	0	-
1026	199.931	200.449	C#4	22	10	0	0	144666	P1-1-1052	0	-
1027	199.939	200.304	F3	30	33	0	0	144666	P1-1-1051	0	-
1028	200.335	200.476	C#5	48	36	0	0	145000	P1-1-1055	0	-
1029	200.347	200.388	Bb2	42	56	0	0	145000	P1-1-1054	0	-
1030	200.909	201.191	G#4	55	34	0	0	145334	P1-1-1057	0	-
1031	200.922	202.119	C#5	53	80	0	0	145334	P1-1-1059	0	-
1032	200.94	201.198	C#4	40	32	0	0	145334	P1-1-1056	0	-
1033	200.962	201.024	Bb4	34	45	0	0	145334	P1-1-1058	0	-
1034	201.425	201.463	Bb3	38	60	0	0	145666	P1-1-1060	0	-
1035	201.777	201.828	F#3	44	59	0	0	146000	P1-1-1061	1	-
1036	201.817	201.892	C#4	19	42	0	0	146000	P1-1-1062	0	-
1037	201.842	201.919	Bb4	15	43	0	0	146000	P1-1-1063	0	-
1038	202.122	202.186	Bb2	37	61	0	0	146334	P1-1-1064	0	-
1039	202.654	203.243	F#4	51	38	0	0	146666	P1-1-1066	0	-
1040	202.662	203.329	C#4	43	39	0	0	146666	P1-1-1065	0	-
1041	202.752	203.393	F5	55	50	0	0	146666	P1-1-1068	0	-
1042	203.237	203.39	Bb3	33	38	0	0	147000	P1-1-1069	0	-
1043	203.418	204.248	C#5	53	13	0	0	147000	P1-1-1070	0	-
1044	203.695	203.847	C#4	41	54	0	0	147334	P1-1-1072	0	-
1045	203.713	204.357	Eb3	37	33	0	0	147334	P1-1-1071	0	-
1046	203.889	204.339	F5	52	32	0	0	147334	P1-1-1074	0	-
1047	203.957	204.124	Bb4	16	80	0	0	147334	P1-1-1073	0	-
1048	204.266	204.664	Eb5	51	53	0	0	147555	P1-1-1075	0	-
1049	204.363	204.44	Bb2	40	42	0	0	147666	P1-1-1076	0	-
1050	204.679	204.899	Bb4	56	34	0	0	147777	P1-1-1077	0	-
1051	205.16	205.666	F4	44	33	0	0	148000	P1-1-1079	0	-
1052	205.241	206.633	Bb4	51	24	0	0	148000	P1-1-1080	0	-
1053	205.277	205.528	C#4	30	34	0	0	148000	P1-1-1078	0	-
1054	205.672	205.712	Bb3	37	52	0	0	148334	P1-1-1081	0	-
1055	206.038	206.153	C#4	37	80	0	0	148666	P1-1-1083	0	-
1056	206.047	206.158	F3	27	80	0	0	148666	P1-1-1082	0	-
1057	206.441	206.96	B4	47	34	0	0	148889	P1-1-1085	0	-
1058	206.657	206.799	Bb2	33	35	0	0	149000	P1-1-1086	0	-
1059	206.889	207.865	C5	52	21	0	0	149111	P1-1-1087	0	-
1060	207.75	208.568	F#4	44	36	0	0	149334	P1-1-1089	0	-
1061	207.762	211.093	C#5	40	41	0	0	149334	P1-1-1091	0	-
1062	207.779	208.439	C#4	27	24	0	0	149334	P1-1-1088	0	-
1063	207.816	208.553	Bb4	18	33	0	0	149334	P1-1-1090	0	-
1064	208.713	209.172	Bb3	32	33	0	0	149666	P1-1-1092	0	-
1065	209.379	209.753	Bb4	34	35	0	0	150000	P1-1-1095	0	-
1066	209.381	209.446	Eb3	24	46	0	0	150000	P1-1-1093	0	-
1067	209.391	209.785	C#4	28	25	0	0	150000	P1-1-1094	0	-
1068	209.827	209.982	F#3	30	80	0	0	150334	P1-1-1096	0	-
1069	210.175	210.384	C#4	28	22	0	0	150666	P1-1-1098	0	-
1070	210.178	210.303	Bb4	31	80	0	0	150666	P1-1-1099	0	-
1071	210.187	210.412	Bb2	28	39	0	0	150666	P1-1-1097	0	-
1072	210.463	210.735	Eb2	38	36	0	0	151000	P1-1-1100	0	-
1073	210.767	210.835	Bb2	42	57	0	0	151334	P1-1-1101	0	-
1074	210.791	211.019	C#4	30	20	0	0	151334	P1-1-1102	0	-
1075	210.792	211.045	Bb4	31	20	0	0	151334	P1-1-1103	0	-
1076	211.094	211.154	Bb3	43	47	0	0	151666	P1-1-1104	0	-
1077	211.572	211.916	C#5	49	43	0	0	152000	P1-1-1108	0	-
1078	211.612	211.689	C#4	17	44	0	0	152000	P1-1-1105	0	-
1079	211.615	212.212	Bb4	33	39	0	0	152000	P1-1-1107	0	-
1080	211.62	212.138	F#4	37	39	0	0	152000	P1-1-1106	0	-
1081	212.189	212.733	C5	56	33	0	0	152334	P1-1-1111	0	-
1082	212.207	212.431	C#4	35	40	0	0	152334	P1-1-1110	0	-
1083	212.253	212.328	C4	9	46	0	0	152334	P1-1-1109	0	-
1084	212.655	212.704	E3	26	50	0	0	152666	P1-1-1112	0	-
1085	212.658	212.733	F#4	39	80	0	0	152666	P1-1-1114	0	-
1086	212.941	213.118	C5	58	33	0	0	153000	P1-1-1117	0	-
1087	212.96	213.071	C4	44	40	0	0	153000	P1-1-1116	0	-
1088	212.97	213.321	F#3	35	43	0	0	153000	P1-1-1115	0	-
1089	213.278	213.444	C5	62	52	0	0	153334	P1-1-1121	0	-
1090	213.292	213.772	F#4	36	23	0	0	153334	P1-1-1120	0	-
1091	213.297	213.445	C4	37	45	0	0	153334	P1-1-1119	0	-
1092	213.299	213.812	C#3	40	28	0	0	153334	P1-1-1118	0	-
1093	213.812	214.204	Bb4	57	42	0	0	153666	P1-1-1124	0	-
1094	213.834	213.905	Bb3	41	42	0	0	153666	P1-1-1123	0	-
1095	213.84	214.06	E2	44	23	0	0	153666	P1-1-1122	0	-
1096	214.156	214.353	F#4	50	80	0	0	154000	P1-1-1127	0	-
1097	214.163	214.205	C#3	40	51	0	0	154000	P1-1-1125	0	-
1098	214.439	214.619	Bb4	67	37	0	0	154334	P1-1-1130	0	-
1099	214.449	214.501	C#4	52	60	0	0	154334	P1-1-1129	0	-
1100	214.464	214.534	Bb3	35	40	0	0	154334	P1-1-1128	0	-
1101	214.822	215.464	C#3	33	39	0	0	154666	P1-1-1131	0	-
1102	214.92	215.229	Bb4	60	56	0	0	154666	P1-1-1134	0	-
1103	214.925	215.415	F4	47	42	0	0	154666	P1-1-1133	0	-
1104	214.945	215.22	Bb3	32	39	0	0	154666	P1-1-1132	0	-
1105	215.383	215.672	A4	66	46	0	0	155000	P1-1-1137	0	-
1106	215.396	215.568	F2	36	34	0	0	155000	P1-1-1135	0	-
1107	215.412	215.492	A3	49	48	0	0	155000	P1-1-1136	0	-
1108	215.674	215.735	C#3	50	62	0	0	155334	P1-1-1138	0	-
1109	215.693	215.93	F4	53	35	0	0	155334	P1-1-1140	0	-
1110	215.982	216.117	Bb4	72	58	0	0	155666	P1-1-1143	0	-
1111	215.998	216.026	Bb3	51	62	0	0	155666	P1-1-1141	0	-
1112	216.011	216.057	C#4	47	51	0	0	155666	P1-1-1142	0	-
1113	216.526	217.249	E4	50	42	0	0	156000	P1-1-1145	0	-
1114	216.534	216.873	C#5	65	54	0	0	156000	P1-1-1146	0	-
1115	216.577	216.671	C#4	43	49	0	0	156000	P1-1-1144	0	-
1116	217.14	217.559	C5	66	32	0	0	156334	P1-1-1149	0	-
1117	217.169	217.258	C4	44	50	0	0	156334	P1-1-1147	0	-
1118	217.173	217.468	C#4	41	37	0	0	156334	P1-1-1148	0	-
1119	217.49	218.024	E4	50	21	0	0	156666	P1-1-1152	0	-
1120	217.496	217.744	F#3	39	40	0	0	156666	P1-1-1150	0	-
1121	217.542	217.601	C4	8	54	0	0	156666	P1-1-1151	0	-
1122	217.779	218.084	C5	73	48	0	0	157000	P1-1-1155	0	-
1123	217.795	218.096	C4	47	33	0	0	157000	P1-1-1153	0	-
1124	217.798	217.861	C#4	53	55	0	0	157000	P1-1-1154	0	-
1125	218.214	218.995	C#3	43	38	0	0	157334	P1-1-1156	0	-
1126	218.284	218.473	C5	66	50	0	0	157334	P1-1-1159	0	-
1127	218.301	218.472	C4	44	58	0	0	157334	P1-1-1157	0	-
1128	218.316	219.007	E4	43	42	0	0	157334	P1-1-1158	0	-
1129	218.853	219.513	F#2	31	38	0	0	157666	P1-1-1160	0	-
1130	218.885	219.369	Bb4	63	37	0	0	157666	P1-1-1162	0	-
1131	218.896	219.06	Bb3	46	32	0	0	157666	P1-1-1161	0	-
1132	219.273	219.629	C#3	40	39	0	0	158000	P1-1-1163	0	-
1133	219.29	219.82	E4	44	29	0	0	158000	P1-1-1165	0	-
1134	219.588	219.834	Bb4	75	56	0	0	158334	P1-1-1168	0	-
1135	219.597	219.838	Bb3	52	40	0	0	158334	P1-1-1166	0	-
1136	219.604	220.201	F#3	44	29	0	0	-1	*	3	-
1137	219.969	220.703	C#3	47	36	0	0	158666	P1-1-1169	1	-
1138	220.042	220.345	Bb4	72	58	0	0	158666	P1-1-1172	0	-
1139	220.057	220.381	Bb3	48	34	0	0	158666	P1-1-1170	0	-
1140	220.062	220.875	E4	50	41	0	0	158666	P1-1-1171	0	-
1141	220.58	220.749	A4	72	55	0	0	159000	P1-1-1175	0	-
1142	220.6	220.68	A3	57	54	0	0	159000	P1-1-1174	0	-
1143	220.609	221.727	F#2	44	34	0	0	159000	P1-1-1173	1	-
1144	220.993	221.221	C5	74	54	0	0	159334	P1-1-1179	0	-
1145	221.006	221.232	C4	62	55	0	0	159334	P1-1-1177	0	-
1146	221.015	221.897	C#3	46	28	0	0	-1	*	3	-
1147	221.018	221.155	E4	44	80	0	0	159334	P1-1-1178	0	-
1148	221.235	221.804	E4	14	41	0	0	159334	P1-1-1176	1	-
1149	221.607	221.933	Bb4	70	34	0	0	159666	P1-1-1182	0	-
1150	221.618	222.172	F#3	43	35	0	0	159666	P1-1-1180	1	-
1151	221.629	221.919	Bb3	47	33	0	0	159666	P1-1-1181	0	-
1152	222.479	223.37	F2	36	32	0	0	160000	P1-1-1183	0	-
1153	222.538	224.179	Bb4	55	36	0	0	160000	P1-1-1186	0	-
1154	222.549	223.328	C#4	42	33	0	0	160000	P1-1-1185	0	-
1155	222.551	223.345	Bb3	38	31	0	0	160000	P1-1-1184	0	-
1156	223.392	223.792	C#3	37	40	0	0	160334	P1-1-1187	0	-
1157	223.844	224.321	C#4	42	21	0	0	160666	P1-1-1190	0	-
1158	223.847	224.499	F#3	33	38	0	0	160666	P1-1-1188	0	-
1159	223.86	224.123	Bb3	34	33	0	0	160666	P1-1-1189	0	-
1160	224.182	224.632	F3	37	23	0	0	161000	P1-1-1191	0	-
1161	224.453	225.311	Bb4	64	33	0	0	161334	P1-1-1195	0	-
1162	224.465	224.702	C3	43	37	0	0	161334	P1-1-1192	0	-
1163	224.475	224.689	Bb3	40	39	0	0	161334	P1-1-1193	0	-
1164	224.475	224.558	F4	45	49	0	0	161334	P1-1-1194	0	-
1165	224.732	224.814	C#3	40	80	0	0	161666	P1-1-1196	0	-
1166	224.994	225.704	C#4	50	13	0	0	162000	P1-1-1198	0	-
1167	224.995	225.07	F4	52	51	0	0	162000	P1-1-1199	0	-
1168	225.022	225.087	Bb3	24	51	0	0	162000	P1-1-1197	0	-
1169	225.257	225.603	C#3	47	37	0	0	162334	P1-1-1200	0	-
1170	225.519	226.631	Bb4	67	35	0	0	162666	P1-1-1203	0	-
1171	225.54	226.144	F3	44	34	0	0	162666	P1-1-1201	0	-
1172	225.56	225.658	F4	39	36	0	0	162666	P1-1-1202	0	-
1173	225.819	226.105	C4	44	41	0	0	163000	P1-1-1204	0	-
1174	226.125	226.437	C#4	46	32	0	0	163334	P1-1-1205	0	-
1175	226.127	226.702	F4	53	19	0	0	163334	P1-1-1206	0	-
1176	226.438	226.966	C4	47	35	0	0	163666	P1-1-1207	0	-
1177	226.882	228.284	Bb4	66	43	0	0	164000	P1-1-1211	0	-
1178	226.892	230.811	F3	41	40	0	0	164000	P1-1-1208	0	-
1179	226.897	227.36	C#4	39	38	0	0	164000	P1-1-1209	0	-
1180	226.898	227.033	F4	43	80	0	0	164000	P1-1-1210	0	-
1181	227.96	228.296	C#4	31	27	0	0	164666	P1-1-1212	0	-
1182	227.961	228.066	F4	33	38	0	0	164666	P1-1-1213	0	-
1183	228.283	228.675	C5	57	31	0	0	165000	P1-1-1214	0	-
1184	228.65	230.735	C#5	50	38	0	0	165334	P1-1-1218	0	-
1185	228.676	228.9	C#4	21	37	0	0	165334	P1-1-1215	0	-
1186	228.679	228.917	F4	36	38	0	0	165334	P1-1-1216	0	-
1187	228.695	228.78	Bb4	34	38	0	0	165334	P1-1-1217	0	-
1188	229.314	229.429	F4	32	35	0	0	166000	P1-1-1220	0	-
1189	229.315	229.429	C#4	28	31	0	0	166000	P1-1-1219	0	-
1190	229.323	229.405	Bb4	22	41	0	0	166000	P1-1-1221	0	-
1191	229.923	230.062	F4	33	31	0	0	166666	P1-1-1223	0	-
1192	229.934	230.041	C#4	28	36	0	0	166666	P1-1-1222	0	-
1193	229.95	230.11	Bb4	19	29	0	0	166666	P1-1-1224	0	-
1194	230.619	230.712	F4	29	39	0	0	167334	P1-1-1226	0	-
1195	230.624	230.751	C#4	29	80	0	0	167334	P1-1-1225	0	-
1196	230.631	230.785	Bb4	23	35	0	0	167334	P1-1-1227	0	-
1197	231.774	233.424	F#4	44	36	0	0	168000	P1-1-1230	0	-
1198	231.793	232.32	Bb3	28	21	0	0	168000	P1-1-1229	0	-
1199	231.816	232.475	E2	28	33	0	0	168000	P1-1-1228	0	-
1200	232.646	233.075	C#3	31	34	0	0	168334	P1-1-1231	0	-
1201	233.174	233.447	Bb3	32	34	0	0	168666	P1-1-1233	0	-
1202	233.187	233.86	F#3	23	25	0	0	168666	P1-1-1232	0	-
1203	233.535	233.789	C#3	22	32	0	0	169000	P1-1-1234	0	-
1204	233.824	234.649	F#4	44	30	0	0	169334	P1-1-1237	0	-
1205	233.851	234.064	C3	29	39	0	0	169334	P1-1-1235	0	-
1206	233.86	234.031	Bb3	24	29	0	0	169334	P1-1-1236	0	-
1207	234.139	234.218	C#3	21	41	0	0	169666	P1-1-1238	0	-
1208	234.394	234.574	C#4	32	37	0	0	170000	P1-1-1240	0	-
1209	234.422	234.609	Bb3	20	21	0	0	170000	P1-1-1239	0	-
1210	234.674	235.012	C#3	23	31	0	0	170334	P1-1-1241	0	-
1211	234.967	235.795	F#4	48	31	0	0	170666	P1-1-1244	0	-
1212	234.978	235.532	E3	40	11	0	0	170666	P1-1-1242	0	-
1213	235.003	235.134	Bb3	28	35	0	0	170666	P1-1-1243	0	-
1214	235.346	235.648	C4	21	37	0	0	171000	P1-1-1245	0	-
1215	235.623	235.902	C#4	33	39	0	0	171334	P1-1-1247	0	-
1216	235.628	235.863	Bb3	31	25	0	0	171334	P1-1-1246	0	-
1217	235.954	236.451	C4	39	33	0	0	171666	P1-1-1248	0	-
1218	236.502	237.763	F#4	43	36	0	0	172000	P1-1-1252	0	-
1219	236.511	236.832	C#4	34	37	0	0	172000	P1-1-1251	0	-
1220	236.531	240.236	E3	27	35	0	0	172000	P1-1-1249	0	-
1221	236.537	236.818	Bb3	20	17	0	0	172000	P1-1-1250	0	-
1222	237.383	237.525	Bb3	29	80	0	0	172666	P1-1-1253	0	-
1223	237.383	237.549	C#4	25	26	0	0	172666	P1-1-1254	0	-
1224	237.682	238.135	G#4	47	35	0	0	173000	P1-1-1255	0	-
1225	238.039	240.218	Bb4	48	38	0	0	173334	P1-1-1259	0	-
1226	238.055	238.334	C#4	32	37	0	0	173334	P1-1-1257	0	-
1227	238.092	238.334	F#4	21	34	0	0	173334	P1-1-1258	0	-
1228	238.703	238.877	F#4	36	31	0	0	174000	P1-1-1262	0	-
1229	238.718	238.896	C#4	27	26	0	0	174000	P1-1-1261	0	-
1230	238.724	238.823	Bb3	18	38	0	0	174000	P1-1-1260	0	-
1231	239.316	239.496	F#4	25	40	0	0	174666	P1-1-1265	0	-
1232	239.336	239.423	Bb3	10	40	0	0	174666	P1-1-1263	0	-
1233	239.337	239.477	C#4	15	29	0	0	174666	P1-1-1264	0	-
1234	240.003	240.331	F#4	31	17	0	0	175333	P1-1-1268	0	-
1235	240.006	240.209	C#4	27	27	0	0	175333	P1-1-1267	0	-
1236	240.026	240.188	Bb3	9	28	0	0	175333	P1-1-1266	0	-
1237	241.138	242.535	B4	46	29	0	0	176000	P1-1-1273	0	-
1238	241.154	241.408	Eb3	27	48	0	0	176000	P1-1-1269	0	-
1239	241.163	241.367	Eb4	26	41	0	0	176000	P1-1-1271	0	-
1240	241.169	241.313	B3	24	80	0	0	176000	P1-1-1270	0	-
1241	241.953	242.325	Eb2	29	32	0	0	176334	P1-1-1274	0	-
1242	242.399	242.877	B2	38	26	0	0	176666	P1-1-1275	0	-
1243	242.885	243.75	C#5	42	31	0	0	177000	P1-1-1277	0	-
1244	242.907	242.984	F#3	31	51	0	0	177000	P1-1-1276	0	-
1245	243.771	244.878	Eb5	48	6	0	0	177334	P1-1-1279	0	-
1246	243.792	244.809	F#4	25	17	0	0	177334	P1-1-1278	0	-
1247	250.58	251.368	F2	33	26	0	0	184000	P1-1-1280	0	-
1248	250.581	250.869	A3	33	35	0	0	184000	P1-1-1282	0	-
1249	250.584	250.646	F4	35	80	0	0	184000	*	3	-
1250	250.588	250.842	F3	30	38	0	0	184000	P1-1-1281	0	-
1251	250.631	250.859	Eb4	25	20	0	0	184000	P1-1-1283	0	-
1252	250.646	251.531	F4	5	38	0	0	184000	P1-1-1284	0	-
1253	251.309	251.511	A3	21	24	0	0	184666	P1-1-1286	0	-
1254	251.313	251.522	F3	26	24	0	0	184666	P1-1-1285	0	-
1255	251.315	251.524	Eb4	28	21	0	0	184666	P1-1-1287	0	-
1256	251.981	252.773	C2	45	40	0	0	185334	P1-1-1288	0	-
1257	251.982	252.789	F2	40	35	0	0	185334	P1-1-1289	0	-
1258	251.982	252.974	F4	37	38	0	0	185334	P1-1-1293	0	-
1259	252.012	252.116	F3	11	36	0	0	185334	P1-1-1290	0	-
1260	252.012	252.092	A3	19	43	0	0	185334	P1-1-1291	0	-
1261	252.702	252.979	Eb4	28	33	0	0	186000	P1-1-1296	0	-
1262	252.703	252.959	A3	25	32	0	0	186000	P1-1-1295	0	-
1263	252.712	252.954	F3	26	35	0	0	186000	P1-1-1294	0	-
1264	253.386	254.325	F4	42	32	0	0	186665	P1-1-1302	0	-
1265	253.398	254.987	B1	49	25	0	0	186665	P1-1-1297	0	-
1266	253.402	254.2	F2	40	30	0	0	186665	P1-1-1298	0	-
1267	253.419	253.482	A3	24	44	0	0	186665	P1-1-1300	0	-
1268	253.42	253.725	F3	21	14	0	0	186665	P1-1-1299	0	-
1269	254.083	254.325	Eb4	36	24	0	0	187333	P1-1-1305	0	-
1270	254.087	254.333	F3	18	36	0	0	187333	P1-1-1303	0	-
1271	254.091	254.273	A3	33	40	0	0	187333	P1-1-1304	0	-
1272	254.978	255.299	F2	33	35	0	0	188000	P1-1-1307	0	-
1273	254.987	256.243	F4	41	80	0	0	188000	P1-1-1311	0	-
1274	254.995	255.327	Bb1	38	38	0	0	188000	P1-1-1306	0	-
1275	254.998	255.308	F3	35	37	0	0	188000	P1-1-1308	0	-
1276	255.005	255.281	Bb3	29	17	0	0	188000	P1-1-1309	0	-
1277	255.881	256.331	D4	32	28	0	0	188666	P1-1-1314	0	-
1278	255.882	256.141	F3	27	37	0	0	188666	P1-1-1312	0	-
1279	255.887	256.26	Bb3	4	29	0	0	188666	P1-1-1313	0	-
1280	256.494	256.58	F3	56	45	0	0	189000	P1-1-1315	0	-
1281	256.753	257.437	F3	53	35	0	0	189334	P1-1-1316	0	-
1282	257.511	257.736	D4	33	35	0	0	190000	P1-1-1318	0	-
1283	257.521	257.717	Bb3	26	35	0	0	190000	P1-1-1317	0	-
1284	258.187	258.371	D4	26	29	0	0	190666	P1-1-1320	0	-
1285	258.2	258.361	Bb3	28	29	0	0	190666	P1-1-1319	0	-
1286	258.858	259.047	Bb3	26	39	0	0	191334	P1-1-1321	0	-
1287	258.863	259.007	D4	28	30	0	0	191334	P1-1-1322	0	-
1288	259.76	260.683	F4	47	36	0	0	192000	P1-1-1328	0	-
1289	259.774	260.55	B1	44	37	0	0	192000	P1-1-1323	0	-
1290	259.776	260.543	F2	37	37	0	0	192000	P1-1-1324	0	-
1291	259.803	260.049	A3	12	17	0	0	192000	P1-1-1326	0	-
1292	260.482	260.706	Eb4	29	30	0	0	192666	P1-1-1331	0	-
1293	260.497	260.6	A3	28	36	0	0	192666	P1-1-1330	0	-
1294	260.503	260.615	F3	22	34	0	0	192666	P1-1-1329	0	-
1295	261.148	262.159	F4	46	36	0	0	193334	P1-1-1337	0	-
1296	261.157	262.095	B1	50	25	0	0	193334	P1-1-1332	0	-
1297	261.159	262.025	F2	38	29	0	0	193334	P1-1-1333	0	-
1298	261.892	262.111	A3	31	23	0	0	194000	P1-1-1339	0	-
1299	261.901	262.125	F3	12	24	0	0	194000	P1-1-1338	0	-
1300	261.905	262.184	Eb4	24	19	0	0	194000	P1-1-1340	0	-
1301	262.608	263.637	F4	42	22	0	0	194665	P1-1-1346	0	-
1302	262.626	264.343	B1	39	24	0	0	194665	P1-1-1341	0	-
1303	262.627	263.474	F2	33	20	0	0	194665	P1-1-1342	0	-
1304	262.649	262.869	F3	20	21	0	0	194665	P1-1-1343	0	-
1305	262.65	262.722	A3	21	42	0	0	194665	P1-1-1344	0	-
1306	263.387	263.665	Eb4	26	26	0	0	195333	P1-1-1349	0	-
1307	263.399	263.633	F3	24	34	0	0	195333	P1-1-1347	0	-
1308	263.406	263.483	A3	24	39	0	0	195333	P1-1-1348	0	-
1309	264.437	266.663	F4	35	27	0	0	196000	P1-1-1355	0	-
1310	264.454	264.861	F2	21	39	0	0	196000	P1-1-1351	0	-
1311	264.461	264.828	F3	23	36	0	0	196000	P1-1-1352	0	-
1312	264.472	264.845	Bb1	23	38	0	0	196000	P1-1-1350	0	-
1313	264.476	264.802	Bb3	20	27	0	0	196000	P1-1-1353	0	-
1314	265.372	265.962	D4	28	23	0	0	196666	P1-1-1358	0	-
1315	265.383	265.618	F3	27	41	0	0	196666	P1-1-1356	0	-
1316	265.402	265.79	Bb3	3	32	0	0	196666	P1-1-1357	0	-
1317	266.299	266.392	F3	45	52	0	0	197000	P1-1-1359	0	-
1318	266.548	267.252	F3	55	35	0	0	197334	P1-1-1360	0	-
1319	267.252	267.447	D4	31	29	0	0	198000	P1-1-1362	0	-
1320	267.264	267.439	Bb3	29	28	0	0	198000	P1-1-1361	0	-
1321	267.911	268.108	D4	32	23	0	0	198666	P1-1-1364	0	-
1322	267.916	268.124	Bb3	29	31	0	0	198666	P1-1-1363	0	-
1323	268.607	268.786	D4	29	22	0	0	199334	P1-1-1366	0	-
1324	268.621	268.719	Bb3	22	39	0	0	199334	P1-1-1365	0	-
1325	269.825	269.991	F6	51	42	0	0	200000	P1-1-1373	0	-
1326	269.834	269.947	F5	37	38	0	0	200000	P1-1-1371	0	-
1327	269.851	270.48	B3	35	31	0	0	200000	P1-1-1367	0	-
1328	269.851	270.337	A4	30	40	0	0	200000	P1-1-1370	0	-
1329	269.851	269.916	A5	35	44	0	0	200000	P1-1-1372	0	-
1330	269.857	270.071	Eb4	29	28	0	0	200000	P1-1-1368	0	-
1331	269.867	270.091	F4	26	30	0	0	200000	P1-1-1369	0	-
1332	271.858	271.918	F3	42	58	0	0	201000	P1-1-1374	0	-
1333	272.114	272.259	F3	52	80	0	0	201334	*	3	-
1334	272.259	272.706	F3	6	37	0	0	201334	P1-1-1375	0	-
1335	274.915	275.743	Bb4	25	35	0	0	204000	P1-1-1379	0	-
1336	274.919	275.235	F6	46	42	0	0	204000	P1-1-1382	0	-
1337	274.939	275.299	D4	29	35	0	0	204000	P1-1-1377	0	-
1338	274.939	275.215	F4	31	41	0	0	204000	P1-1-1378	0	-
1339	274.947	275.183	F5	23	38	0	0	204000	P1-1-1380	0	-
1340	274.948	275.033	Bb5	27	39	0	0	204000	P1-1-1381	0	-
1341	274.952	275.42	Bb3	22	37	0	0	204000	P1-1-1376	0	-
1342	278.467	278.735	F2	26	34	0	0	208000	P1-1-1384	0	-
1343	278.483	278.737	Bb1	19	34	0	0	208000	P1-1-1383	0	-
1344	281.751	282.106	F2	25	37	0	0	212000	P1-1-1386	0	-
1345	281.758	281.98	Bb1	34	35	0	0	212000	P1-1-1385	0	-
//Missing 0	P1-1-1
//Missing 2665	P1-1-22
//Missing 2665	P1-1-26
//Missing 3777	P1-1-35
//Missing 4000	P1-1-37
//Missing 4000	P1-1-38
//Missing 4000	P1-1-39
//Missing 4000	P1-1-40
//Missing 6000	P1-1-58
//Missing 6665	P1-1-63
//Missing 12000	P1-1-110
//Missing 13334	P1-1-119
//Missing 15334	P1-1-132
//Missing 15334	P1-1-133
//Missing 16000	P1-1-136
//Missing 16000	P1-1-137
//Missing 16000	P1-1-139
//Missing 16000	P1-1-140
//Missing 16665	P1-1-141
//Missing 18665	P1-1-159
//Missing 19334	P1-1-163
//Missing 21334	P1-1-176
//Missing 22000	P1-1-181
//Missing 22665	P1-1-185
//Missing 23334	P1-1-189
//Missing 24665	P1-1-199
//Missing 26665	P1-1-221
//Missing 32000	P1-1-253
//Missing 34665	P1-1-274
//Missing 35777	P1-1-287
//Missing 36000	P1-1-289
//Missing 36000	P1-1-290
//Missing 36000	P1-1-291
//Missing 36665	P1-1-295
//Missing 56000	P1-1-466
//Missing 60000	P1-1-491
//Missing 60665	P1-1-496
//Missing 68000	P1-1-551
//Missing 68665	P1-1-556
//Missing 76000	P1-1-606
//Missing 82000	P1-1-640
//Missing 84000	P1-1-651
//Missing 96000	P1-1-727
//Missing 96000	P1-1-729
//Missing 96665	P1-1-731
//Missing 104000	P1-1-775
//Missing 104000	P1-1-777
//Missing 104666	P1-1-780
//Missing 111334	P1-1-815
//Missing 116666	P1-1-856
//Missing 118000	P1-1-870
//Missing 118666	P1-1-875
//Missing 124000	P1-1-922
//Missing 127334	P1-1-940
//Missing 128000	P1-1-944
//Missing 131334	P1-1-966
//Missing 146666	P1-1-1067
//Missing 148666	P1-1-1084
//Missing 152666	P1-1-1113
//Missing 154000	P1-1-1126
//Missing 155334	P1-1-1139
//Missing 158000	P1-1-1164
//Missing 158334	P1-1-1167
//Missing 173334	P1-1-1256
//Missing 176000	P1-1-1272
//Missing 185334	P1-1-1292
//Missing 186665	P1-1-1301
//Missing 188000	P1-1-1310
//Missing 192000	P1-1-1325
//Missing 192000	P1-1-1327
//Missing 193334	P1-1-1334
//Missing 193334	P1-1-1335
//Missing 193334	P1-1-1336
//Missing 194665	P1-1-1345
//Missing 196000	P1-1-1354
//Missing 16665	P1-1-142
//Missing 88334	P1-1-681
//Missing 88665	P1-1-684
//Missing 96665	P1-1-733
//Missing 104666	P1-1-781
