//Version: ScorePerfmMatch_v170104
// Score: ./score_hmm.txt
// Perfm: ./infer_spr.txt
// fmt3x: ./score_fmt3x.txt
0	0.51282	0.655715	Bb2	45	64	0	0	0	P1-1-0	0	0
1	0.989582	1.47836	F3	38	55	0	0	0	P1-1-2	0	-
2	0.990918	2.05262	C#5	65	53	0	0	0	P1-1-6	0	-
3	1.02564	1.50374	Bb4	46	58	0	0	0	P1-1-5	0	-
4	1.03365	1.57585	C#4	46	25	0	0	0	P1-1-3	0	-
5	1.06704	1.46902	F4	42	60	0	0	0	P1-1-4	0	-
6	1.84829	2.23157	F3	37	56	0	0	665	P1-1-7	0	-
7	1.86966	2.23557	F4	33	58	0	0	665	P1-1-9	0	-
8	1.88168	2.38114	C#4	48	59	0	0	665	P1-1-8	0	-
9	1.88168	2.38114	Bb4	58	61	0	0	665	P1-1-10	0	-
10	2.33173	2.42788	C#5	74	64	0	0	1000	P1-1-11	0	-
11	2.45059	2.84855	F3	14	51	0	0	1334	P1-1-12	0	-
12	2.56276	3.54567	C#5	75	63	0	0	1334	P1-1-16	0	-
13	2.56544	2.84588	F4	37	58	0	0	1334	P1-1-14	0	-
14	2.58413	2.90865	Bb4	50	58	0	0	1334	P1-1-15	0	-
15	2.59214	2.91266	C#4	34	48	0	0	1334	P1-1-13	0	-
16	3.19311	3.30128	F3	38	63	0	0	2000	P1-1-17	0	-
17	3.22382	3.28659	F4	34	63	0	0	2000	P1-1-19	0	-
18	3.24385	3.52163	C#4	39	49	0	0	2000	P1-1-18	0	-
19	3.24786	3.52564	Bb4	40	59	0	0	2000	P1-1-20	0	-
20	3.63381	3.74866	Bb2	49	62	0	0	2665	P1-1-21	0	-
21	4.1266	4.72622	F#3	40	50	0	0	2665	P1-1-23	0	-
22	4.172	4.74359	F#4	22	53	0	0	2665	P1-1-25	0	-
23	4.18402	4.88381	F5	65	37	0	0	2665	P1-1-27	0	-
24	4.1907	4.83974	Bb4	35	51	0	0	2665	P1-1-26	0	-
25	4.22676	4.87313	Eb4	25	43	0	0	2665	P1-1-24	0	-
26	4.74359	5.15357	C#5	68	59	0	0	3000	P1-1-28	0	-
27	4.96794	5.22569	F#3	33	59	0	0	3334	P1-1-29	0	-
28	5.05074	5.15758	F#4	42	63	0	0	3334	P1-1-31	0	-
29	5.1055	5.422	Bb4	33	58	0	0	3334	P1-1-32	0	-
30	5.1095	5.41533	F5	72	35	0	0	3334	P1-1-33	0	-
31	5.16292	5.49679	Eb4	46	42	0	0	3334	P1-1-30	0	-
32	5.36858	5.69444	Eb5	69	59	0	0	3554	P1-1-34	0	-
33	5.55555	5.72783	Bb2	62	65	0	0	4000	P1-1-36	0	-
34	5.61565	5.78124	Bb4	59	60	0	0	4000	P1-1-41	0	-
35	5.93482	7.2329	Bb4	76	17	0	0	4665	P1-1-45	0	-
36	5.94818	6.44364	C#4	51	38	0	0	4665	P1-1-43	0	-
37	5.96554	6.3368	F3	41	59	0	0	4665	P1-1-42	0	-
38	5.97889	6.34882	F4	49	64	0	0	4665	P1-1-44	0	-
39	6.56249	7.04593	F3	29	50	0	0	4000	*	3	-
40	6.68803	7.15678	F4	44	35	0	0	4665	*	3	-
41	6.70272	7.20485	C#4	60	32	0	0	4665	*	3	-
42	6.97115	7.28365	B4	77	61	0	0	4888	P1-1-46	0	-
43	7.22756	7.62419	C5	70	65	0	0	5111	P1-1-47	0	-
44	7.55074	8.04753	F3	3	55	0	0	5334	P1-1-48	0	-
45	7.5681	8.05688	F4	38	52	0	0	5334	P1-1-50	0	-
46	7.57077	9.77162	Eb5	58	39	0	0	5334	P1-1-52	0	-
47	7.57879	8.06356	Bb4	50	54	0	0	5334	P1-1-51	0	-
48	7.61885	8.09561	C#4	46	49	0	0	5334	P1-1-49	0	-
49	7.98343	9.76361	C#5	69	61	0	0	5665	P1-1-53	0	-
50	8.31863	8.71126	F3	5	53	0	0	6000	P1-1-54	0	-
51	8.34534	8.7126	F4	25	60	0	0	6000	P1-1-56	0	-
52	8.36671	8.68455	Bb4	54	59	0	0	6000	P1-1-57	0	-
53	8.37472	8.71393	C#4	21	42	0	0	6000	P1-1-55	0	-
54	8.94096	9.22809	Bb4	59	58	0	0	6665	P1-1-62	0	-
55	8.96367	9.2361	C#4	36	40	0	0	6665	P1-1-60	0	-
56	8.96367	9.23343	F4	20	55	0	0	6665	P1-1-61	0	-
57	9.53525	9.6955	F3	26	53	0	0	7334	P1-1-64	0	-
58	9.53525	9.76361	Bb4	44	62	0	0	7334	P1-1-67	0	-
59	9.5486	9.80635	C#4	41	50	0	0	7334	P1-1-65	0	-
60	9.55661	9.66078	F4	27	63	0	0	7334	P1-1-66	0	-
61	10.2083	12.6202	Bb2	29	45	0	0	8000	P1-1-68	0	-
62	10.2684	10.9014	F#4	35	44	0	0	8000	P1-1-71	0	-
63	10.2804	10.7145	Eb5	54	67	0	0	8000	P1-1-73	0	-
64	10.2844	10.6517	Eb4	37	58	0	0	8000	P1-1-70	0	-
65	10.2844	10.9268	Bb4	38	33	0	0	8000	P1-1-72	0	-
66	10.2885	10.8106	F#3	37	54	0	0	8000	P1-1-69	0	-
67	10.8307	11.2807	D5	59	60	0	0	8334	P1-1-75	0	-
68	10.8427	11.3101	D4	45	56	0	0	8334	P1-1-74	0	-
69	11.1391	11.4677	Bb4	64	63	0	0	8665	P1-1-79	0	-
70	11.1405	11.469	F#4	64	65	0	0	8665	P1-1-78	0	-
71	11.1605	11.4757	F#3	51	66	0	0	8665	P1-1-76	0	-
72	11.4263	11.5985	D5	83	60	0	0	9000	P1-1-81	0	-
73	11.4557	11.5264	D4	65	60	0	0	9000	P1-1-80	0	-
74	11.7388	12.1367	F#3	46	60	0	0	9334	P1-1-82	0	-
75	11.7842	12.0833	D5	65	58	0	0	9334	P1-1-86	0	-
76	11.7962	12.1768	F#4	55	59	0	0	9334	P1-1-84	0	-
77	11.8029	12.1661	Bb4	51	57	0	0	9334	P1-1-85	0	-
78	11.8082	11.9885	D4	48	64	0	0	9334	P1-1-83	0	-
79	12.1274	12.4973	C#5	84	52	0	0	9665	P1-1-88	0	-
80	12.1448	12.4946	C#4	69	52	0	0	9665	P1-1-87	0	-
81	12.3758	12.7003	F#3	72	64	0	0	10000	P1-1-89	0	-
82	12.3825	12.6402	Bb4	73	65	0	0	10000	P1-1-92	0	-
83	12.3878	12.6723	F#4	68	66	0	0	10000	P1-1-91	0	-
84	12.6402	12.7657	C#5	95	62	0	0	10334	P1-1-94	0	-
85	12.6683	12.719	C#4	74	59	0	0	10334	P1-1-93	0	-
86	12.8165	13.981	Bb2	44	62	0	0	10665	P1-1-95	0	-
87	12.9514	13.4255	F#3	68	65	0	0	10665	P1-1-96	0	-
88	13.0061	13.4428	F#4	68	60	0	0	10665	P1-1-98	0	-
89	13.0088	13.3333	C#5	94	65	0	0	10665	P1-1-99	0	-
90	13.0208	13.4442	Eb4	69	56	0	0	10665	*	3	-
91	13.0315	13.2786	C#4	73	62	0	0	10665	P1-1-97	0	-
92	13.4028	13.7981	C5	89	62	0	0	11000	P1-1-101	0	-
93	13.4188	13.7727	C4	78	59	0	0	11000	P1-1-100	0	-
94	13.6418	13.965	Eb4	82	63	0	0	11334	P1-1-103	1	-
95	13.6472	13.9623	F#4	81	62	0	0	11334	P1-1-104	0	-
96	13.6605	13.9904	F#3	76	66	0	0	11334	P1-1-102	0	-
97	13.9209	14.0585	C5	94	59	0	0	11665	P1-1-106	0	-
98	13.9276	14.0278	C4	84	57	0	0	11665	P1-1-105	0	-
99	14.1586	17.6108	Bb2	60	35	0	0	12000	P1-1-107	0	-
100	14.2187	14.7142	F#3	65	65	0	0	12000	P1-1-108	0	-
101	14.2388	15.2978	B4	91	54	0	0	12000	P1-1-112	0	-
102	14.2588	14.7716	F#4	71	59	0	0	12000	P1-1-111	0	-
103	14.2628	14.7449	Eb4	68	62	0	0	12000	P1-1-110	0	-
104	14.2748	14.7569	B3	62	57	0	0	12000	P1-1-109	0	-
105	14.9706	15.3071	Eb4	78	61	0	0	12665	P1-1-115	0	-
106	14.9813	15.2911	B3	63	64	0	0	12665	P1-1-114	0	-
107	14.9826	15.2697	F#3	69	65	0	0	12665	P1-1-113	0	-
108	15.2337	15.3712	F#4	87	62	0	0	13000	P1-1-116	0	-
109	15.4808	16.895	B4	88	62	0	0	13334	P1-1-121	0	-
110	15.5035	15.8827	F#3	58	64	0	0	13334	P1-1-117	0	-
111	15.5128	15.8801	F#4	69	59	0	0	13334	P1-1-120	0	-
112	15.5141	15.8801	Eb4	46	60	0	0	13334	P1-1-119	0	-
113	15.5262	15.8801	B3	54	59	0	0	13334	P1-1-118	0	-
114	16.1098	16.4102	F#4	62	59	0	0	14000	P1-1-125	0	-
115	16.1218	16.3915	F#3	62	64	0	0	14000	P1-1-122	0	-
116	16.1338	16.3862	Eb4	53	58	0	0	14000	P1-1-124	0	-
117	16.1418	16.3795	B3	44	53	0	0	14000	P1-1-123	0	-
118	16.6707	17.6816	F#4	56	34	0	0	14665	P1-1-129	0	-
119	16.688	17.4586	Eb4	50	37	0	0	14665	P1-1-128	0	-
120	16.6987	16.8857	B3	48	66	0	0	14665	P1-1-127	0	-
121	16.704	16.8683	F#3	51	61	0	0	14665	P1-1-126	0	-
122	17.2422	17.6402	F#3	47	52	0	0	15334	P1-1-130	0	-
123	17.2783	17.7097	Bb4	67	64	0	0	15334	P1-1-134	0	-
124	17.2997	17.6175	Bb3	49	64	0	0	15334	P1-1-131	0	-
125	18.0422	18.5443	F#3	57	63	0	0	16000	P1-1-136	0	-
126	18.0676	19.1386	C#4	70	63	0	0	16000	P1-1-138	0	-
127	18.0756	18.4735	Bb2	49	54	0	0	16000	P1-1-135	0	-
128	18.1076	19.0117	A4	55	48	0	0	16000	P1-1-140	0	-
129	18.1156	18.539	Eb4	46	56	0	0	16000	P1-1-139	0	-
130	18.1196	18.5537	F#4	46	57	0	0	16000	*	3	-
131	18.1437	18.5777	A3	35	43	0	0	16000	P1-1-137	0	-
132	18.8648	19.1199	Bb2	30	44	0	0	16665	P1-1-141	0	-
133	18.8755	19.1974	F#3	48	61	0	0	16665	P1-1-142	0	-
134	18.8862	19.2094	Eb4	46	57	0	0	16665	P1-1-144	0	-
135	18.8889	19.2308	A3	42	64	0	0	16665	P1-1-143	0	-
136	18.8996	19.192	F#4	43	59	0	0	16665	*	3	-
137	19.164	19.2895	A4	70	62	0	0	17000	P1-1-145	0	-
138	19.3616	19.817	Bb2	6	42	0	0	17334	P1-1-146	0	-
139	19.407	19.7676	F#3	45	62	0	0	17334	P1-1-147	0	-
140	19.4618	20.1883	B3	65	33	0	0	17334	P1-1-149	0	-
141	19.4818	20.2377	A4	61	66	0	0	17334	P1-1-151	0	-
142	19.4925	19.8517	Eb4	49	53	0	0	17334	P1-1-150	0	-
143	19.5045	19.8491	F#4	53	55	0	0	17334	*	3	-
144	19.5205	19.9038	A3	36	43	0	0	17334	P1-1-148	0	-
145	20.0027	20.2604	Bb2	26	41	0	0	18000	P1-1-152	0	-
146	20.0908	20.3018	F#3	45	56	0	0	18000	P1-1-153	0	-
147	20.1055	20.3058	Eb4	16	47	0	0	18000	P1-1-155	0	-
148	20.1068	20.3218	F#4	37	56	0	0	18000	*	3	-
149	20.1482	20.2444	A3	41	62	0	0	18000	P1-1-154	0	-
150	20.5422	21.0416	Bb2	28	45	0	0	18665	P1-1-156	0	-
151	20.6437	21.6012	Bb4	66	57	0	0	18665	P1-1-160	0	-
152	20.6517	21.5211	F#3	39	62	0	0	18665	P1-1-157	0	-
153	20.6717	21.1084	Eb4	47	55	0	0	18665	P1-1-159	0	-
154	20.6811	21.1378	Bb3	44	46	0	0	18665	P1-1-158	0	-
155	20.6918	21.4556	F#4	45	44	0	0	18665	*	3	-
156	21.3208	21.6092	Bb3	33	40	0	0	19334	P1-1-163	0	-
157	21.3234	21.6546	Eb4	39	41	0	0	19334	P1-1-164	0	-
158	21.3248	21.5424	Bb2	26	38	0	0	19334	P1-1-161	0	-
159	21.9538	22.4399	Bb2	37	43	0	0	20000	P1-1-165	0	-
160	21.9738	22.8806	F#3	52	32	0	0	20000	P1-1-166	0	-
161	22.0005	23.1063	Eb4	64	59	0	0	20000	P1-1-168	0	-
162	22.0286	22.4853	Bb3	51	41	0	0	20000	P1-1-167	0	-
163	22.7203	23.0903	Bb3	41	49	0	0	20665	P1-1-170	0	-
164	22.7337	23.1236	Bb2	38	42	0	0	20665	P1-1-169	0	-
165	23.0582	23.3627	F3	53	53	0	0	21000	P1-1-171	0	-
166	23.0635	23.3694	F4	68	35	0	0	21000	P1-1-172	0	-
167	23.3787	25.434	Bb2	25	43	0	0	21334	P1-1-173	0	-
168	23.3987	25.4767	F#4	57	55	0	0	21334	P1-1-178	0	-
169	23.4108	23.8021	F#3	48	57	0	0	21334	P1-1-175	0	-
170	23.4121	23.7847	Eb3	41	41	0	0	21334	P1-1-174	0	-
171	23.4228	23.8087	Eb4	50	63	0	0	21334	P1-1-177	0	-
172	24.1199	24.3897	F#3	44	48	0	0	22000	P1-1-180	0	-
173	24.1252	24.4311	Eb4	52	34	0	0	22000	P1-1-182	0	-
174	24.1279	24.3376	Eb3	34	57	0	0	-1	*	3	-
175	24.6995	25.0667	Eb4	40	41	0	0	-1	*	3	-
176	24.7022	24.9412	F#3	42	44	0	0	-1	*	3	-
177	24.7302	24.9359	Eb3	29	50	0	0	22000	P1-1-179	1	-
178	25.3085	26.0977	Eb3	30	38	0	0	-1	*	3	-
179	25.3165	25.6731	Eb4	28	36	0	0	22665	P1-1-186	0	-
180	25.3325	25.6864	F#3	16	42	0	0	22665	P1-1-184	0	-
181	26.0149	27.1594	Bb2	27	41	0	0	23334	P1-1-187	0	-
182	26.0537	26.6212	C#3	38	42	0	0	23334	P1-1-188	1	-
183	26.0817	26.485	F#4	52	65	0	0	24000	P1-1-195	0	-
184	26.0977	26.6466	C#4	45	60	0	0	24000	P1-1-194	0	-
185	26.1017	26.4636	F#3	42	52	0	0	24000	P1-1-192	0	-
186	26.6306	27.0486	F4	66	55	0	0	24334	P1-1-197	0	-
187	26.6439	26.8055	F3	50	54	0	0	24334	P1-1-196	0	-
188	26.9511	27.2315	C#3	49	64	0	0	24665	P1-1-198	1	-
189	26.9551	27.2516	C#4	74	63	0	0	24665	P1-1-201	0	-
190	26.9885	27.1327	F3	50	39	0	0	24665	P1-1-199	0	-
191	27.2262	27.313	F4	78	63	0	0	25000	P1-1-203	0	-
192	27.2502	27.2769	F3	64	62	0	0	25000	P1-1-202	0	-
193	27.4719	28.6378	Eb2	43	58	0	0	25334	P1-1-204	0	-
194	27.52	28.0702	Bb2	52	63	0	0	25334	P1-1-205	0	-
195	27.5788	28.0729	Eb3	50	58	0	0	25334	*	3	-
196	27.6255	27.934	G#4	81	64	0	0	25334	P1-1-209	0	-
197	27.6295	28.1343	C#4	57	57	0	0	25334	P1-1-208	0	-
198	27.6308	28.1196	Bb3	54	61	0	0	25334	P1-1-207	0	-
199	27.6375	27.9327	G#3	59	64	0	0	25334	P1-1-206	0	-
200	28.0635	28.5136	F#4	81	50	0	0	25665	P1-1-211	0	-
201	28.0796	28.5256	F#3	67	61	0	0	25665	P1-1-210	0	-
202	28.3346	28.7126	C#4	73	64	0	0	26000	P1-1-215	0	-
203	28.3373	28.7847	Bb3	73	54	0	0	26000	P1-1-214	0	-
204	28.348	28.7366	Bb2	54	50	0	0	26000	P1-1-212	0	-
205	28.348	29.0064	Eb3	62	52	0	0	26000	P1-1-213	1	-
206	28.6925	28.9516	F#4	81	64	0	0	26334	P1-1-217	0	-
207	28.7179	28.8595	F#3	60	65	0	0	26334	P1-1-216	0	-
208	29.0812	30.4206	F#2	34	41	0	0	26665	P1-1-218	0	-
209	29.1199	29.7008	C3	35	55	0	0	26665	P1-1-219	0	-
210	29.1413	29.7182	Bb3	44	37	0	0	26665	P1-1-221	0	-
211	29.1506	29.4631	F4	64	62	0	0	26665	P1-1-223	0	-
212	29.1533	29.7075	C4	52	34	0	0	26665	P1-1-222	0	-
213	29.1813	29.4778	F3	38	39	0	0	26665	P1-1-220	0	-
214	29.6367	30.1415	E4	67	59	0	0	27000	P1-1-225	0	-
215	29.6915	30.1589	E3	40	57	0	0	27000	P1-1-224	0	-
216	29.9706	30.3579	Bb3	51	60	0	0	27334	P1-1-228	0	-
217	29.9853	30.3485	C4	59	53	0	0	27334	P1-1-229	0	-
218	29.9973	30.4126	C3	44	59	0	0	27334	P1-1-226	0	-
219	30.2991	30.4407	E4	71	59	0	0	27665	P1-1-231	0	-
220	30.3111	30.4206	E3	43	54	0	0	27665	P1-1-230	0	-
221	30.7158	32.305	F2	29	55	0	0	28000	P1-1-232	0	-
222	30.7532	31.2273	C3	27	57	0	0	28000	P1-1-233	0	-
223	30.7625	31.2206	Bb3	36	51	0	0	28000	P1-1-235	0	-
224	30.7785	31.5384	F4	46	57	0	0	28000	P1-1-237	0	-
225	30.7919	31.2486	C4	38	44	0	0	28000	P1-1-236	0	-
226	30.8106	31.2233	F3	20	46	0	0	28000	P1-1-234	0	-
227	31.3995	31.7374	Bb3	37	61	0	0	28665	P1-1-239	0	-
228	31.4076	31.7307	C4	53	59	0	0	28665	P1-1-240	0	-
229	31.4196	31.7174	C3	35	61	0	0	28665	P1-1-238	0	-
230	31.4196	31.8496	F3	35	42	0	0	28665	*	3	-
231	31.7094	31.8122	F4	68	55	0	0	29000	P1-1-241	0	-
232	32.0192	32.3437	C3	38	56	0	0	29334	*	3	-
233	32.0366	32.4612	F4	53	61	0	0	29334	P1-1-245	0	-
234	32.0579	32.3798	C4	40	58	0	0	29334	P1-1-244	0	-
235	32.0619	32.3477	F3	21	55	0	0	29334	P1-1-242	0	-
236	32.0646	32.3865	A3	38	61	0	0	29334	P1-1-243	0	-
237	32.8085	33.2158	F4	62	59	0	0	30000	P1-1-247	0	-
238	32.8165	33.2238	F3	42	56	0	0	30000	P1-1-246	0	-
239	33.4468	33.9676	F3	29	42	0	0	30665	P1-1-248	0	-
240	33.4829	33.9209	F4	44	60	0	0	30665	P1-1-249	0	-
241	34.2508	34.4644	F3	22	58	0	0	31334	P1-1-250	0	-
242	34.2948	34.4377	F4	37	61	0	0	31334	P1-1-251	0	-
243	34.8784	35.0587	Bb2	44	65	0	0	32000	P1-1-252	0	-
244	35.3766	35.8747	F3	11	51	0	0	32000	P1-1-254	0	-
245	35.3819	36.3848	C#5	71	58	0	0	32000	P1-1-258	0	-
246	35.3979	35.8573	F4	41	57	0	0	32000	P1-1-256	0	-
247	35.4006	35.8747	Bb4	46	58	0	0	32000	P1-1-257	0	-
248	35.4273	35.8881	C#4	45	33	0	0	32000	P1-1-255	0	-
249	36.1672	36.5731	F3	20	54	0	0	32665	P1-1-259	0	-
250	36.2059	36.5945	F4	29	57	0	0	32665	P1-1-261	0	-
251	36.2126	36.6413	Bb4	48	56	0	0	32665	P1-1-262	0	-
252	36.2326	36.6947	C#4	34	56	0	0	32665	P1-1-260	0	-
253	36.6119	36.7321	C#5	76	66	0	0	33000	P1-1-263	0	-
254	36.7908	37.1701	F3	31	41	0	0	33334	P1-1-264	0	-
255	36.8536	37.1461	F4	30	55	0	0	33334	P1-1-266	0	-
256	36.8656	38.0983	C#5	77	62	0	0	33334	P1-1-268	0	-
257	36.8776	37.2155	C#4	46	35	0	0	33334	P1-1-265	0	-
258	36.8937	37.1995	Bb4	44	57	0	0	33334	P1-1-267	0	-
259	37.528	37.6188	F3	34	62	0	0	34000	P1-1-269	0	-
260	37.54	37.6028	F4	38	64	0	0	34000	P1-1-271	0	-
261	37.5427	38.0876	Bb4	39	60	0	0	34000	P1-1-272	0	-
262	37.5707	38.125	C#4	39	49	0	0	34000	P1-1-270	0	-
263	37.9527	38.149	Bb2	36	53	0	0	34665	P1-1-273	0	-
264	38.5029	39.176	F#3	42	56	0	0	34665	P1-1-275	0	-
265	38.5109	39.188	F#4	16	53	0	0	34665	P1-1-277	0	-
266	38.5122	39.2107	Bb4	40	54	0	0	34665	P1-1-278	0	-
267	38.5283	39.3015	F5	54	33	0	0	34665	P1-1-279	0	-
268	38.5376	39.2681	Eb4	42	43	0	0	34665	P1-1-276	0	-
269	39.1132	39.4885	C#5	70	59	0	0	35000	P1-1-280	0	-
270	39.3496	39.5966	F#3	41	60	0	0	35334	P1-1-281	0	-
271	39.4297	39.5366	F#4	31	62	0	0	35334	P1-1-283	0	-
272	39.4497	39.7743	Bb4	37	56	0	0	35334	P1-1-284	0	-
273	39.4711	39.7703	F5	63	53	0	0	35334	P1-1-285	0	-
274	39.5272	39.8477	Eb4	50	40	0	0	35334	P1-1-282	0	-
275	39.7315	40.2016	Eb5	73	59	0	0	35554	P1-1-286	0	-
276	39.9118	40.0868	Bb2	59	66	0	0	36000	P1-1-288	0	-
277	39.9786	40.1415	Bb4	63	64	0	0	35777	P1-1-287	0	-
278	40.2898	41.5424	Bb4	71	35	0	0	36000	P1-1-292	0	-
279	40.2991	40.6503	F3	46	59	0	0	-1	*	3	-
280	40.3058	40.6877	F4	48	64	0	0	36000	P1-1-291	0	-
281	40.3098	40.7358	C#4	48	53	0	0	36000	P1-1-290	0	-
282	41.0229	41.3848	F3	35	40	0	0	36665	P1-1-293	1	-
283	41.059	41.5945	F4	49	37	0	0	36665	P1-1-295	0	-
284	41.0844	41.5838	C#4	63	54	0	0	36665	P1-1-294	0	-
285	41.2967	41.5464	B4	79	61	0	0	36888	P1-1-297	0	-
286	41.5037	41.7027	C5	81	57	0	0	37111	P1-1-298	0	-
287	41.6359	43.8568	E3	58	41	0	0	37334	P1-1-299	1	-
288	41.7548	43.9703	C#5	86	56	0	0	37334	P1-1-304	0	-
289	41.7561	42.2195	Bb3	57	62	0	0	-1	*	3	-
290	41.7735	42.1808	Bb4	71	60	0	0	37334	P1-1-303	0	-
291	41.7868	42.1808	C#4	58	56	0	0	-1	*	3	-
292	41.7882	42.1621	F#4	59	59	0	0	-1	*	3	-
293	42.4586	42.7617	Bb4	51	52	0	0	38000	P1-1-308	0	-
294	42.4706	42.7297	F#4	49	57	0	0	38000	P1-1-307	1	-
295	42.4746	42.7671	C#4	45	40	0	0	38000	P1-1-306	0	-
296	42.508	42.7337	Bb3	36	65	0	0	38000	P1-1-305	0	-
297	43.0288	43.36	Bb4	33	42	0	0	-1	*	3	-
298	43.0782	43.2224	C#4	39	53	0	0	38665	P1-1-310	0	-
299	43.0796	43.2799	Bb3	39	61	0	0	38665	P1-1-309	0	-
300	43.0956	43.2946	F#4	25	45	0	0	-1	*	3	-
301	43.6752	44.216	Bb4	41	42	0	0	40000	P1-1-321	0	-
302	43.6925	43.9316	Bb3	35	50	0	0	40000	P1-1-318	0	-
303	43.7112	44.0918	C#4	11	40	0	0	40000	P1-1-319	0	-
304	43.7232	44.0077	F#4	22	40	0	0	40000	P1-1-320	0	-
305	44.4297	44.7676	E3	21	58	0	0	40000	P1-1-317	0	-
306	44.4377	44.7489	Bb3	30	55	0	0	40000	P1-1-318	0	-
307	44.4404	44.8143	C#5	56	59	0	0	40000	P1-1-322	0	-
308	44.4658	44.9586	F#4	40	51	0	0	40000	P1-1-320	0	-
309	44.4738	44.7449	C#4	44	61	0	0	40000	P1-1-319	0	-
310	44.9813	45.5528	C5	60	43	0	0	40334	P1-1-324	0	-
311	45.0146	45.2377	C4	43	34	0	0	40334	P1-1-323	0	-
312	45.3285	45.4941	E2	34	59	0	0	40665	P1-1-325	0	-
313	45.3405	45.5475	Bb2	27	54	0	0	40665	P1-1-326	1	-
314	45.4006	45.7785	E4	50	24	0	0	40665	P1-1-328	1	-
315	45.4086	45.5435	C4	40	58	0	0	40665	P1-1-327	0	-
316	45.7091	45.9161	C5	71	61	0	0	41000	P1-1-330	0	-
317	45.7398	45.8039	C4	53	53	0	0	41000	P1-1-329	0	-
318	46.0029	46.0897	Bb3	47	64	0	0	-1	*	3	-
319	46.0229	46.0977	E3	36	65	0	0	41334	P1-1-332	1	-
320	46.0296	46.1712	C5	78	61	0	0	41334	P1-1-335	0	-
321	46.0416	46.1031	C4	63	58	0	0	41334	P1-1-333	0	-
322	46.055	46.3461	E4	61	53	0	0	41334	P1-1-334	1	-
323	46.2914	46.5371	Bb4	82	47	0	0	41665	P1-1-337	0	-
324	46.3274	46.3955	Bb3	65	54	0	0	41665	P1-1-336	0	-
325	46.5438	46.6907	E2	40	62	0	0	42000	P1-1-338	1	-
326	46.5665	46.8469	E4	76	62	0	0	42000	P1-1-341	1	-
327	46.5691	46.724	Bb2	48	63	0	0	-1	*	3	-
328	46.6039	46.6867	Bb3	52	56	0	0	42000	P1-1-339	0	-
329	46.8416	46.9644	Bb4	83	57	0	0	42334	P1-1-343	0	-
330	46.8616	46.9123	Bb3	68	58	0	0	42334	P1-1-342	0	-
331	47.1434	47.5707	C#3	31	48	0	0	-1	*	3	-
332	47.1688	47.4198	Bb4	68	63	0	0	42665	P1-1-348	0	-
333	47.1794	47.6188	F3	44	41	0	0	42665	P1-1-344	0	-
334	47.1941	47.3838	Bb3	48	65	0	0	42665	P1-1-345	0	-
335	47.1995	47.5333	C#4	50	51	0	0	42665	P1-1-346	0	-
336	47.5	47.8058	A4	82	80	0	0	43000	P1-1-350	0	-
337	47.516	47.6428	A3	66	62	0	0	43000	P1-1-349	0	-
338	47.6495	48.1089	F2	40	64	0	0	43334	P1-1-351	0	-
339	47.8138	48.1383	C#4	69	64	0	0	43334	P1-1-354	1	-
340	47.8178	48.0088	A3	64	65	0	0	43334	P1-1-353	0	-
341	47.8245	48.1477	C#3	58	61	0	0	-1	*	3	-
342	47.8525	47.9246	A4	4	51	0	0	-1	*	3	-
343	48.1276	48.2278	Bb4	87	63	0	0	43665	P1-1-356	0	-
344	48.1356	48.1797	Bb3	72	66	0	0	43665	P1-1-355	0	-
345	48.5376	48.9075	E3	42	65	0	0	44000	P1-1-357	1	-
346	48.5456	48.8955	C#5	75	63	0	0	44000	P1-1-360	0	-
347	48.555	48.8528	Bb3	41	63	0	0	44000	*	3	-
348	48.5723	49.0357	E4	51	25	0	0	44000	P1-1-359	0	-
349	48.5763	48.8368	C#4	47	64	0	0	44000	P1-1-358	0	-
350	48.9943	49.4377	C5	81	47	0	0	44334	P1-1-362	0	-
351	49.0197	49.1386	C4	53	36	0	0	44334	P1-1-361	0	-
352	49.2361	49.5098	F#2	52	60	0	0	44665	P1-1-363	0	-
353	49.3135	49.6167	E4	71	58	0	0	44665	P1-1-366	0	-
354	49.3376	49.4618	C4	63	59	0	0	44665	P1-1-365	0	-
355	49.3522	49.5405	E3	43	62	0	0	44665	P1-1-364	0	-
356	49.5726	49.7743	C5	82	62	0	0	45000	P1-1-368	0	-
357	49.5966	49.6861	C4	80	57	0	0	45000	P1-1-367	0	-
358	49.8183	50.1495	E3	44	60	0	0	45334	P1-1-369	0	-
359	49.8317	50.0026	Bb3	52	66	0	0	-1	*	3	-
360	49.8811	50.0988	C5	92	61	0	0	45334	P1-1-373	0	-
361	49.9038	50.0227	C4	72	63	0	0	45334	P1-1-370	0	-
362	49.9158	50.2123	E4	64	58	0	0	45334	P1-1-372	0	-
363	50.1696	50.4206	Bb4	90	48	0	0	45665	P1-1-375	0	-
364	50.1816	50.3018	Bb3	77	61	0	0	45665	P1-1-374	0	-
365	50.2123	50.5368	F#2	50	51	0	0	-1	*	3	-
366	50.4313	50.7451	E4	78	59	0	0	46000	P1-1-378	0	-
367	50.446	50.5515	Bb3	69	59	0	0	46000	P1-1-377	0	-
368	50.4487	50.5742	E3	60	60	0	0	-1	*	3	-
369	50.7091	50.9147	Bb4	86	46	0	0	46334	P1-1-380	0	-
370	50.7184	50.8306	Bb3	72	51	0	0	46334	P1-1-379	0	-
371	51.1338	51.493	Bb4	69	63	0	0	46665	P1-1-385	0	-
372	51.1458	51.4556	Bb3	59	65	0	0	46665	P1-1-382	0	-
373	51.5811	51.6973	A4	82	64	0	0	47000	P1-1-387	0	-
374	51.5945	51.6386	A3	67	59	0	0	47000	P1-1-386	0	-
375	51.8496	52.3237	G2	46	59	0	0	47334	P1-1-388	0	-
376	51.9257	52.1941	C5	71	60	0	0	47334	P1-1-392	0	-
377	51.9431	52.0673	C4	51	52	0	0	47334	P1-1-390	0	-
378	52.2876	52.3557	Bb4	69	60	0	0	47665	P1-1-394	0	-
379	52.2916	52.3357	Bb3	62	59	0	0	47665	P1-1-393	0	-
380	52.6749	53.2478	F3	46	57	0	0	48000	P1-1-395	0	-
381	52.7296	53.0368	Bb4	60	60	0	0	48000	P1-1-398	0	-
382	52.7403	53.1704	C#4	47	54	0	0	48000	P1-1-397	0	-
383	52.7524	52.9687	Bb3	46	62	0	0	48000	P1-1-396	0	-
384	53.1423	53.4481	A4	67	50	0	0	48334	P1-1-400	0	-
385	53.1704	53.2745	A3	45	54	0	0	48334	P1-1-399	0	-
386	53.2665	53.3052	G#2	57	66	0	0	48445	P1-1-401	0	-
387	53.4695	53.8287	C#4	76	54	0	0	48665	P1-1-403	0	-
388	53.5029	53.5937	A3	58	51	0	0	48665	P1-1-402	0	-
389	53.6364	53.7045	G#1	65	65	0	0	48888	P1-1-404	0	-
390	53.7767	53.9476	A4	87	59	0	0	49000	P1-1-406	0	-
391	53.7927	53.8581	A3	66	58	0	0	49000	P1-1-405	0	-
392	54.0157	54.5312	F3	78	64	0	0	49334	P1-1-407	0	-
393	54.1092	54.3148	A4	80	61	0	0	49334	P1-1-410	0	-
394	54.1225	54.2374	A3	65	65	0	0	49334	P1-1-408	0	-
395	54.1252	54.4497	C#4	69	59	0	0	49334	P1-1-409	0	-
396	54.3923	54.6567	G#4	86	64	0	0	49665	P1-1-412	0	-
397	54.4057	54.5392	G#3	80	62	0	0	49665	P1-1-411	0	-
398	54.5325	54.6073	G#2	73	64	0	0	49777	P1-1-413	0	-
399	54.6741	54.9866	C#4	85	62	0	0	50000	P1-1-415	0	-
400	54.7021	54.805	G#3	70	60	0	0	50000	P1-1-414	0	-
401	54.837	54.9065	G#1	74	63	0	0	50222	P1-1-416	0	-
402	54.9545	55.1161	G#4	88	55	0	0	50334	P1-1-418	0	-
403	54.9666	55.0494	G#3	77	57	0	0	50334	P1-1-417	0	-
404	55.1936	55.7478	E3	82	65	0	0	50665	P1-1-419	0	-
405	55.3084	55.5208	G#4	84	63	0	0	50665	P1-1-422	0	-
406	55.3124	55.6383	C#4	77	61	0	0	50665	P1-1-421	0	-
407	55.3298	55.4874	G#3	77	63	0	0	50665	P1-1-420	0	-
408	55.6089	56.0242	G4	93	53	0	0	51000	P1-1-424	0	-
409	55.6196	55.7158	G3	78	60	0	0	51000	P1-1-423	0	-
410	55.7558	55.8026	G#2	71	65	0	0	51111	P1-1-425	0	-
411	55.8934	56.2446	C#4	83	56	0	0	51334	P1-1-427	0	-
412	55.9027	56.0283	G3	69	58	0	0	51334	P1-1-426	0	-
413	56.0817	56.1364	G#1	72	64	0	0	51554	P1-1-428	0	-
414	56.2019	56.4155	G4	89	54	0	0	51665	P1-1-430	0	-
415	56.2166	56.2927	G3	80	59	0	0	51665	P1-1-429	0	-
416	56.4396	56.9644	Eb3	86	64	0	0	52000	P1-1-431	0	-
417	56.5638	56.7801	G4	81	61	0	0	52000	P1-1-434	0	-
418	56.5771	56.7093	G3	66	61	0	0	52000	P1-1-432	0	-
419	56.5838	56.9177	C#4	71	58	0	0	52000	P1-1-433	0	-
420	56.8696	57.1273	F#4	88	55	0	0	52334	P1-1-436	0	-
421	56.8883	56.9738	F#3	78	51	0	0	52334	P1-1-435	0	-
422	56.9858	57.0259	G#2	66	66	0	0	52445	P1-1-437	0	-
423	57.1367	57.4666	C#4	83	63	0	0	52665	P1-1-439	0	-
424	57.1647	57.2836	F#3	72	59	0	0	52665	P1-1-438	0	-
425	57.3343	57.3798	G#1	65	65	0	0	52888	P1-1-440	0	-
426	57.4385	57.6375	F#4	86	59	0	0	53000	P1-1-442	0	-
427	57.4625	57.5667	F#3	70	55	0	0	53000	P1-1-441	0	-
428	57.7069	60.2136	G#3	78	56	0	0	53334	P1-1-444	0	-
429	57.7817	58.0047	F#3	24	62	0	0	53334	P1-1-443	0	-
430	57.8071	58.0408	F#4	75	62	0	0	53334	P1-1-446	0	-
431	57.8138	58.181	C4	65	60	0	0	53334	P1-1-445	0	-
432	58.1316	58.6631	F4	82	58	0	0	53665	P1-1-448	0	-
433	58.1463	58.3239	F3	72	55	0	0	53665	P1-1-447	0	-
434	58.4468	58.965	G#2	56	57	0	0	54000	P1-1-449	0	-
435	58.4775	58.7206	F3	65	61	0	0	54000	P1-1-450	0	-
436	58.4815	58.8635	C4	72	62	0	0	54000	P1-1-451	0	-
437	58.814	59.0758	F4	86	57	0	0	54334	P1-1-453	0	-
438	58.8434	59.0357	F3	57	41	0	0	54334	P1-1-452	0	-
439	59.1906	59.8156	G#2	34	43	0	0	54665	P1-1-454	0	-
440	59.2628	59.6046	F4	72	58	0	0	54665	P1-1-457	0	-
441	59.2988	59.642	C4	58	60	0	0	54665	P1-1-456	0	-
442	59.3028	59.5766	F3	52	63	0	0	54665	P1-1-455	0	-
443	59.7315	60.6516	E4	75	47	0	0	55000	P1-1-459	0	-
444	59.7596	60.7358	E3	54	48	0	0	55000	P1-1-458	0	-
445	60.0747	60.4901	G#2	49	63	0	0	55334	P1-1-460	0	-
446	60.1388	60.7278	C4	54	43	0	0	55334	P1-1-461	0	-
447	60.5662	60.7758	G#3	55	65	0	0	55665	P1-1-462	0	-
448	60.7251	60.7905	D4	6	52	0	0	55665	*	3	-
449	61.3301	61.8202	C#2	45	62	0	0	56000	P1-1-463	0	-
450	61.4062	61.8416	G#2	51	64	0	0	56000	P1-1-464	0	-
451	61.4102	62.4893	F4	77	34	0	0	56000	P1-1-467	0	-
452	61.4382	62.2849	C4	63	32	0	0	56000	P1-1-466	0	-
453	61.4516	62.2422	F#3	61	36	0	0	56000	P1-1-465	0	-
454	62.1527	65.2109	G#3	78	58	0	0	56334	P1-1-468	0	-
455	62.5974	62.9206	C3	60	59	0	0	56665	P1-1-469	0	-
456	62.6482	63.9676	C4	62	56	0	0	56665	P1-1-471	0	-
457	62.6749	64.0277	F#3	57	52	0	0	56665	P1-1-470	0	-
458	62.8832	63.3066	Bb2	70	57	0	0	56888	P1-1-472	0	-
459	63.2999	63.3627	G#2	74	63	0	0	57222	P1-1-473	0	-
460	63.4748	65.7184	G#2	71	37	0	0	57334	P1-1-474	0	-
461	63.8608	64.2067	F#4	87	63	0	0	57665	P1-1-477	0	-
462	64.2681	64.6313	C4	51	60	0	0	58000	P1-1-479	0	-
463	64.2681	64.6046	E4	79	58	0	0	58000	P1-1-480	0	-
464	64.2761	64.6554	F#3	70	66	0	0	58000	P1-1-478	0	-
465	64.5646	64.6834	F4	86	63	0	0	58334	P1-1-481	0	-
466	64.8664	65.2296	C4	51	63	0	0	58665	P1-1-483	0	-
467	64.8797	65.219	G#4	87	63	0	0	58665	P1-1-484	0	-
468	64.9051	65.3018	F#3	55	63	0	0	58665	P1-1-482	0	-
469	65.6102	66.0015	G#3	76	57	0	0	59334	P1-1-487	0	-
470	65.645	65.9508	F#3	58	59	0	0	59334	P1-1-486	0	-
471	66.0897	67.9487	C#2	37	38	0	0	60000	P1-1-488	0	-
472	66.1685	67.3597	G#2	37	58	0	0	60000	P1-1-489	0	-
473	66.2085	66.6118	C#4	68	60	0	0	60000	P1-1-492	0	-
474	66.2246	66.8883	G#3	50	54	0	0	60000	P1-1-491	0	-
475	66.2459	66.8536	F3	48	58	0	0	60000	P1-1-490	0	-
476	66.5745	67.2195	Eb4	79	37	0	0	60222	P1-1-493	0	-
477	66.7961	67.0646	C#4	80	63	0	0	60445	P1-1-494	0	-
478	67.0472	67.3717	C4	71	59	0	0	60665	P1-1-497	0	-
479	67.0606	67.7577	F3	37	39	0	0	60665	P1-1-495	0	-
480	67.0739	67.4238	G#3	41	61	0	0	60665	P1-1-496	0	-
481	67.3637	67.6842	C#4	65	56	0	0	60888	P1-1-498	0	-
482	67.6188	67.8725	Eb4	65	58	0	0	61111	P1-1-499	0	-
483	68.0208	68.3386	A1	26	55	0	0	61334	P1-1-500	0	-
484	68.0488	68.4348	E4	54	65	0	0	61334	P1-1-504	0	-
485	68.0675	68.3827	G3	40	39	0	0	61334	P1-1-502	0	-
486	68.0702	68.4	A2	37	56	0	0	61334	P1-1-501	0	-
487	68.0956	68.4388	C#4	35	41	0	0	61334	P1-1-503	0	-
488	68.9957	69.4243	A2	35	41	0	0	61665	P1-1-505	0	-
489	69.0157	69.6848	A5	62	54	0	0	61665	P1-1-507	0	-
490	69.021	69.5485	C#5	44	37	0	0	61665	P1-1-506	0	-
491	69.4631	69.9278	E3	35	54	0	0	62000	P1-1-508	0	-
492	69.4938	69.6126	B4	65	63	0	0	62000	P1-1-509	0	-
493	69.4978	69.8517	G5	76	36	0	0	62000	P1-1-510	0	-
494	69.8731	70.0253	F#5	62	66	0	0	62334	P1-1-513	0	-
495	69.8757	69.9879	C#4	40	64	0	0	62334	P1-1-511	0	-
496	69.8998	69.9946	G4	51	58	0	0	62334	P1-1-512	0	-
497	70.4326	71.2766	F#5	40	43	0	0	62665	P1-1-516	0	-
498	70.4366	71.2473	B4	43	44	0	0	62665	P1-1-515	1	-
499	70.4633	70.9762	G4	28	54	0	0	62665	P1-1-514	0	-
500	71.1458	71.282	E5	47	66	0	0	63000	P1-1-517	0	-
501	71.7868	72.2315	A2	44	61	0	0	63334	P1-1-518	0	-
502	71.8562	72.3891	Eb4	71	57	0	0	63334	P1-1-521	0	-
503	71.8656	72.3517	G3	51	63	0	0	63334	P1-1-519	0	-
504	71.8656	72.3423	C#4	61	64	0	0	63334	P1-1-520	0	-
505	72.2956	72.8765	E4	84	64	0	0	63665	P1-1-522	0	-
506	72.6455	73.1196	G#1	45	60	0	0	64000	P1-1-523	0	-
507	72.7176	73.1383	G#2	31	59	0	0	64000	P1-1-524	0	-
508	72.8071	73.4227	C4	47	52	0	0	64000	P1-1-526	0	-
509	72.8338	73.615	F4	70	64	0	0	64000	P1-1-527	0	-
510	72.8471	73.3987	F#3	51	37	0	0	64000	P1-1-525	1	-
511	73.3426	75.7451	G#3	81	49	0	0	64334	P1-1-528	0	-
512	73.7005	73.9649	C3	70	59	0	0	64665	P1-1-529	0	-
513	73.7646	74.9465	C4	68	50	0	0	64665	P1-1-531	0	-
514	73.774	75.0253	F#3	66	54	0	0	64665	P1-1-530	0	-
515	73.9436	74.2761	Bb2	73	62	0	0	64888	P1-1-532	0	-
516	74.2721	74.3335	G#2	75	64	0	0	65222	P1-1-533	0	-
517	74.4337	76.6078	G#2	79	54	0	0	65334	P1-1-534	0	-
518	74.849	75.1428	F#4	83	63	0	0	65665	P1-1-537	0	-
519	75.1869	75.3885	E4	83	61	0	0	66000	P1-1-540	0	-
520	75.1936	75.5194	F#3	66	66	0	0	66000	P1-1-538	0	-
521	75.2029	75.4994	C4	67	62	0	0	66000	P1-1-539	0	-
522	75.4567	75.5608	F4	86	61	0	0	66334	P1-1-541	0	-
523	75.7278	76.0643	C4	51	64	0	0	66665	P1-1-543	0	-
524	75.7571	76.0656	G#4	84	65	0	0	66665	P1-1-544	0	-
525	75.7678	76.1618	F#3	66	59	0	0	66665	P1-1-542	0	-
526	76.3568	76.7587	G#3	81	59	0	0	67334	P1-1-547	0	-
527	76.3821	76.7173	F#3	65	61	0	0	67334	P1-1-546	0	-
528	76.9938	78.7806	C#2	45	36	0	0	68000	P1-1-548	0	-
529	77.0419	78.1917	G#2	58	61	0	0	68000	P1-1-549	0	-
530	77.0833	77.4812	C#4	66	62	0	0	68000	P1-1-552	0	-
531	77.0979	77.8151	G#3	51	36	0	0	68000	P1-1-551	0	-
532	77.1353	77.7229	F3	36	53	0	0	68000	P1-1-550	0	-
533	77.4398	77.8592	Eb4	78	80	0	0	68222	P1-1-553	0	-
534	77.6468	77.8992	C#4	80	59	0	0	68445	P1-1-554	0	-
535	77.8885	78.2558	G#3	52	60	0	0	68665	P1-1-556	0	-
536	77.8966	78.1904	C4	82	58	0	0	68665	P1-1-557	0	-
537	77.9006	78.5776	F3	47	33	0	0	68665	P1-1-555	0	-
538	78.1436	78.4681	C#4	80	57	0	0	68888	P1-1-558	0	-
539	78.404	78.6898	Eb4	77	52	0	0	69111	P1-1-559	0	-
540	78.8127	79.1212	A1	33	57	0	0	69334	P1-1-560	0	-
541	78.8674	79.1786	E4	63	67	0	0	69334	P1-1-564	0	-
542	78.8741	79.1706	A2	40	57	0	0	69334	P1-1-561	0	-
543	78.8808	79.1092	G3	47	63	0	0	69334	P1-1-562	0	-
544	78.8848	79.1519	C#4	42	60	0	0	69334	P1-1-563	0	-
545	79.5592	80.2977	B5	52	44	0	0	69665	P1-1-567	0	-
546	79.5712	80.024	A2	36	41	0	0	69665	P1-1-565	0	-
547	79.5833	80.1201	C#5	46	52	0	0	69665	P1-1-566	0	-
548	80.0614	80.5248	E3	39	59	0	0	70000	P1-1-568	0	-
549	80.0827	80.2096	B4	53	44	0	0	70000	P1-1-569	0	-
550	80.0867	80.3672	G5	71	63	0	0	70000	P1-1-570	0	-
551	80.4727	80.6436	F#5	57	66	0	0	70334	P1-1-573	0	-
552	80.5061	80.6049	C#4	40	64	0	0	70334	P1-1-571	0	-
553	80.5167	80.5915	G4	50	39	0	0	70334	P1-1-572	0	-
554	81.0376	81.7427	F#5	49	55	0	0	70665	P1-1-576	0	-
555	81.0643	81.5597	G4	32	55	0	0	70665	P1-1-574	0	-
556	81.071	81.7547	B4	41	55	0	0	70665	P1-1-575	1	-
557	81.6866	81.7828	E5	55	65	0	0	71000	P1-1-577	0	-
558	82.1594	83.0007	A2	46	50	0	0	71334	P1-1-578	0	-
559	82.2328	82.7256	E4	72	49	0	0	71334	P1-1-581	0	-
560	82.2462	82.6575	C#4	64	53	0	0	71334	P1-1-580	0	-
561	82.2609	82.7189	G3	48	44	0	0	71334	P1-1-579	1	-
562	82.5947	82.759	F4	81	63	0	0	71665	P1-1-582	0	-
563	82.9006	83.6765	D3	56	65	0	0	72000	P1-1-583	0	-
564	82.978	83.3867	D4	53	62	0	0	72000	P1-1-585	0	-
565	82.982	84.4016	F#4	79	45	0	0	72000	P1-1-586	0	-
566	83.0114	83.4094	A3	48	58	0	0	72000	P1-1-584	0	-
567	83.5977	84.6126	D4	59	41	0	0	72665	P1-1-588	0	-
568	83.6057	84.0224	A3	47	57	0	0	72665	P1-1-587	0	-
569	83.8661	84.1479	D3	71	57	0	0	73000	P1-1-589	0	-
570	84.1492	85.3765	C3	71	58	0	0	73334	P1-1-590	0	-
571	84.2107	84.7008	A3	53	63	0	0	73334	P1-1-591	0	-
572	84.2187	84.8116	E4	75	80	0	0	73334	P1-1-592	0	-
573	84.5205	84.7649	G4	78	61	0	0	73665	P1-1-593	0	-
574	84.8089	85.1081	F4	74	62	0	0	74000	P1-1-596	0	-
575	84.8116	85.0907	E4	31	64	0	0	74000	P1-1-595	0	-
576	84.8343	85.1108	A3	75	65	0	0	74000	P1-1-594	0	-
577	85.0707	85.1548	F#4	90	66	0	0	74334	P1-1-597	0	-
578	85.1308	85.1749	G4	40	34	0	0	74334	*	3	-
579	85.3658	86.6319	B2	66	64	0	0	74665	P1-1-598	0	-
580	85.4179	86.1204	B4	85	59	0	0	74665	P1-1-601	0	-
581	85.4406	86.1711	Eb4	70	63	0	0	74665	P1-1-600	0	-
582	85.45	85.8386	A3	60	50	0	0	74665	P1-1-599	0	-
583	86.1043	86.2005	A3	69	65	0	0	75334	P1-1-602	0	-
584	86.1137	86.1618	B3	64	55	0	0	75334	P1-1-603	0	-
585	86.5718	87.7964	E3	69	64	0	0	76000	P1-1-604	0	-
586	86.6118	86.915	E4	78	61	0	0	76000	P1-1-607	0	-
587	86.6185	87.0766	G#3	65	63	0	0	76000	P1-1-605	0	-
588	86.6225	87.1086	B3	64	62	0	0	76000	P1-1-606	0	-
589	86.8749	87.2729	F#4	84	59	0	0	76222	P1-1-608	0	-
590	87.0298	87.2515	E4	84	62	0	0	76445	P1-1-609	0	-
591	87.1994	87.56	Eb4	84	62	0	0	76665	P1-1-612	0	-
592	87.2074	87.5907	G#3	77	65	0	0	76665	P1-1-610	0	-
593	87.2115	87.5774	B3	62	49	0	0	76665	P1-1-611	0	-
594	87.3931	87.5907	E4	84	61	0	0	76888	P1-1-613	0	-
595	87.536	87.6815	F#4	89	62	0	0	77111	P1-1-614	0	-
596	87.7977	88.2611	D3	71	64	0	0	77334	P1-1-615	0	-
597	87.8431	89.5939	G#4	88	59	0	0	77334	P1-1-618	0	-
598	87.8618	88.2371	B3	72	60	0	0	77334	P1-1-616	0	-
599	87.8685	88.2531	F#4	71	55	0	0	77334	P1-1-617	0	-
600	88.4267	88.6351	F#4	77	65	0	0	78000	P1-1-621	0	-
601	88.4374	88.7913	G#3	87	64	0	0	78000	P1-1-619	0	-
602	88.4508	88.7406	B3	69	49	0	0	78000	P1-1-620	0	-
603	88.9235	89.5272	D3	70	65	0	0	78665	P1-1-622	0	-
604	88.9676	89.3495	F4	79	55	0	0	78665	P1-1-624	0	-
605	88.9836	89.3469	B3	58	61	0	0	78665	P1-1-623	0	-
606	89.5165	89.666	F4	81	64	0	0	79334	P1-1-627	0	-
607	89.5205	90.0507	C#3	80	61	0	0	79334	P1-1-625	0	-
608	89.5231	89.6126	B3	73	65	0	0	79334	P1-1-626	0	-
609	89.9906	90.6503	F#3	80	66	0	0	80000	P1-1-628	0	-
610	90.0333	91.1471	Bb4	88	60	0	0	80000	P1-1-631	0	-
611	90.0386	90.4486	F#4	75	60	0	0	80000	P1-1-630	0	-
612	90.0467	90.4566	C#4	75	54	0	0	80000	P1-1-629	0	-
613	90.0507	90.4566	Bb3	75	64	0	0	-1	*	3	-
614	90.5995	90.868	F#4	76	57	0	0	80665	P1-1-633	0	-
615	90.6075	90.9227	C#4	78	60	0	0	80665	P1-1-632	0	-
616	90.6116	90.9214	Bb3	71	55	0	0	-1	*	3	-
617	90.8479	91.0816	F#3	88	64	0	0	81000	P1-1-634	0	-
618	91.0923	92.2675	E3	83	62	0	0	81334	P1-1-635	0	-
619	91.1017	91.6906	G4	79	80	0	0	81334	P1-1-637	1	-
620	91.119	91.5197	B3	67	51	0	0	81334	P1-1-636	1	-
621	91.4182	91.6078	B4	92	64	0	0	81665	P1-1-638	0	-
622	91.7053	91.9737	G4	65	66	0	0	82000	P1-1-640	1	-
623	91.7106	92.0004	A4	87	66	0	0	82000	P1-1-641	0	-
624	91.7253	92.0071	C#4	80	63	0	0	82000	P1-1-639	0	-
625	91.9657	92.0432	Bb4	86	65	0	0	82334	P1-1-642	0	-
626	92.2408	93.5656	Eb3	78	63	0	0	82665	P1-1-643	0	-
627	92.2569	92.5947	G4	40	66	0	0	82665	P1-1-645	0	-
628	92.2729	92.6121	Eb5	98	64	0	0	82665	P1-1-646	0	-
629	92.2836	92.7216	C#4	81	56	0	0	82665	P1-1-644	0	-
630	92.3316	92.5907	C#5	42	26	0	0	82665	*	3	-
631	92.9166	93.2157	Eb4	88	60	0	0	83334	P1-1-648	0	-
632	92.9299	93.2224	C#4	78	61	0	0	83334	P1-1-647	0	-
633	93.4815	94.8637	G#3	75	64	0	0	84000	P1-1-649	0	-
634	93.4935	93.8741	G#4	85	62	0	0	84000	P1-1-652	0	-
635	93.5095	94.1292	Eb4	76	50	0	0	84000	P1-1-651	0	-
636	93.5162	94.0985	C4	75	62	0	0	84000	P1-1-650	0	-
637	93.8354	94.2934	Bb4	87	41	0	0	84222	P1-1-653	0	-
638	94.0277	94.2547	G#4	86	65	0	0	84445	P1-1-654	0	-
639	94.2253	94.6059	G4	86	63	0	0	84665	P1-1-657	0	-
640	94.2347	94.6887	C4	83	60	0	0	84665	P1-1-655	0	-
641	94.244	94.4924	Eb4	78	54	0	0	84665	P1-1-656	0	-
642	94.4136	94.7128	G#4	88	60	0	0	84888	P1-1-658	0	-
643	94.5872	94.7435	Bb4	96	62	0	0	85111	P1-1-659	0	-
644	94.6554	94.7088	Eb4	7	30	0	0	85111	*	3	-
645	94.8063	96.0055	G3	84	61	0	0	85334	P1-1-660	0	-
646	94.8356	95.2056	E4	77	60	0	0	85334	P1-1-662	0	-
647	94.8356	96.9176	C5	90	59	0	0	85334	P1-1-664	0	-
648	94.845	95.1989	C4	79	58	0	0	85334	P1-1-661	0	-
649	94.8503	95.2069	Bb4	79	59	0	0	85334	P1-1-663	0	-
650	95.3498	95.7398	Bb4	87	59	0	0	86000	P1-1-667	0	-
651	95.3632	95.7371	E4	76	58	0	0	86000	P1-1-666	0	-
652	95.3832	95.7197	C4	68	53	0	0	86000	P1-1-665	0	-
653	95.9107	96.3487	Bb4	72	54	0	0	86665	P1-1-671	0	-
654	95.9174	96.3541	E4	65	57	0	0	86665	P1-1-670	0	-
655	95.9187	96.2379	F#3	74	65	0	0	86665	P1-1-668	0	-
656	95.9534	96.0215	C4	48	80	0	0	86665	P1-1-669	0	-
657	96.0215	96.3928	C4	14	39	0	0	86665	*	3	-
658	96.6345	97.1647	F#2	45	40	0	0	87334	P1-1-672	0	-
659	96.6425	97.0445	Bb4	60	55	0	0	87334	*	3	-
660	96.6425	97.0726	C3	41	59	0	0	87334	P1-1-673	0	-
661	96.6546	96.9978	E4	51	64	0	0	87334	P1-1-675	0	-
662	96.6893	96.9711	C4	49	64	0	0	87334	P1-1-674	1	-
663	97.572	98.0167	F2	32	57	0	0	88000	P1-1-676	0	-
664	97.6067	98.0261	C3	35	56	0	0	88000	P1-1-677	0	-
665	97.6428	98.2718	F4	45	53	0	0	88000	P1-1-679	0	-
666	97.6976	98.2691	A3	28	42	0	0	88000	P1-1-678	0	-
667	97.7082	99.5792	C5	52	61	0	0	88000	P1-1-680	0	-
668	98.3226	99.9919	C4	70	58	0	0	88334	P1-1-681	0	-
669	98.7098	99.033	F3	46	60	0	0	88665	P1-1-682	0	-
670	98.8127	100.475	F4	43	48	0	0	88665	P1-1-684	0	-
671	98.8327	99.642	A3	3	56	0	0	88665	P1-1-683	0	-
672	99.0183	99.3776	D3	60	59	0	0	88888	P1-1-685	0	-
673	99.3869	99.431	C3	54	63	0	0	89222	P1-1-686	0	-
674	99.5752	100.405	C3	51	62	0	0	89334	P1-1-687	0	-
675	99.8837	100.052	D5	75	65	0	0	89665	P1-1-690	0	-
676	100.206	100.529	B4	70	47	0	0	90000	P1-1-693	0	-
677	100.232	100.283	A3	39	49	0	0	90000	P1-1-691	0	-
678	100.506	100.597	C5	75	64	0	0	90334	P1-1-694	0	-
679	100.935	101.711	A3	30	59	0	0	90665	P1-1-695	0	-
680	100.943	101.691	C4	36	55	0	0	90665	P1-1-696	0	-
681	100.991	101.711	F5	67	36	0	0	90665	P1-1-699	0	-
682	101.002	101.553	A4	44	58	0	0	90665	P1-1-698	0	-
683	101.064	101.468	F4	11	35	0	0	90665	P1-1-697	0	-
684	101.393	101.761	D5	59	32	0	0	91000	P1-1-700	0	-
685	101.629	101.784	C5	57	63	0	0	91334	P1-1-701	0	-
686	101.828	101.878	F4	58	62	0	0	91554	P1-1-702	0	-
687	102.023	102.053	A3	54	61	0	0	91777	P1-1-703	0	-
688	102.357	104.066	F2	45	39	0	0	92000	P1-1-704	0	-
689	102.414	102.97	E4	50	54	0	0	92000	P1-1-706	0	-
690	102.434	103.295	C5	70	30	0	0	92000	P1-1-707	0	-
691	102.469	103.038	Bb3	44	60	0	0	92000	P1-1-705	0	-
692	102.852	104.175	C3	51	59	0	0	92334	P1-1-708	0	-
693	103.157	104.331	G3	50	59	0	0	92665	P1-1-709	1	-
694	103.343	103.562	E4	56	65	0	0	92665	P1-1-711	0	-
695	103.546	103.612	Bb4	63	57	0	0	93111	P1-1-713	0	-
696	103.773	103.938	Bb4	56	61	0	0	93334	P1-1-714	0	-
697	104.331	104.643	C5	83	67	0	0	94000	P1-1-717	0	-
698	104.363	104.406	E4	51	51	0	0	94000	P1-1-715	0	-
699	104.363	104.682	Bb4	54	51	0	0	94000	P1-1-716	0	-
700	104.522	104.657	E4	14	38	0	0	94665	P1-1-719	0	-
701	104.886	105.696	G3	36	54	0	0	-1	*	3	-
702	104.992	105.678	C#5	70	31	0	0	94665	P1-1-721	0	-
703	105.009	105.433	E4	47	50	0	0	-1	*	3	-
704	105.047	105.451	Bb4	38	35	0	0	94665	P1-1-720	0	-
705	105.648	105.76	Bb4	39	54	0	0	95334	P1-1-723	0	-
706	105.684	105.781	C5	64	65	0	0	95334	P1-1-724	0	-
707	105.694	105.816	E4	31	43	0	0	95334	P1-1-722	0	-
708	106.375	106.886	F2	34	58	0	0	96000	P1-1-725	0	-
709	106.489	106.918	C3	26	56	0	0	96000	P1-1-726	0	-
710	106.553	107.125	F4	44	56	0	0	96000	P1-1-728	0	-
711	106.573	108.134	C5	52	64	0	0	96000	P1-1-729	0	-
712	107.133	108.575	C4	63	61	0	0	96334	P1-1-730	0	-
713	107.445	107.722	F3	45	60	0	0	96665	P1-1-731	0	-
714	107.521	108.108	A3	40	64	0	0	96665	P1-1-732	0	-
715	107.531	108.843	F4	58	80	0	0	96665	P1-1-733	0	-
716	107.727	107.981	D3	58	59	0	0	96888	P1-1-734	0	-
717	108.035	108.077	C3	58	64	0	0	97222	P1-1-735	0	-
718	108.188	109.032	C3	63	62	0	0	97334	P1-1-736	0	-
719	108.48	108.692	D5	78	65	0	0	97665	P1-1-739	0	-
720	108.843	109.069	F4	8	49	0	0	98000	P1-1-741	0	-
721	108.859	109.147	B4	78	66	0	0	98000	P1-1-742	0	-
722	108.869	108.994	A3	62	26	0	0	98000	P1-1-740	0	-
723	109.145	109.243	C5	82	66	0	0	98334	P1-1-743	0	-
724	109.49	110.255	A3	44	64	0	0	98665	P1-1-744	0	-
725	109.538	110.251	C4	52	63	0	0	98665	P1-1-745	0	-
726	109.544	110.067	A4	48	66	0	0	98665	P1-1-747	0	-
727	109.573	110.292	F5	77	58	0	0	98665	P1-1-748	0	-
728	109.621	110.019	F4	42	34	0	0	98665	P1-1-746	0	-
729	109.924	110.328	D5	68	62	0	0	99000	P1-1-749	0	-
730	110.152	110.351	C5	75	64	0	0	99334	P1-1-750	0	-
731	110.362	110.417	F4	66	64	0	0	99554	P1-1-751	0	-
732	110.535	110.57	A3	74	68	0	0	99777	P1-1-752	0	-
733	110.788	112.587	F2	72	36	0	0	100000	P1-1-753	0	-
734	110.899	111.564	C5	84	59	0	0	100000	P1-1-756	0	-
735	110.911	111.377	E4	66	59	0	0	100000	P1-1-755	0	-
736	110.919	111.391	Bb3	75	65	0	0	100000	P1-1-754	0	-
737	111.245	112.645	C3	67	61	0	0	100334	P1-1-757	0	-
738	111.525	112.752	G3	69	63	0	0	100666	P1-1-758	1	-
739	111.752	111.939	E4	67	58	0	0	100666	P1-1-760	0	-
740	111.95	112.03	Bb4	61	63	0	0	101111	P1-1-762	0	-
741	112.121	112.318	Bb4	65	59	0	0	101334	P1-1-763	0	-
742	112.621	112.905	C5	91	65	0	0	102000	P1-1-766	0	-
743	112.643	112.894	E4	69	65	0	0	102000	P1-1-764	0	-
744	112.656	112.938	Bb4	60	56	0	0	102000	P1-1-765	0	-
745	113.124	113.905	G3	62	66	0	0	102666	P1-1-767	1	-
746	113.21	113.857	C#5	88	65	0	0	102666	P1-1-770	0	-
747	113.242	113.583	Bb4	63	58	0	0	102666	P1-1-769	0	-
748	113.248	113.63	E4	58	62	0	0	102666	P1-1-768	0	-
749	113.805	113.897	Bb4	57	65	0	0	103334	P1-1-772	0	-
750	113.811	113.921	C5	83	67	0	0	103334	P1-1-773	0	-
751	113.815	113.891	E4	75	63	0	0	103334	P1-1-771	0	-
752	114.277	114.793	F2	71	62	0	0	104000	P1-1-774	0	-
753	114.368	115.127	C5	86	58	0	0	104000	P1-1-777	0	-
754	114.374	114.914	Eb4	83	63	0	0	104000	P1-1-776	0	-
755	114.38	114.87	Bb3	79	65	0	0	104000	P1-1-775	0	-
756	114.741	115.867	C3	76	27	0	0	104334	P1-1-778	0	-
757	115.008	115.911	F#3	82	58	0	0	104666	P1-1-779	0	-
758	115.204	115.417	Eb4	83	60	0	0	104889	P1-1-782	0	-
759	115.374	115.486	Bb4	86	62	0	0	105111	P1-1-783	0	-
760	115.554	115.859	Bb4	80	56	0	0	105334	P1-1-784	0	-
761	116.056	116.333	C5	87	65	0	0	106000	P1-1-787	0	-
762	116.058	116.323	Bb4	81	61	0	0	106000	P1-1-786	0	-
763	116.078	116.428	Eb4	84	49	0	0	106000	P1-1-785	0	-
764	116.548	117.239	F#3	89	66	0	0	106666	P1-1-788	0	-
765	116.56	117.047	C#5	100	61	0	0	106666	P1-1-791	0	-
766	116.569	116.998	Bb4	83	54	0	0	106666	P1-1-790	0	-
767	116.58	117.039	Eb4	82	63	0	0	106666	P1-1-789	0	-
768	116.616	116.675	D5	45	45	0	0	106666	*	3	-
769	117.143	117.281	C5	89	67	0	0	107334	P1-1-794	0	-
770	117.146	117.296	Bb4	87	60	0	0	107334	P1-1-793	0	-
771	117.149	117.245	Eb4	90	60	0	0	107334	P1-1-792	0	-
772	117.636	118.885	F3	82	62	0	0	108000	P1-1-795	0	-
773	117.688	118.055	A4	73	64	0	0	108000	P1-1-797	0	-
774	117.69	118.166	F#5	92	38	0	0	108000	P1-1-798	0	-
775	117.698	118.073	Eb4	86	64	0	0	108000	P1-1-796	0	-
776	118.355	118.546	F5	91	62	0	0	108666	*	3	-
777	118.367	118.567	F4	72	63	0	0	108666	P1-1-799	0	-
778	118.376	118.52	A4	67	66	0	0	108666	P1-1-800	0	-
779	118.411	118.48	Eb5	57	47	0	0	108666	P1-1-801	0	-
780	118.843	119.476	C4	81	64	0	0	109334	P1-1-802	0	-
781	118.858	119.313	E5	92	61	0	0	109334	P1-1-805	0	-
782	118.871	119.248	F#4	78	61	0	0	109334	P1-1-803	0	-
783	118.871	119.243	Bb4	80	61	0	0	109334	P1-1-804	0	-
784	119.37	120.069	Eb5	92	80	0	0	110000	P1-1-808	0	-
785	119.39	119.701	F#4	82	56	0	0	110000	P1-1-806	0	-
786	119.394	119.693	Bb4	73	52	0	0	110000	P1-1-807	0	-
787	119.916	120.542	C#4	85	59	0	0	110666	P1-1-809	0	-
788	120.055	120.453	C#5	81	66	0	0	110666	P1-1-812	0	-
789	120.067	120.47	Bb4	66	48	0	0	110666	P1-1-811	0	-
790	120.079	120.509	F#4	64	53	0	0	110666	P1-1-810	0	-
791	120.453	120.78	Eb4	88	57	0	0	111111	P1-1-813	0	-
792	120.654	120.899	C5	83	64	0	0	111334	P1-1-816	0	-
793	120.657	120.916	Bb4	76	61	0	0	111334	P1-1-815	0	-
794	120.672	120.939	F#4	74	65	0	0	111334	P1-1-814	0	-
795	120.811	120.947	E4	92	64	0	0	111555	P1-1-817	0	-
796	121.158	121.696	F4	79	56	0	0	112000	P1-1-819	0	-
797	121.294	122.007	C#5	86	55	0	0	112000	P1-1-821	0	-
798	121.31	121.717	Bb4	66	58	0	0	112000	P1-1-820	0	-
799	121.323	121.723	C#4	65	58	0	0	112000	P1-1-818	0	-
800	121.636	121.791	Bb3	50	62	0	0	112334	P1-1-822	0	-
801	121.9	122.175	F3	41	48	0	0	112666	P1-1-823	0	-
802	121.924	122.274	Bb4	58	58	0	0	112666	P1-1-825	0	-
803	121.939	122.28	C#4	54	47	0	0	112666	P1-1-824	0	-
804	122.167	122.223	Bb2	58	63	0	0	113000	P1-1-826	0	-
805	122.229	122.495	C#5	86	57	0	0	113000	P1-1-827	0	-
806	122.516	122.68	G#4	78	67	0	0	113334	P1-1-829	0	-
807	122.675	123.381	C#5	78	64	0	0	113334	P1-1-831	0	-
808	122.723	123.001	Bb4	62	61	0	0	113334	P1-1-830	0	-
809	122.727	122.794	C#4	58	80	0	0	113334	P1-1-828	0	-
810	122.831	122.983	C#4	5	38	0	0	113334	*	3	-
811	122.949	123.045	Bb3	54	57	0	0	113666	P1-1-832	0	-
812	123.184	123.425	Bb4	59	62	0	0	114000	P1-1-835	0	-
813	123.186	123.463	F3	45	54	0	0	114000	P1-1-833	0	-
814	123.213	123.371	C#4	53	61	0	0	114000	P1-1-834	0	-
815	123.459	123.512	Bb2	57	61	0	0	114334	P1-1-836	0	-
816	123.803	124.187	F#4	74	65	0	0	114666	P1-1-838	0	-
817	123.93	124.368	Bb4	52	63	0	0	114666	P1-1-839	0	-
818	123.948	124.392	F5	77	33	0	0	114666	P1-1-840	0	-
819	124.219	124.263	Bb3	63	66	0	0	115000	P1-1-841	0	-
820	124.3	124.673	C#5	89	59	0	0	115000	P1-1-842	0	-
821	124.47	124.854	Eb3	50	61	0	0	115334	P1-1-843	0	-
822	124.631	124.896	F5	78	54	0	0	115334	P1-1-846	0	-
823	124.635	124.889	Bb4	42	64	0	0	115334	P1-1-845	0	-
824	124.647	124.833	Eb4	56	33	0	0	115334	P1-1-844	1	-
825	124.85	125.151	Eb5	80	39	0	0	115555	P1-1-847	0	-
826	124.853	124.908	Bb2	65	67	0	0	115666	P1-1-848	0	-
827	125.035	125.145	Bb4	85	62	0	0	115777	P1-1-849	0	-
828	125.2	125.601	F4	74	56	0	0	116000	P1-1-851	0	-
829	125.302	126.269	Bb4	74	61	0	0	116000	P1-1-852	0	-
830	125.318	125.591	C#4	62	58	0	0	116000	P1-1-850	0	-
831	125.577	125.8	Bb3	54	65	0	0	116334	P1-1-853	0	-
832	125.801	126.353	C#4	73	39	0	0	116666	P1-1-855	0	-
833	125.867	126.106	F3	61	62	0	0	116666	P1-1-854	0	-
834	126.027	126.313	B4	77	52	0	0	116889	P1-1-857	0	-
835	126.114	126.162	Bb2	59	65	0	0	117000	P1-1-858	0	-
836	126.247	126.516	C5	75	61	0	0	117111	P1-1-859	0	-
837	126.49	126.831	F2	50	62	0	0	117334	P1-1-860	0	-
838	126.51	126.96	C#4	52	56	0	0	117334	P1-1-861	0	-
839	126.512	128.522	Eb5	66	27	0	0	117334	P1-1-863	0	-
840	126.518	126.894	Bb4	54	57	0	0	117334	P1-1-862	0	-
841	126.825	128.416	C#5	76	61	0	0	117666	P1-1-866	0	-
842	126.839	127.376	Bb1	57	63	0	0	117666	P1-1-864	0	-
843	127.117	127.373	F2	48	65	0	0	118000	P1-1-867	0	-
844	127.122	127.432	Bb4	76	60	0	0	118000	P1-1-869	0	-
845	127.142	127.44	C#4	64	52	0	0	118000	P1-1-868	0	-
846	127.377	127.428	Bb2	63	64	0	0	118334	P1-1-871	0	-
847	127.643	127.922	Bb4	68	56	0	0	118666	P1-1-874	0	-
848	127.648	127.887	F3	47	60	0	0	118666	P1-1-872	0	-
849	127.675	127.941	C#4	55	57	0	0	118666	P1-1-873	0	-
850	127.945	128.451	Bb2	50	40	0	0	119000	P1-1-876	0	-
851	128.19	128.465	Bb4	56	61	0	0	119334	P1-1-879	0	-
852	128.2	128.448	C#4	50	51	0	0	119334	P1-1-878	0	-
853	128.202	128.495	F3	44	57	0	0	119334	P1-1-877	0	-
854	128.465	128.501	Bb3	55	61	0	0	119666	P1-1-880	1	-
855	128.823	129.116	F#4	58	64	0	0	120000	P1-1-882	0	-
856	128.825	129.121	Eb5	64	61	0	0	120000	P1-1-884	0	-
857	128.853	129.311	Bb4	50	39	0	0	120000	P1-1-883	0	-
858	128.855	129.092	Eb4	58	63	0	0	120000	P1-1-881	0	-
859	129.204	129.251	Bb3	56	66	0	0	120334	P1-1-885	0	-
860	129.255	129.609	D5	68	34	0	0	120334	P1-1-887	0	-
861	129.273	129.355	D4	53	43	0	0	120334	P1-1-886	0	-
862	129.466	129.723	F#3	51	38	0	0	120666	P1-1-888	0	-
863	129.498	129.813	Bb4	64	59	0	0	120666	P1-1-890	0	-
864	129.508	129.824	F#4	65	52	0	0	-1	*	3	-
865	129.52	129.583	D4	39	44	0	0	120666	P1-1-889	0	-
866	129.757	129.987	Bb2	65	55	0	0	121000	P1-1-891	0	-
867	129.774	129.929	D5	82	65	0	0	121000	P1-1-893	0	-
868	129.797	129.868	D4	70	59	0	0	121000	P1-1-892	0	-
869	130.007	130.303	Bb3	78	66	0	0	121334	P1-1-894	0	-
870	130.045	130.248	D5	84	63	0	0	121334	P1-1-897	0	-
871	130.052	130.194	D4	75	62	0	0	121334	P1-1-895	0	-
872	130.055	130.346	F#4	74	61	0	0	121334	P1-1-896	0	-
873	130.056	130.395	Bb4	70	51	0	0	-1	*	3	-
874	130.31	130.358	Eb3	66	64	0	0	121666	P1-1-898	0	-
875	130.322	130.649	C#5	83	55	0	0	121666	P1-1-900	0	-
876	130.338	130.449	C#4	75	62	0	0	121666	P1-1-899	0	-
877	130.551	130.79	Bb4	83	61	0	0	-1	*	3	-
878	130.555	130.828	F#4	77	66	0	0	122000	P1-1-903	0	-
879	130.569	130.686	C#4	73	60	0	0	122000	P1-1-902	0	-
880	130.585	130.839	Bb2	59	58	0	0	122000	P1-1-901	0	-
881	130.809	130.917	C#5	96	64	0	0	122334	P1-1-906	0	-
882	130.819	130.867	C#4	84	60	0	0	122334	P1-1-905	0	-
883	130.835	130.955	Eb2	66	56	0	0	122334	P1-1-904	0	-
884	131.079	131.474	Eb3	71	63	0	0	122666	P1-1-907	1	-
885	131.138	131.405	C#5	93	64	0	0	122666	P1-1-910	0	-
886	131.147	131.512	F#4	77	59	0	0	-1	*	3	-
887	131.154	131.371	C#4	79	62	0	0	122666	P1-1-908	0	-
888	131.155	131.52	Eb4	77	59	0	0	122666	P1-1-909	0	-
889	131.44	131.517	Bb2	70	65	0	0	123000	P1-1-911	0	-
890	131.484	131.819	C5	92	46	0	0	123000	P1-1-913	0	-
891	131.489	131.592	C4	86	57	0	0	123000	P1-1-912	0	-
892	131.711	131.966	F#4	76	55	0	0	-1	*	3	-
893	131.715	132.079	Eb4	77	31	0	0	123334	P1-1-916	0	-
894	131.725	131.926	Eb2	58	50	0	0	123334	P1-1-914	0	-
895	131.733	131.819	C4	71	59	0	0	123334	P1-1-915	0	-
896	131.974	132.38	Bb1	74	63	0	0	123666	P1-1-917	0	-
897	131.98	132.153	C5	86	64	0	0	123666	P1-1-919	0	-
898	131.994	132.117	C4	84	61	0	0	123666	P1-1-918	0	-
899	132.261	132.448	F#2	80	61	0	0	124000	P1-1-920	0	-
900	132.27	133.264	B4	88	51	0	0	124000	P1-1-923	0	-
901	132.278	132.735	B3	85	40	0	0	124000	P1-1-921	0	-
902	132.281	132.68	Eb4	84	58	0	0	124000	P1-1-922	0	-
903	132.282	132.767	F#4	79	60	0	0	-1	*	3	-
904	132.579	132.755	F#3	67	60	0	0	124334	P1-1-924	1	-
905	132.851	133.281	Eb4	79	46	0	0	124666	P1-1-927	0	-
906	132.858	133.204	Bb2	67	56	0	0	124666	P1-1-925	1	-
907	132.862	133.097	B3	74	80	0	0	124666	P1-1-926	0	-
908	133.124	133.309	F#4	86	60	0	0	125000	P1-1-929	0	-
909	133.128	133.269	B3	23	36	0	0	125000	P1-1-928	1	-
910	133.14	133.284	F#3	65	53	0	0	-1	*	3	-
911	133.412	134.808	B4	80	56	0	0	125334	P1-1-932	0	-
912	133.413	133.79	B3	79	58	0	0	125334	P1-1-930	0	-
913	133.427	133.802	Eb4	81	58	0	0	125334	P1-1-931	0	-
914	133.431	133.785	F#4	78	59	0	0	-1	*	3	-
915	133.718	134.081	Eb3	59	35	0	0	125666	P1-1-933	0	-
916	133.961	134.778	B3	72	56	0	0	126000	P1-1-934	0	-
917	133.962	134.203	Eb4	72	60	0	0	126000	P1-1-935	0	-
918	134.217	134.311	F#4	67	63	0	0	126334	P1-1-936	0	-
919	134.523	135.097	Eb4	66	55	0	0	126666	P1-1-937	0	-
920	134.527	134.718	F#4	58	61	0	0	126666	P1-1-938	0	-
921	135.072	135.35	Bb4	76	64	0	0	127334	P1-1-941	0	-
922	135.107	135.278	Bb3	57	63	0	0	127334	P1-1-939	0	-
923	135.764	136.186	C#4	64	64	0	0	128000	P1-1-943	0	-
924	135.855	136.687	A4	71	50	0	0	128000	P1-1-945	0	-
925	135.863	136.398	A3	55	37	0	0	128000	P1-1-942	0	-
926	135.876	136.323	Eb4	54	53	0	0	128000	P1-1-944	0	-
927	135.883	136.329	F#4	56	55	0	0	128000	*	3	-
928	136.23	136.285	Eb3	49	63	0	0	128334	P1-1-946	0	-
929	136.552	137.086	Eb4	40	36	0	0	128666	P1-1-949	0	-
930	136.56	136.967	A3	52	46	0	0	128666	P1-1-948	0	-
931	136.564	136.843	Bb2	39	40	0	0	128666	P1-1-947	1	-
932	136.564	137.069	F#4	45	39	0	0	-1	*	3	-
933	136.833	136.882	Bb1	54	64	0	0	129000	P1-1-950	0	-
934	136.859	136.99	A4	65	58	0	0	129000	P1-1-951	0	-
935	137.162	137.441	B3	81	63	0	0	129334	P1-1-953	0	-
936	137.194	137.959	A4	69	59	0	0	129334	P1-1-955	0	-
937	137.214	137.515	Eb4	49	53	0	0	129334	P1-1-954	0	-
938	137.229	137.524	A3	53	61	0	0	129334	P1-1-952	0	-
939	137.241	137.507	F#4	57	58	0	0	-1	*	3	-
940	137.468	137.505	Eb3	45	64	0	0	129666	P1-1-956	0	-
941	137.735	138.057	Eb4	42	57	0	0	130000	P1-1-959	0	-
942	137.751	138.065	F#4	44	63	0	0	-1	*	3	-
943	137.758	138.021	A3	37	47	0	0	130000	P1-1-958	0	-
944	137.766	138.037	Bb2	48	56	0	0	130000	P1-1-957	1	-
945	138.019	138.065	Bb1	48	61	0	0	130334	P1-1-960	0	-
946	138.312	138.612	F#3	68	66	0	0	-1	*	3	-
947	138.36	139.976	Bb4	72	61	0	0	130666	P1-1-963	0	-
948	138.392	138.742	Eb4	49	52	0	0	130666	P1-1-962	0	-
949	138.392	139.006	F#4	53	35	0	0	-1	*	3	-
950	138.407	138.749	Bb3	52	55	0	0	130666	P1-1-961	0	-
951	138.624	138.678	Bb2	53	66	0	0	131000	P1-1-964	1	-
952	138.923	139.305	Eb4	53	51	0	0	131334	P1-1-967	0	-
953	138.939	139.038	Bb2	16	52	0	0	131334	P1-1-965	1	-
954	138.948	139.375	Bb3	33	43	0	0	131334	P1-1-966	0	-
955	139.171	139.237	Bb1	41	57	0	0	131666	P1-1-968	0	-
956	139.498	140.2	F#2	57	53	0	0	132000	P1-1-969	1	-
957	139.522	140.507	Eb4	69	34	0	0	132000	P1-1-971	0	-
958	139.536	139.901	Bb3	50	61	0	0	132000	P1-1-970	0	-
959	140.103	140.702	Bb1	53	36	0	0	132666	P1-1-973	0	-
960	140.344	140.7	F#2	56	59	0	0	133000	P1-1-975	1	-
961	140.364	140.473	F4	73	64	0	0	133000	P1-1-976	0	-
962	140.696	141.082	Eb2	51	58	0	0	133334	P1-1-977	1	-
963	140.74	142.882	F#4	58	35	0	0	133334	P1-1-980	0	-
964	140.749	141.143	F#3	46	44	0	0	133334	P1-1-978	0	-
965	140.753	141.12	Eb4	50	58	0	0	133334	P1-1-979	0	-
966	141.063	141.593	Bb1	60	54	0	0	133666	P1-1-981	1	-
967	141.321	141.606	Eb2	47	61	0	0	134000	P1-1-982	0	-
968	141.323	141.727	Eb4	68	58	0	0	134000	P1-1-984	0	-
969	141.335	141.715	F#3	55	56	0	0	134000	P1-1-983	0	-
970	141.597	141.656	Bb2	62	64	0	0	134334	P1-1-985	1	-
971	141.89	142.105	Eb3	58	55	0	0	134666	P1-1-986	1	-
972	141.896	142.218	Eb4	74	58	0	0	134666	P1-1-988	0	-
973	141.923	142.173	F#3	55	47	0	0	134666	P1-1-987	0	-
974	142.161	142.834	Bb2	48	43	0	0	135000	P1-1-989	0	-
975	142.424	142.874	Eb4	59	33	0	0	135334	P1-1-992	0	-
976	142.444	142.82	Eb3	40	42	0	0	135334	P1-1-990	0	-
977	142.456	142.746	F#3	46	29	0	0	135334	P1-1-991	0	-
978	142.715	142.814	Bb3	51	63	0	0	135666	P1-1-993	0	-
979	143.107	143.53	C#4	64	63	0	0	136000	P1-1-996	0	-
980	143.141	143.396	F#4	70	59	0	0	136000	P1-1-997	0	-
981	143.197	143.371	F#3	39	58	0	0	136000	P1-1-994	0	-
982	143.375	143.376	F#3	13	127	0	0	136334	P1-1-998	1	-
983	143.509	143.996	F4	79	26	0	0	136334	P1-1-999	0	-
984	143.534	143.642	F3	60	52	0	0	-1	*	3	-
985	143.628	144.038	Bb2	56	80	0	0	136445	P1-1-1000	0	-
986	143.846	144.179	C#4	86	61	0	0	136666	P1-1-1002	0	-
987	143.873	144.005	F3	62	61	0	0	136666	P1-1-1001	0	-
988	144.073	144.132	Bb1	66	63	0	0	136889	P1-1-1003	0	-
989	144.165	144.295	F4	82	65	0	0	137000	P1-1-1005	0	-
990	144.184	144.24	F3	77	65	0	0	137000	P1-1-1004	0	-
991	144.462	144.972	Eb3	70	56	0	0	137000	*	3	-
992	144.573	145.016	C#4	50	52	0	0	137334	P1-1-1008	0	-
993	144.581	144.828	G#4	82	65	0	0	137334	P1-1-1009	0	-
994	144.587	144.828	G#3	66	63	0	0	137334	P1-1-1006	0	-
995	144.602	145.003	Bb3	59	57	0	0	137334	P1-1-1007	0	-
996	144.944	145.346	F#4	86	57	0	0	137666	P1-1-1011	0	-
997	144.968	145.368	F#3	66	59	0	0	137666	P1-1-1010	0	-
998	145.129	145.632	Bb2	61	51	0	0	137777	P1-1-1012	0	-
999	145.216	145.59	C#4	64	59	0	0	138000	P1-1-1014	0	-
1000	145.226	145.605	Bb3	72	56	0	0	138000	P1-1-1013	1	-
1001	145.507	145.983	Eb2	56	57	0	0	138223	P1-1-1015	0	-
1002	145.546	145.748	F#4	79	61	0	0	138334	P1-1-1017	0	-
1003	145.57	145.65	F#3	62	65	0	0	138334	P1-1-1016	0	-
1004	145.876	146.546	F4	77	63	0	0	138666	P1-1-1021	0	-
1005	145.889	146.159	Bb3	59	65	0	0	138666	P1-1-1019	0	-
1006	145.892	146.166	C4	64	62	0	0	138666	P1-1-1020	0	-
1007	145.893	146.15	F3	61	64	0	0	138666	P1-1-1018	0	-
1008	146.298	147.031	C4	54	43	0	0	138666	*	3	-
1009	146.301	146.983	Bb3	56	61	0	0	138666	*	3	-
1010	146.317	146.405	F3	36	52	0	0	138666	*	3	-
1011	146.7	147.381	E4	76	59	0	0	139000	P1-1-1023	0	-
1012	146.759	147.647	E3	43	41	0	0	139000	P1-1-1022	0	-
1013	146.813	147.719	C3	25	55	0	0	139111	P1-1-1024	0	-
1014	147.123	147.596	Bb3	54	55	0	0	-1	*	3	-
1015	147.134	147.577	C4	59	54	0	0	139334	P1-1-1026	0	-
1016	147.54	148.363	F#2	27	15	0	0	139555	P1-1-1027	0	-
1017	147.549	147.734	E4	71	62	0	0	139666	P1-1-1029	0	-
1018	147.997	148.71	F4	62	58	0	0	140000	P1-1-1033	0	-
1019	148.002	148.77	C4	55	80	0	0	140000	P1-1-1032	0	-
1020	148.009	148.546	Bb3	47	80	0	0	140000	P1-1-1031	0	-
1021	148.011	149.195	F3	44	47	0	0	140000	P1-1-1030	0	-
1022	148.033	148.233	C3	36	64	0	0	-1	*	3	-
1023	148.412	148.735	C3	61	57	0	0	140334	P1-1-1034	0	-
1024	148.736	149.072	F2	54	62	0	0	140666	P1-1-1035	0	-
1025	148.765	149.176	Bb3	45	55	0	0	-1	*	3	-
1026	148.77	149.204	C4	5	35	0	0	140666	P1-1-1036	0	-
1027	149.048	149.104	C3	55	62	0	0	141000	P1-1-1037	0	-
1028	149.068	149.253	F4	65	57	0	0	-1	*	3	-
1029	149.502	149.92	F4	55	60	0	0	-1	*	3	-
1030	149.555	149.778	F3	32	44	0	0	-1	*	3	-
1031	149.573	149.941	A3	41	59	0	0	141334	P1-1-1038	0	-
1032	149.93	150.4	F3	60	57	0	0	141666	P1-1-1039	0	-
1033	150.27	150.593	B3	66	65	0	0	142000	P1-1-1040	0	-
1034	150.591	150.967	C4	69	53	0	0	142334	P1-1-1041	0	-
1035	150.948	151.343	Eb4	61	59	0	0	142666	P1-1-1042	0	-
1036	151.313	151.743	C4	50	58	0	0	143000	P1-1-1043	0	-
1037	151.689	152.185	C#4	44	54	0	0	143334	P1-1-1044	0	-
1038	152.106	152.396	E4	49	36	0	0	143666	P1-1-1045	0	-
1039	152.603	153.136	F4	62	51	0	0	144000	P1-1-1047	0	-
1040	152.685	153.551	C#5	69	59	0	0	144000	P1-1-1049	0	-
1041	152.712	153.184	C#4	44	54	0	0	144000	P1-1-1046	0	-
1042	152.714	153.18	Bb4	53	55	0	0	144000	P1-1-1048	0	-
1043	153.081	153.339	Bb3	41	48	0	0	144334	P1-1-1050	0	-
1044	153.379	153.716	F3	39	42	0	0	144666	P1-1-1051	0	-
1045	153.413	153.826	Bb4	50	59	0	0	144666	P1-1-1053	0	-
1046	153.415	153.905	C#4	31	42	0	0	144666	P1-1-1052	0	-
1047	153.734	153.778	Bb2	44	61	0	0	145000	P1-1-1054	0	-
1048	153.789	154.077	C#5	72	54	0	0	145000	P1-1-1055	0	-
1049	154.124	154.255	G#4	75	66	0	0	145334	P1-1-1057	0	-
1050	154.267	155.069	C#5	72	64	0	0	145334	P1-1-1059	0	-
1051	154.316	154.594	Bb4	52	56	0	0	145334	P1-1-1058	0	-
1052	154.336	154.601	C#4	43	41	0	0	145334	P1-1-1056	0	-
1053	154.558	154.703	Bb3	52	46	0	0	145666	P1-1-1060	0	-
1054	154.816	155.143	F3	45	55	0	0	146000	P1-1-1061	0	-
1055	154.864	155.071	C#4	34	53	0	0	146000	P1-1-1062	0	-
1056	154.868	155.083	Bb4	39	58	0	0	146000	P1-1-1063	0	-
1057	155.165	155.206	Bb2	43	58	0	0	146334	P1-1-1064	0	-
1058	155.51	155.984	F#4	42	63	0	0	146666	P1-1-1066	0	-
1059	155.615	156.146	Bb4	48	54	0	0	146666	P1-1-1067	0	-
1060	155.618	156.095	Eb4	39	41	0	0	146666	P1-1-1065	1	-
1061	155.632	156.012	F5	66	36	0	0	146666	P1-1-1068	0	-
1062	156.019	156.066	Bb3	64	66	0	0	147000	P1-1-1069	0	-
1063	156.025	156.273	C#5	79	56	0	0	147000	P1-1-1070	0	-
1064	156.254	156.303	C#4	60	63	0	0	147334	P1-1-1072	0	-
1065	156.298	156.745	Eb3	39	52	0	0	147334	P1-1-1071	0	-
1066	156.306	156.731	Bb4	59	49	0	0	147334	P1-1-1073	0	-
1067	156.443	156.695	F5	61	41	0	0	147334	P1-1-1074	0	-
1068	156.478	156.48	G5	15	127	0	0	147334	*	3	-
1069	156.681	156.922	Eb5	79	64	0	0	147555	P1-1-1075	0	-
1070	156.716	156.78	Bb2	58	65	0	0	147666	P1-1-1076	0	-
1071	156.874	156.971	Bb4	80	64	0	0	147777	P1-1-1077	0	-
1072	157.07	157.623	F4	73	58	0	0	148000	P1-1-1079	0	-
1073	157.253	157.962	Bb4	67	58	0	0	148000	P1-1-1080	0	-
1074	157.259	157.621	C#4	61	61	0	0	148000	P1-1-1078	0	-
1075	157.575	157.822	Bb3	63	61	0	0	148334	P1-1-1081	0	-
1076	157.794	158.256	C#4	73	63	0	0	148666	P1-1-1083	0	-
1077	157.839	158.14	F3	51	60	0	0	148666	P1-1-1082	0	-
1078	157.995	158.24	B4	76	63	0	0	148889	P1-1-1085	0	-
1079	158.126	158.288	Bb2	55	58	0	0	149000	P1-1-1086	0	-
1080	158.196	158.28	C5	82	60	0	0	149111	P1-1-1087	0	-
1081	158.564	159.044	F#3	71	56	0	0	-1	*	3	-
1082	158.564	161.048	C#5	72	56	0	0	149334	P1-1-1091	0	-
1083	158.57	159.048	C#4	59	38	0	0	149334	P1-1-1088	0	-
1084	158.576	158.925	F#4	59	56	0	0	149334	P1-1-1089	0	-
1085	158.587	158.922	Bb4	53	54	0	0	149334	P1-1-1090	0	-
1086	158.931	159.275	Bb2	58	59	0	0	149666	P1-1-1092	1	-
1087	159.212	159.534	Eb2	63	55	0	0	150000	P1-1-1093	1	-
1088	159.221	159.611	Bb4	67	53	0	0	150000	P1-1-1095	0	-
1089	159.227	159.695	C#4	59	46	0	0	150000	P1-1-1094	0	-
1090	159.231	159.629	F#4	62	57	0	0	-1	*	3	-
1091	159.575	159.635	F#2	40	61	0	0	150334	P1-1-1096	1	-
1092	159.853	160.235	Bb4	56	59	0	0	150666	P1-1-1099	0	-
1093	159.856	160.218	F#4	43	59	0	0	-1	*	3	-
1094	159.862	160.226	C#4	43	51	0	0	150666	P1-1-1098	0	-
1095	159.882	160.179	Eb2	51	53	0	0	150666	P1-1-1097	1	-
1096	160.192	160.892	Bb1	45	49	0	0	151000	P1-1-1100	1	-
1097	160.469	161.265	Bb4	42	38	0	0	151334	P1-1-1103	0	-
1098	160.481	161.126	C#4	38	39	0	0	151334	P1-1-1102	0	-
1099	160.489	160.915	Eb2	31	54	0	0	151334	P1-1-1101	1	-
1100	160.495	161.044	F#4	31	40	0	0	-1	*	3	-
1101	160.849	160.939	Bb2	47	65	0	0	151666	P1-1-1104	1	-
1102	161.389	161.719	C#5	64	62	0	0	152000	P1-1-1108	0	-
1103	161.401	161.839	E4	52	44	0	0	-1	*	3	-
1104	161.413	161.683	C#4	24	39	0	0	-1	*	3	-
1105	161.417	161.865	F#4	48	62	0	0	152000	P1-1-1106	0	-
1106	161.831	162.233	C5	71	27	0	0	152334	P1-1-1111	0	-
1107	161.851	161.974	C4	47	30	0	0	-1	*	3	-
1108	161.853	162.083	C#4	43	55	0	0	-1	*	3	-
1109	162.109	162.442	E4	57	58	0	0	152666	P1-1-1114	1	-
1110	162.13	162.421	F#3	53	61	0	0	-1	*	3	-
1111	162.135	162.253	C4	57	55	0	0	152666	P1-1-1113	0	-
1112	162.382	162.436	C#4	70	64	0	0	152334	P1-1-1110	0	-
1113	162.392	162.575	C5	83	64	0	0	153000	P1-1-1117	0	-
1114	162.412	162.477	C4	72	54	0	0	153000	P1-1-1116	0	-
1115	162.696	162.967	E3	40	63	0	0	152666	P1-1-1112	0	-
1116	162.697	162.888	C5	87	62	0	0	153334	P1-1-1121	0	-
1117	162.7	163.029	E4	71	54	0	0	153334	P1-1-1120	1	-
1118	162.707	162.806	C4	67	59	0	0	153334	P1-1-1119	0	-
1119	162.953	162.989	F#3	69	68	0	0	153000	P1-1-1115	0	-
1120	162.973	163.198	Bb4	88	60	0	0	153666	P1-1-1124	0	-
1121	163.001	163.105	Bb3	70	59	0	0	153666	P1-1-1123	0	-
1122	163.233	163.531	E4	83	64	0	0	154000	P1-1-1127	1	-
1123	163.245	163.376	Bb3	72	60	0	0	-1	*	3	-
1124	163.26	163.531	Bb2	52	60	0	0	153334	P1-1-1118	1	-
1125	163.515	163.603	E2	58	63	0	0	153666	P1-1-1122	0	-
1126	163.527	163.634	Bb4	83	61	0	0	154334	P1-1-1130	0	-
1127	163.54	163.594	Bb3	68	60	0	0	-1	*	3	-
1128	163.833	164.14	C#3	38	56	0	0	154000	P1-1-1125	0	-
1129	163.885	164.364	F3	54	57	0	0	-1	*	3	-
1130	163.905	164.24	Bb4	82	62	0	0	154666	P1-1-1134	0	-
1131	163.933	164.223	Bb3	47	65	0	0	154666	P1-1-1132	0	-
1132	164.216	164.329	C#4	48	62	0	0	154334	P1-1-1129	0	-
1133	164.321	164.527	A4	85	60	0	0	155000	P1-1-1137	0	-
1134	164.327	164.586	C#3	52	61	0	0	154666	P1-1-1131	0	-
1135	164.332	164.434	A3	68	63	0	0	155000	P1-1-1136	0	-
1136	164.562	164.878	F4	79	66	0	0	155334	P1-1-1140	0	-
1137	164.574	164.687	A3	75	63	0	0	-1	*	3	-
1138	164.576	164.874	F2	62	62	0	0	155000	P1-1-1135	0	-
1139	164.874	164.973	Bb4	86	61	0	0	155666	P1-1-1143	0	-
1140	164.882	164.932	C#3	61	60	0	0	155334	P1-1-1138	0	-
1141	164.884	164.928	Bb3	76	67	0	0	155334	P1-1-1139	1	-
1142	165.291	165.748	Bb3	45	54	0	0	155666	P1-1-1141	0	-
1143	165.324	165.645	C#5	73	62	0	0	156000	P1-1-1146	0	-
1144	165.326	165.847	E4	53	45	0	0	-1	*	3	-
1145	165.344	165.589	C#4	47	62	0	0	-1	*	3	-
1146	165.758	166.218	C5	71	45	0	0	156334	P1-1-1149	0	-
1147	165.788	165.904	C4	53	50	0	0	156334	P1-1-1147	0	-
1148	165.802	166.094	E3	39	39	0	0	-1	*	3	-
1149	166.074	166.521	E4	71	26	0	0	156666	P1-1-1152	0	-
1150	166.09	166.211	C4	59	57	0	0	156666	P1-1-1151	0	-
1151	166.091	166.381	F#2	49	36	0	0	156666	P1-1-1150	1	-
1152	166.349	166.52	C5	93	63	0	0	157000	P1-1-1155	0	-
1153	166.351	166.398	E3	59	66	0	0	-1	*	3	-
1154	166.375	166.445	C4	67	54	0	0	157000	P1-1-1153	0	-
1155	166.597	166.95	C#3	54	61	0	0	157334	P1-1-1156	0	-
1156	166.624	166.848	C5	90	66	0	0	157334	P1-1-1159	0	-
1157	166.644	167.098	E4	72	28	0	0	157334	P1-1-1158	0	-
1158	166.645	166.781	C4	68	52	0	0	157334	P1-1-1157	0	-
1159	166.922	167.575	F#2	58	31	0	0	157666	P1-1-1160	0	-
1160	166.931	167.309	Bb4	90	28	0	0	157666	P1-1-1162	0	-
1161	166.95	167.07	Bb3	75	61	0	0	157666	P1-1-1161	0	-
1162	167.181	167.587	C#3	62	62	0	0	158000	P1-1-1163	0	-
1163	167.185	167.527	E4	75	56	0	0	158000	P1-1-1165	0	-
1164	167.207	167.321	Bb3	70	61	0	0	158000	P1-1-1164	0	-
1165	167.477	167.647	Bb4	83	58	0	0	158334	P1-1-1168	0	-
1166	167.489	167.577	Bb3	67	58	0	0	158334	P1-1-1166	0	-
1167	167.504	167.575	E3	53	56	0	0	-1	*	3	-
1168	167.747	168.097	E3	47	41	0	0	158666	P1-1-1169	1	-
1169	167.826	168.123	Bb4	67	62	0	0	158666	P1-1-1172	0	-
1170	167.846	168.157	E4	62	55	0	0	158666	P1-1-1171	0	-
1171	167.862	168.086	Bb3	54	65	0	0	158666	P1-1-1170	0	-
1172	168.192	168.638	C#3	54	58	0	0	159000	P1-1-1173	0	-
1173	168.204	168.385	A4	86	57	0	0	159000	P1-1-1175	0	-
1174	168.224	168.32	A3	60	49	0	0	159000	P1-1-1174	0	-
1175	168.575	169.108	F#2	46	38	0	0	159334	P1-1-1176	0	-
1176	168.606	168.941	C5	75	57	0	0	159334	P1-1-1179	0	-
1177	168.642	168.843	C4	44	49	0	0	159334	P1-1-1177	0	-
1178	169.012	169.504	C#3	44	42	0	0	159666	P1-1-1180	0	-
1179	169.074	169.154	Bb4	68	61	0	0	159666	P1-1-1182	0	-
1180	169.089	169.144	Bb3	56	63	0	0	159666	P1-1-1181	0	-
1181	169.423	169.962	F2	64	61	0	0	160000	P1-1-1183	0	-
1182	169.474	170.517	Bb4	85	60	0	0	160000	P1-1-1186	0	-
1183	169.498	169.926	C#4	64	53	0	0	160000	P1-1-1185	0	-
1184	169.506	169.973	Bb3	59	54	0	0	160000	P1-1-1184	0	-
1185	169.904	170.376	C#3	55	56	0	0	160334	P1-1-1187	0	-
1186	170.203	170.538	C#4	69	48	0	0	160666	P1-1-1190	0	-
1187	170.216	170.478	F#3	68	58	0	0	160666	P1-1-1188	0	-
1188	170.242	170.49	Bb3	56	59	0	0	160666	P1-1-1189	0	-
1189	170.493	170.766	F3	81	58	0	0	161000	P1-1-1191	0	-
1190	170.754	171.114	C3	74	60	0	0	161334	P1-1-1192	0	-
1191	170.794	171.675	Bb4	82	65	0	0	161334	P1-1-1195	0	-
1192	170.808	171.327	C#4	47	31	0	0	161334	*	3	-
1193	170.825	171.246	Bb3	64	61	0	0	161334	P1-1-1193	0	-
1194	170.829	171.218	F4	65	54	0	0	161334	P1-1-1194	0	-
1195	171.08	171.425	C#3	67	31	0	0	161666	P1-1-1196	0	-
1196	171.379	171.654	F#3	77	80	0	0	162000	*	3	-
1197	171.393	171.568	Bb3	69	65	0	0	162000	P1-1-1197	0	-
1198	171.395	171.6	C#4	53	63	0	0	162000	P1-1-1198	0	-
1199	171.401	171.6	F4	67	62	0	0	162000	P1-1-1199	0	-
1200	171.661	171.741	C#3	76	65	0	0	162334	P1-1-1200	0	-
1201	171.932	172.959	F3	71	50	0	0	162666	P1-1-1201	0	-
1202	171.995	172.95	Bb4	84	59	0	0	162666	P1-1-1203	0	-
1203	172.014	172.328	C#4	69	61	0	0	162666	P1-1-1202	1	-
1204	172.35	172.734	C4	78	30	0	0	163000	P1-1-1204	0	-
1205	172.615	173.089	C#4	87	16	0	0	163334	P1-1-1205	0	-
1206	172.679	172.746	F4	9	51	0	0	163334	P1-1-1206	0	-
1207	172.886	173.144	C4	82	56	0	0	163666	P1-1-1207	0	-
1208	173.136	176.748	F3	41	54	0	0	164000	P1-1-1208	0	-
1209	173.189	173.738	F4	78	62	0	0	164000	P1-1-1210	0	-
1210	173.237	174.323	Bb4	83	57	0	0	164000	P1-1-1211	0	-
1211	173.246	173.765	C#4	74	58	0	0	164000	P1-1-1209	0	-
1212	173.996	174.355	F4	80	61	0	0	164666	P1-1-1213	0	-
1213	174.001	174.36	C#4	82	60	0	0	164666	P1-1-1212	0	-
1214	174.248	174.482	C5	87	63	0	0	165000	P1-1-1214	0	-
1215	174.542	175.017	F4	68	62	0	0	165334	P1-1-1216	0	-
1216	174.548	176.769	C#5	91	59	0	0	165334	P1-1-1218	0	-
1217	174.57	175.001	Bb4	71	59	0	0	165334	P1-1-1217	0	-
1218	174.575	175.032	C#4	79	53	0	0	165334	P1-1-1215	0	-
1219	175.26	175.622	Bb4	76	59	0	0	166000	P1-1-1221	0	-
1220	175.291	175.603	C#4	61	51	0	0	166000	P1-1-1219	0	-
1221	175.292	175.577	F4	61	60	0	0	166000	P1-1-1220	0	-
1222	175.855	176.176	Bb4	50	58	0	0	166666	P1-1-1224	0	-
1223	175.877	176.182	C#4	38	33	0	0	166666	P1-1-1222	0	-
1224	175.883	176.09	F4	44	55	0	0	166666	P1-1-1223	0	-
1225	176.506	176.789	Bb4	46	59	0	0	167334	P1-1-1227	0	-
1226	176.516	176.7	F4	30	60	0	0	167334	P1-1-1226	0	-
1227	176.556	176.863	C#4	21	49	0	0	167334	P1-1-1225	0	-
1228	177.3	177.957	E2	34	41	0	0	168000	P1-1-1228	0	-
1229	177.397	178.578	F#4	53	58	0	0	168000	P1-1-1230	0	-
1230	177.418	177.887	C#4	42	42	0	0	168000	*	3	-
1231	177.42	177.782	F#3	58	63	0	0	168000	P1-1-1229	1	-
1232	177.887	178.204	C#3	49	55	0	0	168334	P1-1-1231	0	-
1233	178.181	178.564	C#4	49	55	0	0	168666	*	3	-
1234	178.206	178.543	F#3	53	48	0	0	168666	P1-1-1232	0	-
1235	178.22	178.726	Bb3	38	43	0	0	168666	P1-1-1233	0	-
1236	178.495	178.574	C#3	63	63	0	0	169000	P1-1-1234	0	-
1237	178.787	179.175	C3	46	50	0	0	169334	P1-1-1235	0	-
1238	178.865	179.802	F#4	72	59	0	0	169334	P1-1-1237	0	-
1239	178.878	179.268	Bb3	43	43	0	0	169334	P1-1-1236	0	-
1240	178.901	179.207	C#4	50	57	0	0	169334	*	3	-
1241	179.157	179.303	C#3	60	53	0	0	169666	P1-1-1238	0	-
1242	179.43	179.795	C#4	72	53	0	0	170000	P1-1-1240	0	-
1243	179.474	179.892	Bb3	46	32	0	0	170000	P1-1-1239	0	-
1244	179.737	179.809	C#3	60	61	0	0	170334	P1-1-1241	0	-
1245	180.153	181.307	F#4	61	59	0	0	170666	P1-1-1244	0	-
1246	180.171	181.305	E3	42	37	0	0	170666	P1-1-1242	0	-
1247	180.2	180.521	C#4	41	55	0	0	170666	*	3	-
1248	180.211	180.558	Bb3	38	44	0	0	170666	P1-1-1243	0	-
1249	180.627	180.951	C4	49	39	0	0	171000	P1-1-1245	0	-
1250	180.943	181.287	C#4	57	37	0	0	171334	P1-1-1247	0	-
1251	180.969	181.293	Bb3	45	40	0	0	171334	P1-1-1246	0	-
1252	181.271	181.699	C4	54	34	0	0	171666	P1-1-1248	0	-
1253	181.721	185.331	E3	26	57	0	0	172000	P1-1-1249	0	-
1254	181.723	182.206	C#4	48	48	0	0	172000	P1-1-1251	0	-
1255	181.747	182.864	F#4	61	35	0	0	172000	P1-1-1252	0	-
1256	181.807	182.227	Bb3	37	44	0	0	172000	P1-1-1250	0	-
1257	182.537	182.902	C#4	45	51	0	0	172666	P1-1-1254	0	-
1258	182.585	182.918	Bb3	41	48	0	0	172666	P1-1-1253	0	-
1259	182.83	182.943	G#4	79	64	0	0	173000	P1-1-1255	0	-
1260	183.157	183.594	C#4	43	50	0	0	173334	P1-1-1257	0	-
1261	183.169	185.506	Bb4	62	60	0	0	173334	P1-1-1259	0	-
1262	183.209	183.618	F#4	43	43	0	0	173334	P1-1-1258	0	-
1263	183.222	183.574	Bb3	35	43	0	0	173334	P1-1-1256	0	-
1264	183.857	184.164	C#4	36	42	0	0	174000	P1-1-1261	0	-
1265	183.893	184.168	F#4	26	43	0	0	174000	P1-1-1262	0	-
1266	183.919	184.172	Bb3	25	42	0	0	174000	P1-1-1260	0	-
1267	184.452	184.812	C#4	38	41	0	0	174666	P1-1-1264	0	-
1268	184.502	184.833	F#4	35	41	0	0	174666	P1-1-1265	0	-
1269	184.53	184.818	Bb3	25	40	0	0	174666	P1-1-1263	0	-
1270	185.111	185.338	C#4	38	51	0	0	175333	P1-1-1267	0	-
1271	185.169	185.418	Bb3	26	44	0	0	175333	P1-1-1266	0	-
1272	185.863	186.198	Eb3	24	58	0	0	176000	P1-1-1269	0	-
1273	185.887	187.068	B3	47	57	0	0	176000	P1-1-1270	0	-
1274	185.939	187.185	B4	53	65	0	0	176000	P1-1-1273	0	-
1275	185.951	187.138	F#4	36	43	0	0	176000	P1-1-1272	0	-
1276	185.965	187.127	Eb4	29	52	0	0	176000	P1-1-1271	0	-
1277	186.592	187.133	Eb2	41	54	0	0	176334	P1-1-1274	0	-
1278	187.019	187.75	B2	42	52	0	0	176666	P1-1-1275	0	-
1279	187.604	187.818	F#3	22	59	0	0	177000	P1-1-1276	0	-
1280	187.621	188.547	C#5	53	80	0	0	177000	P1-1-1277	0	-
1281	188.582	191.393	Eb5	46	60	0	0	177334	P1-1-1279	0	-
1282	188.594	191.247	F#4	26	42	0	0	177334	P1-1-1278	0	-
1283	192.521	193.678	F2	28	57	0	0	184000	P1-1-1280	0	-
1284	192.557	193.172	Eb4	48	33	0	0	184000	P1-1-1283	0	-
1285	192.557	193.834	F4	62	53	0	0	184000	P1-1-1284	0	-
1286	192.571	193.168	F3	29	39	0	0	184000	P1-1-1281	0	-
1287	192.573	193.125	A3	37	44	0	0	184000	P1-1-1282	0	-
1288	193.369	193.782	F3	30	41	0	0	184666	P1-1-1285	0	-
1289	193.399	193.759	Eb4	43	51	0	0	184666	P1-1-1287	0	-
1290	193.415	193.779	A3	21	43	0	0	184666	P1-1-1286	0	-
1291	193.942	194.865	C2	42	55	0	0	185334	P1-1-1288	0	-
1292	194.016	195.049	F2	48	64	0	0	185334	P1-1-1289	0	-
1293	194.049	195.032	F4	74	57	0	0	185334	P1-1-1293	0	-
1294	194.064	194.496	Eb4	68	47	0	0	185334	P1-1-1292	0	-
1295	194.076	194.496	F3	48	60	0	0	185334	P1-1-1290	0	-
1296	194.086	194.523	A3	41	36	0	0	185334	P1-1-1291	0	-
1297	194.701	195.005	A3	47	55	0	0	186000	P1-1-1295	0	-
1298	194.723	194.998	F3	43	55	0	0	186000	P1-1-1294	0	-
1299	194.725	195.021	Eb4	66	57	0	0	186000	P1-1-1296	0	-
1300	195.159	195.957	B1	45	40	0	0	186665	P1-1-1297	0	-
1301	195.278	196.053	F2	47	61	0	0	186665	P1-1-1298	0	-
1302	195.279	196.17	F4	85	57	0	0	186665	P1-1-1302	0	-
1303	195.314	195.72	Eb4	65	52	0	0	186665	P1-1-1301	0	-
1304	195.323	195.69	F3	46	58	0	0	186665	P1-1-1299	0	-
1305	195.346	195.726	A3	23	42	0	0	186665	P1-1-1300	0	-
1306	195.945	196.269	Eb4	53	27	0	0	187333	P1-1-1305	0	-
1307	195.957	196.345	F3	28	22	0	0	187333	P1-1-1303	0	-
1308	195.964	196.186	A3	18	49	0	0	187333	P1-1-1304	0	-
1309	196.64	197.721	Bb1	29	49	0	0	188000	P1-1-1306	0	-
1310	196.672	197.736	F2	27	59	0	0	188000	P1-1-1307	0	-
1311	196.711	198.65	F4	53	54	0	0	188000	P1-1-1311	0	-
1312	196.723	197.203	D4	37	51	0	0	188000	P1-1-1310	0	-
1313	196.729	197.257	F3	22	41	0	0	188000	P1-1-1308	0	-
1314	196.741	197.201	Bb3	32	45	0	0	188000	P1-1-1309	0	-
1315	197.607	197.866	F3	27	54	0	0	188666	P1-1-1312	0	-
1316	197.607	198.443	Bb3	31	41	0	0	188666	P1-1-1313	0	-
1317	197.615	198.429	D4	34	41	0	0	188666	P1-1-1314	0	-
1318	198.074	198.122	F3	64	64	0	0	189000	P1-1-1315	0	-
1319	198.216	200.549	F3	74	57	0	0	189334	P1-1-1316	0	-
1320	198.903	199.279	D4	61	61	0	0	190000	P1-1-1318	0	-
1321	198.953	199.252	Bb3	35	43	0	0	190000	P1-1-1317	0	-
1322	199.552	199.992	D4	49	58	0	0	190666	P1-1-1320	0	-
1323	199.571	199.977	Bb3	38	44	0	0	190666	P1-1-1319	0	-
1324	200.286	200.605	D4	44	60	0	0	191334	P1-1-1322	0	-
1325	200.306	200.653	Bb3	34	44	0	0	191334	P1-1-1321	0	-
1326	201.142	202.177	B1	31	51	0	0	192000	P1-1-1323	0	-
1327	201.168	202.211	F2	29	59	0	0	192000	P1-1-1324	0	-
1328	201.191	202.247	F4	51	57	0	0	192000	P1-1-1328	0	-
1329	201.2	201.699	Eb4	40	42	0	0	192000	P1-1-1327	0	-
1330	201.219	201.712	F3	28	40	0	0	192000	P1-1-1325	0	-
1331	201.228	201.684	A3	33	45	0	0	192000	P1-1-1326	0	-
1332	201.926	202.219	F3	19	42	0	0	192666	P1-1-1329	0	-
1333	201.964	202.223	Eb4	43	39	0	0	192666	P1-1-1331	0	-
1334	201.984	202.227	A3	20	41	0	0	192666	P1-1-1330	0	-
1335	202.46	203.342	B1	26	53	0	0	193334	P1-1-1332	0	-
1336	202.508	203.399	F2	37	56	0	0	193334	P1-1-1333	0	-
1337	202.512	203.488	F4	60	60	0	0	193334	P1-1-1337	0	-
1338	202.525	202.926	F3	37	55	0	0	193334	P1-1-1334	0	-
1339	202.533	202.962	Eb4	45	42	0	0	193334	P1-1-1336	0	-
1340	202.541	203.094	A3	37	80	0	0	193334	P1-1-1335	0	-
1341	203.109	203.419	F3	33	44	0	0	194000	P1-1-1338	0	-
1342	203.156	203.455	Eb4	27	40	0	0	194000	P1-1-1340	0	-
1343	203.732	204.842	F4	73	52	0	0	194665	P1-1-1346	0	-
1344	203.736	204.681	F2	36	61	0	0	194665	P1-1-1342	0	-
1345	203.779	204.132	F3	33	49	0	0	194665	P1-1-1343	0	-
1346	203.787	204.162	Eb4	40	43	0	0	194665	P1-1-1345	0	-
1347	203.802	204.158	A3	10	43	0	0	194665	P1-1-1344	0	-
1348	204.368	204.729	A3	22	43	0	0	195333	P1-1-1348	0	-
1349	204.402	204.709	F3	42	37	0	0	195333	P1-1-1347	0	-
1350	204.431	204.793	Eb4	45	59	0	0	195333	P1-1-1349	0	-
1351	205.165	206.142	Bb1	39	52	0	0	196000	P1-1-1350	0	-
1352	205.192	206.883	F4	48	52	0	0	196000	P1-1-1355	0	-
1353	205.205	206.174	F2	35	58	0	0	196000	P1-1-1351	0	-
1354	205.209	205.692	Bb3	32	43	0	0	196000	P1-1-1353	0	-
1355	205.215	205.676	D4	28	49	0	0	196000	P1-1-1354	0	-
1356	205.223	205.684	F3	42	53	0	0	196000	P1-1-1352	0	-
1357	206.035	206.78	D4	43	43	0	0	196666	P1-1-1358	0	-
1358	206.045	206.803	Bb3	36	40	0	0	196666	P1-1-1357	0	-
1359	206.059	206.349	F3	41	39	0	0	196666	P1-1-1356	0	-
1360	206.516	206.561	F3	65	65	0	0	197000	P1-1-1359	0	-
1361	206.66	210.816	F3	69	52	0	0	197334	P1-1-1360	0	-
1362	207.348	207.731	D4	59	57	0	0	198000	P1-1-1362	0	-
1363	207.369	207.701	Bb3	40	39	0	0	198000	P1-1-1361	0	-
1364	208.007	208.468	D4	36	43	0	0	198666	P1-1-1364	0	-
1365	208.049	208.443	Bb3	34	43	0	0	198666	P1-1-1363	0	-
1366	208.873	209.479	D4	38	41	0	0	199334	P1-1-1366	0	-
1367	208.899	209.447	Bb3	32	44	0	0	199334	P1-1-1365	0	-
1368	211.51	212.532	F6	60	56	0	0	200000	P1-1-1373	0	-
1369	211.532	212.563	F5	42	45	0	0	200000	P1-1-1371	0	-
1370	211.532	212.607	A5	42	51	0	0	200000	P1-1-1372	0	-
1371	211.536	212.705	B3	39	60	0	0	200000	P1-1-1367	0	-
1372	211.545	212.551	F4	30	42	0	0	200000	P1-1-1369	0	-
1373	211.568	212.671	Eb4	40	49	0	0	200000	P1-1-1368	0	-
1374	211.576	212.39	A4	40	36	0	0	200000	P1-1-1370	0	-
1375	213.188	213.238	F3	62	61	0	0	201000	P1-1-1374	0	-
1376	213.344	215.383	F3	65	59	0	0	201334	P1-1-1375	0	-
1377	216.926	218.022	Bb4	29	39	0	0	204000	P1-1-1379	0	-
1378	216.934	218.122	F6	43	34	0	0	204000	P1-1-1382	0	-
1379	216.947	218.138	Bb5	27	41	0	0	204000	P1-1-1381	0	-
1380	216.954	218.236	F5	36	54	0	0	204000	P1-1-1380	0	-
1381	216.958	218.121	F4	37	34	0	0	204000	P1-1-1378	0	-
1382	216.967	218.504	Bb3	34	44	0	0	204000	P1-1-1376	0	-
1383	216.99	218.358	D4	36	40	0	0	204000	P1-1-1377	0	-
1384	219.837	221.098	F2	50	37	0	0	208000	P1-1-1384	0	-
1385	219.84	221.191	Bb1	38	37	0	0	208000	P1-1-1383	0	-
1386	223.523	226.556	Bb1	27	34	0	0	212000	P1-1-1385	0	-
1387	223.545	226.489	F2	20	29	0	0	212000	P1-1-1386	0	-
//Missing 0	P1-1-1
//Missing 2665	P1-1-22
//Missing 3777	P1-1-35
//Missing 4000	P1-1-37
//Missing 4000	P1-1-38
//Missing 4000	P1-1-39
//Missing 4000	P1-1-40
//Missing 6000	P1-1-58
//Missing 6665	P1-1-59
//Missing 6665	P1-1-63
//Missing 8665	P1-1-77
//Missing 10000	P1-1-90
//Missing 15334	P1-1-132
//Missing 15334	P1-1-133
//Missing 19334	P1-1-162
//Missing 21334	P1-1-176
//Missing 22000	P1-1-181
//Missing 22665	P1-1-185
//Missing 23334	P1-1-189
//Missing 23334	P1-1-190
//Missing 24000	P1-1-193
//Missing 24665	P1-1-200
//Missing 27334	P1-1-227
//Missing 32000	P1-1-253
//Missing 34665	P1-1-274
//Missing 36665	P1-1-296
//Missing 38665	P1-1-311
//Missing 39334	P1-1-316
//Missing 42000	P1-1-340
//Missing 42665	P1-1-347
//Missing 45334	P1-1-371
//Missing 46665	P1-1-381
//Missing 46665	P1-1-383
//Missing 46665	P1-1-384
//Missing 47334	P1-1-389
//Missing 47334	P1-1-391
//Missing 57334	P1-1-475
//Missing 57334	P1-1-476
//Missing 59334	P1-1-485
//Missing 65334	P1-1-535
//Missing 65334	P1-1-536
//Missing 67334	P1-1-545
//Missing 89334	P1-1-688
//Missing 89334	P1-1-689
//Missing 90000	P1-1-692
//Missing 92665	P1-1-710
//Missing 96000	P1-1-727
//Missing 97334	P1-1-737
//Missing 97334	P1-1-738
//Missing 100666	P1-1-759
//Missing 104666	P1-1-780
//Missing 104666	P1-1-781
//Missing 114666	P1-1-837
//Missing 116666	P1-1-856
//Missing 117666	P1-1-865
//Missing 118000	P1-1-870
//Missing 118666	P1-1-875
//Missing 127334	P1-1-940
//Missing 132334	P1-1-972
//Missing 132666	P1-1-974
//Missing 136000	P1-1-995
//Missing 139666	P1-1-1028
//Missing 148666	P1-1-1084
//Missing 152000	P1-1-1107
//Missing 154000	P1-1-1126
//Missing 154666	P1-1-1133
//Missing 155666	P1-1-1142
//Missing 156334	P1-1-1148
//Missing 157000	P1-1-1154
//Missing 158334	P1-1-1167
//Missing 159334	P1-1-1178
//Missing 175333	P1-1-1268
//Missing 194000	P1-1-1339
//Missing 194665	P1-1-1341
//Missing 22665	P1-1-183
//Missing 24000	P1-1-191
//Missing 36000	P1-1-289
//Missing 37334	P1-1-300
//Missing 37334	P1-1-301
//Missing 37334	P1-1-302
//Missing 38665	P1-1-312
//Missing 39334	P1-1-314
//Missing 39334	P1-1-313
//Missing 39334	P1-1-315
//Missing 41334	P1-1-331
//Missing 43334	P1-1-352
//Missing 46000	P1-1-376
//Missing 92888	P1-1-712
//Missing 94665	P1-1-718
//Missing 100889	P1-1-761
//Missing 139334	P1-1-1025
//Missing 152000	P1-1-1105
//Missing 152334	P1-1-1109
//Missing 154334	P1-1-1128
//Missing 156000	P1-1-1145
//Missing 156000	P1-1-1144
