// alignID alignOntime alignSitch alignPitch alignOnvel refID refOntime refSitch refPitch refOnvel
0	0.51282	Bb2	46	45	5	0	Bb2	46	70	
1	0.989582	F3	53	38	3	0	F3	53	70	
2	0.990918	C#5	73	65	2	0	C#5	73	70	
3	1.02564	Bb4	70	46	1	0	Bb4	70	70	
4	1.03365	C#4	61	46	0	0	C#4	61	70	
5	1.06704	F4	65	42	4	0	F4	65	70	
6	1.84829	F3	53	37	9	0.666667	F3	53	70	
7	1.86966	F4	65	33	10	0.666667	F4	65	70	
8	1.88168	C#4	61	48	7	0.666667	C#4	61	70	
9	1.88168	Bb4	70	58	8	0.666667	Bb4	70	70	
10	2.33173	C#5	73	74	11	1	C#5	73	70	
11	2.45059	F3	53	14	15	1.33333	F3	53	70	
12	2.56276	C#5	73	75	14	1.33333	C#5	73	70	
13	2.56544	F4	65	37	16	1.33333	F4	65	70	
14	2.58413	Bb4	70	50	13	1.33333	Bb4	70	70	
15	2.59214	C#4	61	34	12	1.33333	C#4	61	70	
16	3.19311	F3	53	38	19	2	F3	53	70	
17	3.22382	F4	65	34	20	2	F4	65	70	
18	3.24385	C#4	61	39	17	2	C#4	61	70	
19	3.24786	Bb4	70	40	18	2	Bb4	70	70	
20	3.63381	Bb2	46	49	26	2.66667	Bb2	46	70	
21	4.1266	F#3	54	40	24	2.66667	F#3	54	70	
22	4.172	F#4	66	22	25	2.66667	F#4	66	70	
23	4.18402	F5	77	65	23	2.66667	F5	77	70	
24	4.1907	Bb4	70	35	22	2.66667	Bb4	70	70	
25	4.22676	Eb4	63	25	21	2.66667	Eb4	63	70	
26	4.74359	C#5	73	68	28	3	C#5	73	70	
27	4.96794	F#3	54	33	32	3.33333	F#3	54	70	
28	5.05074	F#4	66	42	33	3.33333	F#4	66	70	
29	5.1055	Bb4	70	33	30	3.33333	Bb4	70	70	
30	5.1095	F5	77	72	31	3.33333	F5	77	70	
31	5.16292	Eb4	63	46	29	3.33333	Eb4	63	70	
32	5.36858	Eb5	75	69	34	3.55555	Eb5	75	70	
33	5.55555	Bb2	46	62	41	4	Bb2	46	70	
34	5.61565	Bb4	70	59	35	3.77778	Bb4	70	70	
35	5.93482	Bb4	70	76	37	4	Bb4	70	70	
36	5.94818	C#4	61	51	36	4	C#4	61	70	
37	5.96554	F3	53	41	*	-1	*	-1	-1	
38	5.97889	F4	65	49	40	4	F4	65	70	
39	6.56249	F3	53	29	42	4.06389	Bb2	46	70	
40	6.68803	F4	65	44	47	4.66667	F4	65	70	
41	6.70272	C#4	61	60	43	4.66667	C#4	61	70	
42	6.97115	B4	71	77	48	4.88889	B4	71	70	
43	7.22756	C5	72	70	49	5.11111	C5	72	70	
44	7.55074	F3	53	3	53	5.33333	F3	53	70	
45	7.5681	F4	65	38	54	5.33333	F4	65	70	
46	7.57077	Eb5	75	58	52	5.33333	Eb5	75	70	
47	7.57879	Bb4	70	50	51	5.33333	Bb4	70	70	
48	7.61885	C#4	61	46	50	5.33333	C#4	61	70	
49	7.98343	C#5	73	69	55	5.66667	C#5	73	70	
50	8.31863	F3	53	5	59	6	F3	53	70	
51	8.34534	F4	65	25	60	6	F4	65	70	
52	8.36671	Bb4	70	54	57	6	Bb4	70	70	
53	8.37472	C#4	61	21	56	6	C#4	61	70	
54	8.94096	Bb4	70	59	62	6.66667	Bb4	70	70	
55	8.96367	C#4	61	36	61	6.66667	C#4	61	70	
56	8.96367	F4	65	20	65	6.66667	F4	65	70	
57	9.53525	F3	53	26	68	7.33333	F3	53	70	
58	9.53525	Bb4	70	44	67	7.33333	Bb4	70	70	
59	9.5486	C#4	61	41	66	7.33333	C#4	61	70	
60	9.55661	F4	65	27	69	7.33333	F4	65	70	
61	10.2083	Bb2	46	29	75	8	Bb2	46	80	
62	10.2684	F#4	66	35	74	8	F#4	66	80	
63	10.2804	Eb5	75	54	72	8	Eb5	75	80	
64	10.2844	Eb4	63	37	71	8	Eb4	63	80	
65	10.2844	Bb4	70	38	70	8	Bb4	70	80	
66	10.2885	F#3	54	37	73	8	F#3	54	80	
67	10.8307	D5	74	59	77	8.33333	D5	74	80	
68	10.8427	D4	62	45	76	8.33333	D4	62	80	
69	11.1391	Bb4	70	64	79	8.66666	Bb4	70	80	
70	11.1405	F#4	66	64	81	8.66666	F#4	66	80	
71	11.1605	F#3	54	51	80	8.66666	F#3	54	80	
72	11.4263	D5	74	83	83	9	D5	74	80	
73	11.4557	D4	62	65	82	9	D4	62	80	
74	11.7388	F#3	54	46	87	9.33333	F#3	54	80	
75	11.7842	D5	74	65	86	9.33333	D5	74	80	
76	11.7962	F#4	66	55	88	9.33333	F#4	66	80	
77	11.8029	Bb4	70	51	84	9.33333	Bb4	70	80	
78	11.8082	D4	62	48	85	9.33333	D4	62	80	
79	12.1274	C#5	73	84	90	9.66666	C#5	73	80	
80	12.1448	C#4	61	69	89	9.66666	C#4	61	80	
81	12.3758	F#3	54	72	93	10	F#3	54	80	
82	12.3825	Bb4	70	73	92	10	Bb4	70	80	
83	12.3878	F#4	66	68	94	10	F#4	66	80	
84	12.6402	C#5	73	95	96	10.3333	C#5	73	80	
85	12.6683	C#4	61	74	95	10.3333	C#4	61	80	
86	12.8165	Bb2	46	44	102	10.6667	Bb2	46	80	
87	12.9514	F#3	54	68	*	-1	*	-1	-1	
88	13.0061	F#4	66	68	97	10.6667	F#4	66	80	
89	13.0088	C#5	73	94	99	10.6667	C#5	73	80	
90	13.0208	Eb4	63	69	*	-1	*	-1	-1	
91	13.0315	C#4	61	73	98	10.6667	C#4	61	80	
92	13.4028	C5	72	89	104	11	C5	72	80	
93	13.4188	C4	60	78	103	11	C4	60	80	
94	13.6418	Eb4	63	82	105	11.3333	C4	60	80	
95	13.6472	F#4	66	81	106	11.3333	F#4	66	80	
96	13.6605	F#3	54	76	107	11.3333	F#3	54	80	
97	13.9209	C5	72	94	110	11.6667	C5	72	80	
98	13.9276	C4	60	84	109	11.6667	C4	60	80	
99	14.1586	Bb2	46	60	116	12	Bb2	46	80	
100	14.2187	F#3	54	65	114	12	F#3	54	80	
101	14.2388	B4	71	91	113	12	B4	71	80	
102	14.2588	F#4	66	71	112	12	F#4	66	80	
103	14.2628	Eb4	63	68	115	12	Eb4	63	80	
104	14.2748	B3	59	62	111	12	B3	59	80	
105	14.9706	Eb4	63	78	119	12.6667	Eb4	63	80	
106	14.9813	B3	59	63	117	12.6667	B3	59	80	
107	14.9826	F#3	54	69	118	12.6667	F#3	54	80	
108	15.2337	F#4	66	87	120	13	F#4	66	80	
109	15.4808	B4	71	88	123	13.3333	B4	71	80	
110	15.5035	F#3	54	58	124	13.3333	F#3	54	80	
111	15.5128	F#4	66	69	122	13.3333	F#4	66	80	
112	15.5141	Eb4	63	46	125	13.3333	Eb4	63	80	
113	15.5262	B3	59	54	121	13.3333	B3	59	80	
114	16.1098	F#4	66	62	127	14	F#4	66	80	
115	16.1218	F#3	54	62	128	14	F#3	54	80	
116	16.1338	Eb4	63	53	129	14	Eb4	63	80	
117	16.1418	B3	59	44	126	14	B3	59	80	
118	16.6707	F#4	66	56	131	14.6667	F#4	66	80	
119	16.688	Eb4	63	50	133	14.6667	Eb4	63	80	
120	16.6987	B3	59	48	130	14.6667	B3	59	80	
121	16.704	F#3	54	51	132	14.6667	F#3	54	80	
122	17.2422	F#3	54	47	137	15.3333	F#3	54	80	
123	17.2783	Bb4	70	67	136	15.3333	Bb4	70	80	
124	17.2997	Bb3	58	49	134	15.3333	Bb3	58	80	
125	18.0422	F#3	54	57	143	16	F#3	54	80	
126	18.0676	C#4	61	70	144	16	C#4	61	80	
127	18.0756	Bb2	46	49	142	16	Bb2	46	80	
128	18.1076	A4	69	55	141	16	A4	69	80	
129	18.1156	Eb4	63	46	140	16	Eb4	63	80	
130	18.1196	F#4	66	46	*	-1	*	-1	-1	
131	18.1437	A3	57	35	139	16	A3	57	80	
132	18.8648	Bb2	46	30	147	16.6667	Bb2	46	80	
133	18.8755	F#3	54	48	148	16.6667	F#3	54	80	
134	18.8862	Eb4	63	46	146	16.6667	Eb4	63	80	
135	18.8889	A3	57	42	145	16.6667	A3	57	80	
136	18.8996	F#4	66	43	*	-1	*	-1	-1	
137	19.164	A4	69	70	149	17	A4	69	80	
138	19.3616	Bb2	46	6	153	17.3333	Bb2	46	80	
139	19.407	F#3	54	45	154	17.3333	F#3	54	80	
140	19.4618	B3	59	65	155	17.3333	B3	59	80	
141	19.4818	A4	69	61	152	17.3333	A4	69	80	
142	19.4925	Eb4	63	49	151	17.3333	Eb4	63	80	
143	19.5045	F#4	66	53	*	-1	*	-1	-1	
144	19.5205	A3	57	36	150	17.3333	A3	57	80	
145	20.0027	Bb2	46	26	158	18	Bb2	46	80	
146	20.0908	F#3	54	45	*	-1	*	-1	-1	
147	20.1055	Eb4	63	16	157	18	Eb4	63	80	
148	20.1068	F#4	66	37	*	-1	*	-1	-1	
149	20.1482	A3	57	41	*	-1	*	-1	-1	
150	20.5422	Bb2	46	28	163	18.6667	Bb2	46	80	
151	20.6437	Bb4	70	66	162	18.6667	Bb4	70	80	
152	20.6517	F#3	54	39	*	-1	*	-1	-1	
153	20.6717	Eb4	63	47	161	18.6667	Eb4	63	80	
154	20.6811	Bb3	58	44	160	18.6667	Bb3	58	80	
155	20.6918	F#4	66	45	*	-1	*	-1	-1	
156	21.3208	Bb3	58	33	166	19.3333	Bb3	58	80	
157	21.3234	Eb4	63	39	167	19.3333	Eb4	63	80	
158	21.3248	Bb2	46	26	168	19.3333	Bb2	46	80	
159	21.9538	Bb2	46	37	172	20	Bb2	46	80	
160	21.9738	F#3	54	52	174	20	F#3	54	80	
161	22.0005	Eb4	63	64	171	20	Eb4	63	80	
162	22.0286	Bb3	58	51	170	20	Bb3	58	80	
163	22.7203	Bb3	58	41	175	20.6667	Bb3	58	80	
164	22.7337	Bb2	46	38	176	20.6667	Bb2	46	80	
165	23.0582	F3	53	53	179	21	F3	53	80	
166	23.0635	F4	65	68	178	21	F4	65	80	
167	23.3787	Bb2	46	25	183	21.3333	Bb2	46	80	
168	23.3987	F#4	66	57	182	21.3333	F#4	66	80	
169	23.4108	F#3	54	48	180	21.3333	F#3	54	80	
170	23.4121	Eb3	51	41	185	21.3333	Eb3	51	80	
171	23.4228	Eb4	63	50	181	21.3333	Eb4	63	80	
172	24.1199	F#3	54	44	186	22	F#3	54	80	
173	24.1252	Eb4	63	52	187	22	Eb4	63	80	
174	24.1279	Eb3	51	34	*	-1	*	-1	-1	
175	24.6995	Eb4	63	40	*	-1	*	-1	-1	
176	24.7022	F#3	54	42	*	-1	*	-1	-1	
177	24.7302	Eb3	51	29	188	22	Bb2	46	80	
178	25.3085	Eb3	51	30	*	-1	*	-1	-1	
179	25.3165	Eb4	63	28	191	22.6667	Eb4	63	80	
180	25.3325	F#3	54	16	190	22.6667	F#3	54	80	
181	26.0149	Bb2	46	27	196	23.3333	Bb2	46	80	
182	26.0537	C#3	49	38	194	23.3333	F#3	54	80	
183	26.0817	F#4	66	52	200	24	F#4	66	80	
184	26.0977	C#4	61	45	198	24	C#4	61	80	
185	26.1017	F#3	54	42	199	24	F#3	54	80	
186	26.6306	F4	65	66	205	24.3333	F4	65	80	
187	26.6439	F3	53	50	204	24.3333	F3	53	80	
188	26.9511	C#3	49	49	208	24.6667	Bb2	46	80	
189	26.9551	C#4	61	74	207	24.6667	C#4	61	80	
190	26.9885	F3	53	50	206	24.6667	F3	53	80	
191	27.2262	F4	65	78	211	25	F4	65	80	
192	27.2502	F3	53	64	210	25	F3	53	80	
193	27.4719	Eb2	39	43	217	25.3333	Eb2	39	80	
194	27.52	Bb2	46	52	215	25.3333	Bb2	46	80	
195	27.5788	Eb3	51	50	*	-1	*	-1	-1	
196	27.6255	G#4	68	81	214	25.3333	G#4	68	80	
197	27.6295	C#4	61	57	212	25.3333	C#4	61	80	
198	27.6308	Bb3	58	54	216	25.3333	Bb3	58	80	
199	27.6375	G#3	56	59	213	25.3333	G#3	56	80	
200	28.0635	F#4	66	81	219	25.6667	F#4	66	80	
201	28.0796	F#3	54	67	218	25.6667	F#3	54	80	
202	28.3346	C#4	61	73	221	26	C#4	61	80	
203	28.3373	Bb3	58	73	223	26	Bb3	58	80	
204	28.348	Bb2	46	54	222	26	Bb2	46	80	
205	28.348	Eb3	51	62	220	26	F#3	54	80	
206	28.6925	F#4	66	81	225	26.3333	F#4	66	80	
207	28.7179	F#3	54	60	224	26.3333	F#3	54	80	
208	29.0812	F#2	42	34	231	26.6667	F#2	42	80	
209	29.1199	C3	48	35	229	26.6667	C3	48	80	
210	29.1413	Bb3	58	44	230	26.6667	Bb3	58	80	
211	29.1506	F4	65	64	228	26.6667	F4	65	80	
212	29.1533	C4	60	52	226	26.6667	C4	60	80	
213	29.1813	F3	53	38	227	26.6667	F3	53	80	
214	29.6367	E4	64	67	233	27	E4	64	80	
215	29.6915	E3	52	40	232	27	E3	52	80	
216	29.9706	Bb3	58	51	237	27.3333	Bb3	58	80	
217	29.9853	C4	60	59	235	27.3333	C4	60	80	
218	29.9973	C3	48	44	236	27.3333	C3	48	80	
219	30.2991	E4	64	71	239	27.6667	E4	64	80	
220	30.3111	E3	52	43	238	27.6667	E3	52	80	
221	30.7158	F2	41	29	245	28	F2	41	80	
222	30.7532	C3	48	27	243	28	C3	48	80	
223	30.7625	Bb3	58	36	244	28	Bb3	58	80	
224	30.7785	F4	65	46	242	28	F4	65	80	
225	30.7919	C4	60	38	241	28	C4	60	80	
226	30.8106	F3	53	20	240	28	F3	53	80	
227	31.3995	Bb3	58	37	248	28.6667	Bb3	58	80	
228	31.4076	C4	60	53	246	28.6667	C4	60	80	
229	31.4196	C3	48	35	247	28.6667	C3	48	80	
230	31.4196	F3	53	35	*	-1	*	-1	-1	
231	31.7094	F4	65	68	249	29	F4	65	80	
232	32.0192	C3	48	38	*	-1	*	-1	-1	
233	32.0366	F4	65	53	251	29.3333	F4	65	80	
234	32.0579	C4	60	40	250	29.3333	C4	60	80	
235	32.0619	F3	53	21	252	29.3333	F3	53	80	
236	32.0646	A3	57	38	253	29.3333	A3	57	80	
237	32.8085	F4	65	62	255	30	F4	65	80	
238	32.8165	F3	53	42	254	30	F3	53	80	
239	33.4468	F3	53	29	256	30.6667	F3	53	80	
240	33.4829	F4	65	44	257	30.6667	F4	65	80	
241	34.2508	F3	53	22	258	31.3333	F3	53	80	
242	34.2948	F4	65	37	264	32	F4	65	80	
243	34.8784	Bb2	46	44	266	32.0639	Bb2	46	80	
244	35.3766	F3	53	11	*	-1	*	-1	-1	
245	35.3819	C#5	73	71	*	-1	*	-1	-1	
246	35.3979	F4	65	41	*	-1	*	-1	-1	
247	35.4006	Bb4	70	46	268	32.6667	Bb4	70	80	
248	35.4273	C#4	61	45	267	32.6667	C#4	61	80	
249	36.1672	F3	53	20	269	32.6667	F3	53	80	
250	36.2059	F4	65	29	270	32.6667	F4	65	80	
251	36.2126	Bb4	70	48	*	-1	*	-1	-1	
252	36.2326	C#4	61	34	*	-1	*	-1	-1	
253	36.6119	C#5	73	76	271	33	C#5	73	80	
254	36.7908	F3	53	31	275	33.3333	F3	53	80	
255	36.8536	F4	65	30	276	33.3333	F4	65	80	
256	36.8656	C#5	73	77	274	33.3333	C#5	73	80	
257	36.8776	C#4	61	46	272	33.3333	C#4	61	80	
258	36.8937	Bb4	70	44	273	33.3333	Bb4	70	80	
259	37.528	F3	53	34	279	34	F3	53	80	
260	37.54	F4	65	38	280	34	F4	65	80	
261	37.5427	Bb4	70	39	278	34	Bb4	70	80	
262	37.5707	C#4	61	39	277	34	C#4	61	80	
263	37.9527	Bb2	46	36	286	34.6667	Bb2	46	80	
264	38.5029	F#3	54	42	284	34.6667	F#3	54	80	
265	38.5109	F#4	66	16	285	34.6667	F#4	66	80	
266	38.5122	Bb4	70	40	282	34.6667	Bb4	70	80	
267	38.5283	F5	77	54	283	34.6667	F5	77	80	
268	38.5376	Eb4	63	42	281	34.6667	Eb4	63	80	
269	39.1132	C#5	73	70	288	35	C#5	73	80	
270	39.3496	F#3	54	41	292	35.3333	F#3	54	80	
271	39.4297	F#4	66	31	293	35.3333	F#4	66	80	
272	39.4497	Bb4	70	37	290	35.3333	Bb4	70	80	
273	39.4711	F5	77	63	291	35.3333	F5	77	80	
274	39.5272	Eb4	63	50	289	35.3333	Eb4	63	80	
275	39.7315	Eb5	75	73	294	35.5555	Eb5	75	80	
276	39.9118	Bb2	46	59	301	36	Bb2	46	80	
277	39.9786	Bb4	70	63	295	35.7778	Bb4	70	80	
278	40.2898	Bb4	70	71	297	36	Bb4	70	80	
279	40.2991	F3	53	46	*	-1	*	-1	-1	
280	40.3058	F4	65	48	300	36	F4	65	80	
281	40.3098	C#4	61	48	296	36	C#4	61	80	
282	41.0229	F3	53	35	305	36.6667	Bb3	58	85	
283	41.059	F4	65	49	306	36.6667	F4	65	85	
284	41.0844	C#4	61	63	302	36.6667	C#4	61	85	
285	41.2967	B4	71	79	307	36.8889	B4	71	86	
286	41.5037	C5	72	81	308	37.1111	C5	72	88	
287	41.6359	E3	52	58	314	37.3333	Eb3	51	108	
288	41.7548	C#5	73	86	311	37.3333	C#5	73	90	
289	41.7561	Bb3	58	57	*	-1	*	-1	-1	
290	41.7735	Bb4	70	71	310	37.3333	Bb4	70	90	
291	41.7868	C#4	61	58	*	-1	*	-1	-1	
292	41.7882	F#4	66	59	*	-1	*	-1	-1	
293	42.4586	Bb4	70	51	316	38	Bb4	70	90	
294	42.4706	F#4	66	49	318	38	F4	65	90	
295	42.4746	C#4	61	45	315	38	C#4	61	90	
296	42.508	Bb3	58	36	317	38	Bb3	58	90	
297	43.0288	Bb4	70	33	*	-1	*	-1	-1	
298	43.0782	C#4	61	39	319	38.6667	C#4	61	90	
299	43.0796	Bb3	58	39	321	38.6667	Bb3	58	90	
300	43.0956	F#4	66	25	*	-1	*	-1	-1	
301	43.6752	Bb4	70	41	327	40	Bb4	70	90	
302	43.6925	Bb3	58	35	331	40	Bb3	58	90	
303	43.7112	C#4	61	11	328	40	C#4	61	90	
304	43.7232	F#4	66	22	332	40	F#4	66	90	
305	44.4297	E3	52	21	330	40	E3	52	90	
306	44.4377	Bb3	58	30	331	40	Bb3	58	90	
307	44.4404	C#5	73	56	329	40	C#5	73	90	
308	44.4658	F#4	66	40	332	40	F#4	66	90	
309	44.4738	C#4	61	44	328	40	C#4	61	90	
310	44.9813	C5	72	60	334	40.3333	C5	72	90	
311	45.0146	C4	60	43	333	40.3333	C4	60	90	
312	45.3285	E2	40	34	337	40.6667	E2	40	90	
313	45.3405	Bb2	46	27	338	40.6667	C#3	49	90	
314	45.4006	E4	64	50	336	40.6667	F#4	66	90	
315	45.4086	C4	60	40	335	40.6667	C4	60	90	
316	45.7091	C5	72	71	340	41	C5	72	90	
317	45.7398	C4	60	53	339	41	C4	60	90	
318	46.0029	Bb3	58	47	*	-1	*	-1	-1	
319	46.0229	E3	52	36	345	41.3333	F#3	54	90	
320	46.0296	C5	72	78	343	41.3333	C5	72	90	
321	46.0416	C4	60	63	342	41.3333	C4	60	90	
322	46.055	E4	64	61	341	41.3333	F#4	66	90	
323	46.2914	Bb4	70	82	347	41.6667	Bb4	70	90	
324	46.3274	Bb3	58	65	346	41.6667	Bb3	58	90	
325	46.5438	E2	40	40	350	42	E3	52	90	
326	46.5665	E4	64	76	349	42	F#4	66	90	
327	46.5691	Bb2	46	48	*	-1	*	-1	-1	
328	46.6039	Bb3	58	52	348	42	Bb3	58	90	
329	46.8416	Bb4	70	83	353	42.3333	Bb4	70	90	
330	46.8616	Bb3	58	68	352	42.3333	Bb3	58	90	
331	47.1434	C#3	49	31	*	-1	*	-1	-1	
332	47.1688	Bb4	70	68	356	42.6667	Bb4	70	90	
333	47.1794	F3	53	44	357	42.6667	F3	53	90	
334	47.1941	Bb3	58	48	355	42.6667	Bb3	58	90	
335	47.1995	C#4	61	50	358	42.6667	C#4	61	90	
336	47.5	A4	69	82	360	43	A4	69	90	
337	47.516	A3	57	66	359	43	A3	57	90	
338	47.6495	F2	41	40	363	43.3333	F2	41	90	
339	47.8138	C#4	61	69	362	43.3333	F4	65	90	
340	47.8178	A3	57	64	361	43.3333	A3	57	90	
341	47.8245	C#3	49	58	*	-1	*	-1	-1	
342	47.8525	A4	69	4	*	-1	*	-1	-1	
343	48.1276	Bb4	70	87	366	43.6667	Bb4	70	90	
344	48.1356	Bb3	58	72	365	43.6667	Bb3	58	90	
345	48.5376	E3	52	42	370	44	F#3	54	90	
346	48.5456	C#5	73	75	369	44	C#5	73	90	
347	48.555	Bb3	58	41	*	-1	*	-1	-1	
348	48.5723	E4	64	51	367	44	E4	64	90	
349	48.5763	C#4	61	47	368	44	C#4	61	90	
350	48.9943	C5	72	81	373	44.3333	C5	72	90	
351	49.0197	C4	60	53	372	44.3333	C4	60	90	
352	49.2361	F#2	42	52	376	44.6667	F#2	42	90	
353	49.3135	E4	64	71	375	44.6667	E4	64	90	
354	49.3376	C4	60	63	374	44.6667	C4	60	90	
355	49.3522	E3	52	43	377	44.6667	E3	52	90	
356	49.5726	C5	72	82	379	45	C5	72	90	
357	49.5966	C4	60	80	378	45	C4	60	90	
358	49.8183	E3	52	44	383	45.3333	E3	52	90	
359	49.8317	Bb3	58	52	*	-1	*	-1	-1	
360	49.8811	C5	72	92	382	45.3333	C5	72	90	
361	49.9038	C4	60	72	381	45.3333	C4	60	90	
362	49.9158	E4	64	64	380	45.3333	E4	64	90	
363	50.1696	Bb4	70	90	386	45.6667	Bb4	70	90	
364	50.1816	Bb3	58	77	385	45.6667	Bb3	58	90	
365	50.2123	F#2	42	50	*	-1	*	-1	-1	
366	50.4313	E4	64	78	388	46	E4	64	90	
367	50.446	Bb3	58	69	387	46	Bb3	58	90	
368	50.4487	E3	52	60	*	-1	*	-1	-1	
369	50.7091	Bb4	70	86	392	46.3333	Bb4	70	90	
370	50.7184	Bb3	58	72	391	46.3333	Bb3	58	90	
371	51.1338	Bb4	70	69	395	46.6667	Bb4	70	90	
372	51.1458	Bb3	58	59	394	46.6667	Bb3	58	90	
373	51.5811	A4	69	82	399	47	A4	69	90	
374	51.5945	A3	57	67	398	47	A3	57	90	
375	51.8496	G2	43	46	403	47.3333	G2	43	90	
376	51.9257	C5	72	71	402	47.3333	C5	72	90	
377	51.9431	C4	60	51	401	47.3333	C4	60	90	
378	52.2876	Bb4	70	69	406	47.6667	Bb4	70	90	
379	52.2916	Bb3	58	62	405	47.6667	Bb3	58	90	
380	52.6749	F3	53	46	410	48	F3	53	90	
381	52.7296	Bb4	70	60	409	48	Bb4	70	90	
382	52.7403	C#4	61	47	407	48	C#4	61	90	
383	52.7524	Bb3	58	46	408	48	Bb3	58	90	
384	53.1423	A4	69	67	413	48.3333	A4	69	90	
385	53.1704	A3	57	45	412	48.3333	A3	57	90	
386	53.2665	G#2	44	57	414	48.4444	G#2	44	90	
387	53.4695	C#4	61	76	416	48.6667	C#4	61	90	
388	53.5029	A3	57	58	415	48.6667	A3	57	90	
389	53.6364	G#1	32	65	417	48.8889	G#1	32	90	
390	53.7767	A4	69	87	419	49	A4	69	90	
391	53.7927	A3	57	66	418	49	A3	57	90	
392	54.0157	F3	53	78	423	49.3333	F3	53	90	
393	54.1092	A4	69	80	422	49.3333	A4	69	90	
394	54.1225	A3	57	65	421	49.3333	A3	57	90	
395	54.1252	C#4	61	69	420	49.3333	C#4	61	90	
396	54.3923	G#4	68	86	426	49.6667	G#4	68	90	
397	54.4057	G#3	56	80	425	49.6667	G#3	56	90	
398	54.5325	G#2	44	73	427	49.7778	G#2	44	90	
399	54.6741	C#4	61	85	429	50	C#4	61	90	
400	54.7021	G#3	56	70	428	50	G#3	56	90	
401	54.837	G#1	32	74	430	50.2222	G#1	32	90	
402	54.9545	G#4	68	88	432	50.3333	G#4	68	90	
403	54.9666	G#3	56	77	431	50.3333	G#3	56	90	
404	55.1936	E3	52	82	436	50.6667	E3	52	90	
405	55.3084	G#4	68	84	435	50.6667	G#4	68	90	
406	55.3124	C#4	61	77	433	50.6667	C#4	61	90	
407	55.3298	G#3	56	77	434	50.6667	G#3	56	90	
408	55.6089	G4	67	93	439	51	G4	67	90	
409	55.6196	G3	55	78	438	51	G3	55	90	
410	55.7558	G#2	44	71	440	51.1111	G#2	44	90	
411	55.8934	C#4	61	83	442	51.3333	C#4	61	90	
412	55.9027	G3	55	69	441	51.3333	G3	55	90	
413	56.0817	G#1	32	72	443	51.5555	G#1	32	90	
414	56.2019	G4	67	89	445	51.6667	G4	67	90	
415	56.2166	G3	55	80	444	51.6667	G3	55	90	
416	56.4396	Eb3	51	86	449	52	Eb3	51	90	
417	56.5638	G4	67	81	448	52	G4	67	90	
418	56.5771	G3	55	66	447	52	G3	55	90	
419	56.5838	C#4	61	71	446	52	C#4	61	90	
420	56.8696	F#4	66	88	452	52.3333	F#4	66	90	
421	56.8883	F#3	54	78	451	52.3333	F#3	54	90	
422	56.9858	G#2	44	66	453	52.4444	G#2	44	90	
423	57.1367	C#4	61	83	455	52.6667	C#4	61	90	
424	57.1647	F#3	54	72	454	52.6667	F#3	54	90	
425	57.3343	G#1	32	65	456	52.8889	G#1	32	90	
426	57.4385	F#4	66	86	458	53	F#4	66	90	
427	57.4625	F#3	54	70	457	53	F#3	54	90	
428	57.7069	G#3	56	78	462	53.3333	G#3	56	90	
429	57.7817	F#3	54	24	460	53.3333	F#3	54	90	
430	57.8071	F#4	66	75	461	53.3333	F#4	66	90	
431	57.8138	C4	60	65	459	53.3333	C4	60	90	
432	58.1316	F4	65	82	464	53.6667	F4	65	90	
433	58.1463	F3	53	72	463	53.6667	F3	53	90	
434	58.4468	G#2	44	56	467	54	G#2	44	90	
435	58.4775	F3	53	65	465	54	F3	53	90	
436	58.4815	C4	60	72	466	54	C4	60	90	
437	58.814	F4	65	86	469	54.3333	F4	65	90	
438	58.8434	F3	53	57	468	54.3333	F3	53	90	
439	59.1906	G#2	44	34	473	54.6667	G#2	44	90	
440	59.2628	F4	65	72	472	54.6667	F4	65	90	
441	59.2988	C4	60	58	470	54.6667	C4	60	90	
442	59.3028	F3	53	52	471	54.6667	F3	53	90	
443	59.7315	E4	64	75	475	55	E4	64	90	
444	59.7596	E3	52	54	474	55	E3	52	90	
445	60.0747	G#2	44	49	477	55.3333	G#2	44	90	
446	60.1388	C4	60	54	476	55.3333	C4	60	90	
447	60.5662	G#3	56	55	478	55.6667	G#3	56	90	
448	60.7251	D4	62	6	*	-1	*	-1	-1	
449	61.3301	C#2	37	45	482	56	C#2	37	80	
450	61.4062	G#2	44	51	483	56	G#2	44	80	
451	61.4102	F4	65	77	481	56	F4	65	80	
452	61.4382	C4	60	63	480	56	C4	60	80	
453	61.4516	F#3	54	61	479	56	F#3	54	80	
454	62.1527	G#3	56	78	484	56.3333	G#3	56	80	
455	62.5974	C3	48	60	487	56.6667	C3	48	80	
456	62.6482	C4	60	62	486	56.6667	C4	60	80	
457	62.6749	F#3	54	57	485	56.6667	F#3	54	80	
458	62.8832	Bb2	46	70	488	56.8889	Bb2	46	80	
459	63.2999	G#2	44	74	489	57.2222	G#2	44	80	
460	63.4748	G#2	44	71	492	57.3333	G#2	44	80	
461	63.8608	F#4	66	87	493	57.6667	F#4	66	80	
462	64.2681	C4	60	51	495	58	C4	60	80	
463	64.2681	E4	64	79	496	58	E4	64	80	
464	64.2761	F#3	54	70	494	58	F#3	54	80	
465	64.5646	F4	65	86	497	58.3333	F4	65	80	
466	64.8664	C4	60	51	499	58.6667	C4	60	80	
467	64.8797	G#4	68	87	500	58.6667	G#4	68	80	
468	64.9051	F#3	54	55	498	58.6667	F#3	54	80	
469	65.6102	G#3	56	76	502	59.3333	G#3	56	80	
470	65.645	F#3	54	58	501	59.3333	F#3	54	80	
471	66.0897	C#2	37	37	507	60	C#2	37	80	
472	66.1685	G#2	44	37	508	60	G#2	44	80	
473	66.2085	C#4	61	68	506	60	C#4	61	80	
474	66.2246	G#3	56	50	505	60	G#3	56	80	
475	66.2459	F3	53	48	504	60	F3	53	80	
476	66.5745	Eb4	63	79	509	60.2222	Eb4	63	77	
477	66.7961	C#4	61	80	510	60.4444	C#4	61	74	
478	67.0472	C4	60	71	513	60.6667	C4	60	70	
479	67.0606	F3	53	37	511	60.6667	F3	53	70	
480	67.0739	G#3	56	41	512	60.6667	G#3	56	70	
481	67.3637	C#4	61	65	514	60.8889	C#4	61	67	
482	67.6188	Eb4	63	65	515	61.1111	Eb4	63	64	
483	68.0208	A1	33	26	519	61.3333	A1	33	60	
484	68.0488	E4	64	54	518	61.3333	E4	64	60	
485	68.0675	G3	55	40	516	61.3333	G3	55	60	
486	68.0702	A2	45	37	520	61.3333	A2	45	60	
487	68.0956	C#4	61	35	517	61.3333	C#4	61	60	
488	68.9957	A2	45	35	523	61.6667	A2	45	50	
489	69.0157	A5	81	62	522	61.6667	A5	81	50	
490	69.021	C#5	73	44	521	61.6667	C#5	73	50	
491	69.4631	E3	52	35	526	62	E3	52	50	
492	69.4938	B4	71	65	524	62	B4	71	50	
493	69.4978	G5	79	76	525	62	G5	79	50	
494	69.8731	F#5	78	62	528	62.3333	F#5	78	50	
495	69.8757	C#4	61	40	529	62.3333	C#4	61	50	
496	69.8998	G4	67	51	527	62.3333	G4	67	50	
497	70.4326	F#5	78	40	531	62.6667	F#5	78	50	
498	70.4366	B4	71	43	530	62.6667	A4	69	50	
499	70.4633	G4	67	28	532	62.6667	G4	67	50	
500	71.1458	E5	76	47	533	63	E5	76	50	
501	71.7868	A2	45	44	537	63.3333	A2	45	50	
502	71.8562	Eb4	63	71	536	63.3333	Eb4	63	50	
503	71.8656	G3	55	51	534	63.3333	G3	55	50	
504	71.8656	C#4	61	61	535	63.3333	C#4	61	50	
505	72.2956	E4	64	84	538	63.6667	E4	64	50	
506	72.6455	G#1	32	45	542	64	G#1	32	50	
507	72.7176	G#2	44	31	543	64	G#2	44	50	
508	72.8071	C4	60	47	540	64	C4	60	50	
509	72.8338	F4	65	70	541	64	F4	65	50	
510	72.8471	F#3	54	51	539	64	G#3	56	50	
511	73.3426	G#3	56	81	544	64.3333	G#3	56	50	
512	73.7005	C3	48	70	547	64.6667	C3	48	50	
513	73.7646	C4	60	68	546	64.6667	C4	60	50	
514	73.774	F#3	54	66	545	64.6667	F#3	54	50	
515	73.9436	Bb2	46	73	548	64.8889	Bb2	46	50	
516	74.2721	G#2	44	75	549	65.2222	G#2	44	50	
517	74.4337	G#2	44	79	552	65.3333	G#2	44	50	
518	74.849	F#4	66	83	553	65.6667	F#4	66	50	
519	75.1869	E4	64	83	556	66	E4	64	50	
520	75.1936	F#3	54	66	554	66	F#3	54	50	
521	75.2029	C4	60	67	555	66	C4	60	50	
522	75.4567	F4	65	86	557	66.3333	F4	65	50	
523	75.7278	C4	60	51	559	66.6667	C4	60	50	
524	75.7571	G#4	68	84	560	66.6667	G#4	68	50	
525	75.7678	F#3	54	66	558	66.6667	F#3	54	50	
526	76.3568	G#3	56	81	562	67.3333	G#3	56	50	
527	76.3821	F#3	54	65	561	67.3333	F#3	54	50	
528	76.9938	C#2	37	45	567	68	C#2	37	50	
529	77.0419	G#2	44	58	568	68	G#2	44	50	
530	77.0833	C#4	61	66	566	68	C#4	61	50	
531	77.0979	G#3	56	51	565	68	G#3	56	50	
532	77.1353	F3	53	36	564	68	F3	53	50	
533	77.4398	Eb4	63	78	569	68.2222	Eb4	63	50	
534	77.6468	C#4	61	80	570	68.4444	C#4	61	50	
535	77.8885	G#3	56	52	572	68.6666	G#3	56	50	
536	77.8966	C4	60	82	573	68.6666	C4	60	50	
537	77.9006	F3	53	47	571	68.6666	F3	53	50	
538	78.1436	C#4	61	80	574	68.8889	C#4	61	50	
539	78.404	Eb4	63	77	575	69.1111	Eb4	63	50	
540	78.8127	A1	33	33	579	69.3333	A1	33	60	
541	78.8674	E4	64	63	578	69.3333	E4	64	60	
542	78.8741	A2	45	40	580	69.3333	A2	45	60	
543	78.8808	G3	55	47	576	69.3333	G3	55	60	
544	78.8848	C#4	61	42	577	69.3333	C#4	61	60	
545	79.5592	B5	83	52	582	69.6666	B5	83	50	
546	79.5712	A2	45	36	583	69.6666	A2	45	50	
547	79.5833	C#5	73	46	581	69.6666	C#5	73	50	
548	80.0614	E3	52	39	586	70	E3	52	50	
549	80.0827	B4	71	53	584	70	B4	71	50	
550	80.0867	G5	79	71	585	70	G5	79	50	
551	80.4727	F#5	78	57	588	70.3333	F#5	78	50	
552	80.5061	C#4	61	40	589	70.3333	C#4	61	50	
553	80.5167	G4	67	50	587	70.3333	G4	67	50	
554	81.0376	F#5	78	49	591	70.6666	F#5	78	50	
555	81.0643	G4	67	32	592	70.6666	G4	67	50	
556	81.071	B4	71	41	590	70.6666	A4	69	50	
557	81.6866	E5	76	55	593	71	E5	76	50	
558	82.1594	A2	45	46	597	71.3333	A2	45	50	
559	82.2328	E4	64	72	596	71.3333	E4	64	50	
560	82.2462	C#4	61	64	595	71.3333	C#4	61	50	
561	82.2609	G3	55	48	594	71.3333	A3	57	50	
562	82.5947	F4	65	81	598	71.6666	F4	65	50	
563	82.9006	D3	50	56	602	72	D3	50	50	
564	82.978	D4	62	53	600	72	D4	62	50	
565	82.982	F#4	66	79	601	72	F#4	66	50	
566	83.0114	A3	57	48	599	72	A3	57	50	
567	83.5977	D4	62	59	604	72.6666	D4	62	50	
568	83.6057	A3	57	47	603	72.6666	A3	57	50	
569	83.8661	D3	50	71	605	73	D3	50	50	
570	84.1492	C3	48	71	608	73.3333	C3	48	50	
571	84.2107	A3	57	53	606	73.3333	A3	57	50	
572	84.2187	E4	64	75	607	73.3333	E4	64	50	
573	84.5205	G4	67	78	609	73.6666	G4	67	50	
574	84.8089	F4	65	74	612	74	F4	65	50	
575	84.8116	E4	64	31	611	74	E4	64	50	
576	84.8343	A3	57	75	610	74	A3	57	50	
577	85.0707	F#4	66	90	613	74.3333	F#4	66	51	
578	85.1308	G4	67	40	*	-1	*	-1	-1	
579	85.3658	B2	47	66	617	74.6666	B2	47	53	
580	85.4179	B4	71	85	616	74.6666	B4	71	53	
581	85.4406	Eb4	63	70	615	74.6666	Eb4	63	53	
582	85.45	A3	57	60	614	74.6666	A3	57	53	
583	86.1043	A3	57	69	618	75.3333	A3	57	56	
584	86.1137	B3	59	64	619	75.3333	B3	59	56	
585	86.5718	E3	52	69	623	76	E3	52	59	
586	86.6118	E4	64	78	622	76	E4	64	59	
587	86.6185	G#3	56	65	620	76	G#3	56	59	
588	86.6225	B3	59	64	621	76	B3	59	59	
589	86.8749	F#4	66	84	624	76.2222	F#4	66	60	
590	87.0298	E4	64	84	625	76.4444	E4	64	61	
591	87.1994	Eb4	63	84	628	76.6666	Eb4	63	62	
592	87.2074	G#3	56	77	626	76.6666	G#3	56	62	
593	87.2115	B3	59	62	627	76.6666	B3	59	62	
594	87.3931	E4	64	84	629	76.8889	E4	64	63	
595	87.536	F#4	66	89	630	77.1111	F#4	66	64	
596	87.7977	D3	50	71	634	77.3333	D3	50	65	
597	87.8431	G#4	68	88	633	77.3333	G#4	68	65	
598	87.8618	B3	59	72	631	77.3333	B3	59	65	
599	87.8685	F#4	66	71	632	77.3333	F#4	66	65	
600	88.4267	F#4	66	77	636	78	F#4	66	68	
601	88.4374	G#3	56	87	637	78	G#3	56	68	
602	88.4508	B3	59	69	635	78	B3	59	68	
603	88.9235	D3	50	70	640	78.6666	D3	50	71	
604	88.9676	F4	65	79	639	78.6666	F4	65	71	
605	88.9836	B3	59	58	638	78.6666	B3	59	71	
606	89.5165	F4	65	81	642	79.3333	F4	65	74	
607	89.5205	C#3	49	80	643	79.3333	C#3	49	74	
608	89.5231	B3	59	73	641	79.3333	B3	59	74	
609	89.9906	F#3	54	80	647	80	F#3	54	77	
610	90.0333	Bb4	70	88	646	80	Bb4	70	77	
611	90.0386	F#4	66	75	645	80	F#4	66	77	
612	90.0467	C#4	61	75	644	80	C#4	61	77	
613	90.0507	Bb3	58	75	*	-1	*	-1	-1	
614	90.5995	F#4	66	76	649	80.6666	F#4	66	80	
615	90.6075	C#4	61	78	648	80.6666	C#4	61	80	
616	90.6116	Bb3	58	71	*	-1	*	-1	-1	
617	90.8479	F#3	54	88	650	81	F#3	54	82	
618	91.0923	E3	52	83	653	81.3333	E3	52	83	
619	91.1017	G4	67	79	652	81.3333	G#4	68	83	
620	91.119	B3	59	67	651	81.3333	C#4	61	83	
621	91.4182	B4	71	92	654	81.6666	B4	71	85	
622	91.7053	G4	67	65	656	82	G#4	68	86	
623	91.7106	A4	69	87	657	82	A4	69	86	
624	91.7253	C#4	61	80	655	82	C#4	61	86	
625	91.9657	Bb4	70	86	658	82.3333	Bb4	70	88	
626	92.2408	Eb3	51	78	662	82.6666	Eb3	51	89	
627	92.2569	G4	67	40	660	82.6666	G4	67	89	
628	92.2729	Eb5	75	98	661	82.6666	Eb5	75	89	
629	92.2836	C#4	61	81	659	82.6666	C#4	61	89	
630	92.3316	C#5	73	42	*	-1	*	-1	-1	
631	92.9166	Eb4	63	88	664	83.3333	Eb4	63	92	
632	92.9299	C#4	61	78	663	83.3333	C#4	61	92	
633	93.4815	G#3	56	75	668	84	G#3	56	96	
634	93.4935	G#4	68	85	667	84	G#4	68	96	
635	93.5095	Eb4	63	76	666	84	Eb4	63	96	
636	93.5162	C4	60	75	665	84	C4	60	96	
637	93.8354	Bb4	70	87	669	84.2222	Bb4	70	96	
638	94.0277	G#4	68	86	670	84.4444	G#4	68	96	
639	94.2253	G4	67	86	673	84.6666	G4	67	96	
640	94.2347	C4	60	83	671	84.6666	C4	60	96	
641	94.244	Eb4	63	78	672	84.6666	Eb4	63	96	
642	94.4136	G#4	68	88	674	84.8889	G#4	68	96	
643	94.5872	Bb4	70	96	675	85.1111	Bb4	70	96	
644	94.6554	Eb4	63	7	*	-1	*	-1	-1	
645	94.8063	G3	55	84	680	85.3333	G3	55	96	
646	94.8356	E4	64	77	677	85.3333	E4	64	96	
647	94.8356	C5	72	90	679	85.3333	C5	72	96	
648	94.845	C4	60	79	676	85.3333	C4	60	96	
649	94.8503	Bb4	70	79	678	85.3333	Bb4	70	96	
650	95.3498	Bb4	70	87	683	86	Bb4	70	87	
651	95.3632	E4	64	76	682	86	E4	64	87	
652	95.3832	C4	60	68	681	86	C4	60	87	
653	95.9107	Bb4	70	72	686	86.6666	Bb4	70	78	
654	95.9174	E4	64	65	685	86.6666	E4	64	78	
655	95.9187	F#3	54	74	687	86.6666	F#3	54	78	
656	95.9534	C4	60	48	684	86.6666	C4	60	78	
657	96.0215	C4	60	14	*	-1	*	-1	-1	
658	96.6345	F#2	42	45	690	87.3333	F#2	42	69	
659	96.6425	Bb4	70	60	*	-1	*	-1	-1	
660	96.6425	C3	48	41	691	87.3333	C3	48	69	
661	96.6546	E4	64	51	689	87.3333	E4	64	69	
662	96.6893	C4	60	49	688	87.3333	Bb3	58	69	
663	97.572	F2	41	32	695	88	F2	41	60	
664	97.6067	C3	48	35	696	88	C3	48	60	
665	97.6428	F4	65	45	693	88	F4	65	60	
666	97.6976	A3	57	28	692	88	A3	57	60	
667	97.7082	C5	72	52	694	88	C5	72	60	
668	98.3226	C4	60	70	697	88.3333	C4	60	60	
669	98.7098	F3	53	46	700	88.6666	F3	53	60	
670	98.8127	F4	65	43	699	88.6666	F4	65	60	
671	98.8327	A3	57	3	698	88.6666	A3	57	60	
672	99.0183	D3	50	60	701	88.8889	D3	50	60	
673	99.3869	C3	48	54	702	89.2222	C3	48	60	
674	99.5752	C3	48	51	705	89.3333	C3	48	60	
675	99.8837	D5	74	75	706	89.6666	D5	74	60	
676	100.206	B4	71	70	709	90	B4	71	60	
677	100.232	A3	57	39	707	90	A3	57	60	
678	100.506	C5	72	75	710	90.3333	C5	72	60	
679	100.935	A3	57	30	713	90.6666	A3	57	60	
680	100.943	C4	60	36	714	90.6666	C4	60	60	
681	100.991	F5	77	67	712	90.6666	F5	77	60	
682	101.002	A4	69	44	715	90.6666	A4	69	60	
683	101.064	F4	65	11	711	90.6666	F4	65	60	
684	101.393	D5	74	59	716	91	D5	74	60	
685	101.629	C5	72	57	717	91.3333	C5	72	60	
686	101.828	F4	65	58	718	91.5555	F4	65	60	
687	102.023	A3	57	54	719	91.7778	A3	57	60	
688	102.357	F2	41	45	723	92	F2	41	60	
689	102.414	E4	64	50	721	92	E4	64	60	
690	102.434	C5	72	70	722	92	C5	72	60	
691	102.469	Bb3	58	44	720	92	Bb3	58	60	
692	102.852	C3	48	51	724	92.3333	C3	48	60	
693	103.157	G3	55	50	727	92.6666	F#3	54	60	
694	103.343	E4	64	56	726	92.6666	E4	64	60	
695	103.546	Bb4	70	63	729	93.1111	Bb4	70	60	
696	103.773	Bb4	70	56	730	93.3333	Bb4	70	60	
697	104.331	C5	72	83	733	94	C5	72	60	
698	104.363	E4	64	51	731	94	E4	64	60	
699	104.363	Bb4	70	54	732	94	Bb4	70	60	
700	104.522	E4	64	14	734	94.6666	E4	64	60	
701	104.886	G3	55	36	*	-1	*	-1	-1	
702	104.992	C#5	73	70	736	94.6666	C#5	73	60	
703	105.009	E4	64	47	*	-1	*	-1	-1	
704	105.047	Bb4	70	38	735	94.6666	Bb4	70	60	
705	105.648	Bb4	70	39	739	95.3333	Bb4	70	60	
706	105.684	C5	72	64	740	95.3333	C5	72	60	
707	105.694	E4	64	31	738	95.3333	E4	64	60	
708	106.375	F2	41	34	744	96	F2	41	60	
709	106.489	C3	48	26	745	96	C3	48	60	
710	106.553	F4	65	44	742	96	F4	65	60	
711	106.573	C5	72	52	743	96	C5	72	60	
712	107.133	C4	60	63	746	96.3333	C4	60	60	
713	107.445	F3	53	45	749	96.6666	F3	53	60	
714	107.521	A3	57	40	747	96.6666	A3	57	60	
715	107.531	F4	65	58	748	96.6666	F4	65	60	
716	107.727	D3	50	58	750	96.8889	D3	50	60	
717	108.035	C3	48	58	751	97.2222	C3	48	60	
718	108.188	C3	48	63	754	97.3333	C3	48	60	
719	108.48	D5	74	78	755	97.6666	D5	74	60	
720	108.843	F4	65	8	757	98	F4	65	60	
721	108.859	B4	71	78	758	98	B4	71	60	
722	108.869	A3	57	62	756	98	A3	57	60	
723	109.145	C5	72	82	759	98.3333	C5	72	60	
724	109.49	A3	57	44	762	98.6666	A3	57	60	
725	109.538	C4	60	52	763	98.6666	C4	60	60	
726	109.544	A4	69	48	764	98.6666	A4	69	60	
727	109.573	F5	77	77	761	98.6666	F5	77	60	
728	109.621	F4	65	42	760	98.6666	F4	65	60	
729	109.924	D5	74	68	765	99	D5	74	60	
730	110.152	C5	72	75	766	99.3333	C5	72	60	
731	110.362	F4	65	66	767	99.5555	F4	65	60	
732	110.535	A3	57	74	768	99.7778	A3	57	60	
733	110.788	F2	41	72	772	100	F2	41	60	
734	110.899	C5	72	84	771	100	C5	72	60	
735	110.911	E4	64	66	770	100	E4	64	60	
736	110.919	Bb3	58	75	769	100	Bb3	58	60	
737	111.245	C3	48	67	773	100.333	C3	48	60	
738	111.525	G3	55	69	776	100.667	F#3	54	60	
739	111.752	E4	64	67	775	100.667	E4	64	60	
740	111.95	Bb4	70	61	778	101.111	Bb4	70	60	
741	112.121	Bb4	70	65	779	101.333	Bb4	70	60	
742	112.621	C5	72	91	782	102	C5	72	60	
743	112.643	E4	64	69	780	102	E4	64	60	
744	112.656	Bb4	70	60	781	102	Bb4	70	60	
745	113.124	G3	55	62	786	102.667	F#3	54	60	
746	113.21	C#5	73	88	785	102.667	C#5	73	60	
747	113.242	Bb4	70	63	784	102.667	Bb4	70	60	
748	113.248	E4	64	58	783	102.667	E4	64	60	
749	113.805	Bb4	70	57	788	103.333	Bb4	70	61	
750	113.811	C5	72	83	789	103.333	C5	72	61	
751	113.815	E4	64	75	787	103.333	E4	64	61	
752	114.277	F2	41	71	793	104	F2	41	63	
753	114.368	C5	72	86	792	104	C5	72	63	
754	114.374	Eb4	63	83	791	104	Eb4	63	63	
755	114.38	Bb3	58	79	790	104	Bb3	58	63	
756	114.741	C3	48	76	794	104.333	C3	48	64	
757	115.008	F#3	54	82	797	104.667	F#3	54	65	
758	115.204	Eb4	63	83	798	104.889	Eb4	63	66	
759	115.374	Bb4	70	86	799	105.111	Bb4	70	66	
760	115.554	Bb4	70	80	800	105.333	Bb4	70	67	
761	116.056	C5	72	87	803	106	C5	72	69	
762	116.058	Bb4	70	81	802	106	Bb4	70	69	
763	116.078	Eb4	63	84	801	106	Eb4	63	69	
764	116.548	F#3	54	89	807	106.667	F#3	54	71	
765	116.56	C#5	73	100	806	106.667	C#5	73	71	
766	116.569	Bb4	70	83	805	106.667	Bb4	70	71	
767	116.58	Eb4	63	82	804	106.667	Eb4	63	71	
768	116.616	D5	74	45	*	-1	*	-1	-1	
769	117.143	C5	72	89	810	107.333	C5	72	73	
770	117.146	Bb4	70	87	809	107.333	Bb4	70	73	
771	117.149	Eb4	63	90	808	107.333	Eb4	63	73	
772	117.636	F3	53	82	814	108	F3	53	75	
773	117.688	A4	69	73	812	108	A4	69	90	
774	117.69	F#5	78	92	813	108	F#5	78	90	
775	117.698	Eb4	63	86	811	108	Eb4	63	90	
776	118.355	F5	77	91	*	-1	*	-1	-1	
777	118.367	F4	65	72	815	108.667	F4	65	75	
778	118.376	A4	69	67	816	108.667	A4	69	75	
779	118.411	Eb5	75	57	817	108.667	Eb5	75	75	
780	118.843	C4	60	81	821	109.333	C4	60	75	
781	118.858	E5	76	92	820	109.333	E5	76	75	
782	118.871	F#4	66	78	818	109.333	F#4	66	75	
783	118.871	Bb4	70	80	819	109.333	Bb4	70	75	
784	119.37	Eb5	75	92	824	110	Eb5	75	75	
785	119.39	F#4	66	82	822	110	F#4	66	75	
786	119.394	Bb4	70	73	823	110	Bb4	70	75	
787	119.916	C#4	61	85	828	110.667	C#4	61	75	
788	120.055	C#5	73	81	827	110.667	C#5	73	75	
789	120.067	Bb4	70	66	826	110.667	Bb4	70	75	
790	120.079	F#4	66	64	825	110.667	F#4	66	75	
791	120.453	Eb4	63	88	829	111.111	Eb4	63	75	
792	120.654	C5	72	83	832	111.333	C5	72	75	
793	120.657	Bb4	70	76	831	111.333	Bb4	70	75	
794	120.672	F#4	66	74	830	111.333	F#4	66	75	
795	120.811	E4	64	92	833	111.556	E4	64	75	
796	121.158	F4	65	79	837	112	F4	65	75	
797	121.294	C#5	73	86	836	112	C#5	73	75	
798	121.31	Bb4	70	66	835	112	Bb4	70	75	
799	121.323	C#4	61	65	834	112	C#4	61	75	
800	121.636	Bb3	58	50	839	112.333	Bb3	58	75	
801	121.9	F3	53	41	842	112.667	F3	53	75	
802	121.924	Bb4	70	58	841	112.667	Bb4	70	75	
803	121.939	C#4	61	54	840	112.667	C#4	61	75	
804	122.167	Bb2	46	58	844	113	Bb2	46	75	
805	122.229	C#5	73	86	843	113	C#5	73	75	
806	122.516	G#4	68	78	845	113.333	C#4	61	75	
807	122.675	C#5	73	78	847	113.333	C#5	73	75	
808	122.723	Bb4	70	62	846	113.333	Bb4	70	75	
809	122.727	C#4	61	58	849	113.333	G#4	68	75	
810	122.831	C#4	61	5	*	-1	*	-1	-1	
811	122.949	Bb3	58	54	850	113.667	Bb3	58	75	
812	123.184	Bb4	70	59	852	114	Bb4	70	75	
813	123.186	F3	53	45	853	114	F3	53	75	
814	123.213	C#4	61	53	851	114	C#4	61	75	
815	123.459	Bb2	46	57	854	114.333	Bb2	46	75	
816	123.803	F#4	66	74	858	114.667	F#4	66	75	
817	123.93	Bb4	70	52	856	114.667	Bb4	70	75	
818	123.948	F5	77	77	857	114.667	F5	77	75	
819	124.219	Bb3	58	63	861	115	Bb3	58	75	
820	124.3	C#5	73	89	860	115	C#5	73	75	
821	124.47	Eb3	51	50	865	115.333	Eb3	51	75	
822	124.631	F5	77	78	864	115.333	F5	77	75	
823	124.635	Bb4	70	42	863	115.333	Bb4	70	75	
824	124.647	Eb4	63	56	862	115.333	C#4	61	75	
825	124.85	Eb5	75	80	866	115.556	Eb5	75	75	
826	124.853	Bb2	46	65	867	115.667	Bb2	46	75	
827	125.035	Bb4	70	85	868	115.778	Bb4	70	75	
828	125.2	F4	65	74	872	116	F4	65	75	
829	125.302	Bb4	70	74	870	116	Bb4	70	75	
830	125.318	C#4	61	62	869	116	C#4	61	75	
831	125.577	Bb3	58	54	874	116.333	Bb3	58	75	
832	125.801	C#4	61	73	875	116.667	C#4	61	75	
833	125.867	F3	53	61	878	116.667	F3	53	75	
834	126.027	B4	71	77	879	116.889	B4	71	75	
835	126.114	Bb2	46	59	880	117	Bb2	46	75	
836	126.247	C5	72	75	881	117.111	C5	72	75	
837	126.49	F2	41	50	885	117.333	F2	41	75	
838	126.51	C#4	61	52	882	117.333	C#4	61	75	
839	126.512	Eb5	75	66	884	117.333	Eb5	75	75	
840	126.518	Bb4	70	54	883	117.333	Bb4	70	75	
841	126.825	C#5	73	76	886	117.667	C#5	73	75	
842	126.839	Bb1	34	57	887	117.667	Bb1	34	75	
843	127.117	F2	41	48	892	118	F2	41	75	
844	127.122	Bb4	70	76	890	118	Bb4	70	75	
845	127.142	C#4	61	64	889	118	C#4	61	75	
846	127.377	Bb2	46	63	893	118.333	Bb2	46	75	
847	127.643	Bb4	70	68	895	118.667	Bb4	70	75	
848	127.648	F3	53	47	897	118.667	F3	53	75	
849	127.675	C#4	61	55	894	118.667	C#4	61	75	
850	127.945	Bb2	46	50	898	119	Bb2	46	75	
851	128.19	Bb4	70	56	900	119.333	Bb4	70	75	
852	128.2	C#4	61	50	899	119.333	C#4	61	75	
853	128.202	F3	53	44	901	119.333	F3	53	75	
854	128.465	Bb3	58	55	902	119.667	F4	65	75	
855	128.823	F#4	66	58	906	120	F#4	66	75	
856	128.825	Eb5	75	64	905	120	Eb5	75	75	
857	128.853	Bb4	70	50	903	120	Bb4	70	75	
858	128.855	Eb4	63	58	904	120	Eb4	63	75	
859	129.204	Bb3	58	56	909	120.333	Bb3	58	75	
860	129.255	D5	74	68	908	120.333	D5	74	75	
861	129.273	D4	62	53	907	120.333	D4	62	75	
862	129.466	F#3	54	51	912	120.667	F#3	54	75	
863	129.498	Bb4	70	64	911	120.667	Bb4	70	75	
864	129.508	F#4	66	65	*	-1	*	-1	-1	
865	129.52	D4	62	39	910	120.667	D4	62	75	
866	129.757	Bb2	46	65	915	121	Bb2	46	75	
867	129.774	D5	74	82	914	121	D5	74	75	
868	129.797	D4	62	70	913	121	D4	62	75	
869	130.007	Bb3	58	78	919	121.333	Bb3	58	75	
870	130.045	D5	74	84	918	121.333	D5	74	75	
871	130.052	D4	62	75	917	121.333	D4	62	75	
872	130.055	F#4	66	74	916	121.333	F#4	66	75	
873	130.056	Bb4	70	70	*	-1	*	-1	-1	
874	130.31	Eb3	51	66	922	121.667	Eb3	51	75	
875	130.322	C#5	73	83	921	121.667	C#5	73	75	
876	130.338	C#4	61	75	920	121.667	C#4	61	75	
877	130.551	Bb4	70	83	*	-1	*	-1	-1	
878	130.555	F#4	66	77	924	122	F#4	66	75	
879	130.569	C#4	61	73	923	122	C#4	61	75	
880	130.585	Bb2	46	59	925	122	Bb2	46	75	
881	130.809	C#5	73	96	927	122.333	C#5	73	75	
882	130.819	C#4	61	84	926	122.333	C#4	61	75	
883	130.835	Eb2	39	66	928	122.333	Eb2	39	75	
884	131.079	Eb3	51	71	932	122.667	F#3	54	75	
885	131.138	C#5	73	93	931	122.667	C#5	73	75	
886	131.147	F#4	66	77	*	-1	*	-1	-1	
887	131.154	C#4	61	79	930	122.667	C#4	61	75	
888	131.155	Eb4	63	77	929	122.667	Eb4	63	75	
889	131.44	Bb2	46	70	935	123	Bb2	46	75	
890	131.484	C5	72	92	934	123	C5	72	75	
891	131.489	C4	60	86	933	123	C4	60	75	
892	131.711	F#4	66	76	*	-1	*	-1	-1	
893	131.715	Eb4	63	77	937	123.333	Eb4	63	75	
894	131.725	Eb2	39	58	938	123.333	Eb2	39	75	
895	131.733	C4	60	71	936	123.333	C4	60	75	
896	131.974	Bb1	34	74	941	123.667	Bb1	34	75	
897	131.98	C5	72	86	940	123.667	C5	72	75	
898	131.994	C4	60	84	939	123.667	C4	60	75	
899	132.261	F#2	42	80	945	124	F#2	42	75	
900	132.27	B4	71	88	944	124	B4	71	75	
901	132.278	B3	59	85	942	124	B3	59	75	
902	132.281	Eb4	63	84	943	124	Eb4	63	75	
903	132.282	F#4	66	79	*	-1	*	-1	-1	
904	132.579	F#3	54	67	946	124.333	Eb3	51	75	
905	132.851	Eb4	63	79	948	124.667	Eb4	63	75	
906	132.858	Bb2	46	67	949	124.667	F#2	42	75	
907	132.862	B3	59	74	947	124.667	B3	59	75	
908	133.124	F#4	66	86	950	125	F#4	66	75	
909	133.128	B3	59	23	951	125	Eb3	51	75	
910	133.14	F#3	54	65	*	-1	*	-1	-1	
911	133.412	B4	71	80	953	125.333	B4	71	75	
912	133.413	B3	59	79	954	125.333	B3	59	75	
913	133.427	Eb4	63	81	952	125.333	Eb4	63	75	
914	133.431	F#4	66	78	*	-1	*	-1	-1	
915	133.718	Eb3	51	59	955	125.667	Eb3	51	75	
916	133.961	B3	59	72	957	126	B3	59	75	
917	133.962	Eb4	63	72	956	126	Eb4	63	75	
918	134.217	F#4	66	67	958	126.333	F#4	66	75	
919	134.523	Eb4	63	66	959	126.667	Eb4	63	75	
920	134.527	F#4	66	58	960	126.667	F#4	66	75	
921	135.072	Bb4	70	76	963	127.333	Bb4	70	75	
922	135.107	Bb3	58	57	961	127.333	Bb3	58	75	
923	135.764	C#4	61	64	967	128	C#4	61	75	
924	135.855	A4	69	71	966	128	A4	69	75	
925	135.863	A3	57	55	964	128	A3	57	75	
926	135.876	Eb4	63	54	965	128	Eb4	63	75	
927	135.883	F#4	66	56	*	-1	*	-1	-1	
928	136.23	Eb3	51	49	969	128.333	Eb3	51	75	
929	136.552	Eb4	63	40	971	128.667	Eb4	63	75	
930	136.56	A3	57	52	970	128.667	A3	57	75	
931	136.564	Bb2	46	39	972	128.667	F#2	42	75	
932	136.564	F#4	66	45	*	-1	*	-1	-1	
933	136.833	Bb1	34	54	974	129	Bb1	34	75	
934	136.859	A4	69	65	973	129	A4	69	75	
935	137.162	B3	59	81	978	129.333	B3	59	75	
936	137.194	A4	69	69	977	129.333	A4	69	75	
937	137.214	Eb4	63	49	976	129.333	Eb4	63	75	
938	137.229	A3	57	53	975	129.333	A3	57	75	
939	137.241	F#4	66	57	*	-1	*	-1	-1	
940	137.468	Eb3	51	45	980	129.667	Eb3	51	75	
941	137.735	Eb4	63	42	982	130	Eb4	63	75	
942	137.751	F#4	66	44	*	-1	*	-1	-1	
943	137.758	A3	57	37	981	130	A3	57	75	
944	137.766	Bb2	46	48	983	130	F#2	42	75	
945	138.019	Bb1	34	48	984	130.333	Bb1	34	75	
946	138.312	F#3	54	68	*	-1	*	-1	-1	
947	138.36	Bb4	70	72	987	130.667	Bb4	70	75	
948	138.392	Eb4	63	49	986	130.667	Eb4	63	75	
949	138.392	F#4	66	53	*	-1	*	-1	-1	
950	138.407	Bb3	58	52	985	130.667	Bb3	58	75	
951	138.624	Bb2	46	53	990	131	Eb3	51	75	
952	138.923	Eb4	63	53	992	131.333	Eb4	63	75	
953	138.939	Bb2	46	16	993	131.333	F#2	42	75	
954	138.948	Bb3	58	33	991	131.333	Bb3	58	75	
955	139.171	Bb1	34	41	994	131.667	Bb1	34	75	
956	139.498	F#2	42	57	998	132	F#3	54	75	
957	139.522	Eb4	63	69	996	132	Eb4	63	75	
958	139.536	Bb3	58	50	995	132	Bb3	58	75	
959	140.103	Bb1	34	53	1001	132.667	Bb1	34	75	
960	140.344	F#2	42	56	1004	133	F3	53	75	
961	140.364	F4	65	73	1002	133	F4	65	75	
962	140.696	Eb2	39	51	1008	133.333	Eb3	51	75	
963	140.74	F#4	66	58	1007	133.333	F#4	66	75	
964	140.749	F#3	54	46	1005	133.333	F#3	54	75	
965	140.753	Eb4	63	50	1006	133.333	Eb4	63	75	
966	141.063	Bb1	34	60	1009	133.667	Bb2	46	75	
967	141.321	Eb2	39	47	1012	134	Eb2	39	75	
968	141.323	Eb4	63	68	1011	134	Eb4	63	75	
969	141.335	F#3	54	55	1010	134	F#3	54	75	
970	141.597	Bb2	46	62	1013	134.333	Bb1	34	75	
971	141.89	Eb3	51	58	1016	134.667	Eb2	39	75	
972	141.896	Eb4	63	74	1015	134.667	Eb4	63	75	
973	141.923	F#3	54	55	1014	134.667	F#3	54	75	
974	142.161	Bb2	46	48	1017	135	Bb2	46	75	
975	142.424	Eb4	63	59	1019	135.333	Eb4	63	75	
976	142.444	Eb3	51	40	1020	135.333	Eb3	51	75	
977	142.456	F#3	54	46	1018	135.333	F#3	54	75	
978	142.715	Bb3	58	51	1021	135.667	Bb3	58	75	
979	143.107	C#4	61	64	1022	136	C#4	61	75	
980	143.141	F#4	66	70	1024	136	F#4	66	75	
981	143.197	F#3	54	39	1023	136	F#3	54	75	
982	143.375	F#3	54	13	1026	136.333	F3	53	75	
983	143.509	F4	65	79	1027	136.333	F4	65	75	
984	143.534	F3	53	60	*	-1	*	-1	-1	
985	143.628	Bb2	46	56	1028	136.444	Bb2	46	75	
986	143.846	C#4	61	86	1030	136.667	C#4	61	75	
987	143.873	F3	53	62	1029	136.667	F3	53	75	
988	144.073	Bb1	34	66	1031	136.889	Bb1	34	75	
989	144.165	F4	65	82	1033	137	F4	65	75	
990	144.184	F3	53	77	1032	137	F3	53	75	
991	144.462	Eb3	51	70	*	-1	*	-1	-1	
992	144.573	C#4	61	50	1034	137.333	C#4	61	75	
993	144.581	G#4	68	82	1036	137.333	G#4	68	75	
994	144.587	G#3	56	66	1035	137.333	G#3	56	75	
995	144.602	Bb3	58	59	1037	137.333	Bb3	58	75	
996	144.944	F#4	66	86	1039	137.667	F#4	66	75	
997	144.968	F#3	54	66	1038	137.667	F#3	54	75	
998	145.129	Bb2	46	61	1040	137.778	Bb2	46	75	
999	145.216	C#4	61	64	1042	138	C#4	61	75	
1000	145.226	Bb3	58	72	1041	138	F#3	54	75	
1001	145.507	Eb2	39	56	1043	138.222	Eb2	39	75	
1002	145.546	F#4	66	79	1045	138.333	F#4	66	75	
1003	145.57	F#3	54	62	1044	138.333	F#3	54	75	
1004	145.876	F4	65	77	1048	138.667	F4	65	75	
1005	145.889	Bb3	58	59	1049	138.667	Bb3	58	75	
1006	145.892	C4	60	64	1046	138.667	C4	60	75	
1007	145.893	F3	53	61	1047	138.667	F3	53	75	
1008	146.298	C4	60	54	*	-1	*	-1	-1	
1009	146.301	Bb3	58	56	*	-1	*	-1	-1	
1010	146.317	F3	53	36	*	-1	*	-1	-1	
1011	146.7	E4	64	76	1051	139	E4	64	75	
1012	146.759	E3	52	43	1050	139	E3	52	75	
1013	146.813	C3	48	25	1052	139.111	C3	48	75	
1014	147.123	Bb3	58	54	*	-1	*	-1	-1	
1015	147.134	C4	60	59	1054	139.333	C4	60	75	
1016	147.54	F#2	42	27	1055	139.556	F#2	42	75	
1017	147.549	E4	64	71	1057	139.667	E4	64	75	
1018	147.997	F4	65	62	1058	140	F4	65	75	
1019	148.002	C4	60	55	1060	140	C4	60	75	
1020	148.009	Bb3	58	47	1061	140	Bb3	58	75	
1021	148.011	F3	53	44	1059	140	F3	53	75	
1022	148.033	C3	48	36	*	-1	*	-1	-1	
1023	148.412	C3	48	61	1062	140.333	C3	48	75	
1024	148.736	F2	41	54	1064	140.667	F2	41	75	
1025	148.765	Bb3	58	45	*	-1	*	-1	-1	
1026	148.77	C4	60	5	1063	140.667	C4	60	75	
1027	149.048	C3	48	55	1065	141	C3	48	75	
1028	149.068	F4	65	65	*	-1	*	-1	-1	
1029	149.502	F4	65	55	*	-1	*	-1	-1	
1030	149.555	F3	53	32	*	-1	*	-1	-1	
1031	149.573	A3	57	41	1066	141.333	A3	57	75	
1032	149.93	F3	53	60	1067	141.667	F3	53	75	
1033	150.27	B3	59	66	1068	142	B3	59	75	
1034	150.591	C4	60	69	1069	142.333	C4	60	75	
1035	150.948	Eb4	63	61	1070	142.667	Eb4	63	75	
1036	151.313	C4	60	50	1071	143	C4	60	75	
1037	151.689	C#4	61	44	1072	143.429	C#4	61	75	
1038	152.106	E4	64	49	1073	143.857	E4	64	75	
1039	152.603	F4	65	62	1077	144.286	F4	65	75	
1040	152.685	C#5	73	69	1076	144.286	C#5	73	75	
1041	152.712	C#4	61	44	1074	144.286	C#4	61	75	
1042	152.714	Bb4	70	53	1075	144.286	Bb4	70	75	
1043	153.081	Bb3	58	41	1079	144.619	Bb3	58	75	
1044	153.379	F3	53	39	1082	144.952	F3	53	75	
1045	153.413	Bb4	70	50	1081	144.952	Bb4	70	75	
1046	153.415	C#4	61	31	1080	144.952	C#4	61	75	
1047	153.734	Bb2	46	44	1084	145.286	Bb2	46	75	
1048	153.789	C#5	73	72	1083	145.286	C#5	73	75	
1049	154.124	G#4	68	75	1088	145.619	G#4	68	75	
1050	154.267	C#5	73	72	1087	145.619	C#5	73	75	
1051	154.316	Bb4	70	52	1086	145.619	Bb4	70	75	
1052	154.336	C#4	61	43	1085	145.619	C#4	61	75	
1053	154.558	Bb3	58	52	1090	145.952	Bb3	58	75	
1054	154.816	F3	53	45	1093	146.286	F3	53	75	
1055	154.864	C#4	61	34	1091	146.286	C#4	61	75	
1056	154.868	Bb4	70	39	1092	146.286	Bb4	70	75	
1057	155.165	Bb2	46	43	1094	146.619	Bb2	46	75	
1058	155.51	F#4	66	42	1098	146.952	F#4	66	75	
1059	155.615	Bb4	70	48	1096	146.952	Bb4	70	75	
1060	155.618	Eb4	63	39	1095	146.952	C#4	61	75	
1061	155.632	F5	77	66	1097	146.952	F5	77	75	
1062	156.019	Bb3	58	64	1101	147.286	Bb3	58	75	
1063	156.025	C#5	73	79	1100	147.286	C#5	73	75	
1064	156.254	C#4	61	60	1102	147.619	C#4	61	75	
1065	156.298	Eb3	51	39	1105	147.619	Eb3	51	75	
1066	156.306	Bb4	70	59	1103	147.619	Bb4	70	75	
1067	156.443	F5	77	61	1104	147.619	F5	77	75	
1068	156.478	G5	79	15	*	-1	*	-1	-1	
1069	156.681	Eb5	75	79	1106	147.841	Eb5	75	75	
1070	156.716	Bb2	46	58	1107	147.952	Bb2	46	75	
1071	156.874	Bb4	70	80	1108	148.063	Bb4	70	75	
1072	157.07	F4	65	73	1112	148.286	F4	65	75	
1073	157.253	Bb4	70	67	1110	148.286	Bb4	70	75	
1074	157.259	C#4	61	61	1109	148.286	C#4	61	75	
1075	157.575	Bb3	58	63	1114	148.619	Bb3	58	75	
1076	157.794	C#4	61	73	1115	148.952	C#4	61	75	
1077	157.839	F3	53	51	1118	148.952	F3	53	75	
1078	157.995	B4	71	76	1119	149.175	B4	71	75	
1079	158.126	Bb2	46	55	1120	149.286	Bb2	46	75	
1080	158.196	C5	72	82	1121	149.397	C5	72	75	
1081	158.564	F#3	54	71	*	-1	*	-1	-1	
1082	158.564	C#5	73	72	1124	149.619	C#5	73	75	
1083	158.57	C#4	61	59	1122	149.619	C#4	61	75	
1084	158.576	F#4	66	59	1125	149.619	F#4	66	75	
1085	158.587	Bb4	70	53	1123	149.619	Bb4	70	75	
1086	158.931	Bb2	46	58	1127	149.952	Bb3	58	75	
1087	159.212	Eb2	39	63	1130	150.286	Eb3	51	75	
1088	159.221	Bb4	70	67	1129	150.286	Bb4	70	75	
1089	159.227	C#4	61	59	1128	150.286	C#4	61	75	
1090	159.231	F#4	66	62	*	-1	*	-1	-1	
1091	159.575	F#2	42	40	1131	150.619	F#3	54	75	
1092	159.853	Bb4	70	56	1133	150.952	Bb4	70	75	
1093	159.856	F#4	66	43	*	-1	*	-1	-1	
1094	159.862	C#4	61	43	1132	150.952	C#4	61	75	
1095	159.882	Eb2	39	51	1134	150.952	Bb2	46	75	
1096	160.192	Bb1	34	45	1135	151.286	Eb2	39	75	
1097	160.469	Bb4	70	42	1137	151.619	Bb4	70	75	
1098	160.481	C#4	61	38	1136	151.619	C#4	61	75	
1099	160.489	Eb2	39	31	1138	151.619	Bb2	46	75	
1100	160.495	F#4	66	31	*	-1	*	-1	-1	
1101	160.849	Bb2	46	47	1139	151.952	Bb3	58	75	
1102	161.389	C#5	73	64	1142	152.286	C#5	73	75	
1103	161.401	E4	64	52	*	-1	*	-1	-1	
1104	161.413	C#4	61	24	*	-1	*	-1	-1	
1105	161.417	F#4	66	48	1143	152.286	F#4	66	75	
1106	161.831	C5	72	71	1145	152.619	C5	72	75	
1107	161.851	C4	60	47	*	-1	*	-1	-1	
1108	161.853	C#4	61	43	*	-1	*	-1	-1	
1109	162.109	E4	64	57	1148	152.952	F#4	66	75	
1110	162.13	F#3	54	53	*	-1	*	-1	-1	
1111	162.135	C4	60	57	1147	152.952	C4	60	75	
1112	162.382	C#4	61	70	1146	152.619	C#4	61	75	
1113	162.392	C5	72	83	1151	153.286	C5	72	75	
1114	162.412	C4	60	72	1150	153.286	C4	60	75	
1115	162.696	E3	52	40	1149	152.952	E3	52	75	
1116	162.697	C5	72	87	1155	153.619	C5	72	75	
1117	162.7	E4	64	71	1153	153.619	F#4	66	75	
1118	162.707	C4	60	67	1154	153.619	C4	60	75	
1119	162.953	F#3	54	69	1152	153.286	F#3	54	75	
1120	162.973	Bb4	70	88	1158	153.952	Bb4	70	75	
1121	163.001	Bb3	58	70	1157	153.952	Bb3	58	75	
1122	163.233	E4	64	83	1161	154.286	F#4	66	75	
1123	163.245	Bb3	58	72	*	-1	*	-1	-1	
1124	163.26	Bb2	46	52	1156	153.619	C#3	49	75	
1125	163.515	E2	40	58	1159	153.952	E2	40	75	
1126	163.527	Bb4	70	83	1164	154.619	Bb4	70	75	
1127	163.54	Bb3	58	68	*	-1	*	-1	-1	
1128	163.833	C#3	49	38	1162	154.286	C#3	49	75	
1129	163.885	F3	53	54	*	-1	*	-1	-1	
1130	163.905	Bb4	70	82	1168	154.952	Bb4	70	75	
1131	163.933	Bb3	58	47	1167	154.952	Bb3	58	75	
1132	164.216	C#4	61	48	1165	154.619	C#4	61	75	
1133	164.321	A4	69	85	1171	155.286	A4	69	75	
1134	164.327	C#3	49	52	1169	154.952	C#3	49	75	
1135	164.332	A3	57	68	1170	155.286	A3	57	75	
1136	164.562	F4	65	79	1174	155.619	F4	65	75	
1137	164.574	A3	57	75	*	-1	*	-1	-1	
1138	164.576	F2	41	62	1172	155.286	F2	41	75	
1139	164.874	Bb4	70	86	1177	155.952	Bb4	70	75	
1140	164.882	C#3	49	61	1175	155.619	C#3	49	75	
1141	164.884	Bb3	58	76	1173	155.619	A3	57	75	
1142	165.291	Bb3	58	45	1176	155.952	Bb3	58	75	
1143	165.324	C#5	73	73	1181	156.286	C#5	73	75	
1144	165.326	E4	64	53	*	-1	*	-1	-1	
1145	165.344	C#4	61	47	*	-1	*	-1	-1	
1146	165.758	C5	72	71	1184	156.619	C5	72	75	
1147	165.788	C4	60	53	1183	156.619	C4	60	75	
1148	165.802	E3	52	39	*	-1	*	-1	-1	
1149	166.074	E4	64	71	1187	156.952	E4	64	75	
1150	166.09	C4	60	59	1186	156.952	C4	60	75	
1151	166.091	F#2	42	49	1188	156.952	F#3	54	75	
1152	166.349	C5	72	93	1190	157.286	C5	72	75	
1153	166.351	E3	52	59	*	-1	*	-1	-1	
1154	166.375	C4	60	67	1189	157.286	C4	60	75	
1155	166.597	C#3	49	54	1195	157.619	C#3	49	75	
1156	166.624	C5	72	90	1194	157.619	C5	72	75	
1157	166.644	E4	64	72	1192	157.619	E4	64	75	
1158	166.645	C4	60	68	1193	157.619	C4	60	75	
1159	166.922	F#2	42	58	1198	157.952	F#2	42	75	
1160	166.931	Bb4	70	90	1197	157.952	Bb4	70	75	
1161	166.95	Bb3	58	75	1196	157.952	Bb3	58	75	
1162	167.181	C#3	49	62	1201	158.286	C#3	49	75	
1163	167.185	E4	64	75	1200	158.286	E4	64	75	
1164	167.207	Bb3	58	70	1199	158.286	Bb3	58	75	
1165	167.477	Bb4	70	83	1203	158.619	Bb4	70	75	
1166	167.489	Bb3	58	67	1202	158.619	Bb3	58	75	
1167	167.504	E3	52	53	*	-1	*	-1	-1	
1168	167.747	E3	52	47	1208	158.952	F#3	54	75	
1169	167.826	Bb4	70	67	1207	158.952	Bb4	70	75	
1170	167.846	E4	64	62	1205	158.952	E4	64	75	
1171	167.862	Bb3	58	54	1206	158.952	Bb3	58	75	
1172	168.192	C#3	49	54	1211	159.286	C#3	49	75	
1173	168.204	A4	69	86	1210	159.286	A4	69	75	
1174	168.224	A3	57	60	1209	159.286	A3	57	75	
1175	168.575	F#2	42	46	1215	159.619	F#2	42	75	
1176	168.606	C5	72	75	1214	159.619	C5	72	75	
1177	168.642	C4	60	44	1213	159.619	C4	60	75	
1178	169.012	C#3	49	44	1218	159.952	C#3	49	75	
1179	169.074	Bb4	70	68	1217	159.952	Bb4	70	75	
1180	169.089	Bb3	58	56	1216	159.952	Bb3	58	75	
1181	169.423	F2	41	64	1222	160.286	F2	41	75	
1182	169.474	Bb4	70	85	1221	160.286	Bb4	70	75	
1183	169.498	C#4	61	64	1220	160.286	C#4	61	75	
1184	169.506	Bb3	58	59	1219	160.286	Bb3	58	75	
1185	169.904	C#3	49	55	1223	160.619	C#3	49	75	
1186	170.203	C#4	61	69	1225	160.952	C#4	61	75	
1187	170.216	F#3	54	68	1226	160.952	F#3	54	75	
1188	170.242	Bb3	58	56	1224	160.952	Bb3	58	75	
1189	170.493	F3	53	81	1227	161.286	F3	53	75	
1190	170.754	C3	48	74	1231	161.619	C3	48	75	
1191	170.794	Bb4	70	82	1230	161.619	Bb4	70	75	
1192	170.808	C#4	61	47	*	-1	*	-1	-1	
1193	170.825	Bb3	58	64	1228	161.619	Bb3	58	75	
1194	170.829	F4	65	65	1229	161.619	F4	65	75	
1195	171.08	C#3	49	67	1232	161.952	C#3	49	75	
1196	171.379	F#3	54	77	*	-1	*	-1	-1	
1197	171.393	Bb3	58	69	1233	162.286	Bb3	58	75	
1198	171.395	C#4	61	53	1235	162.286	C#4	61	75	
1199	171.401	F4	65	67	1234	162.286	F4	65	75	
1200	171.661	C#3	49	76	1236	162.619	C#3	49	75	
1201	171.932	F3	53	71	1239	162.952	F3	53	75	
1202	171.995	Bb4	70	84	1238	162.952	Bb4	70	75	
1203	172.014	C#4	61	69	1237	162.952	F4	65	75	
1204	172.35	C4	60	78	1241	163.286	C4	60	75	
1205	172.615	C#4	61	87	1243	163.619	C#4	61	75	
1206	172.679	F4	65	9	1242	163.619	F4	65	75	
1207	172.886	C4	60	82	1244	163.952	C4	60	75	
1208	173.136	F3	53	41	1248	164.286	F3	53	75	
1209	173.189	F4	65	78	1245	164.286	F4	65	75	
1210	173.237	Bb4	70	83	1246	164.286	Bb4	70	75	
1211	173.246	C#4	61	74	1247	164.286	C#4	61	75	
1212	173.996	F4	65	80	1250	164.952	F4	65	75	
1213	174.001	C#4	61	82	1249	164.952	C#4	61	75	
1214	174.248	C5	72	87	1251	165.286	C5	72	75	
1215	174.542	F4	65	68	1255	165.619	F4	65	75	
1216	174.548	C#5	73	91	1254	165.619	C#5	73	75	
1217	174.57	Bb4	70	71	1253	165.619	Bb4	70	75	
1218	174.575	C#4	61	79	1252	165.619	C#4	61	75	
1219	175.26	Bb4	70	76	1257	166.286	Bb4	70	75	
1220	175.291	C#4	61	61	1256	166.286	C#4	61	75	
1221	175.292	F4	65	61	1258	166.286	F4	65	75	
1222	175.855	Bb4	70	50	1260	166.952	Bb4	70	75	
1223	175.877	C#4	61	38	1259	166.952	C#4	61	75	
1224	175.883	F4	65	44	1261	166.952	F4	65	75	
1225	176.506	Bb4	70	46	1263	167.619	Bb4	70	75	
1226	176.516	F4	65	30	1264	167.619	F4	65	75	
1227	176.556	C#4	61	21	1262	167.619	C#4	61	75	
1228	177.3	E2	40	34	1267	168.286	E2	40	75	
1229	177.397	F#4	66	53	1266	168.286	F#4	66	75	
1230	177.418	C#4	61	42	*	-1	*	-1	-1	
1231	177.42	F#3	54	58	1265	168.286	Bb3	58	75	
1232	177.887	C#3	49	49	1268	168.619	C#3	49	75	
1233	178.181	C#4	61	49	*	-1	*	-1	-1	
1234	178.206	F#3	54	53	1270	168.952	F#3	54	75	
1235	178.22	Bb3	58	38	1269	168.952	Bb3	58	75	
1236	178.495	C#3	49	63	1271	169.286	C#3	49	75	
1237	178.787	C3	48	46	1274	169.619	C3	48	75	
1238	178.865	F#4	66	72	1273	169.619	F#4	66	75	
1239	178.878	Bb3	58	43	1272	169.619	Bb3	58	75	
1240	178.901	C#4	61	50	*	-1	*	-1	-1	
1241	179.157	C#3	49	60	1275	169.952	C#3	49	75	
1242	179.43	C#4	61	72	1277	170.286	C#4	61	75	
1243	179.474	Bb3	58	46	1276	170.286	Bb3	58	75	
1244	179.737	C#3	49	60	1278	170.619	C#3	49	75	
1245	180.153	F#4	66	61	1280	170.952	F#4	66	75	
1246	180.171	E3	52	42	1281	170.952	E3	52	75	
1247	180.2	C#4	61	41	*	-1	*	-1	-1	
1248	180.211	Bb3	58	38	1279	170.952	Bb3	58	75	
1249	180.627	C4	60	49	1283	171.286	C4	60	75	
1250	180.943	C#4	61	57	1285	171.619	C#4	61	75	
1251	180.969	Bb3	58	45	1284	171.619	Bb3	58	75	
1252	181.271	C4	60	54	1286	171.952	C4	60	75	
1253	181.721	E3	52	26	1290	172.286	E3	52	75	
1254	181.723	C#4	61	48	1289	172.286	C#4	61	75	
1255	181.747	F#4	66	61	1288	172.286	F#4	66	75	
1256	181.807	Bb3	58	37	1287	172.286	Bb3	58	75	
1257	182.537	C#4	61	45	1292	172.952	C#4	61	75	
1258	182.585	Bb3	58	41	1291	172.952	Bb3	58	75	
1259	182.83	G#4	68	79	1293	173.286	G#4	68	75	
1260	183.157	C#4	61	43	1297	173.619	C#4	61	75	
1261	183.169	Bb4	70	62	1296	173.619	Bb4	70	75	
1262	183.209	F#4	66	43	1295	173.619	F#4	66	75	
1263	183.222	Bb3	58	35	1294	173.619	Bb3	58	75	
1264	183.857	C#4	61	36	1300	174.286	C#4	61	75	
1265	183.893	F#4	66	26	1299	174.286	F#4	66	75	
1266	183.919	Bb3	58	25	1298	174.286	Bb3	58	75	
1267	184.452	C#4	61	38	1303	174.952	C#4	61	75	
1268	184.502	F#4	66	35	1302	174.952	F#4	66	75	
1269	184.53	Bb3	58	25	1301	174.952	Bb3	58	75	
1270	185.111	C#4	61	38	1306	175.619	C#4	61	75	
1271	185.169	Bb3	58	26	1304	175.619	Bb3	58	75	
1272	185.863	Eb3	51	24	1310	176.286	Eb3	51	33	
1273	185.887	B3	59	47	1308	176.286	B3	59	33	
1274	185.939	B4	71	53	1307	176.286	B4	71	33	
1275	185.951	F#4	66	36	1309	176.286	F#4	66	33	
1276	185.965	Eb4	63	29	1311	176.286	Eb4	63	33	
1277	186.592	Eb2	39	41	1312	176.619	Eb2	39	33	
1278	187.019	B2	47	42	1313	176.952	B2	47	33	
1279	187.604	F#3	54	22	1315	177.286	F#3	54	33	
1280	187.621	C#5	73	53	1314	177.286	C#5	73	33	
1281	188.582	Eb5	75	46	1316	177.619	Eb5	75	50	
1282	188.594	F#4	66	26	1317	177.619	F#4	66	50	
1283	192.521	F2	41	28	1322	184.286	F2	41	50	
1284	192.557	Eb4	63	48	1320	184.286	Eb4	63	50	
1285	192.557	F4	65	62	1321	184.286	F4	65	50	
1286	192.571	F3	53	29	1318	184.286	F3	53	50	
1287	192.573	A3	57	37	1319	184.286	A3	57	50	
1288	193.369	F3	53	30	1323	184.952	F3	53	50	
1289	193.399	Eb4	63	43	1325	184.952	Eb4	63	50	
1290	193.415	A3	57	21	1324	184.952	A3	57	50	
1291	193.942	C2	36	42	1330	185.619	C2	36	50	
1292	194.016	F2	41	48	1331	185.619	F2	41	50	
1293	194.049	F4	65	74	1329	185.619	F4	65	50	
1294	194.064	Eb4	63	68	1328	185.619	Eb4	63	50	
1295	194.076	F3	53	48	1326	185.619	F3	53	50	
1296	194.086	A3	57	41	1327	185.619	A3	57	50	
1297	194.701	A3	57	47	1333	186.286	A3	57	50	
1298	194.723	F3	53	43	1332	186.286	F3	53	50	
1299	194.725	Eb4	63	66	1334	186.286	Eb4	63	50	
1300	195.159	B1	35	45	1339	186.952	B1	35	50	
1301	195.278	F2	41	47	1340	186.952	F2	41	50	
1302	195.279	F4	65	85	1338	186.952	F4	65	50	
1303	195.314	Eb4	63	65	1337	186.952	Eb4	63	50	
1304	195.323	F3	53	46	1335	186.952	F3	53	50	
1305	195.346	A3	57	23	1336	186.952	A3	57	50	
1306	195.945	Eb4	63	53	1343	187.619	Eb4	63	50	
1307	195.957	F3	53	28	1341	187.619	F3	53	50	
1308	195.964	A3	57	18	1342	187.619	A3	57	50	
1309	196.64	Bb1	34	29	1348	188.286	Bb1	34	50	
1310	196.672	F2	41	27	1349	188.286	F2	41	50	
1311	196.711	F4	65	53	1347	188.286	F4	65	50	
1312	196.723	D4	62	37	1346	188.286	D4	62	50	
1313	196.729	F3	53	22	1344	188.286	F3	53	50	
1314	196.741	Bb3	58	32	1345	188.286	Bb3	58	50	
1315	197.607	F3	53	27	1350	188.952	F3	53	50	
1316	197.607	Bb3	58	31	1351	188.952	Bb3	58	50	
1317	197.615	D4	62	34	1352	188.952	D4	62	50	
1318	198.074	F3	53	64	1353	189.286	F3	53	60	
1319	198.216	F3	53	74	1354	189.619	F3	53	60	
1320	198.903	D4	62	61	1356	190.286	D4	62	50	
1321	198.953	Bb3	58	35	1355	190.286	Bb3	58	50	
1322	199.552	D4	62	49	1358	190.952	D4	62	50	
1323	199.571	Bb3	58	38	1357	190.952	Bb3	58	50	
1324	200.286	D4	62	44	1360	191.619	D4	62	50	
1325	200.306	Bb3	58	34	1359	191.619	Bb3	58	50	
1326	201.142	B1	35	31	1365	192.286	B1	35	50	
1327	201.168	F2	41	29	1366	192.286	F2	41	50	
1328	201.191	F4	65	51	1364	192.286	F4	65	50	
1329	201.2	Eb4	63	40	1363	192.286	Eb4	63	50	
1330	201.219	F3	53	28	1361	192.286	F3	53	50	
1331	201.228	A3	57	33	1362	192.286	A3	57	50	
1332	201.926	F3	53	19	1367	192.952	F3	53	50	
1333	201.964	Eb4	63	43	1369	192.952	Eb4	63	50	
1334	201.984	A3	57	20	1368	192.952	A3	57	50	
1335	202.46	B1	35	26	1374	193.619	B1	35	50	
1336	202.508	F2	41	37	1375	193.619	F2	41	50	
1337	202.512	F4	65	60	1373	193.619	F4	65	50	
1338	202.525	F3	53	37	1370	193.619	F3	53	50	
1339	202.533	Eb4	63	45	1372	193.619	Eb4	63	50	
1340	202.541	A3	57	37	1371	193.619	A3	57	50	
1341	203.109	F3	53	33	1376	194.286	F3	53	50	
1342	203.156	Eb4	63	27	1378	194.286	Eb4	63	50	
1343	203.732	F4	65	73	1382	194.952	F4	65	50	
1344	203.736	F2	41	36	1384	194.952	F2	41	50	
1345	203.779	F3	53	33	1379	194.952	F3	53	50	
1346	203.787	Eb4	63	40	1381	194.952	Eb4	63	50	
1347	203.802	A3	57	10	1380	194.952	A3	57	50	
1348	204.368	A3	57	22	1386	195.619	A3	57	50	
1349	204.402	F3	53	42	1385	195.619	F3	53	50	
1350	204.431	Eb4	63	45	1387	195.619	Eb4	63	50	
1351	205.165	Bb1	34	39	1392	196.286	Bb1	34	50	
1352	205.192	F4	65	48	1391	196.286	F4	65	50	
1353	205.205	F2	41	35	1393	196.286	F2	41	50	
1354	205.209	Bb3	58	32	1389	196.286	Bb3	58	50	
1355	205.215	D4	62	28	1390	196.286	D4	62	50	
1356	205.223	F3	53	42	1388	196.286	F3	53	50	
1357	206.035	D4	62	43	1396	196.952	D4	62	50	
1358	206.045	Bb3	58	36	1395	196.952	Bb3	58	50	
1359	206.059	F3	53	41	1394	196.952	F3	53	50	
1360	206.516	F3	53	65	1397	197.286	F3	53	60	
1361	206.66	F3	53	69	1398	197.619	F3	53	60	
1362	207.348	D4	62	59	1400	198.286	D4	62	50	
1363	207.369	Bb3	58	40	1399	198.286	Bb3	58	50	
1364	208.007	D4	62	36	1402	198.952	D4	62	50	
1365	208.049	Bb3	58	34	1401	198.952	Bb3	58	50	
1366	208.873	D4	62	38	1404	199.619	D4	62	50	
1367	208.899	Bb3	58	32	1403	199.619	Bb3	58	50	
1368	211.51	F6	89	60	1407	200.286	F6	89	50	
1369	211.532	F5	77	42	1405	200.286	F5	77	50	
1370	211.532	A5	81	42	1406	200.286	A5	81	50	
1371	211.536	B3	59	39	1408	200.286	B3	59	50	
1372	211.545	F4	65	30	1410	200.286	F4	65	50	
1373	211.568	Eb4	63	40	1409	200.286	Eb4	63	50	
1374	211.576	A4	69	40	1411	200.286	A4	69	50	
1375	213.188	F3	53	62	1412	201.286	F3	53	50	
1376	213.344	F3	53	65	1413	201.619	F3	53	50	
1377	216.926	Bb4	70	29	1420	204.286	Bb4	70	50	
1378	216.934	F6	89	43	1416	204.286	F6	89	50	
1379	216.947	Bb5	82	27	1415	204.286	Bb5	82	50	
1380	216.954	F5	77	36	1414	204.286	F5	77	50	
1381	216.958	F4	65	37	1419	204.286	F4	65	50	
1382	216.967	Bb3	58	34	1417	204.286	Bb3	58	50	
1383	216.99	D4	62	36	1418	204.286	D4	62	50	
1384	219.837	F2	41	50	1422	208.286	F2	41	50	
1385	219.84	Bb1	34	38	1421	208.286	Bb1	34	50	
1386	223.523	Bb1	34	27	1423	212.286	Bb1	34	50	
1387	223.545	F2	41	20	1424	212.286	F2	41	50	
*	-1	*	-1	-1	6	0.0638889	Bb2	46	70	
*	-1	*	-1	-1	27	2.73055	Bb2	46	70	
*	-1	*	-1	-1	38	4	Bb4	70	70	
*	-1	*	-1	-1	44	4.66667	Bb4	70	70	
*	-1	*	-1	-1	45	4.66667	Bb4	70	70	
*	-1	*	-1	-1	46	4.66667	F3	53	70	
*	-1	*	-1	-1	58	6	C#5	73	70	
*	-1	*	-1	-1	63	6.66667	C#5	73	70	
*	-1	*	-1	-1	64	6.66667	F3	53	70	
*	-1	*	-1	-1	78	8.66666	D4	62	80	
*	-1	*	-1	-1	91	10	C#4	61	80	
*	-1	*	-1	-1	101	10.6667	F#4	66	80	
*	-1	*	-1	-1	108	11.3333	F#4	66	80	
*	-1	*	-1	-1	135	15.3333	F#4	66	80	
*	-1	*	-1	-1	138	15.3333	Eb4	63	80	
*	-1	*	-1	-1	165	18.6667	Bb3	58	80	
*	-1	*	-1	-1	169	19.3333	F#3	54	80	
*	-1	*	-1	-1	173	20	Bb3	58	80	
*	-1	*	-1	-1	177	20.6667	Bb3	58	80	
*	-1	*	-1	-1	184	21.3333	Bb3	58	80	
*	-1	*	-1	-1	189	22	Bb3	58	80	
*	-1	*	-1	-1	193	22.6667	Bb3	58	80	
*	-1	*	-1	-1	195	23.3333	Eb4	63	80	
*	-1	*	-1	-1	197	23.3333	Bb3	58	80	
*	-1	*	-1	-1	201	24	Bb2	46	80	
*	-1	*	-1	-1	202	24	Bb3	58	80	
*	-1	*	-1	-1	209	24.6667	Bb3	58	80	
*	-1	*	-1	-1	234	27.3333	E3	52	80	
*	-1	*	-1	-1	259	31.3333	F4	65	80	
*	-1	*	-1	-1	260	32	C#4	61	80	
*	-1	*	-1	-1	261	32	Bb4	70	80	
*	-1	*	-1	-1	262	32	C#5	73	80	
*	-1	*	-1	-1	263	32	F3	53	80	
*	-1	*	-1	-1	265	32	Bb2	46	80	
*	-1	*	-1	-1	287	34.7305	Bb2	46	80	
*	-1	*	-1	-1	298	36	Bb4	70	80	
*	-1	*	-1	-1	303	36.6667	Bb4	70	85	
*	-1	*	-1	-1	304	36.6667	Bb4	70	85	
*	-1	*	-1	-1	322	38.6667	F4	65	90	
*	-1	*	-1	-1	324	39.3333	Bb4	70	90	
*	-1	*	-1	-1	351	42	C#4	61	90	
*	-1	*	-1	-1	354	42.6667	F4	65	90	
*	-1	*	-1	-1	371	44	C#4	61	90	
*	-1	*	-1	-1	384	45.3333	C#4	61	90	
*	-1	*	-1	-1	390	46	Bb3	58	90	
*	-1	*	-1	-1	393	46.6667	Eb4	63	90	
*	-1	*	-1	-1	396	46.6667	Eb3	51	90	
*	-1	*	-1	-1	397	46.6667	C#4	61	90	
*	-1	*	-1	-1	400	47.3333	Eb4	63	90	
*	-1	*	-1	-1	404	47.3333	Eb3	51	90	
*	-1	*	-1	-1	411	48	F3	53	90	
*	-1	*	-1	-1	424	49.3333	F3	53	90	
*	-1	*	-1	-1	437	50.6667	E3	52	90	
*	-1	*	-1	-1	450	52	Eb3	51	90	
*	-1	*	-1	-1	490	57.3333	F#3	54	80	
*	-1	*	-1	-1	491	57.3333	C4	60	80	
*	-1	*	-1	-1	503	59.3333	G#2	44	80	
*	-1	*	-1	-1	550	65.3333	F#3	54	50	
*	-1	*	-1	-1	551	65.3333	C4	60	50	
*	-1	*	-1	-1	563	67.3333	G#2	44	50	
*	-1	*	-1	-1	703	89.3333	A3	57	60	
*	-1	*	-1	-1	704	89.3333	F4	65	60	
*	-1	*	-1	-1	708	90	F4	65	60	
*	-1	*	-1	-1	725	92.6666	Bb3	58	60	
*	-1	*	-1	-1	741	96	A3	57	60	
*	-1	*	-1	-1	752	97.3333	A3	57	60	
*	-1	*	-1	-1	753	97.3333	F4	65	60	
*	-1	*	-1	-1	774	100.667	Bb3	58	60	
*	-1	*	-1	-1	795	104.667	Bb3	58	65	
*	-1	*	-1	-1	796	104.667	Eb4	63	65	
*	-1	*	-1	-1	838	112	F4	65	75	
*	-1	*	-1	-1	855	114.667	C#4	61	75	
*	-1	*	-1	-1	859	114.667	F#4	66	75	
*	-1	*	-1	-1	871	116	Bb4	70	75	
*	-1	*	-1	-1	873	116	F4	65	75	
*	-1	*	-1	-1	876	116.667	Bb4	70	75	
*	-1	*	-1	-1	877	116.667	Bb4	70	75	
*	-1	*	-1	-1	888	117.667	Bb2	46	75	
*	-1	*	-1	-1	891	118	C#5	73	75	
*	-1	*	-1	-1	896	118.667	C#5	73	75	
*	-1	*	-1	-1	962	127.333	Eb4	63	75	
*	-1	*	-1	-1	968	128	C#4	61	75	
*	-1	*	-1	-1	979	129.333	B3	59	75	
*	-1	*	-1	-1	988	130.667	Bb3	58	75	
*	-1	*	-1	-1	989	130.667	Bb3	58	75	
*	-1	*	-1	-1	997	132	F#3	54	75	
*	-1	*	-1	-1	999	132.333	Bb2	46	75	
*	-1	*	-1	-1	1000	132.667	Bb3	58	75	
*	-1	*	-1	-1	1003	133	F3	53	75	
*	-1	*	-1	-1	1025	136	Bb3	58	75	
*	-1	*	-1	-1	1056	139.667	E3	52	75	
*	-1	*	-1	-1	1078	144.286	F4	65	75	
*	-1	*	-1	-1	1089	145.619	G#4	68	75	
*	-1	*	-1	-1	1099	146.952	F#4	66	75	
*	-1	*	-1	-1	1111	148.286	Bb4	70	75	
*	-1	*	-1	-1	1113	148.286	F4	65	75	
*	-1	*	-1	-1	1116	148.952	Bb4	70	75	
*	-1	*	-1	-1	1117	148.952	Bb4	70	75	
*	-1	*	-1	-1	1126	149.619	F#4	66	75	
*	-1	*	-1	-1	1140	152.286	Bb4	70	75	
*	-1	*	-1	-1	1160	154.286	Bb3	58	75	
*	-1	*	-1	-1	1166	154.952	F4	65	75	
*	-1	*	-1	-1	1178	155.952	C#4	61	75	
*	-1	*	-1	-1	1182	156.286	E4	64	75	
*	-1	*	-1	-1	1185	156.619	C#4	61	75	
*	-1	*	-1	-1	1191	157.286	C#4	61	75	
*	-1	*	-1	-1	1204	158.619	C#4	61	75	
*	-1	*	-1	-1	1212	159.619	E4	64	75	
*	-1	*	-1	-1	1240	162.952	F3	53	75	
*	-1	*	-1	-1	1282	170.952	E3	52	75	
*	-1	*	-1	-1	1305	175.619	F#4	66	75	
*	-1	*	-1	-1	1377	194.286	A3	57	50	
*	-1	*	-1	-1	1383	194.952	B1	35	50	
*	-1	*	-1	-1	39	4	F3	53	70	
*	-1	*	-1	-1	100	10.6667	F#3	54	80	
*	-1	*	-1	-1	159	18	F#3	54	80	
*	-1	*	-1	-1	156	18	A3	57	80	
*	-1	*	-1	-1	164	18.6667	F#3	54	80	
*	-1	*	-1	-1	192	22.6667	Bb2	46	80	
*	-1	*	-1	-1	203	24	Bb2	46	80	
*	-1	*	-1	-1	299	36	F3	53	80	
*	-1	*	-1	-1	312	37.3333	Bb3	58	90	
*	-1	*	-1	-1	309	37.3333	C#4	61	90	
*	-1	*	-1	-1	313	37.3333	F4	65	90	
*	-1	*	-1	-1	320	38.6667	Bb4	70	90	
*	-1	*	-1	-1	323	39.3333	C#4	61	90	
*	-1	*	-1	-1	325	39.3333	Bb3	58	90	
*	-1	*	-1	-1	326	39.3333	F4	65	90	
*	-1	*	-1	-1	344	41.3333	C#3	49	90	
*	-1	*	-1	-1	364	43.3333	C#3	49	90	
*	-1	*	-1	-1	389	46	C#3	49	90	
*	-1	*	-1	-1	728	92.8889	E4	64	60	
*	-1	*	-1	-1	737	94.6666	F#3	54	60	
*	-1	*	-1	-1	777	100.889	E4	64	60	
*	-1	*	-1	-1	848	113.333	G#4	68	75	
*	-1	*	-1	-1	1053	139.333	E3	52	75	
*	-1	*	-1	-1	1141	152.286	C#4	61	75	
*	-1	*	-1	-1	1144	152.619	C4	60	75	
*	-1	*	-1	-1	1163	154.619	Bb3	58	75	
*	-1	*	-1	-1	1179	156.286	E4	64	75	
*	-1	*	-1	-1	1180	156.286	C#4	61	75	
