// alignID alignOntime alignSitch alignPitch alignOnvel refID refOntime refSitch refPitch refOnvel
0	2.18229	G3	55	39	0	0	G3	55	49	
1	2.28906	G#3	56	47	1	0.1	G#3	56	49	
2	2.37344	A3	57	60	2	0.2	A3	57	49	
3	2.4349	C4	60	57	3	0.3	C4	60	49	
4	2.49063	Bb3	58	68	4	0.4	Bb3	58	49	
5	2.56354	G4	67	64	5	0.5	G4	67	49	
6	2.61719	G#3	56	44	7	0.6	G#3	56	49	
7	2.64844	D4	62	60	6	0.6	D4	62	49	
8	2.64948	Bb2	46	43	8	0.6	Bb2	46	49	
9	2.7151	F4	65	61	9	0.7	F4	65	49	
10	2.78125	G3	55	46	11	0.8	G3	55	49	
11	2.88542	G3	55	55	12	0.9	G3	55	49	
12	2.93073	Bb3	58	58	13	1	Bb3	58	49	
13	2.95729	Eb2	39	53	14	1	Eb2	39	49	
14	2.975	Eb4	63	55	15	1.1	Eb4	63	49	
15	3.07917	G4	67	61	16	1.2	G4	67	49	
16	3.13802	G#4	68	66	17	1.3	G#4	68	49	
17	3.21198	A4	69	72	18	1.4	A4	69	49	
18	3.26979	C5	72	69	19	1.5	C5	72	49	
19	3.33073	Bb4	70	76	20	1.6	Bb4	70	49	
20	3.40469	G5	79	79	21	1.7	G5	79	49	
21	3.44792	G#4	68	49	23	1.8	G#4	68	49	
22	3.46875	Bb3	58	48	24	1.8	Bb3	58	49	
23	3.49219	D5	74	70	22	1.8	D5	74	49	
24	3.56875	F5	77	59	25	1.9	F5	77	49	
25	3.60781	G4	67	55	27	2	G4	67	49	
26	3.65365	Eb5	75	61	26	2	Eb5	75	49	
27	3.74219	G4	67	55	28	2.1	G4	67	49	
28	3.7875	Bb4	70	64	29	2.2	Bb4	70	49	
29	3.80313	Eb3	51	41	30	2.2	Eb3	51	49	
30	3.82812	Eb5	75	58	31	2.3	Eb5	75	49	
31	3.92448	G5	79	77	32	2.4	G5	79	49	
32	3.98438	G#5	80	72	33	2.5	G#5	80	49	
33	4.05365	A5	81	82	34	2.6	A5	81	49	
34	4.1026	C6	84	80	35	2.7	C6	84	49	
35	4.16823	Bb5	82	83	36	2.8	Bb5	82	49	
36	4.23177	G6	91	78	37	2.9	G6	91	49	
37	4.2901	G5	79	53	40	3	G5	79	49	
38	4.29583	D6	86	87	38	3	D6	86	49	
39	4.32031	Bb4	70	33	39	3	Bb4	70	49	
40	4.36719	F6	89	87	41	3.1	F6	89	49	
41	4.44167	Eb6	87	81	42	3.2	Eb6	87	49	
42	4.46354	G4	67	43	43	3.2	G4	67	49	
43	4.47292	Eb5	75	41	44	3.2	Eb5	75	49	
44	4.51562	Bb5	82	71	45	3.3	Bb5	82	49	
45	4.57917	G5	79	80	46	3.4	G5	79	49	
46	4.69427	Eb5	75	62	47	3.5	Eb5	75	49	
47	4.79427	Bb4	70	64	48	3.6	Bb4	70	49	
48	4.86823	G4	67	54	49	3.7	G4	67	49	
49	4.9776	C3	48	45	51	3.8	C3	48	49	
50	4.98542	Eb4	63	50	50	3.8	Eb4	63	49	
51	5.09792	G3	55	55	52	3.9	G3	55	49	
52	5.1651	C4	60	51	53	4	C4	60	49	
53	5.22917	Eb4	63	61	54	4.1	Eb4	63	49	
54	5.32448	G4	67	56	55	4.2	G4	67	49	
55	5.3974	F4	65	54	56	4.3	F4	65	49	
56	5.48073	Eb4	63	49	57	4.4	Eb4	63	49	
57	5.48542	F2	41	26	58	4.4	F2	41	49	
58	5.57135	G#3	56	56	59	4.5	G#3	56	49	
59	5.70573	D4	62	51	60	4.6	D4	62	49	
60	5.76562	C4	60	56	61	4.7	C4	60	49	
61	5.82708	G2	43	47	63	4.8	G2	43	49	
62	5.83854	B3	59	55	62	4.8	B3	59	49	
63	5.90365	G3	55	56	64	4.9	G3	55	49	
64	5.9651	G#3	56	64	65	5	G#3	56	49	
65	6.03385	A3	57	72	66	5.1	A3	57	49	
66	6.09271	Bb3	58	71	67	5.2	Bb3	58	49	
67	6.14948	G4	67	69	68	5.3	G4	67	49	
68	6.21354	G#3	56	25	70	5.4	G#3	56	49	
69	6.22552	Bb2	46	49	71	5.4	Bb2	46	49	
70	6.23542	D4	62	64	69	5.4	D4	62	49	
71	6.30365	F4	65	66	72	5.5	F4	65	49	
72	6.34896	G3	55	60	74	5.6	G3	55	49	
73	6.37396	Eb4	63	65	73	5.6	Eb4	63	49	
74	6.46771	G3	55	54	75	5.7	G3	55	49	
75	6.49219	Bb3	58	64	76	5.8	Bb3	58	49	
76	6.5224	Eb2	39	52	77	5.8	Eb2	39	49	
77	6.53385	Eb4	63	54	78	5.9	Eb4	63	49	
78	6.64479	G4	67	53	79	6	G4	67	49	
79	6.6901	G#4	68	73	80	6.1	G#4	68	49	
80	6.78385	A4	69	68	81	6.2	A4	69	49	
81	6.82812	C5	72	70	82	6.3	C5	72	49	
82	6.89479	Bb4	70	77	83	6.4	Bb4	70	49	
83	6.96094	G5	79	74	84	6.5	G5	79	49	
84	7.01562	G#4	68	50	86	6.6	G#4	68	49	
85	7.03385	Bb3	58	49	87	6.6	Bb3	58	49	
86	7.04167	D5	74	67	85	6.6	D5	74	49	
87	7.10417	F5	77	66	88	6.7	F5	77	49	
88	7.17292	G4	67	54	90	6.8	G4	67	49	
89	7.18385	Eb5	75	62	89	6.8	Eb5	75	49	
90	7.26042	G4	67	58	91	6.9	G4	67	49	
91	7.30885	Bb4	70	65	92	7	Bb4	70	49	
92	7.34479	Eb3	51	40	93	7	Eb3	51	49	
93	7.34896	Eb5	75	60	94	7.1	Eb5	75	49	
94	7.44635	G5	79	77	95	7.2	G5	79	49	
95	7.50885	G#5	80	76	96	7.3	G#5	80	49	
96	7.58594	A5	81	80	97	7.4	A5	81	49	
97	7.65104	C6	84	78	98	7.5	C6	84	49	
98	7.7151	Bb5	82	79	99	7.6	Bb5	82	49	
99	7.78802	Bb5	82	78	100	7.7	Bb5	82	49	
100	7.85417	G5	79	44	103	7.8	G5	79	49	
101	7.8724	Bb4	70	37	102	7.8	Bb4	70	49	
102	7.90365	C7	96	78	101	7.8	C7	96	49	
103	7.98333	Bb6	94	76	104	7.9	Bb6	94	49	
104	8.01198	G4	67	45	106	8	G4	67	49	
105	8.0401	Eb5	75	41	107	8	Eb5	75	49	
106	8.0401	G6	91	70	105	8	G6	91	49	
107	8.125	Eb6	87	72	108	8.1	Eb6	87	49	
108	8.18229	C6	84	74	109	8.2	C6	84	49	
109	8.28906	Bb5	82	68	110	8.3	Bb5	82	49	
110	8.35781	G5	79	75	111	8.4	G5	79	49	
111	8.42448	Eb5	75	65	112	8.5	Eb5	75	49	
112	8.48698	C5	72	66	113	8.6	C5	72	49	
113	8.57552	Bb4	70	69	114	8.7	Bb4	70	49	
114	8.66927	G4	67	62	115	8.8	G4	67	49	
115	8.73854	C4	60	62	116	8.9	C4	60	49	
116	8.75417	Bb2	46	42	119	9	Bb2	46	49	
117	8.76198	G#3	56	34	118	9	G#3	56	49	
118	8.83854	D4	62	62	117	9	D4	62	49	
119	8.91667	G4	67	57	120	9.1	G4	67	49	
120	8.94948	Eb3	51	35	122	9.2	Eb3	51	49	
121	8.9776	F4	65	59	121	9.2	F4	65	49	
122	9.04792	Eb4	63	55	123	9.3	Eb4	63	49	
123	9.11823	A3	57	55	124	9.4	A3	57	49	
124	9.14167	G3	55	41	125	9.4	G3	55	49	
125	9.18073	Bb3	58	58	126	9.5	Bb3	58	49	
126	9.26302	B3	59	64	127	9.6	B3	59	49	
127	9.34219	C4	60	67	128	9.7	C4	60	49	
128	9.39583	C#4	61	63	129	9.8	C#4	61	49	
129	9.4349	Eb4	63	59	130	9.9	Eb4	63	49	
130	9.5026	D4	62	61	131	10	D4	62	49	
131	9.57031	Bb4	70	68	132	10.1	Bb4	70	49	
132	9.63281	C4	60	33	134	10.2	C4	60	49	
133	9.64687	D3	50	34	135	10.2	D3	50	49	
134	9.7474	A4	69	61	136	10.3	A4	69	49	
135	9.79792	Bb3	58	55	138	10.4	Bb3	58	49	
136	9.8151	G4	67	58	137	10.4	G4	67	49	
137	9.86719	D4	62	60	139	10.5	D4	62	49	
138	9.94948	Bb3	58	66	140	10.6	Bb3	58	49	
139	9.96094	G2	43	50	141	10.6	G2	43	49	
140	10.0375	D4	62	64	142	10.7	D4	62	49	
141	10.1276	G4	67	75	143	10.8	G4	67	49	
142	10.1682	Bb4	70	72	144	10.9	Bb4	70	49	
143	10.2422	C#5	73	74	145	11	C#5	73	49	
144	10.2875	Eb5	75	70	146	11.1	Eb5	75	49	
145	10.3734	D5	74	81	147	11.2	D5	74	49	
146	10.4385	Bb5	82	78	148	11.3	Bb5	82	49	
147	10.5198	F#5	78	74	149	11.4	F#5	78	49	
148	10.5286	C5	72	56	150	11.4	C5	72	49	
149	10.5495	D4	62	48	151	11.4	D4	62	49	
150	10.6094	A5	81	79	152	11.5	A5	81	49	
151	10.6729	G5	79	73	153	11.6	G5	79	49	
152	10.7042	Bb4	70	57	154	11.6	Bb4	70	49	
153	10.725	D5	74	80	155	11.7	D5	74	49	
154	10.8135	Bb4	70	80	156	11.8	Bb4	70	49	
155	10.8464	G3	55	47	157	11.8	G3	55	49	
156	10.8958	D5	74	79	158	11.9	D5	74	49	
157	10.9776	G5	79	88	159	12	G5	79	49	
158	11.0339	Bb5	82	80	160	12.1	Bb5	82	49	
159	11.0755	C#6	85	77	161	12.2	C#6	85	49	
160	11.1469	D6	86	84	162	12.3	D6	86	49	
161	11.2188	D7	98	95	163	12.4	D7	98	49	
162	11.2917	A6	93	89	164	12.5	A6	93	49	
163	11.3646	D5	74	49	166	12.6	D5	74	49	
164	11.3698	C7	96	89	165	12.6	C7	96	49	
165	11.375	Bb5	82	50	167	12.6	Bb5	82	49	
166	11.4516	Bb6	94	80	168	12.7	Bb6	94	49	
167	11.5182	G6	91	72	169	12.8	G6	91	49	
168	11.5589	G5	79	43	171	12.8	G5	79	49	
169	11.5911	D6	86	70	172	12.9	D6	86	49	
170	11.5911	Bb4	70	33	170	12.8	Bb4	70	49	
171	11.7161	Bb5	82	56	173	13	Bb5	82	49	
172	11.7854	G5	79	62	174	13.1	G5	79	49	
173	11.8448	D5	74	69	175	13.2	D5	74	49	
174	11.9531	A4	69	65	176	13.3	A4	69	49	
175	12.0417	C5	72	66	177	13.4	C5	72	49	
176	12.1042	Bb4	70	64	178	13.5	Bb4	70	49	
177	12.1901	G4	67	56	179	13.6	G4	67	49	
178	12.251	D4	62	67	180	13.7	D4	62	49	
179	12.2953	Bb3	58	48	182	13.8	Bb3	58	49	
180	12.3099	C3	48	41	183	13.8	C3	48	49	
181	12.3682	E4	64	44	181	13.8	E4	64	49	
182	12.4281	G#4	68	52	184	13.9	G#4	68	49	
183	12.4854	G4	67	51	185	14	G4	67	49	
184	12.5052	G#3	56	48	186	14	G#3	56	49	
185	12.5859	F4	65	58	187	14.1	F4	65	49	
186	12.6859	C4	60	23	188	14.2	C4	60	49	
187	12.6917	F2	41	35	189	14.2	F2	41	49	
188	12.7552	G3	55	64	190	14.3	G3	55	49	
189	12.8047	G#3	56	59	191	14.4	G#3	56	49	
190	12.8646	Bb3	58	62	192	14.5	Bb3	58	49	
191	12.9359	B3	59	61	193	14.6	B3	59	49	
192	13.0042	C#4	61	74	194	14.7	C#4	61	49	
193	13.0781	C4	60	71	195	14.8	C4	60	49	
194	13.1448	G#4	68	76	196	14.9	G#4	68	49	
195	13.237	Bb3	58	38	198	15	Bb3	58	49	
196	13.237	E4	64	56	197	15	E4	64	49	
197	13.2667	C3	48	38	199	15	C3	48	49	
198	13.3099	G4	67	61	200	15.1	G4	67	49	
199	13.3672	F4	65	67	201	15.2	F4	65	49	
200	13.401	G#3	56	54	202	15.2	G#3	56	49	
201	13.4281	C4	60	55	203	15.3	C4	60	49	
202	13.5208	G#3	56	64	204	15.4	G#3	56	49	
203	13.5599	F2	41	47	205	15.4	F2	41	49	
204	13.6094	C4	60	72	206	15.5	C4	60	49	
205	13.6937	F4	65	76	207	15.6	F4	65	49	
206	13.7406	G#4	68	75	208	15.7	G#4	68	49	
207	13.8464	B4	71	79	209	15.8	B4	71	49	
208	13.9182	C#5	73	72	210	15.9	C#5	73	49	
209	13.9807	C5	72	78	211	16	C5	72	49	
210	14.0557	G#5	80	78	212	16.1	G#5	80	49	
211	14.1406	E5	76	70	213	16.2	E5	76	49	
212	14.1536	C4	60	44	215	16.2	C4	60	49	
213	14.1615	Bb4	70	23	214	16.2	Bb4	70	49	
214	14.2073	G5	79	74	216	16.3	G5	79	49	
215	14.2682	F5	77	68	217	16.4	F5	77	49	
216	14.301	G#4	68	65	218	16.4	G#4	68	49	
217	14.3307	C5	72	69	219	16.5	C5	72	49	
218	14.4115	G#4	68	77	220	16.6	G#4	68	49	
219	14.4516	F3	53	45	221	16.6	F3	53	49	
220	14.5104	C5	72	73	222	16.7	C5	72	49	
221	14.5885	F5	77	81	223	16.8	F5	77	49	
222	14.6302	G#5	80	78	224	16.9	G#5	80	49	
223	14.6823	B5	83	79	225	17	B5	83	49	
224	14.7708	C6	84	84	226	17.1	C6	84	49	
225	14.8401	C7	96	92	227	17.2	C7	96	49	
226	14.9219	G6	91	85	228	17.3	G6	91	49	
227	14.987	Bb6	94	86	229	17.4	Bb6	94	49	
228	15.0479	G#6	92	79	230	17.5	G#6	92	49	
229	15.1302	G#5	80	60	234	17.6	G#5	80	49	
230	15.1328	F6	89	77	231	17.6	F6	89	49	
231	15.151	C5	72	54	232	17.6	C5	72	49	
232	15.1547	D5	74	54	233	17.6	D5	74	49	
233	15.1781	D6	86	73	235	17.7	D6	86	49	
234	15.2932	C6	84	74	236	17.8	C6	84	49	
235	15.3714	G#5	80	74	237	17.9	G#5	80	49	
236	15.4359	F5	77	69	238	18	F5	77	49	
237	15.512	D5	74	73	239	18.1	D5	74	49	
238	15.6615	C5	72	44	240	18.2	C5	72	49	
239	15.6859	G#4	68	67	241	18.3	G#4	68	49	
240	15.7719	F4	65	57	242	18.4	F4	65	49	
241	15.8167	D4	62	71	243	18.5	D4	62	49	
242	15.9281	G#4	68	66	244	18.6111	G#4	68	49	
243	16.0156	C4	60	59	245	18.7222	C4	60	49	
244	16.0667	G2	43	37	247	18.8333	G2	43	49	
245	16.1495	B3	59	57	246	18.8333	B3	59	49	
246	16.1667	D3	50	25	248	18.8333	D3	50	49	
247	16.2328	G3	55	61	249	18.9444	G3	55	49	
248	16.2786	G#3	56	64	250	19.0556	G#3	56	49	
249	16.3344	Bb3	58	60	253	19.0926	Bb3	58	49	
250	16.4974	G3	55	54	256	19.1667	G3	55	49	
251	16.6953	G4	67	43	257	19.2778	G4	67	49	
252	16.7917	G3	55	57	258	19.3889	G3	55	49	
253	16.8958	G#3	56	61	259	19.5	G#3	56	49	
254	16.974	A3	57	75	260	19.6	A3	57	49	
255	17.0365	Bb3	58	70	261	19.7	Bb3	58	49	
256	17.087	G4	67	68	262	19.8	G4	67	49	
257	17.1135	G#3	56	32	264	19.9	G#3	56	49	
258	17.1156	Bb2	46	49	265	19.9	Bb2	46	49	
259	17.1719	D4	62	68	263	19.9	D4	62	49	
260	17.25	F4	65	65	266	20	F4	65	49	
261	17.2578	G3	55	59	268	20.1	G3	55	49	
262	17.3135	Eb4	63	63	267	20.1	Eb4	63	49	
263	17.387	G3	55	61	269	20.2	G3	55	49	
264	17.4359	Bb3	58	65	270	20.3	Bb3	58	49	
265	17.4479	Eb2	39	59	271	20.3	Eb2	39	49	
266	17.4776	Eb4	63	55	272	20.4	Eb4	63	49	
267	17.5766	G4	67	70	273	20.5	G4	67	49	
268	17.6391	G#4	68	74	274	20.6	G#4	68	49	
269	17.7188	A4	69	74	275	20.7	A4	69	49	
270	17.762	C5	72	70	276	20.8	C5	72	49	
271	17.8323	Bb4	70	77	277	20.9	Bb4	70	49	
272	17.8995	G5	79	73	278	21	G5	79	49	
273	17.9661	G#4	68	53	280	21.1	G#4	68	49	
274	17.9729	D5	74	68	279	21.1	D5	74	49	
275	17.9906	Bb3	58	48	281	21.1	Bb3	58	49	
276	18.0469	F5	77	67	282	21.2	F5	77	49	
277	18.1234	Eb5	75	60	283	21.3	Eb5	75	49	
278	18.1234	G4	67	60	284	21.3	G4	67	49	
279	18.2109	G4	67	55	285	21.4	G4	67	49	
280	18.2474	Bb4	70	65	286	21.5	Bb4	70	49	
281	18.2891	Eb5	75	59	288	21.6	Eb5	75	49	
282	18.3099	Eb3	51	32	287	21.5	Eb3	51	49	
283	18.3917	G5	79	71	289	21.7	G5	79	49	
284	18.4651	G#5	80	76	290	21.8	G#5	80	49	
285	18.5469	A5	81	72	291	21.9	A5	81	49	
286	18.6042	C6	84	71	292	22	C6	84	49	
287	18.6667	Bb5	82	74	293	22.1	Bb5	82	49	
288	18.7344	G6	91	71	294	22.2	G6	91	49	
289	18.7953	G5	79	53	297	22.3	G5	79	49	
290	18.8031	D6	86	66	295	22.3	D6	86	49	
291	18.8255	Bb4	70	32	296	22.3	Bb4	70	49	
292	18.8813	F6	89	72	298	22.4	F6	89	49	
293	18.9505	Eb6	87	67	299	22.5	Eb6	87	49	
294	18.9766	Eb5	75	41	301	22.5	Eb5	75	49	
295	18.9854	G4	67	40	300	22.5	G4	67	49	
296	19.0234	Bb5	82	71	302	22.6	Bb5	82	49	
297	19.0922	G5	79	71	303	22.7	G5	79	49	
298	19.2031	Eb5	75	60	304	22.8	Eb5	75	49	
299	19.3057	Bb4	70	59	305	22.9	Bb4	70	49	
300	19.3594	G4	67	62	306	23	G4	67	49	
301	19.4844	C3	48	37	308	23.1	C3	48	49	
302	19.4844	Eb4	63	58	307	23.1	Eb4	63	49	
303	19.6026	G3	55	61	309	23.2	G3	55	49	
304	19.6745	C4	60	51	310	23.3	C4	60	49	
305	19.7229	Eb4	63	66	311	23.4	Eb4	63	49	
306	19.8073	G4	67	58	312	23.5	G4	67	49	
307	19.8813	F4	65	57	313	23.6	F4	65	49	
308	19.9688	Eb4	63	50	314	23.7	Eb4	63	49	
309	19.987	F2	41	22	315	23.7	F2	41	49	
310	20.0573	G#3	56	56	316	23.8	G#3	56	49	
311	20.1807	D4	62	55	317	23.9	D4	62	49	
312	20.237	C4	60	56	318	24	C4	60	49	
313	20.3109	B3	59	59	319	24.1	B3	59	49	
314	20.3344	G2	43	40	320	24.1	G2	43	49	
315	20.388	G3	55	59	321	24.2	G3	55	49	
316	20.4542	G#3	56	68	322	24.3	G#3	56	49	
317	20.5339	A3	57	73	323	24.4	A3	57	49	
318	20.5964	Bb3	58	66	324	24.5	Bb3	58	49	
319	20.6536	G4	67	64	325	24.6	G4	67	49	
320	20.7396	D4	62	63	326	24.7	D4	62	49	
321	20.7542	Bb2	46	52	328	24.7	Bb2	46	49	
322	20.8151	F4	65	64	329	24.8	F4	65	49	
323	20.876	G3	55	57	331	24.9	G3	55	49	
324	20.8802	Eb4	63	63	330	24.9	Eb4	63	49	
325	20.962	G3	55	54	332	25	G3	55	49	
326	21.0042	Bb3	58	62	333	25.1	Bb3	58	49	
327	21.0469	Eb4	63	60	335	25.2	Eb4	63	49	
328	21.0609	Eb2	39	48	334	25.1	Eb2	39	49	
329	21.1589	G4	67	63	336	25.3	G4	67	49	
330	21.2198	G#4	68	71	337	25.4	G#4	68	49	
331	21.3021	A4	69	68	338	25.5	A4	69	49	
332	21.3568	C5	72	74	339	25.6	C5	72	49	
333	21.4307	Bb4	70	78	340	25.7	Bb4	70	49	
334	21.5042	G5	79	72	341	25.8	G5	79	49	
335	21.5781	D5	74	68	342	25.9	D5	74	49	
336	21.5844	G#4	68	47	343	25.9	G#4	68	49	
337	21.5901	Bb3	58	52	344	25.9	Bb3	58	49	
338	21.651	F5	77	66	345	26	F5	77	49	
339	21.7214	Eb5	75	66	346	26.1	Eb5	75	49	
340	21.7328	G4	67	61	348	26.2	G4	67	49	
341	21.8359	Bb4	70	70	349	26.3	Bb4	70	49	
342	21.8854	Eb5	75	60	351	26.4	Eb5	75	49	
343	21.9073	Eb3	51	55	350	26.3	Eb3	51	49	
344	21.9885	G5	79	81	352	26.5	G5	79	49	
345	22.0557	G#5	80	76	353	26.6	G#5	80	49	
346	22.1313	A5	81	84	354	26.7	A5	81	49	
347	22.1979	C6	84	80	355	26.8	C6	84	49	
348	22.262	Bb5	82	76	356	26.9	Bb5	82	49	
349	22.3307	Bb5	82	85	357	27	Bb5	82	49	
350	22.4349	C7	96	84	358	27.1	C7	96	49	
351	22.4401	G5	79	53	360	27.1	G5	79	49	
352	22.4583	Bb4	70	46	359	27.1	Bb4	70	49	
353	22.5286	Bb6	94	81	361	27.2	Bb6	94	49	
354	22.5901	G6	91	71	362	27.3	G6	91	49	
355	22.6	Eb5	75	42	364	27.3	Eb5	75	49	
356	22.6026	G4	67	39	363	27.3	G4	67	49	
357	22.6901	Eb6	87	67	365	27.4	Eb6	87	49	
358	22.7422	C6	84	74	366	27.5	C6	84	49	
359	22.8578	Bb5	82	65	367	27.6	Bb5	82	49	
360	22.901	G#5	80	67	*	-1	*	-1	-1	
361	22.9401	G5	79	66	368	27.7	G5	79	49	
362	23.0063	Eb5	75	61	369	27.8	Eb5	75	49	
363	23.0573	C5	72	83	370	27.9	C5	72	49	
364	23.1495	A4	69	72	371	28	A4	69	55	
365	23.2031	C5	72	69	372	28.1	C5	72	57	
366	23.2979	Bb4	70	76	373	28.2	Bb4	70	60	
367	23.4115	G4	67	45	376	28.3	G4	67	63	
368	23.4125	Bb3	58	43	375	28.3	Bb3	58	63	
369	23.4339	C6	84	77	374	28.3	C6	84	63	
370	23.5219	Bb5	82	72	377	28.4	Bb5	82	66	
371	23.5833	G3	55	54	379	28.5	G3	55	68	
372	23.5911	G5	79	72	378	28.5	G5	79	68	
373	23.5922	Eb4	63	51	380	28.5	Eb4	63	68	
374	23.6667	Eb5	75	66	381	28.6	Eb5	75	71	
375	23.724	C5	72	74	382	28.7	C5	72	74	
376	23.8359	Bb4	70	63	383	28.8	Bb4	70	77	
377	23.901	G4	67	74	384	28.9	G4	67	79	
378	23.9818	Eb4	63	75	385	29	Eb4	63	82	
379	24.0443	C4	60	82	386	29.1	C4	60	85	
380	24.137	A3	57	81	387	29.2	A3	57	88	
381	24.1938	C4	60	73	388	29.3	C4	60	90	
382	24.3057	Bb3	58	83	389	29.4	Bb3	58	93	
383	24.4339	C4	60	3	391	29.5	C4	60	96	
384	24.4542	C5	72	74	390	29.5	C5	72	96	
385	24.5286	Bb3	58	60	393	29.6	Bb3	58	96	
386	24.5297	Bb4	70	71	392	29.6	Bb4	70	96	
387	24.5979	G4	67	71	394	29.7	G4	67	96	
388	24.6172	G3	55	54	395	29.7	G3	55	96	
389	24.6604	Eb4	63	67	396	29.8	Eb4	63	96	
390	24.6667	Eb3	51	58	397	29.8	Eb3	51	96	
391	24.7266	C4	60	70	398	29.9	C4	60	96	
392	24.7484	C3	48	73	399	29.9	C3	48	96	
393	24.8214	Bb3	58	75	400	30	Bb3	58	96	
394	24.8422	Bb2	46	71	401	30	Bb2	46	96	
395	24.9349	G4	67	72	402	30.1	G4	67	96	
396	24.9464	G3	55	65	403	30.1	G3	55	96	
397	25.0141	Eb4	63	75	404	30.2	Eb4	63	96	
398	25.0323	Eb3	51	75	405	30.2	Eb3	51	96	
399	25.0599	C4	60	73	406	30.3	C4	60	96	
400	25.099	C3	48	61	407	30.3	C3	48	96	
401	25.1417	Bb3	58	79	408	30.4	Bb3	58	96	
402	25.1797	Bb2	46	80	409	30.4	Bb2	46	96	
403	25.2016	G3	55	81	410	30.5	G3	55	96	
404	25.2589	G2	43	54	411	30.5	G2	43	96	
405	25.3167	G3	55	64	413	30.6	G3	55	96	
406	25.3266	G4	67	77	412	30.6	G4	67	96	
407	25.3984	Eb4	63	75	414	30.7	Eb4	63	96	
408	25.401	Eb3	51	78	415	30.7	Eb3	51	96	
409	25.4427	C4	60	81	416	30.8	C4	60	96	
410	25.4479	C#4	61	30	*	-1	*	-1	-1	
411	25.4542	C3	48	70	417	30.8	C3	48	96	
412	25.5026	Bb2	46	67	419	30.9	Bb2	46	96	
413	25.5156	Bb3	58	79	418	30.9	Bb3	58	96	
414	25.5286	G2	43	61	421	31	G2	43	96	
415	25.5599	G3	55	76	420	31	G3	55	96	
416	25.6016	Eb3	51	85	423	31.1	Eb3	51	96	
417	25.637	Eb4	63	78	422	31.1	Eb4	63	96	
418	25.6938	C3	48	76	425	31.2	C3	48	96	
419	25.7016	C4	60	77	424	31.2	C4	60	96	
420	25.7432	Bb3	58	79	426	31.3	Bb3	58	96	
421	25.7667	Bb2	46	83	427	31.3	Bb2	46	96	
422	25.7943	G3	55	80	428	31.4	G3	55	96	
423	25.8635	G2	43	82	429	31.4	G2	43	96	
424	25.8948	Eb3	51	72	430	31.5	Eb3	51	96	
425	25.9672	Eb2	39	77	431	31.5	Eb2	39	96	
426	25.9932	D3	50	65	432	31.6	D3	50	115	
427	26.0453	D2	38	61	433	31.6	D2	38	115	
428	26.112	F3	53	49	434	31.7	F3	53	96	
429	26.1146	F2	41	63	435	31.7	F2	41	96	
430	26.1536	Eb3	51	62	436	31.8	Eb3	51	96	
431	26.2198	Eb2	39	62	437	31.8	Eb2	39	96	
432	26.2604	C#3	49	49	438	31.9	C#3	49	115	
433	26.2823	C#2	37	57	439	31.9	C#2	37	115	
434	26.3099	F3	53	57	440	32	F3	53	96	
435	26.3516	F2	41	62	441	32	F2	41	96	
436	26.4073	Eb3	51	62	442	32.1	Eb3	51	96	
437	26.4203	Eb2	39	66	443	32.1	Eb2	39	96	
438	26.5156	C3	48	71	444	32.2	C3	48	115	
439	26.5208	C2	36	72	445	32.2	C2	36	115	
440	26.5766	F3	53	61	446	32.3	F3	53	96	
441	26.5844	F2	41	68	447	32.3	F2	41	96	
442	26.6432	Eb3	51	65	448	32.4	Eb3	51	96	
443	26.6573	Eb2	39	77	449	32.4	Eb2	39	96	
444	26.7448	B2	47	84	450	32.5	B2	47	115	
445	26.7563	B1	35	82	451	32.5	B1	35	115	
446	26.8177	F3	53	66	452	32.6	F3	53	96	
447	26.8229	F2	41	72	453	32.6	F2	41	96	
448	26.8802	Eb3	51	76	454	32.7	Eb3	51	96	
449	26.9026	Eb2	39	79	455	32.7	Eb2	39	96	
450	26.9672	Bb2	46	95	456	32.8	Bb2	46	115	
451	27.0052	B1	35	72	457	32.8	Bb1	34	115	
452	27.0625	F3	53	73	458	32.9	F3	53	96	
453	27.0667	F2	41	77	459	32.9	F2	41	96	
454	27.137	Eb3	51	70	460	33	Eb3	51	96	
455	27.1604	Eb2	39	76	461	33	Eb2	39	96	
456	27.225	A1	33	75	463	33.1	A1	33	115	
457	27.2307	A2	45	92	462	33.1	A2	45	115	
458	27.3031	F2	41	80	465	33.2	F2	41	96	
459	27.3266	F3	53	73	464	33.2	F3	53	96	
460	27.3906	Eb2	39	83	467	33.3	Eb2	39	96	
461	27.4047	Eb3	51	70	466	33.3	Eb3	51	96	
462	27.4479	C2	36	74	469	33.4	C2	36	115	
463	27.4766	C3	48	87	468	33.4	C3	48	115	
464	27.5276	F2	41	80	471	33.5	F2	41	96	
465	27.5677	Eb3	51	73	472	33.6	Eb3	51	96	
466	27.6302	Eb2	39	78	473	33.6	Eb2	39	96	
467	27.6729	Bb2	46	93	474	33.7	Bb2	46	115	
468	27.6839	Bb1	34	70	475	33.7	Bb1	34	115	
469	27.7698	G2	43	74	477	33.8	F2	41	96	
470	27.7891	G3	55	52	476	33.8	F3	53	96	
471	27.9036	Eb1	27	91	479	33.9	Eb1	27	112	
472	27.9047	Eb2	39	110	478	33.9	Eb2	39	112	
473	28.3438	G3	55	64	482	34.5	G3	55	127	
474	28.3984	Bb3	58	70	483	34.5	Bb3	58	127	
475	28.4594	Eb4	63	67	484	34.5	Eb4	63	127	
476	28.4906	Eb5	75	107	480	34.5	Eb5	75	112	
477	28.4948	Eb6	87	105	481	34.5	Eb6	87	112	
478	28.4964	G4	67	92	485	34.5	G4	67	127	
479	28.4984	Bb5	82	89	*	-1	*	-1	-1	
480	28.5609	C#6	85	17	*	-1	*	-1	-1	
481	29.2901	Eb2	39	79	488	34.9	Eb2	39	112	
482	29.2995	Eb3	51	81	487	34.9	Eb3	51	112	
483	29.3031	Eb4	63	71	486	34.9	Eb4	63	112	
484	29.3891	Eb3	51	89	490	35	Eb3	51	112	
485	29.3917	Eb4	63	80	489	35	Eb4	63	112	
486	29.3948	Eb2	39	90	491	35	Eb2	39	112	
487	29.4828	Eb3	51	85	493	35.1	Eb3	51	112	
488	29.4828	Eb4	63	85	492	35.1	Eb4	63	127	
489	29.487	Eb2	39	93	494	35.1	Eb2	39	112	
490	32.4625	F#3	54	32	496	36.3	F#3	54	49	
491	32.4688	B2	47	25	498	36.3	B2	47	49	
492	32.4766	B1	35	25	497	36.3	B1	35	49	
493	33.099	B3	59	35	499	36.9	B3	59	49	
494	33.4417	E4	64	43	501	37.2	E4	64	49	
495	33.4703	C#4	61	29	500	37.2	C#4	61	49	
496	33.7031	Bb3	58	56	502	37.5	Bb3	58	49	
497	33.9531	G#3	56	50	503	37.8	G#3	56	49	
498	34.2516	Bb3	58	33	504	38.1	Bb3	58	49	
499	34.8099	G#4	68	51	506	38.7	G#4	68	49	
500	34.8307	Bb3	58	37	507	38.7	Bb3	58	49	
501	34.85	E4	64	37	505	38.7	E4	64	49	
502	35.1	F#4	66	67	508	39	F#4	66	49	
503	35.3375	B3	59	55	509	39.3	B3	59	49	
504	35.5391	C#4	61	66	510	39.6	C#4	61	49	
505	35.7474	B2	47	34	513	39.9	B2	47	49	
506	35.7604	F#3	54	31	512	39.9	F#3	54	49	
507	35.8672	Eb4	63	45	511	39.9	Eb4	63	49	
508	36.3047	Eb4	63	12	515	40.5	Eb4	63	49	
509	36.3062	F#4	66	73	514	40.5	F#4	66	49	
510	36.3687	C#4	61	31	516	40.5	C#4	61	49	
511	36.5833	G#4	68	82	517	40.8	G#4	68	49	
512	36.8141	B3	59	62	518	41.1	B3	59	64	
513	37.0286	Bb3	58	71	520	41.4	Bb3	58	80	
514	37.3281	B4	71	74	522	41.7	B4	71	96	
515	37.3464	B3	59	51	523	41.7	Bb3	58	96	
516	37.3479	Eb4	63	54	521	41.7	Eb4	63	96	
517	37.5755	G#3	56	54	524	42	G#3	56	96	
518	37.7828	B2	47	60	525	42.3	B2	47	96	
519	38.0339	Eb4	63	69	526	42.6	Eb4	63	96	
520	38.2776	Bb2	46	52	528	42.9	Bb2	46	96	
521	38.4948	G#2	44	49	529	43.2	G#2	44	96	
522	38.7125	G#2	44	45	532	43.5	G#2	44	96	
523	38.7875	E4	64	57	530	43.5	E4	64	96	
524	39.0094	C#2	37	54	534	43.8	C#2	37	96	
525	39.25	G#3	56	55	535	44.1	G#3	56	96	
526	39.5521	G#4	68	68	536	44.4	G#4	68	96	
527	39.5901	B3	59	34	537	44.4	B3	59	96	
528	39.676	D4	62	21	538	44.4	C#2	37	96	
529	39.8073	F#3	54	64	540	44.7	F#3	54	96	
530	40.0297	E3	52	56	541	45	E3	52	96	
531	40.2516	G#2	44	45	545	45.3	G#2	44	96	
532	40.3099	C#4	61	55	543	45.3	C#4	61	96	
533	40.3219	B3	59	39	542	45.3	B3	59	96	
534	40.3219	E3	52	44	544	45.3	E3	52	96	
535	40.5339	C#2	37	36	546	45.6	C#2	37	96	
536	40.7812	E3	52	48	547	45.9	E3	52	96	
537	41.0901	E4	64	49	549	46.2	E4	64	96	
538	41.1031	B3	59	36	548	46.2	B3	59	96	
539	41.3344	Eb3	51	44	551	46.5	Eb3	51	96	
540	41.5833	C#3	49	43	552	46.8	C#3	49	96	
541	41.9516	F#2	42	35	555	47.1	F#2	42	96	
542	41.9974	E3	52	29	556	47.1	E3	52	96	
543	42.0156	Eb4	63	43	553	47.1	Eb4	63	96	
544	42.0312	Bb3	58	40	554	47.1	Bb3	58	96	
545	42.5755	Bb3	58	39	557	47.7	Bb3	58	96	
546	42.9193	C#4	61	42	558	48	C#4	61	115	
547	43.2135	B3	59	37	559	48.3	B3	59	96	
548	43.4661	G#3	56	44	560	48.6	G#3	56	96	
549	43.7214	G#3	56	41	561	48.9	G#3	56	96	
550	44.2281	G#3	56	43	562	49.5	G#3	56	96	
551	44.5609	D4	62	57	563	49.8	D4	62	96	
552	44.8516	Bb3	58	49	564	50.1	Bb3	58	96	
553	45.0979	F#3	54	47	565	50.4	F#3	54	96	
554	45.5453	B2	47	26	*	-1	*	-1	-1	
555	45.5453	B1	35	35	568	50.7	B1	35	96	
556	45.5885	Eb4	63	62	566	50.7	Eb4	63	96	
557	45.6109	Eb3	51	38	567	50.7	Eb3	51	96	
558	45.612	F#3	54	46	*	-1	*	-1	-1	
559	46.2484	C#4	61	57	570	51.3	C#4	61	96	
560	46.2604	A3	57	35	569	51.3	A3	57	96	
561	46.6109	E4	64	68	571	51.6	E4	64	96	
562	46.8891	G#3	56	56	574	51.9	G#3	56	96	
563	46.9026	B3	59	50	575	51.9	B3	59	96	
564	47.1292	A3	57	55	577	52.2	A3	57	96	
565	47.137	F#3	54	50	576	52.2	F#3	54	96	
566	47.4271	B3	59	55	578	52.5	B3	59	96	
567	47.4516	F#3	54	40	579	52.5	F#3	54	96	
568	47.4635	A3	57	41	580	52.5	A3	57	96	
569	47.9438	G#3	56	36	582	53.1	G#3	56	96	
570	47.9635	E3	52	24	581	53.1	E3	52	96	
571	48.2344	E3	52	24	583	53.4	E3	52	96	
572	48.2359	G#3	56	35	584	53.4	G#3	56	96	
573	49.1292	B1	35	36	586	54.3	B1	35	96	
574	49.1328	B2	47	25	587	54.3	B2	47	96	
575	49.1656	Eb4	63	69	585	54.3	Eb4	63	96	
576	49.6693	C#4	61	46	589	54.9	C#4	61	96	
577	49.6797	A3	57	38	588	54.9	A3	57	96	
578	49.9573	E4	64	63	590	55.2	E4	64	96	
579	50.2318	B3	59	36	594	55.5	B3	59	96	
580	50.237	G#3	56	38	593	55.5	G#3	56	96	
581	50.4651	A3	57	50	596	55.8	A3	57	96	
582	50.5063	F#3	54	31	595	55.8	F#3	54	96	
583	50.7719	B3	59	47	597	56.1	B3	59	96	
584	50.8047	F#3	54	31	598	56.1	F#3	54	96	
585	50.8359	A3	57	27	599	56.1	A3	57	96	
586	51.2604	G#3	56	35	601	56.7	G#3	56	96	
587	51.2865	E3	52	31	600	56.7	E3	52	96	
588	51.5312	G#3	56	24	603	57	G#3	56	96	
589	51.5641	E3	52	36	602	57	E3	52	96	
590	52.4167	B2	47	25	606	57.9	B2	47	96	
591	52.4271	B1	35	31	605	57.9	B1	35	96	
592	52.4661	C#4	61	52	604	57.9	C#4	61	96	
593	52.987	G#3	56	35	607	58.5	G#3	56	96	
594	52.9974	B3	59	33	608	58.5	B3	59	96	
595	53.2698	Eb4	63	53	609	58.8	Eb4	63	96	
596	53.5354	F#3	54	34	610	59.1	F#3	54	96	
597	53.5589	Bb3	58	40	611	59.1	Bb3	58	96	
598	53.7708	G#3	56	40	613	59.4	G#3	56	96	
599	53.7943	E3	52	37	612	59.4	E3	52	96	
600	54.1135	B3	59	44	614	59.7	B3	59	96	
601	54.1224	E3	52	35	615	59.7	E3	52	96	
602	54.1344	G#3	56	34	616	59.7	G#3	56	96	
603	54.6172	F#3	54	41	620	60.3	F#3	54	96	
604	54.6547	Eb3	51	31	619	60.3	Eb3	51	96	
605	54.9234	F#3	54	45	622	60.6	F#3	54	96	
606	54.9234	Eb3	51	20	621	60.6	Eb3	51	96	
607	55.4391	C#3	49	38	623	61.2	C#3	49	96	
608	55.4828	C#2	37	26	624	61.2	C#2	37	96	
609	55.7422	C#3	49	35	625	61.5	C#3	49	96	
610	55.7448	C#2	37	30	626	61.5	C#2	37	96	
611	56.225	Eb3	51	44	627	62.1	Eb3	51	96	
612	56.2437	Eb2	39	31	628	62.1	Eb2	39	96	
613	56.512	Eb3	51	45	629	62.4	Eb3	51	96	
614	56.526	Eb2	39	36	630	62.4	Eb2	39	96	
615	57.012	B2	47	35	631	63	B2	47	96	
616	57.0182	B1	35	40	632	63	B1	35	96	
617	57.3344	B1	35	38	634	63.3	B1	35	96	
618	57.3464	B2	47	37	633	63.3	B2	47	96	
619	57.8828	F#2	42	34	635	63.9	F#2	42	96	
620	57.8854	F#1	30	36	636	63.9	F#1	30	96	
621	58.1615	F#1	30	31	638	64.2	F#1	30	96	
622	58.1839	F#2	42	27	637	64.2	F#2	42	96	
623	58.6656	G#2	44	37	639	64.8	G#2	44	96	
624	58.6849	G#1	32	30	640	64.8	G#1	32	96	
625	58.9672	Bb2	46	41	641	65.1	Bb2	46	96	
626	59.4115	G#1	32	41	645	65.7	G#1	32	96	
627	59.4427	G#2	44	24	646	65.7	G#2	44	96	
628	59.5052	Bb4	70	71	644	65.7	Bb4	70	96	
629	59.5156	Bb3	58	60	643	65.7	Bb3	58	96	
630	59.6068	Bb4	70	76	*	-1	*	-1	-1	
631	59.6266	Bb3	58	51	647	65.85	Bb3	58	96	
632	59.6901	Bb4	70	88	648	65.85	Bb4	70	96	
633	59.7073	Bb3	58	60	*	-1	*	-1	-1	
634	59.8687	Bb3	58	7	649	66	Bb3	58	115	
635	59.926	F#1	30	52	651	66.3	F#1	30	96	
636	59.9323	F#2	42	42	652	66.3	F#2	42	96	
637	60.151	Eb1	27	50	653	66.6	Eb1	27	96	
638	60.1578	Eb2	39	42	654	66.6	Eb2	39	96	
639	60.4349	D1	26	43	656	66.9	D1	26	96	
640	60.4453	D2	38	35	657	66.9	D2	38	96	
641	60.5182	F4	65	48	655	66.9	F4	65	96	
642	60.9984	G#3	56	46	659	67.5	G#3	56	96	
643	61.2328	C#1	25	45	661	67.8	C#1	25	96	
644	61.2641	C#2	37	34	662	67.8	C#2	37	96	
645	61.3177	F#4	66	55	660	67.8	F#4	66	96	
646	61.35	Bb3	58	40	663	67.8	Bb3	58	96	
647	61.6172	F#3	54	48	665	68.1	F#3	54	96	
648	61.6875	C#2	37	3	*	-1	*	-1	-1	
649	61.8359	Eb3	51	50	666	68.4	Eb3	51	96	
650	62.099	C#2	37	12	*	-1	*	-1	-1	
651	62.1354	C#3	49	33	668	68.7	C#3	49	96	
652	62.1656	C#4	61	45	667	68.7	C#4	61	96	
653	62.1682	Bb3	58	41	670	68.7	Bb3	58	96	
654	62.1875	F#3	54	31	669	68.7	F#3	54	96	
655	62.6625	B3	59	40	672	69.3	B3	59	96	
656	62.6703	G#3	56	37	671	69.3	G#3	56	96	
657	62.9234	B3	59	38	674	69.6	B3	59	96	
658	62.9427	G#3	56	36	673	69.6	G#3	56	96	
659	63.1745	Bb3	58	45	676	69.9	Bb3	58	96	
660	63.1938	F#3	54	41	675	69.9	F#3	54	96	
661	63.4062	F3	53	43	677	70.2	F3	53	96	
662	63.4234	A3	57	39	678	70.2	A3	57	96	
663	63.7057	F#2	42	37	680	70.5	F#2	42	96	
664	63.7385	F3	53	28	682	70.5	F3	53	96	
665	63.7734	A3	57	32	679	70.5	A3	57	96	
666	64.2698	F#3	54	40	683	71.1	F#3	54	96	
667	64.5141	A1	33	40	684	71.4	A1	33	96	
668	64.5182	A2	45	39	685	71.4	A2	45	96	
669	64.7396	B2	47	60	687	71.7	B2	47	96	
670	64.7464	B1	35	54	686	71.7	B1	35	96	
671	64.9516	D3	50	63	689	72	D3	50	96	
672	64.9573	D2	38	63	688	72	D2	38	96	
673	65.2484	C#2	37	46	690	72.3	C#2	37	96	
674	65.2708	C#3	49	42	691	72.3	C#3	49	96	
675	65.7932	B1	35	41	694	72.9	B1	35	96	
676	65.7969	B2	47	18	695	72.9	B2	47	96	
677	65.8099	C#5	73	80	693	72.9	C#5	73	96	
678	65.8292	C#4	61	65	692	72.9	C#4	61	96	
679	65.9115	C#5	73	82	697	73.05	C#5	73	96	
680	65.9193	C#4	61	70	696	73.05	C#4	61	96	
681	65.9948	C#5	73	80	699	73.2	C#5	73	115	
682	66.0078	C#4	61	74	698	73.2	C#4	61	115	
683	66.2448	A1	33	55	700	73.5	A1	33	96	
684	66.2641	A2	45	42	701	73.5	A2	45	96	
685	66.4844	F#2	42	59	703	73.8	F#2	42	96	
686	66.487	F#1	30	57	702	73.8	F#1	30	96	
687	66.7432	F2	41	49	708	74.1	F2	41	96	
688	66.7839	F1	29	46	707	74.1	F1	29	96	
689	66.7901	G#4	68	55	704	74.1	G#4	68	96	
690	66.8057	G#3	56	36	706	74.1	G#3	56	96	
691	67.3245	C3	48	48	710	74.7	C3	48	96	
692	67.3245	C4	60	48	709	74.7	C4	60	96	
693	67.5677	C3	48	58	712	75	C3	48	96	
694	67.5901	C4	60	38	711	75	C4	60	96	
695	67.7917	C#3	49	72	714	75.3	C#3	49	96	
696	67.8229	Bb3	58	54	713	75.3	B3	59	96	
697	68.0026	F3	53	72	716	75.6	F3	53	96	
698	68.0182	G#3	56	62	715	75.6	G#3	56	96	
699	68.2823	F2	41	40	718	75.9	F2	41	96	
700	68.2969	C3	48	47	719	75.9	C3	48	96	
701	68.3177	C4	60	47	717	75.9	C4	60	96	
702	68.776	B2	47	46	721	76.5	B2	47	96	
703	68.7839	C#4	61	45	720	76.5	C#4	61	96	
704	69.0323	C#4	61	42	722	76.8	C#4	61	96	
705	69.0609	B2	47	37	723	76.8	B2	47	96	
706	69.4776	C4	60	54	724	77.4	C4	60	96	
707	69.5	C3	48	42	725	77.4	C3	48	96	
708	69.7578	B2	47	38	728	77.7	B2	47	96	
709	69.7745	C#4	61	55	726	77.7	C#4	61	96	
710	70.2667	F2	41	41	730	78.3	F2	41	96	
711	70.2776	D4	62	60	729	78.3	D4	62	96	
712	70.6224	D4	62	62	732	78.6	D4	62	96	
713	70.6276	F2	41	37	734	78.6	F2	41	96	
714	70.8776	C#4	61	80	736	78.9	C4	60	96	
715	71.0885	E2	40	49	738	79.2	E2	40	96	
716	71.1078	D4	62	88	737	79.2	D4	62	96	
717	71.4531	E3	52	43	741	79.5	E3	52	96	
718	71.5781	G#4	68	80	739	79.5	G#4	68	96	
719	72.1042	D4	62	45	742	80.1	D4	62	96	
720	72.1094	F#4	66	52	743	80.1	F#4	66	96	
721	72.3854	A4	69	73	744	80.4	A4	69	96	
722	72.6292	E4	64	46	748	80.7	E4	64	96	
723	72.6448	C#4	61	37	747	80.7	C#4	61	96	
724	72.8438	D4	62	49	750	81	D4	62	96	
725	72.8557	B3	59	44	749	81	B3	59	96	
726	73.1729	E4	64	49	751	81.3	E4	64	96	
727	73.2094	D4	62	41	753	81.3	D4	62	96	
728	73.2198	B3	59	29	752	81.3	B3	59	96	
729	73.6526	C#4	61	39	755	81.9	C#4	61	96	
730	73.6667	A3	57	40	754	81.9	A3	57	96	
731	73.9453	C#4	61	24	757	82.2	C#4	61	96	
732	73.9542	A3	57	36	756	82.2	A3	57	96	
733	74.7839	E2	40	34	759	83.1	E2	40	96	
734	74.7875	E3	52	27	760	83.1	E3	52	96	
735	74.8448	G#4	68	74	758	83.1	G#4	68	96	
736	75.3656	F#4	66	45	762	83.7	F#4	66	96	
737	75.3839	D4	62	36	761	83.7	D4	62	96	
738	75.6448	A4	69	64	763	84	A4	69	96	
739	75.8802	E4	64	48	767	84.3	E4	64	96	
740	75.8828	C#4	61	49	766	84.3	C#4	61	96	
741	76.1	D4	62	49	769	84.6	D4	62	96	
742	76.125	B3	59	38	768	84.6	B3	59	96	
743	76.4047	E4	64	54	770	84.9	E4	64	96	
744	76.4229	D4	62	49	772	84.9	D4	62	96	
745	76.4307	B3	59	43	771	84.9	B3	59	96	
746	76.8906	C#4	61	33	774	85.5	C#4	61	96	
747	76.9339	A3	57	22	773	85.5	A3	57	96	
748	77.1604	A3	57	38	775	85.8	A3	57	96	
749	77.1682	C#4	61	35	776	85.8	C#4	61	96	
750	78.0052	E3	52	31	781	86.7	E3	52	96	
751	78.0167	E2	40	26	780	86.7	E2	40	96	
752	78.0443	F#4	66	52	777	86.7	F#4	66	96	
753	78.5198	D4	62	38	783	87.3	D4	62	96	
754	78.5521	B3	59	22	782	87.3	B3	59	96	
755	78.8323	B3	59	34	785	87.6	B3	59	96	
756	78.8323	G#4	68	53	784	87.6	G#4	68	96	
757	78.8646	D4	62	38	786	87.6	D4	62	96	
758	79.099	C#4	61	43	788	87.9	C#4	61	96	
759	79.1078	A3	57	38	787	87.9	A3	57	96	
760	79.3401	G#3	56	42	789	88.2	G#3	56	96	
761	79.3422	B3	59	38	790	88.2	B3	59	96	
762	79.6292	E4	64	44	791	88.5	E4	64	96	
763	79.6573	G#3	56	35	793	88.5	G#3	56	96	
764	79.7016	B3	59	12	794	88.5	B3	59	96	
765	80.1224	C#4	61	44	796	89.1	C#4	61	96	
766	80.151	A3	57	30	795	89.1	A3	57	96	
767	80.3828	A3	57	39	797	89.4	A3	57	96	
768	80.3828	C#4	61	45	798	89.4	C#4	61	96	
769	80.6042	B3	59	45	800	89.7	B3	59	96	
770	80.626	G#3	56	46	799	89.7	G#3	56	96	
771	80.849	F#3	54	44	801	90	F#3	54	96	
772	80.8594	A3	57	39	802	90	A3	57	96	
773	81.1417	A3	57	37	804	90.3	A3	57	96	
774	81.1536	F#3	54	38	803	90.3	F#3	54	96	
775	81.5979	B3	59	40	806	90.9	B3	59	96	
776	81.6172	G#3	56	32	805	90.9	G#3	56	96	
777	81.8932	B3	59	29	808	91.2	B3	59	96	
778	81.9151	G#3	56	19	807	91.2	G#3	56	96	
779	82.1667	F#3	54	32	809	91.5	F#3	54	96	
780	82.1797	A3	57	40	810	91.5	A3	57	96	
781	82.4229	B3	59	39	812	91.8	B3	59	96	
782	82.4339	G#3	56	8	811	91.8	G#3	56	96	
783	82.8099	G#3	56	30	814	92.1	G#3	56	96	
784	82.8323	E3	52	40	813	92.1	E3	52	96	
785	83.6156	C#4	61	44	815	93	C#4	61	96	
786	84.4818	F#2	42	30	817	93.9	F#2	42	96	
787	84.4948	Eb4	63	42	816	93.9	Eb4	63	96	
788	84.5026	F#3	54	26	818	93.9	F#3	54	96	
789	85.0276	B3	59	32	819	94.5	B3	59	96	
790	85.3917	E4	64	38	822	94.8	E4	64	96	
791	85.4141	C#4	61	34	821	94.8	C#4	61	96	
792	85.6885	Bb3	58	45	823	95.1	Bb3	58	96	
793	85.9281	G#3	56	55	824	95.4	G#3	56	96	
794	86.2042	Bb3	58	45	825	95.7	Bb3	58	96	
795	86.7083	G#4	68	52	827	96.3	G#4	68	96	
796	86.7464	Bb3	58	32	826	96.3	Bb3	58	96	
797	86.7484	E4	64	35	828	96.3	E4	64	96	
798	86.9964	F#4	66	57	829	96.6	F#4	66	96	
799	87.2109	B3	59	60	830	96.9	B3	59	96	
800	87.4193	C#4	61	64	831	97.2	C#4	61	96	
801	87.6927	F#3	54	33	833	97.5	F#3	54	96	
802	87.7094	B2	47	37	834	97.5	B2	47	96	
803	87.7641	Eb4	63	50	832	97.5	Eb4	63	96	
804	88.2109	F#4	66	67	836	98.1	F#4	66	96	
805	88.2135	Eb4	63	29	837	98.1	Eb4	63	96	
806	88.2464	C#4	61	46	835	98.1	C#4	61	96	
807	88.4698	G#4	68	79	838	98.4	G#4	68	96	
808	88.7307	B3	59	55	839	98.7	B3	59	96	
809	88.9281	Bb3	58	65	841	99	Bb3	58	96	
810	89.1917	B4	71	75	843	99.3	B4	71	96	
811	89.2151	Eb4	63	53	842	99.3	Eb4	63	96	
812	89.2188	B3	59	47	845	99.3	B3	59	96	
813	89.4229	G#3	56	62	846	99.6	G#3	56	96	
814	89.637	B2	47	70	847	99.9	B2	47	96	
815	89.8323	Eb4	63	72	848	100.2	Eb4	63	96	
816	90.1078	Bb2	46	55	850	100.5	Bb2	46	96	
817	90.3135	G#2	44	59	851	100.8	G#2	44	96	
818	90.5667	G#2	44	46	855	101.1	G#2	44	96	
819	90.6292	E4	64	67	852	101.1	E4	64	96	
820	90.85	C#2	37	59	856	101.4	C#2	37	96	
821	91.0745	G#3	56	74	857	101.7	G#3	56	96	
822	91.3266	G#4	68	78	858	102	G#4	68	96	
823	91.3448	B3	59	52	859	102	B3	59	96	
824	91.5687	F#3	54	71	861	102.3	F#3	54	96	
825	91.7786	E3	52	69	862	102.6	E3	52	96	
826	92.0182	G#2	44	37	865	102.9	G#2	44	96	
827	92.1026	B3	59	40	*	-1	*	-1	-1	
828	92.112	C#4	61	55	863	102.9	C#4	61	96	
829	92.1198	E3	52	37	864	102.9	E3	52	96	
830	92.3906	C#2	37	40	866	103.2	C#2	37	96	
831	92.5922	E3	52	53	867	103.5	E3	52	96	
832	92.8672	E4	64	53	869	103.8	E4	64	96	
833	93.1042	Eb3	51	48	871	104.1	Eb3	51	96	
834	93.35	C#3	49	48	872	104.4	C#3	49	96	
835	93.6458	F#2	42	32	875	104.7	F#2	42	96	
836	93.6995	E3	52	31	876	104.7	E3	52	96	
837	93.712	Eb4	63	45	873	104.7	Eb4	63	96	
838	93.7328	Bb3	58	39	874	104.7	Bb3	58	96	
839	94.2307	Bb3	58	31	877	105.3	Bb3	58	96	
840	94.5667	C#4	61	44	878	105.6	C#4	61	115	
841	94.8344	B3	59	38	879	105.9	B3	59	96	
842	95.0495	G#3	56	46	880	106.2	G#3	56	96	
843	95.3594	G#3	56	37	881	106.5	G#3	56	96	
844	95.887	G#3	56	32	882	107.1	G#3	56	96	
845	96.2292	D4	62	43	883	107.4	D4	62	96	
846	96.526	Bb3	58	41	884	107.7	Bb3	58	96	
847	96.7719	F#3	54	39	885	108	F#3	54	96	
848	97.2812	B1	35	37	888	108.3	B1	35	96	
849	97.2854	B2	47	19	*	-1	*	-1	-1	
850	97.2953	Eb4	63	39	886	108.3	Eb4	63	96	
851	97.3214	F#3	54	22	*	-1	*	-1	-1	
852	97.3526	Eb3	51	3	887	108.3	Eb3	51	96	
853	97.9026	C#4	61	39	890	108.9	C#4	61	96	
854	97.9401	A3	57	22	889	108.9	A3	57	96	
855	98.1849	E4	64	49	891	109.2	E4	64	96	
856	98.4359	G#3	56	44	894	109.5	G#3	56	96	
857	98.4359	B3	59	45	895	109.5	B3	59	96	
858	98.6547	A3	57	49	897	109.8	A3	57	96	
859	98.6839	F#3	54	35	896	109.8	F#3	54	96	
860	98.9661	B3	59	46	898	110.1	B3	59	96	
861	98.9948	F#3	54	33	899	110.1	F#3	54	96	
862	99.012	A3	57	31	900	110.1	A3	57	96	
863	99.4505	G#3	56	38	902	110.7	G#3	56	96	
864	99.4807	E3	52	28	901	110.7	E3	52	96	
865	99.725	E3	52	32	903	111	E3	52	96	
866	99.7385	G#3	56	38	904	111	G#3	56	96	
867	100.694	B2	47	23	907	111.9	B2	47	96	
868	100.719	B1	35	32	906	111.9	B1	35	96	
869	100.774	Eb4	63	57	905	111.9	Eb4	63	96	
870	101.298	C#4	61	37	909	112.5	C#4	61	96	
871	101.315	A3	57	30	908	112.5	A3	57	96	
872	101.564	E4	64	58	910	112.8	E4	64	96	
873	101.797	B3	59	43	914	113.1	B3	59	96	
874	101.805	G#3	56	41	913	113.1	G#3	56	96	
875	102.014	A3	57	44	916	113.4	A3	57	96	
876	102.035	F#3	54	39	915	113.4	F#3	54	96	
877	102.328	B3	59	45	917	113.7	B3	59	96	
878	102.36	F#3	54	31	918	113.7	F#3	54	96	
879	102.368	A3	57	32	919	113.7	A3	57	96	
880	102.798	G#3	56	38	921	114.3	G#3	56	96	
881	102.839	E3	52	27	920	114.3	E3	52	96	
882	103.102	E3	52	34	922	114.6	E3	52	96	
883	103.123	G#3	56	32	923	114.6	G#3	56	96	
884	104.006	C#4	61	47	924	115.5	C#4	61	96	
885	104.03	B2	47	13	*	-1	*	-1	-1	
886	104.031	B1	35	25	*	-1	*	-1	-1	
887	104.536	B3	59	36	926	116.1	B3	59	96	
888	104.537	G#3	56	29	925	116.1	G#3	56	96	
889	104.819	Eb4	63	49	927	116.4	Eb4	63	96	
890	105.045	F#3	54	29	928	116.7	F#3	54	96	
891	105.062	Bb3	58	37	929	116.7	Bb3	58	96	
892	105.295	G#3	56	37	931	117	G#3	56	96	
893	105.327	E3	52	32	930	117	E3	52	96	
894	105.626	B3	59	45	932	117.3	B3	59	96	
895	105.641	E3	52	31	933	117.3	E3	52	96	
896	105.668	G#3	56	30	934	117.3	G#3	56	96	
897	106.107	F#3	54	35	938	117.9	F#3	54	96	
898	106.126	Eb3	51	24	937	117.9	Eb3	51	96	
899	106.414	F#3	54	38	940	118.2	F#3	54	96	
900	106.428	Eb3	51	14	939	118.2	Eb3	51	96	
901	106.924	C#3	49	33	941	118.8	C#3	49	96	
902	106.949	C#2	37	29	942	118.8	C#2	37	96	
903	107.239	C#2	37	27	944	119.1	C#2	37	96	
904	107.248	C#3	49	30	943	119.1	C#3	49	96	
905	107.725	Eb3	51	38	945	119.7	Eb3	51	96	
906	107.75	Eb2	39	31	946	119.7	Eb2	39	96	
907	108.003	Eb3	51	38	947	120	Eb3	51	96	
908	108.01	Eb2	39	28	948	120	Eb2	39	96	
909	108.497	B2	47	35	949	120.706	B2	47	96	
910	108.514	B1	35	17	950	120.706	B1	35	96	
911	108.809	B2	47	31	951	121.059	B2	47	96	
912	108.826	B1	35	27	952	121.059	B1	35	96	
913	109.375	G#1	32	27	954	121.765	G#1	32	96	
914	109.383	G#2	44	31	953	121.765	G#2	44	96	
915	109.779	G#2	44	33	955	122.118	G#2	44	96	
916	109.818	G#1	32	18	956	122.118	G#1	32	96	
917	110.578	A1	33	32	958	122.824	A1	33	96	
918	110.582	A2	45	25	957	122.824	A2	45	96	
919	111.215	Bb2	46	36	960	123.176	Bb2	46	96	
920	111.223	Bb1	34	25	959	123.176	Bb1	34	96	
921	111.526	Bb3	58	46	961	123.376	Bb3	58	96	
922	111.645	G4	67	43	962	123.476	G4	67	96	
923	111.716	G#3	56	13	964	123.576	G#3	56	96	
924	111.734	Bb2	46	39	965	123.576	Bb2	46	96	
925	111.758	D4	62	57	963	123.576	D4	62	96	
926	111.856	F4	65	46	966	123.676	F4	65	96	
927	111.884	G3	55	49	968	123.776	G3	55	96	
928	111.917	Eb4	63	57	967	123.776	Eb4	63	96	
929	112.04	G3	55	47	969	123.876	G3	55	96	
930	112.074	Bb3	58	52	970	123.976	Bb3	58	96	
931	112.096	Eb2	39	20	971	123.976	Eb2	39	96	
932	112.112	Eb4	63	55	972	124.076	Eb4	63	96	
933	112.228	G4	67	48	973	124.176	G4	67	96	
934	112.287	G#4	68	59	974	124.276	G#4	68	96	
935	112.359	A4	69	67	975	124.376	A4	69	96	
936	112.419	C5	72	62	976	124.476	C5	72	96	
937	112.478	Bb4	70	74	977	124.576	Bb4	70	96	
938	112.548	G5	79	73	978	124.676	G5	79	96	
939	112.6	G#4	68	40	980	124.776	G#4	68	96	
940	112.608	Bb3	58	47	981	124.776	Bb3	58	96	
941	112.623	D5	74	67	979	124.776	D5	74	96	
942	112.692	F5	77	66	982	124.876	F5	77	96	
943	112.751	G4	67	51	984	124.976	G4	67	96	
944	112.759	Eb5	75	64	983	124.976	Eb5	75	96	
945	112.84	G4	67	55	985	125.076	G4	67	96	
946	112.883	Bb4	70	64	986	125.176	Bb4	70	96	
947	112.919	Eb5	75	61	988	125.276	Eb5	75	96	
948	113.037	G5	79	70	989	125.376	G5	79	96	
949	113.09	G#5	80	73	990	125.476	G#5	80	96	
950	113.162	A5	81	81	991	125.576	A5	81	96	
951	113.209	C6	84	79	992	125.676	C6	84	96	
952	113.273	Bb5	82	82	993	125.776	Bb5	82	96	
953	113.339	G6	91	77	994	125.876	G6	91	96	
954	113.401	D6	86	84	995	125.976	D6	86	96	
955	113.407	G5	79	46	997	125.976	G5	79	96	
956	113.431	Bb4	70	36	996	125.976	Bb4	70	96	
957	113.467	F6	89	87	998	126.076	F6	89	96	
958	113.544	Eb6	87	79	999	126.176	Eb6	87	96	
959	113.577	Eb5	75	47	1001	126.176	Eb5	75	96	
960	113.578	G4	67	38	1000	126.176	G4	67	96	
961	113.61	Bb5	82	79	1002	126.276	Bb5	82	96	
962	113.688	G5	79	76	1003	126.376	G5	79	96	
963	113.794	Eb5	75	64	1004	126.476	Eb5	75	96	
964	113.897	Bb4	70	52	1005	126.576	Bb4	70	96	
965	113.962	G4	67	56	1006	126.676	G4	67	96	
966	114.067	C3	48	40	1008	126.776	C3	48	96	
967	114.067	Eb4	63	56	1007	126.776	Eb4	63	96	
968	114.176	G3	55	60	1009	126.876	G3	55	96	
969	114.242	C4	60	54	1010	126.976	C4	60	96	
970	114.305	Eb4	63	67	1011	127.076	Eb4	63	96	
971	114.381	G4	67	57	1012	127.176	G4	67	96	
972	114.444	F4	65	59	1013	127.276	F4	65	96	
973	114.53	Eb4	63	54	1014	127.376	Eb4	63	96	
974	114.565	F2	41	29	1015	127.376	F2	41	96	
975	114.614	G#3	56	59	1016	127.476	G#3	56	96	
976	114.741	D4	62	55	1017	127.576	D4	62	96	
977	114.794	C4	60	58	1018	127.676	C4	60	96	
978	114.848	G2	43	50	1020	127.776	G2	43	96	
979	114.875	B3	59	45	1019	127.776	B3	59	96	
980	114.934	G3	55	58	1021	127.876	G3	55	96	
981	115.003	G#3	56	65	1022	127.976	G#3	56	96	
982	115.069	A3	57	75	1023	128.076	A3	57	96	
983	115.13	Bb3	58	72	1024	128.176	Bb3	58	96	
984	115.184	G4	67	72	1025	128.276	G4	67	96	
985	115.243	G#3	56	28	1027	128.376	G#3	56	96	
986	115.25	Bb2	46	48	1028	128.376	Bb2	46	96	
987	115.268	D4	62	65	1026	128.376	D4	62	96	
988	115.332	F4	65	68	1029	128.476	F4	65	96	
989	115.388	G3	55	53	1031	128.576	G3	55	96	
990	115.398	Eb4	63	68	1030	128.576	Eb4	63	96	
991	115.474	G3	55	58	1032	128.676	G3	55	96	
992	115.51	Bb3	58	68	1033	128.776	Bb3	58	96	
993	115.545	Eb2	39	57	1034	128.776	Eb2	39	96	
994	115.555	Eb4	63	61	1035	128.876	Eb4	63	96	
995	115.653	G4	67	72	1036	128.976	G4	67	96	
996	115.712	G#4	68	72	1037	129.076	G#4	68	96	
997	115.781	A4	69	75	1038	129.176	A4	69	96	
998	115.841	C5	72	74	1039	129.276	C5	72	96	
999	115.896	Bb4	70	79	1040	129.376	Bb4	70	96	
1000	115.993	G5	79	59	1041	129.476	G5	79	96	
1001	116.049	D5	74	74	1042	129.576	D5	74	96	
1002	116.059	G#4	68	41	1043	129.576	G#4	68	96	
1003	116.065	Bb3	58	48	1044	129.576	Bb3	58	96	
1004	116.125	F5	77	68	1045	129.676	F5	77	96	
1005	116.195	G4	67	58	1047	129.776	G4	67	96	
1006	116.196	Eb5	75	65	1046	129.776	Eb5	75	96	
1007	116.254	G4	67	50	1048	129.876	G4	67	96	
1008	116.301	Bb4	70	74	1049	129.976	Bb4	70	96	
1009	116.346	Eb5	75	56	1051	130.076	Eb5	75	96	
1010	116.362	Eb3	51	32	1050	129.976	Eb3	51	96	
1011	116.439	G5	79	84	1052	130.176	G5	79	96	
1012	116.501	G#5	80	79	1053	130.276	G#5	80	96	
1013	116.576	A5	81	85	1054	130.376	A5	81	96	
1014	116.635	C6	84	81	1055	130.476	C6	84	96	
1015	116.694	Bb5	82	79	1056	130.576	Bb5	82	96	
1016	116.762	Bb5	82	83	1057	130.676	Bb5	82	96	
1017	116.831	G5	79	41	1060	130.776	G5	79	96	
1018	116.858	Bb4	70	35	1059	130.776	Bb4	70	96	
1019	116.893	C7	96	76	1058	130.776	C7	96	96	
1020	116.974	Bb6	94	72	1061	130.876	Bb6	94	96	
1021	116.981	G4	67	46	1063	130.976	G4	67	96	
1022	117.013	Eb5	75	40	1064	130.976	Eb5	75	96	
1023	117.029	G6	91	74	1062	130.976	G6	91	96	
1024	117.116	Eb6	87	70	1065	131.076	Eb6	87	96	
1025	117.165	C6	84	73	1066	131.176	C6	84	96	
1026	117.27	Bb5	82	71	1067	131.276	Bb5	82	96	
1027	117.331	G5	79	78	1068	131.376	G5	79	96	
1028	117.398	Eb5	75	71	1069	131.476	Eb5	75	96	
1029	117.461	C5	72	67	1070	131.576	C5	72	96	
1030	117.552	Bb4	70	71	1071	131.676	Bb4	70	96	
1031	117.618	G4	67	70	1072	131.776	G4	67	96	
1032	117.701	C4	60	64	1073	131.876	C4	60	96	
1033	117.786	Bb2	46	46	1076	131.976	Bb2	46	96	
1034	117.79	G#3	56	31	1075	131.976	G#3	56	96	
1035	117.798	D4	62	62	1074	131.976	D4	62	96	
1036	117.889	G4	67	56	1077	132.076	G4	67	96	
1037	117.966	F4	65	56	1078	132.176	F4	65	96	
1038	117.977	Eb3	51	34	1079	132.176	Eb3	51	96	
1039	118.022	Eb4	63	58	1080	132.276	Eb4	63	96	
1040	118.102	A3	57	58	1081	132.376	A3	57	96	
1041	118.162	G3	55	29	1082	132.376	G3	55	96	
1042	118.172	Bb3	58	58	1083	132.476	Bb3	58	96	
1043	118.247	B3	59	65	1084	132.576	B3	59	96	
1044	118.323	C4	60	69	1085	132.676	C4	60	96	
1045	118.371	C#4	61	64	1086	132.776	C#4	61	96	
1046	118.419	Eb4	63	49	1087	132.876	Eb4	63	96	
1047	118.478	D4	62	54	1088	132.976	D4	62	96	
1048	118.529	Bb4	70	74	1089	133.076	Bb4	70	96	
1049	118.61	C4	60	34	1091	133.176	C4	60	96	
1050	118.62	D3	50	44	1092	133.176	D3	50	96	
1051	118.621	F#4	66	58	1090	133.176	F#4	66	96	
1052	118.696	A4	69	58	1093	133.276	A4	69	96	
1053	118.751	Bb3	58	59	1095	133.376	Bb3	58	96	
1054	118.753	G4	67	61	1094	133.376	G4	67	96	
1055	118.817	D4	62	61	1096	133.476	D4	62	96	
1056	118.899	Bb3	58	71	1097	133.576	Bb3	58	96	
1057	118.953	G2	43	4	1098	133.576	G2	43	96	
1058	118.99	D4	62	71	1099	133.676	D4	62	96	
1059	119.057	F#4	66	78	1100	133.776	G4	67	96	
1060	119.121	Bb4	70	74	1101	133.876	Bb4	70	96	
1061	119.153	G4	67	13	*	-1	*	-1	-1	
1062	119.199	C#5	73	58	1102	133.976	C#5	73	96	
1063	119.234	Eb5	75	59	1103	134.076	Eb5	75	96	
1064	119.314	D5	74	67	1104	134.176	D5	74	96	
1065	119.364	Bb5	82	88	1105	134.276	Bb5	82	96	
1066	119.454	C5	72	38	1107	134.376	C5	72	96	
1067	119.458	D4	62	49	1108	134.376	D4	62	96	
1068	119.473	F#5	78	44	1106	134.376	F#5	78	96	
1069	119.535	A5	81	77	1109	134.476	A5	81	96	
1070	119.599	Bb4	70	71	1111	134.576	Bb4	70	96	
1071	119.615	G5	79	71	1110	134.576	G5	79	96	
1072	119.654	D5	74	78	1112	134.676	D5	74	96	
1073	119.741	Bb4	70	77	1113	134.776	Bb4	70	96	
1074	119.746	G3	55	56	1114	134.776	G3	55	96	
1075	119.828	D5	74	78	1115	134.876	D5	74	96	
1076	119.909	G5	79	94	1116	134.976	G5	79	96	
1077	119.964	Bb5	82	82	1117	135.076	Bb5	82	96	
1078	120	C#6	85	73	1118	135.176	C#6	85	96	
1079	120.067	D6	86	89	1119	135.276	D6	86	96	
1080	120.141	D7	98	94	1120	135.376	D7	98	96	
1081	120.203	A6	93	91	1121	135.476	A6	93	96	
1082	120.281	Bb5	82	37	1124	135.576	Bb5	82	96	
1083	120.282	D5	74	43	1123	135.576	D5	74	96	
1084	120.286	C7	96	89	1122	135.576	C7	96	96	
1085	120.366	Bb6	94	82	1125	135.676	Bb6	94	96	
1086	120.444	G6	91	76	1126	135.776	G6	91	96	
1087	120.461	G5	79	45	1128	135.776	G5	79	96	
1088	120.473	Bb4	70	37	1127	135.776	Bb4	70	96	
1089	120.509	D6	86	70	1129	135.876	D6	86	96	
1090	120.62	Bb5	82	71	1130	135.976	Bb5	82	96	
1091	120.696	G5	79	64	1131	136.076	G5	79	96	
1092	120.759	D5	74	71	1132	136.176	D5	74	96	
1093	120.871	A4	69	64	1133	136.276	A4	69	96	
1094	120.953	C5	72	64	1134	136.376	C5	72	96	
1095	121.016	Bb4	70	64	1135	136.476	Bb4	70	96	
1096	121.089	G4	67	57	1136	136.576	G4	67	96	
1097	121.154	D4	62	66	1137	136.676	D4	62	96	
1098	121.217	Bb3	58	38	1139	136.776	Bb3	58	96	
1099	121.229	C3	48	38	1140	136.776	C3	48	96	
1100	121.248	E4	64	60	1138	136.776	E4	64	96	
1101	121.332	G#4	68	51	1141	136.876	G#4	68	96	
1102	121.376	G4	67	56	1142	136.976	G4	67	96	
1103	121.415	G#3	56	45	1143	136.976	G#3	56	96	
1104	121.458	F4	65	65	1144	137.076	F4	65	96	
1105	121.531	C4	60	62	1145	137.176	C4	60	96	
1106	121.598	F2	41	23	1146	137.176	F2	41	96	
1107	121.63	G3	55	66	1147	137.276	G3	55	96	
1108	121.685	G#3	56	58	1148	137.376	G#3	56	96	
1109	121.739	Bb3	58	54	1149	137.476	Bb3	58	96	
1110	121.806	B3	59	70	1150	137.576	B3	59	96	
1111	121.88	C#4	61	75	1151	137.676	C#4	61	96	
1112	121.951	C4	60	67	1152	137.776	C4	60	96	
1113	122.02	G#4	68	72	1153	137.876	G#4	68	96	
1114	122.083	Bb3	58	42	1155	137.976	Bb3	58	96	
1115	122.106	C3	48	42	1156	137.976	C3	48	96	
1116	122.106	E4	64	56	1154	137.976	E4	64	96	
1117	122.188	G4	67	55	1157	138.076	G4	67	96	
1118	122.232	F4	65	67	1158	138.176	F4	65	96	
1119	122.258	G#3	56	49	1159	138.176	G#3	56	96	
1120	122.292	C4	60	53	1160	138.276	C4	60	96	
1121	122.38	F2	41	49	1162	138.376	F2	41	96	
1122	122.381	G#3	56	59	1161	138.376	G#3	56	96	
1123	122.47	C4	60	68	1163	138.476	C4	60	96	
1124	122.537	F4	65	79	1164	138.576	F4	65	96	
1125	122.582	G#4	68	78	1165	138.676	G#4	68	96	
1126	122.684	B4	71	77	1166	138.776	B4	71	96	
1127	122.756	C#5	73	77	1167	138.876	C#5	73	96	
1128	122.826	C5	72	79	1168	138.976	C5	72	96	
1129	122.892	G#5	80	79	1169	139.076	G#5	80	96	
1130	122.975	C4	60	42	1172	139.176	C4	60	96	
1131	122.975	Bb4	70	29	1171	139.176	Bb4	70	96	
1132	122.983	E5	76	71	1170	139.176	E5	76	96	
1133	123.052	G5	79	68	1173	139.276	G5	79	96	
1134	123.115	F5	77	66	1174	139.376	F5	77	96	
1135	123.123	G#4	68	65	1175	139.376	G#4	68	96	
1136	123.177	C5	72	68	1176	139.476	C5	72	96	
1137	123.253	G#4	68	73	1177	139.576	G#4	68	96	
1138	123.282	F3	53	41	1178	139.576	F3	53	96	
1139	123.348	C5	72	79	1179	139.676	C5	72	96	
1140	123.422	F5	77	81	1180	139.776	F5	77	96	
1141	123.469	G#5	80	76	1181	139.876	G#5	80	96	
1142	123.523	B5	83	74	1182	139.976	B5	83	96	
1143	123.603	C6	84	84	1183	140.076	C6	84	96	
1144	123.67	C7	96	92	1184	140.176	C7	96	96	
1145	123.764	G6	91	91	1185	140.276	G6	91	96	
1146	123.836	Bb6	94	89	1186	140.376	Bb6	94	96	
1147	123.892	G#6	92	77	1187	140.476	G#6	92	96	
1148	123.974	G#5	80	60	1191	140.576	G#5	80	96	
1149	123.981	F6	89	80	1188	140.576	F6	89	96	
1150	123.987	C5	72	55	1189	140.576	C5	72	96	
1151	123.993	D5	74	53	1190	140.576	D5	74	96	
1152	124.031	D6	86	75	1192	140.676	D6	86	96	
1153	124.143	C6	84	81	1193	140.776	C6	84	96	
1154	124.211	G#5	80	81	1194	140.876	G#5	80	96	
1155	124.295	F5	77	73	1195	140.976	F5	77	96	
1156	124.352	D5	74	80	1196	141.076	D5	74	96	
1157	124.453	C5	72	74	1197	141.176	C5	72	96	
1158	124.536	G#4	68	77	1198	141.276	G#4	68	96	
1159	124.602	F4	65	75	1199	141.376	F4	65	96	
1160	124.657	D4	62	75	1200	141.476	D4	62	96	
1161	124.768	G#4	68	79	1201	141.588	G#4	68	96	
1162	124.854	C4	60	65	1202	141.699	C4	60	96	
1163	124.898	G2	43	36	1204	141.81	G2	43	96	
1164	124.964	D3	50	32	1205	141.81	D3	50	96	
1165	124.974	B3	59	68	1203	141.81	B3	59	96	
1166	125.044	G3	55	63	1206	141.921	G3	55	96	
1167	125.103	G#3	56	56	1207	142.032	G#3	56	96	
1168	125.145	Bb3	58	64	1210	142.069	Bb3	58	96	
1169	125.309	G3	55	67	1213	142.143	G3	55	96	
1170	125.508	G4	67	44	1214	142.254	G4	67	96	
1171	125.599	G3	55	63	1215	142.365	G3	55	96	
1172	125.702	G#3	56	69	1216	142.476	G#3	56	96	
1173	125.776	A3	57	77	1217	142.576	A3	57	96	
1174	125.834	Bb3	58	75	1218	142.676	Bb3	58	96	
1175	125.891	G4	67	73	1219	142.776	G4	67	96	
1176	125.936	Bb2	46	53	1222	142.876	Bb2	46	96	
1177	125.979	D4	62	67	1220	142.876	D4	62	96	
1178	126.045	F4	65	72	1223	142.976	F4	65	96	
1179	126.089	G3	55	47	1225	143.076	G3	55	96	
1180	126.109	Eb4	63	67	1224	143.076	Eb4	63	96	
1181	126.193	G3	55	58	1226	143.176	G3	55	96	
1182	126.232	Bb3	58	64	1227	143.276	Bb3	58	96	
1183	126.251	Eb2	39	53	1228	143.276	Eb2	39	96	
1184	126.268	Eb4	63	51	1229	143.376	Eb4	63	96	
1185	126.373	G4	67	70	1230	143.476	G4	67	96	
1186	126.438	G#4	68	69	1231	143.576	G#4	68	96	
1187	126.509	A4	69	72	1232	143.676	A4	69	96	
1188	126.567	C5	72	60	1233	143.776	C5	72	96	
1189	126.637	Bb4	70	71	1234	143.876	Bb4	70	96	
1190	126.707	G5	79	69	1235	143.976	G5	79	96	
1191	126.781	G#4	68	32	1237	144.076	G#4	68	96	
1192	126.786	Bb3	58	39	1238	144.076	Bb3	58	96	
1193	126.792	D5	74	58	1236	144.076	D5	74	96	
1194	126.854	F5	77	61	1239	144.176	F5	77	96	
1195	126.914	G4	67	49	1241	144.276	G4	67	96	
1196	126.926	Eb5	75	62	1240	144.276	Eb5	75	96	
1197	127.004	G4	67	54	1242	144.376	G4	67	96	
1198	127.047	Bb4	70	67	1243	144.476	Bb4	70	96	
1199	127.052	Eb3	51	58	1244	144.476	Eb3	51	96	
1200	127.091	Eb5	75	61	1245	144.576	Eb5	75	96	
1201	127.186	G5	79	77	1246	144.676	G5	79	96	
1202	127.248	G#5	80	77	1247	144.776	G#5	80	96	
1203	127.331	A5	81	77	1248	144.876	A5	81	96	
1204	127.388	C6	84	69	1249	144.976	C6	84	96	
1205	127.443	Bb5	82	78	1250	145.076	Bb5	82	96	
1206	127.513	G6	91	75	1251	145.176	G6	91	96	
1207	127.587	Bb4	70	20	1253	145.276	Bb4	70	96	
1208	127.589	D6	86	68	1252	145.276	D6	86	96	
1209	127.674	F6	89	72	1255	145.376	F6	89	96	
1210	127.724	Eb5	75	45	1258	145.476	Eb5	75	96	
1211	127.731	G4	67	33	1257	145.476	G4	67	96	
1212	127.742	Eb6	87	74	1256	145.476	Eb6	87	96	
1213	127.807	Bb5	82	72	1259	145.576	Bb5	82	96	
1214	127.873	G5	79	77	1260	145.676	G5	79	96	
1215	127.987	Eb5	75	68	1261	145.776	Eb5	75	96	
1216	128.076	Bb4	70	62	1262	145.876	Bb4	70	96	
1217	128.129	G4	67	68	1263	145.976	G4	67	96	
1218	128.234	C3	48	39	1265	146.076	C3	48	96	
1219	128.248	Eb4	63	61	1264	146.076	Eb4	63	96	
1220	128.348	G3	55	67	1266	146.176	G3	55	96	
1221	128.42	C4	60	56	1267	146.276	C4	60	96	
1222	128.465	Eb4	63	70	1268	146.376	Eb4	63	96	
1223	128.545	G4	67	65	1269	146.476	G4	67	96	
1224	128.634	F4	65	62	1270	146.576	F4	65	96	
1225	128.724	Eb4	63	59	1271	146.676	Eb4	63	96	
1226	128.746	F2	41	32	1272	146.676	F2	41	96	
1227	128.809	G#3	56	63	1273	146.776	G#3	56	96	
1228	128.931	D4	62	56	1274	146.876	D4	62	96	
1229	128.989	C4	60	60	1275	146.976	C4	60	96	
1230	129.053	G2	43	50	1277	147.076	G2	43	96	
1231	129.068	B3	59	59	1276	147.076	B3	59	96	
1232	129.122	G3	55	60	1278	147.176	G3	55	96	
1233	129.195	G#3	56	68	1279	147.276	G#3	56	96	
1234	129.267	A3	57	78	1280	147.376	A3	57	96	
1235	129.336	Bb3	58	73	1281	147.476	Bb3	58	96	
1236	129.384	G4	67	68	1282	147.576	G4	67	96	
1237	129.465	G#3	56	46	1284	147.676	G#3	56	96	
1238	129.469	Bb2	46	51	1285	147.676	Bb2	46	96	
1239	129.473	D4	62	68	1283	147.676	D4	62	96	
1240	129.543	F4	65	68	1286	147.776	F4	65	96	
1241	129.614	Eb4	63	69	1287	147.876	Eb4	63	96	
1242	129.623	G3	55	63	1288	147.876	G3	55	96	
1243	129.701	G3	55	61	1289	147.976	G3	55	96	
1244	129.736	Bb3	58	65	1290	148.076	Bb3	58	96	
1245	129.771	Eb2	39	76	1291	148.076	Eb2	39	96	
1246	129.787	Eb4	63	60	1292	148.176	Eb4	63	96	
1247	129.888	G4	67	69	1293	148.276	G4	67	96	
1248	129.949	G#4	68	76	1294	148.376	G#4	68	96	
1249	130.022	A4	69	72	1295	148.476	A4	69	96	
1250	130.076	C5	72	68	1296	148.576	C5	72	96	
1251	130.145	Bb4	70	75	1297	148.676	Bb4	70	96	
1252	130.208	G5	79	77	1298	148.776	G5	79	96	
1253	130.291	D5	74	71	1299	148.876	D5	74	96	
1254	130.318	G#4	68	70	1300	148.876	G#4	68	96	
1255	130.324	Bb3	58	59	1301	148.876	Bb3	58	96	
1256	130.358	F5	77	68	1302	148.976	F5	77	96	
1257	130.44	Eb5	75	66	1303	149.076	Eb5	75	96	
1258	130.443	G4	67	67	1304	149.076	G4	67	96	
1259	130.534	G4	67	65	1305	149.176	G4	67	96	
1260	130.58	Bb4	70	68	1306	149.276	Bb4	70	96	
1261	130.604	Eb3	51	72	1307	149.276	Eb3	51	96	
1262	130.628	Eb5	75	62	1308	149.376	Eb5	75	96	
1263	130.727	G5	79	78	1309	149.476	G5	79	96	
1264	130.793	G#5	80	75	1310	149.576	G#5	80	96	
1265	130.865	A5	81	82	1311	149.676	A5	81	96	
1266	130.928	C6	84	80	1312	149.776	C6	84	96	
1267	130.984	Bb5	82	69	1313	149.876	Bb5	82	96	
1268	131.052	Bb5	82	83	1314	149.976	Bb5	82	96	
1269	131.173	Bb4	70	44	1316	150.076	Bb4	70	96	
1270	131.173	C7	96	79	1315	150.076	C7	96	96	
1271	131.26	Bb6	94	74	1318	150.176	Bb6	94	96	
1272	131.311	G4	67	46	1320	150.276	G4	67	96	
1273	131.32	G6	91	73	1319	150.276	G6	91	96	
1274	131.328	Eb5	75	36	1321	150.276	Eb5	75	96	
1275	131.398	Eb6	87	72	1322	150.376	Eb6	87	96	
1276	131.456	C6	84	76	1323	150.476	C6	84	96	
1277	131.577	Bb5	82	70	1324	150.576	Bb5	82	96	
1278	131.637	G5	79	79	1325	150.676	G5	79	96	
1279	131.713	Eb5	75	72	1326	150.776	Eb5	75	96	
1280	131.772	C5	72	76	1327	150.876	C5	72	96	
1281	131.858	A4	69	70	1328	150.976	A4	69	55	
1282	131.906	C5	72	70	1329	151.076	C5	72	57	
1283	131.992	Bb4	70	81	1330	151.176	Bb4	70	60	
1284	132.1	Bb3	58	48	1332	151.276	Bb3	58	63	
1285	132.119	G4	67	40	1333	151.276	G4	67	63	
1286	132.12	C6	84	84	1331	151.276	C6	84	63	
1287	132.207	Bb5	82	78	1334	151.376	Bb5	82	66	
1288	132.262	G5	79	73	1335	151.476	G5	79	68	
1289	132.271	G3	55	49	1336	151.476	G3	55	68	
1290	132.294	Eb4	63	47	1337	151.476	Eb4	63	68	
1291	132.346	Eb5	75	68	1338	151.576	Eb5	75	71	
1292	132.395	C5	72	70	1339	151.676	C5	72	74	
1293	132.516	Bb4	70	69	1340	151.776	Bb4	70	77	
1294	132.574	G4	67	79	1341	151.876	G4	67	79	
1295	132.667	Eb4	63	72	1342	151.976	Eb4	63	82	
1296	132.717	C4	60	85	1343	152.076	C4	60	85	
1297	132.812	A3	57	79	1344	152.176	A3	57	88	
1298	132.865	C4	60	71	1345	152.276	C4	60	90	
1299	132.964	Bb3	58	72	1346	152.376	Bb3	58	93	
1300	133.109	C4	60	48	1348	152.476	C4	60	96	
1301	133.109	C5	72	80	1347	152.476	C5	72	96	
1302	133.199	Bb3	58	65	1350	152.576	Bb3	58	96	
1303	133.201	Bb4	70	74	1349	152.576	Bb4	70	96	
1304	133.26	G4	67	65	1351	152.676	G4	67	96	
1305	133.276	G3	55	57	1352	152.676	G3	55	96	
1306	133.319	Eb3	51	64	1354	152.776	Eb3	51	96	
1307	133.33	Eb4	63	71	1353	152.776	Eb4	63	96	
1308	133.393	C4	60	68	1355	152.876	C4	60	96	
1309	133.41	C3	48	70	1356	152.876	C3	48	96	
1310	133.503	Bb3	58	71	1357	152.976	Bb3	58	96	
1311	133.513	B2	47	62	1358	152.976	Bb2	46	96	
1312	133.603	G4	67	78	1359	153.076	G4	67	96	
1313	133.609	G3	55	72	1360	153.076	G3	55	96	
1314	133.684	Eb4	63	79	1361	153.176	Eb4	63	96	
1315	133.697	Eb3	51	80	1362	153.176	Eb3	51	96	
1316	133.72	C4	60	74	1363	153.276	C4	60	96	
1317	133.766	C3	48	76	1364	153.276	C3	48	96	
1318	133.802	Bb3	58	82	1365	153.376	Bb3	58	96	
1319	133.844	Bb2	46	79	1366	153.376	Bb2	46	96	
1320	133.864	G3	55	85	1367	153.476	G3	55	96	
1321	133.901	G2	43	63	1368	153.476	G2	43	96	
1322	133.973	G3	55	70	1370	153.576	G3	55	96	
1323	133.979	G4	67	74	1369	153.576	G4	67	96	
1324	134.053	Eb3	51	73	1372	153.676	Eb3	51	96	
1325	134.053	Eb4	63	74	1371	153.676	Eb4	63	96	
1326	134.089	C4	60	67	1373	153.776	C4	60	96	
1327	134.114	C3	48	65	1374	153.776	C3	48	96	
1328	134.15	Bb2	46	71	1376	153.876	Bb2	46	96	
1329	134.161	Bb3	58	81	1375	153.876	Bb3	58	96	
1330	134.198	G2	43	52	1378	153.976	G2	43	96	
1331	134.202	G3	55	81	1377	153.976	G3	55	96	
1332	134.252	Eb3	51	81	1380	154.076	Eb3	51	96	
1333	134.283	Eb4	63	78	1379	154.076	Eb4	63	96	
1334	134.348	C3	48	65	1382	154.176	C3	48	96	
1335	134.349	B2	47	67	*	-1	*	-1	-1	
1336	134.356	C4	60	79	1381	154.176	C4	60	96	
1337	134.392	Bb3	58	82	1383	154.276	Bb3	58	96	
1338	134.405	Bb2	46	82	1384	154.276	Bb2	46	96	
1339	134.452	G3	55	77	1385	154.376	G3	55	96	
1340	134.514	G2	43	92	1386	154.376	G2	43	96	
1341	134.542	Eb3	51	78	1387	154.476	Eb3	51	96	
1342	134.608	Eb2	39	82	1388	154.476	Eb2	39	96	
1343	134.638	D3	50	74	1389	154.576	D3	50	115	
1344	134.686	D2	38	65	1390	154.576	D2	38	115	
1345	134.756	F2	41	62	1392	154.676	F2	41	96	
1346	134.763	F3	53	44	1391	154.676	F3	53	96	
1347	134.794	Eb3	51	63	1393	154.776	Eb3	51	96	
1348	134.852	Eb2	39	67	1394	154.776	Eb2	39	96	
1349	134.889	C#3	49	49	1395	154.876	C#3	49	115	
1350	134.918	C#2	37	62	1396	154.876	C#2	37	115	
1351	134.957	F3	53	53	1397	154.976	F3	53	96	
1352	134.984	F2	41	68	1398	154.976	F2	41	96	
1353	135.034	Eb3	51	66	1399	155.076	Eb3	51	96	
1354	135.065	Eb2	39	70	1400	155.076	Eb2	39	96	
1355	135.138	C3	48	74	1401	155.176	C3	48	115	
1356	135.161	C2	36	66	1402	155.176	C2	36	115	
1357	135.202	F3	53	61	1403	155.276	F3	53	96	
1358	135.219	F2	41	69	1404	155.276	F2	41	96	
1359	135.275	Eb3	51	66	1405	155.376	Eb3	51	96	
1360	135.302	Eb2	39	71	1406	155.376	Eb2	39	96	
1361	135.372	B2	47	87	1407	155.476	B2	47	115	
1362	135.387	B1	35	82	1408	155.476	B1	35	115	
1363	135.453	F3	53	65	1409	155.576	F3	53	96	
1364	135.463	F2	41	74	1410	155.576	F2	41	96	
1365	135.51	Eb3	51	78	1411	155.676	Eb3	51	96	
1366	135.539	Eb2	39	78	1412	155.676	Eb2	39	96	
1367	135.607	Bb2	46	93	1413	155.776	Bb2	46	115	
1368	135.645	B1	35	67	1414	155.776	Bb1	34	115	
1369	135.692	F3	53	76	1415	155.876	F3	53	96	
1370	135.693	F2	41	75	1416	155.876	F2	41	96	
1371	135.764	Eb3	51	73	1417	155.976	Eb3	51	96	
1372	135.793	Eb2	39	79	1418	155.976	Eb2	39	96	
1373	135.857	A2	45	92	1419	156.076	A2	45	115	
1374	135.858	A1	33	78	1420	156.076	A1	33	115	
1375	135.931	F3	53	66	1421	156.176	F3	53	96	
1376	135.935	F2	41	81	1422	156.176	F2	41	96	
1377	135.997	Eb3	51	69	1423	156.276	Eb3	51	96	
1378	136.033	Eb2	39	79	1424	156.276	Eb2	39	96	
1379	136.068	C2	36	75	1426	156.376	C2	36	115	
1380	136.086	C3	48	88	1425	156.376	C3	48	115	
1381	136.16	F2	41	80	1428	156.476	F2	41	96	
1382	136.173	Eb3	51	73	1427	156.476	F3	53	96	
1383	136.227	E3	52	46	1429	156.576	Eb3	51	96	
1384	136.271	Eb2	39	76	1430	156.576	Eb2	39	96	
1385	136.284	Bb1	34	75	1432	156.676	Bb1	34	115	
1386	136.285	Bb2	46	88	1431	156.676	Bb2	46	115	
1387	136.385	G3	55	78	1433	156.776	F3	53	96	
1388	136.395	G2	43	70	1434	156.776	F2	41	96	
1389	136.523	Eb2	39	104	1435	156.876	Eb2	39	112	
1390	136.526	Eb1	27	86	1436	156.876	Eb1	27	112	
1391	136.982	G3	55	57	1439	157.476	G3	55	112	
1392	137.028	Bb3	58	67	1440	157.476	Bb3	58	112	
1393	137.114	Eb4	63	70	1441	157.476	Eb4	63	112	
1394	137.146	Eb5	75	102	1437	157.476	Eb5	75	112	
1395	137.148	Eb6	87	103	1438	157.476	Eb6	87	112	
1396	137.153	Bb5	82	95	*	-1	*	-1	-1	
1397	137.154	G4	67	94	1442	157.476	G4	67	112	
1398	137.989	Eb2	39	80	1446	157.876	Eb2	39	112	
1399	137.994	Eb3	51	82	1443	157.876	Eb3	51	112	
1400	137.996	Eb4	63	76	1444	157.876	Eb4	63	112	
1401	138.02	F#1	30	38	*	-1	*	-1	-1	
1402	138.023	Eb1	27	36	1445	157.876	Eb1	27	112	
1403	138.086	Eb3	51	86	1447	157.976	Eb3	51	112	
1404	138.092	Eb2	39	84	1450	157.976	Eb2	39	112	
1405	138.094	Eb4	63	82	1448	157.976	Eb4	63	112	
1406	138.094	Eb1	27	44	1449	157.976	Eb1	27	112	
1407	138.178	Eb2	39	96	1454	158.076	Eb2	39	112	
1408	138.178	Eb3	51	96	1451	158.076	Eb3	51	112	
1409	138.18	Eb4	63	95	1452	158.076	Eb4	63	112	
1410	138.19	Eb1	27	80	1453	158.076	Eb1	27	112	
1411	138.254	C#4	61	11	*	-1	*	-1	-1	
*	-1	*	-1	-1	10	0.8	Eb4	63	49	
*	-1	*	-1	-1	133	10.2	F#4	66	49	
*	-1	*	-1	-1	251	19.0556	G#3	56	49	
*	-1	*	-1	-1	252	19.0833	B3	59	49	
*	-1	*	-1	-1	254	19.1111	G#3	56	49	
*	-1	*	-1	-1	255	19.1296	G#3	56	49	
*	-1	*	-1	-1	327	24.7	G#3	56	49	
*	-1	*	-1	-1	347	26.1	G4	67	49	
*	-1	*	-1	-1	470	33.5	F3	53	96	
*	-1	*	-1	-1	495	36.3	Eb4	63	49	
*	-1	*	-1	-1	519	41.1	B3	59	64	
*	-1	*	-1	-1	527	42.6	B2	47	96	
*	-1	*	-1	-1	531	43.5	B3	59	96	
*	-1	*	-1	-1	533	43.5	G#3	56	96	
*	-1	*	-1	-1	539	44.4	G#3	56	96	
*	-1	*	-1	-1	550	46.2	E3	52	96	
*	-1	*	-1	-1	572	51.6	A3	57	96	
*	-1	*	-1	-1	573	51.6	C#4	61	96	
*	-1	*	-1	-1	591	55.2	A3	57	96	
*	-1	*	-1	-1	592	55.2	C#4	61	96	
*	-1	*	-1	-1	617	59.7	B1	35	96	
*	-1	*	-1	-1	618	59.7	B2	47	96	
*	-1	*	-1	-1	642	65.1	Bb1	34	96	
*	-1	*	-1	-1	650	66	Bb4	70	115	
*	-1	*	-1	-1	658	66.9	Bb3	58	96	
*	-1	*	-1	-1	664	67.8	G#3	56	96	
*	-1	*	-1	-1	681	70.5	C#3	49	96	
*	-1	*	-1	-1	705	74.1	C#4	61	96	
*	-1	*	-1	-1	727	77.7	F2	41	96	
*	-1	*	-1	-1	731	78.6	G#4	68	96	
*	-1	*	-1	-1	733	78.6	G#3	56	96	
*	-1	*	-1	-1	735	78.6	B2	47	96	
*	-1	*	-1	-1	740	79.5	E2	40	96	
*	-1	*	-1	-1	745	80.4	D4	62	96	
*	-1	*	-1	-1	746	80.4	F#4	66	96	
*	-1	*	-1	-1	764	84	D4	62	96	
*	-1	*	-1	-1	765	84	F#4	66	96	
*	-1	*	-1	-1	778	86.7	A3	57	96	
*	-1	*	-1	-1	779	86.7	C#4	61	96	
*	-1	*	-1	-1	792	88.5	E3	52	96	
*	-1	*	-1	-1	820	94.8	B3	59	96	
*	-1	*	-1	-1	840	98.7	B3	59	96	
*	-1	*	-1	-1	844	99.3	Bb3	58	96	
*	-1	*	-1	-1	849	100.2	B2	47	96	
*	-1	*	-1	-1	853	101.1	B3	59	96	
*	-1	*	-1	-1	854	101.1	G#3	56	96	
*	-1	*	-1	-1	860	102	G#3	56	96	
*	-1	*	-1	-1	868	103.8	B3	59	96	
*	-1	*	-1	-1	870	103.8	E3	52	96	
*	-1	*	-1	-1	892	109.2	A3	57	96	
*	-1	*	-1	-1	893	109.2	C#4	61	96	
*	-1	*	-1	-1	911	112.8	A3	57	96	
*	-1	*	-1	-1	912	112.8	C#4	61	96	
*	-1	*	-1	-1	935	117.3	B1	35	96	
*	-1	*	-1	-1	936	117.3	B2	47	96	
*	-1	*	-1	-1	987	125.176	Eb3	51	96	
*	-1	*	-1	-1	1208	142.032	G#3	56	96	
*	-1	*	-1	-1	1209	142.06	B3	59	96	
*	-1	*	-1	-1	1211	142.088	G#3	56	96	
*	-1	*	-1	-1	1212	142.106	G#3	56	96	
*	-1	*	-1	-1	1221	142.876	G#3	56	96	
*	-1	*	-1	-1	1254	145.276	G5	79	96	
*	-1	*	-1	-1	1317	150.076	G5	79	96	
