// alignID alignOntime alignSitch alignPitch alignOnvel refID refOntime refSitch refPitch refOnvel
0	0.511485	C5	72	62	1	0	C5	72	49	
1	0.515491	F2	41	49	2	0	F2	41	49	
2	0.530181	G#4	68	45	0	0	G#4	68	49	
3	0.551549	F3	53	38	3	0	F3	53	49	
4	0.729166	Bb4	70	62	5	0.241935	Bb4	70	49	
5	0.746527	E4	64	47	4	0.241935	E4	64	49	
6	0.749198	G3	55	38	7	0.241935	G3	55	49	
7	0.750533	G2	43	52	6	0.241935	G2	43	49	
8	0.941505	G#4	68	57	9	0.48387	G#4	68	49	
9	0.949518	G#2	44	58	10	0.48387	G#2	44	49	
10	0.957531	G#3	56	46	11	0.48387	G#3	56	49	
11	1.13381	G4	67	69	14	0.725805	G4	67	49	
12	1.14316	C#4	61	66	12	0.725805	C#4	61	49	
13	1.15785	Bb2	46	58	15	0.725805	Bb2	46	49	
14	1.1672	Bb3	58	55	16	0.725805	Bb3	58	49	
15	1.36886	B3	59	67	21	0.96774	B3	59	49	
16	1.36886	D4	62	62	18	0.96774	D4	62	49	
17	1.37153	B2	47	63	20	0.96774	B2	47	49	
18	1.37153	F4	65	71	19	0.96774	F4	65	49	
19	1.39156	G#3	56	43	17	0.96774	G#3	56	49	
20	1.59188	F4	65	70	24	1.20968	F4	65	49	
21	1.59455	G#3	56	55	22	1.20968	G#3	56	49	
22	1.60657	D4	62	50	23	1.20968	D4	62	49	
23	1.61058	B3	59	55	26	1.20968	B3	59	49	
24	1.61859	B2	47	58	25	1.20968	B2	47	49	
25	1.8336	G3	55	70	27	1.45161	G3	55	49	
26	1.83627	E4	64	74	28	1.45161	E4	64	49	
27	1.84028	C3	48	75	29	1.45161	C3	48	49	
28	1.84028	C4	60	71	30	1.45161	C4	60	49	
29	2.1915	F#2	42	28	*	-1	*	-1	-1	
30	2.28766	G5	79	95	33	1.93548	G5	79	96	
31	2.29434	C5	72	100	31	1.93548	C5	72	96	
32	2.29434	C3	48	98	35	1.93548	C3	48	96	
33	2.29701	C2	36	90	34	1.93548	C2	36	96	
34	2.30235	E5	76	85	32	1.93548	E5	76	96	
35	2.53071	E5	76	81	38	2.17741	E5	76	96	
36	2.53606	G4	67	83	36	2.17741	G4	67	96	
37	2.53739	C5	72	85	37	2.17741	C5	72	96	
38	2.5414	E2	40	78	39	2.17741	E2	40	96	
39	2.5414	E3	52	81	40	2.17741	E3	52	96	
40	2.73771	C5	72	91	43	2.41935	C5	72	96	
41	2.74572	G4	67	82	42	2.41935	G4	67	96	
42	2.74706	E4	64	82	41	2.41935	E4	64	96	
43	2.76442	G3	55	70	45	2.41935	G3	55	96	
44	2.76576	F2	41	66	*	-1	*	-1	-1	
45	2.78445	F3	53	58	*	-1	*	-1	-1	
46	2.78979	G2	43	50	44	2.41935	G2	43	96	
47	2.93937	C5	72	91	48	2.66129	C5	72	96	
48	2.94738	G4	67	86	47	2.66129	G4	67	96	
49	2.94872	E4	64	82	46	2.66129	E4	64	96	
50	2.95539	B2	47	69	*	-1	*	-1	-1	
51	2.95539	C4	60	65	50	2.66129	C4	60	96	
52	2.96741	B3	59	66	*	-1	*	-1	-1	
53	2.99546	C3	48	47	49	2.66129	C3	48	96	
54	3.15705	G2	43	73	54	2.90322	G2	43	96	
55	3.15705	G4	67	86	52	2.90322	G4	67	96	
56	3.15838	C5	72	95	53	2.90322	C5	72	96	
57	3.15972	E4	64	80	51	2.90322	E4	64	96	
58	3.16373	G3	55	71	55	2.90322	G3	55	96	
59	3.21314	Bb2	46	18	*	-1	*	-1	-1	
60	3.36805	D5	74	95	58	3.14515	D5	74	96	
61	3.3774	G4	67	72	56	3.14515	G4	67	96	
62	3.38007	B4	71	71	57	3.14515	B4	71	96	
63	3.38408	G1	31	87	59	3.14515	G1	31	96	
64	3.39343	G2	43	74	60	3.14515	G2	43	96	
65	3.40411	F2	41	58	*	-1	*	-1	-1	
66	3.64316	E5	76	94	63	3.38709	E5	76	105	
67	3.64583	G4	67	95	61	3.38709	G4	67	105	
68	3.64984	C5	72	89	62	3.38709	C5	72	105	
69	3.65117	C3	48	94	65	3.38709	C3	48	105	
70	3.65651	C2	36	87	64	3.38709	C2	36	105	
71	4.16533	C5	72	58	67	3.87096	C5	72	49	
72	4.172	F2	41	51	68	3.87096	F2	41	49	
73	4.18002	F3	53	37	69	3.87096	F3	53	49	
74	4.19204	G#4	68	36	66	3.87096	G#4	68	49	
75	4.38835	Bb4	70	62	71	4.11289	Bb4	70	49	
76	4.39236	G2	43	53	72	4.11289	G2	43	49	
77	4.39236	G3	55	40	73	4.11289	G3	55	49	
78	4.40571	E4	64	45	70	4.11289	E4	64	49	
79	4.61137	G#4	68	53	75	4.35483	G#4	68	49	
80	4.61805	F4	65	54	74	4.35483	F4	65	49	
81	4.61939	G#2	44	55	76	4.35483	G#2	44	49	
82	4.63007	G#3	56	47	77	4.35483	G#3	56	49	
83	4.82638	G4	67	65	80	4.59677	G4	67	49	
84	4.8384	E4	64	34	79	4.59677	E4	64	49	
85	4.83974	Bb2	46	52	81	4.59677	Bb2	46	49	
86	4.84909	C#4	61	44	78	4.59677	C#4	61	49	
87	4.85576	Bb3	58	45	82	4.59677	Bb3	58	49	
88	5.05074	C#4	61	24	*	-1	*	-1	-1	
89	5.06143	B3	59	62	87	4.8387	B3	59	49	
90	5.06543	B2	47	60	86	4.8387	B2	47	49	
91	5.0868	D4	62	51	84	4.8387	D4	62	49	
92	5.09081	F4	65	47	85	4.8387	F4	65	49	
93	5.09748	G#3	56	36	83	4.8387	G#3	56	49	
94	5.28445	F4	65	56	90	5.08064	F4	65	49	
95	5.28579	G#3	56	48	88	5.08064	G#3	56	49	
96	5.30448	D4	62	35	89	5.08064	D4	62	49	
97	5.30715	B2	47	58	91	5.08064	B2	47	49	
98	5.31517	B3	59	53	92	5.08064	B3	59	49	
99	5.54086	G3	55	61	93	5.32257	G3	55	49	
100	5.55021	E4	64	69	94	5.32257	E4	64	49	
101	5.55154	C4	60	58	96	5.32257	C4	60	49	
102	5.55956	C3	48	60	95	5.32257	C3	48	49	
103	6.00293	G5	79	99	99	5.80644	G5	79	96	
104	6.00827	C5	72	97	97	5.80644	C5	72	96	
105	6.00961	C3	48	94	101	5.80644	C3	48	96	
106	6.01228	E5	76	86	98	5.80644	E5	76	96	
107	6.01762	C2	36	89	100	5.80644	C2	36	96	
108	6.24332	E2	40	82	105	6.04838	E2	40	96	
109	6.24332	G4	67	77	102	6.04838	G4	67	96	
110	6.24732	E5	76	84	104	6.04838	E5	76	96	
111	6.24866	E3	52	76	106	6.04838	E3	52	96	
112	6.25266	C5	72	82	103	6.04838	C5	72	96	
113	6.45031	C5	72	84	109	6.29031	C5	72	96	
114	6.45966	G4	67	78	108	6.29031	G4	67	96	
115	6.461	G3	55	75	111	6.29031	G3	55	96	
116	6.46634	E4	64	74	107	6.29031	E4	64	96	
117	6.47302	G2	43	63	110	6.29031	G2	43	96	
118	6.66933	C5	72	84	114	6.53225	C5	72	96	
119	6.67601	G4	67	81	113	6.53225	G4	67	96	
120	6.67734	C4	60	72	116	6.53225	C4	60	96	
121	6.68135	E4	64	81	112	6.53225	E4	64	96	
122	6.68402	C3	48	66	115	6.53225	C3	48	96	
123	6.88568	C5	72	90	119	6.77418	C5	72	96	
124	6.88701	G4	67	81	118	6.77418	G4	67	96	
125	6.88835	G2	43	80	120	6.77418	G2	43	96	
126	6.88835	E4	64	82	117	6.77418	E4	64	96	
127	6.88968	G3	55	77	121	6.77418	G3	55	96	
128	7.09535	D5	74	94	124	7.01612	D5	74	96	
129	7.10336	G4	67	86	122	7.01612	G4	67	96	
130	7.10469	G2	43	80	126	7.01612	G2	43	96	
131	7.10469	B4	71	78	123	7.01612	B4	71	96	
132	7.10603	G1	31	75	125	7.01612	G1	31	96	
133	7.35977	E5	76	95	129	7.25805	E5	76	105	
134	7.36244	G4	67	91	127	7.25805	G4	67	105	
135	7.36778	C3	48	95	131	7.25805	C3	48	105	
136	7.37045	C5	72	87	128	7.25805	C5	72	105	
137	7.37713	C2	36	85	130	7.25805	C2	36	105	
138	7.78712	G5	79	82	133	7.74192	G5	79	96	
139	7.79246	E5	76	71	132	7.74192	E5	76	96	
140	7.80982	C2	36	68	134	7.74192	C2	36	96	
141	7.81917	C3	48	68	135	7.74192	C3	48	96	
142	8.01548	G5	79	81	137	7.98386	G5	79	96	
143	8.01949	D5	74	75	136	7.98386	D5	74	96	
144	8.0275	B2	47	73	139	7.98386	B2	47	96	
145	8.03418	B1	35	68	138	7.98386	B1	35	96	
146	8.26522	G5	79	84	140	8.22579	G5	79	96	
147	8.26922	E5	76	69	141	8.22579	E5	76	96	
148	8.27724	C3	48	80	143	8.22579	C3	48	96	
149	8.28391	C2	36	73	142	8.22579	C2	36	96	
150	8.47488	G#5	80	73	144	8.46773	G#5	80	96	
151	8.70993	G#5	80	79	145	8.70966	G#5	80	96	
152	8.93028	G#5	80	81	146	8.9516	G#5	80	96	
153	8.93162	F5	77	81	147	8.9516	F5	77	96	
154	8.93829	C#3	49	90	149	8.9516	C#3	49	105	
155	8.94096	C#2	37	79	148	8.9516	C#2	37	105	
156	9.15197	G#5	80	89	150	9.19353	G#5	80	96	
157	9.37098	F5	77	76	153	9.43547	F5	77	96	
158	9.37633	Bb5	82	86	152	9.43547	Bb5	82	96	
159	9.38033	D3	50	94	155	9.43547	D3	50	105	
160	9.38835	D2	38	84	154	9.43547	D2	38	105	
161	9.59668	Bb5	82	85	156	9.6774	Bb5	82	96	
162	9.81436	Bb5	82	83	157	9.91934	Bb5	82	96	
163	9.81703	Eb5	75	86	158	9.91934	Eb5	75	96	
164	9.83039	Eb2	39	89	159	9.91934	Eb2	39	105	
165	9.83039	Eb3	51	96	160	9.91934	Eb3	51	105	
166	9.8384	G5	79	60	*	-1	*	-1	-1	
167	10.024	Bb5	82	91	161	10.1613	Bb5	82	96	
168	10.0374	G5	79	84	162	10.1613	G5	79	96	
169	10.243	C6	84	98	163	10.4032	C6	84	96	
170	10.2564	G#5	80	82	164	10.4032	G#5	80	96	
171	10.2577	G#1	32	87	165	10.4032	G#1	32	96	
172	10.2604	G#2	44	97	166	10.4032	G#2	44	96	
173	10.4647	C#6	85	96	167	10.6451	C#6	85	96	
174	10.4714	C#3	49	96	171	10.6451	C#3	49	96	
175	10.4714	Bb5	82	90	169	10.6451	Bb5	82	96	
176	10.4754	C#2	37	89	170	10.6451	C#2	37	96	
177	10.4754	F5	77	82	168	10.6451	F5	77	96	
178	10.6891	Bb5	82	86	172	10.8871	Bb5	82	96	
179	10.6931	C#5	73	84	173	10.8871	C#5	73	96	
180	10.6944	Eb3	51	93	176	10.8871	Eb3	51	96	
181	10.6984	Eb2	39	88	175	10.8871	Eb2	39	96	
182	10.9535	G#3	56	96	180	11.129	G#3	56	105	
183	10.9549	C5	72	94	178	11.129	C5	72	105	
184	10.9562	G#5	80	96	177	11.129	G#5	80	105	
185	10.9575	G#2	44	92	179	11.129	G#2	44	105	
186	11.4343	G#4	68	64	181	11.6129	G#4	68	49	
187	11.684	G#4	68	61	182	11.8548	G#4	68	49	
188	11.6934	C4	60	42	184	11.8548	C4	60	49	
189	11.7107	G#3	56	41	183	11.8548	G#3	56	49	
190	11.9364	G4	67	58	185	12.0968	G4	67	49	
191	11.9565	Bb3	58	40	186	12.0968	Bb3	58	49	
192	11.9711	C#4	61	37	187	12.0968	C#4	61	49	
193	12.0259	F4	65	62	188	12.2177	F4	65	49	
194	12.1341	Eb4	63	55	189	12.3387	Eb4	63	49	
195	12.3544	C5	72	58	191	12.5806	C5	72	49	
196	12.3678	G#4	68	53	190	12.5806	G#4	68	49	
197	12.5855	C5	72	61	193	12.8226	C5	72	49	
198	12.6055	G#4	68	49	192	12.8226	G#4	68	49	
199	12.6282	G#3	56	41	194	12.8226	G#3	56	49	
200	12.6415	C4	60	37	195	12.8226	C4	60	49	
201	12.8232	Bb4	70	67	197	13.0645	Bb4	70	49	
202	12.8526	Bb3	58	42	198	13.0645	Bb3	58	49	
203	12.8566	G4	67	45	196	13.0645	G4	67	49	
204	12.8846	C#4	61	40	199	13.0645	C#4	61	49	
205	12.9086	G#4	68	69	201	13.1855	G#4	68	49	
206	12.91	F4	65	62	200	13.1855	F4	65	49	
207	13.0302	G4	67	67	203	13.3064	G4	67	49	
208	13.0395	Eb4	63	59	202	13.3064	Eb4	63	49	
209	13.2452	C5	72	59	204	13.5484	C5	72	49	
210	13.2452	Eb5	75	59	205	13.5484	Eb5	75	49	
211	13.4655	Eb5	75	58	207	13.7903	Eb5	75	49	
212	13.4776	G#1	32	40	208	13.7903	G#1	32	49	
213	13.4802	C5	72	49	206	13.7903	C5	72	49	
214	13.4949	G#2	44	28	209	13.7903	G#2	44	49	
215	13.7006	Bb1	34	46	212	14.0322	Bb1	34	49	
216	13.7059	Bb2	46	47	213	14.0322	Bb2	46	49	
217	13.7059	C#5	73	59	211	14.0322	C#5	73	49	
218	13.7246	Bb4	70	55	210	14.0322	Bb4	70	49	
219	13.9236	C3	48	47	217	14.2742	C3	48	49	
220	13.9263	C2	36	60	216	14.2742	C2	36	49	
221	13.9329	C5	72	61	215	14.2742	C5	72	49	
222	13.9383	G#4	68	48	214	14.2742	G#4	68	49	
223	14.1319	C#3	49	63	221	14.5161	C#3	49	49	
224	14.1373	C#2	37	66	220	14.5161	C#2	37	49	
225	14.152	Bb4	70	59	219	14.5161	Bb4	70	49	
226	14.164	G4	67	50	218	14.5161	G4	67	49	
227	14.2909	Eb2	39	20	*	-1	*	-1	-1	
228	14.3576	D3	50	57	225	14.758	D3	50	49	
229	14.3723	C5	72	68	223	14.758	C5	72	49	
230	14.3763	G#4	68	62	222	14.758	G#4	68	49	
231	14.379	D2	38	58	224	14.758	D2	38	49	
232	14.5967	Eb2	39	70	228	15	Eb2	39	49	
233	14.6034	Eb3	51	80	229	15	Eb3	51	49	
234	14.6074	Bb4	70	69	227	15	Bb4	70	49	
235	14.6114	G4	67	63	226	15	G4	67	49	
236	14.8304	E3	52	78	233	15.2419	E3	52	49	
237	14.8317	C5	72	73	231	15.2419	C5	72	49	
238	14.8331	E2	40	76	232	15.2419	E2	40	49	
239	14.8384	G4	67	62	230	15.2419	G4	67	49	
240	15.0334	F4	65	68	234	15.4838	F4	65	49	
241	15.0467	G2	43	65	235	15.4838	F2	41	49	
242	15.0601	F3	53	55	236	15.4838	F3	53	49	
243	15.2511	F3	53	43	238	15.7258	F3	53	49	
244	15.2604	F4	65	62	237	15.7258	F4	65	49	
245	15.2657	G#3	56	54	239	15.7258	G#3	56	49	
246	15.5275	E4	64	58	240	15.9677	E4	64	49	
247	15.5435	G3	55	46	241	15.9677	G3	55	49	
248	15.5662	Bb3	58	41	242	15.9677	Bb3	58	49	
249	15.6143	D4	62	63	243	16.0887	D4	62	49	
250	15.7225	C4	60	56	244	16.2096	C4	60	49	
251	15.9308	G#4	68	58	246	16.4516	G#4	68	49	
252	15.9428	F4	65	52	245	16.4516	F4	65	49	
253	16.1658	G#4	68	62	248	16.6935	G#4	68	49	
254	16.1685	F4	65	49	247	16.6935	F4	65	49	
255	16.1725	F3	53	46	249	16.6935	F3	53	49	
256	16.1725	G#3	56	48	250	16.6935	G#3	56	49	
257	16.4156	G3	55	53	253	16.9355	G3	55	49	
258	16.4209	E4	64	53	251	16.9355	E4	64	49	
259	16.4236	G4	67	44	252	16.9355	G4	67	49	
260	16.4276	Bb3	58	47	254	16.9355	Bb3	58	49	
261	16.5051	F4	65	42	256	17.0564	F4	65	49	
262	16.5465	D4	62	48	255	17.0564	D4	62	49	
263	16.6146	E4	64	57	258	17.1774	E4	64	49	
264	16.6453	C4	60	61	257	17.1774	C4	60	49	
265	16.8376	C5	72	67	260	17.4193	C5	72	49	
266	16.8469	G#4	68	53	259	17.4193	G#4	68	49	
267	17.0513	F2	41	47	263	17.6613	F2	41	49	
268	17.0673	C5	72	64	262	17.6613	C5	72	49	
269	17.0713	G#4	68	45	261	17.6613	G#4	68	49	
270	17.0793	F3	53	36	264	17.6613	F3	53	49	
271	17.2903	Bb4	70	61	266	17.9032	Bb4	70	49	
272	17.2957	G2	43	51	267	17.9032	G2	43	49	
273	17.3063	G4	67	52	265	17.9032	G4	67	49	
274	17.4893	G#4	68	65	270	18.1451	G#4	68	49	
275	17.5227	G#2	44	58	271	18.1451	G#2	44	49	
276	17.524	F4	65	58	269	18.1451	F4	65	49	
277	17.5494	G#3	56	45	272	18.1451	G#3	56	49	
278	17.7324	G4	67	58	274	18.3871	G4	67	49	
279	17.739	Bb2	46	56	275	18.3871	Bb2	46	49	
280	17.7537	E4	64	40	273	18.3871	E4	64	49	
281	17.7764	Bb3	58	34	276	18.3871	Bb3	58	49	
282	17.9861	G#4	68	53	278	18.629	G#4	68	49	
283	18.0115	F4	65	42	277	18.629	F4	65	49	
284	18.0195	B2	47	45	279	18.629	B2	47	49	
285	18.0235	B3	59	37	280	18.629	B3	59	49	
286	18.2545	G4	67	50	282	18.8709	G4	67	49	
287	18.2652	E4	64	39	281	18.8709	E4	64	49	
288	18.2866	C3	48	48	283	18.8709	C3	48	49	
289	18.2892	C4	60	46	284	18.8709	C4	60	49	
290	18.8194	C5	72	60	285	19.3548	C5	72	49	
291	18.8314	F4	65	44	286	19.3548	F4	65	49	
292	18.8595	G#2	44	48	287	19.3548	G#2	44	49	
293	18.8608	G#3	56	44	288	19.3548	G#3	56	49	
294	19.1239	C5	72	68	289	19.6007	C5	72	49	
295	19.4017	D5	74	59	290	19.8466	D5	74	49	
296	19.4324	Bb2	46	45	291	19.8466	Bb2	46	49	
297	19.4351	G2	43	42	292	19.8466	G2	43	49	
298	19.7382	G5	79	68	293	20.0925	G5	79	49	
299	19.7997	Bb3	58	43	294	20.0925	Bb3	58	49	
300	20.1642	F5	77	53	295	20.3384	F5	77	49	
301	20.1803	G#3	56	40	296	20.3384	G#3	56	49	
302	20.1936	C3	48	39	297	20.3384	C3	48	49	
303	20.211	G#4	68	41	*	-1	*	-1	-1	
304	20.6704	E5	76	48	298	20.5843	E5	76	49	
305	20.6958	G3	55	43	299	20.5843	G3	55	49	
306	21.469	F5	77	96	301	20.8302	F5	77	112	
307	21.4717	G#4	68	96	300	20.8302	G#4	68	112	
308	21.473	F3	53	89	303	20.8302	F3	53	112	
309	21.4757	C#3	49	95	302	20.8302	C#3	49	112	
310	21.7161	G5	79	95	305	21.0721	G5	79	112	
311	21.7174	C#5	73	91	304	21.0721	C#5	73	112	
312	21.7214	Bb2	46	103	306	21.0721	Bb2	46	112	
313	21.7294	F3	53	89	307	21.0721	F3	53	112	
314	22.7791	G#5	80	92	310	22.2818	G#5	80	112	
315	22.7831	C5	72	86	308	22.2818	C5	72	112	
316	22.7844	F3	53	81	312	22.2818	F3	53	112	
317	22.7898	C3	48	80	311	22.2818	C3	48	112	
318	22.9874	C6	84	93	315	22.5238	C6	84	112	
319	22.9874	E3	52	83	317	22.5238	E3	52	112	
320	22.9954	C5	72	78	313	22.5238	C5	72	112	
321	22.9994	C3	48	68	316	22.5238	C3	48	112	
322	23.0075	G5	79	74	314	22.5238	G5	79	112	
323	23.2145	F5	77	96	318	22.7657	F5	77	112	
324	23.2171	F2	41	88	319	22.7657	F2	41	112	
325	23.2211	F3	53	82	320	22.7657	F3	53	112	
326	23.4749	E5	76	98	321	23.0076	E5	76	112	
327	23.4775	G5	79	100	322	23.0076	G5	79	112	
328	23.4829	C3	48	88	324	23.0076	C3	48	112	
329	23.4882	C2	36	88	323	23.0076	C2	36	112	
330	23.9289	G5	79	85	326	23.4915	G5	79	112	
331	23.9329	D5	74	83	325	23.4915	D5	74	112	
332	23.9356	B1	35	77	327	23.4915	B1	35	112	
333	23.9383	B2	47	74	328	23.4915	B2	47	112	
334	24.172	G5	79	90	329	23.7334	G5	79	96	
335	24.1747	E5	76	82	330	23.7334	E5	76	96	
336	24.1773	C3	48	85	332	23.7334	C3	48	96	
337	24.184	C2	36	80	331	23.7334	C2	36	96	
338	24.3963	G#5	80	76	333	23.9754	G#5	80	96	
339	24.6234	G#5	80	81	334	24.2173	G#5	80	96	
340	24.8304	C#3	49	89	338	24.4592	C#3	49	105	
341	24.8304	G#5	80	85	335	24.4592	G#5	80	96	
342	24.8344	C#2	37	88	337	24.4592	C#2	37	105	
343	24.8357	F5	77	81	336	24.4592	F5	77	96	
344	25.0654	G#5	80	90	339	24.7012	G#5	80	96	
345	25.2858	F5	77	85	342	24.9431	F5	77	96	
346	25.2884	Bb5	82	91	341	24.9431	Bb5	82	96	
347	25.2951	D3	50	93	344	24.9431	D3	50	105	
348	25.3018	D2	38	86	343	24.9431	D2	38	105	
349	25.5128	Bb5	82	86	345	25.185	Bb5	82	96	
350	25.7251	Eb3	51	94	349	25.427	Eb3	51	105	
351	25.7251	Eb5	75	89	347	25.427	Eb5	75	96	
352	25.7265	Bb5	82	85	346	25.427	Bb5	82	96	
353	25.7291	Eb2	39	90	348	25.427	Eb2	39	105	
354	25.7625	G5	79	53	*	-1	*	-1	-1	
355	25.9428	Bb5	82	93	350	25.6689	Bb5	82	96	
356	25.9468	G5	79	83	351	25.6689	G5	79	96	
357	25.9495	Eb5	75	66	*	-1	*	-1	-1	
358	26.1632	C6	84	91	352	25.9108	C6	84	96	
359	26.1645	Bb5	82	65	*	-1	*	-1	-1	
360	26.1712	G#1	32	89	354	25.9108	G#1	32	96	
361	26.1739	G#2	44	89	355	25.9108	G#2	44	96	
362	26.1845	G#5	80	76	353	25.9108	G#5	80	96	
363	26.3915	C#3	49	95	360	26.1528	C#3	49	96	
364	26.3929	C#2	37	88	359	26.1528	C#2	37	96	
365	26.3955	C#6	85	78	356	26.1528	C#6	85	96	
366	26.4089	D6	86	85	*	-1	*	-1	-1	
367	26.4116	Bb5	82	65	358	26.1528	Bb5	82	96	
368	26.4156	G5	79	54	*	-1	*	-1	-1	
369	26.4156	F5	77	57	357	26.1528	F5	77	96	
370	26.6159	Eb3	51	96	365	26.3947	Eb3	51	96	
371	26.6186	Eb2	39	92	364	26.3947	Eb2	39	96	
372	26.6239	Eb5	75	73	362	26.3947	C#5	73	96	
373	26.6493	B5	83	48	363	26.3947	G5	79	96	
374	26.656	C6	84	50	361	26.3947	Bb5	82	96	
375	26.6626	D5	74	53	*	-1	*	-1	-1	
376	26.867	G#5	80	91	366	26.6367	G#5	80	105	
377	26.8723	G#2	44	92	368	26.6367	G#2	44	105	
378	26.8723	G#3	56	97	369	26.6367	G#3	56	105	
379	26.8736	C5	72	86	367	26.6367	C5	72	105	
380	27.4466	G#4	68	53	370	27.1205	G#4	68	49	
381	27.7323	C4	60	34	373	27.3625	C4	60	49	
382	27.743	G#3	56	39	372	27.3625	G#3	56	49	
383	27.7631	G#4	68	56	371	27.3625	G#4	68	49	
384	28.0782	Bb3	58	36	375	27.6044	Bb3	58	49	
385	28.0876	G4	67	55	374	27.6044	G4	67	49	
386	28.1036	C#4	61	28	376	27.6044	C#4	61	49	
387	28.1984	F4	65	55	377	27.7254	F4	65	49	
388	28.3146	Eb4	63	53	378	27.8463	Eb4	63	49	
389	28.5537	C5	72	62	380	28.0883	C5	72	49	
390	28.5643	G#4	68	50	379	28.0883	G#4	68	49	
391	28.7874	C5	72	66	382	28.3302	C5	72	49	
392	28.7914	G#3	56	39	383	28.3302	G#3	56	49	
393	28.7927	G#4	68	47	381	28.3302	G#4	68	49	
394	28.8021	C4	60	33	384	28.3302	C4	60	49	
395	29.0211	Bb4	70	65	386	28.5721	Bb4	70	49	
396	29.0625	G4	67	41	385	28.5721	G4	67	49	
397	29.0705	Bb3	58	42	387	28.5721	Bb3	58	49	
398	29.0785	C#4	61	35	388	28.5721	C#4	61	49	
399	29.1279	G#4	68	67	390	28.6931	G#4	68	49	
400	29.1292	F4	65	61	389	28.6931	F4	65	49	
401	29.2361	G4	67	71	392	28.8141	G4	67	49	
402	29.2508	Eb4	63	69	391	28.8141	Eb4	63	49	
403	29.4845	D5	74	55	393	29.056	C5	72	49	
404	29.6875	Eb5	75	62	396	29.2979	Eb5	75	49	
405	29.6968	C5	72	59	395	29.2979	C5	72	49	
406	29.6982	G#1	32	58	397	29.2979	G#1	32	49	
407	29.7075	G#2	44	46	398	29.2979	G#2	44	49	
408	29.9238	Bb1	34	52	401	29.5399	Bb1	34	49	
409	29.9412	C#5	73	66	400	29.5399	C#5	73	49	
410	29.9506	Bb2	46	37	402	29.5399	Bb2	46	49	
411	29.9652	Bb4	70	54	399	29.5399	Bb4	70	49	
412	30.1535	C2	36	61	405	29.7818	C2	36	49	
413	30.1616	C3	48	43	406	29.7818	C3	48	49	
414	30.1616	C5	72	65	404	29.7818	C5	72	49	
415	30.1709	G#4	68	58	403	29.7818	G#4	68	49	
416	30.3766	C#2	37	62	409	30.0237	C#2	37	49	
417	30.3766	C#3	49	63	410	30.0237	C#3	49	49	
418	30.3873	G4	67	63	407	30.0237	G4	67	49	
419	30.3873	Bb4	70	69	408	30.0237	Bb4	70	49	
420	30.6036	D3	50	61	414	30.2657	D3	50	49	
421	30.6103	C5	72	70	412	30.2657	C5	72	49	
422	30.6103	D2	38	67	413	30.2657	D2	38	49	
423	30.6183	G#4	68	70	411	30.2657	G#4	68	49	
424	30.8253	G4	67	68	415	30.5076	G4	67	49	
425	30.8253	Bb4	70	66	416	30.5076	Bb4	70	49	
426	30.8373	Eb2	39	69	417	30.5076	Eb2	39	49	
427	30.8467	Eb3	51	70	418	30.5076	Eb3	51	49	
428	31.0483	C5	72	77	420	30.7495	C5	72	49	
429	31.0603	G4	67	72	419	30.7495	G4	67	49	
430	31.0617	E2	40	79	421	30.7495	E2	40	49	
431	31.067	E3	52	69	422	30.7495	E3	52	49	
432	31.2566	F4	65	74	423	30.9915	F4	65	49	
433	31.278	F3	53	73	425	30.9915	F3	53	49	
434	31.2954	F2	41	47	424	30.9915	F2	41	49	
435	31.3194	G2	43	34	*	-1	*	-1	-1	
436	31.4863	F4	65	71	426	31.2334	F4	65	49	
437	31.5224	F3	53	47	*	-1	*	-1	-1	
438	31.6252	G3	55	23	427	31.2334	F3	53	49	
439	31.7655	E4	64	58	429	31.4754	E4	64	49	
440	31.7868	Bb3	58	49	431	31.4754	Bb3	58	49	
441	31.7935	G3	55	56	430	31.4754	G3	55	49	
442	31.8549	D4	62	66	432	31.5963	D4	62	49	
443	31.9644	C4	60	60	433	31.7173	C4	60	49	
444	32.1781	G#4	68	62	435	31.9592	G#4	68	49	
445	32.1941	F4	65	55	434	31.9592	F4	65	49	
446	32.4038	G#4	68	69	437	32.2012	G#4	68	49	
447	32.4145	F4	65	58	436	32.2012	F4	65	49	
448	32.4225	G#3	56	54	439	32.2012	G#3	56	49	
449	32.4385	F3	53	48	438	32.2012	F3	53	49	
450	32.6589	E4	64	63	440	32.4431	E4	64	49	
451	32.6602	G4	67	63	441	32.4431	G4	67	49	
452	32.6656	G3	55	53	442	32.4431	G3	55	49	
453	32.6816	Bb3	58	46	443	32.4431	Bb3	58	49	
454	32.7444	F4	65	69	445	32.5641	F4	65	49	
455	32.7951	D4	62	46	444	32.5641	D4	62	49	
456	32.8605	E4	64	68	447	32.685	E4	64	49	
457	32.8792	C4	60	64	446	32.685	C4	60	49	
458	33.0649	C5	72	70	449	32.927	C5	72	49	
459	33.0836	G#4	68	54	448	32.927	G#4	68	49	
460	33.2959	C5	72	63	451	33.1689	C5	72	49	
461	33.3053	F2	41	47	452	33.1689	F2	41	49	
462	33.3146	G#4	68	52	450	33.1689	G#4	68	49	
463	33.3186	F3	53	42	453	33.1689	F3	53	49	
464	33.5376	Bb4	70	64	455	33.4108	Bb4	70	49	
465	33.5456	G4	67	56	454	33.4108	G4	67	49	
466	33.5603	G2	43	52	456	33.4108	G2	43	49	
467	33.5683	G3	55	39	457	33.4108	G3	55	49	
468	33.762	G#4	68	75	459	33.6528	G#4	68	49	
469	33.7633	F4	65	62	458	33.6528	F4	65	49	
470	33.7727	G#2	44	61	460	33.6528	G#2	44	49	
471	33.7834	G#3	56	48	461	33.6528	G#3	56	49	
472	33.9957	G4	67	63	463	33.8947	G4	67	49	
473	33.9984	E4	64	59	462	33.8947	E4	64	49	
474	34.0024	Bb2	46	51	464	33.8947	Bb2	46	49	
475	34.0157	Bb3	58	42	465	33.8947	Bb3	58	49	
476	34.2468	G#4	68	58	467	34.1366	G#4	68	49	
477	34.2601	B3	59	46	469	34.1366	B3	59	49	
478	34.2628	B2	47	43	468	34.1366	B2	47	49	
479	34.2788	F4	65	46	466	34.1366	F4	65	49	
480	34.5406	C4	60	47	473	34.3786	C4	60	49	
481	34.5526	C3	48	45	472	34.3786	C3	48	49	
482	34.5566	G4	67	50	471	34.3786	G4	67	49	
483	34.5673	E4	64	35	470	34.3786	E4	64	49	
484	35.0854	C5	72	55	474	34.8624	C5	72	49	
485	35.0868	G#3	56	47	477	34.8624	G#3	56	49	
486	35.0975	F4	65	46	475	34.8624	F4	65	49	
487	35.1055	G#2	44	48	476	34.8624	G#2	44	49	
488	35.3966	C5	72	73	478	35.1083	C5	72	49	
489	35.6784	D5	74	67	479	35.3542	D5	74	49	
490	35.6944	G2	43	38	481	35.3542	G2	43	49	
491	35.6944	Bb2	46	46	480	35.3542	Bb2	46	49	
492	36.0403	G5	79	65	482	35.6001	G5	79	49	
493	36.0603	Bb3	58	40	483	35.6001	Bb3	58	49	
494	36.4743	F5	77	54	484	35.846	F5	77	49	
495	36.4957	G#3	56	34	485	35.846	G#3	56	49	
496	36.5117	C3	48	30	486	35.846	C3	48	49	
497	36.9965	E5	76	45	487	36.092	E5	76	49	
498	36.9978	G3	55	31	488	36.092	G3	55	49	
499	37.548	G#4	68	98	489	36.3379	G#4	68	112	
500	37.5494	F3	53	92	492	36.3379	F3	53	112	
501	37.5494	F5	77	97	490	36.3379	F5	77	112	
502	37.5507	C#3	49	87	491	36.3379	C#3	49	112	
503	37.8312	F3	53	84	496	36.5798	F3	53	112	
504	37.8352	C#5	73	88	493	36.5798	C#5	73	112	
505	37.8352	G5	79	97	494	36.5798	G5	79	112	
506	37.8365	Bb2	46	99	495	36.5798	Bb2	46	112	
507	38.8715	G#5	80	90	499	37.7895	G#5	80	112	
508	38.8782	C5	72	84	497	37.7895	C5	72	112	
509	38.8862	F3	53	84	501	37.7895	F3	53	112	
510	38.8929	F5	77	69	498	37.7895	F5	77	112	
511	38.8969	C3	48	78	500	37.7895	C3	48	112	
512	38.9196	D3	50	56	*	-1	*	-1	-1	
513	39.0905	C6	84	94	504	38.0314	C6	84	112	
514	39.0985	G5	79	78	503	38.0314	G5	79	112	
515	39.0999	E3	52	85	506	38.0314	E3	52	112	
516	39.1012	C5	72	81	502	38.0314	C5	72	112	
517	39.1065	C3	48	81	505	38.0314	C3	48	112	
518	39.3296	F5	77	97	507	38.2733	F5	77	112	
519	39.3336	F3	53	87	509	38.2733	F3	53	112	
520	39.3376	F2	41	90	508	38.2733	F2	41	112	
521	39.5646	F6	89	100	510	38.5153	F6	89	119	
522	39.8077	C#2	37	100	511	38.7572	C#2	37	112	
523	39.8464	C2	36	65	*	-1	*	-1	-1	
524	39.9278	C6	84	68	512	38.8782	C6	84	87	
525	40.0507	Eb6	87	86	513	38.9991	Eb6	87	74	
526	40.0614	F3	53	98	514	38.9991	F3	53	74	
527	40.1669	C#6	85	82	515	39.1201	C#6	85	62	
528	40.259	G#5	80	70	516	39.2411	G#5	80	49	
529	40.3926	C6	84	68	517	39.362	C6	84	49	
530	40.4941	G#3	56	53	519	39.483	G#3	56	49	
531	40.4941	Bb5	82	63	518	39.483	Bb5	82	49	
532	40.6049	G5	79	67	520	39.604	G5	79	49	
533	40.7158	Bb5	82	64	521	39.7249	Bb5	82	49	
534	40.8119	F5	77	41	522	39.8459	F5	77	49	
535	40.8373	G5	79	43	*	-1	*	-1	-1	
536	40.9201	G#5	80	63	523	39.9669	G#5	80	49	
537	40.9388	F3	53	54	524	39.9669	F3	53	49	
538	41.0309	F#5	78	52	525	40.0878	F#5	78	49	
539	41.1431	Eb5	75	56	526	40.2088	Eb5	75	49	
540	41.254	F#5	78	62	527	40.3298	F#5	78	49	
541	41.3541	F5	77	61	528	40.4507	F5	77	49	
542	41.3635	G#3	56	55	529	40.4507	G#3	56	49	
543	41.4503	C#5	73	56	530	40.5717	C#5	73	49	
544	41.5771	F#5	78	62	531	40.6927	F#5	78	49	
545	41.6586	D5	74	62	532	40.8137	D5	74	49	
546	41.7761	C4	60	57	534	40.9346	C4	60	49	
547	41.7761	F5	77	58	533	40.9346	F5	77	49	
548	41.8776	Eb5	75	61	535	41.0556	Eb5	75	49	
549	41.9858	B4	71	49	536	41.1766	B4	71	49	
550	42.082	C#5	73	55	537	41.2975	C#5	73	49	
551	42.1794	Eb5	75	75	539	41.4185	Eb5	75	49	
552	42.2035	C5	72	53	538	41.4185	C5	72	49	
553	42.2903	G#4	68	52	540	41.5395	G#4	68	49	
554	42.4038	Bb4	70	63	541	41.6604	Bb4	70	49	
555	42.5013	F#4	66	52	542	41.7814	F#4	66	49	
556	42.5988	C6	84	71	544	41.9024	C6	84	49	
557	42.6148	Bb4	70	60	543	41.9024	Bb4	70	49	
558	42.7083	G#4	68	63	545	42.0233	G#4	68	49	
559	42.8125	C#6	85	104	547	42.1443	C#6	85	112	
560	42.8218	F4	65	76	546	42.1443	F4	65	112	
561	43.0796	F6	89	97	548	42.3862	F6	89	119	
562	43.3093	C#2	37	101	549	42.6282	C#2	37	112	
563	43.4495	C6	84	85	550	42.7491	C6	84	87	
564	43.5763	Eb6	87	83	551	42.8701	Eb6	87	74	
565	43.5804	F3	53	97	552	42.8701	F3	53	74	
566	43.6859	C#6	85	83	553	42.9911	C#6	85	62	
567	43.782	G#5	80	61	554	43.112	G#5	80	49	
568	43.8982	C6	84	63	555	43.233	C6	84	49	
569	43.9863	G#3	56	58	557	43.354	G#3	56	49	
570	44.005	Bb5	82	62	556	43.354	Bb5	82	49	
571	44.1119	G5	79	59	558	43.4749	G5	79	49	
572	44.1973	Bb5	82	68	559	43.5959	Bb5	82	49	
573	44.3015	F5	77	57	560	43.7169	F5	77	49	
574	44.4043	G#5	80	64	561	43.8378	G#5	80	49	
575	44.4164	F3	53	59	562	43.8378	F3	53	49	
576	44.5205	F#5	78	56	563	43.9588	F#5	78	49	
577	44.6247	Eb5	75	62	564	44.0798	Eb5	75	49	
578	44.7382	F#5	78	62	565	44.2007	F#5	78	49	
579	44.8397	G#3	56	48	567	44.3217	G#3	56	49	
580	44.8424	F5	77	56	566	44.3217	F5	77	49	
581	44.9385	C#5	73	53	568	44.4427	C#5	73	49	
582	45.0427	F5	77	58	569	44.5636	F5	77	49	
583	45.1415	C5	72	59	570	44.6846	C5	72	49	
584	45.2484	Eb5	75	59	571	44.8056	Eb5	75	49	
585	45.251	F4	65	59	572	44.8056	F4	65	49	
586	45.3405	C#5	73	60	573	44.9265	C#5	73	49	
587	45.4754	G#4	68	56	574	45.0475	G#4	68	49	
588	45.5876	C#5	73	57	575	45.1685	C#5	73	49	
589	45.6824	F5	77	58	577	45.2894	F5	77	49	
590	45.6997	B4	71	56	576	45.2894	B4	71	49	
591	45.7999	G#4	68	57	578	45.4104	G#4	68	49	
592	45.9121	B4	71	61	579	45.5314	B4	71	49	
593	46.0296	G#4	68	49	580	45.6524	G#4	68	49	
594	46.099	B4	71	58	581	45.7733	B4	71	49	
595	46.1151	F6	89	64	582	45.7733	F6	89	49	
596	46.1992	A4	69	60	583	45.8943	A4	69	49	
597	46.302	Bb4	70	77	584	46.0153	Bb4	70	112	
598	46.3034	F#6	90	94	585	46.0153	F#6	90	112	
599	46.5651	Bb6	94	100	586	46.2572	Bb6	94	119	
600	46.8082	F#2	42	101	587	46.4991	F#2	42	112	
601	46.915	F6	89	76	588	46.6201	F6	89	87	
602	47.0312	G#6	92	86	589	46.7411	G#6	92	74	
603	47.0392	Bb3	58	96	590	46.7411	Bb3	58	74	
604	47.082	G#3	56	44	*	-1	*	-1	-1	
605	47.1314	F#6	90	81	591	46.862	F#6	90	62	
606	47.2342	C#6	85	62	592	46.983	C#6	85	49	
607	47.3771	F6	89	40	593	47.104	F6	89	49	
608	47.3904	E6	88	49	*	-1	*	-1	-1	
609	47.4505	Eb6	87	57	594	47.2249	Eb6	87	49	
610	47.4679	C#4	61	50	595	47.2249	C#4	61	49	
611	47.5694	C6	84	49	596	47.3459	C6	84	49	
612	47.6749	Eb6	87	64	597	47.4669	Eb6	87	49	
613	47.7711	Bb5	82	59	598	47.5878	Bb5	82	49	
614	47.8886	C#6	85	60	599	47.7088	C#6	85	49	
615	47.8939	Bb3	58	57	600	47.7088	Bb3	58	49	
616	47.9834	B5	83	60	601	47.8298	B5	83	49	
617	48.0876	G#5	80	59	602	47.9507	G#5	80	49	
618	48.2011	B5	83	59	603	48.0717	B5	83	49	
619	48.2999	Bb5	82	62	604	48.1927	Bb5	82	49	
620	48.3026	C#4	61	58	605	48.1927	C#4	61	49	
621	48.4054	F#5	78	51	606	48.3136	F#5	78	49	
622	48.5229	B5	83	63	607	48.4346	B5	83	49	
623	48.6244	G5	79	63	608	48.5556	G5	79	49	
624	48.7179	F4	65	56	610	48.6765	F4	65	49	
625	48.7206	Bb5	82	61	609	48.6765	Bb5	82	49	
626	48.8141	G#5	80	57	611	48.7975	G#5	80	49	
627	48.9236	E5	76	55	612	48.9185	E5	76	49	
628	49.0224	F#5	78	62	613	49.0394	F#5	78	49	
629	49.1225	F5	77	60	614	49.1604	F5	77	49	
630	49.1346	G#5	80	81	615	49.1604	G#5	80	49	
631	49.2321	C#5	73	57	616	49.2814	C#5	73	49	
632	49.3376	Eb5	75	68	617	49.4023	Eb5	75	49	
633	49.4444	B4	71	58	618	49.5233	B4	71	49	
634	49.5472	Eb5	75	65	619	49.6443	Eb5	75	49	
635	49.5539	F6	89	71	620	49.6443	F6	89	49	
636	49.6461	C#5	73	65	621	49.7652	C#5	73	49	
637	49.7596	Bb4	70	76	622	49.8862	Bb4	70	112	
638	49.7609	F#6	90	101	623	49.8862	F#6	90	112	
639	50.0133	Bb6	94	103	624	50.1281	Bb6	94	119	
640	50.2697	F#2	42	101	625	50.3701	F#2	42	96	
641	50.3766	F6	89	79	626	50.4911	F6	89	77	
642	50.5088	G#6	92	88	627	50.612	G#6	92	68	
643	50.5315	Bb3	58	100	628	50.612	Bb3	58	68	
644	50.6209	F#6	90	88	629	50.733	F#6	90	58	
645	50.7184	C#6	85	75	630	50.854	C#6	85	49	
646	50.8453	F6	89	65	631	50.9749	F6	89	49	
647	50.9455	Eb6	87	58	632	51.0959	Eb6	87	49	
648	50.9535	C#4	61	56	633	51.0959	C#4	61	49	
649	51.0256	C6	84	59	634	51.2169	C6	84	49	
650	51.1404	Eb6	87	65	635	51.3378	Eb6	87	49	
651	51.2513	Bb5	82	56	636	51.4588	Bb5	82	49	
652	51.3595	C#6	85	59	637	51.5798	C#6	85	49	
653	51.3728	Bb3	58	56	638	51.5798	Bb3	58	49	
654	51.4583	B5	83	56	639	51.7007	B5	83	49	
655	51.5745	G#5	80	58	640	51.8217	G#5	80	49	
656	51.6853	B5	83	59	641	51.9427	B5	83	49	
657	51.7828	C#4	61	59	643	52.0636	C#4	61	49	
658	51.8015	Bb5	82	57	642	52.0636	Bb5	82	49	
659	51.8923	F#5	78	58	644	52.1846	F#5	78	49	
660	51.9991	Bb5	82	56	645	52.3056	Bb5	82	49	
661	52.1087	G5	79	61	646	52.4265	G5	79	49	
662	52.1955	D4	62	51	649	52.5475	D4	62	49	
663	52.2035	F3	53	46	648	52.5475	F3	53	49	
664	52.2195	Bb5	82	61	647	52.5475	Bb5	82	49	
665	52.3143	G#5	80	57	650	52.6685	G#5	80	49	
666	52.4145	F5	77	55	651	52.7894	F5	77	49	
667	52.5093	G#5	80	62	652	52.9104	G#5	80	49	
668	52.6295	F#5	78	55	653	53.0314	F#5	78	49	
669	52.6535	Bb5	82	75	654	53.0314	Bb5	82	49	
670	52.739	Eb5	75	52	655	53.1523	Eb5	75	49	
671	52.8725	D5	74	64	656	53.2733	D5	74	49	
672	52.9634	G#4	68	62	657	53.3943	G#4	68	49	
673	53.0689	D6	86	72	659	53.5152	D6	86	49	
674	53.0702	B4	71	68	658	53.5152	B4	71	49	
675	53.1623	Bb4	70	72	660	53.6362	Bb4	70	49	
676	53.2638	F#4	66	73	661	53.7572	F#4	66	112	
677	53.2732	Eb6	87	89	662	53.7572	Eb6	87	112	
678	53.5309	F#6	90	98	663	53.9991	F#6	90	119	
679	53.7633	Eb2	39	101	664	54.241	Eb2	39	112	
680	53.8888	D6	86	90	665	54.362	D6	86	112	
681	53.9877	F#3	54	101	667	54.483	F#3	54	112	
682	53.993	F6	89	92	666	54.483	F6	89	112	
683	54.0905	Eb6	87	89	668	54.6039	Eb6	87	112	
684	54.1893	F#5	78	83	669	54.7249	F#5	78	112	
685	54.4631	Eb6	87	49	671	54.9668	Eb6	87	119	
686	54.4684	F#6	90	99	672	54.9668	F#6	90	119	
687	54.4711	F#5	78	100	670	54.9668	F#5	78	119	
688	54.4724	C3	48	93	675	54.9668	C3	48	119	
689	54.4764	C2	36	90	673	54.9668	C2	36	119	
690	54.4764	G#2	44	91	674	54.9668	G#2	44	119	
691	54.5512	D2	38	38	*	-1	*	-1	-1	
692	54.7422	F5	77	74	676	55.2088	F5	77	112	
693	55.0373	F6	89	96	679	55.4507	F6	89	119	
694	55.04	F5	77	93	677	55.4507	F5	77	119	
695	55.044	G#2	44	88	681	55.4507	G#2	44	119	
696	55.044	C#6	85	95	678	55.4507	C#6	85	119	
697	55.0467	C#3	49	94	682	55.4507	C#3	49	119	
698	55.048	C#2	37	90	680	55.4507	C#2	37	119	
699	55.4046	C#2	37	90	683	55.6927	C#2	37	96	
700	55.5355	C6	84	76	684	55.8136	C6	84	77	
701	55.6597	Eb6	87	88	685	55.9346	Eb6	87	68	
702	55.6623	F3	53	93	686	55.9346	F3	53	68	
703	55.7625	C#6	85	84	687	56.0556	C#6	85	58	
704	55.8733	G#5	80	59	688	56.1765	G#5	80	49	
705	55.9829	C6	84	64	689	56.2975	C6	84	49	
706	56.0843	Bb5	82	60	690	56.4185	Bb5	82	49	
707	56.0857	G#3	56	54	691	56.4185	G#3	56	49	
708	56.2833	Bb5	82	64	693	56.6604	Bb5	82	49	
709	56.3875	F5	77	40	694	56.7814	F5	77	49	
710	56.4997	G#5	80	60	695	56.9023	G#5	80	49	
711	56.5117	F3	53	52	696	56.9023	F3	53	49	
712	56.6119	F#5	78	62	697	57.0233	F#5	78	49	
713	56.7214	Eb5	75	56	698	57.1443	Eb5	75	49	
714	56.8242	F#5	78	63	699	57.2652	F#5	78	49	
715	56.9257	G#3	56	46	701	57.3862	G#3	56	49	
716	56.9257	F5	77	63	700	57.3862	F5	77	49	
717	57.0245	C#5	73	51	702	57.5072	C#5	73	49	
718	57.1327	F#5	78	61	703	57.6281	F#5	78	49	
719	57.2369	D5	74	45	704	57.7491	D5	74	49	
720	57.3183	C4	60	48	706	57.8701	C4	60	49	
721	57.3664	F5	77	27	705	57.8701	F5	77	49	
722	57.4238	Eb5	75	58	707	57.991	Eb5	75	49	
723	57.5453	B4	71	53	708	58.112	B4	71	49	
724	57.6415	C#5	73	55	709	58.233	C#5	73	49	
725	57.7564	Eb5	75	69	711	58.3539	Eb5	75	49	
726	57.7644	C5	72	57	710	58.3539	C5	72	49	
727	57.8525	G#4	68	53	712	58.4749	G#4	68	49	
728	57.9634	Bb4	70	63	713	58.5959	Bb4	70	49	
729	58.0755	F#4	66	55	714	58.7168	F#4	66	49	
730	58.1503	C6	84	67	716	58.8378	C6	84	49	
731	58.1824	Bb4	70	45	715	58.8378	Bb4	70	49	
732	58.2665	G#4	68	53	717	58.9588	G#4	68	49	
733	58.396	F4	65	50	718	59.0797	F4	65	49	
734	58.4	C#6	85	69	719	59.0797	C#6	85	49	
735	58.6578	F5	77	70	720	59.3217	F5	77	49	
736	58.8942	C#2	37	61	721	59.5636	C#2	37	48	
737	59.0504	C5	72	62	722	59.6846	C5	72	47	
738	59.1947	Eb5	75	71	723	59.8055	Eb5	75	47	
739	59.2093	F3	53	63	724	59.8055	F3	53	47	
740	59.3095	C#5	73	67	725	59.9265	C#5	73	46	
741	59.3963	G#4	68	60	726	60.0475	G#4	68	46	
742	59.5072	C5	72	69	727	60.1685	C5	72	45	
743	59.6233	Bb4	70	59	728	60.2894	Bb4	70	45	
744	59.6314	G#3	56	59	729	60.2894	G#3	56	45	
745	59.7115	G4	67	54	730	60.4104	G4	67	44	
746	59.837	Bb4	70	60	731	60.5314	Bb4	70	44	
747	59.9292	F4	65	55	732	60.6523	F4	65	43	
748	60.0253	G#4	68	61	733	60.7733	G#4	68	43	
749	60.048	F3	53	51	734	60.7733	F3	53	43	
750	60.1268	F#4	66	61	735	60.8943	F#4	66	42	
751	60.2417	Eb4	63	57	736	61.0152	Eb4	63	42	
752	60.3311	F#4	66	59	737	61.1362	F#4	66	41	
753	60.442	F4	65	62	738	61.2572	F4	65	40	
754	60.4593	G#3	56	53	739	61.2572	G#3	56	40	
755	60.5475	C#4	61	58	740	61.3781	C#4	61	40	
756	60.6436	F#4	66	63	741	61.4991	F#4	66	39	
757	60.7585	D4	62	64	742	61.6201	D4	62	39	
758	60.86	F4	65	60	743	61.741	F4	65	38	
759	60.8613	C4	60	59	744	61.741	C4	60	38	
760	60.9521	Eb4	63	64	745	61.862	Eb4	63	38	
761	61.1565	C#4	61	57	747	62.1039	C#4	61	37	
762	61.258	Eb5	75	68	749	62.2249	Eb5	75	36	
763	61.2713	C4	60	59	748	62.2249	C4	60	36	
764	61.3635	G#3	56	54	750	62.3459	G#3	56	36	
765	61.4783	Bb3	58	56	751	62.4668	Bb3	58	35	
766	61.5838	F#3	54	54	752	62.5878	F#3	54	35	
767	61.704	C6	84	55	754	62.7088	C6	84	34	
768	61.712	Bb3	58	47	753	62.7088	Bb3	58	34	
769	61.7988	G#3	56	54	755	62.8297	G#3	56	34	
770	61.9203	Eb3	51	53	756	62.9507	Eb3	51	33	
771	62.0285	F#3	54	51	757	63.0717	F#3	54	33	
772	62.1046	C#6	85	64	759	63.1926	C#6	85	33	
773	62.1434	F3	53	55	758	63.1926	F3	53	33	
774	62.2622	C#3	49	53	760	63.3136	C#3	49	33	
775	62.3878	F3	53	56	761	63.4346	F3	53	28	
776	62.4959	C3	48	60	762	63.5555	C3	48	28	
777	62.6054	Eb3	51	52	763	63.6765	Eb3	51	28	
778	62.6989	C#3	49	59	764	63.7975	C#3	49	28	
779	62.8084	F4	65	58	765	63.9184	F4	65	28	
780	62.9126	C4	60	47	766	64.0394	C4	60	28	
781	63.0168	Eb4	63	53	767	64.1604	Eb4	63	28	
782	63.1156	C#4	61	56	768	64.2813	C#4	61	28	
783	63.2184	F4	65	53	769	64.4023	F4	65	28	
784	63.3399	C4	60	43	770	64.5233	C4	60	28	
785	63.4655	Eb4	63	47	771	64.6442	Eb4	63	28	
786	63.5964	C#4	61	41	772	64.7652	C#4	61	28	
787	63.7553	F5	77	45	773	64.8862	F5	77	28	
788	63.9436	C5	72	39	774	65.0072	C5	72	28	
789	64.1452	Eb5	75	47	775	65.1281	Eb5	75	28	
790	64.4404	C#5	73	32	776	65.2491	C#5	73	28	
791	65.8146	C5	72	52	778	65.3701	C5	72	49	
792	65.8493	F2	41	35	779	65.3701	F2	41	49	
793	65.86	G#4	68	37	777	65.3701	G#4	68	49	
794	66.0656	Bb4	70	65	782	65.612	Bb4	70	49	
795	66.0843	E4	64	49	781	65.612	E4	64	49	
796	66.0843	G2	43	51	783	65.612	G2	43	49	
797	66.2753	G#4	68	61	786	65.8539	G#4	68	49	
798	66.298	G#2	44	60	787	65.8539	G#2	44	49	
799	66.306	G#3	56	51	788	65.8539	G#3	56	49	
800	66.3074	F4	65	61	785	65.8539	F4	65	49	
801	66.5023	E4	64	50	790	66.0959	E4	64	49	
802	66.5023	G4	67	63	791	66.0959	G4	67	49	
803	66.509	Bb2	46	52	792	66.0959	Bb2	46	49	
804	66.5357	Bb3	58	43	793	66.0959	Bb3	58	49	
805	66.5531	C#4	61	39	789	66.0959	C#4	61	49	
806	66.7507	D4	62	63	795	66.3378	D4	62	49	
807	66.7534	F4	65	71	796	66.3378	F4	65	49	
808	66.7628	B2	47	60	797	66.3378	B2	47	49	
809	66.7681	B3	59	59	798	66.3378	B3	59	49	
810	66.7788	G#3	56	51	794	66.3378	G#3	56	49	
811	66.9884	F4	65	65	801	66.5797	F4	65	49	
812	66.9938	G#3	56	46	799	66.5797	G#3	56	49	
813	66.9991	D4	62	48	800	66.5797	D4	62	49	
814	67.0125	B3	59	54	803	66.5797	B3	59	49	
815	67.0165	B2	47	50	802	66.5797	B2	47	49	
816	67.2716	E4	64	65	805	66.8217	E4	64	49	
817	67.2782	C3	48	63	806	66.8217	C3	48	49	
818	67.2863	C4	60	54	807	66.8217	C4	60	49	
819	67.2943	G3	55	60	804	66.8217	G3	55	49	
820	67.7937	G5	79	102	810	67.3055	G5	79	96	
821	67.8017	C5	72	102	808	67.3055	C5	72	96	
822	67.8058	C3	48	97	812	67.3055	C3	48	96	
823	67.8084	C2	36	95	811	67.3055	C2	36	96	
824	67.8111	E5	76	88	809	67.3055	E5	76	96	
825	68.0515	E5	76	92	815	67.5475	E5	76	96	
826	68.0515	C5	72	81	814	67.5475	C5	72	96	
827	68.0595	G4	67	87	813	67.5475	G4	67	96	
828	68.0675	E3	52	94	817	67.5475	E3	52	96	
829	68.0715	E2	40	83	816	67.5475	E2	40	96	
830	68.1263	F2	41	35	*	-1	*	-1	-1	
831	68.2678	C5	72	92	820	67.7894	C5	72	96	
832	68.2745	G4	67	85	819	67.7894	G4	67	96	
833	68.2785	E4	64	85	818	67.7894	E4	64	96	
834	68.2892	G3	55	87	822	67.7894	G3	55	96	
835	68.2932	G2	43	83	821	67.7894	G2	43	96	
836	68.4882	C5	72	91	825	68.0313	C5	72	96	
837	68.4935	G4	67	88	824	68.0313	G4	67	96	
838	68.4975	E4	64	82	823	68.0313	E4	64	96	
839	68.5109	C4	60	72	827	68.0313	C4	60	96	
840	68.5256	B2	47	59	*	-1	*	-1	-1	
841	68.5256	C3	48	70	826	68.0313	C3	48	96	
842	68.5376	B3	59	61	*	-1	*	-1	-1	
843	68.7272	C5	72	99	830	68.2733	C5	72	96	
844	68.7286	G2	43	94	831	68.2733	G2	43	96	
845	68.7299	G4	67	93	829	68.2733	G4	67	96	
846	68.7326	E4	64	88	828	68.2733	E4	64	96	
847	68.7326	G3	55	84	832	68.2733	G3	55	96	
848	68.9649	D5	74	100	835	68.5152	D5	74	96	
849	68.9703	G4	67	87	833	68.5152	G4	67	96	
850	68.9703	B4	71	84	834	68.5152	B4	71	96	
851	68.9716	G2	43	93	837	68.5152	G2	43	96	
852	68.9756	G1	31	87	836	68.5152	G1	31	96	
853	69.029	G#1	32	26	*	-1	*	-1	-1	
854	69.2868	E5	76	96	840	68.7571	E5	76	105	
855	69.2908	G4	67	89	838	68.7571	G4	67	105	
856	69.2935	C5	72	94	839	68.7571	C5	72	105	
857	69.2961	C3	48	100	842	68.7571	C3	48	105	
858	69.3042	C2	36	87	841	68.7571	C2	36	105	
859	69.3509	Eb2	39	45	*	-1	*	-1	-1	
860	69.3536	D5	74	52	*	-1	*	-1	-1	
861	70.0734	C5	72	58	844	69.241	C5	72	49	
862	70.0974	G#4	68	46	843	69.241	G#4	68	49	
863	70.1068	F2	41	44	845	69.241	F2	41	49	
864	70.1388	F3	53	30	846	69.241	F3	53	49	
865	70.4006	Bb4	70	61	848	69.491	Bb4	70	49	
866	70.4046	E4	64	52	847	69.491	E4	64	49	
867	70.4246	G2	43	48	849	69.491	G2	43	49	
868	70.4313	G3	55	42	850	69.491	G3	55	49	
869	70.7278	G#4	68	63	852	69.741	G#4	68	49	
870	70.7344	F4	65	51	851	69.741	F4	65	49	
871	70.7491	G#2	44	51	853	69.741	G#2	44	49	
872	70.7598	G#3	56	44	854	69.741	G#3	56	49	
873	71.095	G4	67	57	857	69.9953	G4	67	49	
874	71.111	Bb2	46	42	858	69.9953	Bb2	46	49	
875	71.115	E4	64	44	856	69.9953	E4	64	49	
876	71.1257	C#4	61	49	855	69.9953	C#4	61	49	
877	71.1324	Bb3	58	31	859	69.9953	Bb3	58	49	
878	71.5758	F4	65	56	862	70.2539	F4	65	49	
879	71.5918	G#3	56	42	860	70.2539	G#3	56	49	
880	71.5945	D4	62	49	861	70.2539	D4	62	49	
881	71.6118	B2	47	44	863	70.2539	B2	47	49	
882	71.6132	B3	59	40	864	70.2539	B3	59	49	
883	72.0552	F4	65	47	867	70.5125	F4	65	49	
884	72.0686	B2	47	43	868	70.5125	B2	47	49	
885	72.0752	B3	59	39	869	70.5125	B3	59	49	
886	72.0926	G#3	56	32	865	70.5125	G#3	56	49	
887	72.0953	D4	62	32	866	70.5125	D4	62	49	
888	72.7243	E4	64	38	871	70.7711	E4	64	49	
889	72.7323	C4	60	33	873	70.7711	C4	60	49	
890	72.735	C3	48	27	872	70.7711	C3	48	49	
891	72.7363	G3	55	33	870	70.7711	G3	55	49	
892	74.0451	G5	79	100	876	71.2884	G5	79	96	
893	74.0491	C5	72	97	874	71.2884	C5	72	96	
894	74.0544	C3	48	96	878	71.2884	C3	48	96	
895	74.0584	C2	36	91	877	71.2884	C2	36	96	
896	74.0598	E5	76	88	875	71.2884	E5	76	96	
897	74.2841	E5	76	87	881	71.5303	E5	76	96	
898	74.2868	E3	52	89	883	71.5303	E3	52	96	
899	74.2881	C5	72	81	880	71.5303	C5	72	96	
900	74.2895	G4	67	81	879	71.5303	G4	67	96	
901	74.2948	E2	40	78	882	71.5303	E2	40	96	
902	74.5085	C5	72	90	886	71.7722	C5	72	96	
903	74.5312	E4	64	80	884	71.7722	E4	64	96	
904	74.5352	G4	67	79	885	71.7722	G4	67	96	
905	74.5379	G3	55	88	888	71.7722	G3	55	96	
906	74.5419	G2	43	82	887	71.7722	G2	43	96	
907	74.7355	G4	67	82	890	72.0142	G4	67	96	
908	74.7355	C5	72	93	891	72.0142	C5	72	96	
909	74.7435	C3	48	85	892	72.0142	C3	48	96	
910	74.7435	E4	64	85	889	72.0142	E4	64	96	
911	74.7475	C4	60	86	893	72.0142	C4	60	96	
912	74.9545	C5	72	91	896	72.2561	C5	72	96	
913	74.9545	G2	43	89	897	72.2561	G2	43	96	
914	74.9572	G4	67	90	895	72.2561	G4	67	96	
915	74.9585	G3	55	82	898	72.2561	G3	55	96	
916	74.9585	E4	64	85	894	72.2561	E4	64	96	
917	75.1775	D5	74	97	901	72.498	D5	74	96	
918	75.1829	G4	67	87	899	72.498	G4	67	96	
919	75.1829	B4	71	79	900	72.498	B4	71	96	
920	75.1869	G2	43	83	903	72.498	G2	43	96	
921	75.1882	G1	31	79	902	72.498	G1	31	96	
922	75.4526	E5	76	99	906	72.74	E5	76	105	
923	75.4553	C3	48	91	908	72.74	C3	48	105	
924	75.4553	G4	67	95	904	72.74	G4	67	105	
925	75.4567	C5	72	94	905	72.74	C5	72	105	
926	75.4607	C2	36	88	907	72.74	C2	36	105	
927	75.5395	D5	74	35	*	-1	*	-1	-1	
928	75.9334	G5	79	79	910	73.2238	G5	79	96	
929	75.9334	E5	76	68	909	73.2238	E5	76	96	
930	75.9481	C2	36	68	911	73.2238	C2	36	96	
931	75.9575	C3	48	48	912	73.2238	C3	48	96	
932	76.1725	G5	79	72	914	73.4658	G5	79	96	
933	76.1765	D5	74	69	913	73.4658	D5	74	96	
934	76.1845	B1	35	61	915	73.4658	B1	35	96	
935	76.1858	B2	47	59	916	73.4658	B2	47	96	
936	76.4209	C3	48	69	920	73.7077	C3	48	96	
937	76.4222	G5	79	80	917	73.7077	G5	79	96	
938	76.4275	E5	76	63	918	73.7077	E5	76	96	
939	76.4289	C2	36	61	919	73.7077	C2	36	96	
940	76.6706	G#5	80	75	921	73.9496	G#5	80	96	
941	76.8923	G#5	80	81	922	74.1916	G#5	80	96	
942	77.1126	G#5	80	80	923	74.4335	G#5	80	96	
943	77.1153	C#2	37	83	925	74.4335	C#2	37	105	
944	77.1153	C#3	49	85	926	74.4335	C#3	49	105	
945	77.118	F5	77	78	924	74.4335	F5	77	96	
946	77.3437	G#5	80	90	927	74.6754	G#5	80	96	
947	77.5827	F5	77	85	930	74.9174	F5	77	96	
948	77.5841	Bb5	82	88	929	74.9174	Bb5	82	96	
949	77.5854	D3	50	87	932	74.9174	D3	50	105	
950	77.5907	D2	38	85	931	74.9174	D2	38	105	
951	77.8178	Bb5	82	87	933	75.1593	Bb5	82	96	
952	78.0208	Eb3	51	95	937	75.4013	Eb3	51	105	
953	78.0234	Eb2	39	91	936	75.4013	Eb2	39	105	
954	78.0234	Eb5	75	90	935	75.4013	Eb5	75	96	
955	78.0234	Bb5	82	86	934	75.4013	Bb5	82	96	
956	78.0435	G5	79	65	*	-1	*	-1	-1	
957	78.2438	Eb5	75	63	*	-1	*	-1	-1	
958	78.2438	Bb5	82	92	938	75.6432	Bb5	82	96	
959	78.2518	G5	79	81	939	75.6432	G5	79	96	
960	78.4628	C6	84	94	940	75.8851	C6	84	96	
961	78.4815	G#5	80	74	941	75.8851	G#5	80	96	
962	78.4815	Bb1	34	79	942	75.8851	G#1	32	96	
963	78.4815	G#2	44	92	943	75.8851	G#2	44	96	
964	78.4962	A1	33	73	*	-1	*	-1	-1	
965	78.5256	A2	45	66	*	-1	*	-1	-1	
966	78.7045	C#6	85	95	944	76.1271	C#6	85	96	
967	78.7085	F5	77	82	945	76.1271	F5	77	96	
968	78.7099	Bb5	82	89	946	76.1271	Bb5	82	96	
969	78.7179	C#3	49	90	948	76.1271	C#3	49	96	
970	78.7205	C#2	37	87	947	76.1271	C#2	37	96	
971	78.9289	Eb3	51	95	953	76.369	Eb3	51	96	
972	78.9302	Bb5	82	97	949	76.369	Bb5	82	96	
973	78.9315	Eb2	39	90	952	76.369	Eb2	39	96	
974	78.9342	C#5	73	86	950	76.369	C#5	73	96	
975	78.9556	C#3	49	60	*	-1	*	-1	-1	
976	79.2133	G#3	56	95	957	76.6109	G#3	56	105	
977	79.2147	G#2	44	94	956	76.6109	G#2	44	105	
978	79.2173	G#5	80	91	954	76.6109	G#5	80	105	
979	79.2173	C5	72	90	955	76.6109	C5	72	105	
980	79.7729	G#4	68	69	958	77.0948	G#4	68	49	
981	80.0413	G#3	56	44	960	77.3367	G#3	56	49	
982	80.0654	C4	60	31	961	77.3367	C4	60	49	
983	80.0667	G#4	68	64	959	77.3367	G#4	68	49	
984	80.3592	Bb3	58	38	963	77.5787	Bb3	58	49	
985	80.3605	G4	67	61	962	77.5787	G4	67	49	
986	80.3925	C#4	61	31	964	77.5787	C#4	61	49	
987	80.4713	F4	65	60	965	77.6996	F4	65	49	
988	80.5915	Eb4	63	58	966	77.8206	Eb4	63	49	
989	80.8226	G#4	68	50	967	78.0625	G#4	68	49	
990	80.8266	C5	72	60	968	78.0625	C5	72	49	
991	81.0389	C5	72	62	970	78.3045	C5	72	49	
992	81.063	G#4	68	57	969	78.3045	G#4	68	49	
993	81.0683	G#3	56	42	971	78.3045	G#3	56	49	
994	81.0763	C4	60	40	972	78.3045	C4	60	49	
995	81.2927	Bb4	70	68	974	78.5464	Bb4	70	49	
996	81.3127	Bb3	58	45	975	78.5464	Bb3	58	49	
997	81.33	G4	67	44	973	78.5464	G4	67	49	
998	81.3327	C#4	61	38	976	78.5464	C#4	61	49	
999	81.3861	F4	65	62	977	78.6674	F4	65	49	
1000	81.3968	G#4	68	70	978	78.6674	G#4	68	49	
1001	81.525	G4	67	67	980	78.7883	G4	67	49	
1002	81.533	Eb4	63	60	979	78.7883	Eb4	63	49	
1003	81.7494	Eb5	75	64	982	79.0303	Eb5	75	49	
1004	81.7534	C5	72	62	981	79.0303	C5	72	49	
1005	81.9818	G#1	32	58	985	79.2722	G#1	32	49	
1006	81.9924	Eb5	75	68	984	79.2722	Eb5	75	49	
1007	82.0098	G#2	44	40	986	79.2722	G#2	44	49	
1008	82.0245	C5	72	51	983	79.2722	C5	72	49	
1009	82.2101	Bb1	34	55	989	79.5141	Bb1	34	49	
1010	82.2195	C#5	73	71	988	79.5141	C#5	73	49	
1011	82.2261	Bb2	46	47	990	79.5141	Bb2	46	49	
1012	82.2462	Bb4	70	58	987	79.5141	Bb4	70	49	
1013	82.4425	C5	72	63	992	79.7561	C5	72	49	
1014	82.4452	C3	48	56	994	79.7561	C3	48	49	
1015	82.4572	C2	36	55	993	79.7561	C2	36	49	
1016	82.4585	G#4	68	54	991	79.7561	G#4	68	49	
1017	82.6815	C#2	37	65	997	79.998	C#2	37	49	
1018	82.6855	C#3	49	64	998	79.998	C#3	49	49	
1019	82.6855	Bb4	70	71	996	79.998	Bb4	70	49	
1020	82.6909	G4	67	63	995	79.998	G4	67	49	
1021	82.8405	Eb2	39	16	*	-1	*	-1	-1	
1022	82.9059	C5	72	74	1000	80.24	C5	72	49	
1023	82.9152	D3	50	74	1002	80.24	D3	50	49	
1024	82.9179	D2	38	73	1001	80.24	D2	38	49	
1025	82.9179	G#4	68	75	999	80.24	G#4	68	49	
1026	83.1449	Eb2	39	65	1005	80.4819	Eb2	39	49	
1027	83.1449	Bb4	70	71	1004	80.4819	Bb4	70	49	
1028	83.1463	G4	67	72	1003	80.4819	G4	67	49	
1029	83.157	Eb3	51	70	1006	80.4819	Eb3	51	49	
1030	83.3626	C5	72	72	1008	80.7238	C5	72	49	
1031	83.3653	E2	40	73	1009	80.7238	E2	40	49	
1032	83.3666	G4	67	71	1007	80.7238	G4	67	49	
1033	83.368	E3	52	74	1010	80.7238	E3	52	49	
1034	83.579	F4	65	73	1011	80.9658	F4	65	49	
1035	83.5843	F3	53	79	1013	80.9658	F3	53	49	
1036	83.5857	F2	41	75	1012	80.9658	F2	41	49	
1037	83.8194	G#3	56	65	1016	81.2077	G#3	56	49	
1038	83.8234	F4	65	77	1014	81.2077	F4	65	49	
1039	83.8367	F3	53	38	1015	81.2077	F3	53	49	
1040	84.0985	E4	64	67	1017	81.4496	E4	64	49	
1041	84.1092	G3	55	47	1018	81.4496	G3	55	49	
1042	84.1305	Bb3	58	45	1019	81.4496	Bb3	58	49	
1043	84.1866	D4	62	72	1020	81.5706	D4	62	49	
1044	84.2988	C4	60	61	1021	81.6916	C4	60	49	
1045	84.5272	G#4	68	64	1023	81.9335	G#4	68	49	
1046	84.5405	F4	65	52	1022	81.9335	F4	65	49	
1047	84.7769	G#3	56	53	1027	82.1754	G#3	56	49	
1048	84.7796	G#4	68	76	1025	82.1754	G#4	68	49	
1049	84.7889	F3	53	50	1026	82.1754	F3	53	49	
1050	84.7956	F4	65	64	1024	82.1754	F4	65	49	
1051	85.032	E4	64	65	1028	82.4174	E4	64	49	
1052	85.0333	G4	67	65	1029	82.4174	G4	67	49	
1053	85.0467	G3	55	56	1030	82.4174	G3	55	49	
1054	85.0467	Bb3	58	48	1031	82.4174	Bb3	58	49	
1055	85.1335	F4	65	73	1033	82.5383	F4	65	49	
1056	85.1749	D4	62	48	1032	82.5383	D4	62	49	
1057	85.247	E4	64	65	1035	82.6593	E4	64	49	
1058	85.255	C4	60	66	1034	82.6593	C4	60	49	
1059	85.4727	C5	72	71	1037	82.9012	C5	72	49	
1060	85.478	G#4	68	62	1036	82.9012	G#4	68	49	
1061	85.701	C5	72	63	1039	83.1432	C5	72	49	
1062	85.7131	F2	41	52	1040	83.1432	F2	41	49	
1063	85.7264	F3	53	45	1041	83.1432	F3	53	49	
1064	85.7264	G#4	68	57	1038	83.1432	G#4	68	49	
1065	85.9574	Bb4	70	63	1043	83.3851	Bb4	70	49	
1066	85.9601	G2	43	45	1044	83.3851	G2	43	49	
1067	85.9695	G4	67	55	1042	83.3851	G4	67	49	
1068	86.0095	G3	55	3	1045	83.3851	G3	55	49	
1069	86.1845	G#4	68	67	1047	83.627	G#4	68	49	
1070	86.1965	G#2	44	56	1048	83.627	G#2	44	49	
1071	86.2005	F4	65	54	1046	83.627	F4	65	49	
1072	86.2285	G#3	56	46	1049	83.627	G#3	56	49	
1073	86.4382	G4	67	59	1051	83.869	G4	67	49	
1074	86.4542	E4	64	51	1050	83.869	E4	64	49	
1075	86.4556	Bb2	46	42	1052	83.869	Bb2	46	49	
1076	86.4623	Bb3	58	46	1053	83.869	Bb3	58	49	
1077	86.7213	B2	47	44	1056	84.1109	B2	47	49	
1078	86.7213	G#4	68	62	1055	84.1109	G#4	68	49	
1079	86.724	B3	59	50	1057	84.1109	B3	59	49	
1080	86.7374	F4	65	44	1054	84.1109	F4	65	49	
1081	87.0298	C3	48	48	1060	84.3528	C3	48	49	
1082	87.0298	G4	67	47	1059	84.3528	G4	67	49	
1083	87.0365	E4	64	44	1058	84.3528	E4	64	49	
1084	87.0445	C4	60	33	1061	84.3528	C4	60	49	
1085	87.5667	C5	72	58	1062	84.8367	C5	72	49	
1086	87.5707	G#3	56	49	1065	84.8367	G#3	56	49	
1087	87.572	F4	65	33	1063	84.8367	F4	65	49	
1088	87.576	G#2	44	49	1064	84.8367	G#2	44	49	
1089	87.8939	C5	72	77	1066	85.0826	C5	72	49	
1090	88.1717	D5	74	75	1067	85.3285	D5	74	49	
1091	88.1984	G2	43	55	1069	85.3285	G2	43	49	
1092	88.2077	Bb2	46	54	1068	85.3285	Bb2	46	49	
1093	88.5763	G5	79	70	1070	85.5744	G5	79	49	
1094	88.5803	Bb3	58	52	1071	85.5744	Bb3	58	49	
1095	88.9462	F5	77	54	1072	85.8203	F5	77	49	
1096	88.9676	G#3	56	42	1073	85.8203	G#3	56	49	
1097	88.9796	C3	48	34	1074	85.8203	C3	48	49	
1098	89.4403	E5	76	48	1075	86.0662	E5	76	49	
1099	89.451	G3	55	34	1076	86.0662	G3	55	49	
1100	89.8704	G#4	68	96	1077	86.3121	G#4	68	112	
1101	89.8717	F5	77	97	1078	86.3121	F5	77	112	
1102	89.8811	C#3	49	91	1079	86.3121	C#3	49	112	
1103	89.8811	F3	53	88	1080	86.3121	F3	53	112	
1104	90.1615	G5	79	94	1082	86.5541	G5	79	112	
1105	90.1642	C#5	73	93	1081	86.5541	C#5	73	112	
1106	90.1655	Bb2	46	101	1083	86.5541	Bb2	46	112	
1107	90.1722	F3	53	93	1084	86.5541	F3	53	112	
1108	91.3955	G#5	80	102	1087	87.7637	G#5	80	112	
1109	91.3995	C5	72	87	1085	87.7637	C5	72	112	
1110	91.4075	C3	48	91	1088	87.7637	C3	48	112	
1111	91.4102	F3	53	87	1089	87.7637	F3	53	112	
1112	91.6345	C6	84	94	1092	88.0057	C6	84	112	
1113	91.6425	E3	52	87	1094	88.0057	E3	52	112	
1114	91.6425	C5	72	83	1090	88.0057	C5	72	112	
1115	91.6465	G5	79	83	1091	88.0057	G5	79	112	
1116	91.6479	C3	48	77	1093	88.0057	C3	48	112	
1117	91.8575	F5	77	95	1095	88.2476	F5	77	112	
1118	91.8656	F3	53	86	1097	88.2476	F3	53	112	
1119	91.8669	F2	41	85	1096	88.2476	F2	41	112	
1120	92.1514	G5	79	99	1099	88.4895	G5	79	112	
1121	92.154	E5	76	97	1098	88.4895	E5	76	112	
1122	92.1567	C3	48	96	1101	88.4895	C3	48	112	
1123	92.1594	C2	36	89	1100	88.4895	C2	36	112	
1124	92.2435	C#2	37	41	*	-1	*	-1	-1	
1125	92.7096	G5	79	90	1103	88.9734	G5	79	112	
1126	92.7109	B1	35	79	1104	88.9734	B1	35	112	
1127	92.7136	B2	47	78	1105	88.9734	B2	47	112	
1128	92.7149	D5	74	84	1102	88.9734	D5	74	112	
1129	92.9513	G5	79	94	1106	89.2153	G5	79	96	
1130	92.954	C3	48	86	1109	89.2153	C3	48	96	
1131	92.9553	E5	76	81	1107	89.2153	E5	76	96	
1132	92.9606	C2	36	82	1108	89.2153	C2	36	96	
1133	93.2224	G#5	80	76	1110	89.4573	G#5	80	96	
1134	93.4414	G#5	80	86	1111	89.6992	G#5	80	96	
1135	93.6765	G#5	80	89	1112	89.9412	G#5	80	96	
1136	93.6791	C#3	49	91	1115	89.9412	C#3	49	105	
1137	93.6805	C#2	37	89	1114	89.9412	C#2	37	105	
1138	93.6818	F5	77	80	1113	89.9412	F5	77	96	
1139	93.9155	G#5	80	92	1116	90.1831	G#5	80	96	
1140	94.1252	F5	77	91	1119	90.425	F5	77	96	
1141	94.1305	Bb5	82	94	1118	90.425	Bb5	82	96	
1142	94.1359	D3	50	95	1121	90.425	D3	50	105	
1143	94.1425	D2	38	87	1120	90.425	D2	38	105	
1144	94.1639	G#5	80	44	*	-1	*	-1	-1	
1145	94.1866	Eb2	39	45	*	-1	*	-1	-1	
1146	94.2106	A2	45	20	*	-1	*	-1	-1	
1147	94.3562	Bb5	82	91	1122	90.667	Bb5	82	96	
1148	94.5846	Bb5	82	88	1123	90.9089	Bb5	82	96	
1149	94.5846	Eb5	75	93	1124	90.9089	Eb5	75	96	
1150	94.5926	Eb3	51	90	1126	90.9089	Eb3	51	105	
1151	94.5953	Eb2	39	86	1125	90.9089	Eb2	39	105	
1152	94.5993	G5	79	73	*	-1	*	-1	-1	
1153	94.8156	Bb5	82	97	1127	91.1508	Bb5	82	96	
1154	94.8236	G5	79	90	1128	91.1508	G5	79	96	
1155	95.032	C6	84	99	1129	91.3928	C6	84	96	
1156	95.0373	G#1	32	85	1131	91.3928	G#1	32	96	
1157	95.0413	G#2	44	92	1132	91.3928	G#2	44	96	
1158	95.0453	G#5	80	84	1130	91.3928	G#5	80	96	
1159	95.2657	C#6	85	104	1133	91.6347	C#6	85	96	
1160	95.2697	F5	77	88	1134	91.6347	F5	77	96	
1161	95.2723	Bb5	82	98	1135	91.6347	Bb5	82	96	
1162	95.279	C#3	49	97	1137	91.6347	C#3	49	96	
1163	95.2804	C#2	37	92	1136	91.6347	C#2	37	96	
1164	95.5354	Bb5	82	96	1138	91.8766	Bb5	82	96	
1165	95.5354	C#5	73	92	1139	91.8766	C#5	73	96	
1166	95.5421	Eb2	39	92	1141	91.8766	Eb2	39	96	
1167	95.5421	Eb3	51	97	1142	91.8766	Eb3	51	96	
1168	95.5648	G5	79	60	1140	91.8766	G5	79	96	
1169	95.8466	G#5	80	94	1143	92.1186	G#5	80	105	
1170	95.8479	C5	72	93	1144	92.1186	C5	72	105	
1171	95.8506	G#3	56	97	1146	92.1186	G#3	56	105	
1172	95.8506	G#2	44	97	1145	92.1186	G#2	44	105	
1173	96.4823	G#4	68	56	1147	92.6024	G#4	68	49	
1174	96.8108	G#4	68	60	1148	92.8444	G#4	68	49	
1175	96.8188	C4	60	29	1150	92.8444	C4	60	49	
1176	96.8201	G#3	56	34	1149	92.8444	G#3	56	49	
1177	97.1046	Bb3	58	43	1152	93.0863	Bb3	58	49	
1178	97.1113	G4	67	56	1151	93.0863	G4	67	49	
1179	97.1246	C#4	61	30	1153	93.0863	C#4	61	49	
1180	97.2061	F4	65	58	1154	93.2073	F4	65	49	
1181	97.345	Eb4	63	49	1155	93.3282	Eb4	63	49	
1182	97.5894	C5	72	59	1157	93.5702	C5	72	49	
1183	97.5974	G#4	68	52	1156	93.5702	G#4	68	49	
1184	97.8298	C5	72	71	1159	93.8121	C5	72	49	
1185	97.8404	G#3	56	43	1160	93.8121	G#3	56	49	
1186	97.8445	G#4	68	64	1158	93.8121	G#4	68	49	
1187	97.8565	C4	60	36	1161	93.8121	C4	60	49	
1188	98.0902	Bb4	70	65	1163	94.054	Bb4	70	49	
1189	98.1209	Bb3	58	39	1164	94.054	Bb3	58	49	
1190	98.1222	G4	67	50	1162	94.054	G4	67	49	
1191	98.1409	C#4	61	41	1165	94.054	C#4	61	49	
1192	98.193	F4	65	63	1166	94.175	F4	65	49	
1193	98.2037	G#4	68	62	1167	94.175	G#4	68	49	
1194	98.3145	G4	67	67	1169	94.296	G4	67	49	
1195	98.3226	Eb4	63	61	1168	94.296	Eb4	63	49	
1196	98.5456	Eb5	75	65	1171	94.5379	Eb5	75	49	
1197	98.5589	C5	72	53	1170	94.5379	C5	72	49	
1198	98.7619	G#1	32	48	1174	94.7799	G#1	32	49	
1199	98.7726	Eb5	75	61	1173	94.7799	Eb5	75	49	
1200	98.7873	C5	72	36	1172	94.7799	C5	72	49	
1201	98.8033	G#2	44	44	1175	94.7799	G#2	44	49	
1202	98.9996	C#5	73	63	1177	95.0218	C#5	73	49	
1203	99.0183	Bb1	34	51	1178	95.0218	Bb1	34	49	
1204	99.0183	Bb2	46	46	1179	95.0218	Bb2	46	49	
1205	99.029	Bb4	70	47	1176	95.0218	Bb4	70	49	
1206	99.2347	G#4	68	55	1180	95.2637	G#4	68	49	
1207	99.2373	C3	48	54	1183	95.2637	C3	48	49	
1208	99.2387	C5	72	59	1181	95.2637	C5	72	49	
1209	99.2507	C2	36	57	1182	95.2637	C2	36	49	
1210	99.4684	Bb4	70	60	1185	95.5057	Bb4	70	49	
1211	99.4764	C#3	49	58	1187	95.5057	C#3	49	49	
1212	99.4804	G4	67	54	1184	95.5057	G4	67	49	
1213	99.4844	C#2	37	63	1186	95.5057	C#2	37	49	
1214	99.7074	D3	50	56	1191	95.7476	D3	50	49	
1215	99.7221	C5	72	68	1189	95.7476	C5	72	49	
1216	99.7235	D2	38	62	1190	95.7476	D2	38	49	
1217	99.7315	G#4	68	57	1188	95.7476	G#4	68	49	
1218	99.7675	Eb2	39	3	*	-1	*	-1	-1	
1219	99.9345	Eb2	39	59	1194	95.9895	Eb2	39	49	
1220	99.9371	Eb3	51	65	1195	95.9895	Eb3	51	49	
1221	99.9585	Bb4	70	64	1193	95.9895	Bb4	70	49	
1222	99.9625	G4	67	62	1192	95.9895	G4	67	49	
1223	100.164	C5	72	74	1197	96.2315	C5	72	49	
1224	100.176	E2	40	75	1198	96.2315	E2	40	49	
1225	100.176	E3	52	77	1199	96.2315	E3	52	49	
1226	100.186	G4	67	66	1196	96.2315	G4	67	49	
1227	100.383	F4	65	79	1200	96.4734	F4	65	49	
1228	100.398	F2	41	74	1201	96.4734	F2	41	49	
1229	100.399	F3	53	75	1202	96.4734	F3	53	49	
1230	100.618	F4	65	74	1203	96.7153	F4	65	49	
1231	100.632	F3	53	55	1204	96.7153	F3	53	49	
1232	100.638	G#3	56	56	1205	96.7153	G#3	56	49	
1233	100.901	G3	55	48	1207	96.9573	G3	55	49	
1234	100.913	E4	64	63	1206	96.9573	E4	64	49	
1235	100.96	Bb3	58	44	1208	96.9573	Bb3	58	49	
1236	101.003	D4	62	65	1209	97.0782	D4	62	49	
1237	101.116	C4	60	61	1210	97.1992	C4	60	49	
1238	101.325	G#4	68	61	1212	97.4411	G#4	68	49	
1239	101.335	F4	65	58	1211	97.4411	F4	65	49	
1240	101.568	G#4	68	68	1214	97.6831	G#4	68	49	
1241	101.581	G#3	56	48	1216	97.6831	G#3	56	49	
1242	101.585	F4	65	57	1213	97.6831	F4	65	49	
1243	101.586	F3	53	44	1215	97.6831	F3	53	49	
1244	101.828	G4	67	63	1218	97.925	G4	67	49	
1245	101.833	G3	55	49	1219	97.925	G3	55	49	
1246	101.842	E4	64	53	1217	97.925	E4	64	49	
1247	101.862	Bb3	58	37	1220	97.925	Bb3	58	49	
1248	101.918	F4	65	64	1222	98.046	F4	65	49	
1249	101.966	D4	62	42	1221	98.046	D4	62	49	
1250	102.045	E4	64	62	1224	98.1669	E4	64	49	
1251	102.057	C4	60	59	1223	98.1669	C4	60	49	
1252	102.268	C5	72	65	1226	98.4089	C5	72	49	
1253	102.289	G#4	68	46	1225	98.4089	G#4	68	49	
1254	102.499	C5	72	62	1228	98.6508	C5	72	49	
1255	102.503	F2	41	46	1229	98.6508	F2	41	49	
1256	102.503	G#4	68	39	1227	98.6508	G#4	68	49	
1257	102.539	F3	53	32	1230	98.6508	F3	53	49	
1258	102.764	Bb4	70	59	1232	98.8927	Bb4	70	49	
1259	102.776	G4	67	55	1231	98.8927	G4	67	49	
1260	102.778	G2	43	51	1233	98.8927	G2	43	49	
1261	102.795	G3	55	34	1234	98.8927	G3	55	49	
1262	102.987	G#4	68	66	1236	99.1347	G#4	68	49	
1263	102.998	F4	65	56	1235	99.1347	F4	65	49	
1264	103.005	G#2	44	61	1237	99.1347	G#2	44	49	
1265	103.018	G#3	56	44	1238	99.1347	G#3	56	49	
1266	103.242	G4	67	63	1240	99.3766	G4	67	49	
1267	103.248	Bb2	46	52	1241	99.3766	Bb2	46	49	
1268	103.25	E4	64	49	1239	99.3766	E4	64	49	
1269	103.273	Bb3	58	38	1242	99.3766	Bb3	58	49	
1270	103.488	G#4	68	55	1244	99.6186	G#4	68	49	
1271	103.523	F4	65	45	1243	99.6186	F4	65	49	
1272	103.538	B2	47	43	1245	99.6186	B2	47	49	
1273	103.543	B3	59	37	1246	99.6186	B3	59	49	
1274	103.787	G4	67	49	1248	99.8605	G4	67	49	
1275	103.818	C4	60	39	1250	99.8605	C4	60	49	
1276	103.819	C3	48	39	1249	99.8605	C3	48	49	
1277	103.821	E4	64	38	1247	99.8605	E4	64	49	
1278	104.416	C5	72	52	1251	100.344	C5	72	49	
1279	104.427	F4	65	38	1252	100.344	F4	65	49	
1280	104.431	G#3	56	34	1254	100.344	G#3	56	49	
1281	104.438	G#2	44	42	1253	100.344	G#2	44	49	
1282	104.784	C5	72	65	1255	100.59	C5	72	49	
1283	105.1	D5	74	60	1256	100.836	D5	74	49	
1284	105.12	G2	43	37	1258	100.836	G2	43	49	
1285	105.129	Bb2	46	39	1257	100.836	Bb2	46	49	
1286	105.495	G5	79	62	1259	101.082	G5	79	49	
1287	105.503	Bb3	58	45	1260	101.082	Bb3	58	49	
1288	105.972	F5	77	49	1261	101.328	F5	77	49	
1289	105.979	C3	48	30	1263	101.328	C3	48	49	
1290	105.985	G#3	56	35	1262	101.328	G#3	56	49	
1291	106.488	G3	55	41	1265	101.574	G3	55	49	
1292	106.509	E5	76	44	1264	101.574	E5	76	49	
1293	107.078	G#4	68	100	1266	101.82	G#4	68	112	
1294	107.078	F5	77	99	1267	101.82	F5	77	112	
1295	107.079	F3	53	90	1269	101.82	F3	53	112	
1296	107.081	C#3	49	94	1268	101.82	C#3	49	112	
1297	107.33	C#5	73	97	1270	102.062	C#5	73	112	
1298	107.334	G5	79	100	1271	102.062	G5	79	112	
1299	107.334	Bb2	46	104	1272	102.062	Bb2	46	112	
1300	107.338	F3	53	92	1273	102.062	F3	53	112	
1301	108.477	C5	72	90	1274	103.271	C5	72	112	
1302	108.479	G#5	80	96	1276	103.271	G#5	80	112	
1303	108.489	C3	48	93	1277	103.271	C3	48	112	
1304	108.493	F3	53	86	1278	103.271	F3	53	112	
1305	108.506	F5	77	58	1275	103.271	F5	77	112	
1306	108.507	F#5	78	69	*	-1	*	-1	-1	
1307	108.717	C6	84	88	1281	103.513	C6	84	112	
1308	108.719	E3	52	89	1283	103.513	E3	52	112	
1309	108.719	C5	72	86	1279	103.513	C5	72	112	
1310	108.721	C3	48	84	1282	103.513	C3	48	112	
1311	108.733	G5	79	73	1280	103.513	G5	79	112	
1312	108.98	G#4	68	92	1284	103.755	G#4	68	112	
1313	108.98	F5	77	92	1286	103.755	F5	77	112	
1314	108.985	F3	53	91	1288	103.755	F3	53	112	
1315	108.986	C5	72	84	1285	103.755	C5	72	112	
1316	108.988	F2	41	92	1287	103.755	F2	41	112	
1317	109.456	G#4	68	95	1289	104.239	G#4	68	119	
1318	109.456	F5	77	96	1291	104.239	F5	77	119	
1319	109.46	C5	72	96	1290	104.239	C5	72	119	
1320	109.464	F3	53	94	1294	104.239	F3	53	119	
1321	109.464	F2	41	88	1292	104.239	F2	41	119	
1322	109.467	C3	48	81	1293	104.239	C3	48	119	
1323	110.429	G4	67	88	1295	105.207	G4	67	119	
1324	110.429	G5	79	99	1297	105.207	G5	79	119	
1325	110.431	C5	72	99	1296	105.207	C5	72	119	
1326	110.437	E3	52	94	1300	105.207	E3	52	119	
1327	110.438	C3	48	87	1299	105.207	C3	48	119	
1328	110.442	E2	40	88	1298	105.207	E2	40	119	
1329	111.429	G#5	80	98	1304	106.175	G#5	80	119	
1330	111.432	C3	48	86	*	-1	*	-1	-1	
1331	111.432	G#4	68	96	1301	106.175	G#4	68	119	
1332	111.433	F2	41	87	1305	106.175	F2	41	119	
1333	111.433	F3	53	90	1306	106.175	F3	53	119	
1334	111.437	F5	77	89	1303	106.175	F5	77	119	
1335	111.441	C5	72	92	1302	106.175	C5	72	119	
1336	112.512	C#5	73	95	1307	107.142	C#5	73	119	
1337	112.512	C#6	85	99	1310	107.142	C#6	85	119	
1338	112.523	Bb1	34	94	1311	107.142	Bb1	34	119	
1339	112.523	Bb2	46	95	1312	107.142	Bb2	46	119	
1340	112.525	Bb5	82	94	1309	107.142	Bb5	82	119	
1341	112.531	F5	77	88	1308	107.142	F5	77	119	
1342	113.725	C6	84	89	1316	108.11	C6	84	112	
1343	113.731	C5	72	86	1313	108.11	C5	72	112	
1344	113.733	C3	48	81	1318	108.11	C3	48	112	
1345	113.733	G#5	80	86	1315	108.11	G#5	80	112	
1346	113.734	C2	36	83	1317	108.11	C2	36	112	
1347	113.737	F5	77	80	1314	108.11	F5	77	112	
1348	114.954	C6	84	82	1322	109.078	C6	84	70	
1349	114.971	C5	72	66	1319	109.078	C5	72	70	
1350	114.976	G5	79	67	1321	109.078	G5	79	70	
1351	114.983	E5	76	55	1320	109.078	E5	76	70	
1352	114.999	C3	48	45	1324	109.078	C3	48	70	
1353	115	C2	36	46	1323	109.078	C2	36	70	
1354	115.682	C6	84	80	1328	109.562	C6	84	49	
1355	115.694	F1	29	56	1329	109.562	F1	29	49	
1356	115.713	C5	72	61	1325	109.562	C5	72	49	
1357	115.722	A5	81	67	1327	109.562	A5	81	49	
1358	115.729	F5	77	47	1326	109.562	F5	77	49	
1359	116.056	C2	36	50	1330	109.687	C2	36	49	
1360	116.297	A1	33	41	1331	109.812	A1	33	49	
1361	116.462	F2	41	43	1332	109.937	F2	41	49	
1362	116.667	C2	36	47	1333	110.062	C2	36	49	
1363	116.854	A2	45	46	1334	110.187	A2	45	49	
1364	117.03	F2	41	48	1335	110.312	F2	41	49	
1365	117.221	C3	48	44	1336	110.437	C3	48	49	
1366	117.45	A2	45	49	1337	110.562	A2	45	49	
1367	117.68	F3	53	44	1338	110.687	F3	53	49	
1368	117.923	C3	48	41	1339	110.812	C3	48	49	
1369	118.194	A3	57	42	1340	110.937	A3	57	49	
1370	118.57	F3	53	37	1341	111.062	F3	53	49	
1371	118.96	C4	60	32	1342	111.187	C4	60	49	
1372	119.439	A3	57	38	1343	111.312	A3	57	49	
1373	120.362	F4	65	36	1344	111.437	F4	65	49	
*	-1	*	-1	-1	8	0.48387	F4	65	49	
*	-1	*	-1	-1	13	0.725805	E4	64	49	
*	-1	*	-1	-1	151	9.19353	G#5	80	96	
*	-1	*	-1	-1	174	10.8871	G5	79	96	
*	-1	*	-1	-1	268	17.9032	G3	55	49	
*	-1	*	-1	-1	309	22.2818	F5	77	112	
*	-1	*	-1	-1	340	24.7012	G#5	80	96	
*	-1	*	-1	-1	394	29.056	Eb5	75	49	
*	-1	*	-1	-1	428	31.2334	G#3	56	49	
*	-1	*	-1	-1	692	56.5394	G5	79	49	
*	-1	*	-1	-1	746	61.983	B3	59	37	
*	-1	*	-1	-1	780	65.3701	F3	53	49	
*	-1	*	-1	-1	784	65.612	G3	55	49	
*	-1	*	-1	-1	928	74.6754	G#5	80	96	
*	-1	*	-1	-1	951	76.369	G5	79	96	
*	-1	*	-1	-1	1086	87.7637	F5	77	112	
*	-1	*	-1	-1	1117	90.1831	G#5	80	96	
