//Version: ScorePerfmMatch_v170104
// Score: ./score_hmm.txt
// Perfm: ./infer_spr.txt
// fmt3x: ./score_fmt3x.txt
0	3.51389	3.56945	F2	40	53	0	0	0	P1-1-2	0	0
1	3.5203	3.77992	G#4	41	38	0	0	0	P1-1-0	0	-
2	3.52671	3.82265	C5	47	38	0	0	0	P1-1-1	0	-
3	3.54594	3.59616	F3	34	54	0	0	0	P1-1-3	0	-
4	3.76176	4.02671	Bb4	56	59	0	0	241	P1-1-5	0	-
5	3.76389	3.85577	E4	52	40	0	0	241	P1-1-4	0	-
6	3.7671	4.01069	G2	56	36	0	0	241	P1-1-6	0	-
7	3.77244	3.81517	G3	52	59	0	0	241	P1-1-7	0	-
8	3.97436	4.04701	G#4	60	53	0	0	483	P1-1-9	0	-
9	3.98398	4.17201	G#2	53	53	0	0	483	P1-1-10	0	-
10	3.98611	4.02885	F4	50	64	0	0	483	P1-1-8	0	-
11	4.1827	4.23077	G4	67	64	0	0	725	P1-1-14	0	-
12	4.19338	4.23184	E4	60	67	0	0	725	P1-1-13	0	-
13	4.19765	4.23718	C#4	61	64	0	0	725	P1-1-12	0	-
14	4.19979	4.24146	Bb3	62	64	0	0	725	P1-1-16	0	-
15	4.20193	4.2468	Bb2	50	63	0	0	725	P1-1-15	0	-
16	4.40492	4.453	F4	60	64	0	0	967	P1-1-19	0	-
17	4.41026	4.44979	B2	59	65	0	0	967	P1-1-20	0	-
18	4.41026	4.44765	G#3	61	66	0	0	967	P1-1-17	0	-
19	4.41347	4.4562	D4	51	64	0	0	967	P1-1-18	0	-
20	4.42629	4.46368	B3	48	55	0	0	967	P1-1-21	0	-
21	4.64744	4.69979	F4	55	61	0	0	1209	P1-1-24	0	-
22	4.64851	4.69124	G#3	49	59	0	0	1209	P1-1-22	0	-
23	4.65171	4.69124	D4	44	60	0	0	1209	P1-1-23	0	-
24	4.65706	4.70406	B3	36	49	0	0	1209	P1-1-26	0	-
25	4.66347	4.71582	B2	33	50	0	0	1209	P1-1-25	0	-
26	4.89851	5.00642	E4	66	61	0	0	1451	P1-1-28	0	-
27	4.90706	4.96368	G3	57	64	0	0	1451	P1-1-27	0	-
28	4.91881	4.98932	C3	52	59	0	0	1451	P1-1-29	0	-
29	4.92522	4.96261	C4	42	58	0	0	1451	P1-1-30	0	-
30	5.37714	5.58334	G5	94	44	0	0	1935	P1-1-33	0	-
31	5.38035	5.453	E5	85	63	0	0	1935	P1-1-32	0	-
32	5.38462	5.43911	C2	92	63	0	0	1935	P1-1-34	0	-
33	5.38462	5.4359	C3	95	67	0	0	1935	P1-1-35	0	-
34	5.38462	5.43804	C5	84	62	0	0	1935	P1-1-31	0	-
35	5.59189	5.64958	C5	80	59	0	0	2177	P1-1-37	0	-
36	5.59189	5.63142	E5	79	63	0	0	2177	P1-1-38	0	-
37	5.5983	5.65813	G4	82	57	0	0	2177	P1-1-36	0	-
38	5.59936	5.64958	E3	88	61	0	0	2177	P1-1-40	0	-
39	5.60364	5.63996	E2	82	67	0	0	2177	P1-1-39	0	-
40	5.80556	5.86539	C5	76	64	0	0	2419	P1-1-43	0	-
41	5.80663	5.84723	G4	76	63	0	0	2419	P1-1-42	0	-
42	5.8109	5.84723	G2	80	67	0	0	2419	P1-1-44	0	-
43	5.8109	5.84295	G3	84	69	0	0	2419	P1-1-45	0	-
44	5.8109	5.84509	E4	82	65	0	0	2419	P1-1-41	0	-
45	5.82907	5.85898	B4	56	37	0	0	2419	*	3	-
46	6.01389	6.07693	C5	88	65	0	0	2661	P1-1-48	0	-
47	6.01817	6.0609	G4	81	62	0	0	2661	P1-1-47	0	-
48	6.01924	6.0577	E4	82	65	0	0	2661	P1-1-46	0	-
49	6.02458	6.05342	C4	78	70	0	0	2661	P1-1-50	0	-
50	6.02565	6.06838	C3	81	65	0	0	2661	P1-1-49	0	-
51	6.24039	6.30877	C5	87	66	0	0	2903	P1-1-53	0	-
52	6.24253	6.29595	G4	83	61	0	0	2903	P1-1-52	0	-
53	6.24466	6.2874	E4	87	66	0	0	2903	P1-1-51	0	-
54	6.25642	6.28847	A2	61	65	0	0	2903	*	3	-
55	6.25642	6.2874	G3	66	64	0	0	2903	P1-1-55	0	-
56	6.25855	6.28847	A3	59	60	0	0	2903	*	3	-
57	6.25962	6.29915	G2	74	65	0	0	2903	P1-1-54	0	-
58	6.46368	6.55449	D5	99	60	0	0	3145	P1-1-58	0	-
59	6.46475	6.51176	G2	85	65	0	0	3145	P1-1-60	0	-
60	6.46475	6.54274	B4	88	63	0	0	3145	P1-1-57	0	-
61	6.46795	6.50642	G1	84	69	0	0	3145	P1-1-59	0	-
62	6.47009	6.52565	G4	89	63	0	0	3145	P1-1-56	0	-
63	6.73398	6.95941	E5	100	54	0	0	3387	P1-1-63	0	-
64	6.73612	6.95941	C5	99	55	0	0	3387	P1-1-62	0	-
65	6.74146	6.77458	C3	96	67	0	0	3387	P1-1-65	0	-
66	6.74146	6.9968	G4	95	51	0	0	3387	P1-1-61	0	-
67	6.74253	6.77351	C2	89	64	0	0	3387	P1-1-64	0	-
68	7.50855	7.79702	G#4	47	51	0	0	3870	P1-1-66	0	-
69	7.51069	7.78099	C5	53	54	0	0	3870	P1-1-67	0	-
70	7.53313	7.5812	F2	39	51	0	0	3870	P1-1-68	0	-
71	7.53313	7.58441	F3	46	63	0	0	3870	P1-1-69	0	-
72	7.75001	8.01603	Bb4	61	62	0	0	4112	P1-1-71	0	-
73	7.75535	7.94338	G2	54	53	0	0	4112	P1-1-72	0	-
74	7.75642	7.80236	G3	60	65	0	0	4112	P1-1-73	0	-
75	7.75749	7.83441	E4	59	53	0	0	4112	P1-1-70	0	-
76	7.97009	8.04381	G#4	64	59	0	0	4354	P1-1-75	0	-
77	7.98719	8.15813	G#2	53	57	0	0	4354	P1-1-76	0	-
78	7.98719	8.02992	F4	55	65	0	0	4354	P1-1-74	0	-
79	7.99467	8.02672	G#3	54	60	0	0	4354	P1-1-77	0	-
80	8.19445	8.2639	Bb2	57	62	0	0	4596	P1-1-81	0	-
81	8.19445	8.24039	G4	64	63	0	0	4596	P1-1-80	0	-
82	8.203	8.24146	E4	58	67	0	0	4596	P1-1-79	0	-
83	8.2062	8.25428	Bb3	59	63	0	0	4596	P1-1-82	0	-
84	8.2062	8.24253	C#4	58	63	0	0	4596	P1-1-78	0	-
85	8.41347	8.45514	B2	60	65	0	0	4838	P1-1-86	0	-
86	8.41774	8.46155	F4	63	64	0	0	4838	P1-1-85	0	-
87	8.41988	8.46261	D4	58	63	0	0	4838	P1-1-84	0	-
88	8.42415	8.45514	B3	54	62	0	0	4838	P1-1-87	0	-
89	8.43056	8.46582	G#3	52	58	0	0	4838	P1-1-83	0	-
90	8.64851	8.70086	F4	65	61	0	0	5080	P1-1-90	0	-
91	8.65706	8.69125	G#3	51	60	0	0	5080	P1-1-88	0	-
92	8.66026	8.69659	B2	53	61	0	0	5080	P1-1-91	0	-
93	8.66026	8.69552	B3	51	58	0	0	5080	P1-1-92	0	-
94	8.66881	8.70834	D4	36	52	0	0	5080	P1-1-89	0	-
95	8.91561	9.02565	E4	63	59	0	0	5322	P1-1-94	0	-
96	8.91988	8.96475	C4	44	65	0	0	5322	P1-1-96	0	-
97	8.92736	8.96475	G3	52	61	0	0	5322	P1-1-93	0	-
98	8.9295	9.03099	C3	51	61	0	0	5322	P1-1-95	0	-
99	9.37287	9.59723	G5	95	60	0	0	5806	P1-1-99	0	-
100	9.37394	9.46368	E5	88	63	0	0	5806	P1-1-98	0	-
101	9.37821	9.42843	C5	85	64	0	0	5806	P1-1-97	0	-
102	9.38035	9.43697	C2	90	63	0	0	5806	P1-1-100	0	-
103	9.38142	9.4327	C3	94	66	0	0	5806	P1-1-101	0	-
104	9.58975	9.64317	E3	92	65	0	0	6048	P1-1-106	0	-
105	9.59296	9.63783	E2	84	66	0	0	6048	P1-1-105	0	-
106	9.59296	9.64638	E5	82	60	0	0	6048	P1-1-104	0	-
107	9.59403	9.63249	C5	79	65	0	0	6048	P1-1-103	0	-
108	9.59723	9.65279	G4	83	57	0	0	6048	P1-1-102	0	-
109	9.79488	9.85898	C5	92	66	0	0	6290	P1-1-109	0	-
110	9.80343	9.84082	E4	87	65	0	0	6290	P1-1-107	0	-
111	9.80663	9.83868	G4	78	67	0	0	6290	P1-1-108	0	-
112	9.8077	9.84403	G2	83	67	0	0	6290	P1-1-110	0	-
113	9.8077	9.84509	G3	89	68	0	0	6290	P1-1-111	0	-
114	10.0107	10.0577	E4	86	64	0	0	6532	P1-1-112	0	-
115	10.0107	10.0695	C5	89	63	0	0	6532	P1-1-114	0	-
116	10.0118	10.0598	G4	83	61	0	0	6532	P1-1-113	0	-
117	10.015	10.047	C4	81	66	0	0	6532	P1-1-116	0	-
118	10.0192	10.0588	C3	86	65	0	0	6532	P1-1-115	0	-
119	10.2276	10.2885	G4	91	63	0	0	6774	P1-1-118	0	-
120	10.2286	10.2821	E4	86	64	0	0	6774	P1-1-117	0	-
121	10.2297	10.3002	C5	88	63	0	0	6774	P1-1-119	0	-
122	10.2447	10.2789	G2	75	66	0	0	6774	P1-1-120	0	-
123	10.2468	10.2789	A2	61	66	0	0	6774	*	3	-
124	10.2489	10.2767	G3	63	62	0	0	6774	P1-1-121	0	-
125	10.25	10.2821	A3	53	59	0	0	6774	*	3	-
126	10.4434	10.5214	D5	97	63	0	0	7016	P1-1-124	0	-
127	10.4445	10.4968	G2	88	65	0	0	7016	P1-1-126	0	-
128	10.4477	10.5128	B4	85	63	0	0	7016	P1-1-123	0	-
129	10.4487	10.5011	G4	88	63	0	0	7016	P1-1-122	0	-
130	10.4519	10.4861	G1	87	65	0	0	7016	P1-1-125	0	-
131	10.6923	10.8793	E5	101	56	0	0	7258	P1-1-129	0	-
132	10.6934	11.0139	C3	100	60	0	0	7258	P1-1-131	0	-
133	10.6945	10.7521	G4	96	64	0	0	7258	P1-1-127	0	-
134	10.6945	10.8269	C5	93	59	0	0	7258	P1-1-128	0	-
135	10.6955	10.8536	C2	91	29	0	0	7258	P1-1-130	0	-
136	11.1282	11.1923	G5	99	65	0	0	7741	P1-1-133	0	-
137	11.1325	11.1795	E5	93	63	0	0	7741	P1-1-132	0	-
138	11.1442	11.1977	C3	91	63	0	0	7741	P1-1-135	0	-
139	11.1485	11.2126	C2	86	60	0	0	7741	P1-1-134	0	-
140	11.3579	11.4135	G5	103	66	0	0	7983	P1-1-137	0	-
141	11.3718	11.4242	B2	91	66	0	0	7983	P1-1-139	0	-
142	11.3718	11.4007	D5	91	67	0	0	7983	P1-1-136	0	-
143	11.3739	11.4199	B1	79	67	0	0	7983	P1-1-138	0	-
144	11.4135	11.4648	C2	34	51	0	0	8225	*	3	-
145	11.593	11.8227	G5	103	62	0	0	8225	P1-1-140	0	-
146	11.5962	12.0684	E5	98	62	0	0	8225	P1-1-141	0	-
147	11.6058	12.0994	C3	93	63	0	0	8225	P1-1-143	0	-
148	11.6068	12.1047	C2	80	61	0	0	8225	P1-1-142	0	-
149	11.8195	11.8868	G#5	85	63	0	0	8467	P1-1-144	0	-
150	12.031	12.1036	G#5	94	66	0	0	8709	P1-1-145	0	-
151	12.2532	12.3184	G#5	92	64	0	0	8951	P1-1-146	0	-
152	12.2543	12.5321	F5	95	65	0	0	8951	P1-1-147	0	-
153	12.2554	12.6015	C#3	97	63	0	0	8951	P1-1-149	0	-
154	12.2596	12.6165	C#2	90	62	0	0	8951	P1-1-148	0	-
155	12.4765	12.9626	G#5	95	63	0	0	9193	P1-1-150	0	-
156	12.6816	12.9338	F5	91	65	0	0	9435	P1-1-153	0	-
157	12.6816	12.7789	Bb5	95	64	0	0	9435	P1-1-152	0	-
158	12.688	12.984	D3	98	64	0	0	9435	P1-1-155	0	-
159	12.6923	12.9979	D2	93	62	0	0	9435	P1-1-154	0	-
160	12.9049	12.9957	Bb5	100	65	0	0	9677	P1-1-156	0	-
161	13.1261	13.2853	Eb5	95	63	0	0	9919	P1-1-158	0	-
162	13.1282	13.2489	G5	87	59	0	0	9919	*	3	-
163	13.1282	13.2265	Bb5	99	64	0	0	9919	P1-1-157	0	-
164	13.1368	13.3868	Eb2	91	60	0	0	9919	P1-1-159	0	-
165	13.1389	13.3184	Eb3	101	64	0	0	9919	P1-1-160	0	-
166	13.3472	13.593	Bb5	92	61	0	0	10161	P1-1-161	0	-
167	13.3504	13.4274	G5	88	59	0	0	10161	P1-1-162	0	-
168	13.5534	13.5951	G#1	92	65	0	0	10403	P1-1-165	0	-
169	13.5566	13.5951	G#2	99	63	0	0	10403	P1-1-166	0	-
170	13.5577	13.6271	C6	83	65	0	0	10403	P1-1-163	0	-
171	13.5641	13.6368	G#5	86	63	0	0	10403	P1-1-164	0	-
172	13.7607	13.8398	Bb5	88	64	0	0	10645	P1-1-169	0	-
173	13.766	13.8419	C#6	84	63	0	0	10645	P1-1-167	0	-
174	13.7757	13.8152	C#2	89	65	0	0	10645	P1-1-170	0	-
175	13.7757	13.8045	C#3	100	68	0	0	10645	P1-1-171	0	-
176	13.9754	14.0235	G5	81	61	0	0	10887	P1-1-174	0	-
177	13.9754	14.0556	Bb5	88	64	0	0	10887	P1-1-172	0	-
178	13.9808	14.0524	C#5	88	62	0	0	10887	P1-1-173	0	-
179	13.9851	14.0267	Eb2	92	60	0	0	10887	P1-1-175	0	-
180	13.9851	14.0182	Eb3	99	68	0	0	10887	P1-1-176	0	-
181	14.218	14.2692	G#5	101	64	0	0	11129	P1-1-177	0	-
182	14.2212	14.2511	C5	91	66	0	0	11129	P1-1-178	0	-
183	14.2265	14.2586	G#2	97	71	0	0	11129	P1-1-179	0	-
184	14.2286	14.2511	G#3	103	72	0	0	11129	P1-1-180	0	-
185	14.6998	14.7276	G#4	78	70	0	0	11612	P1-1-181	0	-
186	14.968	15.2596	G#3	52	63	0	0	11854	P1-1-183	0	-
187	14.9712	15.2094	G#4	61	60	0	0	11854	P1-1-182	0	-
188	14.9797	15.25	C4	51	62	0	0	11854	P1-1-184	0	-
189	15.1977	15.2927	G4	68	62	0	0	12096	P1-1-185	0	-
190	15.2415	15.2725	C#4	67	66	0	0	12096	P1-1-187	0	-
191	15.2436	15.2767	Bb3	62	66	0	0	12096	P1-1-186	0	-
192	15.2895	15.3804	F4	73	63	0	0	12217	P1-1-188	0	-
193	15.3857	15.4252	Eb4	69	64	0	0	12338	P1-1-189	0	-
194	15.6304	15.6688	C5	71	62	0	0	12580	P1-1-191	0	-
195	15.6314	15.6688	G#4	67	66	0	0	12580	P1-1-190	0	-
196	15.8814	16.1336	C5	73	64	0	0	12822	P1-1-193	0	-
197	15.8857	16.171	C4	54	37	0	0	12822	P1-1-195	0	-
198	15.8857	16.0139	G#4	65	60	0	0	12822	P1-1-192	0	-
199	15.8932	16.218	G#3	52	36	0	0	12822	P1-1-194	0	-
200	16.0641	16.1442	G4	67	62	0	0	13064	P1-1-196	0	-
201	16.0983	16.1581	Bb4	67	61	0	0	13064	P1-1-197	0	-
202	16.1261	16.3301	Bb3	63	62	0	0	13064	P1-1-198	0	-
203	16.1272	16.3098	C#4	61	62	0	0	13064	P1-1-199	0	-
204	16.1485	16.1816	G#4	69	67	0	0	13185	P1-1-201	0	-
205	16.1752	16.2116	F4	71	62	0	0	13185	P1-1-200	0	-
206	16.2618	16.2917	Eb4	80	70	0	0	13306	P1-1-202	0	-
207	16.2703	16.3024	G4	74	67	0	0	13306	P1-1-203	0	-
208	16.4915	16.5524	Eb5	81	65	0	0	13548	P1-1-205	0	-
209	16.515	16.5385	C5	57	64	0	0	13548	P1-1-204	0	-
210	16.7532	17.0353	Eb5	72	60	0	0	13790	P1-1-207	0	-
211	16.7607	16.9455	C5	59	57	0	0	13790	P1-1-206	0	-
212	16.7928	16.9744	G#1	56	62	0	0	13790	P1-1-208	0	-
213	16.7928	16.8536	G#2	51	64	0	0	13790	P1-1-209	0	-
214	16.9797	17.2735	C#5	77	59	0	0	14032	P1-1-211	0	-
215	16.9872	17.1645	Bb4	66	60	0	0	14032	P1-1-210	0	-
216	17.015	17.0983	Bb2	66	62	0	0	14032	P1-1-213	0	-
217	17.0225	17.1111	Bb1	51	59	0	0	14032	P1-1-212	0	-
218	17.2105	17.4391	C5	82	60	0	0	14274	P1-1-215	0	-
219	17.2158	17.4797	C2	70	58	0	0	14274	P1-1-216	0	-
220	17.2158	17.266	C3	75	63	0	0	14274	P1-1-217	0	-
221	17.2158	17.3344	G#4	76	58	0	0	14274	P1-1-214	0	-
222	17.2895	17.343	G4	55	51	0	0	14516	*	3	-
223	17.4103	17.5032	Bb4	83	63	0	0	14516	P1-1-219	0	-
224	17.4178	17.546	C#3	83	61	0	0	14516	P1-1-221	0	-
225	17.421	17.6667	G4	69	53	0	0	14516	P1-1-218	0	-
226	17.4252	17.546	C#2	62	62	0	0	14516	P1-1-220	0	-
227	17.6272	17.8291	C5	71	60	0	0	14758	P1-1-223	0	-
228	17.6336	17.8376	D2	63	50	0	0	14758	P1-1-224	0	-
229	17.6378	17.6923	D3	65	66	0	0	14758	P1-1-225	0	-
230	17.64	17.8216	G#4	68	56	0	0	14758	P1-1-222	0	-
231	17.8366	17.9113	Eb2	49	61	0	0	15000	P1-1-228	0	-
232	17.8398	18.0395	Bb4	66	54	0	0	15000	P1-1-227	0	-
233	17.8451	17.9156	Eb3	63	59	0	0	15000	P1-1-229	0	-
234	17.8462	17.937	G4	58	55	0	0	15000	P1-1-226	0	-
235	18.0438	18.1069	E2	55	63	0	0	15241	P1-1-232	0	-
236	18.046	18.265	C5	56	62	0	0	15241	P1-1-231	0	-
237	18.0598	18.2522	G4	46	58	0	0	15241	P1-1-230	0	-
238	18.0673	18.1197	E3	45	59	0	0	15241	P1-1-233	0	-
239	18.2735	18.3066	F2	66	59	0	0	15483	P1-1-235	0	-
240	18.2735	18.3066	F4	71	69	0	0	15483	P1-1-234	0	-
241	18.2906	18.3227	F3	53	60	0	0	15483	P1-1-236	0	-
242	18.4979	18.7372	F4	78	59	0	0	15725	P1-1-237	0	-
243	18.5107	18.7511	G#3	64	64	0	0	15725	P1-1-239	0	-
244	18.5395	18.6795	F3	41	57	0	0	15725	P1-1-238	0	-
245	18.7287	18.8173	E4	72	63	0	0	15967	P1-1-240	0	-
246	18.7447	18.7757	G3	65	67	0	0	15967	P1-1-241	0	-
247	18.7457	18.7799	Bb3	70	67	0	0	15967	P1-1-242	0	-
248	18.8141	18.8953	D4	77	60	0	0	16088	P1-1-243	0	-
249	18.9049	18.9434	C4	79	68	0	0	16209	P1-1-244	0	-
250	19.1539	19.1977	G#4	74	63	0	0	16451	P1-1-246	0	-
251	19.1571	19.1881	F4	70	69	0	0	16451	P1-1-245	0	-
252	19.3836	19.4188	F4	73	67	0	0	16693	P1-1-247	0	-
253	19.3846	19.6154	F3	59	60	0	0	16693	P1-1-249	0	-
254	19.3857	19.4295	G#4	68	63	0	0	16693	P1-1-248	0	-
255	19.3889	19.7692	G#3	60	32	0	0	16693	P1-1-250	0	-
256	19.5898	19.6678	E4	79	65	0	0	16935	P1-1-251	0	-
257	19.6047	19.6881	G4	66	54	0	0	16935	P1-1-252	0	-
258	19.6058	19.8376	G3	60	64	0	0	16935	P1-1-253	0	-
259	19.6154	19.8301	Bb3	52	64	0	0	16935	P1-1-254	0	-
260	19.6678	19.7692	D4	69	62	0	0	17056	P1-1-255	0	-
261	19.6699	19.7917	F4	73	64	0	0	17056	P1-1-256	0	-
262	19.7596	19.8034	E4	79	64	0	0	17177	P1-1-258	0	-
263	19.7639	19.8109	C4	80	63	0	0	17177	P1-1-257	0	-
264	19.9904	20.0428	C5	81	64	0	0	17419	P1-1-260	0	-
265	19.9925	20.0385	G#4	78	60	0	0	17419	P1-1-259	0	-
266	20.2436	20.5193	C5	75	57	0	0	17661	P1-1-262	0	-
267	20.25	20.3291	F2	63	61	0	0	17661	P1-1-263	0	-
268	20.2543	20.3323	F3	64	63	0	0	17661	P1-1-264	0	-
269	20.2543	20.4744	G#4	70	56	0	0	17661	P1-1-261	0	-
270	20.4605	20.6774	Bb4	76	63	0	0	17903	P1-1-266	0	-
271	20.4637	20.6827	G4	78	60	0	0	17903	P1-1-265	0	-
272	20.4658	20.5246	G3	75	64	0	0	17903	P1-1-268	0	-
273	20.468	20.7062	G2	64	60	0	0	17903	P1-1-267	0	-
274	20.6678	20.8868	G#4	74	56	0	0	18145	P1-1-270	0	-
275	20.6742	20.8825	G#2	67	60	0	0	18145	P1-1-271	0	-
276	20.6763	20.7425	G#3	71	65	0	0	18145	P1-1-272	0	-
277	20.6795	20.7596	F4	73	59	0	0	18145	P1-1-269	0	-
278	20.8846	21.0257	Bb2	62	60	0	0	18387	P1-1-275	0	-
279	20.8857	21.1357	G4	64	56	0	0	18387	P1-1-274	0	-
280	20.89	21.0395	Bb3	69	60	0	0	18387	P1-1-276	0	-
281	20.8921	21.0096	E4	65	57	0	0	18387	P1-1-273	0	-
282	21.1282	21.3985	G#4	59	59	0	0	18629	P1-1-278	0	-
283	21.141	21.3494	F4	57	50	0	0	18629	P1-1-277	0	-
284	21.1443	21.2885	B2	55	37	0	0	18629	P1-1-279	0	-
285	21.1517	21.234	B3	50	55	0	0	18629	P1-1-280	0	-
286	21.422	21.8355	G4	52	51	0	0	18870	P1-1-282	0	-
287	21.4434	21.9316	C3	44	38	0	0	18870	P1-1-283	0	-
288	21.4455	21.7212	E4	40	38	0	0	18870	P1-1-281	0	-
289	21.4477	21.5866	C4	42	56	0	0	18870	P1-1-284	0	-
290	21.9904	22.1517	C5	70	64	0	0	19354	P1-1-285	0	-
291	22.0289	22.1111	F4	52	55	0	0	19354	P1-1-286	0	-
292	22.031	22.594	G#3	42	40	0	0	19354	P1-1-288	0	-
293	22.2789	22.5534	C5	86	60	0	0	19600	P1-1-289	0	-
294	22.5866	23.0011	D5	67	58	0	0	19846	P1-1-290	0	-
295	22.5887	22.781	G2	32	49	0	0	19846	P1-1-292	0	-
296	22.594	22.9477	Bb2	46	53	0	0	19846	P1-1-291	0	-
297	22.6165	22.9648	G4	38	36	0	0	-1	*	3	-
298	22.9263	23.343	G5	67	39	0	0	20092	P1-1-293	0	-
299	22.9306	23.0545	Bb3	50	55	0	0	20092	P1-1-294	0	-
300	23.3056	24.0812	C5	40	43	0	0	20338	*	3	-
301	23.3056	23.8611	F5	51	36	0	0	20338	P1-1-295	0	-
302	23.3269	23.641	G#3	40	61	0	0	20338	P1-1-296	0	-
303	23.3654	24.1678	C3	32	57	0	0	20338	P1-1-297	0	-
304	23.8558	24.124	G3	44	60	0	0	20584	P1-1-299	0	-
305	23.8718	24.1763	E5	35	57	0	0	20584	P1-1-298	0	-
306	24.2052	24.3782	F3	100	60	0	0	20830	P1-1-303	0	-
307	24.2084	24.4872	C#3	97	67	0	0	20830	P1-1-302	0	-
308	24.2094	24.4017	F5	109	59	0	0	20830	P1-1-301	0	-
309	24.2212	24.374	G#4	97	56	0	0	20830	P1-1-300	0	-
310	24.4669	24.4936	Bb2	95	69	0	0	21072	P1-1-306	0	-
311	24.469	24.4904	F3	99	75	0	0	21072	P1-1-307	0	-
312	24.469	24.5203	G5	99	70	0	0	21072	P1-1-305	0	-
313	24.4744	24.499	C#5	99	68	0	0	21072	P1-1-304	0	-
314	24.593	24.6475	F3	4	51	0	0	21072	*	3	-
315	25.5705	25.6336	G#5	96	66	0	0	22281	P1-1-310	0	-
316	25.5716	25.5994	F3	95	72	0	0	22281	P1-1-312	0	-
317	25.5727	25.6175	C3	93	61	0	0	22281	P1-1-311	0	-
318	25.5812	25.6047	F5	79	72	0	0	22281	P1-1-309	0	-
319	25.5823	25.6175	C5	87	63	0	0	22281	P1-1-308	0	-
320	25.7992	25.8472	C3	97	65	0	0	22523	P1-1-316	0	-
321	25.7992	25.8291	E3	97	68	0	0	22523	P1-1-317	0	-
322	25.8056	25.8537	G5	98	65	0	0	22523	P1-1-314	0	-
323	25.8056	25.859	C6	94	64	0	0	22523	P1-1-315	0	-
324	25.8077	25.8451	C5	98	68	0	0	22523	P1-1-313	0	-
325	26.0374	26.0791	F3	102	69	0	0	22765	P1-1-320	0	-
326	26.0374	26.1165	F5	105	65	0	0	22765	P1-1-318	0	-
327	26.0417	26.0962	F2	96	64	0	0	22765	P1-1-319	0	-
328	26.062	26.0631	E2	79	127	0	0	22765	*	3	-
329	26.3312	26.7425	G5	110	59	0	0	23007	P1-1-322	0	-
330	26.3408	26.703	E5	104	57	0	0	23007	P1-1-321	0	-
331	26.3472	26.7094	C3	107	59	0	0	23007	P1-1-324	0	-
332	26.3505	26.7735	C2	101	60	0	0	23007	P1-1-323	0	-
333	26.3708	26.3718	D5	51	127	0	0	23007	*	3	-
334	26.8141	26.8697	B1	85	66	0	0	23491	P1-1-327	0	-
335	26.8163	26.8654	B2	97	68	0	0	23491	P1-1-328	0	-
336	26.8163	26.874	G5	101	67	0	0	23491	P1-1-326	0	-
337	26.8248	26.8697	D5	95	68	0	0	23491	P1-1-325	0	-
338	27.0652	27.3088	G5	105	61	0	0	23733	P1-1-329	0	-
339	27.0684	27.5652	E5	99	61	0	0	23733	P1-1-330	0	-
340	27.0759	27.5855	C3	101	62	0	0	23733	P1-1-332	0	-
341	27.0812	27.5908	C2	93	60	0	0	23733	P1-1-331	0	-
342	27.3013	27.3558	G#5	92	66	0	0	23975	P1-1-333	0	-
343	27.5299	27.5866	G#5	95	66	0	0	24217	P1-1-334	0	-
344	27.7436	28.0983	C#3	100	63	0	0	24459	P1-1-338	0	-
345	27.7447	28.0353	F5	97	62	0	0	24459	P1-1-336	0	-
346	27.7458	28.1037	C#2	91	61	0	0	24459	P1-1-337	0	-
347	27.7458	27.8109	G#5	95	64	0	0	24459	P1-1-335	0	-
348	27.9765	28.4701	G#5	94	63	0	0	24701	P1-1-339	0	-
349	28.1945	28.3718	F5	90	59	0	0	24943	P1-1-342	0	-
350	28.1977	28.4893	D3	97	63	0	0	24943	P1-1-344	0	-
351	28.1977	28.2831	Bb5	93	64	0	0	24943	P1-1-341	0	-
352	28.2009	28.5022	D2	92	61	0	0	24943	P1-1-343	0	-
353	28.4199	28.5032	Bb5	94	64	0	0	25185	P1-1-345	0	-
354	28.625	28.734	Eb5	90	60	0	0	25427	P1-1-347	0	-
355	28.625	28.7404	Bb5	94	63	0	0	25427	P1-1-346	0	-
356	28.6282	28.7244	G5	84	57	0	0	25427	*	3	-
357	28.6325	28.8868	Eb2	94	60	0	0	25427	P1-1-348	0	-
358	28.6325	28.8184	Eb3	100	62	0	0	25427	P1-1-349	0	-
359	28.844	29.0588	Bb5	93	61	0	0	25668	P1-1-350	0	-
360	28.8515	28.9081	G5	84	60	0	0	25668	P1-1-351	0	-
361	29.0502	29.1325	C6	84	65	0	0	25910	P1-1-352	0	-
362	29.0524	29.1069	G#1	96	61	0	0	25910	P1-1-354	0	-
363	29.0545	29.1037	G#2	102	59	0	0	25910	P1-1-355	0	-
364	29.0545	29.1272	G#5	82	65	0	0	25910	P1-1-353	0	-
365	29.2746	29.3515	Bb5	85	64	0	0	26152	P1-1-358	0	-
366	29.2778	29.3537	C#6	82	64	0	0	26152	P1-1-356	0	-
367	29.2853	29.3259	C#2	89	65	0	0	26152	P1-1-359	0	-
368	29.2874	29.3173	C#3	103	69	0	0	26152	P1-1-360	0	-
369	29.4915	29.5812	Bb5	91	64	0	0	26394	P1-1-361	0	-
370	29.4979	29.5406	G5	78	62	0	0	26394	P1-1-363	0	-
371	29.5022	29.5652	C#5	86	59	0	0	26394	P1-1-362	0	-
372	29.5043	29.547	Eb2	95	61	0	0	26394	P1-1-364	0	-
373	29.5043	29.5385	Eb3	102	66	0	0	26394	P1-1-365	0	-
374	29.7361	29.796	G#5	94	64	0	0	26636	P1-1-366	0	-
375	29.7468	29.7714	C5	86	68	0	0	26636	P1-1-367	0	-
376	29.7479	29.7789	G#2	95	71	0	0	26636	P1-1-368	0	-
377	29.749	29.7714	G#3	99	72	0	0	26636	P1-1-369	0	-
378	30.2148	30.2458	G#4	84	66	0	0	27120	P1-1-370	0	-
379	30.469	30.796	G#4	72	40	0	0	27362	P1-1-371	0	-
380	30.4755	30.7308	C4	66	64	0	0	27362	P1-1-373	0	-
381	30.484	30.7468	G#3	60	64	0	0	27362	P1-1-372	0	-
382	30.7094	30.8163	G4	69	58	0	0	27604	P1-1-374	0	-
383	30.7265	30.7586	Bb3	72	67	0	0	27604	P1-1-375	0	-
384	30.7329	30.7703	C#4	67	65	0	0	27604	P1-1-376	0	-
385	30.7992	30.9039	F4	78	64	0	0	27725	P1-1-377	0	-
386	30.9028	30.9413	Eb4	77	66	0	0	27846	P1-1-378	0	-
387	31.1517	31.2073	C5	78	63	0	0	28088	P1-1-380	0	-
388	31.1603	31.1955	G#4	70	66	0	0	28088	P1-1-379	0	-
389	31.3836	31.6913	C4	70	35	0	0	28330	P1-1-384	0	-
390	31.3836	31.499	G#4	80	60	0	0	28330	P1-1-381	0	-
391	31.3846	31.7874	G#3	69	59	0	0	28330	P1-1-383	0	-
392	31.3879	31.6165	C5	77	64	0	0	28330	P1-1-382	0	-
393	31.5524	31.6336	G4	73	63	0	0	28572	P1-1-385	0	-
394	31.5705	31.6539	Bb4	69	63	0	0	28572	P1-1-386	0	-
395	31.6111	31.7874	C#4	65	62	0	0	28572	P1-1-388	0	-
396	31.6143	31.8067	Bb3	66	60	0	0	28572	P1-1-387	0	-
397	31.6346	31.6667	G#4	72	67	0	0	28693	P1-1-390	0	-
398	31.6517	31.6913	F4	76	60	0	0	28693	P1-1-389	0	-
399	31.7468	31.7746	Eb4	81	70	0	0	28814	P1-1-391	0	-
400	31.7468	31.7778	G4	78	70	0	0	28814	P1-1-392	0	-
401	31.9979	32.0524	Eb5	82	62	0	0	29056	P1-1-394	0	-
402	32.0043	32.0364	C5	71	69	0	0	29056	P1-1-393	0	-
403	32.2735	32.5364	Eb5	79	63	0	0	29297	P1-1-396	0	-
404	32.2842	32.4402	C5	67	57	0	0	29297	P1-1-395	0	-
405	32.3002	32.3643	G#2	57	64	0	0	29297	P1-1-398	0	-
406	32.3034	32.4787	G#1	57	56	0	0	29297	P1-1-397	0	-
407	32.4829	32.781	C#5	86	56	0	0	29539	P1-1-400	0	-
408	32.4872	32.6656	Bb4	79	56	0	0	29539	P1-1-399	0	-
409	32.5043	32.6133	Bb1	62	60	0	0	29539	P1-1-401	0	-
410	32.5054	32.5994	Bb2	78	62	0	0	29539	P1-1-402	0	-
411	32.702	32.7757	C3	81	63	0	0	29781	P1-1-406	0	-
412	32.702	32.9381	C5	86	56	0	0	29781	P1-1-404	0	-
413	32.7094	32.8205	G#4	79	57	0	0	29781	P1-1-403	0	-
414	32.7137	32.9712	C2	68	61	0	0	29781	P1-1-405	0	-
415	32.9114	32.9904	Bb4	79	64	0	0	30023	P1-1-408	0	-
416	32.9156	33.0449	C#3	88	63	0	0	30023	P1-1-410	0	-
417	32.9199	33.0663	C#2	74	61	0	0	30023	P1-1-409	0	-
418	32.9274	33.1667	G4	80	55	0	0	30023	P1-1-407	0	-
419	33.1282	33.3152	C5	70	55	0	0	30265	P1-1-412	0	-
420	33.1389	33.3772	D2	67	25	0	0	30265	P1-1-413	0	-
421	33.1443	33.3152	G#4	68	53	0	0	30265	P1-1-411	0	-
422	33.1464	33.203	D3	69	64	0	0	30265	P1-1-414	0	-
423	33.344	33.4573	Eb2	58	57	0	0	30507	P1-1-417	0	-
424	33.3526	33.5727	Bb4	66	57	0	0	30507	P1-1-416	0	-
425	33.3601	33.4594	Eb3	63	61	0	0	30507	P1-1-418	0	-
426	33.3686	33.4199	G4	51	60	0	0	30507	P1-1-415	0	-
427	33.5513	33.609	E2	63	61	0	0	30749	P1-1-421	0	-
428	33.5684	33.6122	E3	57	63	0	0	30749	P1-1-422	0	-
429	33.5716	33.7447	G4	53	59	0	0	30749	P1-1-419	0	-
430	33.5727	33.765	C5	65	62	0	0	30749	P1-1-420	0	-
431	33.7693	33.7981	F4	79	70	0	0	30991	P1-1-423	0	-
432	33.7703	33.8024	F2	69	61	0	0	30991	P1-1-424	0	-
433	33.7864	33.8227	F3	52	59	0	0	30991	P1-1-425	0	-
434	34.0203	34.2735	F4	82	57	0	0	31233	P1-1-426	0	-
435	34.0235	34.2201	F3	49	56	0	0	31233	P1-1-427	0	-
436	34.0417	34.2799	G#3	56	62	0	0	31233	P1-1-428	0	-
437	34.25	34.3547	E4	79	60	0	0	31475	P1-1-429	0	-
438	34.2639	34.3056	G3	66	65	0	0	31475	P1-1-430	0	-
439	34.2735	34.3088	Bb3	68	67	0	0	31475	P1-1-431	0	-
440	34.3376	34.4327	D4	80	62	0	0	31596	P1-1-432	0	-
441	34.4317	34.4648	C4	82	66	0	0	31717	P1-1-433	0	-
442	34.6592	34.6934	F4	76	68	0	0	31959	P1-1-434	0	-
443	34.6592	34.7041	G#4	74	63	0	0	31959	P1-1-435	0	-
444	34.8985	34.9338	F4	69	69	0	0	32201	P1-1-436	0	-
445	34.9028	34.9445	G#4	64	65	0	0	32201	P1-1-437	0	-
446	34.9092	35.2297	G#3	47	27	0	0	32201	P1-1-439	0	-
447	34.9103	35.1817	F3	43	38	0	0	32201	P1-1-438	0	-
448	35.1379	35.1859	E4	61	64	0	0	32443	P1-1-440	0	-
449	35.1421	35.2062	G4	63	57	0	0	32443	P1-1-441	0	-
450	35.1496	35.3408	G3	53	63	0	0	32443	P1-1-442	0	-
451	35.1496	35.3408	Bb3	48	63	0	0	32443	P1-1-443	0	-
452	35.1795	35.3002	D4	56	56	0	0	32564	P1-1-444	0	-
453	35.2094	35.3248	F4	68	62	0	0	32564	P1-1-445	0	-
454	35.3077	35.3398	C4	73	69	0	0	32685	P1-1-446	0	-
455	35.3088	35.3408	E4	77	71	0	0	32685	P1-1-447	0	-
456	35.5406	35.5759	G#4	71	66	0	0	32927	P1-1-448	0	-
457	35.5438	35.5748	C5	70	67	0	0	32927	P1-1-449	0	-
458	35.7746	36.046	C5	65	57	0	0	33168	P1-1-451	0	-
459	35.7778	35.8376	F2	51	56	0	0	33168	P1-1-452	0	-
460	35.7832	35.8483	F3	49	61	0	0	33168	P1-1-453	0	-
461	35.7917	35.9776	G#4	60	58	0	0	33168	P1-1-450	0	-
462	36	36.2169	Bb4	62	62	0	0	33410	P1-1-455	0	-
463	36.0107	36.0535	G3	59	65	0	0	33410	P1-1-457	0	-
464	36.0139	36.2009	G4	65	52	0	0	33410	P1-1-454	0	-
465	36.0161	36.1891	G2	54	48	0	0	33410	P1-1-456	0	-
466	36.2212	36.437	G#4	64	58	0	0	33652	P1-1-459	0	-
467	36.2351	36.4103	G#2	56	58	0	0	33652	P1-1-460	0	-
468	36.2447	36.3067	F4	54	56	0	0	33652	P1-1-458	0	-
469	36.249	36.2874	G#3	58	66	0	0	33652	P1-1-461	0	-
470	36.4562	36.6731	G4	54	57	0	0	33894	P1-1-463	0	-
471	36.4669	36.5844	Bb2	46	55	0	0	33894	P1-1-464	0	-
472	36.4701	36.5802	E4	54	57	0	0	33894	P1-1-462	0	-
473	36.4723	36.5898	Bb3	51	60	0	0	33894	P1-1-465	0	-
474	36.6998	36.8697	B2	49	36	0	0	34136	P1-1-468	0	-
475	36.7052	36.9562	G#4	52	57	0	0	34136	P1-1-467	0	-
476	36.7137	36.9605	F4	46	37	0	0	34136	P1-1-466	0	-
477	36.7255	36.7874	B3	37	58	0	0	34136	P1-1-469	0	-
478	37.0032	37.4017	G4	42	54	0	0	34378	P1-1-471	0	-
479	37.0203	37.3441	E4	39	37	0	0	34378	P1-1-470	0	-
480	37.0332	37.5962	C3	34	39	0	0	34378	P1-1-472	0	-
481	37.0492	37.2233	C4	25	50	0	0	34378	P1-1-473	0	-
482	37.5738	37.7394	C5	62	61	0	0	34862	P1-1-474	0	-
483	37.6058	38.1881	G#3	36	37	0	0	34862	P1-1-477	0	-
484	37.6101	37.7169	F4	48	61	0	0	34862	P1-1-475	0	-
485	37.6133	37.9552	G#2	42	42	0	0	34862	P1-1-476	0	-
486	37.8686	38.1475	C5	83	57	0	0	35108	P1-1-478	0	-
487	38.2094	38.6464	D5	61	57	0	0	35354	P1-1-479	0	-
488	38.2158	38.6229	Bb2	42	46	0	0	35354	P1-1-480	0	-
489	38.2297	38.4648	G2	41	42	0	0	35354	P1-1-481	0	-
490	38.2361	38.6122	G4	40	36	0	0	35354	*	3	-
491	38.562	38.9797	G5	60	38	0	0	35600	P1-1-482	0	-
492	38.5738	38.7116	Bb3	48	53	0	0	35600	P1-1-483	0	-
493	38.9594	39.609	F5	49	36	0	0	35846	P1-1-484	0	-
494	38.9787	39.8376	C5	34	11	0	0	35846	*	3	-
495	38.9797	39.3579	G#3	38	37	0	0	35846	P1-1-485	0	-
496	38.9894	40.0353	C3	36	55	0	0	35846	P1-1-486	0	-
497	39.5577	40.0492	E5	35	57	0	0	36092	P1-1-487	0	-
498	39.5973	40.0107	G3	31	56	0	0	36092	P1-1-488	0	-
499	40.0941	40.2767	F5	108	54	0	0	36337	P1-1-490	0	-
500	40.0962	40.3772	C#3	103	68	0	0	36337	P1-1-491	0	-
501	40.0973	40.2725	F3	105	58	0	0	36337	P1-1-492	0	-
502	40.0994	40.2575	G#4	102	57	0	0	36337	P1-1-489	0	-
503	40.3579	40.421	G5	103	68	0	0	36579	P1-1-494	0	-
504	40.359	40.3889	Bb2	95	70	0	0	36579	P1-1-495	0	-
505	40.3622	40.405	C#5	103	67	0	0	36579	P1-1-493	0	-
506	40.3633	40.3836	F3	101	77	0	0	36579	P1-1-496	0	-
507	41.2917	41.3302	F3	86	69	0	0	37789	P1-1-501	0	-
508	41.2917	41.3398	F5	89	66	0	0	37789	P1-1-498	0	-
509	41.2928	41.3451	C5	83	64	0	0	37789	P1-1-497	0	-
510	41.2928	41.3793	G#5	96	62	0	0	37789	P1-1-499	0	-
511	41.2938	41.3473	C3	85	62	0	0	37789	P1-1-500	0	-
512	41.3184	41.3601	G3	53	35	0	0	37789	*	3	-
513	41.5225	41.5791	C3	93	65	0	0	38031	P1-1-505	0	-
514	41.5257	41.5545	E3	88	70	0	0	38031	P1-1-506	0	-
515	41.5289	41.5962	G5	91	61	0	0	38031	P1-1-503	0	-
516	41.531	41.5973	C5	96	61	0	0	38031	P1-1-502	0	-
517	41.531	41.6699	C6	89	60	0	0	38031	P1-1-504	0	-
518	41.734	41.7821	F3	94	69	0	0	38273	P1-1-509	0	-
519	41.7362	41.812	F2	93	62	0	0	38273	P1-1-508	0	-
520	41.7394	41.7928	F5	97	69	0	0	38273	P1-1-507	0	-
521	41.9755	42.3109	F6	111	60	0	0	38515	P1-1-510	0	-
522	42.0203	42.0663	F#2	39	57	0	0	38757	*	3	-
523	42.1945	42.2554	C#2	102	63	0	0	38757	P1-1-511	0	-
524	42.3077	42.4391	C6	90	64	0	0	38878	P1-1-512	0	-
525	42.4253	42.5577	Eb6	90	64	0	0	38999	P1-1-513	0	-
526	42.4423	42.4776	F3	78	68	0	0	38999	P1-1-514	0	-
527	42.5267	42.6389	C#6	89	64	0	0	39120	P1-1-515	0	-
528	42.6432	42.7682	G#5	92	63	0	0	39241	P1-1-516	0	-
529	42.75	42.9253	C6	77	62	0	0	39362	P1-1-517	0	-
530	42.8537	42.8889	G#3	89	68	0	0	39483	P1-1-519	0	-
531	42.8644	42.9594	Bb5	81	64	0	0	39483	P1-1-518	0	-
532	42.9701	43.0535	G5	77	59	0	0	39604	P1-1-520	0	-
533	43.0834	43.1635	Bb5	77	64	0	0	39724	P1-1-521	0	-
534	43.1902	43.2703	F5	71	52	0	0	39845	P1-1-522	0	-
535	43.2949	43.4018	G#5	64	57	0	0	39966	P1-1-523	0	-
536	43.3109	43.3473	F3	79	71	0	0	39966	P1-1-524	0	-
537	43.3932	43.4862	F#5	71	61	0	0	40087	P1-1-525	0	-
538	43.5075	43.6122	Eb5	64	59	0	0	40208	P1-1-526	0	-
539	43.5983	43.7554	F#5	67	42	0	0	40329	P1-1-527	0	-
540	43.7052	43.7992	F5	68	62	0	0	40450	P1-1-528	0	-
541	43.7169	43.7565	G#3	77	66	0	0	40450	P1-1-529	0	-
542	43.8045	43.8847	C#5	84	59	0	0	40571	P1-1-530	0	-
543	43.9082	43.9904	F#5	68	61	0	0	40692	P1-1-531	0	-
544	44.015	44.1592	D5	78	58	0	0	40813	P1-1-532	0	-
545	44.1176	44.2372	F5	67	60	0	0	40934	P1-1-533	0	-
546	44.1218	44.1656	C4	85	64	0	0	40934	P1-1-534	0	-
547	44.2105	44.2832	Eb5	74	63	0	0	41055	P1-1-535	0	-
548	44.3173	44.4135	B4	69	61	0	0	41176	P1-1-536	0	-
549	44.3996	44.5738	C#5	76	61	0	0	41297	P1-1-537	0	-
550	44.437	44.4915	G#5	17	46	0	0	41297	*	3	-
551	44.5032	44.5876	C5	70	64	0	0	41418	P1-1-538	0	-
552	44.5097	44.5545	Eb5	99	67	0	0	41418	P1-1-539	0	-
553	44.609	44.6838	G#4	81	62	0	0	41539	P1-1-540	0	-
554	44.718	44.7821	Bb4	68	60	0	0	41660	P1-1-541	0	-
555	44.812	44.905	F#4	69	61	0	0	41781	P1-1-542	0	-
556	44.9146	45.0791	C6	94	67	0	0	41902	P1-1-544	0	-
557	44.9178	45.0097	Bb4	71	60	0	0	41902	P1-1-543	0	-
558	45.0032	45.1015	G#4	72	60	0	0	42023	P1-1-545	0	-
559	45.1165	45.14	C#6	93	69	0	0	42144	P1-1-547	0	-
560	45.124	45.1742	F4	87	63	0	0	42144	P1-1-546	0	-
561	45.3943	45.7329	F6	110	55	0	0	42386	P1-1-548	0	-
562	45.4338	45.5289	F#2	33	56	0	0	42628	*	3	-
563	45.6037	45.6667	C#2	100	59	0	0	42628	P1-1-549	0	-
564	45.7255	45.8312	C6	79	64	0	0	42749	P1-1-550	0	-
565	45.8334	45.952	Eb6	80	64	0	0	42870	P1-1-551	0	-
566	45.8419	45.874	F3	82	69	0	0	42870	P1-1-552	0	-
567	45.9391	46.046	C#6	78	64	0	0	42991	P1-1-553	0	-
568	46.0428	46.1806	G#5	75	60	0	0	43112	P1-1-554	0	-
569	46.1485	46.2853	C6	67	60	0	0	43233	P1-1-555	0	-
570	46.2447	46.328	Bb5	77	63	0	0	43354	P1-1-556	0	-
571	46.2532	46.2864	G#3	75	69	0	0	43354	P1-1-557	0	-
572	46.3451	46.4349	G5	75	57	0	0	43474	P1-1-558	0	-
573	46.4627	46.5342	Bb5	71	62	0	0	43595	P1-1-559	0	-
574	46.5556	46.6389	F5	73	57	0	0	43716	P1-1-560	0	-
575	46.6571	46.7735	G#5	65	55	0	0	43837	P1-1-561	0	-
576	46.6678	46.7094	F3	63	67	0	0	43837	P1-1-562	0	-
577	46.7586	46.8441	F#5	68	62	0	0	43958	P1-1-563	0	-
578	46.859	46.9648	Eb5	68	60	0	0	44079	P1-1-564	0	-
579	46.9541	47.0812	F#5	67	48	0	0	44200	P1-1-565	0	-
580	47.0353	47.1026	G#3	72	62	0	0	44321	P1-1-567	0	-
581	47.0503	47.1539	F5	72	62	0	0	44321	P1-1-566	0	-
582	47.156	47.2394	C#5	82	63	0	0	44442	P1-1-568	0	-
583	47.2554	47.3462	F5	71	64	0	0	44563	P1-1-569	0	-
584	47.3622	47.4627	C5	57	64	0	0	44684	P1-1-570	0	-
585	47.4039	47.4466	B4	37	33	0	0	44684	*	3	-
586	47.4424	47.5	F4	91	67	0	0	44805	P1-1-572	0	-
587	47.4669	47.5855	Eb5	68	62	0	0	44805	P1-1-571	0	-
588	47.5471	47.624	C#5	78	61	0	0	44926	P1-1-573	0	-
589	47.655	47.687	G#4	73	68	0	0	45047	P1-1-574	0	-
590	47.7575	47.7896	C#5	71	57	0	0	45168	P1-1-575	0	-
591	47.8366	47.8718	F5	108	72	0	0	45289	P1-1-577	0	-
592	47.8526	47.9007	B4	53	60	0	0	45289	P1-1-576	0	-
593	47.9178	48.0033	G#4	71	61	0	0	45410	P1-1-578	0	-
594	48.0161	48.0855	B4	71	61	0	0	45531	P1-1-579	0	-
595	48.14	48.2212	G#4	75	60	0	0	45652	P1-1-580	0	-
596	48.2308	48.3825	F6	112	66	0	0	45773	P1-1-582	0	-
597	48.233	48.2917	B4	67	56	0	0	45773	P1-1-581	0	-
598	48.3334	48.4712	A4	69	64	0	0	45894	P1-1-583	0	-
599	48.4381	48.4765	F#6	102	69	0	0	46015	P1-1-585	0	-
600	48.4573	48.5022	Bb4	86	67	0	0	46015	P1-1-584	0	-
601	48.6966	49.0203	Bb6	94	63	0	0	46257	P1-1-586	0	-
602	48.7105	48.7725	G#6	85	56	0	0	46257	*	3	-
603	48.7618	48.8035	A6	35	56	0	0	46257	*	3	-
604	48.9039	48.9594	F#2	105	63	0	0	46499	P1-1-587	0	-
605	49.0065	49.1347	F6	85	62	0	0	46620	P1-1-588	0	-
606	49.1304	49.2415	G#6	85	65	0	0	46741	P1-1-589	0	-
607	49.1389	49.1763	Bb3	92	63	0	0	46741	P1-1-590	0	-
608	49.2255	49.3216	F#6	86	65	0	0	46862	P1-1-591	0	-
609	49.3377	49.4498	C#6	78	63	0	0	46983	P1-1-592	0	-
610	49.4221	49.5471	F6	67	55	0	0	47104	P1-1-593	0	-
611	49.5118	49.593	Eb6	79	65	0	0	47224	P1-1-594	0	-
612	49.5289	49.5609	C#4	78	68	0	0	47224	P1-1-595	0	-
613	49.6165	49.6956	C6	71	57	0	0	47345	P1-1-596	0	-
614	49.7233	49.796	Eb6	75	62	0	0	47466	P1-1-597	0	-
615	49.8227	49.9146	Bb5	69	59	0	0	47587	P1-1-598	0	-
616	49.9071	49.9349	Bb3	79	70	0	0	47708	P1-1-600	0	-
617	49.9231	50.0257	C#6	71	58	0	0	47708	P1-1-599	0	-
618	50.0161	50.1015	B5	71	63	0	0	47829	P1-1-601	0	-
619	50.1208	50.2137	G#5	68	60	0	0	47950	P1-1-602	0	-
620	50.2233	50.3398	B5	70	56	0	0	48071	P1-1-603	0	-
621	50.2992	50.3302	C#4	71	66	0	0	48192	P1-1-605	0	-
622	50.3206	50.4007	Bb5	69	62	0	0	48192	P1-1-604	0	-
623	50.3996	50.4797	F#5	73	63	0	0	48313	P1-1-606	0	-
624	50.4947	50.5919	B5	70	64	0	0	48434	P1-1-607	0	-
625	50.5994	50.7062	G5	64	61	0	0	48555	P1-1-608	0	-
626	50.6742	50.7084	F4	82	66	0	0	48676	P1-1-610	0	-
627	50.6945	50.8152	Bb5	74	62	0	0	48676	P1-1-609	0	-
628	50.7832	50.8537	G#5	76	63	0	0	48797	P1-1-611	0	-
629	50.8804	51	E5	71	59	0	0	48918	P1-1-612	0	-
630	50.9733	51.1389	F#5	75	62	0	0	49039	P1-1-613	0	-
631	51.0535	51.1208	G#5	94	59	0	0	49160	P1-1-615	0	-
632	51.0631	51.1571	F5	73	64	0	0	49160	P1-1-614	0	-
633	51.1795	51.233	C#5	83	63	0	0	49281	P1-1-616	0	-
634	51.2725	51.3473	Eb5	73	62	0	0	49402	P1-1-617	0	-
635	51.312	51.3526	Bb5	25	49	0	0	49523	*	3	-
636	51.3633	51.4691	B4	73	65	0	0	49523	P1-1-618	0	-
637	51.453	51.6197	F6	100	55	0	0	49644	P1-1-620	0	-
638	51.4637	51.5812	Eb5	76	60	0	0	49644	P1-1-619	0	-
639	51.5054	51.5065	E6	34	127	0	0	49644	*	3	-
640	51.5631	51.6486	C#5	82	65	0	0	49765	P1-1-621	0	-
641	51.6347	51.6827	F#6	103	68	0	0	49886	P1-1-623	0	-
642	51.6667	51.7095	Bb4	91	66	0	0	49886	P1-1-622	0	-
643	51.905	52.2233	Bb6	107	62	0	0	50128	P1-1-624	0	-
644	52.0118	52.0631	Bb2	25	45	0	0	50370	*	3	-
645	52.1165	52.1635	F#2	105	61	0	0	50370	P1-1-625	0	-
646	52.2319	52.3515	F6	84	62	0	0	50491	P1-1-626	0	-
647	52.3409	52.3889	Bb3	102	60	0	0	50612	P1-1-628	0	-
648	52.3451	52.4669	G#6	84	64	0	0	50612	P1-1-627	0	-
649	52.4424	52.5481	F#6	83	65	0	0	50733	P1-1-629	0	-
650	52.5513	52.6699	C#6	79	63	0	0	50854	P1-1-630	0	-
651	52.6379	52.7928	F6	73	60	0	0	50974	P1-1-631	0	-
652	52.7287	52.7629	C#4	89	67	0	0	51095	P1-1-633	0	-
653	52.7522	52.8302	Eb6	75	64	0	0	51095	P1-1-632	0	-
654	52.8451	52.9146	C6	72	60	0	0	51216	P1-1-634	0	-
655	52.9445	52.9958	Eb6	76	61	0	0	51337	P1-1-635	0	-
656	53.0385	53.1475	Bb5	76	60	0	0	51458	P1-1-636	0	-
657	53.1475	53.1785	Bb3	74	69	0	0	51579	P1-1-638	0	-
658	53.155	53.2789	C#6	73	52	0	0	51579	P1-1-637	0	-
659	53.2479	53.3184	B5	69	62	0	0	51700	P1-1-639	0	-
660	53.3366	53.4359	G#5	69	61	0	0	51821	P1-1-640	0	-
661	53.4498	53.5481	B5	69	57	0	0	51942	P1-1-641	0	-
662	53.5246	53.5588	C#4	66	65	0	0	52063	P1-1-643	0	-
663	53.5342	53.6112	Bb5	62	62	0	0	52063	P1-1-642	0	-
664	53.6261	53.7009	F#5	67	63	0	0	52184	P1-1-644	0	-
665	53.7426	53.78	Bb5	70	62	0	0	52305	P1-1-645	0	-
666	53.8302	53.9156	G5	66	59	0	0	52426	P1-1-646	0	-
667	53.906	53.9402	D4	70	65	0	0	52547	P1-1-649	0	-
668	53.9221	53.9562	F3	53	61	0	0	52547	P1-1-648	0	-
669	53.9274	54.0545	Bb5	66	55	0	0	52547	P1-1-647	0	-
670	54.0236	54.0663	G#5	64	62	0	0	52668	P1-1-650	0	-
671	54.1347	54.1881	F5	64	50	0	0	52789	P1-1-651	0	-
672	54.218	54.3045	G#5	66	58	0	0	52910	P1-1-652	0	-
673	54.3056	54.4231	F#5	57	61	0	0	53031	P1-1-653	0	-
674	54.3109	54.3419	F4	74	69	0	0	-1	*	3	-
675	54.39	54.4445	Eb5	71	61	0	0	53152	P1-1-655	0	-
676	54.4936	54.5289	D5	47	58	0	0	53273	P1-1-656	0	-
677	54.577	54.6678	G#4	72	60	0	0	53394	P1-1-657	0	-
678	54.6624	54.7853	B4	75	65	0	0	53515	P1-1-658	0	-
679	54.6881	54.8377	D6	107	62	0	0	53515	P1-1-659	0	-
680	54.78	54.8751	Bb4	78	62	0	0	53636	P1-1-660	0	-
681	54.8825	54.9231	Eb6	113	65	0	0	53757	P1-1-662	0	-
682	54.8911	54.9392	F#4	94	66	0	0	53757	P1-1-661	0	-
683	55.1496	55.4157	F#6	109	61	0	0	53999	P1-1-663	0	-
684	55.3697	55.4253	Eb2	112	63	0	0	54241	P1-1-664	0	-
685	55.4637	55.5855	D6	88	65	0	0	54362	P1-1-665	0	-
686	55.5663	55.671	F6	86	63	0	0	54483	P1-1-666	0	-
687	55.5834	55.6315	F#3	103	66	0	0	54483	P1-1-667	0	-
688	55.656	55.7308	Eb6	94	65	0	0	54603	P1-1-668	0	-
689	55.7853	55.8312	F#5	99	63	0	0	54724	P1-1-669	0	-
690	56.0364	56.0727	C3	100	64	0	0	54966	P1-1-675	0	-
691	56.0374	56.0727	C2	88	66	0	0	54966	P1-1-673	0	-
692	56.0396	56.1048	G#2	93	66	0	0	54966	P1-1-674	0	-
693	56.046	56.0962	F#5	112	70	0	0	54966	P1-1-670	0	-
694	56.046	56.1037	F#6	114	68	0	0	54966	P1-1-672	0	-
695	56.0503	56.1122	Eb6	96	62	0	0	54966	P1-1-671	0	-
696	56.296	56.3345	F5	96	68	0	0	55208	P1-1-676	0	-
697	56.515	56.8537	F6	107	60	0	0	55450	P1-1-679	0	-
698	56.5182	56.6058	C#3	102	63	0	0	55450	P1-1-682	0	-
699	56.5182	56.7372	F5	109	50	0	0	55450	P1-1-677	0	-
700	56.5182	56.6988	C#6	94	57	0	0	55450	P1-1-678	0	-
701	56.5204	56.6112	C#2	89	64	0	0	55450	P1-1-680	0	-
702	56.5204	56.6753	G#2	96	62	0	0	55450	P1-1-681	0	-
703	56.7212	56.7789	C#2	110	65	0	0	55692	P1-1-683	0	-
704	56.859	56.9616	C6	68	62	0	0	55813	P1-1-684	0	-
705	56.9317	56.9691	F3	90	67	0	0	55934	P1-1-686	0	-
706	56.9616	57.0674	Eb6	76	62	0	0	55934	P1-1-685	0	-
707	57.062	57.1731	C#6	77	62	0	0	56055	P1-1-687	0	-
708	57.1795	57.2714	G#5	75	62	0	0	56176	P1-1-688	0	-
709	57.2714	57.4103	C6	62	61	0	0	56297	P1-1-689	0	-
710	57.3665	57.3964	G#3	84	71	0	0	56418	P1-1-691	0	-
711	57.3761	57.4445	Bb5	77	63	0	0	56418	P1-1-690	0	-
712	57.4669	57.5524	G5	76	58	0	0	56539	P1-1-692	0	-
713	57.578	57.6486	Bb5	76	64	0	0	56660	P1-1-693	0	-
714	57.6753	57.7618	F5	73	55	0	0	56781	P1-1-694	0	-
715	57.7629	57.8024	F3	77	70	0	0	56902	P1-1-696	0	-
716	57.7704	57.8729	G#5	68	59	0	0	56902	P1-1-695	0	-
717	57.8686	57.9498	F#5	67	62	0	0	57023	P1-1-697	0	-
718	57.9755	58.078	Eb5	68	56	0	0	57144	P1-1-698	0	-
719	58.0727	58.2533	F#5	66	60	0	0	57265	P1-1-699	0	-
720	58.1635	58.203	G#3	74	67	0	0	57386	P1-1-701	0	-
721	58.2095	58.2586	F5	42	57	0	0	57386	P1-1-700	0	-
722	58.2746	58.3548	C#5	78	60	0	0	57507	P1-1-702	0	-
723	58.3857	58.4605	F#5	72	58	0	0	57628	P1-1-703	0	-
724	58.4733	58.593	D5	77	60	0	0	57749	P1-1-704	0	-
725	58.5535	58.5887	C4	83	67	0	0	57870	P1-1-706	0	-
726	58.5738	58.6966	F5	65	62	0	0	57870	P1-1-705	0	-
727	58.6646	58.7372	Eb5	74	63	0	0	57991	P1-1-707	0	-
728	58.7607	58.8868	B4	75	59	0	0	58112	P1-1-708	0	-
729	58.8516	59.0054	C#5	78	61	0	0	58233	P1-1-709	0	-
730	58.8825	58.9295	G#5	21	43	0	0	58353	*	3	-
731	58.936	58.9883	Eb5	101	59	0	0	58353	P1-1-711	0	-
732	58.9413	59.0225	C5	68	64	0	0	58353	P1-1-710	0	-
733	59.0471	59.1026	G#4	76	64	0	0	58474	P1-1-712	0	-
734	59.1507	59.218	Bb4	75	60	0	0	58595	P1-1-713	0	-
735	59.2447	59.3419	F#4	72	60	0	0	58716	P1-1-714	0	-
736	59.3419	59.5097	C6	90	56	0	0	58837	P1-1-716	0	-
737	59.3462	59.4605	Bb4	68	52	0	0	58837	P1-1-715	0	-
738	59.4274	59.4979	G#4	73	63	0	0	58958	P1-1-717	0	-
739	59.5236	59.5449	C#6	91	72	0	0	59079	P1-1-719	0	-
740	59.5417	59.6251	F4	81	59	0	0	59079	P1-1-718	0	-
741	59.7757	60.1336	F5	97	57	0	0	59321	P1-1-720	0	-
742	59.9776	60.0107	C#2	99	70	0	0	59563	P1-1-721	0	-
743	60.0951	60.2127	C5	74	62	0	0	59684	P1-1-722	0	-
744	60.218	60.3206	Eb5	70	62	0	0	59805	P1-1-723	0	-
745	60.2233	60.2575	F3	70	67	0	0	59805	P1-1-724	0	-
746	60.327	60.4146	C#5	70	62	0	0	59926	P1-1-725	0	-
747	60.4253	60.5193	G#4	62	60	0	0	60047	P1-1-726	0	-
748	60.5075	60.6261	C5	71	61	0	0	60168	P1-1-727	0	-
749	60.6154	60.6475	G#3	76	70	0	0	60289	P1-1-729	0	-
750	60.6229	60.6945	Bb4	70	63	0	0	60289	P1-1-728	0	-
751	60.7052	60.8067	G4	69	55	0	0	60410	P1-1-730	0	-
752	60.8184	60.8708	Bb4	64	64	0	0	60531	P1-1-731	0	-
753	60.9114	61.0139	F4	67	61	0	0	60652	P1-1-732	0	-
754	61.0086	61.1165	G#4	64	57	0	0	60773	P1-1-733	0	-
755	61.0129	61.046	F3	67	68	0	0	60773	P1-1-734	0	-
756	61.1165	61.1956	F#4	63	60	0	0	60894	P1-1-735	0	-
757	61.2266	61.3238	Eb4	65	58	0	0	61015	P1-1-736	0	-
758	61.3152	61.4733	F#4	64	60	0	0	61136	P1-1-737	0	-
759	61.4039	61.4402	G#3	69	66	0	0	61257	P1-1-739	0	-
760	61.4242	61.4776	F4	52	64	0	0	61257	P1-1-738	0	-
761	61.5001	61.5716	C#4	77	55	0	0	61378	P1-1-740	0	-
762	61.6176	61.6592	F#4	62	60	0	0	61499	P1-1-741	0	-
763	61.6988	61.8494	D4	67	46	0	0	61620	P1-1-742	0	-
764	61.7821	61.811	C4	74	69	0	0	61741	P1-1-744	0	-
765	61.8088	61.9018	F4	52	60	0	0	61741	P1-1-743	0	-
766	61.8815	61.9349	Eb4	66	58	0	0	61862	P1-1-745	0	-
767	61.9776	62.1112	B3	63	53	0	0	61983	P1-1-746	0	-
768	62.1251	62.2201	D4	36	57	0	0	62103	P1-1-747	1	-
769	62.1838	62.2276	C4	51	65	0	0	62224	P1-1-748	0	-
770	62.1838	62.2073	Eb5	89	69	0	0	62224	P1-1-749	0	-
771	62.265	62.3056	G#3	65	66	0	0	62345	P1-1-750	0	-
772	62.3644	62.4082	Bb3	65	66	0	0	62466	P1-1-751	0	-
773	62.4766	62.5695	F#3	57	59	0	0	62587	P1-1-752	0	-
774	62.5652	62.6699	Bb3	61	61	0	0	62708	P1-1-753	0	-
775	62.5748	62.6005	C6	76	71	0	0	62708	P1-1-754	0	-
776	62.781	62.8462	Eb3	52	53	0	0	62950	P1-1-756	0	-
777	62.874	63.0075	F#3	48	38	0	0	63071	P1-1-757	0	-
778	62.9541	62.9787	C#6	66	67	0	0	63192	P1-1-759	0	-
779	62.9744	63.0748	F3	68	63	0	0	63192	P1-1-758	0	-
780	63.3216	63.3708	G3	30	53	0	0	63434	P1-1-761	1	-
781	63.4039	63.4787	C3	60	62	0	0	63555	P1-1-762	0	-
782	63.5054	63.5791	Eb3	61	64	0	0	63676	P1-1-763	0	-
783	63.5748	63.6048	C#3	75	66	0	0	63797	P1-1-764	0	-
784	63.6924	63.781	F4	61	62	0	0	63918	P1-1-765	0	-
785	63.765	63.8409	C4	56	58	0	0	64039	P1-1-766	0	-
786	63.8612	63.9477	Eb4	52	61	0	0	64160	P1-1-767	0	-
787	63.9616	64.0075	C#4	37	55	0	0	64281	P1-1-768	0	-
788	64.0588	64.1678	F4	60	59	0	0	64402	P1-1-769	0	-
789	64.1828	64.2575	C4	50	57	0	0	64523	P1-1-770	0	-
790	64.2533	64.3387	Eb4	59	61	0	0	64644	P1-1-771	0	-
791	64.3804	64.4231	C#4	50	63	0	0	64765	P1-1-772	0	-
792	64.4691	64.5813	F5	52	51	0	0	64886	P1-1-773	0	-
793	64.5727	64.6934	C5	41	56	0	0	65007	P1-1-774	0	-
794	64.7116	64.8911	Eb5	29	44	0	0	65128	P1-1-775	0	-
795	64.8922	67.0011	C#5	31	42	0	0	65249	P1-1-776	0	-
796	68.2629	68.5503	C5	47	53	0	0	65370	P1-1-778	0	-
797	68.2672	68.327	F2	37	55	0	0	65370	P1-1-779	0	-
798	68.2672	68.5535	G#4	37	37	0	0	65370	P1-1-777	0	-
799	68.2885	68.3387	F3	33	55	0	0	65370	P1-1-780	0	-
800	68.5204	68.7169	G2	51	54	0	0	65612	P1-1-783	0	-
801	68.5214	68.6069	E4	49	52	0	0	65612	P1-1-781	0	-
802	68.5214	68.7746	Bb4	54	61	0	0	65612	P1-1-782	0	-
803	68.7501	68.7917	F4	58	65	0	0	65853	P1-1-785	0	-
804	68.7501	68.7992	G#4	54	62	0	0	65853	P1-1-786	0	-
805	68.7533	68.9082	G#2	53	60	0	0	65853	P1-1-787	0	-
806	68.9573	69.0022	Bb2	54	63	0	0	66095	P1-1-792	0	-
807	68.9573	68.9958	E4	57	67	0	0	66095	P1-1-790	0	-
808	68.9573	68.9947	G4	60	65	0	0	66095	P1-1-791	0	-
809	68.968	69.0011	C#4	51	58	0	0	66095	P1-1-789	0	-
810	68.9744	69.0075	Bb3	54	63	0	0	66095	P1-1-793	0	-
811	69.1828	69.2244	F4	65	64	0	0	66337	P1-1-796	0	-
812	69.1913	69.2212	G#3	57	63	0	0	66337	P1-1-794	0	-
813	69.1913	69.2319	D4	52	64	0	0	66337	P1-1-795	0	-
814	69.2073	69.2458	B2	45	53	0	0	66337	P1-1-797	0	-
815	69.2137	69.2554	B3	37	52	0	0	66337	P1-1-798	0	-
816	69.4296	69.4819	F4	59	58	0	0	66579	P1-1-801	0	-
817	69.4338	69.4691	G#3	49	60	0	0	66579	P1-1-799	0	-
818	69.4456	69.4851	B2	44	52	0	0	66579	P1-1-802	0	-
819	69.4456	69.4851	B3	44	53	0	0	66579	P1-1-803	0	-
820	69.4584	69.5086	D4	21	42	0	0	66579	P1-1-800	0	-
821	69.7009	69.9093	E4	59	38	0	0	66821	P1-1-805	0	-
822	69.7276	69.7917	G3	46	46	0	0	66821	P1-1-804	0	-
823	69.7287	69.8986	C3	39	50	0	0	66821	P1-1-806	0	-
824	69.7383	69.7949	C4	30	64	0	0	66821	P1-1-807	0	-
825	70.218	70.2704	C2	95	66	0	0	67305	P1-1-811	0	-
826	70.218	70.4434	G5	99	60	0	0	67305	P1-1-810	0	-
827	70.2191	70.265	C3	107	67	0	0	67305	P1-1-812	0	-
828	70.2191	70.3056	E5	93	60	0	0	67305	P1-1-809	0	-
829	70.2244	70.2672	C5	90	62	0	0	67305	P1-1-808	0	-
830	70.4328	70.5001	E5	93	64	0	0	67547	P1-1-815	0	-
831	70.437	70.4872	E3	101	66	0	0	67547	P1-1-817	0	-
832	70.437	70.4894	C5	93	66	0	0	67547	P1-1-814	0	-
833	70.4392	70.4798	E2	95	65	0	0	67547	P1-1-816	0	-
834	70.4434	70.5001	G4	89	61	0	0	67547	P1-1-813	0	-
835	70.6561	70.6956	G3	100	69	0	0	67789	P1-1-822	0	-
836	70.6561	70.7105	C5	99	66	0	0	67789	P1-1-820	0	-
837	70.6582	70.6881	G2	96	71	0	0	67789	P1-1-821	0	-
838	70.6603	70.7031	E4	94	66	0	0	67789	P1-1-818	0	-
839	70.6614	70.6945	G4	87	64	0	0	67789	P1-1-819	0	-
840	70.8751	70.9274	C3	95	63	0	0	68031	P1-1-826	0	-
841	70.8751	70.9114	C4	94	66	0	0	68031	P1-1-827	0	-
842	70.8751	70.9338	C5	93	65	0	0	68031	P1-1-825	0	-
843	70.8761	70.9253	G4	90	60	0	0	68031	P1-1-824	0	-
844	70.8793	70.9242	E4	88	64	0	0	68031	P1-1-823	0	-
845	71.1048	71.1646	G4	97	64	0	0	68273	P1-1-829	0	-
846	71.1048	71.1796	C5	94	65	0	0	68273	P1-1-830	0	-
847	71.109	71.1464	G3	91	66	0	0	68273	P1-1-832	0	-
848	71.109	71.1582	E4	89	65	0	0	68273	P1-1-828	0	-
849	71.1101	71.1657	G2	92	66	0	0	68273	P1-1-831	0	-
850	71.3355	71.4563	B4	98	61	0	0	68515	P1-1-834	0	-
851	71.3355	71.4637	D5	96	59	0	0	68515	P1-1-835	0	-
852	71.3398	71.3922	G1	90	62	0	0	68515	P1-1-836	0	-
853	71.3398	71.389	G2	98	66	0	0	68515	P1-1-837	0	-
854	71.3409	71.436	G4	99	47	0	0	68515	P1-1-833	0	-
855	71.608	71.8099	E5	110	65	0	0	68757	P1-1-840	0	-
856	71.6133	71.8014	C5	95	60	0	0	68757	P1-1-839	0	-
857	71.6144	71.6699	C3	99	67	0	0	68757	P1-1-842	0	-
858	71.6144	71.7875	G4	99	63	0	0	68757	P1-1-838	0	-
859	71.6165	71.6507	C2	95	69	0	0	68757	P1-1-841	0	-
860	71.6828	71.7447	Eb5	13	52	0	0	68757	*	3	-
861	72.53	72.8943	C5	59	59	0	0	69241	P1-1-844	0	-
862	72.5385	72.6443	F2	42	59	0	0	69241	P1-1-845	0	-
863	72.5417	72.6582	F3	43	62	0	0	69241	P1-1-846	0	-
864	72.5428	72.8804	G#4	46	58	0	0	69241	P1-1-843	0	-
865	72.8163	73.1283	Bb4	81	62	0	0	69491	P1-1-848	0	-
866	72.8249	72.9531	E4	69	58	0	0	69491	P1-1-847	0	-
867	72.8259	72.8847	G3	59	64	0	0	69491	P1-1-850	0	-
868	72.8345	73.0855	G2	52	56	0	0	69491	P1-1-849	0	-
869	73.0717	73.342	G#4	68	35	0	0	69741	P1-1-852	0	-
870	73.0866	73.1507	G#3	59	63	0	0	69741	P1-1-854	0	-
871	73.0994	73.3751	G#2	57	59	0	0	69741	P1-1-853	0	-
872	73.0994	73.1828	F4	69	61	0	0	69741	P1-1-851	0	-
873	73.3719	73.4338	G4	61	61	0	0	69995	P1-1-857	0	-
874	73.3793	73.4381	E4	55	64	0	0	69995	P1-1-856	0	-
875	73.3804	73.5343	Bb3	43	53	0	0	69995	P1-1-859	0	-
876	73.3825	73.4541	C#4	57	58	0	0	69995	P1-1-855	0	-
877	73.4007	73.5503	Bb2	48	58	0	0	69995	P1-1-858	0	-
878	73.7234	73.7939	F4	54	60	0	0	70253	P1-1-862	0	-
879	73.7266	73.8088	B2	50	61	0	0	70253	P1-1-863	0	-
880	73.7372	73.7832	G#3	51	63	0	0	70253	P1-1-860	0	-
881	73.7372	73.7992	D4	43	60	0	0	70253	P1-1-861	0	-
882	74.1764	74.2821	G#3	38	51	0	0	70512	P1-1-865	0	-
883	74.1828	74.2693	F4	42	59	0	0	70512	P1-1-867	0	-
884	74.1967	74.2821	B2	32	55	0	0	70512	P1-1-868	0	-
885	74.2041	74.28	D4	29	53	0	0	70512	P1-1-866	0	-
886	74.2137	74.2832	B3	20	48	0	0	70512	P1-1-869	0	-
887	74.8217	76.593	E4	40	34	0	0	70771	P1-1-871	0	-
888	74.8249	76.0321	G3	24	33	0	0	70771	P1-1-870	0	-
889	74.8537	76.7148	C3	25	41	0	0	70771	P1-1-872	0	-
890	74.8558	76.0514	C4	15	33	0	0	70771	P1-1-873	0	-
891	77.0439	77.2811	G5	100	58	0	0	71288	P1-1-876	0	-
892	77.0449	77.1112	C2	94	64	0	0	71288	P1-1-877	0	-
893	77.0449	77.1144	C3	101	65	0	0	71288	P1-1-878	0	-
894	77.0449	77.1165	C5	96	64	0	0	71288	P1-1-874	0	-
895	77.0471	77.1539	E5	95	61	0	0	71288	P1-1-875	0	-
896	77.2714	77.3238	E2	90	63	0	0	71530	P1-1-882	0	-
897	77.2714	77.3345	E5	94	64	0	0	71530	P1-1-881	0	-
898	77.2736	77.3281	E3	92	65	0	0	71530	P1-1-883	0	-
899	77.2736	77.3249	C5	90	67	0	0	71530	P1-1-880	0	-
900	77.2821	77.3398	G4	85	57	0	0	71530	P1-1-879	0	-
901	77.4873	77.5514	C5	93	65	0	0	71772	P1-1-886	0	-
902	77.4905	77.5385	G3	94	67	0	0	71772	P1-1-888	0	-
903	77.4905	77.5385	E4	92	64	0	0	71772	P1-1-884	0	-
904	77.4937	77.5279	G4	83	65	0	0	71772	P1-1-885	0	-
905	77.499	77.5353	G2	82	68	0	0	71772	P1-1-887	0	-
906	77.7031	77.765	C5	94	65	0	0	72014	P1-1-891	0	-
907	77.7084	77.7554	E4	91	64	0	0	72014	P1-1-889	0	-
908	77.7084	77.7554	G4	88	61	0	0	72014	P1-1-890	0	-
909	77.7137	77.7554	C3	83	65	0	0	72014	P1-1-892	0	-
910	77.7137	77.7437	C4	81	69	0	0	72014	P1-1-893	0	-
911	77.9253	77.9808	G4	92	63	0	0	72256	P1-1-895	0	-
912	77.9253	77.9915	C5	88	63	0	0	72256	P1-1-896	0	-
913	77.9264	77.9734	E4	85	64	0	0	72256	P1-1-894	0	-
914	77.9424	77.9798	G3	69	65	0	0	72256	P1-1-898	0	-
915	77.9424	77.9691	A3	66	62	0	0	-1	*	3	-
916	77.9435	77.9808	A2	64	65	0	0	-1	*	3	-
917	77.9445	77.9798	G2	76	66	0	0	72256	P1-1-897	0	-
918	78.1475	78.2276	B4	92	64	0	0	72498	P1-1-900	0	-
919	78.1475	78.233	D5	95	62	0	0	72498	P1-1-901	0	-
920	78.1518	78.2052	G4	93	63	0	0	72498	P1-1-899	0	-
921	78.155	78.2009	A1	88	61	0	0	72498	P1-1-902	1	-
922	78.1635	78.2009	A2	76	66	0	0	-1	*	3	-
923	78.1657	78.2052	G2	71	64	0	0	72498	P1-1-903	0	-
924	78.3932	78.6529	E5	99	54	0	0	72740	P1-1-906	0	-
925	78.3954	78.7073	C3	98	61	0	0	72740	P1-1-908	0	-
926	78.3964	78.6251	C5	92	59	0	0	72740	P1-1-905	0	-
927	78.3975	78.7137	C2	90	60	0	0	72740	P1-1-907	0	-
928	78.3975	78.5781	G4	99	58	0	0	72740	P1-1-904	0	-
929	78.8281	78.8868	G5	98	65	0	0	73223	P1-1-910	0	-
930	78.8313	78.8719	E5	92	66	0	0	73223	P1-1-909	0	-
931	78.8462	78.9082	C2	86	61	0	0	73223	P1-1-911	0	-
932	78.8462	78.8954	C3	87	62	0	0	73223	P1-1-912	0	-
933	79.0556	79.124	G5	103	67	0	0	73465	P1-1-914	0	-
934	79.0652	79.1197	D5	97	66	0	0	73465	P1-1-913	0	-
935	79.0706	79.1379	B2	90	66	0	0	73465	P1-1-916	0	-
936	79.0738	79.1336	B1	82	63	0	0	73465	P1-1-915	0	-
937	79.3014	79.5492	G5	108	65	0	0	73707	P1-1-917	0	-
938	79.3056	79.8014	E5	98	60	0	0	73707	P1-1-918	0	-
939	79.311	79.8302	C2	85	61	0	0	73707	P1-1-919	0	-
940	79.311	79.8195	C3	95	61	0	0	73707	P1-1-920	0	-
941	79.5439	79.6197	G#5	88	62	0	0	73949	P1-1-921	0	-
942	79.7629	79.8281	G#5	94	65	0	0	74191	P1-1-922	0	-
943	79.9659	80.046	G#5	96	58	0	0	74433	P1-1-923	0	-
944	79.968	80.3142	C#3	105	63	0	0	74433	P1-1-926	0	-
945	79.9691	80.2618	F5	100	65	0	0	74433	P1-1-924	0	-
946	79.9712	80.3249	C#2	93	61	0	0	74433	P1-1-925	0	-
947	80.2095	80.6892	G#5	98	63	0	0	74675	P1-1-927	0	-
948	80.4071	80.7105	D3	97	64	0	0	74917	P1-1-932	0	-
949	80.4125	80.7276	D2	92	63	0	0	74917	P1-1-931	0	-
950	80.4125	80.5973	F5	93	53	0	0	74917	P1-1-930	0	-
951	80.4157	80.514	Bb5	98	64	0	0	74917	P1-1-929	0	-
952	80.6358	80.7202	Bb5	98	64	0	0	75159	P1-1-933	0	-
953	80.8388	80.9605	Eb5	90	60	0	0	75401	P1-1-935	0	-
954	80.8388	80.9509	G5	88	57	0	0	75401	*	3	-
955	80.8388	80.9445	Bb5	97	62	0	0	75401	P1-1-934	0	-
956	80.8398	80.9509	Eb3	101	68	0	0	75401	P1-1-937	0	-
957	80.843	81.0535	Eb2	94	58	0	0	75401	P1-1-936	0	-
958	81.0578	81.2373	Bb5	94	62	0	0	75643	P1-1-938	0	-
959	81.0695	81.1368	G5	88	64	0	0	75643	P1-1-939	0	-
960	81.2704	81.3195	G#1	95	60	0	0	75885	P1-1-942	0	-
961	81.2725	81.3195	G#2	103	60	0	0	75885	P1-1-943	0	-
962	81.28	81.3441	C6	86	66	0	0	75885	P1-1-940	0	-
963	81.2832	81.3462	G#5	92	64	0	0	75885	P1-1-941	0	-
964	81.4894	81.561	C#6	91	64	0	0	76127	P1-1-944	0	-
965	81.4915	81.5599	Bb5	88	64	0	0	76127	P1-1-946	0	-
966	81.4958	81.5364	C#2	98	63	0	0	76127	P1-1-947	0	-
967	81.4958	81.5257	C#3	103	67	0	0	76127	P1-1-948	0	-
968	81.7031	81.7608	G5	87	59	0	0	76369	P1-1-951	0	-
969	81.7031	81.7853	Bb5	91	64	0	0	76369	P1-1-949	0	-
970	81.7052	81.7682	C#5	94	60	0	0	76369	P1-1-950	0	-
971	81.7105	81.7479	Eb2	98	63	0	0	76369	P1-1-952	0	-
972	81.7138	81.7415	Eb3	101	69	0	0	76369	P1-1-953	0	-
973	81.9392	81.9926	G#5	102	65	0	0	76610	P1-1-954	0	-
974	81.9445	81.9712	C5	94	67	0	0	76610	P1-1-955	0	-
975	81.9488	81.9776	G#2	99	67	0	0	-1	*	3	-
976	81.9488	81.9723	G#3	100	66	0	0	76610	P1-1-957	0	-
977	82.0685	82.1091	G#2	23	59	0	0	76610	P1-1-956	0	-
978	82.4103	82.437	G#4	83	68	0	0	77094	P1-1-958	0	-
979	82.6614	82.9167	G#4	75	56	0	0	77336	P1-1-959	0	-
980	82.6721	82.9413	G#3	53	63	0	0	77336	P1-1-960	0	-
981	82.6753	82.9253	C4	53	62	0	0	77336	P1-1-961	0	-
982	82.9007	82.9969	G4	66	61	0	0	77578	P1-1-962	0	-
983	82.92	82.9541	Bb3	65	66	0	0	77578	P1-1-963	0	-
984	82.921	82.9552	C#4	59	65	0	0	77578	P1-1-964	0	-
985	82.9905	83.0888	F4	74	63	0	0	77699	P1-1-965	0	-
986	83.1037	83.1358	Eb4	72	69	0	0	77820	P1-1-966	0	-
987	83.3366	83.3868	C5	75	64	0	0	78062	P1-1-968	0	-
988	83.3494	83.3826	G#4	64	65	0	0	78062	P1-1-967	0	-
989	83.5791	83.8174	C5	79	62	0	0	78304	P1-1-970	0	-
990	83.5823	83.6892	G#4	76	61	0	0	78304	P1-1-969	0	-
991	83.5834	83.8185	C4	63	53	0	0	78304	P1-1-972	0	-
992	83.5952	84.0054	G#3	59	27	0	0	78304	P1-1-971	0	-
993	83.7768	83.8548	Bb4	73	63	0	0	78546	P1-1-974	0	-
994	83.7779	83.8302	G4	66	61	0	0	78546	P1-1-973	0	-
995	83.8014	84.0439	Bb3	68	55	0	0	78546	P1-1-975	0	-
996	83.8099	84.0097	C#4	57	60	0	0	78546	P1-1-976	0	-
997	83.8259	83.8665	G#4	74	63	0	0	78667	P1-1-978	0	-
998	83.8526	83.8879	F4	74	63	0	0	78667	P1-1-977	0	-
999	83.952	83.9915	G4	81	65	0	0	78788	P1-1-980	0	-
1000	83.9563	83.9841	Eb4	77	69	0	0	78788	P1-1-979	0	-
1001	84.202	84.2576	Eb5	84	64	0	0	79030	P1-1-982	0	-
1002	84.2031	84.2405	C5	77	64	0	0	79030	P1-1-981	0	-
1003	84.4349	84.7063	Eb5	87	62	0	0	79272	P1-1-984	0	-
1004	84.4403	84.6251	C5	75	57	0	0	79272	P1-1-983	0	-
1005	84.4563	84.6742	G#1	72	58	0	0	79272	P1-1-985	0	-
1006	84.4648	84.5364	G#2	68	62	0	0	79272	P1-1-986	0	-
1007	84.6475	84.9306	C#5	84	58	0	0	79514	P1-1-988	0	-
1008	84.6507	84.8826	Bb4	81	49	0	0	79514	P1-1-987	0	-
1009	84.6614	84.7629	Bb1	71	62	0	0	79514	P1-1-989	0	-
1010	84.6614	84.749	Bb2	81	62	0	0	79514	P1-1-990	0	-
1011	84.8591	85.124	C2	71	55	0	0	79756	P1-1-993	0	-
1012	84.8612	84.9103	C3	71	64	0	0	79756	P1-1-994	0	-
1013	84.8655	85.1048	C5	84	59	0	0	79756	P1-1-992	0	-
1014	84.8665	84.9979	G#4	76	57	0	0	79756	P1-1-991	0	-
1015	85.0674	85.171	Bb4	74	64	0	0	79998	P1-1-996	0	-
1016	85.0727	85.1967	C#3	77	62	0	0	79998	P1-1-998	0	-
1017	85.0813	85.2063	C#2	61	60	0	0	79998	P1-1-997	0	-
1018	85.0962	85.3259	G4	69	54	0	0	79998	P1-1-995	0	-
1019	85.2939	85.3462	D3	64	66	0	0	80240	P1-1-1002	0	-
1020	85.2939	85.4841	C5	62	55	0	0	80240	P1-1-1000	0	-
1021	85.2971	85.5225	D2	64	61	0	0	80240	P1-1-1001	0	-
1022	85.2971	85.5001	G#4	68	56	0	0	80240	P1-1-999	0	-
1023	85.5065	85.7426	Bb4	66	58	0	0	80481	P1-1-1004	0	-
1024	85.5118	85.624	Eb2	52	58	0	0	80481	P1-1-1005	0	-
1025	85.5193	85.6133	Eb3	62	60	0	0	80481	P1-1-1006	0	-
1026	85.5225	85.5802	G4	55	57	0	0	80481	P1-1-1003	0	-
1027	85.7223	85.7747	E2	55	61	0	0	80723	P1-1-1009	0	-
1028	85.7266	85.7811	E3	56	60	0	0	80723	P1-1-1010	0	-
1029	85.7309	85.9285	C5	63	62	0	0	80723	P1-1-1008	0	-
1030	85.7426	85.9221	G4	58	57	0	0	80723	P1-1-1007	0	-
1031	85.9306	85.9702	F4	82	67	0	0	80965	P1-1-1011	0	-
1032	85.9338	85.967	F2	78	65	0	0	80965	P1-1-1012	0	-
1033	85.9435	85.9766	F3	70	68	0	0	80965	P1-1-1013	0	-
1034	86.1764	86.4274	F4	91	61	0	0	81207	P1-1-1014	0	-
1035	86.1817	86.3932	F3	41	60	0	0	81207	P1-1-1015	0	-
1036	86.2031	86.3943	G#3	65	59	0	0	81207	P1-1-1016	0	-
1037	86.3954	86.5311	E4	81	62	0	0	81449	P1-1-1017	0	-
1038	86.4039	86.4349	G3	69	67	0	0	81449	P1-1-1018	0	-
1039	86.4082	86.437	Bb3	75	68	0	0	81449	P1-1-1019	0	-
1040	86.4947	86.5866	D4	85	64	0	0	81570	P1-1-1020	0	-
1041	86.5909	86.6219	C4	73	68	0	0	81691	P1-1-1021	0	-
1042	86.8206	86.8494	F4	74	70	0	0	81933	P1-1-1022	0	-
1043	86.8206	86.8537	G#4	73	67	0	0	81933	P1-1-1023	0	-
1044	87.0503	87.2715	F3	59	59	0	0	82175	P1-1-1026	0	-
1045	87.0503	87.3858	G#3	64	37	0	0	82175	P1-1-1027	0	-
1046	87.0503	87.0781	F4	75	70	0	0	82175	P1-1-1024	0	-
1047	87.0524	87.0845	G#4	70	67	0	0	82175	P1-1-1025	0	-
1048	87.2768	87.53	G3	58	63	0	0	82417	P1-1-1030	0	-
1049	87.2789	87.515	Bb3	51	63	0	0	82417	P1-1-1031	0	-
1050	87.2853	87.3591	E4	77	66	0	0	82417	P1-1-1028	0	-
1051	87.2971	87.4029	G4	70	56	0	0	82417	P1-1-1029	0	-
1052	87.3591	87.4552	D4	72	63	0	0	82538	P1-1-1032	0	-
1053	87.3665	87.4883	F4	73	60	0	0	82538	P1-1-1033	0	-
1054	87.4499	87.5012	C4	80	63	0	0	82659	P1-1-1034	0	-
1055	87.4531	87.4958	E4	80	67	0	0	82659	P1-1-1035	0	-
1056	87.6742	87.7341	C5	86	64	0	0	82901	P1-1-1037	0	-
1057	87.6817	87.717	G#4	75	65	0	0	82901	P1-1-1036	0	-
1058	87.9157	88.2031	C5	75	57	0	0	83143	P1-1-1039	0	-
1059	87.9232	88.0033	F2	65	62	0	0	83143	P1-1-1040	0	-
1060	87.9253	87.9979	F3	71	64	0	0	83143	P1-1-1041	0	-
1061	87.9253	88.1208	G#4	72	51	0	0	83143	P1-1-1038	0	-
1062	88.1422	88.3441	Bb4	73	63	0	0	83385	P1-1-1043	0	-
1063	88.1443	88.2106	G3	74	64	0	0	83385	P1-1-1045	0	-
1064	88.1454	88.3708	G4	77	59	0	0	83385	P1-1-1042	0	-
1065	88.1497	88.3708	G2	65	63	0	0	83385	P1-1-1044	0	-
1066	88.3526	88.5791	G#4	68	53	0	0	83627	P1-1-1047	0	-
1067	88.3612	88.546	G#2	66	62	0	0	83627	P1-1-1048	0	-
1068	88.3633	88.4338	G#3	74	64	0	0	83627	P1-1-1049	0	-
1069	88.3633	88.4488	F4	73	61	0	0	83627	P1-1-1046	0	-
1070	88.5663	88.8046	G4	71	57	0	0	83869	P1-1-1051	0	-
1071	88.5717	88.6967	Bb2	64	61	0	0	83869	P1-1-1052	0	-
1072	88.5749	88.6913	E4	69	59	0	0	83869	P1-1-1050	0	-
1073	88.5791	88.7084	Bb3	75	61	0	0	83869	P1-1-1053	0	-
1074	88.8024	89.0749	G#4	61	62	0	0	84110	P1-1-1055	0	-
1075	88.8088	88.9851	B2	58	36	0	0	84110	P1-1-1056	0	-
1076	88.8153	88.9007	B3	54	52	0	0	84110	P1-1-1057	0	-
1077	88.8153	89.0129	F4	57	46	0	0	84110	P1-1-1054	0	-
1078	89.1304	89.5247	G4	48	57	0	0	84352	P1-1-1059	0	-
1079	89.1432	89.4969	E4	45	34	0	0	84352	P1-1-1058	0	-
1080	89.1486	89.6838	C3	44	40	0	0	84352	P1-1-1060	0	-
1081	89.1497	89.3014	C4	45	59	0	0	84352	P1-1-1061	0	-
1082	89.6796	89.8281	C5	72	63	0	0	84836	P1-1-1062	0	-
1083	89.6903	90.2918	G#3	59	54	0	0	84836	P1-1-1065	0	-
1084	89.6967	89.9873	G#2	54	52	0	0	84836	P1-1-1064	0	-
1085	89.7052	89.8014	F4	61	61	0	0	84836	P1-1-1063	0	-
1086	89.967	90.2736	C5	88	63	0	0	85082	P1-1-1066	0	-
1087	90.2832	90.7373	D5	81	56	0	0	85328	P1-1-1067	0	-
1088	90.3003	90.6935	Bb2	52	59	0	0	85328	P1-1-1068	0	-
1089	90.3046	90.7469	G4	59	55	0	0	85328	*	3	-
1090	90.3206	90.5268	G2	49	55	0	0	85328	P1-1-1069	0	-
1091	90.64	91.1785	G5	80	53	0	0	85574	P1-1-1070	0	-
1092	90.6561	90.8227	Bb3	51	57	0	0	85574	P1-1-1071	0	-
1093	91.0738	91.7682	F5	61	34	0	0	85820	P1-1-1072	0	-
1094	91.1048	91.9969	C5	43	38	0	0	85820	*	3	-
1095	91.1144	92.1368	C3	39	56	0	0	85820	P1-1-1074	0	-
1096	91.1262	91.499	G#3	40	61	0	0	85820	P1-1-1073	0	-
1097	91.7319	92.1326	E5	44	61	0	0	86066	P1-1-1075	0	-
1098	91.7501	92.108	G3	35	44	0	0	86066	P1-1-1076	0	-
1099	92.1796	92.3665	F5	103	52	0	0	86312	P1-1-1078	0	-
1100	92.1806	92.4894	C#3	100	69	0	0	86312	P1-1-1079	0	-
1101	92.1828	92.3324	F3	96	60	0	0	86312	P1-1-1080	0	-
1102	92.1881	92.3591	G#4	96	57	0	0	86312	P1-1-1077	0	-
1103	92.4584	92.5257	G5	101	65	0	0	86554	P1-1-1082	0	-
1104	92.4606	92.4841	F3	108	76	0	0	86554	P1-1-1084	0	-
1105	92.4616	92.4905	Bb2	96	69	0	0	86554	P1-1-1083	0	-
1106	92.4627	92.5086	C#5	104	67	0	0	86554	P1-1-1081	0	-
1107	93.4659	93.5129	F3	100	66	0	0	87763	P1-1-1089	0	-
1108	93.4702	93.5097	F5	91	66	0	0	87763	P1-1-1086	0	-
1109	93.4702	93.53	G#5	99	67	0	0	87763	P1-1-1087	0	-
1110	93.4723	93.5097	C3	95	64	0	0	87763	P1-1-1088	0	-
1111	93.4734	93.514	C5	88	67	0	0	87763	P1-1-1085	0	-
1112	93.6956	93.7394	C3	97	63	0	0	88005	P1-1-1093	0	-
1113	93.6967	93.7244	E3	95	71	0	0	88005	P1-1-1094	0	-
1114	93.7009	93.7405	C5	104	68	0	0	88005	P1-1-1090	0	-
1115	93.7009	93.7447	C6	93	65	0	0	88005	P1-1-1092	0	-
1116	93.7031	93.7458	G5	92	63	0	0	88005	P1-1-1091	0	-
1117	93.9114	93.9723	F5	109	69	0	0	88247	P1-1-1095	0	-
1118	93.9136	93.9584	G2	98	67	0	0	88247	P1-1-1096	1	-
1119	93.9136	93.9563	F3	101	68	0	0	88247	P1-1-1097	0	-
1120	94.186	94.5471	G5	111	59	0	0	88489	P1-1-1099	0	-
1121	94.1892	94.5118	E5	107	56	0	0	88489	P1-1-1098	0	-
1122	94.1988	94.5183	C3	104	59	0	0	88489	P1-1-1101	0	-
1123	94.2074	94.5717	C2	98	58	0	0	88489	P1-1-1100	0	-
1124	94.6326	94.6988	G5	106	68	0	0	88973	P1-1-1103	0	-
1125	94.6347	94.6849	B2	99	69	0	0	88973	P1-1-1105	0	-
1126	94.6358	94.6913	B1	88	64	0	0	88973	P1-1-1104	0	-
1127	94.6379	94.6945	D5	95	68	0	0	88973	P1-1-1102	0	-
1128	94.6839	94.6849	F5	39	127	0	0	88973	*	3	-
1129	94.8719	95.1219	G5	107	63	0	0	89215	P1-1-1106	0	-
1130	94.8751	95.4018	E5	102	60	0	0	89215	P1-1-1107	0	-
1131	94.8804	95.3954	C3	101	61	0	0	89215	P1-1-1109	0	-
1132	94.8858	95.3986	C2	95	62	0	0	89215	P1-1-1108	0	-
1133	95.108	95.1668	G#5	93	65	0	0	89457	P1-1-1110	0	-
1134	95.343	95.4146	G#5	82	64	0	0	89699	P1-1-1111	0	-
1135	95.5546	95.6475	G#5	78	61	0	0	89941	P1-1-1112	0	-
1136	95.5556	95.8922	C#3	76	64	0	0	89941	P1-1-1115	0	-
1137	95.5642	95.8954	C#2	69	63	0	0	89941	P1-1-1114	0	-
1138	95.5663	95.8505	F5	76	64	0	0	89941	P1-1-1113	0	-
1139	95.7886	96.2704	G#5	96	65	0	0	90183	P1-1-1116	0	-
1140	95.983	96.0952	Bb5	95	65	0	0	90425	P1-1-1118	0	-
1141	95.9873	96.2832	D3	102	65	0	0	90425	P1-1-1121	0	-
1142	95.9873	96.1657	F5	92	63	0	0	90425	P1-1-1119	0	-
1143	95.9915	96.3024	D2	94	62	0	0	90425	P1-1-1120	0	-
1144	96.2159	96.3153	Bb5	104	62	0	0	90667	P1-1-1122	0	-
1145	96.4136	96.5546	Eb5	93	61	0	0	90908	P1-1-1124	0	-
1146	96.4136	96.5289	Bb5	99	62	0	0	90908	P1-1-1123	0	-
1147	96.4157	96.5524	G5	91	61	0	0	-1	*	3	-
1148	96.4168	96.639	Eb3	103	63	0	0	90908	P1-1-1126	0	-
1149	96.4189	96.686	Eb2	95	60	0	0	90908	P1-1-1125	0	-
1150	96.6465	96.858	Bb5	104	64	0	0	91150	P1-1-1127	0	-
1151	96.6571	96.7138	G5	96	63	0	0	91150	P1-1-1128	0	-
1152	96.8484	96.8836	G#1	98	66	0	0	91392	P1-1-1131	0	-
1153	96.8484	96.9114	C6	92	66	0	0	91392	P1-1-1129	0	-
1154	96.8516	96.8804	G#2	111	69	0	0	91392	P1-1-1132	0	-
1155	96.8537	96.9136	G#5	88	64	0	0	91392	P1-1-1130	0	-
1156	96.9103	96.9114	Bb1	18	127	0	0	-1	*	3	-
1157	97.0546	97.1347	C#6	93	64	0	0	91634	P1-1-1133	0	-
1158	97.0621	97.1347	Bb5	87	63	0	0	91634	P1-1-1135	0	-
1159	97.0685	97.1112	C#2	100	70	0	0	91634	P1-1-1136	0	-
1160	97.0685	97.1059	C#3	105	71	0	0	91634	P1-1-1137	0	-
1161	97.2811	97.3676	Bb5	100	61	0	0	91876	P1-1-1138	0	-
1162	97.2853	97.3249	G5	90	59	0	0	91876	P1-1-1140	0	-
1163	97.2864	97.3537	C#5	95	61	0	0	91876	P1-1-1139	0	-
1164	97.295	97.3281	Eb2	96	68	0	0	91876	P1-1-1141	0	-
1165	97.296	97.3217	Eb3	110	71	0	0	91876	P1-1-1142	0	-
1166	97.5247	97.5813	G#5	102	64	0	0	92118	P1-1-1143	0	-
1167	97.5279	97.5578	C5	93	66	0	0	92118	P1-1-1144	0	-
1168	97.5332	97.5631	G#2	101	70	0	0	92118	P1-1-1145	0	-
1169	97.5364	97.5578	G#3	105	75	0	0	92118	P1-1-1146	0	-
1170	97.8933	97.9392	F#4	16	43	0	0	92602	*	3	-
1171	97.9766	98.0108	G#4	89	63	0	0	92602	P1-1-1147	0	-
1172	98.2277	98.5396	G#4	84	60	0	0	92844	P1-1-1148	0	-
1173	98.2469	98.4755	C4	65	65	0	0	92844	P1-1-1150	0	-
1174	98.248	98.4894	G#3	62	64	0	0	92844	P1-1-1149	0	-
1175	98.4563	98.5941	G4	80	60	0	0	93086	P1-1-1151	0	-
1176	98.4755	98.5076	Bb3	70	67	0	0	93086	P1-1-1152	0	-
1177	98.4809	98.5076	C#4	65	64	0	0	93086	P1-1-1153	0	-
1178	98.5471	98.6497	F4	88	65	0	0	93207	P1-1-1154	0	-
1179	98.6358	98.6892	Eb4	81	60	0	0	93328	P1-1-1155	0	-
1180	98.8772	98.9221	C5	80	63	0	0	93570	P1-1-1157	0	-
1181	98.8847	98.9157	G#4	71	68	0	0	93570	P1-1-1156	0	-
1182	99.1283	99.3751	C5	79	63	0	0	93812	P1-1-1159	0	-
1183	99.1336	99.2469	G#4	76	63	0	0	93812	P1-1-1158	0	-
1184	99.1358	99.4584	C4	57	53	0	0	93812	P1-1-1161	0	-
1185	99.1443	99.5396	G#3	51	40	0	0	93812	P1-1-1160	0	-
1186	99.3281	99.3997	G4	67	62	0	0	94054	P1-1-1162	0	-
1187	99.3473	99.4071	Bb4	69	58	0	0	94054	P1-1-1163	0	-
1188	99.3815	99.5492	Bb3	54	60	0	0	94054	P1-1-1164	0	-
1189	99.3858	99.4232	G#4	73	61	0	0	94175	P1-1-1167	0	-
1190	99.4018	99.5097	C#4	43	57	0	0	94054	P1-1-1165	0	-
1191	99.4104	99.4445	F4	76	65	0	0	94175	P1-1-1166	0	-
1192	99.5225	99.5567	Eb4	70	65	0	0	94296	P1-1-1168	0	-
1193	99.5236	99.5578	G4	70	67	0	0	94296	P1-1-1169	0	-
1194	99.749	99.8185	Eb5	76	62	0	0	94537	P1-1-1171	0	-
1195	99.7597	99.796	C5	62	66	0	0	94537	P1-1-1170	0	-
1196	99.9948	100.278	Eb5	72	63	0	0	94779	P1-1-1173	0	-
1197	100.012	100.204	C5	61	60	0	0	94779	P1-1-1172	0	-
1198	100.015	100.171	G#1	50	61	0	0	94779	P1-1-1174	0	-
1199	100.021	100.07	G#2	44	62	0	0	94779	P1-1-1175	0	-
1200	100.217	100.532	C#5	83	56	0	0	95021	P1-1-1177	0	-
1201	100.229	100.386	Bb4	67	59	0	0	95021	P1-1-1176	0	-
1202	100.238	100.329	Bb1	47	61	0	0	95021	P1-1-1178	0	-
1203	100.254	100.313	Bb2	62	55	0	0	95021	P1-1-1179	0	-
1204	100.442	100.671	C5	85	60	0	0	95263	P1-1-1181	0	-
1205	100.449	100.508	C3	72	62	0	0	95263	P1-1-1183	0	-
1206	100.452	100.687	C2	67	54	0	0	95263	P1-1-1182	0	-
1207	100.452	100.577	G#4	76	57	0	0	95263	P1-1-1180	0	-
1208	100.645	100.737	Bb4	82	64	0	0	95505	P1-1-1185	0	-
1209	100.652	100.751	C#3	83	62	0	0	95505	P1-1-1187	0	-
1210	100.653	100.865	G4	74	53	0	0	95505	P1-1-1184	0	-
1211	100.655	100.76	C#2	68	62	0	0	95505	P1-1-1186	0	-
1212	100.845	101.047	C5	69	56	0	0	95747	P1-1-1189	0	-
1213	100.855	100.931	D3	42	64	0	0	95747	P1-1-1191	0	-
1214	100.864	101.072	D2	57	36	0	0	95747	P1-1-1190	0	-
1215	100.864	101.056	G#4	68	57	0	0	95747	P1-1-1188	0	-
1216	101.058	101.174	Eb2	41	56	0	0	95989	P1-1-1194	0	-
1217	101.08	101.298	Bb4	54	55	0	0	95989	P1-1-1193	0	-
1218	101.083	101.173	G4	51	56	0	0	95989	P1-1-1192	0	-
1219	101.107	101.162	Eb3	48	62	0	0	95989	P1-1-1195	0	-
1220	101.291	101.334	E2	59	64	0	0	96231	P1-1-1198	0	-
1221	101.308	101.504	C5	57	60	0	0	96231	P1-1-1197	0	-
1222	101.329	101.473	G4	46	47	0	0	96231	P1-1-1196	0	-
1223	101.34	101.393	E3	23	41	0	0	96231	P1-1-1199	0	-
1224	101.508	101.539	F4	71	69	0	0	96473	P1-1-1200	0	-
1225	101.521	101.571	F2	39	33	0	0	96473	P1-1-1201	0	-
1226	101.537	101.587	F3	30	50	0	0	96473	P1-1-1202	0	-
1227	101.732	101.917	F3	41	60	0	0	96715	P1-1-1204	0	-
1228	101.736	101.959	F4	77	59	0	0	96715	P1-1-1203	0	-
1229	101.745	101.935	G#3	60	60	0	0	96715	P1-1-1205	0	-
1230	101.953	101.99	G3	63	65	0	0	96957	P1-1-1207	0	-
1231	101.953	102.035	E4	72	65	0	0	96957	P1-1-1206	0	-
1232	101.97	102.002	Bb3	65	64	0	0	96957	P1-1-1208	0	-
1233	102.034	102.125	D4	81	59	0	0	97078	P1-1-1209	0	-
1234	102.138	102.169	C4	82	69	0	0	97199	P1-1-1210	0	-
1235	102.37	102.399	F4	74	70	0	0	97441	P1-1-1211	0	-
1236	102.373	102.407	G#4	70	67	0	0	97441	P1-1-1212	0	-
1237	102.605	102.643	G#4	70	65	0	0	97683	P1-1-1214	0	-
1238	102.61	102.883	G#3	53	33	0	0	97683	P1-1-1216	0	-
1239	102.611	102.649	F4	67	67	0	0	97683	P1-1-1213	0	-
1240	102.619	102.822	F3	45	57	0	0	97683	P1-1-1215	0	-
1241	102.827	103.043	G3	54	63	0	0	97925	P1-1-1219	0	-
1242	102.83	103.039	Bb3	43	61	0	0	97925	P1-1-1220	0	-
1243	102.83	102.904	E4	72	63	0	0	97925	P1-1-1217	0	-
1244	102.846	102.931	G4	64	55	0	0	97925	P1-1-1218	0	-
1245	102.901	103.001	D4	67	57	0	0	98046	P1-1-1221	0	-
1246	102.926	103.027	F4	64	64	0	0	98046	P1-1-1222	0	-
1247	103.008	103.039	E4	75	70	0	0	98166	P1-1-1224	0	-
1248	103.011	103.044	C4	68	67	0	0	98166	P1-1-1223	0	-
1249	103.236	103.269	C5	75	65	0	0	98408	P1-1-1226	0	-
1250	103.24	103.274	G#4	70	67	0	0	98408	P1-1-1225	0	-
1251	103.471	103.743	C5	69	58	0	0	98650	P1-1-1228	0	-
1252	103.487	103.548	F2	47	58	0	0	98650	P1-1-1229	0	-
1253	103.487	103.702	G#4	60	52	0	0	98650	P1-1-1227	0	-
1254	103.492	103.554	F3	52	64	0	0	98650	P1-1-1230	0	-
1255	103.687	103.901	Bb4	72	63	0	0	98892	P1-1-1232	0	-
1256	103.697	103.909	G4	75	54	0	0	98892	P1-1-1231	0	-
1257	103.706	103.744	G3	62	65	0	0	98892	P1-1-1234	0	-
1258	103.708	103.91	G2	60	62	0	0	98892	P1-1-1233	0	-
1259	103.898	104.14	G#4	66	57	0	0	99134	P1-1-1236	0	-
1260	103.909	104.001	F4	66	59	0	0	99134	P1-1-1235	0	-
1261	103.91	103.957	G#3	65	67	0	0	99134	P1-1-1238	0	-
1262	103.911	104.108	G#2	58	52	0	0	99134	P1-1-1237	0	-
1263	104.136	104.267	Bb3	60	55	0	0	99376	P1-1-1242	0	-
1264	104.139	104.346	G4	61	58	0	0	99376	P1-1-1240	0	-
1265	104.144	104.219	Bb2	49	57	0	0	99376	P1-1-1241	0	-
1266	104.15	104.246	E4	58	56	0	0	99376	P1-1-1239	0	-
1267	104.368	104.624	G#4	55	48	0	0	99618	P1-1-1244	0	-
1268	104.369	104.496	B2	51	39	0	0	99618	P1-1-1245	0	-
1269	104.373	104.442	B3	42	51	0	0	99618	P1-1-1246	0	-
1270	104.387	104.593	F4	48	37	0	0	99618	P1-1-1243	0	-
1271	104.652	105.026	G4	47	51	0	0	99860	P1-1-1248	0	-
1272	104.665	105.191	C3	36	34	0	0	99860	P1-1-1249	0	-
1273	104.665	104.947	E4	40	36	0	0	99860	P1-1-1247	0	-
1274	104.677	104.782	C4	32	48	0	0	99860	P1-1-1250	0	-
1275	105.191	105.369	C5	60	64	0	0	100344	P1-1-1251	0	-
1276	105.215	105.529	G#2	44	36	0	0	100344	P1-1-1253	0	-
1277	105.219	105.69	G#3	39	51	0	0	100344	P1-1-1254	0	-
1278	105.228	105.351	F4	46	60	0	0	100344	P1-1-1252	0	-
1279	105.482	105.748	C5	81	57	0	0	100590	P1-1-1255	0	-
1280	105.795	106.227	D5	63	59	0	0	100836	P1-1-1256	0	-
1281	105.816	106.198	Bb2	41	41	0	0	100836	P1-1-1257	0	-
1282	105.833	106.009	G2	34	48	0	0	100836	P1-1-1258	0	-
1283	105.839	106.207	G4	31	41	0	0	100836	*	3	-
1284	106.17	106.585	G5	64	38	0	0	101082	P1-1-1259	0	-
1285	106.18	106.313	Bb3	45	51	0	0	101082	P1-1-1260	0	-
1286	106.576	107.259	F5	49	40	0	0	101328	P1-1-1261	0	-
1287	106.603	107.576	C5	34	45	0	0	101328	*	3	-
1288	106.607	106.99	G#3	37	44	0	0	101328	P1-1-1262	0	-
1289	106.613	107.68	C3	35	55	0	0	101328	P1-1-1263	0	-
1290	107.237	107.685	E5	40	61	0	0	101574	P1-1-1264	0	-
1291	107.25	107.648	G3	37	50	0	0	101574	P1-1-1265	0	-
1292	107.726	107.993	C#3	102	68	0	0	101820	P1-1-1268	0	-
1293	107.728	107.875	F3	99	58	0	0	101820	P1-1-1269	0	-
1294	107.728	107.9	F5	106	57	0	0	101820	P1-1-1267	0	-
1295	107.731	107.883	G#4	99	56	0	0	101820	P1-1-1266	0	-
1296	107.982	108.012	Bb2	99	69	0	0	102062	P1-1-1272	0	-
1297	107.982	108.003	F3	100	78	0	0	102062	P1-1-1273	0	-
1298	107.986	108.027	C#5	103	67	0	0	102062	P1-1-1270	0	-
1299	107.986	108.046	G5	105	69	0	0	102062	P1-1-1271	0	-
1300	108.941	109.013	G#5	97	66	0	0	103271	P1-1-1276	0	-
1301	108.942	108.996	C3	99	66	0	0	103271	P1-1-1277	0	-
1302	108.942	108.98	F3	102	68	0	0	103271	P1-1-1278	0	-
1303	108.946	108.983	F5	92	68	0	0	103271	P1-1-1275	0	-
1304	108.949	108.994	C5	92	67	0	0	103271	P1-1-1274	0	-
1305	109.184	109.282	C6	92	58	0	0	103513	P1-1-1281	0	-
1306	109.186	109.258	G5	100	54	0	0	103513	P1-1-1280	0	-
1307	109.187	109.24	C5	103	67	0	0	103513	P1-1-1279	0	-
1308	109.188	109.235	C3	88	64	0	0	103513	P1-1-1282	0	-
1309	109.188	109.219	E3	93	69	0	0	103513	P1-1-1283	0	-
1310	109.198	109.227	D3	71	65	0	0	-1	*	3	-
1311	109.202	109.229	F3	79	57	0	0	-1	*	3	-
1312	109.43	109.483	F3	100	69	0	0	103755	P1-1-1288	0	-
1313	109.433	109.497	F2	99	65	0	0	103755	P1-1-1287	0	-
1314	109.434	109.52	F5	104	68	0	0	103755	P1-1-1286	0	-
1315	109.93	110.206	C5	82	59	0	0	104239	P1-1-1290	0	-
1316	109.935	110.268	G#4	101	54	0	0	104239	P1-1-1289	0	-
1317	109.936	110.297	F5	102	54	0	0	104239	P1-1-1291	0	-
1318	109.939	109.987	F2	92	64	0	0	104239	P1-1-1292	0	-
1319	109.939	110.244	F4	104	53	0	0	-1	*	3	-
1320	109.94	109.99	C3	95	65	0	0	104239	P1-1-1293	0	-
1321	109.94	109.988	F3	95	69	0	0	104239	P1-1-1294	0	-
1322	110.875	111.333	C5	96	47	0	0	105207	P1-1-1296	0	-
1323	110.876	110.919	E2	93	67	0	0	105207	P1-1-1298	0	-
1324	110.876	110.924	E3	106	64	0	0	105207	P1-1-1300	0	-
1325	110.877	110.915	C3	96	66	0	0	105207	P1-1-1299	0	-
1326	110.879	111.302	G4	102	56	0	0	105207	P1-1-1295	0	-
1327	110.879	111.25	G5	105	56	0	0	105207	P1-1-1297	0	-
1328	111.825	112.025	C5	99	59	0	0	106175	P1-1-1302	0	-
1329	111.825	112.052	F5	90	60	0	0	106175	P1-1-1303	0	-
1330	111.825	112.09	G#5	99	62	0	0	106175	P1-1-1304	0	-
1331	111.827	111.862	C3	94	67	0	0	106175	*	3	-
1332	111.828	111.864	F2	94	68	0	0	106175	P1-1-1305	0	-
1333	111.828	111.875	F3	103	62	0	0	106175	P1-1-1306	0	-
1334	111.828	112.026	G#4	97	59	0	0	106175	P1-1-1301	0	-
1335	112.822	113.324	C#6	97	53	0	0	107142	P1-1-1310	0	-
1336	112.824	113.316	F5	94	55	0	0	107142	P1-1-1308	0	-
1337	112.825	113.312	Bb5	92	53	0	0	107142	P1-1-1309	0	-
1338	112.829	113.355	C#5	98	51	0	0	107142	P1-1-1307	0	-
1339	112.83	112.858	Bb2	98	70	0	0	107142	P1-1-1312	0	-
1340	112.831	112.859	Bb1	86	67	0	0	107142	P1-1-1311	0	-
1341	113.898	114.46	C6	92	50	0	0	108110	P1-1-1316	0	-
1342	113.904	114.427	F5	84	59	0	0	108110	P1-1-1314	0	-
1343	113.904	114.391	G#5	83	54	0	0	108110	P1-1-1315	0	-
1344	113.91	113.954	C2	75	67	0	0	108110	P1-1-1317	0	-
1345	113.914	114.419	C5	81	57	0	0	108110	P1-1-1313	0	-
1346	113.921	113.954	C3	70	65	0	0	108110	P1-1-1318	0	-
1347	115.231	115.605	C6	77	49	0	0	109077	P1-1-1322	0	-
1348	115.249	115.695	E5	61	50	0	0	109077	P1-1-1320	0	-
1349	115.251	115.763	G5	62	54	0	0	109077	P1-1-1321	0	-
1350	115.266	115.768	C5	58	31	0	0	109077	P1-1-1319	0	-
1351	115.27	115.346	C2	47	60	0	0	109077	P1-1-1323	0	-
1352	115.274	115.322	C3	47	63	0	0	109077	P1-1-1324	0	-
1353	116.243	123.675	C6	66	11	0	0	109561	P1-1-1328	0	-
1354	116.262	124.482	A5	57	28	0	0	109561	P1-1-1327	0	-
1355	116.276	124.614	F5	49	16	0	0	109561	P1-1-1326	0	-
1356	116.302	123.985	C5	49	6	0	0	109561	P1-1-1325	0	-
1357	116.321	117.261	F1	39	44	0	0	109561	P1-1-1329	0	-
1358	116.704	117.169	C2	51	36	0	0	109687	P1-1-1330	0	-
1359	117.004	117.452	A1	51	52	0	0	109812	P1-1-1331	0	-
1360	117.223	117.335	F2	52	58	0	0	109937	P1-1-1332	0	-
1361	117.415	117.511	C2	59	59	0	0	110062	P1-1-1333	0	-
1362	117.586	117.661	A2	53	63	0	0	110187	P1-1-1334	0	-
1363	117.767	118.476	F2	47	36	0	0	110312	P1-1-1335	0	-
1364	117.954	118.193	C3	51	55	0	0	110437	P1-1-1336	0	-
1365	118.189	118.695	A2	50	41	0	0	110562	P1-1-1337	0	-
1366	118.399	118.495	F3	47	55	0	0	110687	P1-1-1338	0	-
1367	118.595	118.727	C3	49	56	0	0	110812	P1-1-1339	0	-
1368	118.82	118.979	A3	45	34	0	0	110937	P1-1-1340	0	-
1369	119.066	124.551	F3	48	4	0	0	111062	P1-1-1341	0	-
1370	119.389	124.649	C4	49	6	0	0	111187	P1-1-1342	0	-
1371	119.797	124.721	A3	38	38	0	0	111312	P1-1-1343	0	-
1372	120.796	125.242	F4	41	1	0	0	111437	P1-1-1344	0	-
//Missing 483	P1-1-11
//Missing 9193	P1-1-151
//Missing 10645	P1-1-168
//Missing 19354	P1-1-287
//Missing 24701	P1-1-340
//Missing 26152	P1-1-357
//Missing 53031	P1-1-654
//Missing 62829	P1-1-755
//Missing 63313	P1-1-760
//Missing 65612	P1-1-784
//Missing 65853	P1-1-788
//Missing 70253	P1-1-864
//Missing 74675	P1-1-928
//Missing 76127	P1-1-945
//Missing 90183	P1-1-1117
//Missing 91634	P1-1-1134
//Missing 103755	P1-1-1284
//Missing 103755	P1-1-1285
