// alignID alignOntime alignSitch alignPitch alignOnvel refID refOntime refSitch refPitch refOnvel
0	2.01389	G#4	68	45	0	0	G#4	68	49	
1	2.30635	B4	71	35	2	0.104167	B4	71	49	
2	2.51202	E3	52	35	3	0.208334	E3	52	49	
3	2.67628	B3	59	41	4	0.3125	B3	59	49	
4	2.83787	B4	71	56	5	0.416667	B4	71	49	
5	3.0008	F#4	66	46	7	0.520834	F#4	66	49	
6	3.12366	Eb4	63	33	8	0.625001	Eb4	63	49	
7	3.24385	Eb3	51	46	9	0.729167	Eb3	51	49	
8	3.40812	E4	64	63	10	0.833334	E4	64	49	
9	3.55235	G#4	68	56	12	0.937501	G#4	68	49	
10	3.66052	C#3	49	45	13	1.04167	C#3	49	49	
11	3.81009	G#3	56	47	14	1.14583	G#3	56	49	
12	3.96501	G#4	68	63	15	1.25	G#4	68	49	
13	4.10256	Eb4	63	57	17	1.35417	Eb4	63	49	
14	4.20406	B3	59	43	18	1.45833	B3	59	49	
15	4.35897	B2	47	44	19	1.5625	B2	47	49	
16	4.5219	C#4	61	63	20	1.66667	C#4	61	49	
17	4.65678	E4	64	65	22	1.77083	E4	64	49	
18	4.797	A2	45	42	23	1.875	A2	45	49	
19	4.91987	E3	52	52	24	1.97917	E3	52	49	
20	5.05074	E4	64	67	25	2.08333	E4	64	49	
21	5.20833	B3	59	57	27	2.1875	B3	59	49	
22	5.29914	G#3	56	43	28	2.29167	G#3	56	49	
23	5.4634	G#2	44	48	29	2.39584	G#2	44	49	
24	5.629	Eb4	63	55	30	2.5	Eb4	63	49	
25	5.63301	F#4	66	55	31	2.5	F#4	66	49	
26	5.66773	A3	57	39	32	2.5	A3	57	49	
27	5.79326	B3	59	46	33	2.60417	B3	59	49	
28	5.92013	B1	35	45	34	2.70834	B1	35	49	
29	6.07238	B2	47	49	35	2.8125	B2	47	49	
30	6.25801	G#4	68	46	37	2.91667	G#4	68	49	
31	6.27804	E4	64	36	36	2.91667	E4	64	49	
32	6.28872	G#3	56	33	38	2.91667	G#3	56	49	
33	6.4423	B3	59	40	39	3.02084	B3	59	49	
34	6.59588	E3	52	35	40	3.125	E3	52	49	
35	6.76548	E2	40	40	41	3.22917	E2	40	49	
36	7.08867	G#4	68	51	42	3.33334	G#4	68	54	
37	7.25293	B4	71	49	44	3.4375	B4	71	54	
38	7.41452	E3	52	39	45	3.54167	E3	52	54	
39	7.56944	B3	59	40	46	3.64584	B3	59	54	
40	7.70432	B4	71	63	47	3.75	B4	71	59	
41	7.84989	F#4	66	54	49	3.85417	F#4	66	59	
42	7.96206	Eb4	63	43	50	3.95834	Eb4	63	59	
43	8.07692	Eb3	51	50	51	4.0625	Eb3	51	59	
44	8.22782	E4	64	60	52	4.16667	E4	64	64	
45	8.24385	Bb4	70	70	53	4.16667	Bb4	70	64	
46	8.37873	E5	76	68	54	4.27084	E5	76	64	
47	8.52563	C#3	49	46	55	4.375	C#3	49	64	
48	8.63915	F#3	54	48	56	4.47917	F#3	54	64	
49	8.7994	Eb5	75	66	57	4.58334	Eb5	75	69	
50	8.86885	Eb4	63	41	58	4.58334	Eb4	63	69	
51	8.96367	B4	71	60	59	4.6875	B4	71	69	
52	9.08119	B3	59	35	60	4.79167	B3	59	69	
53	9.18535	B2	47	53	61	4.89584	B2	47	69	
54	9.35629	B4	71	70	62	5	B4	71	74	
55	9.48183	Eb5	75	69	64	5.10417	Eb5	75	74	
56	9.61137	F#3	54	60	65	5.20834	F#3	54	74	
57	9.75293	F#4	66	64	66	5.3125	F#4	66	74	
58	9.88915	E5	76	80	67	5.41667	E5	76	79	
59	10.0294	B4	71	69	69	5.52084	B4	71	79	
60	10.1362	G#4	68	62	70	5.625	G#4	68	79	
61	10.2631	G#3	56	59	71	5.72917	G#3	56	79	
62	10.4033	B4	71	78	72	5.83334	B4	71	84	
63	10.4327	G#4	68	60	73	5.83334	G#4	68	84	
64	10.5582	G#5	80	80	75	5.9375	G#5	80	84	
65	10.6651	E3	52	62	76	6.04167	E3	52	84	
66	10.7959	E4	64	68	77	6.14584	E4	64	84	
67	10.9094	F#5	78	78	78	6.25	F#5	78	89	
68	11.043	Eb5	75	82	81	6.35417	Eb5	75	89	
69	11.059	B4	71	61	80	6.35417	B4	71	89	
70	11.1725	F#4	66	56	82	6.45834	F#4	66	89	
71	11.3061	F#3	54	68	83	6.56251	F#3	54	89	
72	11.473	Bb4	70	79	85	6.66667	Bb4	70	93	
73	11.4757	C#5	73	81	84	6.66667	C#5	73	93	
74	11.6359	Bb5	82	87	87	6.77084	Bb5	82	93	
75	11.8136	F#2	42	60	88	6.87501	F#2	42	93	
76	12.0219	F#3	54	63	89	6.97917	F#3	54	93	
77	12.2462	A4	69	70	90	7.08334	A4	69	96	
78	12.3063	C5	72	67	91	7.18751	C5	72	96	
79	12.3651	Eb5	75	75	92	7.29167	Eb5	75	96	
80	12.4359	F#5	78	76	93	7.39584	F#5	78	96	
81	12.5	A5	81	89	98	7.50001	A5	81	96	
82	13.2599	Eb4	63	64	99	7.50001	Eb4	63	96	
83	13.2679	F#3	54	46	100	7.50001	F#3	54	96	
84	13.2719	A3	57	50	101	7.50001	Bb3	58	96	
85	13.2719	C4	60	53	102	7.50001	B3	59	96	
86	13.8288	E4	64	74	103	7.70834	E4	64	96	
87	14.2521	F#4	66	72	104	7.91667	F#4	66	96	
88	14.7008	G#4	68	73	105	8.12501	G#4	68	96	
89	15.2671	G#5	80	68	106	8.33334	G#5	80	49	
90	15.2965	A4	69	45	107	8.33334	A4	69	49	
91	15.3205	Eb4	63	38	109	8.33334	Eb4	63	49	
92	15.3419	C4	60	5	108	8.33334	C4	60	49	
93	15.9201	F#5	78	56	110	8.54167	F#5	78	49	
94	16.5892	E5	76	50	112	8.75	E5	76	49	
95	16.5972	C#4	61	35	113	8.75	C#4	61	49	
96	16.5972	E4	64	35	114	8.75	E4	64	49	
97	16.6186	C#5	73	45	111	8.75	C#5	73	49	
98	16.6199	G#4	68	41	115	8.75	G#4	68	49	
99	17.2382	Eb5	75	48	117	8.95834	Eb5	75	49	
100	17.2529	A4	69	41	119	8.95834	A4	69	49	
101	17.2543	F#4	66	36	118	8.95834	F#4	66	49	
102	17.2743	C5	72	40	116	8.95834	C5	72	49	
103	17.723	G#4	68	61	123	9.16667	G#4	68	65	
104	17.731	E5	76	66	121	9.16667	E5	76	65	
105	17.735	E4	64	55	122	9.16667	E4	64	65	
106	17.7417	C#5	73	64	120	9.16667	C#5	73	65	
107	18.1731	F#5	78	78	126	9.375	F#5	78	80	
108	18.1757	F#4	66	64	128	9.375	F#4	66	80	
109	18.1824	C5	72	61	125	9.375	C5	72	80	
110	18.1851	Eb4	63	60	127	9.375	Eb4	63	80	
111	18.1851	G#4	68	58	124	9.375	G#4	68	80	
112	18.6618	G5	79	78	129	9.58334	G5	79	96	
113	19.1146	E3	52	56	130	9.79167	E3	52	96	
114	19.6688	G#5	80	75	134	10	G#5	80	96	
115	19.6821	E3	52	53	136	10	E3	52	96	
116	19.6821	C#4	61	59	135	10	C#4	61	96	
117	19.6902	G#3	56	55	137	10	G#3	56	96	
118	19.6942	E5	76	60	133	10	E5	76	96	
119	19.6968	G#4	68	49	131	10	G#4	68	96	
120	19.7115	C#5	73	53	132	10	C#5	73	96	
121	20.2096	Eb4	63	65	138	10.2083	Eb4	63	96	
122	20.6263	E4	64	71	139	10.4167	E4	64	96	
123	21.1191	F#4	66	65	140	10.625	F#4	66	96	
124	21.8109	F#5	78	56	141	10.8333	F#5	78	49	
125	21.8149	G4	67	45	143	10.8333	G4	67	49	
126	21.8309	Bb3	58	40	144	10.8333	Bb3	58	49	
127	21.8336	C#5	73	49	142	10.8333	C#5	73	49	
128	22.5227	E5	76	51	145	11.0417	E5	76	49	
129	23.2291	Eb5	75	48	147	11.25	Eb5	75	49	
130	23.2478	B3	59	44	148	11.25	B3	59	49	
131	23.2518	Eb4	63	36	149	11.25	Eb4	63	49	
132	23.2612	F#4	66	39	146	11.25	F#4	66	49	
133	23.9116	C#5	73	50	152	11.4583	C#5	73	49	
134	23.9169	F#4	66	37	151	11.4583	F#4	66	49	
135	23.9209	Bb3	58	37	153	11.4583	Bb3	58	49	
136	23.9369	C#4	61	36	154	11.4583	C#4	61	49	
137	23.9369	E4	64	35	150	11.4583	E4	64	49	
138	24.4244	Eb5	75	67	157	11.6667	Eb5	75	56	
139	24.4337	F#4	66	59	156	11.6667	F#4	66	56	
140	24.4351	B3	59	61	158	11.6667	B3	59	56	
141	24.4431	Eb4	63	50	155	11.6667	Eb4	63	56	
142	24.9466	E5	76	65	161	11.875	E5	76	64	
143	24.9653	B3	59	39	163	11.875	B3	59	64	
144	24.9679	B4	71	42	160	11.875	B4	71	64	
145	24.9759	E4	64	40	159	11.875	E4	64	64	
146	24.9813	G#3	56	41	162	11.875	G#3	56	64	
147	25.6971	F#5	78	54	164	12.0833	F#5	78	49	
148	25.7198	Eb3	51	39	165	12.0833	Eb3	51	49	
149	25.7278	B3	59	41	166	12.0833	B3	59	49	
150	26.3688	B4	71	53	167	12.2917	B4	71	49	
151	26.903	F#5	78	61	168	12.5	F#5	78	49	
152	26.9097	B3	59	46	170	12.5	B3	59	49	
153	26.9244	G#3	56	41	169	12.5	G#3	56	49	
154	27.3825	E5	76	62	171	12.7083	E5	76	49	
155	27.8899	Eb5	75	57	172	12.9167	Eb5	75	49	
156	27.906	F#3	54	38	173	12.9167	F#3	54	49	
157	27.9233	B3	59	42	174	12.9167	B3	59	49	
158	28.9463	Eb4	63	40	177	13.3333	Eb4	63	49	
159	28.973	F#3	54	34	175	13.3333	F#3	54	49	
160	28.9823	B3	59	30	176	13.3333	B3	59	49	
161	29.9359	C#4	61	41	181	13.75	C#4	61	65	
162	29.9479	Bb3	58	37	180	13.75	Bb3	58	65	
163	29.9599	F#3	54	40	179	13.75	F#3	54	65	
164	29.9612	C#5	73	47	178	13.75	C#5	73	65	
165	30.1923	Eb5	75	57	182	13.8333	Eb5	75	65	
166	30.3766	C#5	73	68	183	13.9167	C#5	73	65	
167	30.5622	C5	72	65	184	14	C5	72	65	
168	30.7185	C#5	73	79	185	14.0833	C#5	73	65	
169	30.8747	C4	60	58	189	14.1667	C4	60	80	
170	30.88	Eb4	63	57	190	14.1667	Eb4	63	80	
171	30.8814	Eb5	75	76	186	14.1667	Eb5	75	80	
172	30.8841	A3	57	53	188	14.1667	A3	57	80	
173	30.8881	F#3	54	52	187	14.1667	F#3	54	80	
174	31.0563	E5	76	72	191	14.2361	E5	76	80	
175	31.1939	F5	77	86	192	14.3056	F5	77	80	
176	31.3301	F#5	78	80	193	14.375	F#5	78	80	
177	31.4703	G5	79	84	194	14.4444	G5	79	80	
178	31.6039	G#5	80	86	195	14.5139	G#5	80	80	
179	31.8776	A5	81	82	196	14.5833	A5	81	96	
180	31.887	F#2	42	82	198	14.5833	F#2	42	96	
181	31.8883	F#1	30	80	197	14.5833	F#1	30	96	
182	32.2209	A6	93	84	199	14.6875	A6	93	96	
183	32.4412	Eb6	87	86	200	14.7917	Eb6	87	96	
184	32.6629	C6	84	86	201	14.8958	C6	84	96	
185	32.8298	A5	81	73	202	15	A5	81	96	
186	33.0382	E5	76	50	203	15.1042	Eb5	75	96	
187	33.1851	C5	72	67	204	15.2083	C5	72	96	
188	33.3346	A4	69	65	205	15.3125	A4	69	96	
189	33.5363	Eb4	63	69	206	15.4167	Eb4	63	96	
190	33.6859	C4	60	66	207	15.5208	C4	60	96	
191	33.8288	A3	57	59	208	15.625	A3	57	96	
192	34.0064	Eb3	51	57	209	15.7292	Eb3	51	96	
193	34.176	C3	48	50	210	15.8333	C3	48	49	
194	34.3109	A2	45	50	211	15.9028	A2	45	49	
195	34.4644	C3	48	55	212	15.9722	C3	48	49	
196	34.5499	Eb3	51	63	213	16.0417	Eb3	51	49	
197	34.6848	A3	57	70	214	16.1111	A3	57	49	
198	34.797	C4	60	74	215	16.1806	C4	60	49	
199	34.8905	Eb4	63	69	216	16.25	Eb4	63	65	
200	35.012	A4	69	75	217	16.3021	A4	69	65	
201	35.1242	C5	72	79	218	16.3542	C5	72	73	
202	35.219	Eb5	75	73	219	16.4063	Eb5	75	73	
203	35.3352	A5	81	78	220	16.4583	A5	81	80	
204	35.434	C6	84	81	221	16.5104	C6	84	80	
205	35.5342	Eb6	87	73	222	16.5625	Eb6	87	90	
206	35.6316	A6	93	75	223	16.6146	A6	93	90	
207	35.9481	G#6	92	60	225	16.6667	G#6	92	49	
208	35.9722	G#5	80	47	224	16.6667	G#5	80	49	
209	35.9735	F2	41	45	227	16.6667	F2	41	49	
210	35.9762	F1	29	45	226	16.6667	F1	29	49	
211	36.5932	G6	91	52	229	16.875	G6	91	49	
212	36.6079	Eb2	39	38	231	16.875	Eb2	39	49	
213	36.6119	G5	79	43	228	16.875	G5	79	49	
214	36.6199	Eb1	27	38	230	16.875	Eb1	27	49	
215	37.1915	G6	91	86	232	17.0833	G6	91	96	
216	37.1981	Eb2	39	86	234	17.0833	Eb2	39	96	
217	37.2022	Eb1	27	86	233	17.0833	Eb1	27	96	
218	37.4158	Eb6	87	87	235	17.1528	Eb6	87	96	
219	37.5761	Bb5	82	80	236	17.2222	Bb5	82	96	
220	37.7056	G5	79	71	237	17.2917	G5	79	96	
221	37.8445	Eb5	75	75	238	17.3611	Eb5	75	96	
222	37.9941	Bb4	70	82	239	17.4306	Bb4	70	96	
223	38.121	G4	67	69	240	17.5	G4	67	96	
224	38.2799	Eb4	63	65	241	17.5694	Eb4	63	96	
225	38.3199	C#4	61	28	*	-1	*	-1	-1	
226	38.3987	Bb3	58	72	242	17.6389	Bb3	58	96	
227	38.539	G3	55	67	243	17.7083	G3	55	96	
228	38.7059	Eb3	51	60	244	17.7778	Eb3	51	96	
229	38.8421	Bb2	46	64	245	17.8472	Bb2	46	96	
230	38.985	Eb2	39	60	246	17.9167	Eb2	39	96	
231	39.1319	G2	43	59	247	17.9688	G2	43	96	
232	39.2681	Bb2	46	63	248	18.0208	Bb2	46	96	
233	39.383	Eb3	51	62	249	18.0729	Eb3	51	96	
234	39.4925	G3	55	68	250	18.125	G3	55	96	
235	39.6113	Bb3	58	62	251	18.1771	Bb3	58	96	
236	39.7035	Eb4	63	62	252	18.2292	Eb4	63	96	
237	39.8063	G4	67	66	253	18.2813	G4	67	96	
238	39.9319	Eb3	51	57	254	18.3333	Eb3	51	86	
239	40.0026	G3	55	53	255	18.3854	G3	55	86	
240	40.1589	Bb3	58	58	256	18.4375	Bb3	58	81	
241	40.2711	Eb4	63	59	257	18.4896	Eb4	63	81	
242	40.3739	G4	67	65	258	18.5417	G4	67	79	
243	40.5155	Bb4	70	61	259	18.5938	Bb4	70	79	
244	40.6169	Eb5	75	62	260	18.6458	Eb5	75	74	
245	40.7265	G5	79	64	261	18.6979	G5	79	74	
246	40.8547	Eb4	63	58	262	18.75	Eb4	63	69	
247	40.9401	G4	67	50	263	18.8021	G4	67	69	
248	41.1151	Bb4	70	56	264	18.8542	Bb4	70	64	
249	41.2299	Eb5	75	57	265	18.9063	Eb5	75	64	
250	41.3434	G5	79	59	266	18.9583	G5	79	59	
251	41.4543	Bb5	82	65	267	19.0104	Bb5	82	59	
252	41.5985	Eb6	87	63	268	19.0625	Eb6	87	54	
253	41.7241	G6	91	64	269	19.1146	G6	91	54	
254	42.102	G6	91	61	271	19.1667	G6	91	49	
255	42.11	Bb2	46	35	273	19.1667	Bb2	46	49	
256	42.1153	Eb3	51	36	274	19.1667	Eb3	51	49	
257	42.1274	G5	79	48	270	19.1667	G5	79	49	
258	42.1367	Eb2	39	29	272	19.1667	Eb2	39	49	
259	42.7964	F#6	90	50	276	19.375	F#6	90	49	
260	42.8071	F#5	78	46	275	19.375	F#5	78	49	
261	42.8111	Eb3	51	37	279	19.375	Eb3	51	49	
262	42.8191	B2	47	38	278	19.375	B2	47	49	
263	42.8378	Eb2	39	22	277	19.375	Eb2	39	49	
264	43.6832	B2	47	27	283	19.5833	B2	47	49	
265	43.6899	F#6	90	56	281	19.5833	F#6	90	49	
266	43.7005	Eb3	51	25	284	19.5833	Eb3	51	49	
267	43.7072	Eb2	39	21	282	19.5833	Eb2	39	49	
268	43.7099	F#5	78	44	280	19.5833	F#5	78	49	
269	44.1907	B5	83	48	285	19.6875	B5	83	49	
270	44.5232	Bb5	82	56	286	19.7917	Bb5	82	49	
271	44.5272	Eb3	51	39	287	19.7917	Eb3	51	49	
272	44.5486	B3	59	34	288	19.7917	B3	59	49	
273	44.7943	B5	83	62	289	19.8958	B5	83	49	
274	45.0414	Bb5	82	63	290	20	Bb5	82	49	
275	45.2911	B5	83	67	291	20.1042	B5	83	49	
276	45.6116	F#6	90	65	292	20.2083	F#6	90	49	
277	45.6263	G#3	56	31	293	20.2083	G#3	56	49	
278	45.6383	E4	64	22	295	20.2083	E4	64	49	
279	45.6477	B3	59	15	294	20.2083	B3	59	49	
280	45.9562	E6	88	61	296	20.3125	E6	88	49	
281	46.2393	Eb6	87	62	297	20.4167	Eb6	87	49	
282	46.5157	Bb6	94	72	298	20.5208	Bb6	94	49	
283	46.9043	B6	95	62	299	20.625	B6	95	49	
284	46.931	Eb4	63	30	302	20.625	Eb4	63	49	
285	46.9337	B3	59	29	301	20.625	B3	59	49	
286	46.9391	F#3	54	23	300	20.625	F#3	54	49	
287	47.3651	Bb6	94	63	303	20.7292	Bb6	94	49	
288	47.7029	B6	95	58	304	20.8333	B6	95	49	
289	47.7136	Eb6	87	43	305	20.8333	Eb6	87	49	
290	47.9193	C#6	85	54	307	20.9028	C#6	85	49	
291	47.926	Bb6	94	64	306	20.9028	Bb6	94	49	
292	48.0876	F#6	90	61	308	20.9722	F#6	90	49	
293	48.0969	Bb5	82	50	309	20.9722	Bb5	82	49	
294	48.2238	Bb6	94	67	310	21.0417	Bb6	94	59	
295	48.2411	C#6	85	42	311	21.0417	C#6	85	59	
296	48.3667	B5	83	54	313	21.1111	B5	83	59	
297	48.384	G#6	92	65	312	21.1111	G#6	92	59	
298	48.5189	E6	88	64	314	21.1806	E6	88	59	
299	48.5229	G#5	80	57	315	21.1806	G#5	80	59	
300	48.6511	G#6	92	73	316	21.25	G#6	92	66	
301	48.6658	B5	83	54	317	21.25	B5	83	66	
302	48.7646	F#6	90	62	318	21.3194	F#6	90	66	
303	48.7713	Bb5	82	57	319	21.3194	Bb5	82	66	
304	48.8902	F#5	78	52	321	21.3889	F#5	78	66	
305	48.9009	Eb6	87	69	320	21.3889	Eb6	87	66	
306	49.017	Bb5	82	53	323	21.4583	Bb5	82	76	
307	49.0277	F#6	90	72	322	21.4583	F#6	90	76	
308	49.1252	G#5	80	63	325	21.5278	G#5	80	76	
309	49.1319	E6	88	71	324	21.5278	E6	88	76	
310	49.2548	E5	76	51	327	21.5972	E5	76	76	
311	49.2561	C#6	85	72	326	21.5972	C#6	85	76	
312	49.3629	G#5	80	48	329	21.6667	G#5	80	86	
313	49.3736	E6	88	72	328	21.6667	E6	88	86	
314	49.4885	Eb6	87	74	330	21.7361	Eb6	87	86	
315	49.4938	F#5	78	57	331	21.7361	F#5	78	86	
316	49.606	B5	83	64	332	21.8056	B5	83	86	
317	49.6167	Eb5	75	57	333	21.8056	Eb5	75	86	
318	49.7115	F#5	78	58	335	21.875	F#5	78	96	
319	49.7288	Eb6	87	76	334	21.875	Eb6	87	96	
320	49.8277	E5	76	62	337	21.9444	E5	76	96	
321	49.841	C#6	85	74	336	21.9444	C#6	85	96	
322	49.9372	C#5	73	43	339	22.0139	C#5	73	96	
323	49.9572	Bb5	82	71	338	22.0139	Bb5	82	96	
324	50.0761	B5	83	75	340	22.0833	B5	83	96	
325	50.0841	Eb5	75	61	342	22.0833	Eb5	75	96	
326	50.0908	B4	71	60	341	22.0833	B4	71	96	
327	50.215	Bb5	82	75	343	22.1528	Bb5	82	96	
328	50.3418	G#5	80	70	344	22.2222	G#5	80	96	
329	50.478	F#3	54	74	346	22.2917	F#3	54	96	
330	50.4847	F#5	78	72	345	22.2917	F#5	78	96	
331	50.6209	E5	76	69	347	22.3611	E5	76	96	
332	50.7251	Eb5	75	75	348	22.4306	Eb5	75	96	
333	50.84	G#3	56	79	350	22.5	G#3	56	96	
334	50.8627	C#5	73	80	349	22.5	C#5	73	96	
335	50.9735	B4	71	74	351	22.5694	B4	71	96	
336	51.087	Bb4	70	76	352	22.6389	Bb4	70	96	
337	51.1979	G#4	68	72	353	22.7083	G#4	68	96	
338	51.2099	Bb3	58	79	354	22.7083	Bb3	58	96	
339	51.3301	F#4	66	74	355	22.7778	F#4	66	96	
340	51.4409	E4	64	72	356	22.8472	E4	64	96	
341	51.5651	Eb4	63	75	357	22.9167	Eb4	63	96	
342	51.5705	B3	59	82	358	22.9167	B3	59	96	
343	51.708	C#4	61	77	359	22.9861	C#4	61	96	
344	51.8229	B3	59	75	360	23.0556	B3	59	96	
345	51.9417	Bb3	58	71	361	23.125	Bb3	58	96	
346	52.0579	G#3	56	70	362	23.1944	G#3	56	96	
347	52.1834	F#3	54	73	363	23.2639	F#3	54	96	
348	52.3103	E3	52	66	364	23.3333	E3	52	96	
349	52.3116	B1	35	78	365	23.3333	B1	35	96	
350	52.4465	Eb3	51	66	366	23.4028	Eb3	51	96	
351	52.5921	C#3	49	65	367	23.4722	C#3	49	96	
352	52.7256	B2	47	69	368	23.5417	B2	47	96	
353	52.8565	Bb2	46	63	369	23.6845	Bb2	46	89	
354	52.9901	B2	47	69	370	23.8274	B2	47	89	
355	53.1209	C#3	49	64	371	23.9702	C#3	49	79	
356	53.2491	Eb3	51	71	372	24.1131	Eb3	51	79	
357	53.3733	E3	52	63	373	24.256	E3	52	79	
358	53.5109	F#3	54	64	374	24.3988	F#3	54	79	
359	53.6458	G#3	56	62	375	24.5417	G#3	56	79	
360	53.7807	Bb3	58	65	376	24.6845	Bb3	58	79	
361	53.8982	B3	59	60	377	24.8274	B3	59	69	
362	54.0544	C#4	61	65	378	24.9702	C#4	61	69	
363	54.1893	Eb4	63	67	379	25.1131	Eb4	63	69	
364	54.3416	E4	64	65	380	25.256	E4	64	69	
365	54.5098	F#4	66	63	381	25.4226	F#4	66	69	
366	54.6434	G#4	68	64	382	25.5893	G#4	68	69	
367	54.821	Bb4	70	65	383	25.756	Bb4	70	59	
368	55.0333	B4	71	59	384	26.131	B4	71	59	
369	55.2537	C#5	73	62	385	26.506	C#5	73	59	
370	55.4794	Eb5	75	57	386	26.881	Eb5	75	59	
371	55.7171	E5	76	53	387	27.256	E5	76	54	
372	55.9815	F#5	78	55	388	27.631	F#5	78	54	
373	56.2606	G#5	80	51	389	28.006	G#5	80	54	
374	56.5972	Bb5	82	44	390	28.381	Bb5	82	54	
375	56.9951	B5	83	45	391	28.756	B5	83	49	
376	57.0112	Eb4	63	36	392	28.756	Eb4	63	49	
377	57.333	F#4	66	38	394	28.8601	F#4	66	49	
378	57.5293	B4	71	44	395	28.9643	B4	71	49	
379	57.6669	F#5	78	46	396	29.0685	F#5	78	49	
380	57.8605	F#4	66	54	397	29.1726	F#4	66	49	
381	57.9954	C#4	61	39	399	29.2768	C#4	61	49	
382	58.185	B4	71	45	400	29.381	B4	71	49	
383	58.3066	Bb4	70	57	401	29.4851	Bb4	70	49	
384	58.4441	E4	64	58	402	29.5893	E4	64	49	
385	58.5964	G#4	68	55	404	29.6935	G#4	68	49	
386	58.7486	C#5	73	58	405	29.7976	C#5	73	49	
387	58.8835	G#5	80	55	406	29.9018	G#5	80	49	
388	58.9957	G#4	68	57	407	30.006	G#4	68	49	
389	59.1479	Eb4	63	58	409	30.1101	Eb4	63	49	
390	59.2961	C#5	73	59	410	30.2143	C#5	73	49	
391	59.415	C5	72	59	411	30.3185	C5	72	49	
392	59.5379	F#4	66	68	412	30.4226	F#4	66	49	
393	59.6768	A4	69	65	414	30.5268	A4	69	49	
394	59.7983	C5	72	55	415	30.631	C5	72	49	
395	59.813	Eb5	75	55	416	30.631	Eb5	75	49	
396	59.9679	C6	84	47	417	30.7351	C6	84	49	
397	59.9839	C#6	85	43	*	-1	*	-1	-1	
398	60.052	E4	64	66	418	30.8393	E4	64	49	
399	60.2003	G#4	68	65	420	30.9435	G#4	68	49	
400	60.3458	E5	76	66	422	31.0476	E5	76	49	
401	60.3565	C#5	73	40	421	31.0476	C#5	73	49	
402	60.4807	C#6	85	67	423	31.1518	C#6	85	49	
403	60.5862	F#4	66	59	425	31.256	Eb4	63	49	
404	60.5942	Eb4	63	58	424	31.256	Eb4	63	49	
405	60.7291	G#4	68	59	426	31.3601	G#4	68	49	
406	60.856	C6	84	65	427	31.4643	C6	84	49	
407	61.0029	Eb6	87	68	428	31.5685	Eb6	87	49	
408	61.1177	E4	64	65	429	31.6726	E4	64	49	
409	61.1351	C#4	61	59	430	31.6726	C#4	61	49	
410	61.2686	G#4	68	59	431	31.7768	G#4	68	49	
411	61.4129	G#5	80	68	432	31.881	G#5	80	49	
412	61.5344	E6	88	66	433	31.9851	E6	88	49	
413	61.6826	Eb4	63	62	434	32.0893	Eb4	63	49	
414	61.7	C4	60	58	435	32.0893	C4	60	49	
415	61.8509	G#4	68	57	436	32.1935	G#4	68	49	
416	61.9925	Eb6	87	61	438	32.2976	Eb6	87	49	
417	62.0339	F#5	78	42	437	32.2976	F#5	78	49	
418	62.13	G#5	80	59	439	32.4018	G#5	80	49	
419	62.2622	E4	64	54	440	32.506	E4	64	49	
420	62.2662	C#4	61	53	441	32.506	C#4	61	49	
421	62.4158	G#4	68	45	442	32.6101	G#4	68	49	
422	62.536	G#5	80	60	444	32.7143	G#5	80	49	
423	62.5413	E5	76	37	443	32.7143	E5	76	49	
424	62.6522	E6	88	56	445	32.8185	E6	88	49	
425	62.8311	A3	57	41	447	32.9226	A3	57	49	
426	62.8325	C#4	61	51	446	32.9226	C#4	61	49	
427	63.0328	F#4	66	41	448	33.0268	F#4	66	49	
428	63.157	F#5	78	39	449	33.131	F#5	78	49	
429	63.161	C#6	85	47	450	33.131	C#6	85	49	
430	63.2999	F#6	90	45	451	33.2351	F#6	90	49	
431	63.5349	G#3	56	40	453	33.3393	G#3	56	49	
432	63.5696	Eb4	63	44	452	33.3393	Eb4	63	49	
433	63.7633	G#4	68	27	454	33.4435	G#4	68	49	
434	63.8701	G#5	80	41	455	33.5476	G#5	80	49	
435	63.8821	C6	84	43	456	33.5476	C6	84	49	
436	64.0558	G#6	92	44	457	33.6518	G#6	92	49	
437	64.3576	Eb5	75	57	459	33.756	Eb5	75	49	
438	64.3789	Bb4	70	36	458	33.756	Bb4	70	49	
439	64.5739	Eb4	63	52	461	33.8601	Eb4	63	49	
440	64.7355	G3	55	53	462	33.9643	G3	55	49	
441	64.8958	Bb3	58	42	463	34.0685	Bb3	58	49	
442	65.012	Eb5	75	64	465	34.1726	Eb5	75	49	
443	65.0173	B4	71	61	464	34.1726	B4	71	49	
444	65.1829	Eb4	63	53	467	34.2768	Eb4	63	49	
445	65.2871	G#3	56	46	468	34.381	G#3	56	49	
446	65.4113	B3	59	61	469	34.4851	B3	59	49	
447	65.5688	C#5	73	71	471	34.5893	C#5	73	49	
448	65.5809	G4	67	64	470	34.5893	G4	67	49	
449	65.7571	Eb4	63	48	473	34.6935	Eb4	63	49	
450	65.86	Bb2	46	50	474	34.7976	Bb2	46	49	
451	65.9762	C#3	49	58	475	34.9018	C#3	49	49	
452	66.1137	B4	71	67	477	35.006	B4	71	49	
453	66.1244	G#4	68	67	476	35.006	G#4	68	49	
454	66.302	Eb4	63	45	479	35.1101	Eb4	63	49	
455	66.3701	B2	47	50	480	35.2143	B2	47	49	
456	66.529	Eb3	51	61	481	35.3185	Eb3	51	49	
457	66.6599	Bb4	70	69	484	35.4226	Bb4	70	49	
458	66.6679	E4	64	65	482	35.4226	E4	64	49	
459	66.684	G4	67	50	483	35.4226	G4	67	49	
460	66.8429	C#4	61	55	486	35.5268	C#4	61	49	
461	66.931	C#3	49	54	487	35.631	C#3	49	49	
462	67.0579	E3	52	65	488	35.7351	E3	52	49	
463	67.2115	B4	71	70	491	35.8393	B4	71	49	
464	67.2208	G#4	68	65	490	35.8393	G#4	68	49	
465	67.2368	F4	65	65	489	35.8393	F4	65	49	
466	67.4011	B3	59	49	493	35.9435	B3	59	49	
467	67.4358	C4	60	39	*	-1	*	-1	-1	
468	67.5106	D3	50	63	494	36.0476	D3	50	49	
469	67.6468	F3	53	61	495	36.1518	F3	53	49	
470	67.7911	G#4	68	65	498	36.256	G#4	68	49	
471	67.7951	B3	59	60	496	36.256	B3	59	49	
472	67.7964	F4	65	56	497	36.256	F4	65	49	
473	67.954	G#3	56	51	500	36.3601	G#3	56	49	
474	68.0902	D2	38	46	501	36.4643	D2	38	49	
475	68.2518	D3	50	50	502	36.5685	D3	50	49	
476	68.4361	G4	67	51	505	36.6726	G4	67	49	
477	68.4681	Eb4	63	48	504	36.6726	Eb4	63	49	
478	68.5189	Bb3	58	30	503	36.6726	Bb3	58	49	
479	68.6391	G3	55	34	507	36.7768	G3	55	49	
480	68.814	Eb2	39	22	508	36.881	Eb2	39	49	
481	68.9756	Eb3	51	45	509	36.9851	Eb3	51	49	
482	69.1693	G4	67	53	512	37.0893	G4	67	49	
483	69.18	Eb4	63	34	511	37.0893	Eb4	63	49	
484	69.2187	Bb3	58	44	510	37.0893	Bb3	58	49	
485	69.3469	G3	55	42	514	37.1935	G3	55	49	
486	69.4711	Eb2	39	40	515	37.2976	Eb2	39	49	
487	69.61	Eb3	51	47	516	37.4018	Eb3	51	49	
488	69.7395	Eb4	63	32	518	37.506	Eb4	63	49	
489	69.7502	G#4	68	65	519	37.506	G#4	68	49	
490	69.7863	B3	59	48	517	37.506	B3	59	49	
491	69.9225	G#3	56	52	521	37.6101	G#3	56	49	
492	70.0306	G#2	44	50	522	37.7143	G#2	44	49	
493	70.1749	Eb3	51	49	523	37.8185	Eb3	51	49	
494	70.2924	Bb4	70	58	526	37.9226	Bb4	70	49	
495	70.3031	G4	67	53	525	37.9226	G4	67	49	
496	70.3244	Eb4	63	51	524	37.9226	Eb4	63	49	
497	70.474	Bb3	58	49	528	38.0268	Bb3	58	49	
498	70.5809	Eb2	39	49	529	38.131	Eb2	39	49	
499	70.7077	Eb3	51	53	530	38.2351	Eb3	51	49	
500	70.8493	G#4	68	55	532	38.3393	G#4	68	49	
501	70.8787	B4	71	63	533	38.3393	B4	71	49	
502	70.9027	Eb4	63	50	531	38.3393	Eb4	63	49	
503	71.0296	B3	59	50	535	38.4435	B3	59	49	
504	71.1377	G#1	32	47	536	38.5476	G#1	32	49	
505	71.2553	G#2	44	53	537	38.6518	G#2	44	49	
506	71.4182	Eb4	63	50	538	38.756	Eb4	63	49	
507	71.4289	Bb4	70	61	540	38.756	Bb4	70	49	
508	71.4329	G4	67	45	539	38.756	G4	67	49	
509	71.5851	Bb3	58	49	542	38.8601	Bb3	58	49	
510	71.7173	Eb2	39	53	543	38.9643	Eb2	39	49	
511	71.8255	Eb3	51	59	544	39.0685	Eb3	51	49	
512	71.9671	B4	71	68	547	39.1726	B4	71	49	
513	71.9724	G#4	68	63	546	39.1726	G#4	68	49	
514	72.0111	Eb4	63	51	545	39.1726	Eb4	63	49	
515	72.1207	B3	59	62	549	39.2768	B3	59	49	
516	72.2408	G#2	44	55	550	39.381	G#2	44	49	
517	72.365	G#3	56	64	551	39.4851	G#3	56	49	
518	72.5079	Bb4	70	56	553	39.5893	Bb4	70	49	
519	72.52	C#5	73	65	554	39.5893	C#5	73	49	
520	72.5306	F#4	66	55	552	39.5893	F#4	66	49	
521	72.6562	C#4	61	56	556	39.6935	C#4	61	49	
522	72.7951	F#2	42	50	557	39.7976	F#2	42	49	
523	72.9059	F#3	54	51	558	39.9018	F#3	54	49	
524	73.0582	Eb5	75	61	561	40.006	Eb5	75	49	
525	73.0648	B4	71	51	560	40.006	B4	71	49	
526	73.0942	F#4	66	54	559	40.006	F#4	66	49	
527	73.2451	Eb4	63	49	563	40.1101	Eb4	63	49	
528	73.3239	B1	35	58	564	40.2143	B1	35	49	
529	73.4641	B2	47	57	565	40.3185	B2	47	49	
530	73.5696	C#5	73	73	568	40.4226	C#5	73	49	
531	73.5777	Bb4	70	58	567	40.4226	Bb4	70	49	
532	73.583	F#4	66	57	566	40.4226	F#4	66	49	
533	73.7379	C#4	61	69	570	40.5268	C#4	61	49	
534	73.8501	F#2	42	64	571	40.631	F#2	42	49	
535	73.9649	F#3	54	64	572	40.7351	F#3	54	49	
536	74.0998	Eb5	75	71	575	40.8393	Eb5	75	49	
537	74.1038	B4	71	64	574	40.8393	B4	71	49	
538	74.1078	F#4	66	70	573	40.8393	F#4	66	49	
539	74.2627	Eb4	63	74	577	40.9435	Eb4	63	49	
540	74.3589	B2	47	62	578	41.0476	B2	47	49	
541	74.4818	B3	59	68	579	41.1518	B3	59	49	
542	74.5993	F5	77	80	582	41.256	F5	77	49	
543	74.6006	D5	74	72	581	41.256	D5	74	49	
544	74.6193	Bb4	70	71	580	41.256	Bb4	70	49	
545	74.7662	F4	65	71	584	41.3601	F4	65	49	
546	74.8744	Bb2	46	59	585	41.4643	Bb2	46	49	
547	74.9799	Bb3	58	65	586	41.5685	Bb3	58	49	
548	75.1415	F#5	78	78	589	41.6726	F#5	78	49	
549	75.1442	Eb5	75	70	588	41.6726	Eb5	75	49	
550	75.1655	Bb4	70	62	587	41.6726	Bb4	70	49	
551	75.3017	F#4	66	61	591	41.7768	F#4	66	49	
552	75.3885	Eb2	39	60	592	41.881	Eb2	39	49	
553	75.5301	Eb3	51	54	593	41.9851	Eb3	51	49	
554	75.689	F5	77	67	596	42.0893	F5	77	49	
555	75.6944	D5	74	57	595	42.0893	D5	74	49	
556	75.7157	Bb4	70	52	594	42.0893	Bb4	70	49	
557	75.8426	F4	65	63	598	42.1935	F4	65	49	
558	75.9121	Bb2	46	63	599	42.2976	Bb2	46	49	
559	76.0456	Bb3	58	60	600	42.4018	Bb3	58	49	
560	76.1858	F#5	78	80	603	42.506	F#5	78	49	
561	76.2018	Bb4	70	68	601	42.506	Bb4	70	49	
562	76.2072	Eb5	75	51	602	42.506	Eb5	75	49	
563	76.3501	F#4	66	67	605	42.6101	F#4	66	49	
564	76.4356	Eb3	51	61	606	42.7143	Eb3	51	49	
565	76.5758	Eb4	63	64	607	42.8185	Eb4	63	49	
566	76.704	G#5	80	78	610	42.9226	G#5	80	49	
567	76.708	F5	77	70	609	42.9226	F5	77	49	
568	76.72	C#5	73	72	608	42.9226	C#5	73	49	
569	76.8669	G#4	68	66	612	43.0268	G#4	68	49	
570	76.943	C#3	49	65	613	43.131	C#3	49	49	
571	77.0646	C#4	61	72	614	43.2351	C#4	61	49	
572	77.2181	F#5	78	70	616	43.3393	F#5	78	49	
573	77.2275	Bb5	82	78	617	43.3393	Bb5	82	49	
574	77.2462	C#5	73	74	615	43.3393	C#5	73	49	
575	77.3904	Bb4	70	71	619	43.4435	Bb4	70	49	
576	77.4999	F#2	42	66	620	43.5476	F#2	42	49	
577	77.6121	F#3	54	69	621	43.6518	F#3	54	49	
578	77.751	B5	83	82	624	43.756	B5	83	49	
579	77.755	F#5	78	72	623	43.756	F#5	78	49	
580	77.7724	Eb5	75	77	622	43.756	Eb5	75	49	
581	77.9219	B4	71	66	626	43.8601	B4	71	49	
582	78.0568	F#4	66	51	627	43.9643	F#4	66	49	
583	78.1543	F#3	54	52	628	44.0685	F#3	54	49	
584	78.352	B4	71	54	629	44.1726	B4	71	49	
585	78.3546	G#5	80	59	631	44.1726	G#5	80	49	
586	78.368	F#5	78	52	630	44.1726	F#5	78	49	
587	78.5229	G#4	68	54	633	44.2768	G#4	68	49	
588	78.6244	F#2	42	49	634	44.381	F#2	42	49	
589	78.7593	F#3	54	56	635	44.4851	F#3	54	49	
590	78.8835	F#5	78	42	637	44.5893	F#5	78	49	
591	78.8995	Bb5	82	85	638	44.5893	Bb5	82	49	
592	78.9048	C#5	73	77	636	44.5893	C#5	73	49	
593	79.0531	Bb4	70	64	640	44.6935	Bb4	70	49	
594	79.1372	F#4	66	54	641	44.7976	F#4	66	49	
595	79.2961	F#3	54	56	642	44.9018	F#3	54	49	
596	79.4337	B5	83	61	645	45.006	B5	83	49	
597	79.4671	F#5	78	56	644	45.006	F#5	78	49	
598	79.4858	Eb5	75	63	643	45.006	Eb5	75	49	
599	79.618	B4	71	62	647	45.1101	B4	71	49	
600	79.7155	F#2	42	56	648	45.2143	F#2	42	49	
601	79.821	F#3	54	65	649	45.3185	F#3	54	49	
602	79.9665	Bb5	82	70	651	45.4226	Bb5	82	49	
603	79.9679	C#6	85	81	652	45.4226	C#6	85	49	
604	79.9826	F#5	78	75	650	45.4226	F#5	78	49	
605	80.1161	C#5	73	75	654	45.5268	C#5	73	49	
606	80.2189	F#4	66	57	655	45.631	F#4	66	49	
607	80.3365	F#3	54	59	656	45.7351	F#3	54	49	
608	80.5154	Eb6	87	66	659	45.8393	Eb6	87	49	
609	80.5341	B5	83	53	658	45.8393	B5	83	49	
610	80.5341	F#5	78	67	657	45.8393	F#5	78	49	
611	80.6837	Eb5	75	57	661	45.9435	Eb5	75	49	
612	80.7798	B1	35	56	662	46.0476	B1	35	49	
613	80.904	B2	47	65	663	46.1518	B2	47	49	
614	81.0095	E6	88	83	666	46.256	E6	88	49	
615	81.0149	B5	83	74	665	46.256	B5	83	49	
616	81.0229	G#5	80	80	664	46.256	G#5	80	49	
617	81.1564	E5	76	70	668	46.3601	E5	76	49	
618	81.274	B3	59	62	669	46.4643	B3	59	49	
619	81.4008	B2	47	53	670	46.5685	B2	47	49	
620	81.5304	C#6	85	73	673	46.6726	C#6	85	49	
621	81.533	E5	76	68	671	46.6726	E5	76	49	
622	81.5491	B5	83	50	672	46.6726	B5	83	49	
623	81.6693	C#5	73	69	675	46.7768	C#5	73	49	
624	81.7935	B1	35	68	676	46.881	B1	35	49	
625	81.9096	B2	47	68	677	46.9851	B2	47	49	
626	82.0258	B5	83	35	679	47.0893	B5	83	49	
627	82.0365	Eb6	87	85	680	47.0893	Eb6	87	49	
628	82.0378	F#5	78	76	678	47.0893	F#5	78	49	
629	82.1821	Eb5	75	73	682	47.1935	Eb5	75	49	
630	82.2836	B3	59	58	683	47.2976	B3	59	49	
631	82.3771	B2	47	56	684	47.4018	B2	47	49	
632	82.5199	E6	88	80	687	47.506	E6	88	49	
633	82.5266	B5	83	61	686	47.506	B5	83	49	
634	82.544	G#5	80	68	685	47.506	G#5	80	49	
635	82.6602	E5	76	66	689	47.6101	E5	76	49	
636	83.1316	A2	45	60	698	48.2351	B2	47	49	
637	83.1423	A3	57	61	*	-1	*	-1	-1	
638	83.2758	F#6	90	80	694	47.9226	F#6	90	49	
639	83.2838	B5	83	74	692	47.9226	B5	83	49	
640	83.2878	Eb6	87	68	693	47.9226	Eb6	87	49	
641	83.4134	F#5	78	72	696	48.0268	F#5	78	49	
642	83.5309	A2	45	61	704	48.5476	A2	45	49	
643	83.6217	A3	57	65	705	48.6518	A3	57	49	
644	83.7472	B5	83	49	700	48.3393	B5	83	49	
645	83.7539	Eb6	87	83	701	48.3393	Eb6	87	49	
646	83.7579	F#5	78	76	699	48.3393	F#5	78	49	
647	83.8781	Eb5	75	75	703	48.4435	Eb5	75	49	
648	83.985	G#2	44	68	711	48.9643	G#3	56	49	
649	84.0891	G#3	56	59	712	49.0685	G#2	44	49	
650	84.196	E6	88	83	708	48.756	E6	88	49	
651	84.2093	B5	83	70	707	48.756	B5	83	49	
652	84.216	G#5	80	76	706	48.756	G#5	80	49	
653	84.3255	E5	76	72	710	48.8601	E5	76	49	
654	84.447	F#2	42	60	718	49.381	F#2	42	49	
655	84.5712	F#3	54	48	719	49.4851	F#3	54	49	
656	84.7141	F#6	90	79	715	49.1726	F#6	90	49	
657	84.7168	Eb6	87	61	714	49.1726	Eb6	87	49	
658	84.7302	B5	83	68	713	49.1726	B5	83	49	
659	84.8049	A5	81	74	717	49.2768	A5	81	49	
660	84.9371	E2	40	63	725	49.7976	E3	52	49	
661	85.0013	E3	52	62	726	49.9018	E2	40	49	
662	85.1508	B5	83	61	720	49.5893	B5	83	49	
663	85.1508	G#6	92	89	722	49.5893	G#6	92	49	
664	85.1522	E6	88	56	721	49.5893	E6	88	49	
665	85.2069	D6	86	36	723	49.5893	B5	83	49	
666	85.2737	G#5	80	80	724	49.6935	G#5	80	49	
667	85.3979	Eb3	51	50	*	-1	*	-1	-1	
668	85.442	Eb2	39	57	732	50.2143	Eb2	39	49	
669	85.6449	F#6	90	66	728	50.006	F#6	90	49	
670	85.6449	A6	93	88	729	50.006	A6	93	49	
671	85.649	C6	84	75	727	50.006	C6	84	49	
672	85.7691	A5	81	79	731	50.1101	A5	81	49	
673	85.892	C#3	49	61	739	50.631	C#3	49	49	
674	85.9935	C#2	37	29	*	-1	*	-1	-1	
675	86.075	Bb6	94	81	736	50.4226	Bb6	94	49	
676	86.083	E6	88	67	734	50.4226	E6	88	49	
677	86.1311	G6	91	50	735	50.4226	G6	91	49	
678	86.2219	Bb5	82	75	738	50.5268	Bb5	82	49	
679	86.6172	B6	95	67	742	50.8393	B6	95	57	
680	86.6332	Eb6	87	66	741	50.8393	Eb6	87	57	
681	86.7454	B5	83	61	744	50.9435	B5	83	57	
682	86.8308	B1	35	54	745	51.0476	B1	35	57	
683	86.9791	B2	47	56	746	51.1518	B2	47	57	
684	87.146	G#6	92	68	747	51.256	G#6	92	57	
685	87.15	B6	95	69	748	51.256	B6	95	57	
686	87.2702	B5	83	67	750	51.3601	B5	83	57	
687	87.4265	F2	41	68	751	51.4643	F3	53	57	
688	87.556	F3	53	66	752	51.5685	F2	41	57	
689	87.7042	A6	93	85	753	51.6726	A6	93	65	
690	87.7149	B6	95	82	754	51.6726	B6	95	65	
691	87.8378	B5	83	71	756	51.7768	B5	83	65	
692	87.9059	F#3	54	41	*	-1	*	-1	-1	
693	87.97	F#2	42	70	757	51.881	F#2	42	65	
694	88.0808	F#3	54	69	758	51.9851	F#3	54	65	
695	88.201	F#6	90	83	759	52.0893	F#6	90	65	
696	88.2024	B6	95	84	760	52.0893	B6	95	65	
697	88.3239	B5	83	76	762	52.1935	B5	83	65	
698	88.4361	Eb3	51	73	763	52.2976	Eb3	51	65	
699	88.5736	Eb2	39	59	764	52.4018	Eb2	39	65	
700	88.7058	B6	95	80	766	52.506	B6	95	73	
701	88.7259	Eb6	87	85	765	52.506	Eb6	87	73	
702	88.834	B5	83	79	768	52.6101	B5	83	73	
703	88.9222	B1	35	65	769	52.7143	B1	35	73	
704	89.0491	B2	47	73	770	52.8185	B2	47	73	
705	89.208	B6	95	86	772	52.9226	B6	95	73	
706	89.212	G#6	92	85	771	52.9226	G#6	92	73	
707	89.3228	B5	83	75	774	53.0268	B5	83	73	
708	89.4243	F3	53	69	775	53.131	F3	53	73	
709	89.5619	F2	41	77	776	53.2351	F2	41	73	
710	89.7261	A6	93	88	777	53.3393	A6	93	80	
711	89.7261	B6	95	86	778	53.3393	B6	95	80	
712	89.857	B5	83	74	780	53.4435	B5	83	80	
713	89.9371	F#2	42	68	781	53.5476	F#2	42	80	
714	90.052	F#3	54	73	782	53.6518	F#3	54	80	
715	90.251	F#6	90	82	783	53.756	F#6	90	80	
716	90.255	B6	95	90	784	53.756	B6	95	80	
717	90.3698	B5	83	80	786	53.8601	B5	83	80	
718	90.4513	Eb3	51	68	787	53.9643	Eb3	51	80	
719	90.5942	Eb2	39	64	788	54.0685	Eb2	39	80	
720	90.7665	B6	95	88	790	54.1726	B6	95	87	
721	90.7745	Eb6	87	91	789	54.1726	Eb6	87	87	
722	90.8853	B5	83	79	792	54.2768	B5	83	87	
723	90.9681	B1	35	71	793	54.381	B1	35	87	
724	91.095	B2	47	73	794	54.4851	B2	47	87	
725	91.2766	B6	95	94	796	54.5893	B6	95	87	
726	91.2833	G#6	92	89	795	54.5893	G#6	92	87	
727	91.3821	B5	83	78	798	54.6935	B5	83	87	
728	91.4836	F3	53	63	799	54.7976	F3	53	87	
729	91.6025	F2	41	75	800	54.9018	F2	41	87	
730	91.7868	B6	95	93	802	55.006	B6	95	92	
731	91.7948	A6	93	88	801	55.006	A6	93	92	
732	91.9216	B5	83	79	804	55.1101	B5	83	92	
733	91.9978	F#2	42	69	805	55.2143	G#2	44	92	
734	92.114	F#3	54	71	806	55.3185	F#3	54	92	
735	92.3116	B6	95	90	807	55.4226	B6	95	92	
736	92.3169	E6	88	94	808	55.4226	F6	89	92	
737	92.4478	B5	83	79	809	55.5268	B5	83	92	
738	92.58	C#3	49	79	810	55.631	C#3	49	92	
739	92.7149	C#2	37	60	811	55.7351	C#2	37	92	
740	92.8431	B6	95	89	812	55.8393	B6	95	94	
741	92.8551	F#6	90	92	813	55.8393	F#6	90	94	
742	92.986	B5	83	78	814	55.9435	B5	83	94	
743	93.1302	Eb2	39	80	815	56.0476	Eb2	39	94	
744	93.2878	Eb3	51	79	816	56.1518	Eb3	51	94	
745	93.4681	G#6	92	93	817	56.256	G#6	92	96	
746	93.6885	B6	95	94	819	56.3601	B6	95	96	
747	93.822	E2	40	74	820	56.4643	E2	40	96	
748	93.9756	E3	52	79	821	56.5685	E3	52	96	
749	94.1238	B6	95	90	822	56.6726	B6	95	96	
750	94.256	F#6	90	83	824	56.7768	F#6	90	96	
751	94.3509	Eb2	39	81	825	56.881	Eb2	39	96	
752	94.4857	Eb3	51	84	826	56.9851	Eb3	51	96	
753	94.614	E6	88	89	827	57.0893	E6	88	96	
754	94.7502	G#6	92	91	829	57.1935	G#6	92	96	
755	94.845	C#2	37	81	830	57.2976	C#2	37	96	
756	94.9799	C#3	49	81	831	57.4018	C#3	49	96	
757	95.1081	G#6	92	87	832	57.506	G#6	92	96	
758	95.2336	Eb6	87	84	834	57.6101	Eb6	87	96	
759	95.3044	B1	35	78	835	57.7143	B1	35	96	
760	95.4313	B2	47	80	836	57.8185	B2	47	96	
761	95.5969	C#6	85	87	837	57.9226	C#6	85	96	
762	95.7291	E6	88	89	839	58.0268	E6	88	96	
763	95.8319	A1	33	75	840	58.131	A1	33	96	
764	95.9561	A2	45	76	841	58.2351	A2	45	96	
765	96.111	E6	88	91	842	58.3393	E6	88	96	
766	96.2419	B5	83	74	844	58.4435	B5	83	96	
767	96.33	G#1	32	77	845	58.5476	G#1	32	96	
768	96.4796	G#2	44	75	846	58.6518	G#2	44	96	
769	96.6238	F#6	90	81	849	58.756	F#6	90	96	
770	96.6278	Eb6	87	77	848	58.756	Eb6	87	96	
771	96.6399	B5	83	74	847	58.756	B5	83	96	
772	96.7761	A5	81	73	851	58.8601	A5	81	96	
773	96.8949	F#1	30	73	852	58.9643	F#1	30	96	
774	97.0151	F#2	42	69	853	59.0685	F#2	42	96	
775	97.2021	B5	83	62	854	59.1726	B5	83	96	
776	97.2048	G#6	92	76	856	59.1726	G#6	92	96	
777	97.2101	E6	88	62	855	59.1726	E6	88	96	
778	97.3597	G#5	80	59	858	59.2768	G#5	80	96	
779	97.4411	E1	28	57	859	59.381	E1	28	96	
780	97.6201	E2	40	53	860	59.4851	E2	40	96	
781	98.0087	G#3	56	59	861	59.5893	G#3	56	49	
782	98.0341	E3	52	44	862	59.5893	E3	52	49	
783	98.2451	B3	59	46	863	59.6935	B3	59	49	
784	98.3693	G#4	68	56	864	59.7976	G#4	68	49	
785	98.5229	B4	71	55	865	59.9018	B4	71	49	
786	98.6644	B3	59	59	866	60.006	B3	59	49	
787	98.6698	Eb3	51	55	867	60.006	Eb3	51	49	
788	98.8407	F#3	54	54	868	60.1101	F#3	54	49	
789	98.9569	B4	71	57	869	60.2143	B4	71	49	
790	99.0864	F#5	78	56	870	60.3185	F#5	78	49	
791	99.1906	C#3	49	54	872	60.4226	C#3	49	49	
792	99.2293	Bb3	58	57	871	60.4226	Bb3	58	49	
793	99.3736	E4	64	59	873	60.5268	E4	64	49	
794	99.5151	E5	76	49	874	60.631	E5	76	49	
795	99.5418	F#5	78	54	875	60.631	F#5	78	49	
796	99.6727	Bb5	82	56	876	60.7351	Bb5	82	49	
797	99.8423	Eb4	63	51	877	60.8393	Eb4	63	49	
798	99.9879	B3	59	41	878	60.9435	B3	59	49	
799	100.125	Bb5	82	49	879	61.0476	Bb5	82	49	
800	100.264	B5	83	57	880	61.1518	B5	83	49	
801	100.483	C#6	85	63	881	61.256	C#6	85	56	
802	100.652	E6	88	60	883	61.3601	E6	88	56	
803	100.804	A2	45	45	884	61.4643	A2	45	56	
804	100.944	A3	57	56	885	61.5685	A3	57	56	
805	101.076	E6	88	73	886	61.6726	E6	88	66	
806	101.195	B5	83	70	888	61.7768	B5	83	66	
807	101.329	G#2	44	61	889	61.881	G#2	44	66	
808	101.452	G#3	56	64	890	61.9851	G#3	56	66	
809	101.602	B5	83	75	891	62.0893	B5	83	66	
810	101.616	A5	81	58	892	62.0893	A5	81	66	
811	101.761	A6	93	88	894	62.1935	A6	93	66	
812	101.884	F#2	42	63	895	62.2976	F#2	42	66	
813	102.019	F#3	54	67	896	62.4018	F#3	54	66	
814	102.138	G#6	92	84	897	62.506	G#6	92	76	
815	102.139	B5	83	71	899	62.506	B5	83	76	
816	102.154	G#5	80	63	898	62.506	G#5	80	76	
817	102.268	E6	88	76	900	62.6101	E6	88	76	
818	102.389	E2	40	72	901	62.7143	E2	40	76	
819	102.543	E3	52	64	902	62.8185	E3	52	76	
820	102.659	E5	76	71	904	62.9226	E5	76	76	
821	102.663	C#6	85	79	903	62.9226	C#6	85	76	
822	102.664	A5	81	74	905	62.9226	A5	81	76	
823	102.811	E6	88	81	907	63.0268	E6	88	76	
824	102.915	A3	57	58	908	63.131	A3	57	76	
825	103.027	A2	45	69	909	63.2351	A2	45	76	
826	103.165	E5	76	79	911	63.3393	E5	76	86	
827	103.166	G#5	80	87	910	63.3393	G#5	80	86	
828	103.321	E6	88	87	913	63.4435	E6	88	86	
829	103.412	B2	47	74	914	63.5476	B2	47	86	
830	103.576	B3	59	76	915	63.6518	B3	59	86	
831	103.723	Eb5	75	83	917	63.756	Eb5	75	86	
832	103.727	F#5	78	76	916	63.756	F#5	78	86	
833	103.894	Eb6	87	91	919	63.8601	Eb6	87	86	
834	104.074	B2	47	61	920	63.9643	B2	47	86	
835	104.276	B1	35	61	921	64.0685	B1	35	86	
836	104.574	D5	74	64	922	64.1726	D5	74	86	
837	104.646	F5	77	69	923	64.2768	F5	77	86	
838	104.706	G#5	80	78	924	64.381	G#5	80	86	
839	104.765	B5	83	68	925	64.4851	B5	83	86	
840	104.837	D6	86	92	930	64.5893	D6	86	96	
841	105.609	G#4	68	69	931	64.5893	G#4	68	96	
842	105.625	D4	62	50	933	64.5893	D4	62	96	
843	105.63	B3	59	48	932	64.5893	B3	59	96	
844	105.637	F4	65	48	934	64.5893	F4	65	96	
845	106.196	A4	69	70	935	64.7976	A4	69	96	
846	106.641	B4	71	70	936	65.006	B4	71	96	
847	107.089	C#5	73	71	937	65.2143	C#5	73	96	
848	107.649	C#6	85	69	938	65.4226	C#6	85	49	
849	107.665	D5	74	48	939	65.4226	D5	74	49	
850	107.679	F4	65	44	940	65.4226	E4	64	49	
851	107.687	G#4	68	39	941	65.4226	G#4	68	49	
852	108.32	B5	83	58	942	65.631	B5	83	49	
853	108.929	A5	81	49	944	65.8393	A5	81	49	
854	108.933	C#5	73	44	945	65.8393	C#5	73	49	
855	108.94	F#4	66	42	946	65.8393	F#4	66	49	
856	108.942	F#5	78	46	943	65.8393	F#5	78	49	
857	108.969	A4	69	27	947	65.8393	A4	69	49	
858	109.573	G#5	80	48	949	66.0476	G#5	80	49	
859	109.595	B4	71	38	951	66.0476	B4	71	49	
860	109.598	F5	77	43	948	66.0476	F5	77	49	
861	109.599	G#4	68	37	950	66.0476	G#4	68	49	
862	110.052	A5	81	72	953	66.256	A5	81	65	
863	110.059	C#5	73	63	954	66.256	C#5	73	65	
864	110.061	F#5	78	63	952	66.256	F#5	78	65	
865	110.079	F#4	66	55	955	66.256	F#4	66	65	
866	110.08	A4	69	57	956	66.256	A4	69	65	
867	110.529	B5	83	76	957	66.4643	B5	83	80	
868	110.534	F4	65	57	962	66.4643	E4	64	80	
869	110.537	G#5	80	62	960	66.4643	G#5	80	80	
870	110.545	F5	77	61	959	66.4643	F5	77	80	
871	110.55	C#5	73	56	958	66.4643	C#5	73	80	
872	110.554	C#4	61	45	961	66.4643	C#4	61	80	
873	110.554	G#4	68	50	963	66.4643	G#4	68	80	
874	111.047	C6	84	80	964	66.6726	C6	84	96	
875	111.991	C#6	85	61	965	67.0893	C#6	85	96	
876	112.004	C#4	61	35	968	67.0893	C#4	61	96	
877	112.007	A3	57	36	967	67.0893	A3	57	96	
878	112.008	F#4	66	40	966	67.0893	F#4	66	96	
879	112.344	F4	65	47	969	67.1935	F4	65	96	
880	112.58	F#4	66	62	970	67.2976	F#4	66	96	
881	112.788	G#4	68	70	971	67.4018	G#4	68	96	
882	113.006	A4	69	67	972	67.506	A4	69	96	
883	113.268	G#4	68	52	973	67.6101	G#4	68	96	
884	113.527	A4	69	59	974	67.7143	A4	69	96	
885	113.807	B4	71	51	975	67.8185	B4	71	96	
886	114.227	B5	83	55	976	67.9226	B5	83	49	
887	114.236	C5	72	41	979	67.9226	C5	72	49	
888	114.251	Eb4	63	36	980	67.9226	Eb4	63	49	
889	114.255	F#4	66	35	978	67.9226	F#4	66	49	
890	114.264	F#5	78	44	977	67.9226	F#5	78	49	
891	114.94	A5	81	51	981	68.131	A5	81	49	
892	115.622	G#5	80	49	982	68.3393	G#5	80	49	
893	115.645	B4	71	43	983	68.3393	B4	71	49	
894	115.656	E4	64	35	984	68.3393	E4	64	49	
895	115.657	G#4	68	32	985	68.3393	G#4	68	49	
896	116.274	F#5	78	49	986	68.5476	F#5	78	49	
897	116.283	B4	71	36	988	68.5476	B4	71	49	
898	116.303	Eb4	63	39	989	68.5476	Eb4	63	49	
899	116.314	F#4	66	34	990	68.5476	F#4	66	49	
900	116.322	A4	69	38	987	68.5476	A4	69	49	
901	116.787	G#5	80	70	991	68.756	G#5	80	49	
902	116.788	B4	71	53	993	68.756	B4	71	49	
903	116.813	G#4	68	57	992	68.756	G#4	68	49	
904	116.821	E4	64	57	994	68.756	E4	64	49	
905	117.298	A5	81	74	995	68.9643	A5	81	49	
906	117.314	A4	69	58	996	68.9643	A4	69	49	
907	117.316	E5	76	63	997	68.9643	E5	76	49	
908	117.322	E4	64	49	999	68.9643	E4	64	49	
909	117.329	C#4	61	46	998	68.9643	C#4	61	49	
910	117.982	B5	83	59	1000	69.1726	B5	83	49	
911	117.99	G#3	56	45	1001	69.1726	G#3	56	49	
912	117.998	E4	64	41	1002	69.1726	E4	64	49	
913	118.592	E5	76	55	1003	69.381	E5	76	49	
914	119.172	B5	83	57	1004	69.5893	B5	83	49	
915	119.2	A4	69	37	1007	69.5893	A4	69	49	
916	119.205	C#4	61	38	1005	69.5893	C#4	61	49	
917	119.216	E4	64	33	1006	69.5893	E4	64	49	
918	119.667	A5	81	57	1008	69.7976	A5	81	49	
919	120.236	G#5	80	57	1009	70.006	G#5	80	49	
920	120.251	B3	59	38	1010	70.006	B3	59	49	
921	120.263	G#4	68	35	1012	70.006	G#4	68	49	
922	120.271	E4	64	34	1011	70.006	E4	64	49	
923	121.286	Bb4	70	48	1015	70.4226	Bb4	70	49	
924	121.307	E4	64	40	1014	70.4226	E4	64	49	
925	121.314	B3	59	33	1013	70.4226	B3	59	49	
926	122.269	F#5	78	60	1016	70.8393	F#5	78	60	
927	122.278	B4	71	55	1019	70.8393	B4	71	60	
928	122.29	B3	59	45	1017	70.8393	B3	59	60	
929	122.293	Eb4	63	47	1018	70.8393	Eb4	63	60	
930	122.472	G#5	80	63	1020	70.881	G#5	80	60	
931	122.604	F#5	78	68	1021	70.9226	F#5	78	60	
932	122.691	F5	77	72	1022	70.9643	F5	77	60	
933	122.783	F#5	78	80	1023	71.006	F#5	78	60	
934	122.882	G#5	80	84	1024	71.0476	G#5	80	74	
935	122.883	G#4	68	86	1028	71.0476	G#4	68	74	
936	122.891	F4	65	75	1027	71.0476	F4	65	74	
937	122.897	D4	62	75	1026	71.0476	D4	62	74	
938	122.898	B3	59	63	1025	71.0476	B3	59	74	
939	123.026	A5	81	79	1029	71.0997	A5	81	74	
940	123.169	B5	83	84	1030	71.1518	B5	83	74	
941	123.324	C#6	85	87	1031	71.2039	C#6	85	74	
942	123.603	D6	86	84	1035	71.256	D6	86	85	
943	123.607	D5	74	84	1032	71.256	D5	74	85	
944	123.607	F5	77	84	1033	71.256	F5	77	85	
945	123.608	G#2	44	84	1037	71.256	G#2	44	85	
946	123.618	G#1	32	78	1036	71.256	G#1	32	85	
947	123.623	B5	83	70	1034	71.256	B5	83	85	
948	124.822	D6	86	94	1041	71.6726	Eb6	87	96	
949	124.825	F5	77	89	1039	71.6726	F#5	78	96	
950	124.825	B5	83	85	1040	71.6726	B5	83	96	
951	124.826	G1	31	90	1042	71.6726	G#1	32	96	
952	124.826	D5	74	90	1038	71.6726	Eb5	75	96	
953	124.829	D2	38	88	1043	71.6726	Eb2	39	96	
954	124.829	F2	41	84	1044	71.6726	F#2	42	96	
955	124.833	G2	43	87	1045	71.6726	G#2	44	96	
956	125.104	B5	83	81	1046	71.7768	B5	83	96	
957	125.291	G5	79	80	1047	71.881	G#5	80	96	
958	125.469	F5	77	81	1048	71.9851	F#5	78	96	
959	125.613	D5	74	75	1049	72.0893	Eb5	75	96	
960	125.777	B4	71	77	1050	72.1935	B4	71	96	
961	125.917	G4	67	73	1051	72.2976	G#4	68	96	
962	126.058	F4	65	76	1052	72.4018	F#4	66	96	
963	126.18	D4	62	76	1053	72.506	Eb4	63	96	
964	126.325	B3	59	76	1054	72.5754	B3	59	96	
965	126.45	G3	55	77	1055	72.6449	G#3	56	96	
966	126.57	F3	53	75	1056	72.7143	F#3	54	96	
967	126.656	D3	50	66	1057	72.7838	Eb3	51	96	
968	126.756	B2	47	69	1058	72.8532	B2	47	96	
969	126.882	G2	43	76	1059	72.9226	G#2	44	96	
970	126.984	B2	47	64	1060	72.9747	B2	47	96	
971	127.062	D3	50	76	1061	73.0268	Eb3	51	96	
972	127.145	F3	53	71	1062	73.0789	F#3	54	96	
973	127.157	G3	55	67	1063	73.131	G#3	56	96	
974	127.231	B3	59	68	1064	73.1831	B3	59	96	
975	127.286	D4	62	68	1065	73.2351	Eb4	63	96	
976	127.384	F4	65	73	1066	73.2872	F#4	66	96	
977	127.492	G4	67	70	1067	73.3393	G#4	68	96	
978	127.544	B4	71	69	1068	73.3914	B4	71	96	
979	127.568	D5	74	72	1069	73.4435	Eb5	75	96	
980	127.652	F5	77	74	1070	73.4956	F#5	78	96	
981	127.75	D5	74	72	1071	73.5476	Eb5	75	96	
982	127.815	F5	77	24	*	-1	*	-1	-1	
983	127.819	E5	76	61	1072	73.5997	F#5	78	96	
984	127.898	G5	79	75	1073	73.6518	G#5	80	96	
985	127.989	B5	83	66	1074	73.7039	B5	83	49	
986	128.112	F5	77	65	1076	73.756	F#5	78	49	
987	128.118	D6	86	77	1077	73.756	Eb6	87	49	
988	128.122	D5	74	55	1075	73.756	Eb5	75	49	
989	128.137	G2	43	55	1079	73.756	G#2	44	49	
990	128.142	G1	31	51	1078	73.756	G#1	32	49	
991	128.75	C6	84	55	1082	73.9643	C#6	85	49	
992	128.754	C5	72	40	1080	73.9643	C#5	73	49	
993	128.758	E5	76	47	1081	73.9643	E5	76	49	
994	128.762	C3	48	40	1084	73.9643	C#3	49	49	
995	128.766	C2	36	39	1083	73.9643	C#2	37	49	
996	129.304	C3	48	83	1089	74.1726	C#3	49	112	
997	129.304	C6	84	92	1085	74.1726	C#6	85	112	
998	129.305	C2	36	78	1086	74.1726	C#2	37	112	
999	129.308	G2	43	86	1088	74.1726	G#2	44	112	
1000	129.312	E2	40	85	1087	74.1726	E2	40	112	
1001	129.523	G5	79	78	1090	74.2421	G#5	80	112	
1002	129.674	E5	76	81	1091	74.3115	E5	76	112	
1003	129.805	C5	72	80	1092	74.381	C#5	73	112	
1004	129.96	G4	67	81	1093	74.4504	G#4	68	112	
1005	130.091	E4	64	80	1094	74.5199	E4	64	112	
1006	130.2	C4	60	73	1095	74.5893	C#4	61	112	
1007	130.332	G3	55	74	1096	74.6588	G#3	56	112	
1008	130.441	E3	52	73	1097	74.7282	E3	52	112	
1009	130.557	C3	48	70	1098	74.7976	C#3	49	112	
1010	130.701	G2	43	62	1099	74.8671	G#2	44	112	
1011	130.789	E2	40	57	1100	74.9365	E2	40	112	
1012	130.905	C2	36	70	*	-1	*	-1	-1	
1013	130.955	E2	40	62	*	-1	*	-1	-1	
1014	131.079	G2	43	68	*	-1	*	-1	-1	
1015	131.17	C3	48	66	*	-1	*	-1	-1	
1016	131.249	E3	52	70	*	-1	*	-1	-1	
1017	131.302	G3	55	65	*	-1	*	-1	-1	
1018	131.422	C4	60	59	1107	75.2143	C#4	61	103	
1019	131.469	E4	64	69	1108	75.249	E4	64	103	
1020	131.508	G4	67	73	1109	75.2838	G#4	68	103	
1021	131.621	C5	72	66	1110	75.3185	C#5	73	94	
1022	131.688	E5	76	70	1111	75.3532	E5	76	94	
1023	131.76	G5	79	70	1112	75.3879	G#5	80	94	
1024	131.956	C6	84	74	1115	75.4226	C#6	85	85	
1025	131.968	E5	76	59	*	-1	*	-1	-1	
1026	131.971	C5	72	57	*	-1	*	-1	-1	
1027	131.984	G1	31	49	1116	75.4226	G#1	32	85	
1028	131.986	G2	43	50	1101	75.006	C#2	37	112	
1029	132.612	B5	83	60	*	-1	*	-1	-1	
1030	132.637	G#2	44	42	*	-1	*	-1	-1	
1031	132.651	B4	71	43	*	-1	*	-1	-1	
1032	132.656	G#1	32	37	*	-1	*	-1	-1	
1033	132.659	E5	76	34	*	-1	*	-1	-1	
1034	133.329	B5	83	69	*	-1	*	-1	-1	
1035	133.367	G#2	44	41	*	-1	*	-1	-1	
1036	133.368	E2	40	40	*	-1	*	-1	-1	
1037	133.369	B4	71	50	*	-1	*	-1	-1	
1038	133.371	G#1	32	44	*	-1	*	-1	-1	
1039	133.38	E5	76	47	*	-1	*	-1	-1	
1040	134.846	B6	95	72	1131	76.256	B6	95	58	
1041	134.884	B5	83	47	1129	76.256	B5	83	58	
1042	134.885	G#1	32	36	1132	76.256	G#1	32	58	
1043	134.888	E6	88	55	1130	76.256	E6	88	58	
1044	134.893	E2	40	33	1133	76.256	E2	40	58	
1045	134.896	G#2	44	34	1134	76.256	G#2	44	58	
1046	136.262	E6	88	52	1135	76.7768	E6	88	49	
1047	136.683	Eb6	87	55	1136	76.881	Eb6	87	49	
1048	136.713	G#2	44	29	1137	76.881	G#2	44	49	
1049	136.716	E3	52	33	1139	76.881	E3	52	49	
1050	136.729	B2	47	27	1138	76.881	B2	47	49	
1051	136.979	E6	88	65	1140	76.9851	E6	88	49	
1052	137.242	Eb6	87	74	1141	77.0893	Eb6	87	49	
1053	137.505	E6	88	73	1142	77.1935	E6	88	49	
1054	137.843	B6	95	67	1143	77.2976	B6	95	49	
1055	137.858	C#3	49	35	1144	77.2976	C#3	49	49	
1056	137.862	A3	57	31	1146	77.2976	A3	57	49	
1057	137.871	E3	52	27	1145	77.2976	E3	52	49	
1058	138.222	A6	93	63	1147	77.4018	A6	93	49	
1059	138.507	G#6	92	62	1148	77.506	G#6	92	49	
1060	138.799	Eb6	87	60	1149	77.6101	Eb6	87	49	
1061	139.155	E6	88	54	1150	77.7143	E6	88	49	
1062	139.184	E3	52	27	1152	77.7143	E3	52	49	
1063	139.187	B2	47	21	1151	77.7143	B2	47	49	
1064	139.193	G#3	56	30	1153	77.7143	G#3	56	49	
1065	139.586	Eb6	87	54	1154	77.8185	Eb6	87	49	
1066	139.913	E6	88	57	1155	77.9226	E6	88	49	
1067	139.924	G#5	80	48	1156	77.9226	G#5	80	49	
1068	140.188	E5	76	46	1158	77.9921	E5	76	49	
1069	140.207	C#6	85	51	1157	77.9921	C#6	85	49	
1070	140.392	Eb6	87	58	1159	78.0615	Eb6	87	49	
1071	140.401	F#5	78	46	1160	78.0615	F#5	78	49	
1072	140.574	Eb5	75	40	1162	78.131	Eb5	75	49	
1073	140.59	B5	83	57	1161	78.131	B5	83	49	
1074	140.733	E5	76	47	1164	78.2004	E5	76	49	
1075	140.753	C#6	85	59	1163	78.2004	C#6	85	49	
1076	140.916	A5	81	60	1165	78.2699	A5	81	49	
1077	140.923	C#5	73	50	1166	78.2699	C#5	73	49	
1078	141.072	Eb5	75	50	1168	78.3393	Eb5	75	49	
1079	141.091	B5	83	56	1167	78.3393	B5	83	49	
1080	141.237	B4	71	47	1170	78.4088	B4	71	49	
1081	141.258	G#5	80	57	1169	78.4088	G#5	80	49	
1082	141.391	C#5	73	45	1172	78.4782	C#5	73	49	
1083	141.401	A5	81	59	1171	78.4782	A5	81	49	
1084	141.544	A4	69	49	1174	78.5476	A4	69	49	
1085	141.549	F#5	78	58	1173	78.5476	F#5	78	49	
1086	141.685	B4	71	57	1176	78.6171	B4	71	49	
1087	141.693	G#5	80	66	1175	78.6171	G#5	80	49	
1088	141.843	G#4	68	58	1178	78.6865	G#4	68	49	
1089	141.849	E5	76	63	1177	78.6865	E5	76	49	
1090	141.987	F#5	78	67	1179	78.756	F#5	78	49	
1091	141.992	A4	69	59	1180	78.756	A4	69	49	
1092	142.123	F#4	66	56	1182	78.8254	F#4	66	49	
1093	142.138	Eb5	75	56	1181	78.8254	Eb5	75	49	
1094	142.262	G#4	68	55	1184	78.8949	G#4	68	49	
1095	142.269	E5	76	64	1183	78.8949	E5	76	49	
1096	142.392	E4	64	53	1186	78.9643	E4	64	49	
1097	142.412	C#5	73	70	1185	78.9643	C#5	73	49	
1098	142.551	Eb5	75	66	1187	79.0338	Eb5	75	49	
1099	142.565	F#4	66	50	1188	79.0338	F#4	66	49	
1100	142.687	Eb4	63	60	1190	79.1032	Eb4	63	49	
1101	142.692	B4	71	61	1189	79.1032	B4	71	49	
1102	142.823	E4	64	58	1192	79.1726	E4	64	49	
1103	142.828	C#5	73	61	1191	79.1726	C#5	73	49	
1104	142.957	C#4	61	56	1194	79.2421	C#4	61	49	
1105	142.958	A4	69	66	1193	79.2421	A4	69	49	
1106	143.089	Eb4	63	59	1196	79.3115	Eb4	63	49	
1107	143.09	B4	71	65	1195	79.3115	B4	71	49	
1108	143.218	G#4	68	64	1197	79.381	G#4	68	49	
1109	143.229	B3	59	59	1198	79.381	B3	59	49	
1110	143.351	C#4	61	60	1200	79.4504	C#4	61	49	
1111	143.352	A4	69	64	1199	79.4504	A4	69	49	
1112	143.489	A3	57	56	1202	79.5199	A3	57	49	
1113	143.489	F#4	66	67	1201	79.5199	F#4	66	49	
1114	143.623	B3	59	57	1204	79.5893	B3	59	49	
1115	143.63	G#4	68	64	1203	79.5893	G#4	68	49	
1116	143.749	E4	64	59	1205	79.6588	E4	64	49	
1117	143.757	G#3	56	61	1206	79.6588	G#3	56	49	
1118	143.879	F#4	66	64	1207	79.7282	F#4	66	49	
1119	143.898	A3	57	58	1208	79.7282	A3	57	49	
1120	144.017	F#3	54	57	1210	79.7976	F#3	54	49	
1121	144.044	Eb4	63	49	1209	79.7976	Eb4	63	49	
1122	144.156	G#3	56	57	1212	79.8671	G#3	56	49	
1123	144.156	E4	64	59	1211	79.8671	E4	64	49	
1124	144.288	C#4	61	61	1213	79.9365	C#4	61	49	
1125	144.292	E3	52	53	1214	79.9365	E3	52	49	
1126	144.408	Eb4	63	66	1215	80.006	Eb4	63	49	
1127	144.427	F#3	54	56	1216	80.006	F#3	54	49	
1128	144.554	B3	59	63	1217	80.0754	B3	59	49	
1129	144.556	Eb3	51	63	1218	80.0754	Eb3	51	49	
1130	144.677	C#4	61	66	1219	80.1449	C#4	61	49	
1131	144.682	E3	52	64	1220	80.1449	E3	52	49	
1132	144.813	A3	57	65	1221	80.2143	A3	57	49	
1133	144.817	C#3	49	59	1222	80.2143	C#3	49	49	
1134	144.945	Eb3	51	67	1224	80.2838	Eb3	51	49	
1135	144.948	B3	59	67	1223	80.2838	B3	59	49	
1136	145.08	B2	47	65	1226	80.3532	B2	47	49	
1137	145.095	G#3	56	60	1225	80.3532	G#3	56	49	
1138	145.224	C#3	49	61	1228	80.4226	C#3	49	49	
1139	145.228	A3	57	65	1227	80.4226	A3	57	49	
1140	145.36	A2	45	52	1230	80.4921	A2	45	49	
1141	145.383	F#3	54	69	1229	80.4921	F#3	54	49	
1142	145.523	B2	47	60	1232	80.5615	B2	47	49	
1143	145.534	G#3	56	63	1231	80.5615	G#3	56	49	
1144	145.665	E3	52	60	1233	80.631	E3	52	49	
1145	145.669	G#2	44	67	1234	80.631	G#2	44	49	
1146	145.809	F#3	54	68	1235	80.7004	F#3	54	49	
1147	145.817	A2	45	62	1236	80.7004	A2	45	49	
1148	145.952	F#2	42	65	1238	80.7699	F#2	42	49	
1149	145.965	Eb3	51	62	1237	80.7699	Eb3	51	49	
1150	146.087	E3	52	65	1239	80.8393	E3	52	49	
1151	146.095	G#2	44	66	1240	80.8393	G#2	44	49	
1152	146.223	E2	40	62	1242	80.9088	E2	40	49	
1153	146.242	C#3	49	73	1241	80.9088	C#3	49	49	
1154	146.394	Eb3	51	68	1243	80.9782	E3	52	49	
1155	146.399	F#2	42	67	1244	80.9782	F#2	42	49	
1156	146.564	Eb2	39	69	1246	81.0476	Eb2	39	49	
1157	146.569	B2	47	65	1245	81.0476	B2	47	49	
1158	146.724	E2	40	68	1248	81.1171	E2	40	49	
1159	146.748	C#3	49	60	1247	81.1171	C#3	49	49	
1160	146.896	C#2	37	64	1250	81.1865	C#2	37	49	
1161	146.934	Bb2	46	57	1249	81.1865	Bb2	46	49	
1162	147.13	B1	35	64	1252	81.256	B1	35	49	
1163	147.145	B2	47	59	1251	81.256	B2	47	49	
1164	147.396	A2	45	44	1253	81.3254	A2	45	49	
1165	147.585	C#2	37	61	1255	81.3949	C#2	37	49	
1166	147.615	B2	47	48	1254	81.3949	B2	47	49	
1167	147.831	G#2	44	54	1256	81.4643	G#2	44	49	
1168	148.065	Eb2	39	64	1258	81.5338	Eb2	39	49	
1169	148.097	B2	47	45	1257	81.5338	B2	47	49	
1170	148.363	F#2	42	42	1259	81.6032	F#2	42	49	
1171	148.734	E1	28	63	1261	81.6726	E1	28	49	
1172	148.746	E2	40	52	1260	81.6726	E2	40	49	
1173	149.227	B2	47	42	1262	81.8115	B2	47	49	
1174	149.606	G#2	44	52	1263	81.9504	G#2	44	49	
1175	149.933	E3	52	58	1264	82.0893	E3	52	49	
1176	150.25	B2	47	59	1265	82.2282	B2	47	49	
1177	150.625	G#3	56	56	1266	82.3671	G#3	56	49	
1178	150.944	E3	52	59	1267	82.506	E3	52	49	
1179	151.269	B3	59	56	1268	82.6449	B3	59	49	
1180	151.605	G#3	56	54	1269	82.7838	G#3	56	49	
1181	151.919	E4	64	57	1270	82.9226	E4	64	49	
1182	152.241	B3	59	54	1271	83.0615	B3	59	49	
1183	152.577	G#4	68	53	1272	83.2004	G#4	68	49	
1184	152.902	E4	64	58	1273	83.3393	E4	64	49	
1185	153.233	B4	71	52	1274	83.4782	B4	71	49	
1186	153.525	G#4	68	45	1275	83.6171	G#4	68	49	
1187	153.821	E5	76	49	1276	83.756	E5	76	49	
1188	154.161	B4	71	39	1277	83.8949	B4	71	49	
1189	154.54	G#5	80	53	1278	84.0337	G#5	80	49	
1190	154.94	E5	76	53	1279	84.1726	E5	76	49	
1191	155.207	B5	83	51	1280	84.256	B5	83	49	
1192	155.382	G#5	80	57	1281	84.3393	G#5	80	49	
1193	155.613	E6	88	63	1282	84.4226	E6	88	49	
1194	155.844	B5	83	57	1283	84.506	B5	83	49	
1195	156.282	G#6	92	74	1284	84.5893	G#6	92	49	
1196	157.492	E6	88	59	1285	85.5893	E6	88	49	
1197	158.738	B5	83	46	1286	86.5893	B5	83	49	
1198	160.107	C6	84	45	1287	87.3393	C6	84	49	
1199	161.517	C#6	85	47	1288	88.0893	C#6	85	49	
1200	161.772	E6	88	41	1290	88.1935	E6	88	49	
1201	161.952	A4	69	37	1291	88.2976	A4	69	49	
1202	162.141	E5	76	38	1292	88.4018	E5	76	49	
1203	162.278	E6	88	50	1293	88.506	E6	88	49	
1204	162.414	B5	83	52	1295	88.6101	B5	83	49	
1205	162.573	E5	76	40	1296	88.7143	E5	76	49	
1206	162.708	G#4	68	41	1297	88.8185	G#4	68	49	
1207	162.863	A5	81	62	1298	88.9226	A5	81	49	
1208	162.99	B5	83	52	1300	89.0268	B5	83	49	
1209	163.121	F#4	66	50	1301	89.131	F#4	66	49	
1210	163.269	Eb5	75	47	1302	89.2351	Eb5	75	49	
1211	163.42	B5	83	56	1303	89.3393	B5	83	49	
1212	163.552	G#5	80	48	1305	89.4435	G#5	80	49	
1213	163.695	E5	76	42	1306	89.5476	E5	76	49	
1214	163.805	E4	64	47	1307	89.6518	E4	64	49	
1215	164.034	C#5	73	54	1308	89.756	C#5	73	49	
1216	164.053	A4	69	37	1309	89.756	A4	69	49	
1217	164.244	E5	76	47	1310	89.8601	E5	76	49	
1218	164.394	C#6	85	53	1311	89.9643	C#6	85	49	
1219	164.532	E6	88	46	1312	90.0685	E6	88	49	
1220	164.69	G#4	68	55	1314	90.1726	G#4	68	49	
1221	164.697	E5	76	54	1313	90.1726	E5	76	49	
1222	164.861	B4	71	54	1315	90.2768	B4	71	49	
1223	164.98	E6	88	52	1316	90.381	E6	88	49	
1224	165.123	B5	83	56	1317	90.4851	B5	83	49	
1225	165.268	A4	69	58	1318	90.5893	A4	69	49	
1226	165.284	F#4	66	54	1319	90.5893	F#4	66	49	
1227	165.402	B4	71	61	1320	90.6935	B4	71	49	
1228	165.558	B5	83	65	1321	90.7976	B5	83	49	
1229	165.693	F#6	90	55	1323	90.9018	F#6	90	49	
1230	165.708	Eb6	87	55	1322	90.9018	Eb6	87	49	
1231	165.84	B4	71	57	1324	91.006	B4	71	49	
1232	165.868	E4	64	48	1325	91.006	E4	64	49	
1233	165.988	G#4	68	49	*	-1	*	-1	-1	
1234	166.111	E6	88	48	1326	91.2143	E6	88	49	
1235	166.115	G#6	92	53	1327	91.2143	G#6	92	49	
1236	166.27	B5	83	53	1328	91.3185	B5	83	49	
1237	166.505	F#5	78	64	1329	91.4226	F#5	78	49	
1238	166.657	B5	83	56	1331	91.5268	B5	83	49	
1239	166.785	Eb5	75	50	1332	91.631	Eb5	75	49	
1240	166.911	B4	71	58	1333	91.7351	B4	71	49	
1241	167.062	G#5	80	71	1334	91.8393	G#5	80	49	
1242	167.194	B5	83	66	1336	91.9435	B5	83	49	
1243	167.326	E5	76	53	1337	92.0476	E5	76	49	
1244	167.449	B4	71	52	1338	92.1518	B4	71	49	
1245	167.593	A5	81	75	1339	92.256	A5	81	49	
1246	167.746	B5	83	64	1341	92.3601	B5	83	49	
1247	167.831	F#5	78	50	1342	92.4643	F#5	78	49	
1248	167.97	B4	71	61	1343	92.5685	B4	71	49	
1249	168.125	B5	83	68	1344	92.6726	B5	83	49	
1250	168.265	E6	88	65	1346	92.7768	E6	88	49	
1251	168.472	G#5	80	48	1347	92.881	G#5	80	49	
1252	168.643	B4	71	39	1348	92.9851	B4	71	49	
1253	168.81	F#4	66	50	1349	93.0893	F#4	66	49	
1254	168.819	Eb4	63	41	1350	93.0893	Eb4	63	49	
1255	168.981	B4	71	45	1352	93.1935	B4	71	49	
1256	169.109	B5	83	55	1353	93.2976	B5	83	49	
1257	169.251	F#5	78	64	1354	93.4018	F#5	78	49	
1258	169.392	G#4	68	64	1355	93.506	G#4	68	49	
1259	169.395	E4	64	55	1356	93.506	E4	64	49	
1260	169.544	B4	71	61	1358	93.6101	B4	71	49	
1261	169.698	B5	83	70	1359	93.7143	B5	83	49	
1262	169.841	G#5	80	61	1360	93.8185	G#5	80	49	
1263	169.944	F#4	66	67	1362	93.9226	F#4	66	49	
1264	169.946	A4	69	71	1361	93.9226	A4	69	49	
1265	170.084	B4	71	66	1364	94.0268	B4	71	49	
1266	170.214	B5	83	72	1365	94.131	B5	83	49	
1267	170.359	A5	81	70	1366	94.2351	A5	81	49	
1268	170.483	G#4	68	57	1368	94.3393	G#4	68	49	
1269	170.506	B4	71	55	1367	94.3393	B4	71	49	
1270	170.642	E5	76	61	1370	94.4435	E5	76	49	
1271	170.789	B5	83	61	1371	94.5476	B5	83	49	
1272	170.924	G#5	80	59	1372	94.6518	G#5	80	49	
1273	171.083	F#5	78	66	1373	94.756	F#5	78	49	
1274	171.099	Eb5	75	61	1375	94.756	Eb5	75	49	
1275	171.103	B4	71	52	1374	94.756	B4	71	49	
1276	171.243	B5	83	71	1377	94.8601	B5	83	49	
1277	171.385	F#4	66	56	1378	94.9643	F#4	66	49	
1278	171.398	A4	69	50	1379	94.9643	A4	69	49	
1279	171.54	B3	59	61	1380	95.0685	B3	59	49	
1280	171.649	G#5	80	83	1381	95.1726	G#5	80	49	
1281	171.657	B4	71	76	1382	95.1726	B4	71	49	
1282	171.66	E5	76	70	1383	95.1726	E5	76	49	
1283	171.801	B5	83	78	1385	95.2768	B5	83	49	
1284	171.936	G#4	68	46	1387	95.381	G#4	68	49	
1285	171.946	E4	64	58	1386	95.381	E4	64	49	
1286	172.078	B3	59	61	1388	95.4851	B3	59	49	
1287	172.263	A5	81	81	1389	95.5893	A5	81	49	
1288	172.279	B4	71	68	1390	95.5893	B4	71	49	
1289	172.281	F#5	78	68	1391	95.5893	F#5	78	49	
1290	172.428	B5	83	72	1393	95.6935	B5	83	49	
1291	172.621	Eb4	63	52	1394	95.7976	Eb4	63	49	
1292	172.631	F#4	66	44	1395	95.7976	F#4	66	49	
1293	172.836	B3	59	31	1396	95.9018	B3	59	49	
1294	173.903	F#4	66	40	1399	96.4226	F#4	66	49	
1295	173.914	F#3	54	31	1401	96.4226	F#3	54	49	
1296	173.915	B2	47	28	1400	96.4226	B2	47	49	
1297	173.915	Eb4	63	27	1398	96.4226	Eb4	63	49	
1298	173.918	B3	59	28	1397	96.4226	B3	59	49	
1299	173.921	A3	57	26	1402	96.4226	A3	57	49	
1300	175.148	B2	47	28	1406	97.256	B2	47	49	
1301	175.151	G#4	68	42	1405	97.256	G#4	68	49	
1302	175.152	E4	64	33	1404	97.256	E4	64	49	
1303	175.156	E3	52	29	1407	97.256	E3	52	49	
1304	175.16	G#3	56	31	1408	97.256	G#3	56	49	
1305	175.168	B3	59	30	1403	97.256	B3	59	49	
1306	176.338	C3	48	36	1414	98.0893	C3	48	49	
1307	176.339	A4	69	51	1413	98.0893	A4	69	49	
1308	176.346	Eb3	51	38	1415	98.0893	Eb3	51	49	
1309	176.355	A3	57	33	1409	98.0893	Bb3	58	49	
1310	176.361	F#3	54	30	1416	98.0893	F#3	54	49	
1311	176.365	C4	60	32	1410	98.0893	B3	59	49	
1312	176.373	F#4	66	30	1412	98.0893	F#4	66	49	
1313	176.407	Eb4	63	11	1411	98.0893	Eb4	63	49	
1314	176.979	G#4	68	67	1419	98.506	G#4	68	49	
1315	176.991	E3	52	48	1421	98.506	E3	52	49	
1316	176.995	C#3	49	44	1420	98.506	C#3	49	49	
1317	177	G#3	56	43	1422	98.506	G#3	56	49	
1318	177.003	C#4	61	47	1417	98.506	C#4	61	49	
1319	177.014	E4	64	39	1418	98.506	E4	64	49	
1320	177.621	C#5	73	67	1425	98.9226	C#5	73	49	
1321	177.629	C#3	49	36	1426	98.9226	C#3	49	49	
1322	177.636	A2	45	44	1428	98.9226	A2	45	49	
1323	177.652	F3	53	44	1427	98.9226	F3	53	49	
1324	177.676	F4	65	42	1424	98.9226	F4	65	49	
1325	177.676	C#4	61	32	1423	98.9226	C#4	61	49	
1326	178.38	F#4	66	33	*	-1	*	-1	-1	
1327	178.393	F#3	54	33	1429	99.3393	F#3	54	49	
1328	179.094	B3	59	42	1430	99.756	B3	59	49	
1329	179.094	B4	71	47	1434	99.756	B4	71	49	
1330	179.097	G#3	56	40	1437	99.756	G#3	56	49	
1331	179.108	D4	62	45	1431	99.756	D4	62	49	
1332	179.113	F3	53	29	1436	99.756	F3	53	49	
1333	179.113	D3	50	42	1435	99.756	D3	50	49	
1334	179.116	F4	65	26	1432	99.756	F4	65	49	
1335	179.14	G#4	68	33	1433	99.756	G#4	68	49	
1336	179.718	A4	69	59	1441	100.173	A4	69	49	
1337	179.73	C#4	61	50	1439	100.173	C#4	61	49	
1338	179.733	C#3	49	51	1442	100.173	C#3	49	49	
1339	179.734	F#4	66	52	1440	100.173	F#4	66	49	
1340	179.735	A3	57	51	1438	100.173	A3	57	49	
1341	179.751	F#3	54	45	1443	100.173	F#3	54	49	
1342	180.319	G#4	68	61	1448	100.589	G#4	68	49	
1343	180.322	B2	47	41	1449	100.589	B2	47	49	
1344	180.33	F3	53	48	1451	100.589	F3	53	49	
1345	180.332	B3	59	46	1445	100.589	B3	59	49	
1346	180.338	D4	62	32	1446	100.589	D4	62	49	
1347	180.344	F4	65	41	1447	100.589	F4	65	49	
1348	180.352	D3	50	24	1450	100.589	D3	50	49	
1349	180.364	G#3	56	46	1444	100.589	G#3	56	49	
1350	181.017	A4	69	51	1455	101.006	A4	69	49	
1351	181.037	C#3	49	41	1456	101.006	C#3	49	49	
1352	181.04	A3	57	38	1452	101.006	A3	57	49	
1353	181.055	F#3	54	32	1457	101.006	F#3	54	49	
1354	181.055	F#4	66	33	1454	101.006	F#4	66	49	
1355	181.075	C#4	61	25	1453	101.006	C#4	61	49	
1356	181.72	C#4	61	50	1459	101.423	C#4	61	49	
1357	181.745	F#3	54	39	1458	101.423	F#3	54	49	
1358	181.759	Bb1	34	41	1460	101.423	Bb1	34	49	
1359	181.764	Bb2	46	39	1461	101.423	Bb2	46	49	
1360	182.313	E4	64	64	1465	101.839	E4	64	49	
1361	182.324	B2	47	57	1467	101.839	B2	47	49	
1362	182.326	E3	52	49	1462	101.839	E3	52	49	
1363	182.333	G#3	56	51	1463	101.839	G#3	56	49	
1364	182.337	B1	35	50	1466	101.839	B1	35	49	
1365	182.342	B3	59	51	1464	101.839	B3	59	49	
1366	182.887	C2	36	53	1471	102.256	C2	36	49	
1367	182.887	Eb4	63	69	1470	102.256	Eb4	63	49	
1368	182.887	C3	48	55	1472	102.256	C3	48	49	
1369	182.9	F#3	54	54	1468	102.256	F#3	54	49	
1370	182.9	A3	57	56	1469	102.256	A3	57	49	
1371	183.464	E4	64	70	1475	102.673	E4	64	49	
1372	183.475	B2	47	57	1477	102.673	B2	47	49	
1373	183.48	B1	35	51	1476	102.673	B1	35	49	
1374	183.483	G#3	56	57	1473	102.673	G#3	56	49	
1375	183.485	B3	59	56	1474	102.673	B3	59	49	
1376	184.065	F#4	66	70	1481	103.089	F#4	66	49	
1377	184.078	Eb4	63	54	1480	103.089	Eb4	63	49	
1378	184.081	F#3	54	56	1478	103.089	F#3	54	49	
1379	184.085	A2	45	54	1483	103.089	A2	45	49	
1380	184.089	C4	60	53	1479	103.089	C4	60	49	
1381	184.1	A1	33	50	1482	103.089	A1	33	49	
1382	184.751	G#4	68	67	1486	103.506	G#4	68	49	
1383	184.774	G#2	44	46	1488	103.506	G#2	44	49	
1384	184.778	B3	59	50	1484	103.506	B3	59	49	
1385	184.783	G#1	32	43	1487	103.506	G#1	32	49	
1386	184.794	E4	64	48	1485	103.506	E4	64	49	
1387	185.562	C#5	73	72	1491	103.923	C#5	73	49	
1388	185.594	E4	64	53	1490	103.923	E4	64	49	
1389	185.599	Bb3	58	45	1489	103.923	Bb3	58	49	
1390	185.603	F#1	30	41	1492	103.923	F#1	30	49	
1391	185.611	F#2	42	37	1493	103.923	F#2	42	49	
1392	186.254	G#2	44	47	1494	104.235	G#2	44	49	
1393	186.636	F#4	66	40	1496	104.339	F#4	66	49	
1394	186.646	Eb4	63	33	1495	104.339	Eb4	63	49	
1395	186.658	B1	35	36	1498	104.339	B1	35	49	
1396	186.66	A2	45	33	1497	104.339	A2	45	49	
1397	187.633	B2	47	33	1500	104.756	B2	47	49	
1398	187.635	B4	71	46	1499	104.756	B4	71	49	
1399	188.656	G#4	68	50	1501	105.173	G#4	68	49	
1400	188.906	B3	59	38	1503	105.277	B3	59	49	
1401	189.104	E2	40	38	1504	105.381	E2	40	49	
1402	189.26	E3	52	40	1505	105.485	E3	52	49	
1403	189.439	A3	57	61	1506	105.589	A3	57	49	
1404	189.63	A4	69	57	1507	105.693	A4	69	49	
1405	189.785	C3	48	43	1508	105.798	C3	48	49	
1406	189.917	E2	40	47	1509	105.902	E2	40	49	
1407	190.047	F#4	66	60	1510	106.006	F#4	66	49	
1408	190.176	C4	60	49	1513	106.11	C4	60	49	
1409	190.204	A3	57	33	1512	106.11	A3	57	49	
1410	190.336	E2	40	44	1514	106.214	E2	40	49	
1411	190.475	Eb3	51	51	1515	106.318	Eb3	51	49	
1412	190.614	G#3	56	57	1516	106.423	G#3	56	49	
1413	190.638	B3	59	58	1517	106.423	B3	59	49	
1414	190.777	E4	64	64	1518	106.527	E4	64	49	
1415	190.924	E3	52	58	1519	106.631	E3	52	49	
1416	191.028	E2	40	55	1520	106.735	E2	40	49	
1417	191.17	Eb4	63	64	1521	106.839	Eb4	63	49	
1418	191.309	A3	57	57	1524	106.943	A3	57	49	
1419	191.327	F#3	54	44	1523	106.943	F#3	54	49	
1420	191.43	E2	40	50	1525	107.048	E2	40	49	
1421	191.568	C3	48	58	1526	107.152	C3	48	49	
1422	191.707	G#3	56	70	1528	107.256	G#3	56	49	
1423	191.719	E3	52	53	1527	107.256	E3	52	49	
1424	191.852	E4	64	64	1529	107.36	E4	64	49	
1425	191.982	B2	47	51	1530	107.464	B2	47	49	
1426	192.111	E2	40	56	1531	107.568	E2	40	49	
1427	192.275	C4	60	63	1532	107.673	C4	60	49	
1428	192.298	A3	57	51	1533	107.673	A3	57	49	
1429	192.417	E3	52	49	1534	107.777	E3	52	49	
1430	192.591	E2	40	49	1535	107.881	E2	40	49	
1431	192.727	C3	48	51	1536	107.985	C3	48	49	
1432	192.883	A3	57	38	1538	108.089	A3	57	49	
1433	192.887	B3	59	42	1537	108.089	B3	59	49	
1434	193.058	F#3	54	40	1539	108.193	F#3	54	49	
1435	193.228	Eb3	51	41	1540	108.298	Eb3	51	49	
1436	193.348	E2	40	51	1541	108.402	E2	40	49	
1437	193.512	C#4	61	68	1542	108.506	C#4	61	49	
1438	193.674	G#3	56	46	1544	108.61	G#3	56	49	
1439	193.798	E2	40	44	1545	108.714	E2	40	49	
1440	193.966	E3	52	40	1546	108.818	E3	52	49	
1441	194.097	B3	59	53	1547	108.923	B3	59	49	
1442	194.279	G#3	56	17	1549	109.027	G#3	56	49	
1443	194.414	E3	52	37	1550	109.131	E3	52	49	
1444	194.594	E2	40	44	1551	109.235	E2	40	49	
1445	194.775	C4	60	52	1552	109.339	C4	60	33	
1446	194.809	A3	57	42	1553	109.339	A3	57	33	
1447	194.982	F#3	54	43	1554	109.443	F#3	54	33	
1448	195.104	E2	40	39	1555	109.548	E2	40	33	
1449	195.266	Eb3	51	48	1556	109.652	Eb3	51	33	
1450	195.418	B3	59	39	1557	109.756	B3	59	33	
1451	195.426	A3	57	28	1558	109.756	A3	57	33	
1452	195.602	F#3	54	43	1559	109.86	F#3	54	33	
1453	195.757	Eb3	51	32	1560	109.964	Eb3	51	33	
1454	195.892	E2	40	40	1561	110.068	E2	40	33	
1455	196.053	C#4	61	59	1562	110.173	C#4	61	38	
1456	196.24	G#3	56	37	1564	110.277	G#3	56	38	
1457	196.338	E2	40	38	1565	110.381	E2	40	38	
1458	196.504	E3	52	40	1566	110.485	E3	52	38	
1459	196.657	B3	59	48	1567	110.589	B3	59	38	
1460	196.844	G#3	56	43	1569	110.693	G#3	56	38	
1461	196.924	Eb3	51	47	1570	110.798	Eb3	51	38	
1462	197.082	E3	52	48	1571	110.902	E3	52	38	
1463	197.202	A4	69	65	1572	111.006	A4	69	44	
1464	197.334	B3	59	53	1574	111.11	B3	59	44	
1465	197.47	Eb3	51	47	1575	111.214	Eb3	51	44	
1466	197.612	E3	52	48	1576	111.318	E3	52	44	
1467	197.762	G#4	68	60	1577	111.423	G#4	68	44	
1468	197.891	B3	59	36	1579	111.527	B3	59	44	
1469	198.014	Eb4	63	48	1580	111.631	Eb4	63	44	
1470	198.152	E4	64	50	1581	111.735	E4	64	44	
1471	198.296	C#5	73	77	1582	111.839	C#5	73	49	
1472	198.445	G#4	68	53	1584	111.943	G#4	68	49	
1473	198.54	E3	52	36	1585	112.048	E3	52	49	
1474	198.699	E4	64	46	1586	112.152	E4	64	49	
1475	198.85	B4	71	59	1587	112.256	B4	71	49	
1476	199.014	G#4	68	46	1589	112.36	G#4	68	49	
1477	199.141	Eb4	63	52	1590	112.464	Eb4	63	49	
1478	199.252	E4	64	48	1591	112.568	E4	64	49	
1479	199.363	A5	81	73	1592	112.673	A5	81	54	
1480	199.523	B4	71	55	1594	112.777	B4	71	54	
1481	199.595	Eb4	63	46	1595	112.881	Eb4	63	54	
1482	199.743	E4	64	45	1596	112.985	E4	64	54	
1483	199.929	G#5	80	57	1597	113.089	G#5	80	54	
1484	200.064	B4	71	38	1599	113.193	B4	71	54	
1485	200.169	Eb5	75	52	1600	113.298	Eb5	75	54	
1486	200.318	E5	76	51	1601	113.402	E5	76	54	
1487	200.478	C#6	85	76	1602	113.506	C#6	85	59	
1488	200.626	G#5	80	59	1604	113.61	G#5	80	59	
1489	200.746	E4	64	45	1605	113.714	E4	64	59	
1490	200.891	E5	76	51	1606	113.818	E5	76	59	
1491	201.032	B5	83	57	1607	113.923	B5	83	59	
1492	201.15	G#5	80	41	1609	114.027	G#5	80	59	
1493	201.293	Eb5	75	46	1610	114.131	Eb5	75	59	
1494	201.43	E5	76	47	1611	114.235	E5	76	59	
1495	201.588	C#6	85	76	1612	114.339	C#6	85	64	
1496	201.757	G#5	80	54	1614	114.443	G#5	80	57	
1497	201.927	Eb6	87	45	1615	114.548	Eb6	87	57	
1498	202.099	E6	88	48	1616	114.652	E6	88	57	
1499	202.27	B5	83	51	1617	114.756	B5	83	49	
1500	202.466	G#5	80	45	1619	114.86	G#5	80	49	
1501	202.64	G#6	92	49	1620	114.964	G#6	92	49	
1502	202.928	B6	95	48	1621	115.068	B6	95	49	
1503	204.892	E3	52	31	1622	116.006	E3	52	49	
1504	204.897	G#3	56	29	1623	116.006	G#3	56	49	
1505	204.901	B2	47	32	1627	116.006	B2	47	49	
1506	204.901	B3	59	38	1624	116.006	B3	59	49	
1507	204.913	G#2	44	27	1626	116.006	G#2	44	49	
1508	204.917	E2	40	26	1625	116.006	E2	40	49	
*	-1	*	-1	-1	1	0	G#4	68	49	
*	-1	*	-1	-1	6	0.416667	B4	71	49	
*	-1	*	-1	-1	11	0.833334	E4	64	49	
*	-1	*	-1	-1	16	1.25	G#4	68	49	
*	-1	*	-1	-1	21	1.66667	C#4	61	49	
*	-1	*	-1	-1	26	2.08333	E4	64	49	
*	-1	*	-1	-1	43	3.33334	G#4	68	54	
*	-1	*	-1	-1	48	3.75	B4	71	59	
*	-1	*	-1	-1	63	5	B4	71	74	
*	-1	*	-1	-1	68	5.41667	E5	76	79	
*	-1	*	-1	-1	74	5.83334	B4	71	84	
*	-1	*	-1	-1	79	6.25	F#5	78	89	
*	-1	*	-1	-1	86	6.66667	C#5	73	93	
*	-1	*	-1	-1	94	7.50001	A4	69	96	
*	-1	*	-1	-1	95	7.50001	C5	72	96	
*	-1	*	-1	-1	96	7.50001	Eb5	75	96	
*	-1	*	-1	-1	97	7.50001	F#5	78	96	
*	-1	*	-1	-1	393	28.756	Eb4	63	49	
*	-1	*	-1	-1	398	29.1726	F#4	66	49	
*	-1	*	-1	-1	403	29.5893	E4	64	49	
*	-1	*	-1	-1	408	30.006	G#4	68	49	
*	-1	*	-1	-1	413	30.4226	F#4	66	49	
*	-1	*	-1	-1	419	30.8393	E4	64	49	
*	-1	*	-1	-1	460	33.756	Bb4	70	49	
*	-1	*	-1	-1	466	34.1726	B4	71	49	
*	-1	*	-1	-1	472	34.5893	G4	67	49	
*	-1	*	-1	-1	478	35.006	G#4	68	49	
*	-1	*	-1	-1	485	35.4226	E4	64	49	
*	-1	*	-1	-1	492	35.8393	F4	65	49	
*	-1	*	-1	-1	499	36.256	B3	59	49	
*	-1	*	-1	-1	506	36.6726	Bb3	58	49	
*	-1	*	-1	-1	513	37.0893	Bb3	58	49	
*	-1	*	-1	-1	520	37.506	B3	59	49	
*	-1	*	-1	-1	527	37.9226	Eb4	63	49	
*	-1	*	-1	-1	534	38.3393	Eb4	63	49	
*	-1	*	-1	-1	541	38.756	Eb4	63	49	
*	-1	*	-1	-1	548	39.1726	Eb4	63	49	
*	-1	*	-1	-1	555	39.5893	F#4	66	49	
*	-1	*	-1	-1	562	40.006	F#4	66	49	
*	-1	*	-1	-1	569	40.4226	F#4	66	49	
*	-1	*	-1	-1	576	40.8393	F#4	66	49	
*	-1	*	-1	-1	583	41.256	Bb4	70	49	
*	-1	*	-1	-1	590	41.6726	Bb4	70	49	
*	-1	*	-1	-1	597	42.0893	Bb4	70	49	
*	-1	*	-1	-1	604	42.506	Bb4	70	49	
*	-1	*	-1	-1	611	42.9226	C#5	73	49	
*	-1	*	-1	-1	618	43.3393	C#5	73	49	
*	-1	*	-1	-1	625	43.756	Eb5	75	49	
*	-1	*	-1	-1	632	44.1726	B4	71	49	
*	-1	*	-1	-1	639	44.5893	C#5	73	49	
*	-1	*	-1	-1	646	45.006	Eb5	75	49	
*	-1	*	-1	-1	653	45.4226	F#5	78	49	
*	-1	*	-1	-1	660	45.8393	F#5	78	49	
*	-1	*	-1	-1	667	46.256	G#5	80	49	
*	-1	*	-1	-1	674	46.6726	E5	76	49	
*	-1	*	-1	-1	681	47.0893	F#5	78	49	
*	-1	*	-1	-1	688	47.506	G#5	80	49	
*	-1	*	-1	-1	695	47.9226	B5	83	49	
*	-1	*	-1	-1	697	48.131	B3	59	49	
*	-1	*	-1	-1	702	48.3393	F#5	78	49	
*	-1	*	-1	-1	709	48.756	G#5	80	49	
*	-1	*	-1	-1	716	49.1726	B5	83	49	
*	-1	*	-1	-1	730	50.006	C6	84	49	
*	-1	*	-1	-1	733	50.3185	Eb3	51	49	
*	-1	*	-1	-1	737	50.4226	E6	88	49	
*	-1	*	-1	-1	743	50.8393	Eb6	87	57	
*	-1	*	-1	-1	749	51.256	G#6	92	57	
*	-1	*	-1	-1	755	51.6726	A6	93	65	
*	-1	*	-1	-1	761	52.0893	F#6	90	65	
*	-1	*	-1	-1	767	52.506	Eb6	87	73	
*	-1	*	-1	-1	773	52.9226	G#6	92	73	
*	-1	*	-1	-1	779	53.3393	A6	93	80	
*	-1	*	-1	-1	785	53.756	F#6	90	80	
*	-1	*	-1	-1	791	54.1726	Eb6	87	87	
*	-1	*	-1	-1	797	54.5893	G#6	92	87	
*	-1	*	-1	-1	803	55.006	A6	93	92	
*	-1	*	-1	-1	818	56.256	G#6	92	96	
*	-1	*	-1	-1	823	56.6726	B6	95	96	
*	-1	*	-1	-1	828	57.0893	E6	88	96	
*	-1	*	-1	-1	833	57.506	G#6	92	96	
*	-1	*	-1	-1	838	57.9226	C#6	85	96	
*	-1	*	-1	-1	843	58.3393	E6	88	96	
*	-1	*	-1	-1	850	58.756	B5	83	96	
*	-1	*	-1	-1	857	59.1726	B5	83	96	
*	-1	*	-1	-1	882	61.256	C#6	85	56	
*	-1	*	-1	-1	887	61.6726	E6	88	66	
*	-1	*	-1	-1	893	62.0893	B5	83	66	
*	-1	*	-1	-1	906	62.9226	C#6	85	76	
*	-1	*	-1	-1	912	63.3393	G#5	80	86	
*	-1	*	-1	-1	918	63.756	F#5	78	86	
*	-1	*	-1	-1	926	64.5893	D5	74	96	
*	-1	*	-1	-1	927	64.5893	F5	77	96	
*	-1	*	-1	-1	928	64.5893	G#5	80	96	
*	-1	*	-1	-1	929	64.5893	B5	83	96	
*	-1	*	-1	-1	1102	75.0407	E2	40	112	
*	-1	*	-1	-1	1103	75.0754	G#2	44	112	
*	-1	*	-1	-1	1104	75.1101	C#3	49	112	
*	-1	*	-1	-1	1113	75.4226	C#5	73	85	
*	-1	*	-1	-1	1114	75.4226	E5	76	85	
*	-1	*	-1	-1	1117	75.4226	G#2	44	85	
*	-1	*	-1	-1	1121	75.631	G#1	32	76	
*	-1	*	-1	-1	1122	75.631	G#2	44	76	
*	-1	*	-1	-1	1126	75.8393	G#1	32	67	
*	-1	*	-1	-1	1289	88.0893	C#6	85	49	
*	-1	*	-1	-1	1294	88.506	E6	88	49	
*	-1	*	-1	-1	1299	88.9226	A5	81	49	
*	-1	*	-1	-1	1304	89.3393	B5	83	49	
*	-1	*	-1	-1	1330	91.4226	F#5	78	49	
*	-1	*	-1	-1	1335	91.8393	G#5	80	49	
*	-1	*	-1	-1	1340	92.256	A5	81	49	
*	-1	*	-1	-1	1345	92.6726	B5	83	49	
*	-1	*	-1	-1	1351	93.0893	F#4	66	49	
*	-1	*	-1	-1	1357	93.506	G#4	68	49	
*	-1	*	-1	-1	1363	93.9226	A4	69	49	
*	-1	*	-1	-1	1369	94.3393	B4	71	49	
*	-1	*	-1	-1	1376	94.756	F#5	78	49	
*	-1	*	-1	-1	1384	95.1726	G#5	80	49	
*	-1	*	-1	-1	1392	95.5893	A5	81	49	
*	-1	*	-1	-1	1502	105.173	G#4	68	49	
*	-1	*	-1	-1	1511	106.006	F#4	66	49	
*	-1	*	-1	-1	1522	106.839	Eb4	63	49	
*	-1	*	-1	-1	1543	108.506	C#4	61	49	
*	-1	*	-1	-1	1548	108.923	B3	59	49	
*	-1	*	-1	-1	1563	110.173	C#4	61	38	
*	-1	*	-1	-1	1568	110.589	B3	59	38	
*	-1	*	-1	-1	1573	111.006	A4	69	44	
*	-1	*	-1	-1	1578	111.423	G#4	68	44	
*	-1	*	-1	-1	1583	111.839	C#5	73	49	
*	-1	*	-1	-1	1588	112.256	B4	71	49	
*	-1	*	-1	-1	1593	112.673	A5	81	54	
*	-1	*	-1	-1	1598	113.089	G#5	80	54	
*	-1	*	-1	-1	1603	113.506	C#6	85	59	
*	-1	*	-1	-1	1608	113.923	B5	83	59	
*	-1	*	-1	-1	1613	114.339	C#6	85	33	
*	-1	*	-1	-1	1618	114.756	B5	83	49	
*	-1	*	-1	-1	690	47.7143	B1	35	49	
*	-1	*	-1	-1	691	47.8185	B2	47	49	
*	-1	*	-1	-1	740	50.7351	C#2	37	49	
*	-1	*	-1	-1	1105	75.1449	E3	52	112	
*	-1	*	-1	-1	1106	75.1796	G#3	56	112	
*	-1	*	-1	-1	1118	75.631	B4	71	76	
*	-1	*	-1	-1	1119	75.631	E5	76	76	
*	-1	*	-1	-1	1120	75.631	B5	83	76	
*	-1	*	-1	-1	1125	75.8393	B5	83	67	
*	-1	*	-1	-1	1124	75.8393	E5	76	67	
*	-1	*	-1	-1	1123	75.8393	B4	71	67	
*	-1	*	-1	-1	1127	75.8393	E2	40	67	
*	-1	*	-1	-1	1128	75.8393	G#2	44	67	
