// alignID alignOntime alignSitch alignPitch alignOnvel refID refOntime refSitch refPitch refOnvel
0	4.4124	F2	41	30	1	0	F2	41	33	
1	4.41881	F1	29	33	0	0	F1	29	33	
2	6.01176	C3	48	42	2	1.5	C3	48	33	
3	7.50428	C3	48	40	3	2.625	C3	48	33	
4	7.86646	A3	57	45	4	3	A3	57	33	
5	9.46155	F2	41	34	6	4.5	F2	41	33	
6	9.48398	F1	29	34	5	4.5	F1	29	33	
7	10.9594	A3	57	48	7	6.00001	A3	57	33	
8	12.4177	A3	57	36	8	7.12501	A3	57	33	
9	12.813	Eb4	63	39	9	7.50001	Eb4	63	33	
10	15.8547	E4	64	38	11	10.5	E4	64	33	
11	15.8793	E2	40	28	12	10.5	E2	40	33	
12	15.8964	E3	52	17	13	10.5	E3	52	33	
13	15.9028	G#3	56	29	10	10.5	G#3	56	33	
14	17.2329	E4	64	44	16	12	E4	64	33	
15	17.266	E2	40	40	17	12	E2	40	33	
16	17.2714	E3	52	29	18	12	E3	52	33	
17	17.2831	B3	59	20	15	12	B3	59	33	
18	17.2895	G#3	56	23	14	12	G#3	56	33	
19	18.7415	E4	64	41	21	13.5	E4	64	33	
20	18.7628	B3	59	37	20	13.5	B3	59	33	
21	18.7906	G#3	56	23	19	13.5	G#3	56	33	
22	18.8066	E3	52	23	23	13.5	E3	52	33	
23	18.8152	E2	40	24	22	13.5	E2	40	33	
24	23.4455	E3	52	34	25	18	E3	52	33	
25	23.4562	E2	40	35	24	18	E2	40	33	
26	25.0064	B3	59	50	26	19.5	B3	59	33	
27	26.484	B3	59	46	27	20.625	B3	59	33	
28	26.8622	G4	67	45	28	21	G4	67	33	
29	28.3654	E2	40	37	29	22.5	E2	40	33	
30	28.3654	E3	52	36	30	22.5	E3	52	33	
31	29.8291	C#4	61	51	31	24	C#4	61	33	
32	31.344	C#4	61	38	32	25.125	C#4	61	33	
33	31.7682	Bb4	70	37	33	25.5	Bb4	70	33	
34	34.7874	B4	71	42	36	28.5	B4	71	33	
35	34.8056	Eb3	51	26	39	28.5	Eb3	51	33	
36	34.8067	B2	47	30	38	28.5	B2	47	33	
37	34.8152	Eb2	39	32	37	28.5	Eb2	39	33	
38	34.8152	F#4	66	28	35	28.5	F#4	66	33	
39	34.8323	B3	59	12	34	28.5	B3	59	33	
40	36.1955	B4	71	43	42	30	B4	71	33	
41	36.2105	F#4	66	33	41	30	F#4	66	33	
42	36.2158	B3	59	27	40	30	B3	59	33	
43	36.2201	B2	47	26	44	30	B2	47	33	
44	36.2233	Eb3	51	25	45	30	Eb3	51	33	
45	36.2276	Eb2	39	22	43	30	Eb2	39	33	
46	37.7543	B4	71	34	48	31.5	B4	71	33	
47	37.7629	B3	59	28	46	31.5	B3	59	33	
48	37.7714	F#4	66	26	47	31.5	F#4	66	33	
49	37.7778	B2	47	29	50	31.5	B2	47	33	
50	37.781	Eb2	39	26	49	31.5	Eb2	39	33	
51	37.7906	Eb3	51	19	51	31.5	Eb3	51	33	
52	43.0086	D3	50	30	53	36	D3	50	37	
53	43.0235	D2	38	35	52	36	D2	38	37	
54	44.6603	F4	65	45	54	37.5	F4	65	37	
55	46.0332	F4	65	48	55	38.625	F4	65	37	
56	46.4007	B4	71	46	56	39	B4	71	37	
57	47.874	C#3	49	46	58	40.5	C#3	49	41	
58	47.8761	C#2	37	50	57	40.5	C#2	37	41	
59	49.4103	B4	71	62	59	42	B4	71	41	
60	50.7372	B4	71	62	60	43.125	B4	71	41	
61	51.0759	F5	77	75	61	43.5	F5	77	41	
62	52.5941	C3	48	42	63	45	C3	48	45	
63	52.5962	C2	36	43	62	45	C2	36	45	
64	53.9776	E5	76	66	64	46.5	E5	76	45	
65	54.0342	C2	36	39	65	46.5	C2	36	45	
66	54.0342	C3	48	35	66	46.5	C3	48	45	
67	55.5342	G5	79	75	67	48	G5	79	49	
68	55.5727	C2	36	36	68	48	C2	36	49	
69	55.5738	C3	48	34	69	48	C3	48	49	
70	57.4936	Bb4	70	45	71	49.5	Bb4	70	41	
71	57.5161	E4	64	34	70	49.5	E4	64	41	
72	57.5439	C3	48	18	73	49.5	C3	48	41	
73	57.546	C2	36	28	72	49.5	C2	36	41	
74	63.7223	A4	69	44	75	55.5001	A4	69	49	
75	63.7746	D2	38	27	76	55.5001	D2	38	49	
76	63.7789	D3	50	23	77	55.5001	D3	50	49	
77	63.7875	F4	65	18	74	55.5001	F4	65	49	
78	65.1133	F5	77	66	79	57.0001	F5	77	49	
79	65.1518	D2	38	32	80	57.0001	D2	38	49	
80	65.1635	A4	69	40	78	57.0001	A4	69	49	
81	65.1657	D3	50	27	81	57.0001	D3	50	49	
82	66.9691	A4	69	45	83	58.5001	A4	69	49	
83	67.0011	F4	65	27	82	58.5001	F4	65	49	
84	67.0246	D3	50	19	85	58.5001	D3	50	49	
85	67.0278	D2	38	25	84	58.5001	D2	38	49	
86	71.4061	Bb2	46	41	87	63.0001	Bb2	46	45	
87	71.4274	Bb1	34	36	86	63.0001	Bb1	34	45	
88	73.014	G4	67	53	90	64.5001	G4	67	41	
89	73.0311	D4	62	45	89	64.5001	D4	62	41	
90	73.0407	Bb3	58	36	88	64.5001	Bb3	58	41	
91	76.3815	C3	48	32	92	67.5001	C3	48	38	
92	76.4018	C2	36	32	91	67.5001	C2	36	38	
93	78.0011	E4	64	44	95	69.0001	E4	64	45	
94	78.0225	G3	55	32	93	69.0001	G3	55	45	
95	78.0332	Bb3	58	30	94	69.0001	Bb3	58	45	
96	81.4873	F2	41	29	97	72.0001	F2	41	33	
97	81.5065	F1	29	28	96	72.0001	F1	29	33	
98	82.7971	F4	65	39	100	73.5001	F4	65	33	
99	82.8302	C4	60	31	99	73.5001	C4	60	33	
100	82.8409	F1	29	24	101	73.5001	F1	29	33	
101	82.8409	A3	57	24	98	73.5001	A3	57	33	
102	82.8516	F2	41	13	102	73.5001	F2	41	33	
103	84.1283	A4	69	63	105	75.0001	A4	69	33	
104	84.1529	A3	57	32	103	75.0001	A3	57	33	
105	84.1614	C4	60	39	104	75.0001	C4	60	33	
106	84.1913	F1	29	29	106	75.0001	F1	29	33	
107	84.1913	F2	41	21	107	75.0001	F2	41	33	
108	85.8526	F4	65	39	110	76.5001	F4	65	33	
109	85.8997	F2	41	20	112	76.5001	F2	41	33	
110	85.9071	C4	60	24	109	76.5001	C4	60	33	
111	85.9093	F1	29	24	111	76.5001	F1	29	33	
112	85.9264	A3	57	19	108	76.5001	A3	57	33	
113	88.936	C3	48	57	113	79.5001	C3	48	37	
114	89.9979	C3	48	68	114	80.6251	C3	48	37	
115	90.3772	F2	41	41	*	-1	*	-1	-1	
116	90.3794	C3	48	44	116	81.0001	C3	48	41	
117	91.015	A3	57	63	115	81.0001	A3	57	41	
118	92.64	G3	55	43	119	83.2501	G3	55	45	
119	92.6849	E2	40	38	120	83.2501	E2	40	45	
120	92.6881	C3	48	33	121	83.2501	C3	48	45	
121	93.2597	A3	57	67	122	84.0001	A3	57	45	
122	93.2971	F2	41	44	123	84.0001	F2	41	45	
123	93.3003	C3	48	42	124	84.0001	C3	48	45	
124	93.8505	Bb3	58	70	125	84.7501	Bb3	58	45	
125	93.89	C3	48	39	127	84.7501	C3	48	45	
126	93.8954	G2	43	42	126	84.7501	G2	43	45	
127	94.4424	B3	59	62	128	85.5001	B3	59	45	
128	94.468	G#2	44	46	129	85.5001	G#2	44	45	
129	94.4755	C3	48	36	130	85.5001	C3	48	45	
130	95.0738	C4	60	71	131	86.2501	C4	60	49	
131	95.1283	A2	45	41	132	86.2501	A2	45	49	
132	95.1326	C3	48	36	133	86.2501	C3	48	49	
133	96.2458	D4	62	77	134	87.7501	D4	62	49	
134	96.2629	Bb2	46	42	135	87.7501	Bb2	46	49	
135	96.2629	C3	48	37	136	87.7501	C3	48	49	
136	97.7992	Bb3	58	47	137	89.2501	Bb3	58	45	
137	97.8089	C3	48	33	139	89.2501	C3	48	45	
138	97.827	G2	43	31	138	89.2501	G2	43	45	
139	98.0738	A3	57	60	140	89.6251	A3	57	37	
140	98.0941	F2	41	36	141	89.6251	F2	41	37	
141	98.3858	G3	55	49	142	90.0001	G3	55	49	
142	98.3879	C3	48	30	144	90.0001	C3	48	49	
143	98.3911	E2	40	41	143	90.0001	E2	40	49	
144	99.3644	F#4	66	45	145	90.7501	F#4	66	49	
145	99.9413	G4	67	39	146	91.5001	G4	67	49	
146	100.476	A4	69	47	147	92.2501	A4	69	49	
147	100.5	F#3	54	43	148	92.2501	F#3	54	49	
148	100.507	C4	60	36	149	92.2501	C4	60	49	
149	101.014	G3	55	42	151	93.0001	G3	55	49	
150	101.017	Bb4	70	44	150	93.0001	Bb4	70	49	
151	101.036	C4	60	32	152	93.0001	C4	60	49	
152	101.559	F#5	78	60	153	93.7501	F#5	78	49	
153	101.58	C4	60	42	155	93.7501	C4	60	49	
154	101.591	A3	57	44	154	93.7501	A3	57	49	
155	102.068	G5	79	49	156	94.5001	G5	79	49	
156	102.108	Bb3	58	35	157	94.5001	Bb3	58	49	
157	102.133	C4	60	25	158	94.5001	C4	60	49	
158	102.659	F#2	42	47	160	95.2501	F#2	42	49	
159	102.668	A5	81	52	159	95.2501	A5	81	49	
160	103.195	G2	43	41	162	96.0001	G2	43	49	
161	103.196	Bb5	82	42	161	96.0001	Bb5	82	49	
162	103.761	A2	45	42	163	96.7501	A2	45	49	
163	104.363	Bb2	46	45	165	97.5001	Bb2	46	52	
164	104.395	C3	48	69	164	97.5001	C3	48	52	
165	105.127	G2	43	39	166	98.2501	G2	43	52	
166	105.364	C3	48	73	*	-1	*	-1	-1	
167	105.681	E2	40	39	*	-1	*	-1	-1	
168	105.742	C3	48	50	167	98.6251	C3	48	52	
169	106.297	Bb3	58	74	168	99.0001	Bb3	58	55	
170	106.671	G2	43	39	171	99.7501	G2	43	55	
171	106.673	C3	48	40	172	99.7501	C3	48	55	
172	108.06	A3	57	62	173	101.25	A3	57	58	
173	108.101	F#2	42	40	174	101.25	F#2	42	58	
174	108.109	C3	48	33	175	101.25	C3	48	58	
175	108.588	Bb3	58	71	176	102	Bb3	58	58	
176	108.634	G2	43	46	177	102	G2	43	58	
177	108.637	C3	48	43	178	102	C3	48	58	
178	109.099	C4	60	74	179	102.75	C4	60	58	
179	109.138	A2	45	45	180	102.75	A2	45	58	
180	109.14	C3	48	45	181	102.75	C3	48	58	
181	109.691	C#4	61	65	182	103.5	C#4	61	61	
182	109.718	C3	48	40	184	103.5	C3	48	61	
183	109.726	Bb2	46	42	183	103.5	Bb2	46	61	
184	110.534	D4	62	73	185	104.25	D4	62	64	
185	110.594	C3	48	33	*	-1	*	-1	-1	
186	110.598	Bb2	46	38	186	104.25	Bb2	46	64	
187	111.996	C4	60	59	187	105.75	C4	60	64	
188	112.034	G3	55	44	188	105.75	G3	55	64	
189	112.039	C3	48	31	190	105.75	C3	48	64	
190	112.067	E2	40	39	189	105.75	E2	40	64	
191	113.434	D4	62	56	191	107.25	D4	62	59	
192	113.476	C2	36	38	193	107.25	C2	36	59	
193	113.488	C3	48	30	194	107.25	C3	48	59	
194	113.497	E3	52	29	192	107.25	E3	52	59	
195	113.722	Bb3	58	58	195	107.625	Bb3	58	54	
196	114.035	A3	57	49	197	108	A3	57	33	
197	114.071	F3	53	34	196	108	F3	53	33	
198	114.083	F2	41	26	198	108	F2	41	33	
199	114.091	C3	48	20	199	108	C3	48	33	
200	115.066	G#4	68	42	200	108.75	G#4	68	49	
201	115.696	A4	69	38	201	109.5	A4	69	49	
202	116.215	B4	71	46	202	110.25	B4	71	49	
203	116.236	G#3	56	44	203	110.25	G#3	56	49	
204	116.764	A3	57	45	205	111	A3	57	49	
205	116.765	C5	72	39	204	111	C5	72	49	
206	117.261	G#5	80	62	206	111.75	G#5	80	49	
207	117.301	B3	59	44	207	111.75	B3	59	49	
208	117.813	A5	81	55	208	112.5	A5	81	49	
209	117.836	C4	60	38	209	112.5	C4	60	49	
210	118.379	B5	83	53	210	113.25	B5	83	49	
211	118.388	G#2	44	44	211	113.25	G#2	44	49	
212	118.91	A2	45	39	213	114	A2	45	49	
213	118.918	C6	84	46	212	114	C6	84	49	
214	119.507	B2	47	39	214	114.75	B2	47	49	
215	120.16	C5	72	59	215	115.5	C5	72	49	
216	120.214	C3	48	28	216	115.5	C3	48	49	
217	120.989	Bb2	46	38	217	116.25	Bb2	46	49	
218	121.23	C5	72	68	218	116.625	C5	72	49	
219	121.551	F4	65	54	219	117	F4	65	54	
220	121.576	A2	45	40	221	117	A2	45	54	
221	122.659	F5	77	57	222	118.5	F5	77	59	
222	122.735	C4	60	41	223	118.5	C4	60	59	
223	122.737	A3	57	37	224	118.5	A3	57	59	
224	123.551	F5	77	75	225	119.625	F5	77	59	
225	123.827	E5	76	79	226	120	E5	76	64	
226	123.861	G4	67	46	227	120	G4	67	64	
227	123.862	Bb3	58	44	229	120	Bb3	58	64	
228	123.867	C4	60	44	228	120	C4	60	64	
229	124.929	G5	79	66	230	121.5	G5	79	64	
230	124.938	E3	52	36	231	121.5	E3	52	64	
231	125.957	Bb4	70	65	232	123	Bb4	70	64	
232	125.992	E4	64	52	233	123	E4	64	64	
233	126.033	C3	48	38	235	123	C3	48	64	
234	126.033	G3	55	37	234	123	G3	55	64	
235	126.801	Bb4	70	64	236	124.125	Bb4	70	64	
236	127.016	Bb4	70	62	237	124.5	Bb4	70	64	
237	127.101	A4	69	65	*	-1	*	-1	-1	
238	127.104	F4	65	36	238	124.5	F4	65	64	
239	127.133	A3	57	38	239	124.5	A3	57	64	
240	127.143	F3	53	31	240	124.5	F3	53	64	
241	127.495	G#4	68	62	242	124.875	G#4	68	64	
242	127.728	A4	69	67	243	125.25	A4	69	64	
243	127.953	C5	72	52	244	125.625	C5	72	74	
244	128.449	F4	65	35	245	126	F4	65	49	
245	129.57	F5	77	52	247	127.5	F5	77	54	
246	129.629	C4	60	34	248	127.5	C4	60	54	
247	129.641	A3	57	30	249	127.5	A3	57	54	
248	130.434	F5	77	71	250	128.625	F5	77	59	
249	130.704	E5	76	72	251	129	E5	76	64	
250	130.753	C4	60	40	253	129	C4	60	64	
251	130.759	G4	67	50	252	129	G4	67	64	
252	130.762	Bb3	58	38	254	129	Bb3	58	64	
253	131.792	G5	79	61	255	130.5	G5	79	64	
254	131.816	E3	52	37	256	130.5	E3	52	64	
255	132.862	Bb4	70	66	257	132	Bb4	70	64	
256	132.9	E4	64	47	258	132	E4	64	64	
257	132.91	C3	48	42	260	132	C3	48	64	
258	132.931	G3	55	41	259	132	G3	55	64	
259	133.779	Bb4	70	73	261	133.125	Bb4	70	64	
260	134.045	A4	69	60	262	133.5	A4	69	64	
261	134.086	F4	65	43	263	133.5	F4	65	64	
262	134.104	F3	53	30	264	133.5	F3	53	64	
263	134.105	D3	50	34	265	133.5	D3	50	64	
264	135.544	Bb2	46	45	267	135	Bb2	46	57	
265	135.548	Bb1	34	56	266	135	Bb1	34	57	
266	136.926	G4	67	56	270	136.5	G4	67	51	
267	136.947	D4	62	49	269	136.5	D4	62	51	
268	136.957	Bb3	58	39	268	136.5	Bb3	58	51	
269	140.207	C2	36	32	271	139.5	C2	36	45	
270	140.208	C3	48	29	272	139.5	C3	48	45	
271	141.713	E4	64	41	275	141	E4	64	39	
272	141.741	G3	55	33	273	141	G3	55	39	
273	141.755	Bb3	58	33	274	141	Bb3	58	39	
274	145.679	F2	41	27	277	144	F2	41	33	
275	145.696	F1	29	30	276	144	F1	29	33	
276	147.23	C3	48	38	278	145.5	C3	48	33	
277	148.541	C3	48	38	279	146.625	C3	48	33	
278	148.857	A3	57	38	280	147	A3	57	33	
279	150.255	F2	41	35	282	148.5	F2	41	33	
280	150.27	F1	29	35	281	148.5	F1	29	33	
281	151.682	A3	57	47	283	150	A3	57	33	
282	152.814	A3	57	47	284	151.125	A3	57	33	
283	153.129	Eb4	63	55	285	151.5	Eb4	63	33	
284	153.388	A2	45	57	286	151.875	A2	45	33	
285	153.679	C3	48	54	287	152.25	C3	48	33	
286	153.957	A2	45	45	288	152.625	A2	45	33	
287	154.663	E4	64	33	289	153	E4	64	33	
288	154.712	E2	40	31	290	153	E2	40	33	
289	155.985	E4	64	37	293	154.5	E4	64	33	
290	155.999	B3	59	28	292	154.5	B3	59	33	
291	156.001	G#3	56	28	291	154.5	G#3	56	33	
292	156.004	E3	52	30	295	154.5	E3	52	33	
293	156.036	E2	40	28	294	154.5	E2	40	33	
294	157.279	E4	64	36	298	156	E4	64	33	
295	157.302	B3	59	26	297	156	B3	59	33	
296	157.305	E2	40	23	299	156	E2	40	33	
297	157.305	E3	52	16	300	156	E3	52	33	
298	157.319	G#3	56	27	296	156	G#3	56	33	
299	158.647	E4	64	29	303	157.5	E4	64	33	
300	158.658	B3	59	26	302	157.5	B3	59	33	
301	158.676	E2	40	28	304	157.5	E2	40	33	
302	158.679	G#3	56	23	301	157.5	G#3	56	33	
303	158.692	E3	52	15	305	157.5	E3	52	33	
304	160.093	G3	55	43	306	159	G3	55	41	
305	161.364	G3	55	66	307	160.5	G3	55	49	
306	163.035	G3	55	32	308	162	G3	55	33	
307	163.08	E2	40	34	309	162	E2	40	33	
308	163.089	E3	52	22	310	162	E3	52	33	
309	164.648	B3	59	45	311	163.5	B3	59	33	
310	165.887	B3	59	38	312	164.625	B3	59	33	
311	166.202	G4	67	46	313	165	G4	67	33	
312	167.566	E3	52	33	315	166.5	E3	52	33	
313	167.575	E2	40	33	314	166.5	E2	40	33	
314	168.925	C#4	61	55	316	168	C#4	61	33	
315	169.997	C#4	61	51	317	169.125	C#4	61	33	
316	170.286	Bb4	70	60	318	169.5	Bb4	70	33	
317	170.535	E3	52	60	319	169.875	E3	52	33	
318	170.821	G3	55	56	320	170.25	G3	55	33	
319	171.136	E3	52	39	321	170.625	E3	52	33	
320	171.703	B4	71	38	322	171	B4	71	33	
321	171.738	Eb3	51	29	323	171	Eb3	51	33	
322	172.947	B4	71	43	326	172.5	B4	71	33	
323	172.96	B2	47	31	328	172.5	B2	47	33	
324	172.961	B3	59	29	324	172.5	B3	59	33	
325	172.97	Eb3	51	31	329	172.5	Eb3	51	33	
326	172.972	F#4	66	28	325	172.5	F#4	66	33	
327	172.999	Eb2	39	31	327	172.5	Eb2	39	33	
328	174.237	B4	71	43	332	174	B4	71	33	
329	174.238	F#4	66	37	331	174	F#4	66	33	
330	174.244	Eb3	51	29	335	174	Eb3	51	33	
331	174.251	B2	47	31	334	174	B2	47	33	
332	174.252	Eb2	39	31	333	174	Eb2	39	33	
333	174.262	B3	59	19	330	174	B3	59	33	
334	175.472	B4	71	45	338	175.5	B4	71	33	
335	175.489	B2	47	26	340	175.5	B2	47	33	
336	175.492	F#4	66	34	337	175.5	F#4	66	33	
337	175.498	B3	59	26	336	175.5	B3	59	33	
338	175.501	Eb3	51	25	341	175.5	Eb3	51	33	
339	175.503	Eb2	39	28	339	175.5	Eb2	39	33	
340	177.02	F3	53	43	342	177	F3	53	41	
341	177.05	D3	50	32	343	177	D3	50	33	
342	178.196	F3	53	67	344	178.5	F3	53	49	
343	178.239	D3	50	44	345	178.5	D3	50	33	
344	179.968	F3	53	35	346	180	F3	53	33	
345	179.976	D3	50	34	347	180	D3	50	33	
346	181.492	F4	65	47	348	181.5	F4	65	33	
347	182.767	F4	65	38	349	182.625	F4	65	33	
348	183.077	B4	71	46	350	183	B4	71	36	
349	183.369	F3	53	34	351	183.375	F3	53	36	
350	183.64	G#3	56	40	352	183.75	G#3	56	36	
351	183.892	F3	53	41	353	184.125	F3	53	36	
352	184.331	C#3	49	34	354	184.5	C#3	49	39	
353	185.7	B4	71	45	355	186	B4	71	39	
354	186.812	B4	71	43	356	187.125	B4	71	39	
355	187.097	F5	77	47	357	187.5	F5	77	39	
356	187.367	F3	53	38	358	187.875	F3	53	39	
357	187.641	G#3	56	43	359	188.25	G#3	56	39	
358	187.904	F3	53	40	360	188.625	F3	53	39	
359	188.26	C3	48	41	361	189	C3	48	42	
360	189.501	F5	77	56	362	190.5	F5	77	42	
361	190.513	F5	77	62	363	191.625	F5	77	42	
362	190.846	G#5	80	61	364	192	G#5	80	45	
363	191.125	F3	53	47	365	192.375	F3	53	45	
364	191.408	G#3	56	46	366	192.75	G#3	56	45	
365	191.659	F3	53	54	367	193.125	F3	53	45	
366	191.977	B2	47	58	368	193.5	B2	47	45	
367	193.122	F5	77	66	369	195	F5	77	45	
368	194.103	F5	77	78	370	196.125	F5	77	48	
369	194.412	D6	86	81	371	196.5	D6	86	48	
370	194.678	F3	53	59	372	196.875	F3	53	48	
371	194.942	G#3	56	66	373	197.25	G#3	56	48	
372	195.205	F3	53	76	374	197.625	F3	53	48	
373	195.637	G#2	44	86	375	198	G#2	44	66	
374	196.853	F5	77	73	376	199.5	F5	77	51	
375	197.837	F5	77	84	377	200.625	F5	77	51	
376	198.097	F6	89	101	378	201	F6	89	69	
377	198.332	F3	53	68	379	201.375	F3	53	54	
378	198.64	B3	59	72	380	201.75	B3	59	54	
379	198.89	F3	53	58	381	202.125	F3	53	54	
380	199.407	G2	43	62	382	202.5	G2	43	54	
381	200.654	F5	77	71	383	204	F5	77	57	
382	201.615	F5	77	77	384	205.125	F5	77	57	
383	201.905	F6	89	88	385	205.5	F6	89	57	
384	202.155	F3	53	63	386	205.875	F3	53	57	
385	202.42	B3	59	72	387	206.25	B3	59	57	
386	202.676	F3	53	68	388	206.625	F3	53	57	
387	203.115	G#2	44	91	389	207	G#2	44	75	
388	204.303	F5	77	85	390	208.5	F5	77	60	
389	205.287	F5	77	87	391	209.625	F5	77	60	
390	205.683	F6	89	101	392	210	F6	89	77	
391	206.027	F3	53	77	393	210.375	F3	53	62	
392	206.45	B3	59	84	394	210.75	B3	59	62	
393	206.767	F3	53	81	395	211.125	F3	53	62	
394	207.096	G#2	44	78	396	211.5	G#2	44	62	
395	207.451	F3	53	77	397	211.875	F3	53	62	
396	207.725	B3	59	76	398	212.25	B3	59	62	
397	207.952	F5	77	88	399	212.625	F5	77	62	
398	207.96	F3	53	62	400	212.625	F3	53	62	
399	208.256	G#2	44	68	402	213	G#2	44	64	
400	208.287	F6	89	94	401	213	F6	89	64	
401	208.55	F3	53	58	403	213.375	F3	53	64	
402	208.847	B3	59	64	404	213.75	B3	59	64	
403	209.069	D5	74	88	405	214.125	D5	74	64	
404	209.08	F3	53	57	406	214.125	F3	53	64	
405	209.375	G#2	44	62	408	214.5	G#2	44	64	
406	209.385	D6	86	90	407	214.5	D6	86	64	
407	209.629	F3	53	58	409	214.875	F3	53	60	
408	209.934	B3	59	62	410	215.25	B3	59	60	
409	210.167	F3	53	50	412	215.625	F3	53	60	
410	210.176	B4	71	80	411	215.625	B4	71	60	
411	210.516	G2	43	53	414	216	G2	43	55	
412	210.531	B5	83	79	413	216	B5	83	55	
413	210.839	F3	53	54	415	216.375	F3	53	55	
414	211.116	B3	59	49	416	216.75	B3	59	55	
415	211.363	F3	53	46	418	217.125	F3	53	55	
416	211.374	F4	65	63	417	217.125	F4	65	55	
417	211.663	G2	43	47	420	217.5	G2	43	51	
418	211.675	F5	77	61	419	217.5	F5	77	51	
419	211.926	F3	53	54	421	217.875	D3	50	51	
420	212.137	D3	50	36	422	218.25	F3	53	51	
421	212.234	B3	59	37	*	-1	*	-1	-1	
422	212.475	D4	62	60	423	218.625	D4	62	51	
423	212.499	D3	50	31	424	218.625	D3	50	51	
424	212.767	G2	43	48	426	219	G2	43	47	
425	212.779	D5	74	57	425	219	D5	74	47	
426	213.045	B2	47	39	427	219.375	B2	47	47	
427	213.299	D3	50	38	428	219.75	D3	50	47	
428	213.566	B3	59	62	429	220.125	B3	59	47	
429	213.578	B2	47	41	430	220.125	B2	47	47	
430	213.877	G2	43	45	432	220.5	G2	43	43	
431	213.905	B4	71	55	431	220.5	B4	71	43	
432	214.147	B2	47	39	433	220.875	B2	47	43	
433	214.459	D3	50	30	434	221.25	D3	50	43	
434	214.696	F3	53	50	435	221.625	F3	53	39	
435	214.702	B2	47	37	436	221.625	B2	47	43	
436	215.012	G2	43	32	438	222	G2	43	39	
437	215.014	F4	65	50	437	222	F4	65	39	
438	215.259	B2	47	36	439	222.375	B2	47	39	
439	215.557	D3	50	36	440	222.75	D3	50	39	
440	215.815	B2	47	43	442	223.125	B2	47	39	
441	215.832	D3	50	54	441	223.125	D3	50	39	
442	216.139	D4	62	56	443	223.5	D4	62	36	
443	216.17	G2	43	41	444	223.5	G2	43	36	
444	216.447	D2	38	34	445	223.875	D2	38	36	
445	216.756	B1	35	37	446	224.25	B1	35	36	
446	217.04	B2	47	50	447	224.625	B2	47	36	
447	217.062	D2	38	36	448	224.625	D2	38	36	
448	217.537	B3	59	51	449	225	B3	59	33	
449	217.569	G1	31	32	450	225	G1	31	33	
450	218.986	F3	53	39	453	226.5	F3	53	33	
451	218.99	B2	47	28	451	226.5	B2	47	33	
452	219.001	G2	43	22	455	226.5	G2	43	33	
453	219.003	D3	50	33	452	226.5	D3	50	33	
454	219.009	G1	31	25	454	226.5	G1	31	33	
455	220.274	F3	53	61	458	228	F3	53	33	
456	220.31	G1	31	41	459	228	G1	31	33	
457	220.314	D3	50	37	457	228	D3	50	33	
458	220.319	B2	47	35	456	228	B2	47	33	
459	220.321	G2	43	31	460	228	G2	43	33	
460	222.341	F3	53	34	463	229.5	F3	53	33	
461	222.378	G#2	44	28	465	229.5	G#2	44	33	
462	222.379	D3	50	33	462	229.5	D3	50	33	
463	222.381	B2	47	24	461	229.5	B2	47	33	
464	222.385	G#1	32	35	464	229.5	G#1	32	33	
465	225.91	F5	77	57	466	232.5	F5	77	33	
466	227.595	E5	76	37	467	234	E5	76	33	
467	229.111	E3	52	31	469	235.5	E3	52	33	
468	229.136	C3	48	30	468	235.5	C3	48	33	
469	229.151	A2	45	24	471	235.5	A2	45	33	
470	229.173	A1	33	21	470	235.5	A1	33	33	
471	230.437	E3	52	38	473	237	E3	52	33	
472	230.487	A2	45	20	475	237	A2	45	33	
473	230.49	C3	48	30	472	237	C3	48	33	
474	230.492	A1	33	28	474	237	A1	33	33	
475	231.96	E3	52	32	477	238.5	E3	52	33	
476	231.991	A2	45	29	479	238.5	A2	45	33	
477	231.994	C3	48	32	476	238.5	C3	48	33	
478	231.997	A1	33	31	478	238.5	A1	33	33	
479	235.678	E5	76	47	480	241.5	E5	76	33	
480	237.4	D5	74	31	481	243	D5	74	33	
481	237.416	F1	29	25	482	243	F1	29	33	
482	237.424	F2	41	22	483	243	F2	41	33	
483	238.838	A3	57	32	486	244.5	A3	57	33	
484	238.841	F3	53	26	485	244.5	F3	53	33	
485	238.868	D3	50	35	484	244.5	D3	50	33	
486	240.288	D5	74	54	487	246	D5	74	33	
487	242.168	G5	79	40	488	247.5	G5	79	33	
488	242.221	G2	43	24	490	247.5	G2	43	33	
489	242.238	G1	31	27	489	247.5	G1	31	33	
490	243.882	G3	55	30	493	249	G3	55	33	
491	243.903	B2	47	32	491	249	B2	47	33	
492	243.923	D3	50	29	492	249	D3	50	33	
493	246.82	G5	79	72	494	250.5	G5	79	49	
*	-1	*	-1	-1	117	82.5001	F2	41	41	
*	-1	*	-1	-1	118	82.5001	C3	48	41	
*	-1	*	-1	-1	169	99.0001	C3	48	55	
*	-1	*	-1	-1	170	99.3751	E2	40	55	
*	-1	*	-1	-1	220	117	F4	65	54	
*	-1	*	-1	-1	241	124.688	A4	69	64	
*	-1	*	-1	-1	246	126	F4	65	49	
