// alignID alignOntime alignSitch alignPitch alignOnvel refID refOntime refSitch refPitch refOnvel
0	3.16133	D4	62	47	0	0.25	D4	62	80	
1	3.60684	D4	62	58	1	0.5	D4	62	80	
2	4.0812	D4	62	47	2	0.75	D4	62	80	
3	4.52992	G3	55	49	3	1	G3	55	80	
4	5.46795	B3	59	57	4	1.5	B3	59	80	
5	6.94872	E3	52	38	5	2.25	E3	52	80	
6	7.37821	A3	57	50	6	2.5	A3	57	80	
7	7.81518	G3	55	51	7	2.75	G3	55	80	
8	8.25108	F#3	54	40	8	3	F#3	54	80	
9	8.65385	A4	69	59	9	3.25	A4	69	80	
10	9.07159	D3	50	42	11	3.5	D3	50	80	
11	9.07693	A4	69	65	10	3.5	A4	69	80	
12	9.49146	A4	69	64	12	3.75	A4	69	80	
13	9.95621	D4	62	60	13	4	D4	62	80	
14	10.3611	F#3	54	49	14	4.25	F#3	54	80	
15	10.7885	B3	59	44	16	4.5	B3	59	80	
16	10.8045	F#4	66	63	15	4.5	F#4	66	80	
17	11.2212	A3	57	49	17	4.75	A3	57	80	
18	11.656	G#3	56	46	18	5	G#3	56	80	
19	12.0823	B3	59	52	19	5.25	B3	59	80	
20	12.5192	E4	64	57	20	5.5	E4	64	80	
21	12.9573	D4	62	52	21	5.75	D4	62	80	
22	13.3558	C#4	61	45	22	6	C#4	61	80	
23	13.375	A3	57	28	23	6	A3	57	80	
24	13.7746	E4	64	61	24	6.25	E4	64	80	
25	14.2148	C#4	61	44	26	6.5	C#4	61	80	
26	14.2468	A4	69	56	25	6.5	A4	69	80	
27	14.6581	G4	67	57	27	6.75	G4	67	80	
28	15.094	F#4	66	51	28	7	F#4	66	80	
29	15.5107	A3	57	63	29	7.25	A3	57	80	
30	15.9434	D4	62	53	31	7.5	D4	62	80	
31	15.9487	A4	69	62	30	7.5	A4	69	80	
32	16.3472	C#4	61	47	32	7.75	C#4	61	80	
33	16.7778	B3	59	51	33	8	B3	59	80	
34	17.2126	D5	74	57	34	8.25	D5	74	80	
35	17.25	D4	62	24	35	8.25	D4	62	80	
36	17.6485	D5	74	78	36	8.5	D5	74	80	
37	17.6656	G4	67	53	37	8.5	G4	67	80	
38	18.0598	D5	74	70	38	8.75	D5	74	80	
39	18.0641	F#4	66	52	39	8.75	F#4	66	80	
40	18.4776	G4	67	64	40	9	G4	67	80	
41	18.4925	E4	64	49	41	9	E4	64	80	
42	18.9103	B3	59	48	43	9.25	B3	59	80	
43	18.9113	F#4	66	53	42	9.25	F#4	66	80	
44	19.3269	B4	71	69	44	9.5	B4	71	80	
45	19.3408	E4	64	45	46	9.5	E4	64	80	
46	19.343	G4	67	59	45	9.5	G4	67	80	
47	19.7554	D4	62	47	47	9.75	D4	62	80	
48	20.1774	C#4	61	47	48	10	C#4	61	80	
49	20.5876	A3	57	53	50	10.25	A3	57	80	
50	20.6037	E4	64	48	49	10.25	E4	64	80	
51	21.0054	A4	69	68	51	10.5	A4	69	80	
52	21.0139	A3	57	63	53	10.5	A3	57	80	
53	21.0203	F#4	66	52	52	10.5	F#4	66	80	
54	21.4316	G4	67	62	54	10.75	G4	67	80	
55	21.4348	E4	64	59	55	10.75	E4	64	80	
56	21.437	A3	57	63	56	10.75	A3	57	80	
57	21.8483	D3	50	53	59	11	D3	50	80	
58	21.8675	D4	62	50	58	11	D4	62	80	
59	21.8675	F#4	66	63	57	11	F#4	66	80	
60	22.2714	A3	57	50	60	11.25	A3	57	80	
61	22.6923	F#3	54	62	62	11.5	F#3	54	80	
62	22.7062	D4	62	44	61	11.5	D4	62	80	
63	23.1282	C#4	61	40	63	11.75	C#4	61	80	
64	23.5449	G#4	68	67	64	12	G#4	68	80	
65	23.546	B3	59	51	65	12	B3	59	80	
66	23.9316	B2	47	39	66	12.25	B2	47	80	
67	24.3804	E3	52	50	67	12.5	E3	52	80	
68	24.7853	D3	50	31	69	12.75	D3	50	80	
69	24.7928	B3	59	46	68	12.75	B3	59	80	
70	25.2084	C#3	49	30	72	13	C#3	49	80	
71	25.2116	A4	69	57	70	13	A4	69	80	
72	25.2276	E4	64	44	71	13	E4	64	80	
73	25.6368	B2	47	36	75	13.25	B2	47	80	
74	25.6368	E3	52	44	74	13.25	E3	52	80	
75	25.6517	D4	62	44	73	13.25	D4	62	80	
76	26.0663	A2	45	43	78	13.5	A2	45	80	
77	26.094	C#4	61	48	76	13.5	C#4	61	80	
78	26.1111	A3	57	35	77	13.5	A3	57	80	
79	26.4947	E4	64	54	79	13.75	E4	64	80	
80	26.4968	G3	55	46	80	13.75	G3	55	80	
81	26.9135	A4	69	69	81	14	A4	69	80	
82	26.9167	F#3	54	54	82	14	F#3	54	80	
83	27.3323	A2	45	44	85	14.25	A2	45	80	
84	27.3398	G4	67	70	83	14.25	G4	67	80	
85	27.3451	E3	52	44	84	14.25	E3	52	80	
86	27.7393	D3	50	52	87	14.5	D3	50	80	
87	27.7415	F#4	66	79	86	14.5	F#4	66	80	
88	28.1517	C#3	49	56	90	14.75	C#3	49	80	
89	28.1635	A3	57	64	89	14.75	A3	57	80	
90	28.5898	D4	62	69	91	15	D4	62	80	
91	28.5983	B2	47	51	92	15	B2	47	80	
92	28.969	A2	45	50	95	15.25	A2	45	80	
93	28.984	D3	50	60	94	15.25	D3	50	80	
94	28.9936	C#4	61	69	93	15.25	C#4	61	80	
95	29.3964	G2	43	50	99	15.5	G2	43	80	
96	29.406	E4	64	78	96	15.5	E4	64	80	
97	29.4295	B3	59	55	97	15.5	B3	59	80	
98	29.4338	G3	55	50	98	15.5	G3	55	80	
99	29.8077	F#3	54	54	101	15.75	F#3	54	80	
100	29.828	D4	62	69	100	15.75	D4	62	80	
101	30.2468	E3	52	56	104	16	E3	52	80	
102	30.2511	A3	57	60	103	16	A3	57	80	
103	30.2511	C#4	61	71	102	16	C#4	61	80	
104	30.6774	F#2	42	66	105	16.25	F#2	42	80	
105	31.1891	D4	62	66	106	16.5	D4	62	80	
106	31.1913	D3	50	48	109	16.5	D3	50	80	
107	31.1913	G#3	56	66	107	16.5	G#3	56	80	
108	31.1923	B2	47	43	108	16.5	B2	47	80	
109	31.6667	A2	45	56	111	16.75	A2	45	80	
110	31.6774	F#3	54	63	110	16.75	F#3	54	80	
111	31.6827	C#3	49	46	112	16.75	C#3	49	80	
112	32.1272	E3	52	63	113	17	E3	52	80	
113	32.1368	B2	47	46	115	17	B2	47	80	
114	32.1421	G#2	44	52	114	17	G#2	44	80	
115	32.5588	B4	71	60	116	17.25	B4	71	80	
116	32.7436	A4	69	60	117	17.375	A4	69	80	
117	32.984	B4	71	57	118	17.5	B4	71	80	
118	33.3868	D4	62	48	119	17.75	D4	62	80	
119	33.7832	C#4	61	45	120	18	C#4	61	80	
120	33.7906	E3	52	30	121	18	E3	52	80	
121	34.1945	E4	64	58	123	18.25	E4	64	80	
122	34.6037	G2	43	46	125	18.5	G2	43	80	
123	34.6293	E4	64	66	124	18.5	E4	64	80	
124	35.0406	E4	64	73	126	18.75	E4	64	80	
125	35.453	F#2	42	49	128	19	F#2	42	80	
126	35.4605	A3	57	61	127	19	A3	57	80	
127	35.8323	G3	55	38	130	19.25	G3	55	80	
128	35.8376	E4	64	57	129	19.25	E4	64	80	
129	35.9381	G3	55	15	*	-1	*	-1	-1	
130	36.2564	C4	60	71	132	19.5	C4	60	80	
131	36.265	A4	69	56	131	19.5	A4	69	80	
132	36.2821	F#3	54	45	133	19.5	F#3	54	80	
133	36.6731	E3	52	47	135	19.75	E3	52	80	
134	36.687	G4	67	59	134	19.75	G4	67	80	
135	37.0727	B2	47	43	138	20	B2	47	80	
136	37.0812	Eb3	51	43	137	20	Eb3	51	80	
137	37.093	F#4	66	51	136	20	F#4	66	80	
138	37.5064	F#3	54	59	139	20.25	F#3	54	80	
139	37.9263	B3	59	64	140	20.5	B3	59	80	
140	38.3473	A3	57	69	141	20.75	A3	57	80	
141	38.7767	G3	55	63	142	21	G3	55	80	
142	38.781	E3	52	53	143	21	E3	52	80	
143	39.1913	B4	71	83	144	21.25	B4	71	80	
144	39.1988	D3	50	50	146	21.25	D3	50	80	
145	39.2094	B3	59	60	145	21.25	B3	59	80	
146	39.6208	B4	71	82	147	21.5	B4	71	80	
147	39.625	G3	55	60	149	21.5	G3	55	80	
148	39.6261	E4	64	61	148	21.5	E4	64	80	
149	40.015	B4	71	83	150	21.75	B4	71	80	
150	40.0353	D4	62	64	151	21.75	D4	62	80	
151	40.4338	E4	64	78	152	22	E4	64	80	
152	40.453	C#4	61	63	153	22	C#4	61	80	
153	40.8312	B3	59	61	154	22.25	B3	59	80	
154	41.281	G4	67	76	155	22.5	G4	67	80	
155	41.2832	C#3	49	42	157	22.5	C#3	49	80	
156	41.2853	Bb3	58	51	156	22.5	Bb3	58	80	
157	41.6966	D3	50	42	159	22.75	D3	50	80	
158	41.7105	B3	59	51	158	22.75	B3	59	80	
159	42.109	E3	52	45	161	23	E3	52	80	
160	42.1411	C#4	61	42	160	23	C#4	61	80	
161	42.5267	C#4	61	64	162	23.25	C#4	61	80	
162	42.5374	G3	55	40	164	23.25	G3	55	80	
163	42.5428	E4	64	50	163	23.25	E4	64	80	
164	42.9594	F#4	66	60	165	23.5	F#4	66	80	
165	42.9701	Bb2	46	34	168	23.5	Bb2	46	80	
166	42.9733	D4	62	46	166	23.5	D4	62	80	
167	42.9765	F#3	54	37	167	23.5	F#3	54	80	
168	43.3772	C#4	61	41	170	23.75	C#4	61	80	
169	43.3804	E4	64	57	169	23.75	E4	64	80	
170	43.7853	D4	62	61	171	24	D4	62	80	
171	43.7928	B2	47	45	173	24	B2	47	80	
172	43.8045	B3	59	53	172	24	B3	59	80	
173	44.2191	F#4	66	74	174	24.25	F#4	66	80	
174	44.2426	A3	57	57	175	24.25	A3	57	80	
175	44.64	G#3	56	60	177	24.5	G#3	56	80	
176	44.6432	B4	71	84	176	24.5	B4	71	80	
177	45.0641	F#3	54	58	179	24.75	F#3	54	80	
178	45.0844	A4	69	77	178	24.75	A4	69	80	
179	45.4862	G#4	68	80	180	25	G#4	68	80	
180	45.5075	E3	52	58	181	25	E3	52	80	
181	45.9188	B4	71	87	182	25.25	B4	71	80	
182	45.9253	D3	50	62	183	25.25	D3	50	80	
183	46.3451	C#3	49	53	185	25.5	C#3	49	80	
184	46.3462	E5	76	86	184	25.5	E5	76	80	
185	46.7532	D5	74	75	186	25.75	D5	74	80	
186	46.7725	B2	47	49	187	25.75	B2	47	80	
187	47.1795	A2	45	49	189	26	A2	45	80	
188	47.1859	C#5	73	69	188	26	C#5	73	80	
189	47.5855	E3	52	48	191	26.25	E3	52	80	
190	47.5909	A4	69	64	190	26.25	A4	69	80	
191	48.0129	A3	57	54	193	26.5	A3	57	80	
192	48.0193	A4	69	72	192	26.5	A4	69	80	
193	48.4178	A2	45	48	196	26.75	A2	45	80	
194	48.4188	A4	69	79	194	26.75	A4	69	80	
195	48.4349	G3	55	55	195	26.75	G3	55	80	
196	48.8238	B2	47	45	199	27	B2	47	80	
197	48.8451	F#3	54	49	198	27	F#3	54	80	
198	48.8494	D4	62	78	197	27	D4	62	80	
199	49.2671	D5	74	74	200	27.25	D5	74	80	
200	49.2725	E3	52	45	201	27.25	E3	52	80	
201	49.6486	D3	50	50	204	27.5	D3	50	80	
202	49.6507	D5	74	82	202	27.5	D5	74	80	
203	49.6646	F#4	66	66	203	27.5	F#4	66	80	
204	50.0684	D5	74	86	205	27.75	D5	74	80	
205	50.0887	B2	47	58	206	27.75	B2	47	80	
206	50.4627	E2	40	47	209	28	E2	40	80	
207	50.4659	G4	67	82	207	28	G4	67	80	
208	50.4765	E3	52	44	208	28	E3	52	80	
209	50.8911	B3	59	61	210	28.25	B3	59	80	
210	50.9071	F#3	54	51	211	28.25	F#3	54	80	
211	51.3184	B4	71	74	212	28.5	B4	71	80	
212	51.3206	G3	55	50	214	28.5	G3	55	80	
213	51.3334	E4	64	56	213	28.5	E4	64	80	
214	51.7052	E3	52	43	216	28.75	E3	52	80	
215	51.7201	D4	62	48	215	28.75	D4	62	80	
216	52.1453	A2	45	36	218	29	A2	45	80	
217	52.1507	C#4	61	47	217	29	C#4	61	80	
218	52.1528	G3	55	39	*	-1	*	-1	-1	
219	52.5513	G3	55	45	220	29.25	G3	55	80	
220	52.562	E4	64	56	219	29.25	E4	64	80	
221	52.9926	F#3	54	39	222	29.5	F#3	54	80	
222	53.0022	A4	69	59	221	29.5	A4	69	80	
223	53.3986	E3	52	38	224	29.75	E3	52	80	
224	53.4189	G4	67	52	223	29.75	G4	67	80	
225	53.8088	D2	38	37	228	30	D2	38	80	
226	53.8152	F#4	66	51	226	30	F#4	66	80	
227	53.8174	D3	50	40	227	30	D3	50	80	
228	54.2522	A3	57	52	229	30.25	A3	57	80	
229	54.6806	D4	62	47	230	30.5	D4	62	80	
230	55.0973	C4	60	50	232	30.75	C4	60	80	
231	55.1058	A4	69	63	231	30.75	A4	69	80	
232	55.5161	B3	59	55	234	31	B3	59	80	
233	55.5161	D5	74	77	233	31	D5	74	80	
234	55.9402	C5	72	78	235	31.25	C5	72	80	
235	55.9434	D4	62	58	236	31.25	D4	62	80	
236	56.3558	B4	71	81	237	31.5	B4	71	80	
237	56.3729	G4	67	65	238	31.5	G4	67	80	
238	56.7629	D5	74	83	239	31.75	D5	74	80	
239	56.7778	F#4	66	64	240	31.75	F#4	66	80	
240	57.2105	G5	79	90	241	32	G5	79	80	
241	57.2319	E4	64	63	242	32	E4	64	80	
242	57.6539	D4	62	57	243	32.25	D4	62	80	
243	57.655	E3	52	59	244	32.25	E3	52	80	
244	58.0695	F#5	78	88	245	32.5	F#5	78	80	
245	58.077	A3	57	64	247	32.5	A3	57	80	
246	58.0919	C#4	61	64	246	32.5	C#4	61	80	
247	58.4883	G3	55	61	249	32.75	G3	55	80	
248	58.4936	E5	76	86	248	32.75	E5	76	80	
249	58.9103	F#3	54	63	252	33	F#3	54	80	
250	58.9146	A5	81	85	250	33	A5	81	80	
251	58.921	D4	62	58	251	33	D4	62	80	
252	59.3216	A3	57	65	255	33.25	A3	57	80	
253	59.3216	G5	79	87	253	33.25	G5	79	80	
254	59.3227	E4	64	60	254	33.25	E4	64	80	
255	59.7682	F#5	78	88	256	33.5	F#5	78	80	
256	59.7757	D4	62	57	258	33.5	D4	62	80	
257	59.7949	F#4	66	57	257	33.5	F#4	66	80	
258	60.1924	E5	76	74	259	33.75	E5	76	80	
259	60.2073	C#4	61	51	260	33.75	C#4	61	80	
260	60.5983	D5	74	70	261	34	D5	74	80	
261	60.609	B3	59	46	262	34	B3	59	80	
262	61.0204	B2	47	37	263	34.25	B2	47	80	
263	61.4349	B3	59	34	*	-1	*	-1	-1	
264	61.4402	E3	52	51	266	34.5	E3	52	80	
265	61.4477	C#5	73	67	264	34.5	C#5	73	80	
266	61.4798	G#4	68	46	265	34.5	G#4	68	80	
267	61.8462	D3	50	46	268	34.75	D3	50	80	
268	61.8462	B4	71	72	267	34.75	B4	71	80	
269	62.2522	E5	76	75	269	35	E5	76	80	
270	62.2639	C#3	49	40	270	35	C#3	49	80	
271	62.686	D5	74	70	271	35.25	D5	74	80	
272	62.6913	B3	59	39	272	35.25	B3	59	80	
273	62.7084	E3	52	48	273	35.25	E3	52	80	
274	62.7084	G#4	68	60	*	-1	*	-1	-1	
275	63.1197	A3	57	41	277	35.5	A3	57	80	
276	63.1357	C#5	73	61	274	35.5	C#5	73	80	
277	63.14	C#4	61	37	276	35.5	C#4	61	80	
278	63.1443	A4	69	43	275	35.5	A4	69	80	
279	63.53	G#3	56	45	280	35.75	G#3	56	80	
280	63.53	B4	71	62	278	35.75	B4	71	80	
281	63.5375	E4	64	52	279	35.75	E4	64	80	
282	63.9573	A4	69	62	281	36	A4	69	80	
283	63.9648	F#3	54	46	283	36	F#3	54	80	
284	64.3644	A3	57	50	286	36.25	A3	57	80	
285	64.3654	C#5	73	71	284	36.25	C#5	73	80	
286	64.3804	E3	52	42	287	36.25	E3	52	80	
287	64.39	G#4	68	48	285	36.25	G4	67	80	
288	64.7682	D3	50	40	291	36.5	D3	50	80	
289	64.7842	B4	71	59	288	36.5	B4	71	80	
290	64.7917	D4	62	36	290	36.5	D4	62	80	
291	64.7928	F#4	66	54	289	36.5	F#4	66	80	
292	65.2127	C#4	61	41	293	36.75	C#4	61	80	
293	65.2137	A4	69	60	292	36.75	A4	69	80	
294	65.6197	E4	64	56	295	37	E4	64	80	
295	65.6229	G#4	68	68	294	37	G#4	68	80	
296	65.6304	B3	59	39	296	37	B3	59	80	
297	66.0204	C#3	49	30	298	37.25	C#3	49	80	
298	66.0567	E4	64	54	297	37.25	E4	64	80	
299	66.4744	A3	57	39	301	37.5	A3	57	80	
300	66.484	A4	69	66	299	37.5	A4	69	80	
301	66.4915	F#3	54	32	302	37.5	F#3	54	80	
302	66.5043	D4	62	52	300	37.5	D4	62	80	
303	66.8964	E3	52	44	305	37.75	E3	52	80	
304	66.9007	G#3	56	37	304	37.75	G#3	56	80	
305	66.9231	C#4	61	44	303	37.75	C#4	61	80	
306	67.3035	D3	50	35	308	38	D3	50	80	
307	67.3142	F#3	54	38	307	38	F#3	54	80	
308	67.3238	B3	59	45	306	38	B3	59	80	
309	67.7672	C#4	61	42	309	38.25	C#4	61	80	
310	68.1785	E3	52	39	311	38.5	E3	52	80	
311	68.1956	D4	62	39	310	38.5	D4	62	80	
312	68.6379	G#4	68	50	313	38.75	G#4	68	80	
313	69.139	A2	45	37	315	39	A2	45	80	
314	69.1507	A4	69	57	314	39	A4	69	80	
315	69.5706	C#4	61	41	316	39.25	C#4	61	80	
316	69.9905	F#4	66	42	317	39.5	F#4	66	80	
317	70.4285	F#2	42	43	319	39.75	F#2	42	80	
318	70.436	E4	64	42	318	39.75	E4	64	80	
319	70.8046	Eb4	63	47	320	40	Eb4	63	80	
320	70.8206	B2	47	45	321	40	B2	47	80	
321	71.2244	F#4	66	48	322	40.25	F#4	66	80	
322	71.2298	B3	59	55	323	40.25	B3	59	80	
323	71.6496	B3	59	68	325	40.5	B3	59	80	
324	71.6625	B4	71	57	324	40.5	B4	71	80	
325	72.0567	A4	69	66	326	40.75	A4	69	80	
326	72.0631	B3	59	71	327	40.75	B3	59	80	
327	72.4552	E3	52	60	329	41	E3	52	80	
328	72.4744	G4	67	58	328	41	G4	67	80	
329	72.8398	D3	50	50	331	41.25	D3	50	80	
330	72.8409	B3	59	50	330	41.25	B3	59	80	
331	73.264	G3	55	65	333	41.5	G3	55	80	
332	73.2789	C#3	49	44	334	41.5	C#3	49	80	
333	73.2885	E4	64	56	332	41.5	E4	64	80	
334	73.6539	B2	47	51	336	41.75	B2	47	80	
335	73.7063	D4	62	47	335	41.75	D4	62	80	
336	74.0952	Bb2	46	46	338	42	Bb2	46	80	
337	74.109	C#4	61	60	337	42	C#4	61	80	
338	74.5236	C#3	49	46	340	42.25	C#3	49	80	
339	74.5257	F#5	78	83	339	42.25	F#5	78	80	
340	74.937	F#5	78	87	341	42.5	F#5	78	80	
341	74.9445	F#3	54	57	342	42.5	F#3	54	80	
342	75.3452	Bb2	46	50	345	42.75	Bb2	46	80	
343	75.3462	F#5	78	87	343	42.75	F#5	78	80	
344	75.3505	E3	52	55	344	42.75	E3	52	80	
345	75.7319	B4	71	75	346	43	B4	71	80	
346	75.7437	A2	45	47	348	43	A2	45	80	
347	75.7522	Eb3	51	57	347	43	Eb3	51	80	
348	76.1529	B4	71	79	349	43.25	B4	71	80	
349	76.1625	F3	53	58	350	43.25	F3	53	80	
350	76.3238	F#3	54	71	351	43.375	F#3	54	80	
351	76.5332	B4	71	78	353	43.5	B4	71	80	
352	76.5375	F3	53	55	354	43.5	F3	53	80	
353	76.5375	D5	74	77	352	43.5	D5	74	80	
354	76.9541	G#2	44	50	356	43.75	G#2	44	80	
355	76.9659	B4	71	79	355	43.75	B4	71	80	
356	77.3569	E4	64	77	357	44	E4	64	80	
357	77.3761	C#3	49	42	358	44	C#3	49	80	
358	77.7704	B3	59	50	360	44.25	B3	59	80	
359	77.7736	G#4	68	70	359	44.25	G#4	68	80	
360	78.1945	G4	67	71	362	44.5	G4	67	80	
361	78.2041	Bb3	58	46	363	44.5	Bb3	58	80	
362	78.2063	C#5	73	55	361	44.5	C#5	73	80	
363	78.609	C#4	61	45	365	44.75	C#4	61	80	
364	78.6261	B4	71	59	364	44.75	B4	71	80	
365	79.0182	F#2	42	46	368	45	F#2	42	80	
366	79.0311	Bb4	70	55	367	45	Bb4	70	80	
367	79.4509	F#3	54	47	371	45.25	F#3	54	80	
368	79.4509	C#4	61	59	369	45.25	C#4	61	80	
369	79.4702	E4	64	43	370	45.25	E4	64	80	
370	79.8804	G#3	56	43	375	45.5	G#3	56	80	
371	79.8826	D4	62	46	374	45.5	D4	62	80	
372	79.8879	B4	71	52	372	45.5	B4	71	80	
373	79.889	F#4	66	52	373	45.5	F#4	66	80	
374	80.2896	Bb3	58	30	379	45.75	Bb3	58	80	
375	80.2917	C#5	73	60	376	45.75	C#5	73	80	
376	80.2949	C#4	61	39	378	45.75	C#4	61	80	
377	80.2992	E4	64	55	377	45.75	E4	64	80	
378	80.7052	B3	59	44	382	46	B3	59	80	
379	80.7202	D4	62	51	381	46	D4	62	80	
380	80.7202	D5	74	62	380	46	D5	74	80	
381	81.1486	F#4	66	62	384	46.25	F#4	66	80	
382	81.1539	A3	57	43	385	46.25	A3	57	80	
383	81.5236	G#3	56	41	387	46.5	G#3	56	80	
384	81.5599	B4	71	56	386	46.5	B4	71	80	
385	81.9648	A4	69	58	388	46.75	A4	69	80	
386	81.967	F#3	54	40	389	46.75	F#3	54	80	
387	82.3537	G#4	68	51	390	47	G#4	68	80	
388	82.3601	F3	53	38	391	47	F3	53	80	
389	82.7875	G#3	56	58	392	47.25	G#3	56	80	
390	83.1849	C#4	61	62	394	47.5	C#4	61	80	
391	83.2105	C#5	73	73	393	47.5	C#5	73	80	
392	83.6016	B3	59	62	395	47.75	B3	59	80	
393	84.0182	A3	57	57	396	48	A3	57	80	
394	84.4274	F#3	54	67	398	48.25	F#3	54	80	
395	84.4392	C#4	61	53	397	48.25	C#4	61	80	
396	84.8217	F#3	54	76	400	48.5	F#3	54	80	
397	84.8345	F#4	66	62	399	48.5	F#4	66	80	
398	85.233	F#3	54	78	402	48.75	F#3	54	80	
399	85.2437	E4	64	67	401	48.75	E4	64	80	
400	85.6315	B2	47	75	404	49	B2	47	80	
401	85.6603	D4	62	65	403	49	D4	62	80	
402	86.0535	F#3	54	61	406	49.25	F#3	54	80	
403	86.0749	B4	71	63	405	49.25	B4	71	80	
404	86.2351	A4	69	76	407	49.375	A4	69	80	
405	86.4403	B3	59	57	409	49.5	B3	59	80	
406	86.4573	D3	50	55	410	49.5	D3	50	80	
407	86.4573	G#4	68	72	408	49.5	G#4	68	80	
408	86.5118	C#3	49	5	*	-1	*	-1	-1	
409	86.8462	A3	57	56	413	49.75	A3	57	80	
410	86.858	F#4	66	64	411	49.75	F#4	66	80	
411	87.2394	G#3	56	51	416	50	G#3	56	80	
412	87.2544	F4	65	58	414	50	F4	65	80	
413	87.2597	B3	59	52	415	50	B3	59	80	
414	87.6774	G#2	44	60	417	50.25	G#2	44	80	
415	88.0642	C#3	49	53	418	50.5	C#3	49	80	
416	88.4712	B2	47	46	419	50.75	B2	47	80	
417	88.8847	A2	45	48	420	51	A2	45	80	
418	89.2843	F#3	54	46	423	51.25	F#3	54	80	
419	89.2982	C#4	61	50	421	51.25	C#4	61	80	
420	89.3003	A3	57	43	422	51.25	A3	57	80	
421	89.4776	G#3	56	43	425	51.375	G#3	56	80	
422	89.4926	B3	59	50	424	51.375	B3	59	80	
423	89.7063	A3	57	42	428	51.5	A3	57	80	
424	89.7159	F#4	66	64	426	51.5	F#4	66	80	
425	89.7341	C#4	61	46	427	51.5	C#4	61	80	
426	90.1112	B2	47	38	430	51.75	B2	47	80	
427	90.1454	D4	62	41	429	51.75	D4	62	80	
428	90.5279	C#3	49	30	433	52	C#3	49	80	
429	90.545	G#3	56	40	432	52	G#3	56	80	
430	90.561	C#4	61	44	431	52	C#4	61	80	
431	90.9702	F#3	54	31	434	52.25	F#3	54	80	
432	91.3879	G#3	56	41	436	52.5	G#3	56	80	
433	91.3997	F4	65	51	435	52.5	F4	65	80	
434	91.795	B3	59	39	437	52.75	B3	59	80	
435	92.2576	F#2	42	39	441	53	F#2	42	80	
436	92.28	F#4	66	48	438	53	F#4	66	80	
437	92.2853	A3	57	43	439	53	A3	57	80	
438	92.295	F#3	54	24	440	53	F#3	54	80	
439	92.7223	A3	57	56	442	53.25	A3	57	80	
440	93.123	A3	57	73	443	53.5	A3	57	80	
441	93.5044	A5	81	71	444	53.75	A5	81	80	
442	93.5076	A3	57	68	445	53.75	A3	57	80	
443	93.9296	D3	50	65	447	54	D3	50	80	
444	93.936	A5	81	76	446	54	A5	81	80	
445	94.3366	A5	81	82	448	54.25	A5	81	80	
446	94.3516	A4	69	64	449	54.25	A4	69	80	
447	94.7202	D5	74	77	450	54.5	D5	74	80	
448	94.7287	F#3	54	57	452	54.5	F#3	54	80	
449	94.7383	A4	69	69	451	54.5	A4	69	80	
450	95.1379	A4	69	74	453	54.75	A4	69	80	
451	95.5717	F#5	78	78	454	55	F#5	78	80	
452	95.5781	D4	62	59	455	55	D4	62	80	
453	95.9841	D3	50	58	456	55.25	D3	50	80	
454	95.9873	B2	47	52	457	55.25	B2	47	80	
455	96.373	G3	55	70	458	55.5	G3	55	80	
456	96.3815	E3	52	62	459	55.5	E3	52	80	
457	96.7725	F#3	54	55	461	55.75	F#3	54	80	
458	96.7736	B4	71	73	460	55.75	B4	71	80	
459	96.7747	D3	50	54	462	55.75	D3	50	80	
460	97.1539	C#3	49	50	465	56	C#3	49	80	
461	97.1806	E3	52	50	464	56	E3	52	80	
462	97.1806	E5	76	78	463	56	E5	76	80	
463	97.5578	B2	47	48	468	56.25	B2	47	80	
464	97.5738	D5	74	61	466	56.25	D5	74	80	
465	97.5834	E4	64	69	467	56.25	E4	64	80	
466	97.9958	A2	45	51	471	56.5	A2	45	80	
467	97.998	C#5	73	75	469	56.5	C#5	73	80	
468	98.0236	A4	69	56	470	56.5	A4	69	80	
469	98.3911	E3	52	45	473	56.75	A3	57	80	
470	98.4232	G4	67	51	472	56.75	G4	67	80	
471	98.7779	A3	57	49	475	57	D4	62	80	
472	98.7886	F#4	66	60	474	57	F#4	66	80	
473	99.1913	A4	69	76	476	57.25	A4	69	80	
474	99.5524	B3	59	72	479	57.5	B3	59	80	
475	99.5685	D5	74	74	478	57.5	D5	74	80	
476	99.9606	C5	72	64	480	57.75	C5	72	80	
477	99.9905	D4	62	50	481	57.75	D4	62	80	
478	100.39	B4	71	71	482	58	B4	71	80	
479	100.407	G4	67	57	483	58	G4	67	80	
480	100.78	F#4	66	65	484	58.25	F#4	66	80	
481	100.795	B2	47	49	486	58.25	B2	47	80	
482	100.812	A3	57	35	485	58.25	A3	57	80	
483	101.234	E4	64	71	487	58.5	E4	64	80	
484	101.243	G3	55	53	488	58.5	G3	55	80	
485	101.251	E3	52	53	489	58.5	E3	52	80	
486	101.636	B4	71	68	490	58.75	B4	71	80	
487	101.639	D3	50	53	491	58.75	D3	50	80	
488	101.651	C5	72	60	*	-1	*	-1	-1	
489	102.055	C3	48	57	493	59	C3	48	80	
490	102.057	E5	76	82	492	59	E5	76	80	
491	102.092	F5	77	44	*	-1	*	-1	-1	
492	102.455	B2	47	50	496	59.25	B2	47	80	
493	102.457	D5	74	81	494	59.25	D5	74	80	
494	102.466	E3	52	56	495	59.25	E3	52	80	
495	102.853	A2	45	49	499	59.5	A2	45	80	
496	102.857	C5	72	82	497	59.5	C5	72	80	
497	102.88	A3	57	53	498	59.5	A3	57	80	
498	103.274	G3	55	47	501	59.75	G3	55	80	
499	103.279	E4	64	60	500	59.75	E4	64	80	
500	103.652	F#3	54	49	503	60	F#3	54	80	
501	103.666	A4	69	60	502	60	A4	69	80	
502	104.064	G4	67	59	504	60.25	G4	67	80	
503	104.092	E3	52	42	505	60.25	E3	52	80	
504	104.46	D3	50	44	507	60.5	D3	50	80	
505	104.47	F#4	66	55	506	60.5	F#4	66	80	
506	104.477	B2	47	30	508	60.5	B2	47	80	
507	104.876	F#3	54	43	510	60.75	F#3	54	80	
508	104.878	D4	62	53	509	60.75	D4	62	80	
509	105.277	B4	71	66	511	61	B4	71	80	
510	105.286	B3	59	44	513	61	B3	59	80	
511	105.29	G4	67	56	512	61	G4	67	80	
512	105.664	A3	57	46	515	61.25	A3	57	80	
513	105.667	F#4	66	53	514	61.25	F#4	66	80	
514	105.674	D3	50	35	516	61.25	D3	50	80	
515	106.094	E4	64	45	517	61.5	E4	64	80	
516	106.105	G3	55	31	518	61.5	G3	55	80	
517	106.48	F#3	54	34	521	61.75	F#3	54	80	
518	106.496	D4	62	41	520	61.75	D4	62	80	
519	106.873	E3	52	41	523	62	E3	52	80	
520	106.89	G3	55	34	*	-1	*	-1	-1	
521	106.902	C4	60	47	522	62	C4	60	80	
522	107.263	A4	69	65	524	62.25	A4	69	80	
523	107.266	A3	57	37	525	62.25	A3	57	80	
524	107.268	F#3	54	41	526	62.25	F#3	54	80	
525	107.667	G3	55	42	529	62.5	G3	55	80	
526	107.706	B3	59	49	527	62.5	B3	59	80	
527	108.121	E3	52	34	532	62.75	E3	52	80	
528	108.134	G4	67	55	530	62.75	G4	67	80	
529	108.151	E4	64	41	531	62.75	E4	64	80	
530	108.546	A3	57	42	534	63	A3	57	80	
531	108.547	C3	48	40	535	63	C3	48	80	
532	108.935	A2	45	42	537	63.25	A2	45	80	
533	108.968	F#4	66	52	536	63.25	F#4	66	80	
534	109.036	G4	67	50	*	-1	*	-1	-1	
535	109.184	E4	64	59	538	63.375	E4	64	80	
536	109.365	F#4	66	67	539	63.5	F#4	66	80	
537	109.368	D3	50	53	541	63.5	D3	50	80	
538	109.422	D4	62	48	540	63.5	D4	62	80	
539	109.77	C3	48	52	542	63.75	C3	48	80	
540	110.21	G4	67	73	543	64	G4	67	80	
541	110.214	B2	47	41	545	64	B2	47	80	
542	110.214	G3	55	54	544	64	G3	55	80	
543	110.61	D3	50	65	547	64.25	D3	50	80	
544	110.619	D4	62	86	546	64.25	D4	62	80	
545	111.043	G3	55	70	549	64.5	G3	55	80	
546	111.046	D4	62	80	548	64.5	D4	62	80	
547	111.432	B4	71	83	550	64.75	B4	71	80	
548	111.433	F#3	54	66	552	64.75	F#3	54	80	
549	111.442	D4	62	73	551	64.75	D4	62	80	
550	111.82	E3	52	66	555	65	E3	52	80	
551	111.822	G3	55	73	554	65	G3	55	80	
552	111.825	B4	71	91	553	65	B4	71	80	
553	112.217	B4	71	87	557	65.25	B4	71	80	
554	112.222	G5	79	88	556	65.25	G5	79	80	
555	112.643	E4	64	78	559	65.5	E4	64	80	
556	112.648	G5	79	88	558	65.5	G5	79	80	
557	112.654	B3	59	71	560	65.5	B3	59	80	
558	113.044	G5	79	91	561	65.75	G5	79	80	
559	113.449	C#5	73	88	562	66	C#5	73	80	
560	113.455	G4	67	65	563	66	G4	67	80	
561	113.855	D3	50	58	565	66.25	D3	50	80	
562	113.872	E3	52	62	564	66.25	E3	52	80	
563	114.295	C#3	49	47	568	66.5	C#3	49	80	
564	114.296	A3	57	54	567	66.5	A3	57	80	
565	114.299	E5	76	82	566	66.5	E5	76	80	
566	114.686	A2	45	49	571	66.75	A2	45	80	
567	114.701	C#4	61	65	569	66.75	C#4	61	80	
568	114.71	G3	55	48	570	66.75	G3	55	80	
569	115.123	D3	50	44	574	67	D3	50	80	
570	115.128	F#4	66	65	572	67	F#4	66	80	
571	115.135	F#3	54	40	573	67	F#3	54	80	
572	115.524	A4	69	70	575	67.25	A4	69	80	
573	115.529	E4	64	54	576	67.25	E4	64	80	
574	115.53	C3	48	46	577	67.25	C3	48	80	
575	115.94	B2	47	43	580	67.5	B2	47	80	
576	115.949	D5	74	74	578	67.5	D5	74	80	
577	115.967	D4	62	50	579	67.5	D4	62	80	
578	116.363	C5	72	65	581	67.75	C5	72	80	
579	116.367	A2	45	46	582	67.75	A2	45	80	
580	116.767	G2	43	46	584	68	G2	43	80	
581	116.768	B4	71	69	583	68	B4	71	80	
582	117.201	B2	47	46	585	68.25	B2	47	80	
583	117.605	G#2	44	40	587	68.5	G#2	44	80	
584	117.607	E3	52	43	586	68.5	E3	52	80	
585	117.997	D3	50	44	589	68.75	D3	50	80	
586	118.013	B3	59	50	588	68.75	B3	59	80	
587	118.387	C#3	49	31	591	69	C#3	49	80	
588	118.393	A2	45	30	592	69	A2	45	80	
589	118.419	E4	64	46	590	69	E4	64	80	
590	118.813	E4	64	67	593	69.25	E4	64	80	
591	118.823	D3	50	41	595	69.25	D3	50	80	
592	118.837	D4	62	54	594	69.25	D4	62	80	
593	119.248	A4	69	68	596	69.5	A4	69	80	
594	119.251	C#4	61	51	597	69.5	C#4	61	80	
595	119.267	E3	52	40	598	69.5	E3	52	80	
596	119.652	E4	64	51	*	-1	*	-1	-1	
597	119.654	G4	67	57	599	69.75	G4	67	80	
598	120.057	Bb2	46	44	601	70	Bb2	46	80	
599	120.075	F#4	66	58	600	70	F#4	66	80	
600	120.481	C#3	49	42	602	70.25	C#3	49	80	
601	120.898	F#3	54	41	604	70.5	F#3	54	80	
602	120.907	C#5	73	63	603	70.5	C#5	73	80	
603	121.315	E3	52	41	606	70.75	E3	52	80	
604	121.326	C#4	61	46	605	70.75	C#4	61	80	
605	121.72	B2	47	35	609	71	B2	47	80	
606	121.732	D3	50	45	608	71	D3	50	80	
607	121.743	F#4	66	44	607	71	F#4	66	80	
608	122.173	F#4	66	62	610	71.25	F#4	66	80	
609	122.175	E4	64	45	611	71.25	E4	64	80	
610	122.58	B4	71	60	612	71.5	B4	71	80	
611	122.595	D4	62	43	613	71.5	D4	62	80	
612	122.96	A4	69	50	614	71.75	A4	69	80	
613	122.965	F#3	54	46	615	71.75	F#3	54	80	
614	123.36	G4	67	53	616	72	G4	67	80	
615	123.374	B2	47	37	*	-1	*	-1	-1	
616	123.38	B3	59	42	617	72	B3	59	80	
617	123.781	A3	57	49	618	72.25	A3	57	80	
618	124.175	E3	52	42	621	72.5	E3	52	80	
619	124.193	G3	55	49	620	72.5	G3	55	80	
620	124.604	B3	59	57	622	72.75	B3	59	80	
621	124.609	D3	50	41	623	72.75	D3	50	80	
622	125.007	C#3	49	47	625	73	C#3	49	80	
623	125.03	E4	64	62	624	73	E4	64	80	
624	125.433	E3	52	53	627	73.25	E3	52	80	
625	125.436	D4	62	65	626	73.25	D4	62	80	
626	125.831	C#4	61	70	628	73.5	C#4	61	80	
627	125.861	A3	57	55	629	73.5	A3	57	80	
628	126.253	E4	64	69	630	73.75	E4	64	80	
629	126.259	G3	55	64	631	73.75	G3	55	80	
630	126.659	A4	69	82	632	74	A4	69	80	
631	126.665	F#3	54	58	633	74	F#3	54	80	
632	127.065	A3	57	60	636	74.25	A3	57	80	
633	127.066	G4	67	80	634	74.25	G4	67	80	
634	127.092	C#4	61	56	635	74.25	C#4	61	80	
635	127.458	F#4	66	87	637	74.5	F#4	66	80	
636	127.463	D4	62	60	639	74.5	D4	62	80	
637	127.901	E4	64	69	641	74.75	E4	64	80	
638	127.901	A4	69	88	640	74.75	A4	69	80	
639	127.904	C#4	61	60	642	74.75	C#4	61	80	
640	128.299	D5	74	90	643	75	D5	74	80	
641	128.318	B3	59	57	645	75	B3	59	80	
642	128.327	D4	62	53	644	75	D4	62	80	
643	128.722	C#5	73	90	646	75.25	C#5	73	80	
644	128.727	A3	57	67	648	75.25	A3	57	80	
645	128.735	F#4	66	71	647	75.25	F#4	66	80	
646	129.134	G3	55	77	651	75.5	G3	55	80	
647	129.139	B4	71	89	649	75.5	B4	71	80	
648	129.536	F#3	54	72	654	75.75	F#3	54	80	
649	129.552	D5	74	96	652	75.75	D5	74	80	
650	129.562	A4	69	68	653	75.75	A4	69	80	
651	129.951	G5	79	97	655	76	G5	79	80	
652	129.961	E3	52	68	657	76	E3	52	80	
653	129.963	G4	67	79	656	76	G4	67	80	
654	130.359	D3	50	79	659	76.25	D3	50	80	
655	130.367	B4	71	94	658	76.25	B4	71	80	
656	130.791	C#3	49	67	661	76.5	C#3	49	80	
657	130.8	E5	76	95	660	76.5	E5	76	80	
658	131.206	D5	74	91	662	76.75	D5	74	80	
659	131.207	B2	47	70	663	76.75	B2	47	80	
660	131.601	A2	45	77	665	77	A2	45	80	
661	131.612	C#5	73	94	664	77	C#5	73	80	
662	132.04	G2	43	81	667	77.25	G2	43	80	
663	132.045	E5	76	99	666	77.25	E5	76	80	
664	132.463	F#2	42	88	669	77.5	F#2	42	80	
665	132.464	A5	81	101	668	77.5	A5	81	80	
666	132.909	G5	79	90	670	77.75	G5	79	80	
667	132.911	E2	40	82	671	77.75	E2	40	80	
668	132.911	E5	76	88	*	-1	*	-1	-1	
669	133.417	D5	74	86	673	78	D5	74	80	
670	133.417	F#5	78	92	672	78	F#5	78	80	
671	133.418	D2	38	87	674	78	D2	38	80	
672	133.996	D4	62	93	677	78.25	D4	62	80	
673	134.002	E5	76	75	676	78.25	E5	76	80	
674	134.004	G5	79	83	675	78.25	G5	79	80	
675	134.455	D4	62	93	680	78.5	D4	62	80	
676	134.462	A5	81	84	678	78.5	A5	81	80	
677	134.482	F#5	78	86	679	78.5	F#5	78	80	
678	134.892	D3	50	72	682	78.75	D3	50	80	
679	134.9	D4	62	88	681	78.75	D4	62	80	
680	135.313	E3	52	69	684	79	E3	52	80	
681	135.315	G3	55	86	683	79	G3	55	80	
682	135.696	D5	74	85	685	79.25	D5	74	80	
683	135.7	B4	71	81	686	79.25	B4	71	80	
684	136.117	B3	59	81	689	79.5	B3	59	80	
685	136.125	G5	79	85	687	79.5	G5	79	80	
686	136.139	E5	76	75	688	79.5	E5	76	80	
687	136.523	E3	52	64	692	79.75	E3	52	80	
688	136.544	D5	74	75	691	79.75	D5	74	80	
689	136.548	F#5	78	82	690	79.75	F#5	78	80	
690	136.965	A3	57	64	695	80	A3	57	80	
691	136.966	E5	76	79	693	80	E5	76	80	
692	136.967	C#5	73	71	694	80	C#5	73	80	
693	137.364	E3	52	69	696	80.25	E3	52	80	
694	137.404	G3	55	49	697	80.25	G3	55	80	
695	137.754	F#3	54	55	699	80.5	F#3	54	80	
696	137.765	A3	57	75	698	80.5	A3	57	80	
697	138.174	G3	55	65	701	80.75	G3	55	80	
698	138.182	E3	52	54	702	80.75	E3	52	80	
699	138.19	E4	64	70	700	80.75	E4	64	80	
700	138.575	D3	50	49	705	81	D3	50	80	
701	138.578	F#3	54	59	704	81	F#3	54	80	
702	138.588	A4	69	71	703	81	A4	69	80	
703	138.995	E3	52	52	708	81.25	E3	52	80	
704	139.007	G3	55	52	707	81.25	G3	55	80	
705	139.008	G4	67	72	706	81.25	G4	67	80	
706	139.424	D5	74	73	709	81.5	D5	74	80	
707	139.439	F#3	54	45	712	81.5	F#3	54	80	
708	139.444	A3	57	44	711	81.5	A3	57	80	
709	139.46	F#4	66	45	710	81.5	F#4	66	80	
710	139.832	C5	72	71	713	81.75	C5	72	80	
711	139.88	E4	64	45	714	81.75	E4	64	80	
712	140.267	B4	71	72	715	82	B4	71	80	
713	140.29	D4	62	54	716	82	D4	62	80	
714	140.684	D3	50	56	717	82.25	D3	50	80	
715	140.687	B2	47	52	718	82.25	B2	47	80	
716	141.093	G3	55	61	720	82.5	G3	55	80	
717	141.102	E3	52	53	721	82.5	E3	52	80	
718	141.105	C#4	61	56	719	82.5	C#4	61	80	
719	141.511	F#3	54	52	723	82.75	F#3	54	80	
720	141.524	D3	50	38	724	82.75	D3	50	80	
721	141.529	D4	62	54	722	82.75	D4	62	80	
722	141.903	C#3	49	30	727	83	C#3	49	80	
723	141.929	E3	52	34	726	83	E3	52	80	
724	141.937	E4	64	50	725	83	E4	64	80	
725	142.332	B2	47	41	730	83.25	B2	47	80	
726	142.349	E4	64	67	728	83.25	E4	64	80	
727	142.368	D4	62	53	729	83.25	D4	62	80	
728	142.757	A2	45	43	733	83.5	A2	45	80	
729	142.766	A4	69	62	731	83.5	A4	69	80	
730	142.786	C#4	61	40	732	83.5	C#4	61	80	
731	143.18	E4	64	48	735	83.75	E4	64	80	
732	143.185	G4	67	51	734	83.75	G4	67	80	
733	143.609	F#4	66	47	736	84	F#4	66	80	
734	144.004	A3	57	49	738	84.25	A3	57	80	
735	144.015	D4	62	43	737	84.25	D4	62	80	
736	144.407	A3	57	71	740	84.5	A3	57	80	
737	144.41	E4	64	65	739	84.5	E4	64	80	
738	144.791	A3	57	70	742	84.75	A3	57	80	
739	144.809	C#4	61	59	741	84.75	C#4	61	80	
740	145.21	Eb3	51	55	745	85	Eb3	51	80	
741	145.219	F#4	66	71	743	85	F#4	66	80	
742	145.241	C4	60	54	744	85	C4	60	80	
743	145.624	E3	52	56	748	85.25	E3	52	80	
744	145.624	G#4	68	84	746	85.25	G#4	68	80	
745	145.652	B3	59	56	747	85.25	B3	59	80	
746	146.067	A4	69	84	749	85.5	A4	69	80	
747	146.075	F3	53	49	751	85.5	F3	53	80	
748	146.098	A3	57	62	750	85.5	A3	57	80	
749	146.492	C4	60	56	752	85.75	C4	60	80	
750	146.922	D4	62	60	753	86	D4	62	80	
751	147.306	B2	47	63	756	86.25	B2	47	80	
752	147.311	B3	59	63	755	86.25	B3	59	80	
753	147.336	E4	64	62	754	86.25	E4	64	80	
754	147.522	F4	65	76	757	86.375	F4	65	80	
755	147.718	G#4	68	82	758	86.5	G#4	68	80	
756	147.726	E3	52	58	761	86.5	E3	52	80	
757	147.739	E4	64	58	759	86.5	E4	64	80	
758	147.75	B3	59	46	760	86.5	B3	59	80	
759	148.108	B3	59	33	762	86.75	B3	59	80	
760	148.121	D3	50	59	763	86.75	D3	50	80	
761	148.54	C#3	49	52	766	87	C#3	49	80	
762	148.55	E3	52	60	765	87	E3	52	80	
763	148.556	A4	69	81	764	87	A4	69	80	
764	148.964	A2	45	67	768	87.25	A2	45	80	
765	148.964	A5	81	90	767	87.25	A5	81	80	
766	149.357	A5	81	91	769	87.5	A5	81	80	
767	149.359	D3	50	63	770	87.5	D3	50	80	
768	149.755	A5	81	85	771	87.75	A5	81	80	
769	149.764	C#3	49	56	773	87.75	C#3	49	80	
770	149.776	F#5	78	83	772	87.75	F#5	78	80	
771	150.17	B2	47	69	776	88	B2	47	80	
772	150.177	F#5	78	91	775	88	F#5	78	80	
773	150.185	D5	74	74	774	88	D5	74	80	
774	150.573	D4	62	73	778	88.25	D4	62	80	
775	150.58	F#5	78	92	777	88.25	F#5	78	80	
776	150.988	F#5	78	93	779	88.5	F#5	78	80	
777	150.997	D4	62	73	781	88.5	D4	62	80	
778	151	B4	71	79	780	88.5	B4	71	80	
779	151.19	B3	59	24	*	-1	*	-1	-1	
780	151.385	B3	59	54	783	88.75	B3	59	80	
781	151.388	D4	62	71	782	88.75	D4	62	80	
782	151.769	B3	59	66	786	89	B3	59	80	
783	151.779	G#3	56	63	785	89	G#3	56	80	
784	151.788	D5	74	74	784	89	D5	74	80	
785	152.195	B3	59	67	788	89.25	B3	59	80	
786	152.2	B4	71	77	787	89.25	B4	71	80	
787	152.603	E3	52	51	791	89.5	E3	52	80	
788	152.616	E5	76	81	789	89.5	E5	76	80	
789	152.621	B3	59	60	790	89.5	B3	59	80	
790	153.009	D5	74	66	792	89.75	D5	74	80	
791	153.017	G#4	68	72	793	89.75	G#4	68	80	
792	153.431	C#5	73	72	794	90	C#5	73	80	
793	153.439	G3	55	49	796	90	G3	55	80	
794	153.837	B4	71	69	797	90.25	B4	71	80	
795	153.845	E3	52	51	798	90.25	E3	52	80	
796	154.277	A4	69	70	799	90.5	A4	69	80	
797	154.288	A3	57	58	800	90.5	A3	57	80	
798	154.675	G3	55	50	801	90.75	G3	55	80	
799	154.684	C#3	49	43	802	90.75	C#3	49	80	
800	155.108	C5	72	73	803	91	C5	72	80	
801	155.117	F#3	54	56	804	91	F#3	54	80	
802	155.529	E3	52	54	807	91.25	E3	52	80	
803	155.533	G4	67	62	806	91.25	G4	67	80	
804	155.945	F#4	66	54	808	91.5	F#4	66	80	
805	155.954	D3	50	44	809	91.5	D3	50	80	
806	156.341	A3	57	49	811	91.75	A3	57	80	
807	156.356	E4	64	63	810	91.75	E4	64	80	
808	156.753	F#4	66	61	812	92	F#4	66	80	
809	156.759	D4	62	42	813	92	D4	62	80	
810	157.17	C4	60	50	815	92.25	C4	60	80	
811	157.181	A4	69	66	814	92.25	A4	69	80	
812	157.585	D5	74	73	816	92.5	D5	74	80	
813	157.595	B3	59	42	817	92.5	B3	59	80	
814	158.014	A3	57	45	819	92.75	A3	57	80	
815	158.018	D3	50	35	820	92.75	D3	50	80	
816	158.024	C5	72	66	818	92.75	C5	72	80	
817	158.431	B4	71	70	821	93	B4	71	80	
818	158.441	G3	55	44	822	93	G3	55	80	
819	158.842	D4	62	57	824	93.25	D4	62	80	
820	158.85	F#3	54	32	825	93.25	F#3	54	80	
821	159.268	E3	52	40	827	93.5	E3	52	80	
822	159.273	G4	67	58	826	93.5	G4	67	80	
823	159.652	D3	50	45	829	93.75	D3	50	80	
824	159.674	F#4	66	56	828	93.75	F#4	66	80	
825	160.059	C#3	49	38	831	94	C#3	49	80	
826	160.079	E4	64	53	830	94	E4	64	80	
827	160.468	E3	52	49	833	94.25	E3	52	80	
828	160.508	D4	62	54	832	94.25	D4	62	80	
829	160.906	A3	57	49	836	94.5	A3	57	80	
830	160.92	A4	69	73	834	94.5	A4	69	80	
831	160.931	C#4	61	56	835	94.5	C#4	61	80	
832	161.324	A2	45	45	838	94.75	A2	45	80	
833	161.33	G3	55	45	837	94.75	G3	55	80	
834	161.748	D3	50	46	840	95	D3	50	80	
835	161.759	F#3	54	35	839	95	F#3	54	80	
836	162.185	C3	48	42	842	95.25	C3	48	80	
837	162.185	A3	57	56	841	95.25	A3	57	80	
838	162.587	B2	47	41	844	95.5	B2	47	80	
839	162.591	D4	62	54	843	95.5	D4	62	80	
840	162.993	A2	45	43	846	95.75	A2	45	80	
841	162.995	C4	60	62	845	95.75	C4	60	80	
842	163.415	G2	43	48	848	96	G2	43	80	
843	163.418	B3	59	68	847	96	B3	59	80	
844	163.841	B2	47	53	849	96.25	B2	47	80	
845	164.28	E3	52	43	851	96.5	E3	52	80	
846	164.288	G4	67	79	850	96.5	G4	67	80	
847	164.688	D3	50	41	853	96.75	D3	50	80	
848	164.706	B3	59	57	852	96.75	B3	59	80	
849	165.094	A2	45	40	856	97	A2	45	80	
850	165.096	C#3	49	39	855	97	C#3	49	80	
851	165.112	E4	64	54	854	97	E4	64	80	
852	165.513	E4	64	76	857	97.25	E4	64	80	
853	165.528	D4	62	60	858	97.25	D4	62	80	
854	165.533	D3	50	47	859	97.25	D3	50	80	
855	165.944	A4	69	80	860	97.5	A4	69	80	
856	165.97	E3	52	45	862	97.5	E3	52	80	
857	165.971	C#4	61	51	861	97.5	C#4	61	80	
858	166.378	G4	67	70	863	97.75	G4	67	80	
859	166.382	E4	64	60	864	97.75	E4	64	80	
860	166.832	F#4	66	77	865	98	F#4	66	80	
861	167.28	D4	62	54	866	98.25	D4	62	80	
862	167.297	D3	50	39	867	98.25	D3	50	80	
863	167.77	A3	57	46	869	98.5	A3	57	80	
864	167.776	E4	64	72	868	98.5	E4	64	80	
865	168.327	G3	55	42	871	98.75	G3	55	80	
866	168.347	C#4	61	50	870	98.75	C#4	61	80	
867	169.182	D4	62	71	872	99	D4	62	80	
868	169.199	D2	38	43	875	99	D2	38	80	
869	169.202	A3	57	55	874	99	A3	57	80	
870	169.203	F#3	54	57	873	99	F#3	54	80	
871	169.211	D3	50	45	*	-1	*	-1	-1	
*	-1	*	-1	-1	88	14.5	D3	50	80	
*	-1	*	-1	-1	122	18	A2	45	80	
*	-1	*	-1	-1	225	29.75	A2	45	80	
*	-1	*	-1	-1	282	36	A4	69	80	
*	-1	*	-1	-1	312	38.5	E3	52	80	
*	-1	*	-1	-1	366	44.75	E3	52	80	
*	-1	*	-1	-1	383	46	B3	59	80	
*	-1	*	-1	-1	412	49.75	C#4	61	80	
*	-1	*	-1	-1	477	57.25	C4	60	80	
*	-1	*	-1	-1	519	61.5	G3	55	80	
*	-1	*	-1	-1	528	62.5	B3	59	80	
*	-1	*	-1	-1	533	63	E4	64	80	
*	-1	*	-1	-1	619	72.25	B2	47	80	
*	-1	*	-1	-1	638	74.5	F#4	66	80	
*	-1	*	-1	-1	650	75.5	B4	71	80	
*	-1	*	-1	-1	795	90	C#5	73	80	
*	-1	*	-1	-1	805	91	F#3	54	80	
*	-1	*	-1	-1	823	93	G3	55	80	
