// alignID alignOntime alignSitch alignPitch alignOnvel refID refOntime refSitch refPitch refOnvel
0	0.511485	D4	62	54	1	0.0645833	D4	62	60	
1	1.00828	F2	41	41	6	0.25	F2	41	60	
2	1.62126	A3	57	35	5	0.25	A3	57	60	
3	1.62527	Eb3	51	37	4	0.25	Eb3	51	60	
4	1.70005	C4	60	59	3	0.25	C4	60	60	
5	1.70673	F4	65	63	2	0.25	F4	65	60	
6	2.96341	D4	62	71	7	0.75	D4	62	60	
7	3.66586	C4	60	57	8	1	C4	60	60	
8	3.80609	D4	62	65	9	1.12396	D4	62	60	
9	3.93429	Eb4	63	59	10	1.25	Eb4	63	60	
10	4.90384	D4	62	55	11	1.375	D4	62	60	
11	5.23504	C4	60	56	12	1.5	C4	60	60	
12	5.9415	Bb3	58	54	13	1.75	Bb3	58	60	
13	5.94684	D3	50	37	15	1.81399	D3	50	60	
14	7.87659	F3	53	39	16	2.28571	F3	53	60	
15	9.36297	D4	62	49	17	2.64286	D4	62	60	
16	9.7556	F2	41	44	22	2.82143	F2	41	60	
17	10.2604	A3	57	41	21	2.82143	A3	57	60	
18	10.2724	Eb3	51	31	20	2.82143	Eb3	51	60	
19	10.3018	C4	60	56	19	2.82143	C4	60	60	
20	10.3178	F4	65	51	18	2.82143	F4	65	60	
21	11.3301	D4	62	66	23	3.08929	D4	62	60	
22	11.6813	C4	60	67	24	3.17857	C4	60	60	
23	12.2089	D4	62	59	25	3.35714	D4	62	60	
24	12.3745	Eb4	63	58	26	3.42188	Eb4	63	60	
25	13.3974	D4	62	50	27	3.625	D4	62	60	
26	13.758	C4	60	45	28	3.71429	C4	60	60	
27	14.5553	D3	50	34	30	3.89286	D3	50	60	
28	14.5766	Bb3	58	42	29	3.89286	Bb3	58	60	
29	17.6683	Bb2	46	43	31	4.78572	Bb2	46	60	
30	17.9954	Eb2	39	45	34	4.96429	Eb2	39	60	
31	18.4428	G3	55	58	33	4.96429	G3	55	60	
32	18.5056	Bb4	70	57	32	4.96429	Bb4	70	60	
33	19.5967	G3	55	70	36	5.32143	G3	55	60	
34	20.231	Bb3	58	74	37	5.5	Bb3	58	60	
35	21.067	A3	57	71	38	5.76786	A3	57	60	
36	21.449	G3	55	73	40	5.85714	G3	55	60	
37	21.4743	Bb3	58	56	39	5.85714	Bb3	58	60	
38	21.8015	D2	38	63	43	6.03572	D2	38	60	
39	22.2729	F3	53	70	44	6.10045	Bb2	46	60	
40	24.407	Bb2	46	45	45	6.57143	Bb2	46	60	
41	25.9802	Bb3	58	53	46	6.92857	Bb3	58	60	
42	25.9829	Bb2	46	45	47	6.92857	Bb2	46	60	
43	26.875	C2	36	43	51	7.17188	C2	36	60	
44	26.9751	Eb4	63	61	52	7.375	Eb4	63	60	
45	26.9885	Eb3	51	45	53	7.375	Eb3	51	60	
46	28.0956	Eb4	63	52	54	7.46429	Eb4	63	60	
47	28.1116	Eb3	51	38	55	7.46429	Eb3	51	60	
48	28.4548	Eb4	63	56	*	-1	*	-1	-1	
49	28.4602	Eb3	51	43	*	-1	*	-1	-1	
50	29.0411	Eb3	51	40	57	7.64286	Eb3	51	60	
51	29.0451	Eb4	63	48	56	7.64286	Eb4	63	60	
52	29.2347	F4	65	53	58	7.7314	F4	65	60	
53	29.2374	F3	53	35	59	7.7314	F3	53	60	
54	29.5219	G4	67	53	60	7.82143	G4	67	60	
55	29.5472	G3	55	39	61	7.82143	G3	55	60	
56	30.6584	F4	65	41	62	7.91072	F4	65	60	
57	30.6891	F3	53	35	63	7.91072	F3	53	60	
58	31.055	Eb4	63	47	64	8	Eb4	63	60	
59	31.0724	Eb3	51	37	65	8	Eb3	51	60	
60	32.0285	D4	62	52	66	8.17857	D4	62	60	
61	32.0392	D3	50	30	67	8.17857	D3	50	60	
62	32.0566	D2	38	28	68	8.17857	D2	38	60	
63	35.3779	A1	33	30	69	9.07143	A1	33	60	
64	36.1498	D4	62	46	70	9.25	D4	62	60	
65	36.1525	E3	52	34	72	9.25	E3	52	60	
66	36.1565	A3	57	30	73	9.25	A3	57	60	
67	36.1658	A1	33	27	71	9.25	A1	33	60	
68	37.3651	A1	33	33	74	9.60715	A1	33	60	
69	38.0569	A1	33	28	76	9.78572	A1	33	60	
70	38.0622	C#4	61	45	75	9.78572	C#4	61	60	
71	39.013	A1	33	29	77	10.0536	A1	33	60	
72	39.371	A1	33	38	78	10.1429	A1	33	60	
73	40.4019	D1	26	26	80	10.3214	D1	26	60	
74	40.422	D2	38	25	*	-1	*	-1	-1	
75	40.4407	A3	57	31	82	10.3214	A3	57	60	
76	40.442	D4	62	47	79	10.3214	D4	62	60	
77	40.4527	F#3	54	33	81	10.3214	F#3	54	60	
78	43.2959	G2	43	53	88	10.8571	G2	43	60	
79	43.2986	G1	31	47	87	10.8571	G1	31	60	
80	43.3026	D4	62	69	86	10.8571	D4	62	72	
81	43.3119	F3	53	51	83	10.8571	F3	53	72	
82	43.3146	G3	55	60	84	10.8571	G3	55	72	
83	43.3213	B3	59	59	85	10.8571	B3	59	72	
84	44.9839	G2	43	82	89	11.2143	G2	43	100	
85	45.8787	C3	48	75	94	11.3929	C3	48	100	
86	45.8827	C2	36	67	93	11.3929	C2	36	100	
87	45.9094	C4	60	86	92	11.3929	C4	60	120	
88	45.9188	Eb3	51	80	90	11.3929	Eb3	51	120	
89	45.9241	G3	55	79	91	11.3929	G3	55	120	
90	47.5988	D3	50	57	95	11.7857	D3	50	100	
91	47.6909	Eb3	51	70	96	11.8214	Eb3	51	100	
92	47.7737	F3	53	75	97	11.8571	F3	53	100	
93	47.8378	G3	55	71	98	11.8929	G3	55	100	
94	47.946	G#3	56	89	101	11.9286	G#3	56	100	
95	47.9594	B3	59	90	100	11.9286	B3	59	120	
96	47.97	F3	53	76	99	11.9286	F3	53	120	
97	49.5392	G3	55	71	102	12.3214	G3	55	100	
98	49.634	F3	53	71	103	12.3571	F3	53	100	
99	49.7048	Eb3	51	65	104	12.3929	Eb3	51	100	
100	49.7662	D3	50	69	106	12.4286	D3	50	100	
101	49.8076	G3	55	81	105	12.4286	G3	55	100	
102	49.9198	C4	60	89	108	12.4643	C4	60	100	
103	49.9225	C2	36	77	*	-1	*	-1	-1	
104	49.9292	Eb3	51	81	107	12.4643	Eb3	51	100	
105	49.9292	C3	48	63	109	12.4643	C3	48	120	
106	51.5438	D4	62	66	110	12.8571	D4	62	100	
107	51.6292	Eb4	63	74	111	12.8929	Eb4	63	100	
108	51.7107	F4	65	67	112	12.9286	F4	65	100	
109	51.7948	G4	67	75	113	12.9643	G4	67	100	
110	51.8963	G#4	68	91	114	13	G#4	68	100	
111	51.9057	Bb2	46	58	117	13	Bb2	46	120	
112	51.911	D4	62	66	115	13	D4	62	100	
113	51.9163	Bb1	34	49	116	13	Bb1	34	120	
114	53.3386	G4	67	71	118	13.3929	G4	67	100	
115	53.4361	F4	65	75	119	13.4286	F4	65	100	
116	53.4949	Bb2	46	56	122	13.5	Bb2	46	100	
117	53.5149	Eb4	63	81	120	13.4643	Eb4	63	100	
118	53.6084	D4	62	85	121	13.5	D4	62	100	
119	53.7152	G4	67	87	124	13.5357	G4	67	120	
120	53.7259	Bb3	58	76	123	13.5357	Bb3	58	120	
121	53.7272	Eb3	51	63	126	13.5357	Eb3	51	120	
122	53.7353	Eb2	39	57	125	13.5357	Eb2	39	120	
123	55.1976	F#3	54	61	128	13.9286	F#3	54	100	
124	55.2751	G3	55	68	129	13.9643	G3	55	100	
125	55.3498	A3	57	76	130	14	A3	57	100	
126	55.4567	Bb3	58	79	131	14.0357	Bb3	58	100	
127	55.5555	D3	50	77	135	14.0714	D3	50	120	
128	55.5555	C4	60	91	132	14.0714	C4	60	120	
129	55.5648	F#4	66	89	134	14.0714	F#4	66	120	
130	55.5702	D4	62	87	133	14.0714	D4	62	120	
131	57.0392	Bb3	58	70	137	14.4643	Bb3	58	100	
132	57.126	A3	57	87	138	14.5	A3	57	100	
133	57.2275	G3	55	76	139	14.5357	G3	55	100	
134	57.297	F#3	54	80	141	14.5714	F#3	54	100	
135	57.3317	D4	62	83	140	14.5714	D4	62	100	
136	57.4532	G3	55	79	145	14.6071	G3	55	120	
137	57.4559	G4	67	90	143	14.6071	G4	67	120	
138	57.4639	G2	43	70	144	14.6071	G2	43	120	
139	57.4639	Bb3	58	83	142	14.6071	Bb3	58	120	
140	59.001	A4	69	79	146	15	A4	69	100	
141	59.0972	Bb4	70	86	147	15.0357	Bb4	70	100	
142	59.196	C5	72	82	148	15.0714	C5	72	100	
143	59.2975	D5	74	84	149	15.1071	D5	74	100	
144	59.4711	Eb5	75	95	150	15.1429	Eb5	75	100	
145	59.4751	F#2	42	58	152	15.1429	F#2	42	100	
146	59.4751	F#3	54	60	153	15.1429	F#3	54	100	
147	59.4844	Bb4	70	81	151	15.1429	Bb4	70	100	
148	61.0109	D5	74	90	154	15.5357	D5	74	71	
149	61.1311	Eb5	75	92	155	15.5714	Eb5	75	68	
150	61.2539	F5	77	88	156	15.6071	F5	77	66	
151	61.3781	F#5	78	98	157	15.6429	F#5	78	63	
152	61.6826	F3	53	50	161	15.6786	F3	53	60	
153	61.684	F2	41	48	160	15.6786	F2	41	60	
154	61.72	F#5	78	94	158	15.6786	F#5	78	60	
155	61.732	A4	69	74	159	15.6786	A4	69	60	
156	63.161	A4	69	72	162	16.0714	A4	69	60	
157	63.36	Bb4	70	86	163	16.1071	Bb4	70	60	
158	63.5456	C5	72	89	164	16.1429	C5	72	60	
159	63.7099	D5	74	92	165	16.1786	D5	74	60	
160	64.0678	F#3	54	40	*	-1	*	-1	-1	
161	64.0691	F#2	42	42	*	-1	*	-1	-1	
162	64.1199	Eb5	75	82	166	16.2143	Eb5	75	60	
163	64.1359	B4	71	65	167	16.2143	B4	71	60	
164	65.9081	Bb4	70	35	169	16.5714	Bb4	70	60	
165	65.9187	D5	74	58	168	16.5714	D5	74	60	
166	66.5838	Eb5	75	64	170	16.6161	Eb5	75	60	
167	67.0312	F5	77	73	171	16.6607	F5	77	60	
168	67.6402	F#5	78	66	172	16.7054	F#5	78	60	
169	68.6124	Eb2	39	39	176	16.75	Eb2	39	60	
170	68.6765	F#5	78	67	173	16.75	F#5	78	60	
171	68.6885	B4	71	50	174	16.75	B4	71	60	
172	69.9599	Eb5	75	55	177	17.1071	Eb5	75	60	
173	70.661	B4	71	53	178	17.2857	B4	71	60	
174	71.9003	F#4	66	48	179	17.6429	F#4	66	60	
175	72.8057	E3	52	42	*	-1	*	-1	-1	
176	72.8071	E4	64	57	181	17.8214	E4	64	60	
177	72.8111	C#2	37	35	183	17.8214	C#2	37	60	
178	72.8111	G#3	56	44	182	17.8214	G#3	56	60	
179	72.8792	C#2	37	8	*	-1	*	-1	-1	
180	74.4898	G3	55	39	184	18.2143	G3	55	60	
181	74.5793	G#3	56	46	185	18.25	G#3	56	60	
182	74.6914	Bb3	58	52	*	-1	*	-1	-1	
183	74.8009	B3	59	56	186	18.3214	B3	59	60	
184	74.9358	E4	64	55	187	18.3571	E4	64	60	
185	74.9372	F#2	42	39	189	18.3571	F#2	42	60	
186	74.9385	Bb3	58	34	188	18.3571	Bb3	58	60	
187	76.4583	Eb4	63	54	190	18.75	Eb4	63	60	
188	76.5811	E4	64	53	191	18.7857	E4	64	60	
189	76.6813	F#4	66	57	192	18.8214	F#4	66	60	
190	76.7841	G#4	68	62	193	18.8571	G#4	68	60	
191	76.931	F#1	30	36	196	18.8929	F#1	30	60	
192	76.9497	F#4	66	49	195	18.8929	F#4	66	60	
193	76.951	Bb4	70	61	194	18.8929	Bb4	70	60	
194	78.149	Eb4	63	51	198	19.25	Eb4	63	60	
195	78.9022	Bb3	58	41	199	19.4286	Bb3	58	60	
196	80.2991	F#3	54	38	200	19.7857	F#3	54	60	
197	81.2139	F1	29	33	203	19.9643	F1	29	60	
198	81.2339	F2	41	30	204	19.9643	F2	41	60	
199	81.2833	Eb4	63	51	201	19.9643	Eb4	63	60	
200	81.29	G#3	56	48	202	19.9643	G#3	56	60	
201	82.8498	G3	55	47	205	20.3572	G3	55	60	
202	82.966	G#3	56	46	206	20.3929	G#3	56	60	
203	83.0581	Bb3	58	46	207	20.4286	Bb3	58	60	
204	83.1396	B3	59	53	208	20.4643	B3	59	60	
205	83.2732	Bb2	46	38	212	20.5	Bb2	46	60	
206	83.2838	Bb3	58	46	210	20.5	Bb3	58	60	
207	83.2838	D4	62	62	209	20.5	D4	62	60	
208	83.2919	Bb1	34	35	211	20.5	Bb1	34	60	
209	84.7422	C#4	61	48	213	20.8929	C#4	61	60	
210	84.8503	D4	62	52	214	20.9286	D4	62	60	
211	84.9452	Eb4	63	55	215	20.9643	Eb4	63	60	
212	85.048	F4	65	60	216	21	F4	65	60	
213	85.1735	F#4	66	64	218	21.0357	F#4	66	60	
214	85.1762	Eb4	63	55	217	21.0357	Eb4	63	60	
215	87.158	B2	47	38	221	21.5714	B2	47	60	
216	87.1607	B1	35	37	220	21.5714	B1	35	60	
217	88.5296	Bb3	58	37	222	21.9286	Bb3	58	60	
218	89.4257	C2	36	27	228	22.1072	C2	36	60	
219	89.447	F4	65	48	225	22.1072	F4	65	60	
220	89.4497	Eb4	63	42	224	22.1072	Eb4	63	60	
221	89.455	F2	41	34	226	22.1072	F2	41	60	
222	89.4644	A3	57	39	223	22.1072	A3	57	60	
223	89.4671	C3	48	31	227	22.1072	C3	48	60	
224	90.5101	D2	38	38	229	22.4643	D2	38	60	
225	90.8519	C2	36	45	*	-1	*	-1	-1	
226	91.3087	C2	36	40	230	22.6429	C2	36	60	
227	91.4476	D2	38	44	231	22.7314	D2	38	60	
228	91.5971	Eb2	39	44	232	22.8214	Eb2	39	60	
229	92.7109	D2	38	44	233	22.9107	D2	38	60	
230	93.0929	C2	36	43	234	23	C2	36	60	
231	93.8274	Bb1	34	45	238	23.1786	Bb1	34	60	
232	93.9315	F4	65	47	237	23.1786	F4	65	60	
233	93.9435	F3	53	30	235	23.1786	F3	53	60	
234	93.9489	Bb3	58	26	236	23.1786	Bb3	58	60	
235	94.4711	D3	50	34	240	23.2433	F2	41	60	
236	96.4636	F1	29	34	241	23.7143	F1	29	60	
237	97.8511	D2	38	47	242	24.0714	D2	38	60	
238	98.6925	C2	36	46	248	24.25	C2	36	60	
239	98.6938	F4	65	51	245	24.25	F4	65	60	
240	98.6992	F2	41	45	246	24.25	F2	41	60	
241	98.7112	C3	48	39	247	24.25	C3	48	60	
242	98.7259	A3	57	38	243	24.25	A3	57	60	
243	98.7833	Eb4	63	20	244	24.25	Eb4	63	60	
244	99.7689	D2	38	54	249	24.5179	D2	38	60	
245	100.144	C2	36	55	250	24.6072	C2	36	60	
246	100.696	C2	36	43	251	24.7857	C2	36	60	
247	100.815	D2	38	45	252	24.8743	D2	38	60	
248	100.961	Eb2	39	43	253	24.9643	Eb2	39	60	
249	102.032	D2	38	43	254	25.0536	D2	38	60	
250	102.41	C2	36	41	255	25.1429	C2	36	60	
251	103.299	Bb1	34	42	*	-1	*	-1	-1	
252	103.372	F4	65	37	258	25.3214	F4	65	60	
253	103.38	Bb3	58	15	257	25.3214	Bb3	58	60	
254	103.383	F3	53	23	256	25.3214	F3	53	60	
255	104.264	D3	50	31	260	25.3862	F2	41	60	
256	107.099	Bb2	46	50	261	26.2143	Bb2	46	60	
257	107.472	Eb2	39	56	265	26.3929	Eb2	39	60	
258	107.941	G3	55	64	264	26.3929	G3	55	60	
259	108.03	Bb4	70	61	262	26.3929	Bb4	70	60	
260	109.171	G3	55	68	267	26.75	G3	55	60	
261	109.757	Bb3	58	68	268	26.9286	Bb3	58	60	
262	110.618	A3	57	65	269	27.1964	A3	57	60	
263	110.96	G3	55	65	271	27.2857	G3	55	60	
264	110.964	Bb3	58	63	270	27.2857	Bb3	58	60	
265	111.318	D2	38	59	275	27.4643	D2	38	60	
266	111.74	F3	53	57	274	27.4643	F3	53	60	
267	111.749	Bb4	70	63	272	27.4643	Bb4	70	60	
268	112.608	Bb4	70	59	277	27.7322	Bb4	70	60	
269	112.922	Bb4	70	69	278	27.8214	Bb4	70	73	
270	113.321	Bb4	70	58	*	-1	*	-1	-1	
271	113.467	C5	72	63	*	-1	*	-1	-1	
272	113.575	D4	62	46	280	28	D4	62	100	
273	113.583	D5	74	69	279	28	Bb4	70	100	
274	113.598	Bb2	46	40	281	28	Bb2	46	100	
275	114.422	C5	72	71	282	28.0886	C5	72	100	
276	114.442	C4	60	59	285	28.2679	C4	60	100	
277	114.538	D2	38	58	288	28.3572	D2	38	100	
278	114.645	Bb2	46	60	289	28.3572	Bb2	46	100	
279	114.762	Bb4	70	75	286	28.3572	Bb4	70	100	
280	114.768	Bb3	58	73	287	28.3572	Bb3	58	100	
281	114.778	F#3	54	74	290	28.3572	F#3	54	100	
282	115.125	Eb2	39	75	294	28.5357	Eb2	39	100	
283	115.248	Bb2	46	66	295	28.7136	Bb2	46	100	
284	115.574	G3	55	75	297	28.8929	G3	55	100	
285	115.661	Bb3	58	57	298	29.0714	Bb3	58	100	
286	115.661	Bb4	70	73	*	-1	*	-1	-1	
287	116.821	G3	55	77	*	-1	*	-1	-1	
288	117.226	E2	40	62	*	-1	*	-1	-1	
289	117.361	C#3	49	76	*	-1	*	-1	-1	
290	117.541	Bb3	58	80	*	-1	*	-1	-1	
291	118.479	A3	57	77	301	29.3393	A3	57	100	
292	118.806	G3	55	74	303	29.4286	G3	55	100	
293	118.817	Bb3	58	79	302	29.4286	Bb3	58	100	
294	119.37	F2	41	56	307	29.6072	F2	41	100	
295	119.375	D3	50	58	305	29.6072	D3	50	100	
296	119.376	F3	53	64	306	29.6072	F3	53	100	
297	119.488	Bb4	70	87	*	-1	*	-1	-1	
298	120.399	Bb4	70	72	308	29.875	Bb4	70	100	
299	120.713	Bb4	70	79	309	29.9643	Bb4	70	100	
300	121.07	Bb4	70	61	310	30.1429	Bb4	70	100	
301	121.175	C5	72	69	312	30.2314	C5	72	100	
302	121.291	F3	53	49	*	-1	*	-1	-1	
303	121.294	G#2	44	45	311	30.1429	G#2	44	100	
304	121.294	D3	50	48	*	-1	*	-1	-1	
305	121.298	D5	74	84	314	30.3214	D5	74	100	
306	121.302	D4	62	56	313	30.3214	D4	62	100	
307	122.103	C5	72	85	316	30.4107	C5	72	100	
308	122.115	C4	60	67	315	30.4107	C4	60	100	
309	122.485	Bb2	46	54	319	30.5	Bb2	46	100	
310	122.488	Bb4	70	86	318	30.5	Bb4	70	100	
311	122.5	Bb3	58	70	317	30.5	Bb3	58	100	
312	123.213	Eb3	51	60	322	30.6786	Eb3	51	100	
313	123.216	Eb5	75	95	321	30.6786	Eb5	75	100	
314	123.218	Eb4	63	84	320	30.6786	Eb4	63	100	
315	123.22	Bb2	46	59	324	30.6786	Bb2	46	100	
316	123.221	G2	43	52	323	30.6786	G2	43	100	
317	124.144	F5	77	90	326	30.9464	F5	77	100	
318	124.153	F3	53	59	327	30.9464	F3	53	100	
319	124.161	F4	65	73	325	30.9464	F4	65	100	
320	124.503	Eb5	75	95	329	31.0357	Eb5	75	100	
321	124.506	Eb3	51	75	330	31.0357	Eb3	51	100	
322	124.506	Eb4	63	82	328	31.0357	Eb4	63	100	
323	124.768	F5	77	94	332	31.2143	F5	77	100	
324	124.776	F3	53	77	333	31.2143	F3	53	100	
325	124.784	F4	65	82	331	31.2143	F4	65	100	
326	125.161	Eb3	51	68	336	31.2731	Eb3	51	100	
327	125.168	Eb5	75	89	335	31.2731	Eb5	75	100	
328	125.172	Eb4	63	84	334	31.2731	Eb4	63	100	
329	125.304	F5	77	95	338	31.3326	F5	77	100	
330	125.308	F4	65	80	337	31.3326	F4	65	100	
331	125.315	F3	53	69	339	31.3326	F3	53	100	
332	125.494	G5	79	99	341	31.3929	G5	79	100	
333	125.498	G4	67	90	340	31.3929	G4	67	100	
334	125.498	G3	55	75	342	31.3929	G3	55	100	
335	126.512	F5	77	98	344	31.4822	F5	77	100	
336	126.526	F3	53	58	345	31.4822	F3	53	100	
337	126.529	F4	65	80	343	31.4822	F4	65	100	
338	126.878	Eb5	75	95	347	31.5714	Eb5	75	100	
339	126.891	Eb4	63	80	346	31.5714	Eb4	63	100	
340	126.902	Eb3	51	65	348	31.5714	Eb3	51	100	
341	127.739	D5	74	93	351	31.75	D5	74	100	
342	127.744	F#3	54	50	352	31.75	F#3	54	100	
343	127.75	D4	62	76	350	31.75	D4	62	100	
344	127.755	C4	60	74	349	31.75	C4	60	100	
345	127.755	D3	50	48	354	31.75	D3	50	100	
346	127.756	A2	45	47	353	31.75	A2	45	100	
347	130.171	D5	74	56	357	32.2857	D5	74	70	
348	130.177	B2	47	35	359	32.2857	B2	47	70	
349	130.187	G3	55	40	358	32.2857	G3	55	70	
350	130.191	F4	65	44	356	32.2857	F4	65	70	
351	130.195	G4	67	47	355	32.2857	G4	67	70	
352	131.581	G4	67	40	360	32.6429	G4	67	70	
353	131.613	G3	55	34	361	32.6429	G3	55	70	
354	132.409	C5	72	60	362	32.8214	C5	72	70	
355	132.446	G#4	68	53	364	32.8214	G#4	68	70	
356	132.452	G#3	56	33	367	32.8214	G#3	56	70	
357	132.457	C3	48	32	366	32.8214	F2	41	70	
358	132.464	Eb4	63	36	363	32.8214	Eb4	63	70	
359	132.465	C4	60	33	365	32.8214	C4	60	70	
360	133.396	G#4	68	51	369	33.0893	G#4	68	70	
361	133.415	G#3	56	42	370	33.0893	G#3	56	70	
362	133.742	G#4	68	66	371	33.1786	G#4	68	70	
363	133.754	G#3	56	55	372	33.1786	G#3	56	70	
364	134.275	G#4	68	57	373	33.3572	G#4	68	70	
365	134.3	G#3	56	42	374	33.3572	G#3	56	70	
366	134.371	Bb3	58	49	376	33.4457	Bb3	58	70	
367	134.398	Bb4	70	56	375	33.4457	Bb4	70	70	
368	134.514	C5	72	62	377	33.5357	C5	72	70	
369	134.544	C4	60	41	378	33.5357	C4	60	70	
370	135.431	Bb4	70	50	379	33.625	Bb4	70	70	
371	135.446	Bb3	58	32	380	33.625	Bb3	58	70	
372	135.801	G#4	68	54	381	33.7143	G#4	68	70	
373	135.815	G#3	56	31	382	33.7143	G#3	56	70	
374	136.61	D3	50	34	387	33.8929	D3	50	70	
375	136.622	G3	55	28	385	33.8929	G3	55	70	
376	136.625	G4	67	49	383	33.8929	G4	67	70	
377	136.629	B3	59	33	386	33.8929	B3	59	70	
378	136.63	F4	65	44	384	33.8929	F4	65	70	
379	137.639	D3	50	49	388	34.1607	D3	50	70	
380	138.03	Eb3	51	56	389	34.25	Eb3	51	70	
381	138.55	C3	48	34	393	34.4286	C3	48	70	
382	138.692	F3	53	39	392	34.4286	F3	53	70	
383	138.846	G4	67	48	391	34.4286	G4	67	70	
384	138.854	Bb3	58	44	390	34.4286	Bb3	58	70	
385	138.862	C4	60	40	394	34.4286	C4	60	70	
386	140.1	E3	52	42	395	34.6964	E3	52	70	
387	140.718	D4	62	52	396	34.7857	D4	62	70	
388	141.6	F2	41	46	401	34.9643	F2	41	70	
389	142.231	A3	57	35	400	34.9643	A3	57	70	
390	142.241	Eb3	51	37	399	34.9643	Eb3	51	70	
391	142.288	C4	60	59	398	34.9643	C4	60	70	
392	142.322	F4	65	48	397	34.9643	F4	65	70	
393	143.508	D4	62	63	402	35.3214	D4	62	70	
394	144.304	C4	60	53	403	35.5	C4	60	70	
395	144.447	D4	62	62	405	35.5893	D4	62	70	
396	144.585	Eb4	63	58	404	35.5	Eb4	63	70	
397	145.656	D4	62	56	407	35.7679	D4	62	70	
398	146.012	C4	60	57	409	35.8572	C4	60	70	
399	146.724	D3	50	31	411	36.0357	D3	50	70	
400	146.737	Bb3	58	52	410	36.0357	Bb3	58	70	
401	148.683	F3	53	40	412	36.5714	F3	53	70	
402	150.045	D4	62	48	413	36.9286	D4	62	70	
403	150.351	F2	41	43	418	37.1072	F2	41	70	
404	150.876	Eb3	51	43	416	37.1072	Eb3	51	70	
405	150.903	A3	57	39	417	37.1072	G#3	56	70	
406	150.963	C4	60	55	415	37.1072	C4	60	70	
407	150.968	F4	65	59	414	37.1072	F4	65	70	
408	151.883	D4	62	62	419	37.375	D4	62	70	
409	152.245	C4	60	63	420	37.4643	C4	60	70	
410	152.778	D4	62	56	421	37.6429	D4	62	70	
411	153.063	Eb4	63	53	422	37.6429	Eb4	63	70	
412	154.613	D4	62	51	424	37.9107	D4	62	70	
413	155.29	Eb3	51	28	427	38	Eb3	51	70	
414	155.406	F4	65	46	425	38	F4	65	70	
415	155.41	C4	60	37	426	38	C4	60	70	
416	156.522	F2	41	39	431	38.1786	F2	41	70	
417	157.159	Bb3	58	41	432	38.4464	Bb3	58	70	
418	157.174	D3	50	30	433	38.4464	D3	50	70	
419	157.369	F4	65	46	*	-1	*	-1	-1	
420	157.384	D4	62	44	434	38.5357	D4	62	70	
421	157.404	F3	53	23	435	38.5357	F3	53	70	
422	157.779	F2	41	39	437	38.7143	F2	41	70	
423	157.827	F4	65	62	436	38.7143	F4	65	70	
424	158.314	Eb3	51	37	*	-1	*	-1	-1	
425	158.32	C4	60	57	*	-1	*	-1	-1	
426	158.328	G4	67	58	438	38.9822	G4	67	70	
427	158.472	A4	69	72	439	39.0714	A4	69	70	
428	158.489	F3	53	42	441	39.0714	F3	53	70	
429	158.504	Eb4	63	52	440	39.0714	Eb4	63	70	
430	158.814	F2	41	39	443	39.25	F2	41	70	
431	158.862	Bb4	70	73	442	39.25	Bb4	70	70	
432	159.348	D3	50	29	445	39.5179	D3	50	70	
433	159.365	Bb3	58	43	444	39.5179	Bb3	58	70	
434	159.532	F4	65	42	446	39.6072	F4	65	70	
435	159.543	F3	53	31	448	39.6072	F3	53	70	
436	159.552	D4	62	38	447	39.6072	D4	62	70	
437	159.892	F2	41	38	450	39.7857	F2	41	70	
438	159.973	G#3	56	58	449	39.7857	G#3	56	84	
439	160.415	F3	53	38	452	40.0536	F3	53	70	
440	160.462	G3	55	42	451	40.0536	G3	55	70	
441	160.594	B3	59	51	455	40.1429	B3	59	70	
442	160.614	G4	67	45	453	40.1429	G4	67	70	
443	160.632	D4	62	44	454	40.1429	D4	62	70	
444	160.941	F2	41	42	456	40.3214	F2	41	70	
445	160.987	G4	67	44	*	-1	*	-1	-1	
446	161.406	Eb3	51	42	458	40.5893	Eb3	51	70	
447	161.414	C4	60	52	457	40.5893	C4	60	70	
448	161.556	Eb4	63	60	460	40.6786	Eb4	63	70	
449	161.561	G3	55	41	461	40.6786	G3	55	70	
450	161.561	G4	67	65	459	40.6786	G4	67	70	
451	161.852	F2	41	42	463	40.8572	F2	41	70	
452	161.903	G4	67	77	462	40.8572	G4	67	70	
453	162.282	F3	53	46	466	41.125	F3	53	70	
454	162.293	D4	62	68	465	41.125	D4	62	70	
455	162.293	A4	69	69	464	41.125	A4	69	70	
456	162.412	B4	71	91	467	41.2143	B4	71	70	
457	162.437	F4	65	69	468	41.2143	F4	65	70	
458	162.45	G3	55	53	469	41.2143	G3	55	70	
459	162.746	F2	41	54	471	41.3929	F2	41	70	
460	162.842	C5	72	83	470	41.3929	C5	72	70	
461	163.242	C4	60	55	472	41.6607	C4	60	70	
462	163.248	Eb3	51	43	473	41.6607	Eb3	51	70	
463	163.368	Eb4	63	54	475	41.75	Eb4	63	70	
464	163.372	G4	67	59	474	41.75	G4	67	70	
465	163.395	G3	55	41	476	41.75	G3	55	70	
466	163.695	F2	41	47	478	41.9286	F2	41	70	
467	163.809	Bb3	58	72	477	41.9286	Bb3	58	84	
468	164.197	E3	52	52	480	42.1964	E3	52	70	
469	164.199	A3	57	66	479	42.1964	A3	57	70	
470	164.32	A4	69	67	481	42.2857	A4	69	70	
471	164.328	E4	64	59	482	42.2857	E4	64	70	
472	164.335	C#4	61	56	483	42.2857	C#4	61	70	
473	164.646	A4	69	69	484	42.4643	A4	69	70	
474	164.646	F2	41	68	485	42.4643	F2	41	70	
475	165.02	F3	53	57	487	42.7322	F3	53	70	
476	165.021	D4	62	76	486	42.7322	D4	62	70	
477	165.135	A4	69	79	488	42.8214	A4	69	70	
478	165.14	F4	65	76	489	42.8214	F4	65	70	
479	165.149	A3	57	67	490	42.8214	A3	57	70	
480	165.49	F2	41	75	492	43	F2	41	70	
481	165.49	A4	69	87	491	43	A4	69	70	
482	165.853	G3	55	64	495	43.2679	G3	55	70	
483	165.856	B4	71	86	493	43.2679	B4	71	70	
484	165.856	C#4	61	81	494	43.2679	C#4	61	70	
485	165.98	C#5	73	93	496	43.3572	C#5	73	70	
486	165.988	E4	64	81	497	43.3572	E4	64	70	
487	165.993	A3	57	68	498	43.3572	A3	57	70	
488	166.322	F2	41	70	500	43.5357	F2	41	70	
489	166.365	D5	74	94	499	43.5357	D5	74	70	
490	166.799	F3	53	43	502	43.8036	F3	53	70	
491	166.812	D4	62	67	501	43.8036	D4	62	70	
492	166.954	A3	57	56	504	43.8929	A3	57	70	
493	166.964	F4	65	59	503	43.8929	F4	65	70	
494	167.294	F2	41	55	506	44.0714	F2	41	70	
495	167.42	Eb4	63	78	505	44.0714	Eb4	63	84	
496	167.943	A3	57	48	508	44.3393	A3	57	70	
497	167.945	C5	72	78	507	44.3393	C5	72	70	
498	168.077	F3	53	59	509	44.4286	F3	53	70	
499	168.405	Bb2	46	56	511	44.6072	Bb2	46	70	
500	168.487	D4	62	71	510	44.6072	C5	72	70	
501	169.016	Bb3	58	44	513	44.875	Bb3	58	70	
502	169.037	Bb4	70	69	512	44.875	Bb4	70	70	
503	169.164	F3	53	52	514	44.9643	F3	53	70	
504	169.499	D2	38	48	516	45.1429	D2	38	70	
505	169.578	C4	60	54	515	45.1429	C4	60	84	
506	170.068	A4	69	62	517	45.4107	A4	69	70	
507	170.084	F#3	54	39	518	45.4107	F#3	54	70	
508	170.22	D3	50	44	519	45.5	D3	50	70	
509	170.571	Eb2	39	39	522	45.6786	Eb2	39	90	
510	170.597	G4	67	51	520	45.6786	G4	67	90	
511	170.621	Bb3	58	35	521	45.6786	Bb3	58	90	
512	171.008	A4	69	54	523	45.9464	A4	69	90	
513	171.027	G3	55	41	524	45.9464	G3	55	90	
514	171.163	Bb4	70	64	525	46.0357	Bb4	70	90	
515	171.17	Bb2	46	45	526	46.0357	Bb2	46	90	
516	171.455	Bb4	70	49	527	46.2143	Bb4	70	90	
517	171.521	F2	41	38	528	46.2143	F2	41	90	
518	171.573	D5	74	64	529	46.279	D5	74	90	
519	171.987	C5	72	59	530	46.4822	C5	72	90	
520	171.998	A3	57	49	531	46.4822	A3	57	90	
521	172.139	F3	53	48	533	46.5714	F3	53	90	
522	172.155	F4	65	48	532	46.5714	F4	65	90	
523	172.273	C3	48	38	*	-1	*	-1	-1	
524	172.58	F5	77	66	534	46.75	F5	77	90	
525	172.581	F2	41	51	535	46.75	F2	41	90	
526	173.015	Eb4	63	60	537	47.0179	Eb4	63	90	
527	173.023	F3	53	50	538	47.0179	F3	53	90	
528	173.038	A3	57	48	536	47.0179	A3	57	90	
529	173.042	C4	60	37	539	47.0179	C4	60	90	
530	173.142	F4	65	62	540	47.1072	F4	65	90	
531	173.153	C3	48	27	541	47.1072	C3	48	90	
532	173.46	F2	41	52	543	47.2857	F2	41	70	
533	173.467	F4	65	56	542	47.2857	F4	65	70	
534	173.854	Eb4	63	62	546	47.5536	Eb4	63	70	
535	173.858	C4	60	53	544	47.5536	C4	60	70	
536	173.858	G4	67	59	545	47.5536	G4	67	70	
537	173.867	A3	57	53	*	-1	*	-1	-1	
538	173.968	Eb3	51	64	548	47.6429	Eb3	51	70	
539	173.98	A4	69	66	547	47.6429	A4	69	70	
540	174.276	F2	41	58	550	47.8214	F2	41	70	
541	174.288	A4	69	66	549	47.8214	A4	69	70	
542	174.674	F4	65	62	552	48.0893	F4	65	70	
543	174.678	F3	53	54	553	48.0893	F3	53	70	
544	174.682	Bb3	58	63	551	48.0893	Bb3	58	70	
545	174.686	D4	62	51	554	48.0893	D4	62	70	
546	174.806	Bb4	70	68	555	48.1786	Bb4	70	70	
547	174.817	D3	50	40	556	48.1786	D3	50	70	
548	175.144	F2	41	49	557	48.3572	F2	41	70	
549	175.507	G#3	56	55	558	48.625	G#3	56	70	
550	175.519	F4	65	55	559	48.625	F4	65	70	
551	175.527	F3	53	46	560	48.625	F3	53	70	
552	175.535	C4	60	43	561	48.625	C4	60	70	
553	175.638	G#4	68	63	562	48.7143	G#4	68	70	
554	175.662	C3	48	26	563	48.7143	C3	48	70	
555	175.949	G4	67	65	564	48.8929	G4	67	70	
556	175.952	F2	41	51	565	48.8929	F2	41	70	
557	176.306	F4	65	62	567	49.1607	F4	65	70	
558	176.314	D3	50	55	568	49.1607	D3	50	70	
559	176.318	B3	59	53	569	49.1607	B3	59	70	
560	176.321	G3	55	58	566	49.1607	G3	55	70	
561	176.418	G4	67	79	570	49.25	G4	67	70	
562	176.422	B2	47	59	571	49.25	B2	47	70	
563	176.732	F2	41	70	573	49.4286	F2	41	70	
564	176.748	G4	67	77	572	49.4286	G4	67	70	
565	177.101	A4	69	71	575	49.6964	A4	69	71	
566	177.114	F3	53	59	576	49.6964	F3	53	71	
567	177.117	D4	62	65	577	49.6964	D4	62	71	
568	177.13	B3	59	36	574	49.6964	B3	59	71	
569	177.209	B4	71	79	578	49.7857	B4	71	71	
570	177.222	D3	50	63	579	49.7857	D3	50	71	
571	177.54	F2	41	67	581	49.9643	F2	41	72	
572	177.541	B4	71	77	580	49.9643	B4	71	72	
573	177.914	G4	67	63	583	50.2322	G4	67	73	
574	177.922	G3	55	52	*	-1	*	-1	-1	
575	177.931	C4	60	53	582	50.2322	C4	60	73	
576	177.931	Eb4	63	57	584	50.2322	Eb4	63	73	
577	178.022	Eb3	51	44	586	50.3214	Eb3	51	73	
578	178.034	C5	72	80	585	50.3214	C5	72	73	
579	178.364	F2	41	55	587	50.5	F2	41	74	
580	178.504	C5	72	16	*	-1	*	-1	-1	
581	178.767	G4	67	58	589	50.7679	G4	67	75	
582	178.769	E3	52	49	590	50.7679	F3	53	75	
583	178.773	C#4	61	45	591	50.7679	D4	62	75	
584	178.786	Bb3	58	38	588	50.7679	Bb3	58	75	
585	178.882	C#3	49	53	593	50.8572	D3	50	75	
586	178.895	Bb4	70	67	592	50.8572	Bb4	70	75	
587	179.201	F2	41	55	594	51.0357	F2	41	76	
588	179.601	G4	67	68	596	51.3036	G4	67	77	
589	179.602	A3	57	63	595	51.3036	A3	57	77	
590	179.614	C#4	61	51	598	51.3036	C#4	61	77	
591	179.618	E3	52	52	597	51.3036	E3	52	77	
592	179.702	C#3	49	56	600	51.3929	C#3	49	78	
593	179.725	A4	69	77	599	51.3929	A4	69	78	
594	180.023	F2	41	83	602	51.5714	F2	41	78	
595	180.041	A4	69	86	601	51.5714	A4	69	78	
596	180.363	B4	71	82	604	51.8393	B4	71	80	
597	180.371	E4	64	69	606	51.8393	E4	64	80	
598	180.371	G3	55	66	605	51.8393	G3	55	80	
599	180.371	C#4	61	78	603	51.8393	C#4	61	80	
600	180.485	C#5	73	93	607	51.9286	C#5	73	80	
601	180.494	E3	52	78	608	51.9286	E3	52	80	
602	180.844	F2	41	72	611	52.1072	F2	41	80	
603	180.896	D5	74	91	609	52.1072	D5	74	80	
604	181.31	D4	62	60	612	52.375	D4	62	80	
605	181.311	F4	65	44	613	52.375	F4	65	80	
606	181.319	A3	57	49	614	52.375	A3	57	80	
607	181.469	F3	53	53	617	52.4643	F3	53	80	
608	181.732	F2	41	74	620	52.6429	F2	41	80	
609	181.939	Eb4	63	71	619	52.6429	Eb4	63	96	
610	181.947	Eb3	51	71	621	52.7076	Eb3	51	80	
611	182.474	C4	60	64	623	52.9107	C4	60	80	
612	182.48	C5	72	73	622	52.9107	C5	72	80	
613	182.624	A3	57	46	624	53	A3	57	80	
614	182.894	Bb2	46	68	627	53.2433	Bb2	46	80	
615	183.014	D3	50	65	628	53.3081	D3	50	80	
616	183.022	D4	62	72	625	53.1786	D4	62	96	
617	183.606	Bb4	70	69	629	53.4464	Bb4	70	80	
618	183.618	Bb3	58	57	630	53.4464	Bb3	58	80	
619	183.726	F3	53	64	631	53.5357	F3	53	80	
620	184.046	D2	38	61	*	-1	*	-1	-1	
621	184.113	C4	60	62	632	53.7143	C4	60	96	
622	184.149	C3	48	55	633	53.7143	C3	48	80	
623	184.746	A3	57	49	635	53.9822	A3	57	80	
624	184.782	A4	69	65	634	53.9822	A4	69	80	
625	184.921	F#3	54	56	636	54.0714	F#3	54	80	
626	185.196	Eb2	39	70	640	54.25	Eb2	39	80	
627	185.338	Bb2	46	72	641	54.25	Bb2	46	80	
628	185.446	G4	67	59	637	54.25	G4	67	80	
629	185.462	Bb3	58	58	638	54.25	Bb3	58	80	
630	185.485	G3	55	81	639	54.25	G3	55	80	
631	186.179	A3	57	82	643	54.5179	A3	57	80	
632	186.199	A4	69	82	642	54.5179	A4	69	80	
633	186.616	Bb4	70	87	644	54.6072	Bb4	70	80	
634	186.617	Bb3	58	86	645	54.6072	Bb3	58	80	
635	186.972	F2	41	83	648	54.7857	F2	41	80	
636	187.179	Eb3	51	83	649	54.8445	Eb3	51	80	
637	187.356	A3	57	82	650	54.904	A3	57	80	
638	187.738	D4	62	86	651	54.9643	D4	62	80	
639	187.846	D5	74	86	652	55.0536	C5	72	80	
640	187.87	F4	65	66	654	55.1429	F4	65	80	
641	188.867	C4	60	77	*	-1	*	-1	-1	
642	188.874	C5	72	75	*	-1	*	-1	-1	
643	189.503	D4	62	85	*	-1	*	-1	-1	
644	189.547	F4	65	59	*	-1	*	-1	-1	
645	190.431	F2	41	57	660	55.3214	F2	41	80	
646	190.601	C4	60	88	657	55.3214	C4	60	80	
647	191.001	Eb4	63	57	661	55.3802	Eb4	63	80	
648	191.095	A3	57	53	*	-1	*	-1	-1	
649	191.106	Eb3	51	47	*	-1	*	-1	-1	
650	191.297	F4	65	65	663	55.4398	F4	65	80	
651	191.916	F5	77	54	666	55.5	F5	77	80	
652	193.206	D4	62	69	667	55.6786	D4	62	80	
653	193.913	C4	60	67	668	55.8572	C4	60	80	
654	194.196	Eb4	63	64	669	55.9219	Eb4	63	80	
655	195.334	D4	62	63	670	56.125	D4	62	80	
656	195.709	C4	60	65	671	56.2143	C4	60	80	
657	196.419	D3	50	32	673	56.3929	D3	50	80	
658	196.45	Bb3	58	56	672	56.3929	Bb3	58	80	
659	198.539	F3	53	33	674	56.9286	F3	53	80	
660	199.996	D4	62	41	675	57.2857	D4	62	80	
661	200.382	F2	41	40	680	57.4643	F2	41	80	
662	200.957	Eb3	51	38	678	57.4643	Eb3	51	80	
663	200.973	A3	57	29	679	57.4643	A3	57	80	
664	201.039	C4	60	50	677	57.4643	C4	60	80	
665	201.044	F4	65	47	676	57.4643	F4	65	80	
666	201.963	D4	62	61	681	57.7322	D4	62	80	
667	202.291	C4	60	61	682	57.8215	C4	60	80	
668	202.824	D4	62	54	683	58	D4	62	78	
669	203.055	Eb4	63	47	684	58.0648	Eb4	63	78	
670	204.184	D4	62	50	685	58.2679	D4	62	75	
671	204.627	C4	60	45	686	58.3572	C4	60	74	
672	205.517	Bb3	58	37	687	58.5357	Bb3	58	72	
673	205.518	D3	50	26	688	58.5357	D3	50	72	
674	208.878	Bb2	46	36	689	59.4286	Bb2	46	60	
675	209.304	Eb2	39	29	692	59.6072	Eb2	39	60	
676	209.865	G3	55	50	691	59.6072	G3	55	60	
677	209.925	Bb4	70	44	690	59.6072	Bb4	70	60	
678	211.123	G3	55	53	694	59.9643	G3	55	60	
679	211.825	Bb3	58	52	695	60.1429	Bb3	58	60	
680	212.836	A3	57	52	696	60.4107	A3	57	60	
681	213.23	G3	55	52	698	60.5	G3	55	60	
682	213.242	Bb3	58	38	697	60.5	Bb3	58	60	
683	213.659	D2	38	45	701	60.6786	D2	38	60	
684	214.104	Bb4	70	41	699	60.6786	Bb4	70	60	
685	214.11	F3	53	47	700	60.6786	F3	53	60	
686	216.574	Bb2	46	38	702	61.0357	Bb2	46	60	
687	218.338	Bb3	58	41	704	61.5715	Bb3	58	60	
688	218.348	Bb2	46	39	705	61.5715	Bb2	46	60	
689	219.45	B1	35	42	709	61.75	B1	35	60	
690	219.546	Eb4	63	49	710	62.0179	Eb4	63	60	
691	219.555	Eb3	51	44	711	62.0179	Eb3	51	60	
692	220.892	Eb4	63	37	712	62.1072	Eb4	63	60	
693	220.905	Eb3	51	26	713	62.1072	Eb3	51	60	
694	221.251	Eb4	63	53	*	-1	*	-1	-1	
695	221.263	Eb3	51	37	*	-1	*	-1	-1	
696	221.947	Eb4	63	42	715	62.2857	Eb4	63	60	
697	221.97	Eb3	51	39	*	-1	*	-1	-1	
698	222.162	F4	65	55	*	-1	*	-1	-1	
699	222.17	F3	53	33	716	62.3743	F3	53	60	
700	222.569	F#3	54	32	718	62.4643	F#3	54	60	
701	222.585	F#4	66	51	717	62.4636	F4	65	60	
702	222.592	A3	57	38	*	-1	*	-1	-1	
703	224.209	F4	65	40	719	62.5536	F4	65	60	
704	224.231	F3	53	23	720	62.5536	F3	53	60	
705	224.806	Eb4	63	46	722	62.6429	Eb4	63	60	
706	224.829	Eb3	51	29	723	62.6429	Eb3	51	60	
707	226.459	Bb1	34	24	726	62.8215	Bb1	34	60	
708	226.465	D4	62	45	724	62.8215	D4	62	60	
709	226.47	Bb3	58	30	725	62.8215	Bb3	58	60	
710	227.46	F3	53	31	728	62.9107	F3	53	60	
711	227.482	F4	65	42	727	62.9107	F4	65	60	
*	-1	*	-1	-1	0	0	F2	41	60	
*	-1	*	-1	-1	14	1.75	F2	41	60	
*	-1	*	-1	-1	35	5.02828	Bb2	46	60	
*	-1	*	-1	-1	41	6.03572	Bb4	70	60	
*	-1	*	-1	-1	42	6.03572	F3	53	60	
*	-1	*	-1	-1	48	7.10715	Eb4	63	60	
*	-1	*	-1	-1	49	7.10715	Eb3	51	60	
*	-1	*	-1	-1	50	7.10715	C2	36	60	
*	-1	*	-1	-1	127	13.8929	Eb3	51	100	
*	-1	*	-1	-1	136	14.0714	C4	60	120	
*	-1	*	-1	-1	175	16.75	F#3	54	60	
*	-1	*	-1	-1	180	17.6429	F#3	54	60	
*	-1	*	-1	-1	197	18.8929	F#2	42	60	
*	-1	*	-1	-1	219	21.0357	Eb4	63	60	
*	-1	*	-1	-1	239	23.2433	Bb1	34	60	
*	-1	*	-1	-1	259	25.3214	D3	50	60	
*	-1	*	-1	-1	263	26.3929	Bb3	58	60	
*	-1	*	-1	-1	266	26.4569	Bb2	46	60	
*	-1	*	-1	-1	273	27.4643	Bb3	58	60	
*	-1	*	-1	-1	276	27.529	Bb2	46	60	
*	-1	*	-1	-1	283	28.1786	D5	74	100	
*	-1	*	-1	-1	284	28.2679	C5	72	100	
*	-1	*	-1	-1	291	28.5357	Bb4	70	100	
*	-1	*	-1	-1	292	28.5357	Bb3	58	100	
*	-1	*	-1	-1	293	28.5357	G3	55	100	
*	-1	*	-1	-1	296	28.8929	Bb2	46	100	
*	-1	*	-1	-1	299	29.0714	E2	40	100	
*	-1	*	-1	-1	300	29.0714	C#3	49	100	
*	-1	*	-1	-1	304	29.6072	Bb4	70	100	
*	-1	*	-1	-1	368	32.8862	C3	48	70	
*	-1	*	-1	-1	408	35.8572	F4	65	70	
*	-1	*	-1	-1	428	38.1786	C5	72	70	
*	-1	*	-1	-1	429	38.1786	G4	67	70	
*	-1	*	-1	-1	430	38.1786	Bb3	58	70	
*	-1	*	-1	-1	610	52.1072	D5	74	80	
*	-1	*	-1	-1	615	52.375	F4	65	80	
*	-1	*	-1	-1	616	52.4643	A4	69	80	
*	-1	*	-1	-1	618	52.6429	D5	74	80	
*	-1	*	-1	-1	626	53.1786	D2	38	80	
*	-1	*	-1	-1	646	54.7857	D5	74	80	
*	-1	*	-1	-1	647	54.7857	F4	65	80	
*	-1	*	-1	-1	653	55.0536	C4	60	80	
*	-1	*	-1	-1	655	55.1429	D4	62	96	
*	-1	*	-1	-1	656	55.3214	F4	65	80	
*	-1	*	-1	-1	658	55.3214	Eb3	51	80	
*	-1	*	-1	-1	659	55.3214	A3	57	80	
*	-1	*	-1	-1	662	55.3854	F2	41	80	
*	-1	*	-1	-1	664	55.4494	F2	41	80	
*	-1	*	-1	-1	665	55.5	F4	65	80	
*	-1	*	-1	-1	693	59.6712	Bb2	46	60	
*	-1	*	-1	-1	703	61.2143	Bb2	46	60	
*	-1	*	-1	-1	706	61.75	Eb4	63	60	
*	-1	*	-1	-1	707	61.75	Bb3	58	60	
*	-1	*	-1	-1	708	61.75	Eb3	51	60	
*	-1	*	-1	-1	714	62.2857	F#4	66	60	
*	-1	*	-1	-1	721	62.6429	A3	57	60	
*	-1	*	-1	-1	729	63.3572	Bb3	58	60	
*	-1	*	-1	-1	730	63.3572	D4	62	60	
*	-1	*	-1	-1	731	63.8929	D4	62	60	
*	-1	*	-1	-1	406	35.6786	F4	65	70	
*	-1	*	-1	-1	423	37.7076	F4	65	70	
