//Version: PianoRoll_v170101
0	0.510625	0.9825	Bb3	45	50	0
1	0.510625	2.79406	C#4	41	40	0
2	1.47938	1.94719	Bb4	46	50	0
3	1.48875	1.87719	Bb3	31	47	0
4	1.50219	2.12219	F4	39	47	0
5	1.89594	2.29812	C5	55	53	0
6	2.31781	2.66781	C#5	54	54	0
7	2.34594	2.65656	Bb4	39	51	0
8	2.36781	2.69813	Bb3	28	46	0
9	3.19812	3.66062	C#5	67	55	0
10	3.23562	4.09906	F4	37	44	0
11	3.23562	3.67937	Bb4	53	52	0
12	3.24187	3.65656	Bb3	36	48	0
13	3.24187	3.67937	C#4	37	48	0
14	4.12406	4.82719	C#5	73	54	0
15	4.13781	5.07313	Bb4	65	51	0
16	4.14187	6.40344	F#4	45	41	0
17	4.15656	4.75531	Bb3	40	47	0
18	4.15656	6.40969	Eb4	44	41	0
19	5.02937	5.52312	C5	62	54	0
20	5.03875	5.54594	A4	45	50	0
21	5.08031	5.51906	Bb3	37	48	0
22	5.43562	5.91781	C#5	65	54	0
23	5.44719	5.96687	Bb4	58	53	0
24	5.83875	6.40969	Bb3	39	47	0
25	5.87	6.32219	Eb5	66	55	0
26	5.88344	6.28156	C5	60	55	0
27	6.70344	7.15969	Eb5	70	56	0
28	6.72	7.67844	F#4	45	46	0
29	6.72219	7.15969	C5	66	55	0
30	6.73156	7.12719	C4	48	52	0
31	6.74187	7.80531	Eb4	47	46	0
32	6.76781	7.245	Bb3	43	49	0
33	7.61594	8.66062	Eb5	68	51	0
34	7.62719	8.645	C5	62	50	0
35	7.64594	9.695	C#4	40	40	0
36	7.65531	8.30125	Bb3	38	46	0
37	7.65531	9.63656	F4	40	41	0
38	8.50344	9.01281	C#5	60	53	0
39	8.51281	9.40969	Bb4	46	47	0
40	8.53469	9.00125	Bb3	30	45	0
41	8.895	9.39813	Eb5	65	54	0
42	8.90437	9.40344	C5	59	53	0
43	9.32312	9.63656	Bb3	42	52	0
44	9.33656	9.71469	C#5	63	55	0
45	9.33656	9.64719	F5	66	57	0
46	10.1584	10.6169	F5	77	57	0
47	10.1647	10.6678	C#5	69	55	0
48	10.1816	11.1253	F4	41	45	0
49	10.1887	10.6097	C#4	45	51	0
50	10.1909	10.7044	Bb3	43	49	0
51	11.0388	12.0584	F5	81	53	0
52	11.0553	12.8919	A4	49	44	0
53	11.0575	12.0628	C#5	65	50	0
54	11.0731	13.0544	C4	46	42	0
55	11.0784	11.7034	Bb3	49	50	0
56	11.9366	12.5053	Bb3	31	44	0
57	11.9566	12.4356	Eb5	62	54	0
58	11.97	12.4522	C5	53	52	0
59	12.3241	12.8294	F5	79	57	0
60	12.3334	12.9409	C#5	70	54	0
61	12.77	13.0691	Bb3	42	52	0
62	12.77	13.0878	F#5	82	60	0
63	12.7897	13.1347	Eb5	64	56	0
64	13.62	14.3428	A4	73	54	0
65	13.62	14.1075	F#5	80	57	0
66	13.6347	14.1209	Eb5	69	55	0
67	13.6534	14.3347	C4	53	50	0
68	13.6575	14.22	Bb3	45	49	0
69	14.5794	15.1231	F#5	80	56	0
70	14.5972	16.8044	Bb4	60	45	0
71	14.5972	15.5159	Eb5	65	51	0
72	14.6013	14.9669	Bb3	48	52	0
73	15.5209	15.9847	F5	61	54	0
74	15.5388	16.0597	Bb3	46	50	0
75	15.5575	16.9159	C#5	56	47	0
76	15.9231	16.3584	Eb5	59	54	0
77	15.9356	16.4034	C4	55	53	0
78	16.3534	16.8347	C#4	54	52	0
79	16.3584	16.8231	F5	61	54	0
80	17.1878	17.5772	C#4	66	56	0
81	17.2034	17.6003	F5	62	55	0
82	17.2178	17.6553	Bb4	52	52	0
83	17.2178	18.2659	C#5	56	48	0
84	18.0272	18.8959	C#4	63	51	0
85	18.0419	18.4847	G4	61	54	0
86	18.0419	18.9544	F5	70	52	0
87	18.0472	19.7628	Bb4	56	46	0
88	18.8959	19.8553	F#4	50	47	0
89	18.8959	19.2878	Eb5	60	55	0
90	18.9303	19.3178	C4	44	51	0
91	19.2794	19.7294	C#5	64	55	0
92	19.2834	19.7075	C#4	51	52	0
93	19.6878	20.5763	C5	63	51	0
94	19.7034	20.0388	Eb4	45	52	0
95	20.4878	21.0503	C#5	71	55	0
96	20.4919	20.8066	Eb4	61	56	0
97	20.5003	21.1325	F#4	52	50	0
98	20.5003	21.0941	Bb4	60	52	0
99	20.8887	21.5128	Eb5	77	55	0
100	21.3575	22.3378	Eb4	56	49	0
101	21.3616	21.77	A4	69	56	0
102	21.3887	21.6772	F4	55	55	0
103	22.2575	22.7303	C#4	47	51	0
104	22.2575	23.1709	F5	72	52	0
105	22.2647	22.8866	Bb4	61	52	0
106	22.6553	23.1253	C5	69	55	0
107	22.6691	23.0628	Eb4	49	52	0
108	23.0959	25.0722	C#5	67	47	0
109	23.1066	23.4794	F4	38	49	0
110	23.9584	24.5066	G5	70	55	0
111	23.9794	24.2597	F4	32	49	0
112	24.3647	24.9159	A5	73	55	0
113	24.8459	31.3053	F#4	50	39	0
114	24.8553	25.3191	F4	43	50	0
115	24.8597	27.4741	Bb5	76	47	0
116	25.7459	26.3959	C5	53	50	0
117	25.7834	26.3159	Eb4	33	46	0
118	26.1441	26.6387	C#5	64	54	0
119	26.1534	26.6334	C#4	35	47	0
120	26.5544	28.4597	Eb5	53	44	0
121	26.5731	27.5491	C4	36	43	0
122	27.3909	27.9928	A5	63	53	0
123	27.4106	28.3222	Bb3	42	46	0
124	27.7731	28.4209	Bb5	73	54	0
125	28.2566	30.4284	A3	46	42	0
126	28.2919	29.7762	C6	71	49	0
127	29.1834	29.4147	F#5	53	56	0
128	29.195	29.4053	Eb5	49	56	0
129	29.5928	29.745	F5	51	58	0
130	29.6022	29.8606	C#5	51	55	0
131	30.0209	30.5503	Eb5	43	49	0
132	30.0459	31.0825	C5	46	46	0
133	30.8909	31.4553	C6	68	54	0
134	30.9303	31.3606	A3	46	51	0
135	31.27	31.8347	Bb5	72	55	0
136	31.295	31.8772	Bb3	56	52	0
137	31.7356	33.4397	A5	69	48	0
138	31.7647	33.8159	C4	43	41	0
139	32.6803	33.1606	Eb5	51	52	0
140	32.6991	33.1231	C5	38	49	0
141	33.0722	33.6294	C#5	54	51	0
142	33.1003	33.5803	Bb4	32	46	0
143	33.4856	34.6191	A4	37	43	0
144	33.4909	35.1897	C5	49	44	0
145	34.3116	34.7762	A5	69	55	0
146	34.3241	34.8566	C4	44	49	0
147	34.6972	35.2544	C6	75	55	0
148	34.7066	35.1659	C#4	45	50	0
149	35.1316	41.87	F5	75	44	0
150	35.1566	37.2316	Eb4	45	42	0
151	35.97	36.3941	A4	46	51	0
152	35.9941	36.4584	F4	31	46	0
153	36.3472	36.8053	Bb4	57	53	0
154	36.3669	36.8253	G4	40	49	0
155	36.7834	37.2209	C5	54	53	0
156	36.8012	38.3106	A4	36	41	0
157	37.6262	38.0856	C5	58	53	0
158	37.6397	38.0441	Eb4	37	49	0
159	37.9834	38.5503	C#5	68	54	0
160	37.9991	38.5147	C#4	42	49	0
161	38.4325	38.8928	C4	37	48	0
162	38.4491	39.7334	Eb5	61	48	0
163	39.2419	39.7116	C5	65	55	0
164	39.2678	39.82	C4	51	51	0
165	39.2678	39.4272	A4	52	58	0
166	39.6334	40.2606	C#5	77	55	0
167	39.6378	40.2941	Bb3	56	51	0
168	39.6419	40.17	Bb4	61	53	0
169	40.1178	42.0003	Eb5	66	47	0
170	40.1428	41.1066	A3	48	47	0
171	40.1428	42.0003	C5	46	43	0
172	40.9616	41.9356	A4	40	45	0
173	40.9731	41.4044	G3	39	49	0
174	41.3731	42.0834	F3	50	49	0
175	41.8887	44.6116	F4	50	42	0
176	41.9284	46.8459	Bb3	36	35	0
177	42.8847	43.9763	F5	49	46	0
178	42.9491	43.3575	C#5	38	49	0
179	43.3022	43.9784	Eb5	58	51	0
180	43.3066	43.8137	C5	57	53	0
181	43.7347	44.7053	C#5	68	51	0
182	43.7387	44.2678	Bb4	51	51	0
183	44.6147	45.1628	Eb5	63	53	0
184	44.6303	45.1378	F#4	40	48	0
185	44.6303	45.1084	A4	48	51	0
186	45.0534	45.5231	C5	61	54	0
187	45.0834	45.5409	Eb4	38	48	0
188	45.5409	45.9472	C#5	50	52	0
189	45.5637	47.1253	F4	31	39	0
190	45.5678	45.8491	Bb4	40	52	0
191	46.4928	47.0575	Bb4	58	52	0
192	46.5366	47.0316	C#4	36	47	0
193	46.8847	47.4481	C5	74	55	0
194	46.8941	47.3066	C4	48	52	0
195	47.3334	47.8075	C#5	74	56	0
196	47.3503	48.2241	Bb3	41	46	0
197	48.1753	48.5803	C#5	76	57	0
198	48.1919	48.5316	Bb4	59	55	0
199	48.2053	49.045	G#3	43	46	0
200	48.2053	48.4909	F4	54	55	0
201	49.0053	50.245	C#5	82	52	0
202	49.0334	49.4303	Bb4	63	55	0
203	49.0397	49.8553	G3	47	48	0
204	49.045	49.3544	Eb4	58	56	0
205	49.8325	50.3044	C5	76	57	0
206	49.8553	50.9409	G#4	59	49	0
207	49.8669	50.2409	G#3	51	53	0
208	49.8691	50.8397	Eb4	51	48	0
209	50.2316	50.6991	Bb4	71	56	0
210	50.2366	50.7053	G3	55	53	0
211	50.6316	50.9691	C5	78	59	0
212	50.6553	51.5575	F3	54	49	0
213	51.4366	51.7731	C5	80	59	0
214	51.4534	52.2397	Eb3	57	50	0
215	51.4534	51.8012	G#4	70	57	0
216	52.2147	53.2553	C5	84	53	0
217	52.2284	52.6191	G#4	70	57	0
218	52.2303	52.5012	F4	62	57	0
219	52.2441	52.5503	D3	61	56	0
220	53.0481	53.5147	Bb4	71	56	0
221	53.0503	53.5034	G3	54	53	0
222	53.0731	54.1919	G4	58	48	0
223	53.0753	54.1741	F4	44	45	0
224	53.4316	53.8753	G#4	74	57	0
225	53.4459	53.8481	F3	54	53	0
226	53.8669	54.2522	Bb4	68	56	0
227	53.8678	54.6887	E3	50	48	0
228	54.6794	55.0834	G4	60	54	0
229	54.6794	55.0878	Bb4	71	56	0
230	54.6887	55.495	G3	49	48	0
231	54.7034	55.5959	F4	52	48	0
232	55.5512	56.7847	Bb4	78	51	0
233	55.5722	55.92	G4	61	56	0
234	55.5753	55.9794	C3	48	52	0
235	55.5816	55.8972	E4	59	56	0
236	56.3888	56.8378	G#4	75	57	0
237	56.4003	57.4512	F4	52	47	0
238	56.4116	56.8794	F3	47	51	0
239	56.4116	57.4044	C4	52	48	0
240	56.7606	57.2784	G4	73	56	0
241	56.7887	57.2012	Eb3	48	52	0
242	57.1856	57.7575	G#4	72	55	0
243	57.1919	58.0003	C#3	45	47	0
244	57.9637	58.5075	G#4	65	54	0
245	57.9753	58.8928	C3	52	48	0
246	57.9981	58.4409	F4	50	52	0
247	58.0231	58.4481	C4	27	44	0
248	58.8722	59.7753	G#4	66	51	0
249	58.8762	59.3803	Bb2	42	49	0
250	58.8834	59.2409	F4	46	52	0
251	58.8981	59.2472	C#4	38	50	0
252	59.6597	60.1566	G4	64	54	0
253	59.6941	60.0919	Bb2	33	47	0
254	59.6991	60.4481	Bb3	36	45	0
255	59.7053	60.5191	C#4	43	46	0
256	60.0262	60.5784	G#4	80	56	0
257	60.4178	60.9428	Bb2	45	49	0
258	60.47	61.6991	Bb4	75	51	0
259	61.2428	62.1897	G4	61	50	0
260	61.2731	61.8334	C#4	48	50	0
261	61.2866	61.6606	Bb2	34	48	0
262	61.2887	61.6325	Bb3	42	51	0
263	62.0691	62.4512	E4	59	55	0
264	62.0762	63.0762	Bb2	41	45	0
265	62.0803	62.4606	G3	40	50	0
266	62.0803	62.4262	C4	51	53	0
267	62.9378	63.8616	G#3	39	45	0
268	62.9553	63.8459	G#2	43	46	0
269	62.9941	65.0544	C5	70	47	0
270	63.0209	63.3428	F4	50	54	0
271	63.3553	63.82	E4	53	52	0
272	63.7534	64.1022	F4	43	51	0
273	63.7597	64.1972	C#3	37	48	0
274	64.5356	65.0022	Bb4	56	53	0
275	64.5566	65.0472	C#3	36	47	0
276	64.5606	65.0544	F4	40	48	0
277	64.5847	65.1178	G3	33	46	0
278	64.9253	65.4097	G#4	66	55	0
279	64.9481	65.3878	F3	46	51	0
280	65.3303	65.6772	Bb4	73	58	0
281	65.3534	65.5522	F4	51	56	0
282	65.3575	66.1834	C#3	41	46	0
283	65.3691	65.6847	G3	34	49	0
284	66.1419	67.9741	Bb4	73	48	0
285	66.1512	66.6066	E4	69	56	0
286	66.1584	66.5566	C3	46	51	0
287	66.1834	67.2909	G3	46	46	0
288	66.5138	66.9972	D4	70	55	0
289	66.5387	66.9972	Bb2	46	51	0
290	66.9678	67.3888	E4	59	54	0
291	66.9722	67.3491	C3	36	49	0
292	67.7659	68.1803	G#4	54	53	0
293	67.77	68.2262	C4	43	50	0
294	67.7762	68.1566	C3	41	50	0
295	67.7834	68.2428	E4	46	51	0
296	68.1294	68.6128	G4	67	55	0
297	68.5616	68.9659	G#4	77	58	0
298	68.5669	68.9325	E4	64	56	0
299	68.5919	69.5428	C3	41	45	0
300	68.6034	68.8553	C4	44	53	0
301	69.4231	70.2897	F2	38	45	0
302	69.4325	70.0575	F4	66	53	0
303	69.4325	71.7794	G#4	72	47	0
304	69.4584	70.2897	C4	49	48	0
305	69.8128	70.3784	Eb4	69	54	0
306	70.2409	70.6522	C#4	63	55	0
307	70.2709	70.7178	Bb2	41	49	0
308	71.1459	71.6075	F#4	51	52	0
309	71.1647	71.5553	Bb3	39	49	0
310	71.1709	71.6709	C#4	34	46	0
311	71.2003	71.7347	Bb2	34	46	0
312	71.5356	72.1491	F4	62	53	0
313	71.5825	71.745	A3	50	57	0
314	71.9428	72.3053	F#4	74	58	0
315	71.9647	72.2887	Bb3	47	53	0
316	71.9647	72.2106	C#4	50	55	0
317	71.9772	72.27	Bb2	44	52	0
318	72.7481	73.1762	Bb4	72	56	0
319	72.7481	74.0022	C#5	75	51	0
320	72.7659	73.2128	F#3	53	52	0
321	72.7784	73.2222	Bb2	47	51	0
322	73.1128	73.7512	A4	75	55	0
323	73.1191	73.6534	F3	61	53	0
324	73.5512	74.6159	F#3	55	48	0
325	73.5553	74.4553	Bb4	78	53	0
326	73.5691	73.8731	Bb2	45	53	0
327	74.3616	74.6241	Bb2	48	54	0
328	74.3753	74.7959	C5	72	57	0
329	74.7334	75.3034	Bb4	81	56	0
330	75.1941	75.5919	G3	49	52	0
331	75.2075	75.6784	Bb2	47	51	0
332	75.2116	76.2784	E5	85	53	0
333	75.2169	75.5919	C5	68	56	0
334	76.0356	76.6566	C5	79	55	0
335	76.0491	76.2784	F4	66	59	0
336	76.0534	76.3334	G#3	59	56	0
337	76.07	76.5159	G#2	51	52	0
338	76.4169	76.6397	G3	65	59	0
339	76.4209	76.6097	G4	77	62	0
340	76.9428	79.0491	F3	50	43	0
341	76.9597	77.5472	C#3	52	51	0
342	76.9597	77.3753	G#4	76	57	0
343	76.9597	78.8637	F5	87	50	0
344	77.8241	78.2638	C5	67	55	0
345	77.8334	78.1284	G#4	59	56	0
346	77.8378	78.2763	C3	46	51	0
347	78.6669	79.6356	C#5	68	51	0
348	78.6803	79.5347	G#4	45	47	0
349	78.695	79.0678	Bb2	45	51	0
350	79.4991	80.0316	E3	55	52	0
351	79.4991	79.9741	Bb4	68	55	0
352	79.5034	79.97	G4	56	53	0
353	79.5128	80.1909	C#3	45	48	0
354	79.8834	80.4972	G#4	77	55	0
355	79.8888	80.1753	F3	64	57	0
356	80.3388	81.4941	E5	84	53	0
357	80.3481	80.7106	C3	67	56	0
358	80.3522	80.7637	Bb4	69	56	0
359	80.3566	80.6856	G3	60	56	0
360	81.1887	81.4616	G3	62	57	0
361	81.1909	81.5034	C3	60	56	0
362	81.1981	81.5597	C5	78	58	0
363	81.2053	81.5553	Bb4	75	58	0
364	82.32	84.2409	F5	87	50	0
365	82.3263	84.5928	F2	56	44	0
366	82.3294	84.5928	F3	62	45	0
367	82.3334	82.9513	Bb4	65	53	0
368	82.3378	82.9722	C5	73	54	0
369	83.3741	83.8428	G#4	57	53	0
370	83.3741	83.8169	C5	67	55	0
371	83.8003	84.3366	Bb4	64	54	0
372	83.8222	84.3084	G4	48	51	0
373	84.3128	84.87	G#4	48	50	0
374	84.3169	84.8878	C5	55	51	0
375	85.5428	86.0897	F5	47	50	0
376	85.5647	86.5709	F3	25	39	0
377	85.9794	86.5928	Eb5	42	48	0
378	86.4347	88.5428	Bb3	36	39	0
379	86.4347	88.1116	D5	51	45	0
380	87.2919	87.7897	B4	54	52	0
381	87.2991	87.8084	G#4	42	49	0
382	87.6941	88.245	Bb4	66	54	0
383	87.7003	88.2597	F#4	50	50	0
384	88.1378	89.5616	G#4	58	47	0
385	88.1606	89.1159	F4	44	46	0
386	88.9741	89.5441	Eb5	51	51	0
387	88.9834	89.6178	Bb3	40	47	0
388	89.3628	89.8784	F5	66	54	0
389	89.8066	90.8159	Eb3	44	46	0
390	89.8397	90.8116	F#5	67	51	0
391	90.7075	91.0816	F#4	51	53	0
392	90.7544	91.2209	Eb4	30	45	0
393	91.0794	91.6022	G#4	66	54	0
394	91.1222	91.5534	F4	45	51	0
395	91.5347	91.9941	Bb4	58	53	0
396	91.5919	91.9116	F#4	30	47	0
397	92.3834	93.3356	Eb5	66	51	0
398	92.4012	93.2825	Eb3	40	45	0
399	92.7825	93.4022	C#5	74	55	0
400	93.2387	95.2691	G#3	41	41	0
401	93.2544	95.0856	C5	71	48	0
402	94.1366	94.6441	C4	28	44	0
403	94.1366	94.5709	Eb4	42	50	0
404	94.5366	94.9647	C#4	41	49	0
405	94.5366	94.9566	F4	50	52	0
406	94.9647	96.2584	F#4	43	44	0
407	94.9909	95.9897	Eb4	28	40	0
408	95.7616	96.3566	C#5	64	53	0
409	95.7919	96.1816	G#3	40	50	0
410	96.1628	96.7325	Eb5	71	55	0
411	96.6388	97.0316	C#3	42	50	0
412	96.6816	97.3178	F5	72	54	0
413	97.5772	97.9753	G#4	48	52	0
414	97.6034	98.0522	F4	27	44	0
415	97.995	98.2628	F#4	40	52	0
416	98.0066	98.4147	Eb4	36	48	0
417	98.4147	100.157	F4	39	41	0
418	98.4272	101.362	C#4	34	36	0
419	99.2638	99.72	C#5	50	52	0
420	99.2678	100.111	C#3	33	43	0
421	99.6472	100.164	C5	59	53	0
422	100.113	100.599	F#3	31	45	0
423	100.113	100.604	Bb4	43	49	0
424	100.133	100.476	F#4	38	50	0
425	100.97	101.396	Bb4	62	55	0
426	100.986	101.611	F#4	51	50	0
427	101.007	101.433	F#3	39	49	0
428	101.382	101.59	F3	56	57	0
429	101.814	102.318	F#5	71	55	0
430	101.827	102.298	Bb4	58	53	0
431	101.85	102.354	Eb3	45	50	0
432	101.854	102.376	Eb4	40	48	0
433	102.662	102.798	Eb3	43	56	0
434	102.666	103.554	F#5	73	53	0
435	102.674	103.785	Bb4	60	49	0
436	102.682	103.138	Eb4	45	50	0
437	103.06	103.685	F5	81	56	0
438	103.09	103.269	F4	59	59	0
439	103.499	103.988	C4	51	51	0
440	103.513	103.872	F#4	47	52	0
441	103.517	103.907	Eb5	70	57	0
442	104.297	104.746	Eb5	80	57	0
443	104.314	104.804	F#4	47	50	0
444	104.319	104.746	C4	52	52	0
445	104.333	104.735	A4	59	54	0
446	104.688	104.782	Bb4	81	66	0
447	104.695	105.057	Bb3	61	55	0
448	105.107	105.48	C6	81	59	0
449	105.116	105.53	A3	52	53	0
450	105.116	105.466	F#4	47	52	0
451	105.127	105.414	C5	71	58	0
452	105.987	106.855	C6	77	53	0
453	106.014	106.685	F4	38	46	0
454	106.028	106.088	C5	50	63	0
455	106.044	106.983	A3	35	43	0
456	106.092	106.499	C5	35	48	0
457	106.373	106.908	Bb5	75	56	0
458	106.817	107.226	A5	63	55	0
459	106.851	107.238	F5	54	53	0
460	106.861	107.64	Eb4	41	46	0
461	106.887	107.023	C5	44	57	0
462	107.023	107.107	C5	6	35	0
463	107.611	108.41	A5	68	52	0
464	107.63	108.087	F5	55	53	0
465	107.632	108.219	F4	46	49	0
466	107.643	107.991	C5	55	54	0
467	108.007	108.499	Eb4	60	53	0
468	108.419	108.82	Bb5	66	56	0
469	108.428	108.855	D4	58	54	0
470	108.432	108.835	Bb4	52	53	0
471	108.442	108.876	F5	57	53	0
472	109.195	110.091	Bb5	70	52	0
473	109.217	110.012	D4	54	49	0
474	109.22	109.703	F5	61	54	0
475	109.223	109.748	Bb4	48	50	0
476	109.57	110.11	G#5	75	56	0
477	109.976	110.469	Eb4	43	49	0
478	109.976	110.476	F#5	69	55	0
479	109.995	110.318	F5	57	55	0
480	110.007	110.318	Bb4	40	51	0
481	110.761	111.111	F#5	74	58	0
482	110.787	111.16	Bb4	55	54	0
483	110.787	111.085	Eb5	61	56	0
484	110.796	111.33	Eb4	53	51	0
485	111.173	111.576	C#4	64	55	0
486	111.582	112.067	F#5	71	56	0
487	111.596	112.123	Eb5	68	55	0
488	111.597	112.432	Bb4	57	50	0
489	111.605	111.918	C4	57	55	0
490	112.392	112.894	C4	64	54	0
491	112.392	112.901	A4	65	54	0
492	112.392	112.878	F#5	70	55	0
493	112.401	112.828	Eb5	66	55	0
494	112.768	113.308	Bb4	78	56	0
495	112.77	113.128	Bb3	64	56	0
496	113.189	113.635	F#5	79	57	0
497	113.198	113.565	A3	58	55	0
498	113.198	113.56	C5	71	57	0
499	113.211	114.049	Eb5	67	52	0
500	113.983	114.423	F5	81	58	0
501	113.999	114.458	F4	43	50	0
502	114.011	114.449	C#5	69	56	0
503	114.022	114.907	A3	33	43	0
504	114.382	114.787	C5	69	56	0
505	114.394	114.579	Eb4	47	56	0
506	114.807	115.683	F5	63	51	0
507	114.819	115.139	Bb4	53	54	0
508	114.833	115.277	Bb3	43	50	0
509	114.843	115.224	C#4	37	49	0
510	115.642	116.624	F#5	65	51	0
511	115.645	116.137	C#4	37	47	0
512	115.664	116.125	Bb4	44	50	0
513	115.696	116.008	Bb3	38	50	0
514	116.051	116.116	G#3	50	62	0
515	116.061	116.653	F5	67	54	0
516	116.478	116.903	C#4	35	48	0
517	116.482	116.837	Eb5	58	55	0
518	116.487	116.821	Bb4	47	53	0
519	116.494	116.829	F#3	37	50	0
520	117.332	118.368	Eb5	55	48	0
521	117.362	117.751	A4	41	50	0
522	117.366	117.685	F#3	33	48	0
523	117.38	117.791	C4	38	49	0
524	117.732	117.953	C#4	40	53	0
525	117.732	118.296	C#5	73	55	0
526	117.737	117.937	Bb4	62	59	0
527	117.751	117.895	F3	45	57	0
528	118.161	118.589	C5	74	57	0
529	118.165	118.611	Bb4	69	56	0
530	118.174	118.415	Eb4	55	56	0
531	118.192	118.599	Eb3	53	53	0
532	118.951	119.396	C5	74	57	0
533	118.955	119.443	A4	60	53	0
534	118.96	119.443	F#4	60	53	0
535	118.971	119.451	Eb3	53	52	0
536	119.351	119.79	C#3	61	54	0
537	119.351	119.601	C#5	85	61	0
538	119.355	119.86	Bb4	75	56	0
539	119.78	120.632	Eb5	82	54	0
540	119.785	120.068	C3	64	57	0
541	119.801	120.246	A4	51	52	0
542	119.811	120.216	F#4	64	55	0
543	120.601	121.082	C3	73	56	0
544	120.61	121.11	A4	67	55	0
545	120.61	121.055	C5	82	58	0
546	120.619	121.105	F#4	64	54	0
547	121.01	121.25	C#5	85	62	0
548	121.02	121.589	Bb2	71	55	0
549	121.027	121.615	Bb4	77	55	0
550	121.507	122.488	A2	56	49	0
551	121.532	121.912	Eb5	76	58	0
552	121.55	122.118	C5	77	56	0
553	121.56	121.915	F#4	62	56	0
554	122.396	122.893	C#5	75	56	0
555	122.405	123.335	F2	49	47	0
556	122.411	122.912	F4	60	53	0
557	122.411	122.871	Bb4	64	55	0
558	122.811	123.318	C5	71	55	0
559	122.826	123.27	A4	60	54	0
560	123.282	126.851	C#5	67	44	0
561	123.302	125.511	Bb4	59	45	0
562	123.311	123.777	Bb2	46	50	0
563	123.311	125.302	F4	43	42	0
564	124.183	124.728	Bb2	59	53	0
565	124.56	125.086	G#2	71	55	0
566	124.989	125.429	F#2	65	55	0
567	125.841	126.329	F#2	61	54	0
568	125.841	126.393	Bb4	66	54	0
569	125.852	126.307	F4	59	54	0
570	126.235	126.751	F2	68	55	0
571	126.718	127.143	Eb2	41	50	0
572	126.718	129.002	Bb4	60	45	0
573	126.726	128.97	F#4	48	42	0
574	127.63	127.84	F#5	62	59	0
575	127.647	127.926	Eb2	41	52	0
576	128.079	128.819	F5	74	54	0
577	128.489	128.793	Eb2	46	53	0
578	128.513	129.014	Eb5	71	55	0
579	128.907	129.064	C#5	79	63	0
580	129.404	130.038	C5	82	56	0
581	129.426	130.116	F#4	69	53	0
582	129.436	130.343	Eb2	46	47	0
583	129.447	129.667	Eb4	57	57	0
584	129.907	130.203	Bb4	76	59	0
585	129.932	130.165	C#4	52	56	0
586	130.78	131.435	A4	67	53	0
587	130.803	131.439	F4	53	50	0
588	130.812	131.33	F2	39	48	0
589	130.812	131.379	C4	46	49	0
590	132.17	132.686	F4	34	46	0
591	132.21	132.757	F3	25	42	0
592	132.21	132.682	A3	27	44	0
593	132.59	133.004	G4	50	52	0
594	132.604	133.016	Bb3	39	49	0
595	133.02	133.455	A4	49	52	0
596	133.033	133.496	C4	35	47	0
597	133.039	133.438	F3	30	46	0
598	133.847	134.268	A4	61	54	0
599	133.851	134.564	Eb4	60	51	0
600	133.88	134.185	F4	48	53	0
601	133.885	134.276	F3	33	47	0
602	133.888	134.655	C4	36	45	0
603	134.713	135.157	A4	53	52	0
604	134.718	135.344	C#4	51	50	0
605	134.746	135.236	F4	43	49	0
606	134.75	136.657	Bb3	33	39	0
607	134.774	135.233	F3	19	40	0
608	135.536	135.894	G4	49	53	0
609	135.551	135.982	F3	30	46	0
610	135.561	135.932	E4	45	51	0
611	135.911	136.05	A4	61	61	0
612	135.936	136.362	F4	47	51	0
613	136.326	136.589	F3	35	50	0
614	136.338	136.663	Bb4	66	57	0
615	136.38	136.645	G4	50	55	0
616	137.163	137.591	Bb4	70	56	0
617	137.179	138.068	F4	59	50	0
618	137.191	137.523	G4	56	55	0
619	137.195	137.994	C#4	45	47	0
620	137.218	137.694	F3	45	50	0
621	138.012	138.937	E4	69	52	0
622	138.012	138.468	Bb4	71	56	0
623	138.02	138.425	C4	46	51	0
624	138.027	138.438	F3	35	48	0
625	138.036	138.574	G4	57	52	0
626	138.853	139.373	F4	62	53	0
627	138.863	139.263	A4	65	56	0
628	138.872	139.293	C4	52	53	0
629	138.903	139.382	F3	31	45	0
630	139.233	139.382	Bb4	79	63	0
631	139.247	139.443	C#4	54	57	0
632	139.258	139.466	G4	62	59	0
633	139.665	139.916	F3	49	55	0
634	139.678	140.013	Eb4	52	54	0
635	139.683	140.121	C5	71	56	0
636	139.694	140.047	A4	56	54	0
637	140.525	140.943	C5	68	56	0
638	140.547	141.01	Eb4	48	51	0
639	140.552	140.903	F3	45	52	0
640	140.552	140.961	A4	50	52	0
641	140.562	141.557	F4	42	45	0
642	141.421	142.352	C5	83	54	0
643	141.433	141.814	C#4	50	53	0
644	141.44	142.308	A4	62	51	0
645	141.444	141.807	F3	50	53	0
646	142.264	142.745	F3	35	47	0
647	142.27	142.689	Bb4	59	54	0
648	142.285	143.147	F4	43	46	0
649	142.294	142.698	C#4	39	49	0
650	142.647	143.114	C5	66	55	0
651	142.661	143.114	A4	52	52	0
652	142.67	143.108	C4	46	51	0
653	143.087	143.553	C#5	68	55	0
654	143.091	143.45	Bb3	45	52	0
655	143.1	143.561	Bb4	54	52	0
656	143.147	143.46	F3	31	48	0
657	143.843	144.185	C#5	79	59	0
658	143.855	144.167	Bb4	64	57	0
659	143.86	144.379	Bb3	55	52	0
660	143.862	144.802	F4	60	50	0
661	143.902	144.389	F3	37	48	0
662	144.225	144.629	G#3	73	57	0
663	144.645	145.127	C#5	87	58	0
664	144.657	145.124	Bb4	73	56	0
665	144.662	145.074	F#4	72	57	0
666	144.672	145.005	F3	61	56	0
667	144.672	145.029	F#3	59	55	0
668	145.466	145.876	F#3	68	56	0
669	145.466	145.89	C5	83	58	0
670	145.478	145.911	A4	66	55	0
671	145.489	145.89	Eb3	70	56	0
672	145.497	145.926	F#4	70	56	0
673	145.857	146.071	F3	72	60	0
674	145.857	146.055	C#5	90	63	0
675	145.872	146.142	C#3	64	58	0
676	145.872	146.375	Bb4	78	56	0
677	146.314	146.748	Eb5	82	58	0
678	146.327	146.667	C3	59	55	0
679	146.327	146.708	Eb3	60	55	0
680	146.327	146.752	C5	79	58	0
681	146.332	146.671	F#3	60	55	0
682	146.341	146.713	F#4	69	57	0
683	146.38	146.739	A4	17	40	0
684	147.177	147.432	Eb5	87	62	0
685	147.186	147.948	A4	74	54	0
686	147.189	147.595	Eb3	76	57	0
687	147.194	147.91	F#3	78	55	0
688	147.199	147.515	C3	73	58	0
689	147.199	147.454	F#4	76	60	0
690	147.199	147.404	C5	81	62	0
691	147.701	148.81	F5	93	54	0
692	147.707	148.016	C#3	73	58	0
693	147.711	147.963	Bb2	78	60	0
694	147.716	148.083	C#5	89	60	0
695	148.217	151.539	A2	74	45	0
696	148.471	151.51	C3	66	44	0
697	148.564	151.51	Eb3	72	46	0
698	148.682	151.602	F#3	75	46	0
699	148.798	151.299	F#4	78	48	0
700	148.872	151.546	A4	72	46	0
701	148.983	151.579	C5	88	49	0
702	149.091	151.637	Eb5	89	49	0
703	149.382	151.593	F#5	93	50	0
704	152.832	153.866	F5	69	51	0
705	152.85	153.343	F4	36	47	0
706	152.854	153.213	C5	51	53	0
707	152.866	153.646	A3	42	46	0
708	153.768	154.675	C#5	52	48	0
709	153.785	154.111	Bb4	44	52	0
710	153.815	154.201	Bb3	27	45	0
711	153.85	154.111	F4	23	45	0
712	154.662	155.386	Eb5	60	51	0
713	154.669	155.21	Bb3	36	47	0
714	154.688	155.114	Bb4	50	52	0
715	154.708	155.114	F#3	18	40	0
716	155.047	155.621	C5	71	55	0
717	155.077	155.319	F#4	57	57	0
718	155.087	155.578	Eb3	42	49	0
719	155.517	156.186	C#5	67	53	0
720	155.533	155.971	Bb4	52	52	0
721	155.547	157.464	F3	39	41	0
722	155.56	155.858	F4	31	48	0
723	156.504	157.049	C5	53	51	0
724	156.508	157.668	F2	25	38	0
725	156.526	157.063	A4	41	48	0
726	156.547	157.157	Eb4	26	42	0
727	157.007	157.108	Bb4	50	60	0
728	157.562	169.015	Bb4	50	39	0
729	157.575	158.066	Bb2	33	46	0
730	157.589	158.013	D4	47	51	0
731	158.55	158.974	F4	40	49	0
732	158.554	158.683	D4	44	57	0
733	158.579	159.16	F3	34	45	0
734	158.589	159.103	Bb2	30	45	0
735	158.961	159.471	F#4	55	52	0
736	158.974	159.368	Eb3	46	51	0
737	158.988	159.413	Eb4	38	49	0
738	159.398	159.77	G#4	44	51	0
739	159.41	159.802	D3	25	44	0
740	159.417	159.736	F4	31	48	0
741	159.43	159.891	Bb2	17	38	0
742	159.791	160.22	C3	42	50	0
743	160.148	160.537	G#4	63	55	0
744	160.16	160.505	F4	47	52	0
745	160.186	160.689	Bb2	28	44	0
746	160.186	160.554	Eb3	40	50	0
747	160.537	160.675	D3	55	59	0
748	161.053	162.326	G#4	66	49	0
749	161.078	162.205	F4	50	47	0
750	161.088	162.063	D3	40	45	0
751	161.095	161.646	Bb2	33	45	0
752	162.095	162.635	Eb3	37	47	0
753	162.098	163.616	F#4	52	45	0
754	162.11	162.742	Bb2	40	47	0
755	162.129	163.668	Eb4	40	42	0
756	162.501	163.101	F3	53	51	0
757	163.004	163.604	F#3	48	50	0
758	163.057	163.528	Bb2	29	45	0
759	164.12	166.05	F#3	35	39	0
760	164.12	164.802	F4	38	46	0
761	164.129	165.2	Bb2	36	43	0
762	164.129	164.44	D4	41	51	0
763	164.782	165.151	C4	30	46	0
764	164.789	166.207	Eb4	37	42	0
765	165.976	168.861	F4	40	39	0
766	165.995	168.468	F3	37	38	0
767	166.001	168.125	Bb2	32	38	0
768	166.002	168.817	D4	36	37	0
#SusPed	0.0575	15	0
#SusPed	0.106563	31	0
#SusPed	0.155625	45	0
#SusPed	0.205	63	0
#SusPed	0.254063	75	0
#SusPed	0.303125	93	0
#SusPed	0.3525	105	0
#SusPed	0.401562	127	0
#SusPed	1.58969	99	0
#SusPed	1.60844	72	0
#SusPed	1.62844	58	0
#SusPed	1.65219	40	0
#SusPed	1.66906	28	0
#SusPed	1.70969	31	0
#SusPed	1.73031	36	0
#SusPed	1.74812	45	0
#SusPed	1.77219	55	0
#SusPed	1.79094	62	0
#SusPed	1.81062	65	0
#SusPed	1.82937	68	0
#SusPed	1.85031	72	0
#SusPed	1.87312	81	0
#SusPed	1.89094	97	0
#SusPed	1.90844	127	0
#SusPed	2.40969	116	0
#SusPed	2.43031	84	0
#SusPed	2.44906	66	0
#SusPed	2.47	52	0
#SusPed	2.48875	33	0
#SusPed	2.50969	24	0
#SusPed	2.52937	25	0
#SusPed	2.55219	30	0
#SusPed	2.57094	37	0
#SusPed	2.58875	47	0
#SusPed	2.6075	57	0
#SusPed	2.6325	63	0
#SusPed	2.65219	66	0
#SusPed	2.67219	68	0
#SusPed	2.69094	74	0
#SusPed	2.71156	84	0
#SusPed	2.72937	103	0
#SusPed	2.75219	127	0
#SusPed	4.28969	94	0
#SusPed	4.30969	74	0
#SusPed	4.33031	59	0
#SusPed	4.34906	34	0
#SusPed	4.36906	0	0
#SusPed	4.46906	25	0
#SusPed	4.49094	43	0
#SusPed	4.50969	57	0
#SusPed	4.5325	64	0
#SusPed	4.55219	67	0
#SusPed	4.57094	70	0
#SusPed	4.59094	76	0
#SusPed	4.61156	88	0
#SusPed	4.63031	127	0
#SusPed	5.11281	103	0
#SusPed	5.12937	76	0
#SusPed	5.15031	61	0
#SusPed	5.16781	40	0
#SusPed	5.18969	0	0
#SusPed	5.28969	13	0
#SusPed	5.30969	31	0
#SusPed	5.32844	45	0
#SusPed	5.34906	57	0
#SusPed	5.37	63	0
#SusPed	5.39094	65	0
#SusPed	5.41062	67	0
#SusPed	5.43156	70	0
#SusPed	5.45219	75	0
#SusPed	5.47312	82	0
#SusPed	5.48875	92	0
#SusPed	5.50969	102	0
#SusPed	5.52937	110	0
#SusPed	5.55031	115	0
#SusPed	5.67	112	0
#SusPed	5.69094	108	0
#SusPed	5.70844	102	0
#SusPed	5.73031	95	0
#SusPed	5.74812	89	0
#SusPed	5.77	83	0
#SusPed	5.79094	78	0
#SusPed	5.80844	72	0
#SusPed	5.82937	65	0
#SusPed	5.85031	58	0
#SusPed	5.87	51	0
#SusPed	5.89094	41	0
#SusPed	5.91063	17	0
#SusPed	5.93031	0	0
#SusPed	6.15125	35	0
#SusPed	6.17	47	0
#SusPed	6.18875	54	0
#SusPed	6.20969	61	0
#SusPed	6.23031	65	0
#SusPed	6.25031	70	0
#SusPed	6.26781	85	0
#SusPed	6.29094	127	0
#SusPed	6.81156	82	0
#SusPed	6.82937	62	0
#SusPed	6.85031	20	0
#SusPed	6.86906	0	0
#SusPed	7.00844	33	0
#SusPed	7.03156	49	0
#SusPed	7.05125	61	0
#SusPed	7.06906	68	0
#SusPed	7.08781	81	0
#SusPed	7.11062	127	0
#SusPed	7.71063	99	0
#SusPed	7.73344	78	0
#SusPed	7.75031	64	0
#SusPed	7.76906	52	0
#SusPed	7.78969	35	0
#SusPed	7.81156	0	0
#SusPed	9.51062	21	0
#SusPed	9.52937	38	0
#SusPed	9.55219	51	0
#SusPed	9.56906	60	0
#SusPed	9.58969	63	0
#SusPed	9.61063	65	0
#SusPed	9.62938	70	0
#SusPed	9.65031	84	0
#SusPed	9.66906	127	0
#SusPed	10.9116	120	0
#SusPed	10.9284	113	0
#SusPed	10.9503	108	0
#SusPed	10.9691	104	0
#SusPed	10.9897	101	0
#SusPed	11.0084	98	0
#SusPed	11.0294	96	0
#SusPed	11.0503	93	0
#SusPed	11.0691	90	0
#SusPed	11.0897	85	0
#SusPed	11.1084	78	0
#SusPed	11.1294	71	0
#SusPed	11.1534	62	0
#SusPed	11.17	50	0
#SusPed	11.1919	17	0
#SusPed	11.2084	0	0
#SusPed	11.3491	31	0
#SusPed	11.37	49	0
#SusPed	11.3887	61	0
#SusPed	11.4106	66	0
#SusPed	11.4316	70	0
#SusPed	11.4491	78	0
#SusPed	11.4691	90	0
#SusPed	11.4897	122	0
#SusPed	11.5106	127	0
#SusPed	11.9294	107	0
#SusPed	11.9512	95	0
#SusPed	11.9731	85	0
#SusPed	11.9897	75	0
#SusPed	12.0097	63	0
#SusPed	12.0284	49	0
#SusPed	12.0491	0	0
#SusPed	12.9294	27	0
#SusPed	12.9491	44	0
#SusPed	12.9691	58	0
#SusPed	12.9897	64	0
#SusPed	13.0084	68	0
#SusPed	13.0284	75	0
#SusPed	13.0503	93	0
#SusPed	13.0691	127	0
#SusPed	13.7284	80	0
#SusPed	13.7481	58	0
#SusPed	13.7709	18	0
#SusPed	13.7897	0	0
#SusPed	13.9097	18	0
#SusPed	13.9294	40	0
#SusPed	13.9491	55	0
#SusPed	13.9669	63	0
#SusPed	13.9919	66	0
#SusPed	14.0128	69	0
#SusPed	14.0284	76	0
#SusPed	14.0491	90	0
#SusPed	14.07	127	0
#SusPed	14.5919	100	0
#SusPed	14.6106	79	0
#SusPed	14.6303	66	0
#SusPed	14.6512	53	0
#SusPed	14.6691	25	0
#SusPed	14.6919	0	0
#SusPed	14.8097	18	0
#SusPed	14.8272	40	0
#SusPed	14.8503	56	0
#SusPed	14.8691	65	0
#SusPed	14.8878	74	0
#SusPed	14.9116	92	0
#SusPed	14.9325	127	0
#SusPed	15.5481	109	0
#SusPed	15.57	96	0
#SusPed	15.5878	87	0
#SusPed	15.6097	76	0
#SusPed	15.6284	69	0
#SusPed	15.6491	64	0
#SusPed	15.6709	60	0
#SusPed	15.6919	58	0
#SusPed	15.7316	57	0
#SusPed	15.7491	54	0
#SusPed	15.7678	50	0
#SusPed	15.7888	45	0
#SusPed	15.8128	40	0
#SusPed	15.8325	34	0
#SusPed	15.8491	27	0
#SusPed	15.8709	14	0
#SusPed	15.8897	0	0
#SusPed	16.5691	19	0
#SusPed	16.5897	31	0
#SusPed	16.6084	45	0
#SusPed	16.6303	57	0
#SusPed	16.6491	63	0
#SusPed	16.6691	67	0
#SusPed	16.6897	73	0
#SusPed	16.7084	85	0
#SusPed	16.7303	127	0
#SusPed	18.0303	115	0
#SusPed	18.0512	84	0
#SusPed	18.0669	67	0
#SusPed	18.0897	51	0
#SusPed	18.1106	0	0
#SusPed	18.2897	29	0
#SusPed	18.3084	41	0
#SusPed	18.3294	55	0
#SusPed	18.3491	64	0
#SusPed	18.3678	69	0
#SusPed	18.3887	80	0
#SusPed	18.4097	111	0
#SusPed	18.4303	127	0
#SusPed	18.8503	103	0
#SusPed	18.8691	89	0
#SusPed	18.8919	78	0
#SusPed	18.9097	69	0
#SusPed	18.9303	62	0
#SusPed	18.9544	57	0
#SusPed	18.9691	52	0
#SusPed	18.9897	49	0
#SusPed	19.0097	46	0
#SusPed	19.0284	39	0
#SusPed	19.0491	22	0
#SusPed	19.0691	0	0
#SusPed	19.8919	29	0
#SusPed	19.9084	47	0
#SusPed	19.9316	59	0
#SusPed	19.9491	63	0
#SusPed	19.97	64	0
#SusPed	19.9887	66	0
#SusPed	20.0084	72	0
#SusPed	20.0316	89	0
#SusPed	20.0491	127	0
#SusPed	21.2503	109	0
#SusPed	21.27	94	0
#SusPed	21.2909	84	0
#SusPed	21.3097	76	0
#SusPed	21.3294	69	0
#SusPed	21.3481	64	0
#SusPed	21.3709	60	0
#SusPed	21.3928	54	0
#SusPed	21.4084	45	0
#SusPed	21.4284	20	0
#SusPed	21.4503	0	0
#SusPed	21.6084	34	0
#SusPed	21.6272	52	0
#SusPed	21.6503	64	0
#SusPed	21.6691	72	0
#SusPed	21.6887	87	0
#SusPed	21.7097	127	0
#SusPed	22.2284	106	0
#SusPed	22.2481	93	0
#SusPed	22.2691	83	0
#SusPed	22.2919	76	0
#SusPed	22.3084	69	0
#SusPed	22.3284	63	0
#SusPed	22.3512	58	0
#SusPed	22.3691	56	0
#SusPed	22.3878	55	0
#SusPed	22.4084	53	0
#SusPed	22.4316	48	0
#SusPed	22.4491	38	0
#SusPed	22.4678	12	0
#SusPed	22.4887	0	0
#SusPed	23.1919	18	0
#SusPed	23.2084	34	0
#SusPed	23.2316	46	0
#SusPed	23.2491	57	0
#SusPed	23.2691	63	0
#SusPed	23.2878	67	0
#SusPed	23.3084	73	0
#SusPed	23.3294	87	0
#SusPed	23.3503	127	0
#SusPed	24.2709	122	0
#SusPed	24.2866	113	0
#SusPed	24.3097	108	0
#SusPed	24.3294	104	0
#SusPed	24.3481	100	0
#SusPed	24.37	97	0
#SusPed	24.3878	96	0
#SusPed	24.4116	95	0
#SusPed	24.4325	94	0
#SusPed	24.4709	93	0
#SusPed	24.4897	92	0
#SusPed	24.5116	91	0
#SusPed	24.5491	90	0
#SusPed	24.5669	89	0
#SusPed	24.6284	88	0
#SusPed	24.7106	87	0
#SusPed	24.7709	86	0
#SusPed	24.7897	84	0
#SusPed	24.8075	83	0
#SusPed	24.8284	81	0
#SusPed	24.8503	80	0
#SusPed	24.8691	78	0
#SusPed	24.8897	75	0
#SusPed	24.9084	70	0
#SusPed	24.9294	64	0
#SusPed	24.9503	57	0
#SusPed	24.97	46	0
#SusPed	24.9887	0	0
#SusPed	25.1691	31	0
#SusPed	25.1878	48	0
#SusPed	25.2084	62	0
#SusPed	25.2284	66	0
#SusPed	25.2491	68	0
#SusPed	25.2678	71	0
#SusPed	25.2878	77	0
#SusPed	25.3097	92	0
#SusPed	25.3294	127	0
#SusPed	25.7897	118	0
#SusPed	25.8106	106	0
#SusPed	25.8294	100	0
#SusPed	25.8503	94	0
#SusPed	25.8691	89	0
#SusPed	25.8887	86	0
#SusPed	25.9106	83	0
#SusPed	25.9294	80	0
#SusPed	25.9472	77	0
#SusPed	25.9691	74	0
#SusPed	25.9897	71	0
#SusPed	26.0084	68	0
#SusPed	26.0294	66	0
#SusPed	26.0491	64	0
#SusPed	26.0691	62	0
#SusPed	26.0888	61	0
#SusPed	26.1272	60	0
#SusPed	26.1481	59	0
#SusPed	26.1691	58	0
#SusPed	26.1897	56	0
#SusPed	26.2106	54	0
#SusPed	26.2294	51	0
#SusPed	26.2512	47	0
#SusPed	26.2691	41	0
#SusPed	26.2897	35	0
#SusPed	26.3106	29	0
#SusPed	26.3294	21	0
#SusPed	26.3481	0	0
#SusPed	26.8106	13	0
#SusPed	26.8294	27	0
#SusPed	26.8481	38	0
#SusPed	26.8678	48	0
#SusPed	26.8878	56	0
#SusPed	26.9116	60	0
#SusPed	26.9272	61	0
#SusPed	26.9481	62	0
#SusPed	26.97	63	0
#SusPed	26.9909	65	0
#SusPed	27.0106	67	0
#SusPed	27.0294	72	0
#SusPed	27.0503	80	0
#SusPed	27.0691	94	0
#SusPed	27.0888	113	0
#SusPed	27.1084	127	0
#SusPed	27.4878	109	0
#SusPed	27.5116	101	0
#SusPed	27.5303	95	0
#SusPed	27.5491	90	0
#SusPed	27.57	86	0
#SusPed	27.5919	83	0
#SusPed	27.6084	81	0
#SusPed	27.6294	79	0
#SusPed	27.6491	76	0
#SusPed	27.6691	73	0
#SusPed	27.6897	69	0
#SusPed	27.7084	65	0
#SusPed	27.7303	62	0
#SusPed	27.7491	60	0
#SusPed	27.7691	59	0
#SusPed	27.8084	57	0
#SusPed	27.8294	55	0
#SusPed	27.8481	50	0
#SusPed	27.8691	44	0
#SusPed	27.8897	37	0
#SusPed	27.9084	28	0
#SusPed	27.9294	11	0
#SusPed	27.9481	0	0
#SusPed	28.6294	18	0
#SusPed	28.6481	35	0
#SusPed	28.6669	47	0
#SusPed	28.6919	57	0
#SusPed	28.7084	61	0
#SusPed	28.7303	62	0
#SusPed	28.7481	63	0
#SusPed	28.7678	65	0
#SusPed	28.7888	70	0
#SusPed	28.8106	85	0
#SusPed	28.8272	127	0
#SusPed	29.2294	99	0
#SusPed	29.2491	70	0
#SusPed	29.2691	55	0
#SusPed	29.2897	37	0
#SusPed	29.3106	38	0
#SusPed	29.3294	47	0
#SusPed	29.3503	58	0
#SusPed	29.3691	66	0
#SusPed	29.3878	71	0
#SusPed	29.4097	82	0
#SusPed	29.4303	102	0
#SusPed	29.4491	127	0
#SusPed	29.6316	116	0
#SusPed	29.6491	76	0
#SusPed	29.6709	59	0
#SusPed	29.6897	51	0
#SusPed	29.7128	55	0
#SusPed	29.7284	60	0
#SusPed	29.7503	63	0
#SusPed	29.7709	66	0
#SusPed	29.7878	71	0
#SusPed	29.8106	81	0
#SusPed	29.8284	101	0
#SusPed	29.8491	127	0
#SusPed	30.0928	120	0
#SusPed	30.1106	82	0
#SusPed	30.1294	66	0
#SusPed	30.1481	56	0
#SusPed	30.17	48	0
#SusPed	30.1887	47	0
#SusPed	30.2084	50	0
#SusPed	30.2272	55	0
#SusPed	30.2491	60	0
#SusPed	30.2669	63	0
#SusPed	30.2878	65	0
#SusPed	30.3084	68	0
#SusPed	30.3316	74	0
#SusPed	30.3491	86	0
#SusPed	30.37	127	0
#SusPed	31.3097	115	0
#SusPed	31.3272	110	0
#SusPed	31.3512	106	0
#SusPed	31.37	101	0
#SusPed	31.3887	96	0
#SusPed	31.4116	92	0
#SusPed	31.4272	88	0
#SusPed	31.4513	85	0
#SusPed	31.4731	83	0
#SusPed	31.4887	79	0
#SusPed	31.5097	76	0
#SusPed	31.5284	72	0
#SusPed	31.5503	69	0
#SusPed	31.5691	67	0
#SusPed	31.5866	66	0
#SusPed	31.6075	65	0
#SusPed	31.6472	64	0
#SusPed	31.6887	63	0
#SusPed	31.7106	61	0
#SusPed	31.7303	60	0
#SusPed	31.7503	58	0
#SusPed	31.7691	56	0
#SusPed	31.7878	53	0
#SusPed	31.8075	49	0
#SusPed	31.8303	43	0
#SusPed	31.8481	34	0
#SusPed	31.87	11	0
#SusPed	31.8897	0	0
#SusPed	33.6897	11	0
#SusPed	33.7106	27	0
#SusPed	33.7294	39	0
#SusPed	33.7472	49	0
#SusPed	33.7678	56	0
#SusPed	33.7888	60	0
#SusPed	33.8116	61	0
#SusPed	33.8284	63	0
#SusPed	33.8491	65	0
#SusPed	33.8669	68	0
#SusPed	33.8909	73	0
#SusPed	33.9075	83	0
#SusPed	33.9294	98	0
#SusPed	33.9522	127	0
#SusPed	34.8709	104	0
#SusPed	34.8878	92	0
#SusPed	34.9106	84	0
#SusPed	34.9294	78	0
#SusPed	34.9491	74	0
#SusPed	34.9691	71	0
#SusPed	34.9878	68	0
#SusPed	35.0116	66	0
#SusPed	35.0294	64	0
#SusPed	35.0491	62	0
#SusPed	35.0691	61	0
#SusPed	35.0887	60	0
#SusPed	35.1106	59	0
#SusPed	35.1294	57	0
#SusPed	35.1512	54	0
#SusPed	35.17	50	0
#SusPed	35.1897	43	0
#SusPed	35.2106	33	0
#SusPed	35.2284	19	0
#SusPed	35.2491	0	0
#SusPed	36.9491	9	0
#SusPed	36.9691	28	0
#SusPed	36.9878	40	0
#SusPed	37.0075	52	0
#SusPed	37.0303	60	0
#SusPed	37.0472	62	0
#SusPed	37.0678	63	0
#SusPed	37.0878	64	0
#SusPed	37.1084	66	0
#SusPed	37.1294	69	0
#SusPed	37.1472	74	0
#SusPed	37.1678	82	0
#SusPed	37.1887	93	0
#SusPed	37.2097	109	0
#SusPed	37.2316	127	0
#SusPed	37.6897	116	0
#SusPed	37.7075	112	0
#SusPed	37.7294	109	0
#SusPed	37.7481	106	0
#SusPed	37.7709	104	0
#SusPed	37.7888	103	0
#SusPed	37.8097	101	0
#SusPed	37.8316	100	0
#SusPed	37.8472	99	0
#SusPed	37.8691	98	0
#SusPed	37.9075	97	0
#SusPed	37.9272	95	0
#SusPed	37.9481	94	0
#SusPed	37.97	92	0
#SusPed	37.9878	91	0
#SusPed	38.0084	89	0
#SusPed	38.0294	88	0
#SusPed	38.0503	86	0
#SusPed	38.0691	85	0
#SusPed	38.0897	83	0
#SusPed	38.1084	82	0
#SusPed	38.1303	80	0
#SusPed	38.1481	79	0
#SusPed	38.1691	77	0
#SusPed	38.1878	75	0
#SusPed	38.2106	73	0
#SusPed	38.2294	71	0
#SusPed	38.2472	68	0
#SusPed	38.27	66	0
#SusPed	38.2888	65	0
#SusPed	38.3284	64	0
#SusPed	38.37	63	0
#SusPed	38.3888	61	0
#SusPed	38.4084	59	0
#SusPed	38.4284	57	0
#SusPed	38.4491	54	0
#SusPed	38.4678	46	0
#SusPed	38.4897	23	0
#SusPed	38.5106	0	0
#SusPed	38.6491	11	0
#SusPed	38.6691	33	0
#SusPed	38.6866	50	0
#SusPed	38.7097	60	0
#SusPed	38.7284	65	0
#SusPed	38.7503	67	0
#SusPed	38.7678	71	0
#SusPed	38.7878	78	0
#SusPed	38.8116	91	0
#SusPed	38.8272	127	0
#SusPed	39.4909	122	0
#SusPed	39.5066	113	0
#SusPed	39.5284	109	0
#SusPed	39.5503	105	0
#SusPed	39.5678	102	0
#SusPed	39.5878	99	0
#SusPed	39.6075	97	0
#SusPed	39.6284	96	0
#SusPed	39.6522	95	0
#SusPed	39.6678	94	0
#SusPed	39.6866	92	0
#SusPed	39.7116	90	0
#SusPed	39.7284	87	0
#SusPed	39.7472	85	0
#SusPed	39.7669	83	0
#SusPed	39.7897	81	0
#SusPed	39.8084	80	0
#SusPed	39.8294	78	0
#SusPed	39.8481	76	0
#SusPed	39.8691	74	0
#SusPed	39.8878	72	0
#SusPed	39.9097	71	0
#SusPed	39.9316	70	0
#SusPed	39.9491	69	0
#SusPed	39.9669	68	0
#SusPed	39.9887	67	0
#SusPed	40.0084	66	0
#SusPed	40.0294	65	0
#SusPed	40.0481	63	0
#SusPed	40.0691	62	0
#SusPed	40.0887	61	0
#SusPed	40.1084	60	0
#SusPed	40.1472	59	0
#SusPed	40.17	57	0
#SusPed	40.1897	55	0
#SusPed	40.2084	53	0
#SusPed	40.2284	49	0
#SusPed	40.2491	45	0
#SusPed	40.27	37	0
#SusPed	40.2909	28	0
#SusPed	40.3097	15	0
#SusPed	40.3303	0	0
#SusPed	42.5481	17	0
#SusPed	42.5691	27	0
#SusPed	42.5878	31	0
#SusPed	42.6084	35	0
#SusPed	42.6294	40	0
#SusPed	42.6481	47	0
#SusPed	42.6678	54	0
#SusPed	42.6866	58	0
#SusPed	42.7075	59	0
#SusPed	42.7481	60	0
#SusPed	42.7691	61	0
#SusPed	42.7878	62	0
#SusPed	42.8075	63	0
#SusPed	42.8316	64	0
#SusPed	42.8678	65	0
#SusPed	42.8888	67	0
#SusPed	42.9116	70	0
#SusPed	42.9263	75	0
#SusPed	42.9491	83	0
#SusPed	42.9709	96	0
#SusPed	42.9878	127	0
#SusPed	43.6284	113	0
#SusPed	43.6491	108	0
#SusPed	43.6691	104	0
#SusPed	43.6878	100	0
#SusPed	43.7084	95	0
#SusPed	43.7294	90	0
#SusPed	43.7481	81	0
#SusPed	43.7669	70	0
#SusPed	43.7897	61	0
#SusPed	43.8084	47	0
#SusPed	43.8284	24	0
#SusPed	43.8491	0	0
#SusPed	43.9294	22	0
#SusPed	43.9481	38	0
#SusPed	43.9709	52	0
#SusPed	43.9866	62	0
#SusPed	44.0084	66	0
#SusPed	44.0294	67	0
#SusPed	44.0481	69	0
#SusPed	44.0678	72	0
#SusPed	44.0897	79	0
#SusPed	44.1106	91	0
#SusPed	44.1284	122	0
#SusPed	44.1472	127	0
#SusPed	44.6691	109	0
#SusPed	44.6866	101	0
#SusPed	44.7097	94	0
#SusPed	44.7272	89	0
#SusPed	44.7459	85	0
#SusPed	44.77	82	0
#SusPed	44.7897	80	0
#SusPed	44.8075	78	0
#SusPed	44.8284	74	0
#SusPed	44.8491	71	0
#SusPed	44.8678	67	0
#SusPed	44.8887	64	0
#SusPed	44.9075	62	0
#SusPed	44.9294	61	0
#SusPed	44.9678	60	0
#SusPed	44.9888	59	0
#SusPed	45.0075	57	0
#SusPed	45.0272	54	0
#SusPed	45.0481	50	0
#SusPed	45.0678	44	0
#SusPed	45.0897	38	0
#SusPed	45.1128	32	0
#SusPed	45.1262	25	0
#SusPed	45.1491	0	0
#SusPed	45.6481	14	0
#SusPed	45.6669	29	0
#SusPed	45.6887	41	0
#SusPed	45.7084	53	0
#SusPed	45.7272	60	0
#SusPed	45.7503	62	0
#SusPed	45.7897	63	0
#SusPed	45.8084	65	0
#SusPed	45.8294	68	0
#SusPed	45.8534	73	0
#SusPed	45.8691	82	0
#SusPed	45.8878	90	0
#SusPed	45.9075	97	0
#SusPed	45.9284	102	0
#SusPed	45.9512	109	0
#SusPed	45.9691	127	0
#SusPed	46.7272	113	0
#SusPed	46.7512	106	0
#SusPed	46.7678	101	0
#SusPed	46.7878	98	0
#SusPed	46.8084	97	0
#SusPed	46.8481	96	0
#SusPed	46.8691	95	0
#SusPed	46.8897	92	0
#SusPed	46.9084	89	0
#SusPed	46.9294	86	0
#SusPed	46.9472	84	0
#SusPed	46.9691	82	0
#SusPed	46.9866	81	0
#SusPed	47.0272	80	0
#SusPed	47.0472	78	0
#SusPed	47.07	76	0
#SusPed	47.0909	73	0
#SusPed	47.1075	70	0
#SusPed	47.1294	67	0
#SusPed	47.1534	65	0
#SusPed	47.1678	63	0
#SusPed	47.1878	62	0
#SusPed	47.2669	61	0
#SusPed	47.2878	60	0
#SusPed	47.3084	57	0
#SusPed	47.3272	53	0
#SusPed	47.3503	44	0
#SusPed	47.3691	18	0
#SusPed	47.3888	0	0
#SusPed	47.5503	18	0
#SusPed	47.5709	36	0
#SusPed	47.5897	53	0
#SusPed	47.6075	62	0
#SusPed	47.6284	64	0
#SusPed	47.6491	65	0
#SusPed	47.6722	67	0
#SusPed	47.6878	71	0
#SusPed	47.7106	80	0
#SusPed	47.7284	103	0
#SusPed	47.7491	127	0
#SusPed	48.1878	104	0
#SusPed	48.2106	93	0
#SusPed	48.2316	77	0
#SusPed	48.2491	63	0
#SusPed	48.2691	42	0
#SusPed	48.2897	0	0
#SusPed	48.3691	11	0
#SusPed	48.3866	37	0
#SusPed	48.4084	54	0
#SusPed	48.4284	65	0
#SusPed	48.4491	73	0
#SusPed	48.4669	88	0
#SusPed	48.4909	127	0
#SusPed	49.1284	84	0
#SusPed	49.1481	63	0
#SusPed	49.1709	38	0
#SusPed	49.1866	0	0
#SusPed	49.3075	32	0
#SusPed	49.3294	46	0
#SusPed	49.3503	58	0
#SusPed	49.3678	64	0
#SusPed	49.3909	68	0
#SusPed	49.4097	73	0
#SusPed	49.4303	85	0
#SusPed	49.4491	127	0
#SusPed	49.9272	95	0
#SusPed	49.9481	80	0
#SusPed	49.9669	71	0
#SusPed	49.9878	65	0
#SusPed	50.0084	60	0
#SusPed	50.0272	53	0
#SusPed	50.0472	47	0
#SusPed	50.0669	37	0
#SusPed	50.0909	19	0
#SusPed	50.1097	0	0
#SusPed	50.7897	32	0
#SusPed	50.8106	50	0
#SusPed	50.8284	61	0
#SusPed	50.8491	64	0
#SusPed	50.8691	65	0
#SusPed	50.8878	70	0
#SusPed	50.9066	83	0
#SusPed	50.9272	127	0
#SusPed	51.5066	89	0
#SusPed	51.5272	65	0
#SusPed	51.5481	50	0
#SusPed	51.5691	41	0
#SusPed	51.6097	46	0
#SusPed	51.6284	56	0
#SusPed	51.6472	66	0
#SusPed	51.6669	77	0
#SusPed	51.6878	127	0
#SusPed	52.2459	92	0
#SusPed	52.2691	66	0
#SusPed	52.2897	42	0
#SusPed	52.3075	0	0
#SusPed	52.4075	36	0
#SusPed	52.4284	55	0
#SusPed	52.4472	66	0
#SusPed	52.4669	74	0
#SusPed	52.4888	86	0
#SusPed	52.5075	105	0
#SusPed	52.5316	127	0
#SusPed	53.0691	116	0
#SusPed	53.0866	102	0
#SusPed	53.1075	92	0
#SusPed	53.1284	82	0
#SusPed	53.1491	73	0
#SusPed	53.1669	66	0
#SusPed	53.1878	61	0
#SusPed	53.2106	58	0
#SusPed	53.2272	56	0
#SusPed	53.2503	53	0
#SusPed	53.2669	49	0
#SusPed	53.2878	41	0
#SusPed	53.3106	26	0
#SusPed	53.3272	0	0
#SusPed	54.0272	13	0
#SusPed	54.0481	25	0
#SusPed	54.07	36	0
#SusPed	54.0866	47	0
#SusPed	54.1097	57	0
#SusPed	54.1284	62	0
#SusPed	54.1472	63	0
#SusPed	54.1669	64	0
#SusPed	54.1878	66	0
#SusPed	54.2106	70	0
#SusPed	54.2272	77	0
#SusPed	54.2481	88	0
#SusPed	54.2678	110	0
#SusPed	54.2866	127	0
#SusPed	54.7472	96	0
#SusPed	54.7678	70	0
#SusPed	54.7888	52	0
#SusPed	54.8084	8	0
#SusPed	54.8284	0	0
#SusPed	54.9097	35	0
#SusPed	54.9272	52	0
#SusPed	54.9491	63	0
#SusPed	54.9709	68	0
#SusPed	54.9866	74	0
#SusPed	55.0075	84	0
#SusPed	55.0272	107	0
#SusPed	55.0481	127	0
#SusPed	55.5866	120	0
#SusPed	55.6066	99	0
#SusPed	55.6272	82	0
#SusPed	55.6503	68	0
#SusPed	55.6691	53	0
#SusPed	55.6897	0	0
#SusPed	55.8075	25	0
#SusPed	55.8272	43	0
#SusPed	55.8512	57	0
#SusPed	55.8669	64	0
#SusPed	55.8878	68	0
#SusPed	55.9084	75	0
#SusPed	55.9294	86	0
#SusPed	55.9472	107	0
#SusPed	55.9659	127	0
#SusPed	56.47	108	0
#SusPed	56.4909	94	0
#SusPed	56.5075	86	0
#SusPed	56.5262	79	0
#SusPed	56.5472	73	0
#SusPed	56.5678	68	0
#SusPed	56.5909	63	0
#SusPed	56.6097	60	0
#SusPed	56.6272	57	0
#SusPed	56.6481	55	0
#SusPed	56.6678	54	0
#SusPed	56.6887	52	0
#SusPed	56.7075	45	0
#SusPed	56.7284	32	0
#SusPed	56.7472	0	0
#SusPed	57.3472	20	0
#SusPed	57.3678	34	0
#SusPed	57.3897	46	0
#SusPed	57.4084	56	0
#SusPed	57.4262	61	0
#SusPed	57.4459	63	0
#SusPed	57.4669	64	0
#SusPed	57.4897	65	0
#SusPed	57.5075	67	0
#SusPed	57.5316	70	0
#SusPed	57.5481	77	0
#SusPed	57.5691	86	0
#SusPed	57.5878	98	0
#SusPed	57.6106	115	0
#SusPed	57.6272	127	0
#SusPed	57.9691	118	0
#SusPed	57.9887	86	0
#SusPed	58.0097	67	0
#SusPed	58.0272	50	0
#SusPed	58.0472	0	0
#SusPed	58.1084	24	0
#SusPed	58.1272	40	0
#SusPed	58.1481	56	0
#SusPed	58.1678	65	0
#SusPed	58.1887	70	0
#SusPed	58.2075	78	0
#SusPed	58.2284	91	0
#SusPed	58.2481	127	0
#SusPed	58.8887	110	0
#SusPed	58.9075	80	0
#SusPed	58.9303	64	0
#SusPed	58.9481	48	0
#SusPed	58.9669	0	0
#SusPed	59.0878	27	0
#SusPed	59.1106	44	0
#SusPed	59.1272	57	0
#SusPed	59.1481	64	0
#SusPed	59.1669	67	0
#SusPed	59.1866	70	0
#SusPed	59.2075	77	0
#SusPed	59.2262	88	0
#SusPed	59.2522	113	0
#SusPed	59.2659	127	0
#SusPed	60.0097	116	0
#SusPed	60.0303	105	0
#SusPed	60.0491	99	0
#SusPed	60.0659	95	0
#SusPed	60.0919	93	0
#SusPed	60.1066	91	0
#SusPed	60.1284	90	0
#SusPed	60.1472	87	0
#SusPed	60.17	85	0
#SusPed	60.1897	83	0
#SusPed	60.2106	81	0
#SusPed	60.3097	80	0
#SusPed	60.3491	79	0
#SusPed	60.37	78	0
#SusPed	60.3878	76	0
#SusPed	60.4084	73	0
#SusPed	60.4294	70	0
#SusPed	60.4534	66	0
#SusPed	60.47	61	0
#SusPed	60.4909	47	0
#SusPed	60.5075	0	0
#SusPed	60.6709	35	0
#SusPed	60.6887	50	0
#SusPed	60.7075	62	0
#SusPed	60.7262	67	0
#SusPed	60.7491	71	0
#SusPed	60.7678	78	0
#SusPed	60.7887	93	0
#SusPed	60.8066	127	0
#SusPed	61.3097	93	0
#SusPed	61.3316	72	0
#SusPed	61.3472	58	0
#SusPed	61.3691	25	0
#SusPed	61.3887	0	0
#SusPed	61.4669	30	0
#SusPed	61.4878	48	0
#SusPed	61.5075	62	0
#SusPed	61.5294	66	0
#SusPed	61.5481	71	0
#SusPed	61.5669	78	0
#SusPed	61.5866	91	0
#SusPed	61.6075	127	0
#SusPed	62.1097	110	0
#SusPed	62.1294	76	0
#SusPed	62.1472	58	0
#SusPed	62.1691	20	0
#SusPed	62.1897	0	0
#SusPed	62.2878	34	0
#SusPed	62.3075	53	0
#SusPed	62.3294	65	0
#SusPed	62.3472	73	0
#SusPed	62.3659	93	0
#SusPed	62.3866	127	0
#SusPed	63.0481	104	0
#SusPed	63.0669	82	0
#SusPed	63.0897	69	0
#SusPed	63.1066	60	0
#SusPed	63.1272	49	0
#SusPed	63.1481	32	0
#SusPed	63.1691	0	0
#SusPed	63.3691	32	0
#SusPed	63.3866	47	0
#SusPed	63.4084	59	0
#SusPed	63.4272	64	0
#SusPed	63.4481	65	0
#SusPed	63.5084	66	0
#SusPed	63.5294	67	0
#SusPed	63.5481	68	0
#SusPed	63.5669	69	0
#SusPed	63.5878	70	0
#SusPed	63.6075	69	0
#SusPed	63.6459	68	0
#SusPed	63.6669	67	0
#SusPed	63.6878	66	0
#SusPed	63.7066	65	0
#SusPed	63.7272	64	0
#SusPed	63.7459	62	0
#SusPed	63.7691	59	0
#SusPed	63.7866	48	0
#SusPed	63.8097	23	0
#SusPed	63.8294	0	0
#SusPed	63.9472	25	0
#SusPed	63.9678	43	0
#SusPed	63.9878	57	0
#SusPed	64.0066	65	0
#SusPed	64.0262	69	0
#SusPed	64.0472	74	0
#SusPed	64.0678	81	0
#SusPed	64.0878	94	0
#SusPed	64.1066	127	0
#SusPed	64.5472	120	0
#SusPed	64.5678	93	0
#SusPed	64.5897	76	0
#SusPed	64.6075	64	0
#SusPed	64.6284	50	0
#SusPed	64.6459	18	0
#SusPed	64.6669	0	0
#SusPed	64.7472	25	0
#SusPed	64.77	39	0
#SusPed	64.7887	53	0
#SusPed	64.8075	61	0
#SusPed	64.8284	64	0
#SusPed	64.8678	65	0
#SusPed	64.8878	66	0
#SusPed	64.9066	70	0
#SusPed	64.9303	77	0
#SusPed	64.9481	88	0
#SusPed	64.9678	103	0
#SusPed	64.9866	127	0
#SusPed	65.2887	109	0
#SusPed	65.3075	99	0
#SusPed	65.3303	90	0
#SusPed	65.3491	78	0
#SusPed	65.3691	64	0
#SusPed	65.3919	49	0
#SusPed	65.4097	0	0
#SusPed	65.5678	22	0
#SusPed	65.5866	41	0
#SusPed	65.6084	55	0
#SusPed	65.6316	64	0
#SusPed	65.6481	70	0
#SusPed	65.6659	82	0
#SusPed	65.6887	116	0
#SusPed	65.7084	127	0
#SusPed	66.3106	101	0
#SusPed	66.3294	86	0
#SusPed	66.3472	77	0
#SusPed	66.3659	70	0
#SusPed	66.3866	64	0
#SusPed	66.4097	61	0
#SusPed	66.4262	59	0
#SusPed	66.4472	58	0
#SusPed	66.4678	57	0
#SusPed	66.4887	55	0
#SusPed	66.5097	51	0
#SusPed	66.5272	43	0
#SusPed	66.5491	33	0
#SusPed	66.5669	21	0
#SusPed	66.5878	0	0
#SusPed	67.0303	28	0
#SusPed	67.0481	42	0
#SusPed	67.0709	54	0
#SusPed	67.0866	62	0
#SusPed	67.1075	65	0
#SusPed	67.1262	67	0
#SusPed	67.1491	71	0
#SusPed	67.1691	83	0
#SusPed	67.1878	127	0
#SusPed	68.5669	102	0
#SusPed	68.5878	89	0
#SusPed	68.6084	76	0
#SusPed	68.6294	64	0
#SusPed	68.6481	47	0
#SusPed	68.6691	0	0
#SusPed	68.7669	11	0
#SusPed	68.7856	38	0
#SusPed	68.8106	56	0
#SusPed	68.8303	66	0
#SusPed	68.8481	72	0
#SusPed	68.8669	82	0
#SusPed	68.8878	99	0
#SusPed	68.9084	127	0
#SusPed	69.5272	116	0
#SusPed	69.5503	99	0
#SusPed	69.5659	90	0
#SusPed	69.5878	82	0
#SusPed	69.6084	75	0
#SusPed	69.6272	69	0
#SusPed	69.6481	65	0
#SusPed	69.6678	61	0
#SusPed	69.6856	59	0
#SusPed	69.7066	58	0
#SusPed	69.7272	57	0
#SusPed	69.7669	55	0
#SusPed	69.7878	51	0
#SusPed	69.8084	46	0
#SusPed	69.8263	39	0
#SusPed	69.8472	35	0
#SusPed	69.8678	32	0
#SusPed	69.8866	29	0
#SusPed	69.9066	23	0
#SusPed	69.9284	0	0
#SusPed	70.4878	18	0
#SusPed	70.5075	36	0
#SusPed	70.5253	51	0
#SusPed	70.5491	60	0
#SusPed	70.5678	63	0
#SusPed	70.5866	65	0
#SusPed	70.6075	66	0
#SusPed	70.6272	70	0
#SusPed	70.6481	79	0
#SusPed	70.67	100	0
#SusPed	70.6909	127	0
#SusPed	71.9097	102	0
#SusPed	71.9262	83	0
#SusPed	71.9472	71	0
#SusPed	71.97	60	0
#SusPed	71.9897	43	0
#SusPed	72.0084	0	0
#SusPed	72.1272	30	0
#SusPed	72.1491	52	0
#SusPed	72.1678	67	0
#SusPed	72.1856	90	0
#SusPed	72.2053	127	0
#SusPed	72.9678	112	0
#SusPed	72.9897	101	0
#SusPed	73.0106	93	0
#SusPed	73.0284	86	0
#SusPed	73.0472	79	0
#SusPed	73.0678	73	0
#SusPed	73.0866	67	0
#SusPed	73.1075	63	0
#SusPed	73.1262	61	0
#SusPed	73.1897	60	0
#SusPed	73.2075	59	0
#SusPed	73.2272	57	0
#SusPed	73.2459	56	0
#SusPed	73.2659	54	0
#SusPed	73.2866	52	0
#SusPed	73.3066	48	0
#SusPed	73.3272	41	0
#SusPed	73.3481	31	0
#SusPed	73.3678	0	0
#SusPed	73.7284	30	0
#SusPed	73.7472	48	0
#SusPed	73.7669	61	0
#SusPed	73.7866	67	0
#SusPed	73.8066	72	0
#SusPed	73.8284	84	0
#SusPed	73.8459	127	0
#SusPed	75.2691	108	0
#SusPed	75.2878	75	0
#SusPed	75.3075	57	0
#SusPed	75.3294	0	0
#SusPed	75.4459	32	0
#SusPed	75.4659	54	0
#SusPed	75.4866	66	0
#SusPed	75.5066	75	0
#SusPed	75.5253	93	0
#SusPed	75.5459	127	0
#SusPed	76.1075	86	0
#SusPed	76.1284	58	0
#SusPed	76.1459	0	0
#SusPed	76.2503	15	0
#SusPed	76.2691	44	0
#SusPed	76.2866	60	0
#SusPed	76.3066	67	0
#SusPed	76.3284	73	0
#SusPed	76.3472	85	0
#SusPed	76.3659	120	0
#SusPed	76.3878	127	0
#SusPed	77.0294	94	0
#SusPed	77.0481	74	0
#SusPed	77.0678	60	0
#SusPed	77.0866	27	0
#SusPed	77.1075	0	0
#SusPed	77.2263	20	0
#SusPed	77.2481	34	0
#SusPed	77.2669	46	0
#SusPed	77.2866	59	0
#SusPed	77.3075	65	0
#SusPed	77.3263	69	0
#SusPed	77.345	76	0
#SusPed	77.3659	90	0
#SusPed	77.3878	127	0
#SusPed	77.8897	80	0
#SusPed	77.9075	60	0
#SusPed	77.9262	28	0
#SusPed	77.9481	0	0
#SusPed	78.0262	16	0
#SusPed	78.0472	39	0
#SusPed	78.0678	55	0
#SusPed	78.0866	64	0
#SusPed	78.1075	67	0
#SusPed	78.1284	71	0
#SusPed	78.1472	77	0
#SusPed	78.1678	90	0
#SusPed	78.1887	127	0
#SusPed	78.7272	92	0
#SusPed	78.7481	71	0
#SusPed	78.7691	58	0
#SusPed	78.7866	32	0
#SusPed	78.8084	0	0
#SusPed	78.9075	21	0
#SusPed	78.9253	41	0
#SusPed	78.9481	55	0
#SusPed	78.9659	64	0
#SusPed	78.9866	67	0
#SusPed	79.0075	71	0
#SusPed	79.0263	77	0
#SusPed	79.0491	93	0
#SusPed	79.0731	127	0
#SusPed	79.5866	102	0
#SusPed	79.6084	86	0
#SusPed	79.6262	74	0
#SusPed	79.6472	64	0
#SusPed	79.6709	55	0
#SusPed	79.6866	36	0
#SusPed	79.7075	0	0
#SusPed	79.8459	18	0
#SusPed	79.8678	36	0
#SusPed	79.8888	50	0
#SusPed	79.9066	60	0
#SusPed	79.9294	65	0
#SusPed	79.9472	67	0
#SusPed	79.97	70	0
#SusPed	79.9878	73	0
#SusPed	80.0097	80	0
#SusPed	80.0272	90	0
#SusPed	80.0472	109	0
#SusPed	80.0678	127	0
#SusPed	80.3866	94	0
#SusPed	80.4066	73	0
#SusPed	80.4294	54	0
#SusPed	80.4481	0	0
#SusPed	80.6066	44	0
#SusPed	80.6272	58	0
#SusPed	80.6481	64	0
#SusPed	80.6669	69	0
#SusPed	80.6856	78	0
#SusPed	80.7075	100	0
#SusPed	80.7262	127	0
#SusPed	81.2481	78	0
#SusPed	81.2678	56	0
#SusPed	81.2866	0	0
#SusPed	81.4075	32	0
#SusPed	81.4284	54	0
#SusPed	81.445	69	0
#SusPed	81.4669	90	0
#SusPed	81.4866	127	0
#SusPed	82.3866	97	0
#SusPed	82.4066	76	0
#SusPed	82.4303	61	0
#SusPed	82.4459	46	0
#SusPed	82.4669	0	0
#SusPed	82.6284	34	0
#SusPed	82.6459	55	0
#SusPed	82.6678	64	0
#SusPed	82.6866	68	0
#SusPed	82.7075	73	0
#SusPed	82.7272	83	0
#SusPed	82.745	109	0
#SusPed	82.7678	127	0
#SusPed	83.4066	99	0
#SusPed	83.4294	65	0
#SusPed	83.4472	36	0
#SusPed	83.4678	0	0
#SusPed	83.5294	25	0
#SusPed	83.5481	46	0
#SusPed	83.5678	62	0
#SusPed	83.5866	74	0
#SusPed	83.6075	99	0
#SusPed	83.6272	127	0
#SusPed	83.8075	92	0
#SusPed	83.8294	63	0
#SusPed	83.8472	40	0
#SusPed	83.8659	0	0
#SusPed	83.8866	16	0
#SusPed	83.9075	32	0
#SusPed	83.9262	50	0
#SusPed	83.9472	64	0
#SusPed	83.9669	74	0
#SusPed	83.9856	96	0
#SusPed	84.0075	127	0
#SusPed	84.3128	108	0
#SusPed	84.3284	79	0
#SusPed	84.3481	63	0
#SusPed	84.3669	43	0
#SusPed	84.3847	0	0
#SusPed	84.5084	31	0
#SusPed	84.5272	48	0
#SusPed	84.5459	60	0
#SusPed	84.5669	66	0
#SusPed	84.5928	73	0
#SusPed	84.6084	82	0
#SusPed	84.6303	102	0
#SusPed	84.6481	127	0
#SusPed	85.3503	122	0
#SusPed	85.3678	107	0
#SusPed	85.3847	99	0
#SusPed	85.4075	92	0
#SusPed	85.4303	88	0
#SusPed	85.4459	82	0
#SusPed	85.4669	77	0
#SusPed	85.4856	72	0
#SusPed	85.5075	68	0
#SusPed	85.5284	65	0
#SusPed	85.5472	63	0
#SusPed	85.57	62	0
#SusPed	85.5897	60	0
#SusPed	85.6053	58	0
#SusPed	85.6272	54	0
#SusPed	85.6481	52	0
#SusPed	85.6669	50	0
#SusPed	85.6878	47	0
#SusPed	85.7075	42	0
#SusPed	85.7272	35	0
#SusPed	85.7491	18	0
#SusPed	85.7659	0	0
#SusPed	87.1459	21	0
#SusPed	87.17	33	0
#SusPed	87.1866	39	0
#SusPed	87.2053	43	0
#SusPed	87.2262	49	0
#SusPed	87.2472	56	0
#SusPed	87.2691	60	0
#SusPed	87.2856	61	0
#SusPed	87.3097	62	0
#SusPed	87.3272	63	0
#SusPed	87.3481	65	0
#SusPed	87.3669	68	0
#SusPed	87.3888	74	0
#SusPed	87.4075	83	0
#SusPed	87.4272	97	0
#SusPed	87.4459	127	0
#SusPed	87.9459	122	0
#SusPed	87.9659	116	0
#SusPed	87.9866	110	0
#SusPed	88.0066	103	0
#SusPed	88.0241	96	0
#SusPed	88.0472	92	0
#SusPed	88.0678	89	0
#SusPed	88.0866	86	0
#SusPed	88.1075	83	0
#SusPed	88.1262	80	0
#SusPed	88.1459	77	0
#SusPed	88.1669	73	0
#SusPed	88.1856	68	0
#SusPed	88.2075	63	0
#SusPed	88.2253	58	0
#SusPed	88.2503	53	0
#SusPed	88.2678	47	0
#SusPed	88.2878	31	0
#SusPed	88.3066	0	0
#SusPed	88.5262	21	0
#SusPed	88.5472	40	0
#SusPed	88.5659	55	0
#SusPed	88.5866	62	0
#SusPed	88.6066	63	0
#SusPed	88.645	64	0
#SusPed	88.6647	65	0
#SusPed	88.6866	68	0
#SusPed	88.7066	72	0
#SusPed	88.7253	81	0
#SusPed	88.7472	95	0
#SusPed	88.77	113	0
#SusPed	88.7866	127	0
#SusPed	89.4053	113	0
#SusPed	89.4262	106	0
#SusPed	89.4459	102	0
#SusPed	89.4659	98	0
#SusPed	89.4847	96	0
#SusPed	89.5053	95	0
#SusPed	89.5253	93	0
#SusPed	89.5481	92	0
#SusPed	89.5669	91	0
#SusPed	89.6066	90	0
#SusPed	89.6272	89	0
#SusPed	89.6481	87	0
#SusPed	89.6678	85	0
#SusPed	89.6887	83	0
#SusPed	89.7097	81	0
#SusPed	89.7272	80	0
#SusPed	89.7503	79	0
#SusPed	89.7678	78	0
#SusPed	89.7878	76	0
#SusPed	89.8066	74	0
#SusPed	89.8263	71	0
#SusPed	89.8472	67	0
#SusPed	89.8669	63	0
#SusPed	89.8856	60	0
#SusPed	89.9075	55	0
#SusPed	89.9253	50	0
#SusPed	89.9459	36	0
#SusPed	89.9691	0	0
#SusPed	90.3472	16	0
#SusPed	90.3678	30	0
#SusPed	90.3866	41	0
#SusPed	90.4053	50	0
#SusPed	90.4262	56	0
#SusPed	90.4491	59	0
#SusPed	90.4647	61	0
#SusPed	90.4878	62	0
#SusPed	90.5066	63	0
#SusPed	90.5253	65	0
#SusPed	90.5481	66	0
#SusPed	90.5678	69	0
#SusPed	90.5878	72	0
#SusPed	90.6066	81	0
#SusPed	90.6272	94	0
#SusPed	90.6503	127	0
#SusPed	91.1897	104	0
#SusPed	91.2097	98	0
#SusPed	91.2262	95	0
#SusPed	91.2472	94	0
#SusPed	91.2659	93	0
#SusPed	91.2866	91	0
#SusPed	91.3066	88	0
#SusPed	91.3294	85	0
#SusPed	91.3503	81	0
#SusPed	91.3659	76	0
#SusPed	91.3866	72	0
#SusPed	91.4053	68	0
#SusPed	91.4272	65	0
#SusPed	91.4491	63	0
#SusPed	91.4669	62	0
#SusPed	91.4866	61	0
#SusPed	91.5097	59	0
#SusPed	91.5253	55	0
#SusPed	91.5481	44	0
#SusPed	91.5669	11	0
#SusPed	91.5856	0	0
#SusPed	91.8075	13	0
#SusPed	91.8241	33	0
#SusPed	91.8491	48	0
#SusPed	91.8647	60	0
#SusPed	91.8866	65	0
#SusPed	91.9075	68	0
#SusPed	91.9272	71	0
#SusPed	91.9503	77	0
#SusPed	91.9647	91	0
#SusPed	91.9897	127	0
#SusPed	92.6075	109	0
#SusPed	92.6262	104	0
#SusPed	92.6481	103	0
#SusPed	92.6669	102	0
#SusPed	92.6866	101	0
#SusPed	92.7053	100	0
#SusPed	92.7294	98	0
#SusPed	92.7441	96	0
#SusPed	92.7669	93	0
#SusPed	92.7866	91	0
#SusPed	92.8053	88	0
#SusPed	92.8294	85	0
#SusPed	92.8472	82	0
#SusPed	92.8669	80	0
#SusPed	92.8847	78	0
#SusPed	92.9053	77	0
#SusPed	92.9262	75	0
#SusPed	92.9472	73	0
#SusPed	92.9659	72	0
#SusPed	92.9856	71	0
#SusPed	93.0066	70	0
#SusPed	93.0262	68	0
#SusPed	93.0459	67	0
#SusPed	93.0669	66	0
#SusPed	93.1075	65	0
#SusPed	93.1284	64	0
#SusPed	93.1459	63	0
#SusPed	93.1878	62	0
#SusPed	93.2053	61	0
#SusPed	93.2284	59	0
#SusPed	93.245	57	0
#SusPed	93.2659	56	0
#SusPed	93.2878	54	0
#SusPed	93.3097	50	0
#SusPed	93.3262	45	0
#SusPed	93.3459	34	0
#SusPed	93.3669	16	0
#SusPed	93.3878	0	0
#SusPed	93.9066	13	0
#SusPed	93.9294	22	0
#SusPed	93.9459	30	0
#SusPed	93.9669	39	0
#SusPed	93.9856	48	0
#SusPed	94.0066	55	0
#SusPed	94.0263	58	0
#SusPed	94.0472	59	0
#SusPed	94.0878	60	0
#SusPed	94.1066	62	0
#SusPed	94.1253	63	0
#SusPed	94.1459	65	0
#SusPed	94.1647	66	0
#SusPed	94.1878	69	0
#SusPed	94.2053	72	0
#SusPed	94.2272	76	0
#SusPed	94.2472	80	0
#SusPed	94.2669	83	0
#SusPed	94.2878	84	0
#SusPed	94.3669	83	0
#SusPed	94.4044	82	0
#SusPed	94.4284	81	0
#SusPed	94.4691	80	0
#SusPed	94.4887	78	0
#SusPed	94.5053	77	0
#SusPed	94.5253	76	0
#SusPed	94.5459	75	0
#SusPed	94.5637	74	0
#SusPed	94.5866	73	0
#SusPed	94.6084	71	0
#SusPed	94.6284	70	0
#SusPed	94.6481	68	0
#SusPed	94.6691	67	0
#SusPed	94.6897	65	0
#SusPed	94.7053	64	0
#SusPed	94.7262	62	0
#SusPed	94.7472	61	0
#SusPed	94.77	59	0
#SusPed	94.7866	58	0
#SusPed	94.8053	56	0
#SusPed	94.8262	55	0
#SusPed	94.8472	53	0
#SusPed	94.8659	50	0
#SusPed	94.8856	42	0
#SusPed	94.9075	24	0
#SusPed	94.9272	0	0
#SusPed	95.1472	26	0
#SusPed	95.1647	40	0
#SusPed	95.1878	54	0
#SusPed	95.2066	64	0
#SusPed	95.2294	67	0
#SusPed	95.2481	72	0
#SusPed	95.2691	79	0
#SusPed	95.2878	97	0
#SusPed	95.3066	127	0
#SusPed	96.6459	110	0
#SusPed	96.6669	95	0
#SusPed	96.6856	79	0
#SusPed	96.7075	66	0
#SusPed	96.7263	53	0
#SusPed	96.7481	30	0
#SusPed	96.7659	0	0
#SusPed	96.87	33	0
#SusPed	96.8866	52	0
#SusPed	96.9066	64	0
#SusPed	96.9272	74	0
#SusPed	96.9472	92	0
#SusPed	96.9669	127	0
#SusPed	98.1084	122	0
#SusPed	98.1253	116	0
#SusPed	98.1459	112	0
#SusPed	98.1647	109	0
#SusPed	98.1856	106	0
#SusPed	98.2066	104	0
#SusPed	98.2284	102	0
#SusPed	98.2481	99	0
#SusPed	98.2669	95	0
#SusPed	98.2856	91	0
#SusPed	98.3066	88	0
#SusPed	98.3272	84	0
#SusPed	98.3459	80	0
#SusPed	98.3659	76	0
#SusPed	98.3878	72	0
#SusPed	98.4084	68	0
#SusPed	98.4316	64	0
#SusPed	98.445	62	0
#SusPed	98.4659	61	0
#SusPed	98.4866	60	0
#SusPed	98.5044	58	0
#SusPed	98.5263	55	0
#SusPed	98.5472	48	0
#SusPed	98.5691	38	0
#SusPed	98.5847	25	0
#SusPed	98.6084	0	0
#SusPed	100.268	21	0
#SusPed	100.286	32	0
#SusPed	100.305	42	0
#SusPed	100.326	51	0
#SusPed	100.347	59	0
#SusPed	100.366	62	0
#SusPed	100.39	63	0
#SusPed	100.404	64	0
#SusPed	100.426	66	0
#SusPed	100.445	71	0
#SusPed	100.467	79	0
#SusPed	100.49	94	0
#SusPed	100.511	127	0
#SusPed	101.79	122	0
#SusPed	101.804	106	0
#SusPed	101.827	90	0
#SusPed	101.85	72	0
#SusPed	101.868	57	0
#SusPed	101.886	18	0
#SusPed	101.905	0	0
#SusPed	102.026	27	0
#SusPed	102.047	44	0
#SusPed	102.068	58	0
#SusPed	102.087	66	0
#SusPed	102.105	70	0
#SusPed	102.126	75	0
#SusPed	102.145	86	0
#SusPed	102.166	118	0
#SusPed	102.189	127	0
#SusPed	103.347	113	0
#SusPed	103.365	101	0
#SusPed	103.387	91	0
#SusPed	103.407	83	0
#SusPed	103.426	78	0
#SusPed	103.446	73	0
#SusPed	103.466	67	0
#SusPed	103.487	61	0
#SusPed	103.507	52	0
#SusPed	103.526	36	0
#SusPed	103.545	0	0
#SusPed	103.707	39	0
#SusPed	103.726	55	0
#SusPed	103.746	65	0
#SusPed	103.767	73	0
#SusPed	103.79	94	0
#SusPed	103.805	127	0
#SusPed	105.127	104	0
#SusPed	105.146	74	0
#SusPed	105.167	56	0
#SusPed	105.187	0	0
#SusPed	105.307	31	0
#SusPed	105.325	54	0
#SusPed	105.347	67	0
#SusPed	105.366	80	0
#SusPed	105.386	127	0
#SusPed	106.188	71	0
#SusPed	106.208	51	0
#SusPed	106.226	0	0
#SusPed	106.287	12	0
#SusPed	106.308	39	0
#SusPed	106.326	57	0
#SusPed	106.345	66	0
#SusPed	106.366	72	0
#SusPed	106.387	83	0
#SusPed	106.405	98	0
#SusPed	106.426	127	0
#SusPed	106.908	79	0
#SusPed	106.925	61	0
#SusPed	106.948	33	0
#SusPed	106.967	0	0
#SusPed	107.067	11	0
#SusPed	107.085	38	0
#SusPed	107.107	57	0
#SusPed	107.125	66	0
#SusPed	107.146	73	0
#SusPed	107.169	93	0
#SusPed	107.186	127	0
#SusPed	108.446	92	0
#SusPed	108.465	71	0
#SusPed	108.488	57	0
#SusPed	108.505	25	0
#SusPed	108.525	0	0
#SusPed	108.646	20	0
#SusPed	108.665	41	0
#SusPed	108.687	57	0
#SusPed	108.707	65	0
#SusPed	108.725	70	0
#SusPed	108.747	78	0
#SusPed	108.768	91	0
#SusPed	108.786	127	0
#SusPed	109.265	122	0
#SusPed	109.286	81	0
#SusPed	109.308	64	0
#SusPed	109.325	47	0
#SusPed	109.347	0	0
#SusPed	109.465	24	0
#SusPed	109.487	42	0
#SusPed	109.505	56	0
#SusPed	109.526	64	0
#SusPed	109.546	66	0
#SusPed	109.566	67	0
#SusPed	109.587	70	0
#SusPed	109.608	76	0
#SusPed	109.626	89	0
#SusPed	109.646	127	0
#SusPed	109.967	109	0
#SusPed	109.989	95	0
#SusPed	110.012	84	0
#SusPed	110.03	72	0
#SusPed	110.047	61	0
#SusPed	110.067	38	0
#SusPed	110.086	0	0
#SusPed	110.207	28	0
#SusPed	110.227	47	0
#SusPed	110.245	60	0
#SusPed	110.266	67	0
#SusPed	110.289	73	0
#SusPed	110.307	83	0
#SusPed	110.327	106	0
#SusPed	110.348	127	0
#SusPed	111.567	116	0
#SusPed	111.586	94	0
#SusPed	111.605	81	0
#SusPed	111.624	70	0
#SusPed	111.645	60	0
#SusPed	111.666	43	0
#SusPed	111.685	0	0
#SusPed	111.825	29	0
#SusPed	111.846	45	0
#SusPed	111.865	58	0
#SusPed	111.886	64	0
#SusPed	111.904	67	0
#SusPed	111.927	70	0
#SusPed	111.945	76	0
#SusPed	111.966	89	0
#SusPed	111.987	127	0
#SusPed	112.985	110	0
#SusPed	113.005	101	0
#SusPed	113.028	95	0
#SusPed	113.046	92	0
#SusPed	113.065	88	0
#SusPed	113.085	85	0
#SusPed	113.107	80	0
#SusPed	113.128	74	0
#SusPed	113.146	69	0
#SusPed	113.167	65	0
#SusPed	113.189	60	0
#SusPed	113.207	53	0
#SusPed	113.227	36	0
#SusPed	113.247	0	0
#SusPed	113.386	27	0
#SusPed	113.407	49	0
#SusPed	113.424	63	0
#SusPed	113.446	70	0
#SusPed	113.465	80	0
#SusPed	113.486	110	0
#SusPed	113.504	127	0
#SusPed	114.026	94	0
#SusPed	114.045	74	0
#SusPed	114.066	61	0
#SusPed	114.087	40	0
#SusPed	114.105	0	0
#SusPed	114.266	28	0
#SusPed	114.285	34	0
#SusPed	114.305	43	0
#SusPed	114.326	53	0
#SusPed	114.345	61	0
#SusPed	114.367	64	0
#SusPed	114.386	65	0
#SusPed	114.405	66	0
#SusPed	114.428	69	0
#SusPed	114.444	76	0
#SusPed	114.465	89	0
#SusPed	114.489	127	0
#SusPed	114.826	101	0
#SusPed	114.847	88	0
#SusPed	114.865	78	0
#SusPed	114.887	69	0
#SusPed	114.907	59	0
#SusPed	114.928	37	0
#SusPed	114.946	0	0
#SusPed	115.066	21	0
#SusPed	115.087	40	0
#SusPed	115.108	54	0
#SusPed	115.126	63	0
#SusPed	115.146	67	0
#SusPed	115.165	70	0
#SusPed	115.186	75	0
#SusPed	115.207	85	0
#SusPed	115.229	104	0
#SusPed	115.245	127	0
#SusPed	115.767	104	0
#SusPed	115.786	81	0
#SusPed	115.804	66	0
#SusPed	115.825	54	0
#SusPed	115.846	40	0
#SusPed	115.864	36	0
#SusPed	115.886	41	0
#SusPed	115.908	48	0
#SusPed	115.925	57	0
#SusPed	115.946	63	0
#SusPed	115.967	66	0
#SusPed	115.987	69	0
#SusPed	116.008	75	0
#SusPed	116.025	86	0
#SusPed	116.046	120	0
#SusPed	116.066	127	0
#SusPed	116.466	100	0
#SusPed	116.487	84	0
#SusPed	116.505	70	0
#SusPed	116.526	59	0
#SusPed	116.545	41	0
#SusPed	116.566	0	0
#SusPed	116.667	13	0
#SusPed	116.686	35	0
#SusPed	116.704	50	0
#SusPed	116.724	62	0
#SusPed	116.745	66	0
#SusPed	116.768	68	0
#SusPed	116.786	70	0
#SusPed	116.805	74	0
#SusPed	116.829	82	0
#SusPed	116.845	96	0
#SusPed	116.868	127	0
#SusPed	117.347	106	0
#SusPed	117.366	93	0
#SusPed	117.385	82	0
#SusPed	117.405	71	0
#SusPed	117.425	60	0
#SusPed	117.446	45	0
#SusPed	117.466	18	0
#SusPed	117.486	0	0
#SusPed	117.544	13	0
#SusPed	117.567	30	0
#SusPed	117.586	46	0
#SusPed	117.604	58	0
#SusPed	117.624	63	0
#SusPed	117.646	64	0
#SusPed	117.665	65	0
#SusPed	117.685	66	0
#SusPed	117.705	71	0
#SusPed	117.726	79	0
#SusPed	117.751	96	0
#SusPed	117.766	127	0
#SusPed	118.169	100	0
#SusPed	118.188	76	0
#SusPed	118.205	60	0
#SusPed	118.226	27	0
#SusPed	118.247	0	0
#SusPed	118.368	28	0
#SusPed	118.385	45	0
#SusPed	118.407	58	0
#SusPed	118.427	65	0
#SusPed	118.446	72	0
#SusPed	118.465	85	0
#SusPed	118.486	127	0
#SusPed	118.988	84	0
#SusPed	119.008	61	0
#SusPed	119.027	31	0
#SusPed	119.044	0	0
#SusPed	119.146	21	0
#SusPed	119.165	44	0
#SusPed	119.186	58	0
#SusPed	119.205	65	0
#SusPed	119.227	68	0
#SusPed	119.246	73	0
#SusPed	119.266	80	0
#SusPed	119.289	94	0
#SusPed	119.307	127	0
#SusPed	119.707	101	0
#SusPed	119.724	86	0
#SusPed	119.745	76	0
#SusPed	119.766	65	0
#SusPed	119.79	54	0
#SusPed	119.805	29	0
#SusPed	119.827	0	0
#SusPed	119.965	8	0
#SusPed	119.988	39	0
#SusPed	120.005	52	0
#SusPed	120.026	60	0
#SusPed	120.046	64	0
#SusPed	120.068	66	0
#SusPed	120.087	70	0
#SusPed	120.104	77	0
#SusPed	120.125	94	0
#SusPed	120.145	127	0
#SusPed	120.686	107	0
#SusPed	120.703	69	0
#SusPed	120.725	41	0
#SusPed	120.746	0	0
#SusPed	120.867	38	0
#SusPed	120.886	52	0
#SusPed	120.905	61	0
#SusPed	120.924	64	0
#SusPed	120.946	66	0
#SusPed	120.966	69	0
#SusPed	120.987	75	0
#SusPed	121.005	85	0
#SusPed	121.027	104	0
#SusPed	121.046	127	0
#SusPed	121.346	122	0
#SusPed	121.37	112	0
#SusPed	121.387	104	0
#SusPed	121.407	98	0
#SusPed	121.426	93	0
#SusPed	121.446	89	0
#SusPed	121.465	88	0
#SusPed	121.507	86	0
#SusPed	121.525	84	0
#SusPed	121.546	80	0
#SusPed	121.566	75	0
#SusPed	121.589	68	0
#SusPed	121.605	60	0
#SusPed	121.624	42	0
#SusPed	121.646	0	0
#SusPed	121.787	22	0
#SusPed	121.805	43	0
#SusPed	121.826	54	0
#SusPed	121.846	61	0
#SusPed	121.865	64	0
#SusPed	121.886	67	0
#SusPed	121.907	72	0
#SusPed	121.925	82	0
#SusPed	121.946	105	0
#SusPed	121.965	127	0
#SusPed	122.445	96	0
#SusPed	122.467	83	0
#SusPed	122.488	74	0
#SusPed	122.505	65	0
#SusPed	122.524	54	0
#SusPed	122.544	26	0
#SusPed	122.567	0	0
#SusPed	122.725	20	0
#SusPed	122.745	33	0
#SusPed	122.765	46	0
#SusPed	122.788	57	0
#SusPed	122.807	63	0
#SusPed	122.826	64	0
#SusPed	122.865	66	0
#SusPed	122.888	68	0
#SusPed	122.904	73	0
#SusPed	122.926	80	0
#SusPed	122.947	92	0
#SusPed	122.966	112	0
#SusPed	122.986	127	0
#SusPed	123.287	106	0
#SusPed	123.307	94	0
#SusPed	123.325	82	0
#SusPed	123.348	70	0
#SusPed	123.364	60	0
#SusPed	123.387	43	0
#SusPed	123.405	0	0
#SusPed	123.568	29	0
#SusPed	123.588	37	0
#SusPed	123.607	48	0
#SusPed	123.627	59	0
#SusPed	123.649	64	0
#SusPed	123.665	66	0
#SusPed	123.688	69	0
#SusPed	123.708	74	0
#SusPed	123.727	84	0
#SusPed	123.746	110	0
#SusPed	123.766	127	0
#SusPed	124.445	113	0
#SusPed	124.466	101	0
#SusPed	124.486	95	0
#SusPed	124.505	90	0
#SusPed	124.525	87	0
#SusPed	124.546	83	0
#SusPed	124.566	81	0
#SusPed	124.586	78	0
#SusPed	124.607	76	0
#SusPed	124.625	74	0
#SusPed	124.644	72	0
#SusPed	124.666	70	0
#SusPed	124.685	67	0
#SusPed	124.705	64	0
#SusPed	124.724	62	0
#SusPed	124.748	60	0
#SusPed	124.765	59	0
#SusPed	124.785	58	0
#SusPed	124.804	55	0
#SusPed	124.825	50	0
#SusPed	124.844	44	0
#SusPed	124.866	38	0
#SusPed	124.883	31	0
#SusPed	124.904	22	0
#SusPed	124.927	0	0
#SusPed	125.265	32	0
#SusPed	125.283	50	0
#SusPed	125.307	60	0
#SusPed	125.329	64	0
#SusPed	125.345	66	0
#SusPed	125.366	68	0
#SusPed	125.386	76	0
#SusPed	125.405	100	0
#SusPed	125.429	127	0
#SusPed	125.945	97	0
#SusPed	125.966	76	0
#SusPed	125.986	63	0
#SusPed	126.004	49	0
#SusPed	126.024	15	0
#SusPed	126.045	0	0
#SusPed	126.183	28	0
#SusPed	126.204	42	0
#SusPed	126.225	54	0
#SusPed	126.244	60	0
#SusPed	126.265	62	0
#SusPed	126.346	63	0
#SusPed	126.365	64	0
#SusPed	126.383	65	0
#SusPed	126.407	66	0
#SusPed	126.425	68	0
#SusPed	126.446	69	0
#SusPed	126.465	70	0
#SusPed	126.486	69	0
#SusPed	126.527	68	0
#SusPed	126.564	67	0
#SusPed	126.585	66	0
#SusPed	126.604	65	0
#SusPed	126.648	64	0
#SusPed	126.688	63	0
#SusPed	126.704	62	0
#SusPed	126.726	61	0
#SusPed	126.747	57	0
#SusPed	126.765	50	0
#SusPed	126.786	31	0
#SusPed	126.807	0	0
#SusPed	126.966	24	0
#SusPed	126.987	42	0
#SusPed	127.003	56	0
#SusPed	127.027	63	0
#SusPed	127.046	66	0
#SusPed	127.067	69	0
#SusPed	127.086	75	0
#SusPed	127.104	88	0
#SusPed	127.124	127	0
#SusPed	128.57	118	0
#SusPed	128.585	73	0
#SusPed	128.605	55	0
#SusPed	128.626	0	0
#SusPed	128.726	35	0
#SusPed	128.745	53	0
#SusPed	128.767	66	0
#SusPed	128.785	74	0
#SusPed	128.805	90	0
#SusPed	128.824	127	0
#SusPed	129.465	101	0
#SusPed	129.483	64	0
#SusPed	129.505	41	0
#SusPed	129.528	0	0
#SusPed	129.565	8	0
#SusPed	129.586	34	0
#SusPed	129.604	53	0
#SusPed	129.625	65	0
#SusPed	129.644	71	0
#SusPed	129.667	79	0
#SusPed	129.686	87	0
#SusPed	129.707	103	0
#SusPed	129.724	127	0
#SusPed	129.887	81	0
#SusPed	129.907	59	0
#SusPed	129.927	36	0
#SusPed	129.945	10	0
#SusPed	129.966	26	0
#SusPed	129.985	46	0
#SusPed	130.005	62	0
#SusPed	130.024	74	0
#SusPed	130.045	127	0
#SusPed	130.785	110	0
#SusPed	130.807	97	0
#SusPed	130.829	87	0
#SusPed	130.849	77	0
#SusPed	130.866	68	0
#SusPed	130.887	59	0
#SusPed	130.908	43	0
#SusPed	130.926	0	0
#SusPed	131.087	42	0
#SusPed	131.107	57	0
#SusPed	131.124	65	0
#SusPed	131.145	68	0
#SusPed	131.166	74	0
#SusPed	131.183	84	0
#SusPed	131.205	127	0
#SusPed	131.785	115	0
#SusPed	131.808	103	0
#SusPed	131.827	96	0
#SusPed	131.847	92	0
#SusPed	131.865	89	0
#SusPed	131.885	86	0
#SusPed	131.907	85	0
#SusPed	131.925	83	0
#SusPed	131.964	82	0
#SusPed	131.986	81	0
#SusPed	132.004	79	0
#SusPed	132.025	77	0
#SusPed	132.044	75	0
#SusPed	132.065	73	0
#SusPed	132.083	70	0
#SusPed	132.104	67	0
#SusPed	132.127	65	0
#SusPed	132.145	63	0
#SusPed	132.166	61	0
#SusPed	132.186	60	0
#SusPed	132.21	59	0
#SusPed	132.224	57	0
#SusPed	132.245	53	0
#SusPed	132.266	46	0
#SusPed	132.286	35	0
#SusPed	132.304	19	0
#SusPed	132.323	0	0
#SusPed	133.205	20	0
#SusPed	133.226	37	0
#SusPed	133.245	51	0
#SusPed	133.268	62	0
#SusPed	133.283	67	0
#SusPed	133.307	71	0
#SusPed	133.325	77	0
#SusPed	133.345	95	0
#SusPed	133.364	127	0
#SusPed	134.707	103	0
#SusPed	134.727	85	0
#SusPed	134.746	71	0
#SusPed	134.765	61	0
#SusPed	134.786	47	0
#SusPed	134.808	25	0
#SusPed	134.823	0	0
#SusPed	134.966	20	0
#SusPed	134.987	34	0
#SusPed	135.007	47	0
#SusPed	135.025	59	0
#SusPed	135.047	65	0
#SusPed	135.065	70	0
#SusPed	135.086	76	0
#SusPed	135.107	86	0
#SusPed	135.124	115	0
#SusPed	135.145	127	0
#SusPed	135.604	122	0
#SusPed	135.624	85	0
#SusPed	135.644	65	0
#SusPed	135.667	51	0
#SusPed	135.686	28	0
#SusPed	135.703	0	0
#SusPed	135.785	26	0
#SusPed	135.805	39	0
#SusPed	135.826	51	0
#SusPed	135.845	61	0
#SusPed	135.864	66	0
#SusPed	135.885	68	0
#SusPed	135.905	72	0
#SusPed	135.926	80	0
#SusPed	135.945	97	0
#SusPed	135.965	127	0
#SusPed	136.366	106	0
#SusPed	136.387	77	0
#SusPed	136.404	61	0
#SusPed	136.425	38	0
#SusPed	136.447	0	0
#SusPed	136.545	23	0
#SusPed	136.566	45	0
#SusPed	136.585	61	0
#SusPed	136.605	70	0
#SusPed	136.625	88	0
#SusPed	136.645	127	0
#SusPed	137.265	102	0
#SusPed	137.289	72	0
#SusPed	137.307	54	0
#SusPed	137.325	0	0
#SusPed	137.445	24	0
#SusPed	137.463	46	0
#SusPed	137.483	60	0
#SusPed	137.504	68	0
#SusPed	137.527	74	0
#SusPed	137.546	86	0
#SusPed	137.564	127	0
#SusPed	138.068	108	0
#SusPed	138.085	80	0
#SusPed	138.105	64	0
#SusPed	138.126	44	0
#SusPed	138.145	0	0
#SusPed	138.266	35	0
#SusPed	138.287	55	0
#SusPed	138.304	67	0
#SusPed	138.325	76	0
#SusPed	138.345	102	0
#SusPed	138.366	127	0
#SusPed	138.926	122	0
#SusPed	138.944	93	0
#SusPed	138.964	73	0
#SusPed	138.985	59	0
#SusPed	139.004	28	0
#SusPed	139.025	0	0
#SusPed	139.145	29	0
#SusPed	139.164	47	0
#SusPed	139.186	60	0
#SusPed	139.207	66	0
#SusPed	139.225	70	0
#SusPed	139.247	75	0
#SusPed	139.267	85	0
#SusPed	139.283	105	0
#SusPed	139.304	127	0
#SusPed	139.626	118	0
#SusPed	139.645	102	0
#SusPed	139.665	93	0
#SusPed	139.688	87	0
#SusPed	139.707	78	0
#SusPed	139.728	65	0
#SusPed	139.744	49	0
#SusPed	139.766	0	0
#SusPed	139.886	28	0
#SusPed	139.907	50	0
#SusPed	139.927	63	0
#SusPed	139.946	71	0
#SusPed	139.965	83	0
#SusPed	139.986	109	0
#SusPed	140.007	127	0
#SusPed	141.485	104	0
#SusPed	141.507	90	0
#SusPed	141.527	70	0
#SusPed	141.547	56	0
#SusPed	141.564	9	0
#SusPed	141.583	0	0
#SusPed	141.687	26	0
#SusPed	141.708	50	0
#SusPed	141.725	65	0
#SusPed	141.746	77	0
#SusPed	141.765	127	0
#SusPed	142.807	109	0
#SusPed	142.824	95	0
#SusPed	142.845	89	0
#SusPed	142.866	87	0
#SusPed	142.885	86	0
#SusPed	142.926	85	0
#SusPed	142.944	83	0
#SusPed	142.965	78	0
#SusPed	142.985	74	0
#SusPed	143.004	70	0
#SusPed	143.023	67	0
#SusPed	143.047	63	0
#SusPed	143.065	59	0
#SusPed	143.086	53	0
#SusPed	143.108	43	0
#SusPed	143.127	22	0
#SusPed	143.151	0	0
#SusPed	143.304	21	0
#SusPed	143.325	35	0
#SusPed	143.344	47	0
#SusPed	143.365	59	0
#SusPed	143.383	67	0
#SusPed	143.403	77	0
#SusPed	143.425	110	0
#SusPed	143.444	127	0
#SusPed	144.724	78	0
#SusPed	144.743	58	0
#SusPed	144.764	0	0
#SusPed	144.904	47	0
#SusPed	144.925	63	0
#SusPed	144.946	78	0
#SusPed	144.964	127	0
#SusPed	145.565	94	0
#SusPed	145.586	64	0
#SusPed	145.604	32	0
#SusPed	145.624	0	0
#SusPed	145.766	44	0
#SusPed	145.787	56	0
#SusPed	145.805	61	0
#SusPed	145.826	64	0
#SusPed	145.844	65	0
#SusPed	145.867	67	0
#SusPed	145.89	72	0
#SusPed	145.905	81	0
#SusPed	145.93	100	0
#SusPed	145.944	127	0
#SusPed	146.286	104	0
#SusPed	146.304	94	0
#SusPed	146.332	84	0
#SusPed	146.345	72	0
#SusPed	146.365	61	0
#SusPed	146.385	33	0
#SusPed	146.405	0	0
#SusPed	146.563	51	0
#SusPed	146.586	63	0
#SusPed	146.607	68	0
#SusPed	146.625	75	0
#SusPed	146.644	88	0
#SusPed	146.667	127	0
#SusPed	147.207	76	0
#SusPed	147.225	50	0
#SusPed	147.247	0	0
#SusPed	147.345	45	0
#SusPed	147.366	62	0
#SusPed	147.387	74	0
#SusPed	147.404	127	0
#SusPed	147.724	83	0
#SusPed	147.745	52	0
#SusPed	147.763	0	0
#SusPed	147.863	17	0
#SusPed	147.883	54	0
#SusPed	147.904	66	0
#SusPed	147.923	79	0
#SusPed	147.944	127	0
#SusPed	148.346	87	0
#SusPed	148.364	68	0
#SusPed	148.385	55	0
#SusPed	148.403	11	0
#SusPed	148.423	0	0
#SusPed	148.587	44	0
#SusPed	148.604	57	0
#SusPed	148.625	62	0
#SusPed	148.647	64	0
#SusPed	148.666	66	0
#SusPed	148.686	68	0
#SusPed	148.707	73	0
#SusPed	148.724	84	0
#SusPed	148.745	127	0
#SusPed	151.607	104	0
#SusPed	151.624	96	0
#SusPed	151.646	92	0
#SusPed	151.664	90	0
#SusPed	151.685	88	0
#SusPed	151.707	85	0
#SusPed	151.724	81	0
#SusPed	151.745	76	0
#SusPed	151.767	71	0
#SusPed	151.785	67	0
#SusPed	151.807	63	0
#SusPed	151.823	61	0
#SusPed	151.845	59	0
#SusPed	151.864	58	0
#SusPed	151.883	55	0
#SusPed	151.904	51	0
#SusPed	151.925	42	0
#SusPed	151.943	28	0
#SusPed	151.965	0	0
#SusPed	152.485	26	0
#SusPed	152.503	35	0
#SusPed	152.523	42	0
#SusPed	152.544	49	0
#SusPed	152.567	58	0
#SusPed	152.588	61	0
#SusPed	152.607	62	0
#SusPed	152.643	63	0
#SusPed	152.664	65	0
#SusPed	152.686	69	0
#SusPed	152.707	76	0
#SusPed	152.724	95	0
#SusPed	152.745	127	0
#SusPed	153.707	116	0
#SusPed	153.725	101	0
#SusPed	153.743	93	0
#SusPed	153.764	88	0
#SusPed	153.785	84	0
#SusPed	153.804	83	0
#SusPed	153.826	81	0
#SusPed	153.844	79	0
#SusPed	153.866	71	0
#SusPed	153.886	61	0
#SusPed	153.904	37	0
#SusPed	153.924	0	0
#SusPed	154.027	34	0
#SusPed	154.045	51	0
#SusPed	154.063	63	0
#SusPed	154.083	68	0
#SusPed	154.107	75	0
#SusPed	154.127	86	0
#SusPed	154.143	127	0
#SusPed	155.266	122	0
#SusPed	155.286	118	0
#SusPed	155.308	116	0
#SusPed	155.325	115	0
#SusPed	155.346	111	0
#SusPed	155.365	108	0
#SusPed	155.388	104	0
#SusPed	155.407	101	0
#SusPed	155.426	99	0
#SusPed	155.445	96	0
#SusPed	155.464	93	0
#SusPed	155.483	89	0
#SusPed	155.503	84	0
#SusPed	155.526	78	0
#SusPed	155.547	72	0
#SusPed	155.564	65	0
#SusPed	155.583	54	0
#SusPed	155.603	24	0
#SusPed	155.626	0	0
#SusPed	155.745	21	0
#SusPed	155.766	41	0
#SusPed	155.786	55	0
#SusPed	155.803	64	0
#SusPed	155.825	68	0
#SusPed	155.845	73	0
#SusPed	155.866	82	0
#SusPed	155.887	99	0
#SusPed	155.905	127	0
#SusPed	156.589	101	0
#SusPed	156.604	88	0
#SusPed	156.624	77	0
#SusPed	156.644	68	0
#SusPed	156.664	59	0
#SusPed	156.686	44	0
#SusPed	156.704	0	0
#SusPed	156.846	26	0
#SusPed	156.863	41	0
#SusPed	156.883	52	0
#SusPed	156.904	61	0
#SusPed	156.926	64	0
#SusPed	156.965	65	0
#SusPed	156.983	66	0
#SusPed	157.007	69	0
#SusPed	157.022	74	0
#SusPed	157.044	84	0
#SusPed	157.067	103	0
#SusPed	157.083	127	0
#SusPed	157.687	81	0
#SusPed	157.707	62	0
#SusPed	157.725	42	0
#SusPed	157.747	0	0
#SusPed	157.844	9	0
#SusPed	157.865	30	0
#SusPed	157.883	45	0
#SusPed	157.905	57	0
#SusPed	157.924	64	0
#SusPed	157.942	68	0
#SusPed	157.967	73	0
#SusPed	157.987	78	0
#SusPed	158.005	89	0
#SusPed	158.024	127	0
#SusPed	159.187	122	0
#SusPed	159.205	102	0
#SusPed	159.226	93	0
#SusPed	159.243	85	0
#SusPed	159.264	79	0
#SusPed	159.286	74	0
#SusPed	159.303	69	0
#SusPed	159.324	65	0
#SusPed	159.345	61	0
#SusPed	159.364	57	0
#SusPed	159.387	49	0
#SusPed	159.405	30	0
#SusPed	159.426	0	0
#SusPed	159.565	11	0
#SusPed	159.587	27	0
#SusPed	159.604	41	0
#SusPed	159.623	52	0
#SusPed	159.644	62	0
#SusPed	159.666	68	0
#SusPed	159.682	75	0
#SusPed	159.705	92	0
#SusPed	159.723	127	0
#SusPed	160.224	115	0
#SusPed	160.247	84	0
#SusPed	160.263	66	0
#SusPed	160.283	51	0
#SusPed	160.307	0	0
#SusPed	160.445	32	0
#SusPed	160.464	52	0
#SusPed	160.485	62	0
#SusPed	160.505	66	0
#SusPed	160.526	69	0
#SusPed	160.545	75	0
#SusPed	160.566	88	0
#SusPed	160.585	127	0
#SusPed	161.024	106	0
#SusPed	161.042	95	0
#SusPed	161.065	85	0
#SusPed	161.086	75	0
#SusPed	161.104	66	0
#SusPed	161.124	57	0
#SusPed	161.145	43	0
#SusPed	161.164	0	0
#SusPed	161.386	32	0
#SusPed	161.404	35	0
#SusPed	161.422	41	0
#SusPed	161.446	49	0
#SusPed	161.465	58	0
#SusPed	161.486	62	0
#SusPed	161.524	63	0
#SusPed	161.544	65	0
#SusPed	161.567	70	0
#SusPed	161.583	85	0
#SusPed	161.607	127	0
#SusPed	162.104	109	0
#SusPed	162.125	99	0
#SusPed	162.144	91	0
#SusPed	162.164	85	0
#SusPed	162.185	78	0
#SusPed	162.205	73	0
#SusPed	162.226	66	0
#SusPed	162.242	61	0
#SusPed	162.263	56	0
#SusPed	162.286	53	0
#SusPed	162.304	47	0
#SusPed	162.326	30	0
#SusPed	162.345	0	0
#SusPed	163.324	14	0
#SusPed	163.344	34	0
#SusPed	163.365	48	0
#SusPed	163.385	59	0
#SusPed	163.405	63	0
#SusPed	163.425	64	0
#SusPed	163.446	65	0
#SusPed	163.463	67	0
#SusPed	163.485	73	0
#SusPed	163.505	83	0
#SusPed	163.524	106	0
#SusPed	163.546	127	0
#SusPed	164.124	92	0
#SusPed	164.146	71	0
#SusPed	164.164	57	0
#SusPed	164.183	17	0
#SusPed	164.204	0	0
#SusPed	164.285	21	0
#SusPed	164.303	37	0
#SusPed	164.326	52	0
#SusPed	164.346	61	0
#SusPed	164.364	64	0
#SusPed	164.385	65	0
#SusPed	164.403	66	0
#SusPed	164.425	67	0
#SusPed	164.445	69	0
#SusPed	164.463	72	0
#SusPed	164.485	78	0
#SusPed	164.504	85	0
#SusPed	164.523	94	0
#SusPed	164.545	102	0
#SusPed	164.563	109	0
#SusPed	164.603	110	0
#SusPed	164.624	111	0
#SusPed	164.703	106	0
#SusPed	164.724	101	0
#SusPed	164.745	92	0
#SusPed	164.766	75	0
#SusPed	164.786	62	0
#SusPed	164.808	43	0
#SusPed	164.823	0	0
#SusPed	164.903	16	0
#SusPed	164.925	35	0
#SusPed	164.945	49	0
#SusPed	164.966	59	0
#SusPed	164.985	64	0
#SusPed	165.005	66	0
#SusPed	165.023	68	0
#SusPed	165.043	73	0
#SusPed	165.065	83	0
#SusPed	165.086	106	0
#SusPed	165.103	127	0
#SusPed	166.144	106	0
#SusPed	166.165	93	0
#SusPed	166.183	83	0
#SusPed	166.207	76	0
#SusPed	166.224	70	0
#SusPed	166.245	64	0
#SusPed	166.263	60	0
#SusPed	166.283	57	0
#SusPed	166.303	55	0
#SusPed	166.324	52	0
#SusPed	166.345	43	0
#SusPed	166.366	27	0
#SusPed	166.386	0	0
#SusPed	166.704	15	0
#SusPed	166.723	26	0
#SusPed	166.744	34	0
#SusPed	166.764	43	0
#SusPed	166.783	50	0
#SusPed	166.803	55	0
#SusPed	166.824	58	0
#SusPed	166.844	59	0
#SusPed	166.885	60	0
#SusPed	166.902	62	0
#SusPed	166.922	63	0
#SusPed	166.946	64	0
#SusPed	166.985	65	0
#SusPed	167.004	66	0
#SusPed	167.023	67	0
#SusPed	167.044	70	0
#SusPed	167.065	73	0
#SusPed	167.086	77	0
#SusPed	167.103	82	0
#SusPed	167.126	87	0
#SusPed	167.144	92	0
#SusPed	167.167	98	0
#SusPed	167.186	105	0
#SusPed	167.207	116	0
#SusPed	167.225	127	0
#SusPed	168.285	116	0
#SusPed	168.304	112	0
#SusPed	168.324	107	0
#SusPed	168.343	102	0
#SusPed	168.364	98	0
#SusPed	168.383	94	0
#SusPed	168.404	91	0
#SusPed	168.424	90	0
#SusPed	168.444	88	0
#SusPed	168.464	86	0
#SusPed	168.485	84	0
#SusPed	168.503	82	0
#SusPed	168.524	80	0
#SusPed	168.545	79	0
#SusPed	168.563	78	0
#SusPed	168.586	76	0
#SusPed	168.607	75	0
#SusPed	168.645	74	0
#SusPed	168.664	73	0
#SusPed	168.685	72	0
#SusPed	168.702	71	0
#SusPed	168.723	70	0
#SusPed	168.745	68	0
#SusPed	168.764	67	0
#SusPed	168.785	66	0
#SusPed	168.826	65	0
#SusPed	168.904	64	0
#SusPed	168.944	63	0
#SusPed	169.005	62	0
#SusPed	169.045	61	0
#SusPed	169.066	60	0
#SusPed	169.103	59	0
#SusPed	169.183	58	0
#SusPed	169.204	57	0
#SusPed	169.225	55	0
#SusPed	169.245	54	0
#SusPed	169.267	53	0
#SusPed	169.285	52	0
#SusPed	169.303	51	0
#SusPed	169.326	50	0
#SusPed	169.347	49	0
#SusPed	169.365	48	0
#SusPed	169.382	47	0
#SusPed	169.403	46	0
#SusPed	169.424	45	0
#SusPed	169.443	43	0
#SusPed	169.464	42	0
#SusPed	169.487	40	0
#SusPed	169.503	39	0
#SusPed	169.563	38	0
#SusPed	169.583	37	0
#SusPed	169.607	36	0
#SusPed	169.622	35	0
#SusPed	169.644	34	0
#SusPed	169.665	32	0
#SusPed	169.683	31	0
#SusPed	169.703	30	0
#SusPed	170.544	29	0
#SusPed	170.563	27	0
#SusPed	170.583	25	0
#SusPed	170.604	22	0
#SusPed	170.623	15	0
#SusPed	170.644	0	0
