// alignID alignOntime alignSitch alignPitch alignOnvel refID refOntime refSitch refPitch refOnvel
0	1.50641	C3	48	97	1	0.449999	C3	48	96	
1	1.50641	C4	60	96	0	0.449999	C4	60	96	
2	1.63461	C2	36	94	*	-1	*	-1	-1	
3	1.63595	C1	24	96	2	0.599999	C1	24	96	
4	2.15411	C4	60	72	*	-1	*	-1	-1	
5	2.24359	G4	67	79	*	-1	*	-1	-1	
6	2.3344	Bb4	70	81	*	-1	*	-1	-1	
7	2.4626	C6	84	101	*	-1	*	-1	-1	
8	2.47195	E5	76	102	*	-1	*	-1	-1	
9	2.76843	C7	96	87	6	1.23125	C7	96	96	
10	2.76976	E6	88	82	*	-1	*	-1	-1	
11	2.93937	Bb6	94	86	8	1.2625	Bb6	94	96	
12	3.07024	G6	91	91	9	1.29375	G6	91	96	
13	3.18776	E6	88	83	5	1.23125	E6	88	96	
14	3.27056	C6	84	82	3	1.2	C6	84	115	
15	3.3547	Bb5	82	80	14	1.3875	Bb5	82	96	
16	3.44284	G5	79	76	15	1.41875	G5	79	96	
17	3.49359	E5	76	71	13	1.3575	E5	76	96	
18	3.57639	C5	72	68	17	1.48125	C5	72	96	
19	3.64984	Bb4	70	78	10	1.305	Bb4	70	96	
20	3.74332	G4	67	82	7	1.2525	G4	67	96	
21	3.82478	E4	64	75	20	1.575	E4	64	96	
22	3.90358	C4	60	81	4	1.2	C4	60	96	
23	3.99172	Bb3	58	80	22	1.6375	Bb3	58	93	
24	4.08386	G3	55	73	23	1.66875	G3	55	90	
25	4.17067	E3	52	77	24	1.7	E3	52	87	
26	4.26682	C3	48	76	25	1.73125	C3	48	84	
27	4.38568	Bb2	46	77	26	1.7625	Bb2	46	81	
28	4.48718	G2	43	65	27	1.8	G2	43	81	
29	4.59535	D3	50	62	29	1.95	D3	50	81	
30	4.67681	E2	40	73	32	2.1	E2	40	81	
31	4.69551	C3	48	59	30	2.1	C3	48	81	
32	4.78766	Bb2	46	64	33	2.25	Bb2	46	81	
33	4.88114	A2	45	47	34	2.4	A2	45	81	
34	4.88782	F2	41	72	36	2.4	F2	41	81	
35	4.97061	E3	52	64	37	2.55	E3	52	81	
36	5.06143	F#2	42	72	40	2.7	F#2	42	82	
37	5.07077	D3	50	55	38	2.7	D3	50	82	
38	5.08547	Bb2	46	50	39	2.7	Bb2	46	82	
39	5.14022	C3	48	65	41	2.85	C3	48	83	
40	5.24038	B2	47	65	42	2.99999	B2	47	84	
41	5.25908	G2	43	84	44	2.99999	G2	43	84	
42	5.34455	F3	53	72	45	3.14999	F3	53	85	
43	5.44471	E3	52	69	46	3.29999	E3	52	86	
44	5.44871	G#2	44	87	48	3.29999	G#2	44	86	
45	5.44871	B2	47	46	47	3.29999	B2	47	86	
46	5.53952	D3	50	73	49	3.44999	D3	50	87	
47	5.63434	C3	48	73	50	3.59999	C3	48	88	
48	5.64636	A2	45	98	52	3.59999	A2	45	88	
49	5.75721	G3	55	76	53	3.74999	G3	55	89	
50	5.87206	F3	53	69	54	3.89999	F3	53	90	
51	5.9001	C#3	49	59	55	3.89999	C#3	49	90	
52	5.99225	E3	52	79	56	4.04999	E3	52	91	
53	6.11778	D3	50	81	57	4.19999	D3	50	92	
54	6.1258	Bb2	46	102	59	4.19999	Bb2	46	92	
55	6.26869	A3	57	78	60	4.34999	A3	57	93	
56	6.41292	B2	47	108	63	4.49999	B2	47	94	
57	6.41426	Eb3	51	72	62	4.49999	Eb3	51	94	
58	6.41693	G3	55	70	61	4.49999	G3	55	94	
59	6.53044	F3	53	77	64	4.64999	F3	53	95	
60	6.70405	C3	48	107	66	4.79999	C3	48	96	
61	6.70672	E3	52	110	65	4.79999	E3	52	96	
62	7.53338	C4	60	97	67	5.24999	C4	60	112	
63	7.53605	C3	48	98	68	5.24999	C3	48	112	
64	7.63354	C2	36	102	69	5.39999	C3	48	112	
65	7.63487	C1	24	97	70	5.39999	C1	24	112	
66	8.12366	C4	60	71	*	-1	*	-1	-1	
67	8.21847	G4	67	66	*	-1	*	-1	-1	
68	8.29994	Bb4	70	79	*	-1	*	-1	-1	
69	8.36271	E5	76	102	*	-1	*	-1	-1	
70	8.37072	C6	84	100	*	-1	*	-1	-1	
71	8.47221	E6	88	85	*	-1	*	-1	-1	
72	8.49091	C7	96	81	74	6.03124	C7	96	112	
73	8.58573	Bb6	94	86	76	6.06249	Bb6	94	112	
74	8.66185	G6	91	90	77	6.09374	G6	91	112	
75	8.7353	E6	88	81	73	6.03124	E6	88	112	
76	8.78738	C6	84	84	71	5.99999	C6	84	127	
77	8.86885	Bb5	82	82	82	6.18749	Bb5	82	112	
78	8.93963	C5	72	37	*	-1	*	-1	-1	
79	8.96767	G5	79	69	83	6.21874	G5	79	112	
80	9.01174	E5	76	69	81	6.15749	E5	76	112	
81	9.07852	C5	72	74	85	6.28124	C5	72	112	
82	9.13728	Bb4	70	65	78	6.10499	Bb4	70	112	
83	9.20138	G4	67	83	75	6.05249	G4	67	112	
84	9.3002	E4	64	85	88	6.37499	E4	64	112	
85	9.38567	C4	60	76	72	5.99999	C4	60	112	
86	9.46981	Bb3	58	80	90	6.43749	Bb3	58	104	
87	9.53925	G3	55	55	91	6.46874	G3	55	96	
88	9.62472	E3	52	75	88	6.37499	E4	64	112	
89	9.70886	C3	48	69	93	6.53124	C3	48	79	
90	9.86377	A2	45	13	96	6.59999	G2	43	70	
91	9.90784	G2	43	62	95	6.59999	G2	43	70	
92	9.99732	D3	50	62	97	6.74999	D3	50	70	
93	10.0774	E2	40	65	100	6.89999	E2	40	70	
94	10.1015	C3	48	51	98	6.89999	C3	48	70	
95	10.1442	G#2	44	12	99	6.89999	G#2	44	70	
96	10.1816	Bb2	46	64	101	7.04999	Bb2	46	70	
97	10.2791	F2	41	74	104	7.19999	F2	41	70	
98	10.2858	A2	45	57	102	7.19999	A2	45	70	
99	10.3833	E3	52	62	105	7.34999	E3	52	70	
100	10.4687	F#2	42	68	108	7.49999	F#2	42	70	
101	10.4861	D3	50	47	106	7.49999	D3	50	70	
102	10.4928	Bb2	46	43	107	7.49999	Bb2	46	70	
103	10.5409	C3	48	67	109	7.64999	C3	48	70	
104	10.6437	B2	47	56	110	7.79999	B2	47	70	
105	10.6584	G2	43	76	112	7.79999	G2	43	70	
106	10.7358	F3	53	67	113	7.94999	F3	53	70	
107	10.816	B2	47	54	115	8.09999	B2	47	70	
108	10.828	G#2	44	67	116	8.09999	G#2	44	70	
109	10.844	E3	52	59	114	8.09999	E3	52	70	
110	10.9228	D3	50	66	117	8.24999	D3	50	70	
111	11.0149	A2	45	78	120	8.39999	A2	45	70	
112	11.0176	C3	48	59	118	8.39999	C3	48	70	
113	11.1191	G3	55	60	121	8.54999	G3	55	70	
114	11.2086	F3	53	55	122	8.69999	F3	53	70	
115	11.274	C#3	49	21	123	8.69999	C#3	49	70	
116	11.3154	E3	52	67	124	8.84999	E3	52	70	
117	11.4089	D3	50	51	125	8.99998	D3	50	70	
118	11.4383	Bb2	46	80	127	8.99998	Bb2	46	70	
119	11.5077	A3	57	63	128	9.14998	A3	57	70	
120	11.6052	G3	55	55	129	9.29998	G3	55	70	
121	11.6146	B2	47	74	131	9.29998	B2	47	70	
122	11.6867	F3	53	66	132	9.44998	F3	53	70	
123	11.7802	E3	52	61	133	9.59998	E3	52	70	
124	11.7828	C3	48	81	135	9.59998	C3	48	70	
125	11.8737	Bb3	58	63	136	9.74998	Bb3	58	70	
126	11.9498	C#3	49	77	138	9.89998	C#3	49	70	
127	11.9578	A3	57	64	137	9.89998	A3	57	70	
128	12.0326	G3	55	70	139	10.05	G3	55	70	
129	12.122	D3	50	81	142	10.2	D3	50	70	
130	12.1234	F3	53	66	140	10.2	F3	53	70	
131	12.2195	C4	60	71	143	10.35	C4	60	70	
132	12.3037	Eb3	51	72	146	10.5	Eb3	51	70	
133	12.3117	B3	59	55	144	10.5	B3	59	70	
134	12.3317	F#3	54	35	145	10.5	F#3	54	70	
135	12.3851	A3	57	69	147	10.65	A3	57	70	
136	12.4706	E3	52	89	150	10.8	E3	52	70	
137	12.4866	G3	55	51	148	10.8	G3	55	70	
138	12.5748	D4	62	65	151	10.95	D4	62	70	
139	12.6736	C4	60	54	152	11.1	C4	60	70	
140	12.7617	Bb3	58	65	154	11.25	Bb3	58	70	
141	12.8405	F3	53	77	157	11.4	F3	53	70	
142	12.8459	A3	57	57	155	11.4	A3	57	70	
143	12.9273	E4	64	66	158	11.55	E4	64	70	
144	13.0115	F#3	54	74	161	11.7	F#3	54	70	
145	13.0195	D4	62	65	159	11.7	D4	62	70	
146	13.0315	Bb3	58	42	160	11.7	Bb3	58	70	
147	13.0983	C4	60	69	162	11.85	C4	60	70	
148	13.1797	G3	55	86	165	12	G3	55	70	
149	13.1918	B3	59	66	163	12	B3	59	70	
150	13.2946	F4	65	70	166	12.15	F4	65	73	
151	13.3507	G#3	56	84	168	12.3	G#3	56	77	
152	13.3574	E4	64	68	167	12.3	E4	64	77	
153	13.4308	D4	62	75	169	12.45	D4	62	80	
154	13.519	A3	57	98	172	12.6	A3	57	84	
155	13.5296	C4	60	70	170	12.6	C4	60	84	
156	13.6285	G4	67	70	173	12.75	G4	67	87	
157	13.7193	F4	65	65	174	12.9	F4	65	91	
158	13.7406	C#4	61	45	175	12.9	C#4	61	91	
159	13.8047	E4	64	70	176	13.05	E4	64	94	
160	13.8902	Bb3	58	79	179	13.2	Bb3	58	98	
161	13.8915	D4	62	49	177	13.2	D4	62	98	
162	13.9677	A4	69	72	180	13.35	A4	69	101	
163	14.0531	B3	59	69	183	13.5	B3	59	105	
164	14.0638	G4	67	65	181	13.5	G4	67	105	
165	14.0839	Eb4	63	40	182	13.5	Eb4	63	105	
166	14.1453	F4	65	59	184	13.65	F4	65	108	
167	14.2161	E4	64	61	185	13.8	E4	64	112	
168	14.2267	C4	60	74	187	13.8	C4	60	112	
169	14.3323	F5	77	74	188	13.95	F5	77	115	
170	14.4097	G#3	56	61	191	14.1	G#3	56	119	
171	14.4097	E4	64	58	192	14.1	E4	64	119	
172	14.4231	E5	76	67	189	14.1	E5	76	119	
173	14.4992	D5	74	73	193	14.25	D5	74	122	
174	14.5686	E4	64	73	197	14.4	E4	64	126	
175	14.574	C5	72	75	194	14.4	C5	72	126	
176	14.5766	A3	57	63	196	14.4	A3	57	126	
177	14.6781	A5	81	78	198	14.55	A5	81	126	
178	14.7436	B3	59	69	201	14.7	B3	59	126	
179	14.7489	G4	67	66	202	14.7	G4	67	126	
180	14.7516	D5	74	46	200	14.7	D5	74	126	
181	14.7596	G5	79	70	199	14.7	G5	79	126	
182	14.8331	F5	77	80	203	14.85	F5	77	126	
183	14.9092	E5	76	76	204	15	E5	76	126	
184	14.9239	G4	67	71	207	15	G4	67	126	
185	14.9279	C4	60	70	206	15	C4	60	126	
186	15.0107	F6	89	81	208	15.15	F6	89	126	
187	15.0988	G#3	56	69	211	15.3	G#3	56	126	
188	15.0988	B5	83	50	210	15.3	B5	83	126	
189	15.1015	E6	88	70	209	15.3	E6	88	126	
190	15.1068	E4	64	57	212	15.3	E4	64	126	
191	15.1749	D6	86	75	213	15.45	D6	86	126	
192	15.2644	C6	84	82	214	15.6	C6	84	126	
193	15.2697	E4	64	73	217	15.6	E4	64	126	
194	15.2751	A3	57	63	216	15.6	A3	57	126	
195	15.3606	A6	93	87	218	15.75	A6	93	126	
196	15.4407	G6	91	75	219	15.9	G6	91	126	
197	15.4447	G4	67	63	222	15.9	G4	67	126	
198	15.4474	D6	86	56	220	15.9	D6	86	126	
199	15.4487	B3	59	53	221	15.9	B3	59	126	
200	15.5262	F6	89	78	223	16.05	F6	89	126	
201	15.6036	E6	88	80	224	16.2	E6	88	126	
202	15.6063	G4	67	72	227	16.2	G4	67	126	
203	15.6116	C4	60	68	226	16.2	C4	60	126	
204	15.6958	F7	101	89	228	16.35	F7	101	126	
205	15.7866	B6	95	56	230	16.5	B6	95	126	
206	15.7866	E7	100	79	229	16.5	E7	100	126	
207	15.856	D7	98	83	233	16.65	D7	98	126	
208	15.9388	A3	57	65	236	16.8	C4	60	126	
209	15.9428	C7	96	84	234	16.8	C7	96	126	
210	15.9428	E4	64	66	237	16.8	G4	67	126	
211	16.0243	A7	105	88	238	16.95	A7	105	126	
212	16.1044	G7	103	85	239	17.1	G7	103	126	
213	16.1124	D7	98	73	240	17.1	D7	98	126	
214	16.1138	B3	59	66	241	17.1	B3	59	126	
215	16.1218	G4	67	71	242	17.1	G4	67	126	
216	16.2046	F7	101	90	243	17.25	F7	101	126	
217	16.2941	C4	60	75	246	17.4	C4	60	126	
218	16.3007	G4	67	72	247	17.4	G4	67	126	
219	16.3047	E7	100	91	244	17.4	E7	100	126	
220	16.3942	A7	105	95	248	17.55	A7	105	126	
221	16.4824	B3	59	83	254	17.7	B3	59	126	
222	16.485	D7	98	88	249	17.7	D7	98	126	
223	16.4877	G6	91	86	251	17.7	G6	91	126	
224	16.4877	G7	103	89	250	17.7	G7	103	126	
225	16.489	B2	47	75	252	17.7	B2	47	126	
226	16.4917	G3	55	70	253	17.7	G3	55	126	
227	16.5959	F7	101	90	255	17.85	F7	101	126	
228	16.6733	C4	60	77	259	18	C4	60	126	
229	16.688	C3	48	73	257	18	C3	48	126	
230	16.6934	E7	100	92	256	18	E7	100	126	
231	16.7949	A7	105	93	260	18.15	A7	105	126	
232	16.891	B2	47	89	266	18.3	B2	47	126	
233	16.8937	G7	103	98	262	18.3	G7	103	126	
234	16.8977	B1	35	82	264	18.3	B1	35	126	
235	16.899	G2	43	74	265	18.3	G2	43	126	
236	16.9017	G6	91	89	263	18.3	G6	91	126	
237	16.9017	D7	98	91	261	18.3	D7	98	126	
238	17.0112	F7	101	90	267	18.45	F7	101	126	
239	17.1247	E7	100	92	268	18.6	E7	100	126	
240	17.1274	G2	43	57	271	18.6	G2	43	126	
241	17.1274	C3	48	82	272	18.6	C3	48	126	
242	17.1301	G6	91	86	269	18.6	G6	91	126	
243	17.1327	C2	36	75	270	18.6	C2	36	126	
244	17.2436	A7	105	95	273	18.75	A7	105	126	
245	17.3397	G2	43	48	278	18.9	G2	43	126	
246	17.3437	G7	103	88	275	18.9	G7	103	126	
247	17.3477	B1	35	73	277	18.9	B1	35	126	
248	17.3477	D7	98	88	274	18.9	D7	98	126	
249	17.3491	G6	91	81	276	18.9	G6	91	126	
250	17.3504	B2	47	74	279	18.9	B2	47	126	
251	17.4359	F7	101	87	280	19.05	F7	101	126	
252	17.5374	G2	43	73	284	19.2	G2	43	126	
253	17.5374	E7	100	107	282	19.2	E7	100	126	
254	17.5441	C3	48	93	285	19.2	C3	48	126	
255	17.5467	C2	36	93	283	19.2	C2	36	126	
256	17.5467	E6	88	98	281	19.2	E6	88	126	
257	18.2973	E5	76	83	289	19.8	E5	76	126	
258	18.2999	G4	67	70	287	19.8	G4	67	126	
259	18.3026	Bb3	58	69	294	19.8	Bb3	58	126	
260	18.3039	E4	64	71	286	19.8	E4	64	126	
261	18.3066	C#5	73	72	288	19.8	C#5	73	126	
262	18.3119	Bb2	46	62	290	19.8	Bb2	46	126	
263	18.3173	E3	52	56	292	19.8	E3	52	126	
264	18.3186	G3	55	53	293	19.8	G3	55	126	
265	18.3266	C#3	49	51	291	19.8	C#3	49	126	
266	18.75	F5	77	75	298	20.4	F5	77	126	
267	18.7553	F4	65	63	295	20.4	F4	65	126	
268	18.7567	G#3	56	68	302	20.4	G#3	56	126	
269	18.7607	C#5	73	69	297	20.4	C#5	73	126	
270	18.762	C#3	49	61	300	20.4	C#3	49	126	
271	18.762	G#4	68	61	296	20.4	G#4	68	126	
272	18.7687	G#2	44	63	299	20.4	G#2	44	126	
273	18.7754	F3	53	47	301	20.4	F3	53	126	
274	19.1106	G#5	80	82	306	21	G#5	80	126	
275	19.1132	F#3	54	67	310	21	F#3	54	126	
276	19.1146	Eb5	75	74	305	21	Eb5	75	126	
277	19.1146	G#4	68	69	303	21	G#4	68	126	
278	19.1186	Eb3	51	58	309	21	Eb3	51	126	
279	19.1239	F#2	42	63	307	21	F#2	42	126	
280	19.1252	C3	48	55	308	21	C3	48	126	
281	19.4337	C#6	85	82	314	21.6	C#6	85	126	
282	19.4391	G#5	80	73	313	21.6	G#5	80	126	
283	19.4404	C#5	73	68	311	21.6	C#5	73	126	
284	19.4444	F3	53	72	318	21.6	F3	53	126	
285	19.4458	C#3	49	71	317	21.6	C#3	49	126	
286	19.4551	F2	41	63	315	21.6	F2	41	126	
287	19.4618	G#2	44	58	316	21.6	G#2	44	126	
288	19.7249	F#6	90	89	322	22.2	F#6	90	126	
289	19.7275	F#5	78	88	319	22.2	F#5	78	126	
290	19.7329	Bb5	82	73	320	22.2	Bb5	82	126	
291	19.7356	Bb2	46	71	324	22.2	Bb2	46	126	
292	19.7356	C#6	85	76	321	22.2	C#6	85	126	
293	19.7396	E3	52	73	326	22.2	E3	52	126	
294	19.7422	C#3	49	70	325	22.2	C#3	49	126	
295	19.7476	E2	40	69	323	22.2	E2	40	126	
296	20.008	F#6	90	80	329	22.8	F#6	90	126	
297	20.0093	B5	83	81	327	22.8	B5	83	126	
298	20.0093	B6	95	87	330	22.8	B6	95	126	
299	20.0107	Eb6	87	77	328	22.8	Eb6	87	126	
300	20.016	Eb3	51	80	334	22.8	Eb3	51	126	
301	20.0267	B2	47	64	333	22.8	B2	47	126	
302	20.0267	F#2	42	61	332	22.8	F#2	42	126	
303	20.0267	Eb2	39	68	331	22.8	Eb2	39	126	
304	20.2871	E7	100	98	338	23.4	E7	100	126	
305	20.2911	E6	88	89	335	23.4	E6	88	126	
306	20.2924	G#2	44	74	340	23.4	G#2	44	126	
307	20.2951	G#6	92	83	336	23.4	G#6	92	126	
308	20.2951	B6	95	84	337	23.4	B6	95	126	
309	20.2965	D3	50	79	342	23.4	D3	50	126	
310	20.3045	D2	38	71	339	23.4	D2	38	126	
311	20.5916	A7	105	101	*	-1	*	-1	-1	
312	20.5929	A6	93	103	345	24	A6	93	126	
313	20.5929	E7	100	94	*	-1	*	-1	-1	
314	20.5969	A2	45	66	348	24	A2	45	126	
315	20.5983	C#3	49	95	349	24	C#3	49	126	
316	20.6076	E2	40	71	347	24	E2	40	126	
317	20.6076	C#2	37	76	346	24	C#2	37	126	
318	20.6517	F#2	42	31	*	-1	*	-1	-1	
319	21.3688	F7	101	105	353	25.2	F7	101	126	
320	21.3715	F6	89	109	350	25.2	F6	89	126	
321	21.3715	D7	98	94	352	25.2	D7	98	126	
322	21.3728	A6	93	101	351	25.2	A6	93	126	
323	21.3849	A2	45	93	356	25.2	A2	45	126	
324	21.3849	D3	50	98	357	25.2	D3	50	126	
325	21.3915	D2	38	87	354	25.2	D2	38	126	
326	21.3955	F2	41	86	355	25.2	F2	41	126	
327	22.715	Bb2	46	103	361	26.4	Bb2	46	126	
328	22.7177	D4	62	99	360	26.4	D4	62	126	
329	22.7217	F3	53	102	358	26.4	F3	53	126	
330	22.7217	Bb3	58	99	359	26.4	Bb3	58	126	
331	23.1904	C3	48	54	368	26.9237	C3	48	126	
332	23.2692	Bb2	46	57	369	26.9987	Bb2	46	126	
333	23.3654	C3	48	63	370	27.075	C3	48	126	
334	23.4508	Bb2	46	60	371	27.1487	Bb2	46	126	
335	23.5216	C3	48	65	372	27.2237	C3	48	126	
336	23.5897	Bb2	46	68	373	27.3	Bb2	46	126	
337	23.6605	C3	48	60	374	27.3737	C3	48	126	
338	23.758	Bb2	46	70	375	27.4487	Bb2	46	126	
339	23.8354	C3	48	61	376	27.525	C3	48	126	
340	23.8955	Bb2	46	73	377	27.5987	Bb2	46	126	
341	23.9757	C3	48	68	378	27.6737	C3	48	126	
342	24.0451	Bb2	46	71	379	27.75	Bb2	46	126	
343	24.0999	C3	48	60	380	27.8237	C3	48	126	
344	24.1934	Bb2	46	68	381	27.8987	Bb2	46	126	
345	24.2575	C3	48	61	382	27.975	C3	48	126	
346	24.3149	Bb2	46	73	383	28.0487	Bb2	46	126	
347	24.411	C3	48	70	384	28.1237	C3	48	126	
348	24.4725	Bb2	46	64	386	28.2625	Bb2	46	126	
349	24.5379	G#2	44	97	387	28.325	G#2	44	126	
350	24.8451	Bb2	46	72	388	28.3875	Bb2	46	126	
351	24.9279	G#2	44	65	389	28.45	G#2	44	126	
352	25.0173	Bb2	46	72	390	28.5125	Bb2	46	126	
353	25.1095	G#2	44	65	391	28.575	G#2	44	126	
354	25.1816	G4	67	92	395	28.7	G4	67	126	
355	25.1856	F3	53	89	397	28.7	F3	53	126	
356	25.1869	D4	62	77	394	28.7	D4	62	126	
357	25.1883	G3	55	92	398	28.7	G3	55	126	
358	25.1936	B3	59	73	393	28.7	B3	59	126	
359	25.207	G2	43	72	396	28.7	G2	43	127	
360	25.4634	A2	45	62	401	28.8875	A2	45	127	
361	25.5502	G2	43	62	402	28.95	G2	43	127	
362	25.653	A2	45	57	403	29.0125	A2	45	127	
363	25.6944	G2	43	54	404	29.075	G2	43	127	
364	25.7665	F2	41	104	406	29.2	F2	41	127	
365	25.9548	G2	43	59	409	29.3875	G2	43	127	
366	26.0483	F2	41	69	410	29.45	F2	41	127	
367	26.1391	G2	43	60	411	29.5125	G2	43	127	
368	26.1672	F2	41	70	412	29.575	F2	41	127	
369	26.266	D2	38	102	414	29.7	D2	38	127	
370	26.4476	E2	40	63	417	29.8875	E2	40	127	
371	26.5278	D2	38	66	418	29.95	D2	38	127	
372	26.6226	E2	40	64	419	30.0125	E2	40	127	
373	26.684	D2	38	59	420	30.075	D2	38	127	
374	26.7548	B1	35	103	422	30.2	B1	35	127	
375	26.9912	C2	36	52	423	30.2625	C2	36	127	
376	27.0619	B1	35	64	424	30.325	B1	35	127	
377	27.1367	C2	36	57	425	30.3875	C2	36	127	
378	27.2048	B1	35	61	426	30.45	B1	35	127	
379	27.2743	C2	36	64	427	30.5125	C2	36	127	
380	27.3384	B1	35	60	428	30.575	B1	35	127	
381	27.3998	G1	31	106	430	30.7	G1	31	126	
382	27.4439	A1	33	45	431	30.7614	A1	33	126	
383	27.6976	A1	33	64	433	30.8864	A1	33	126	
384	27.7711	G1	31	63	434	30.95	G1	31	126	
385	27.8499	A1	33	66	435	31.0114	A1	33	126	
386	27.9126	G1	31	70	436	31.075	G1	31	126	
387	27.9968	A1	33	75	437	31.1364	A1	33	126	
388	28.0769	G1	31	64	438	31.2	G1	31	126	
389	28.153	A1	33	73	439	31.2614	A1	33	126	
390	28.2238	G1	31	64	442	31.45	G1	31	126	
391	28.3013	A1	33	76	443	31.5114	A1	33	126	
392	28.364	G1	31	71	444	31.575	G1	31	126	
393	28.4548	A1	33	75	445	31.6364	A1	33	126	
394	28.5229	G1	31	74	446	31.7	G1	31	126	
395	28.6218	A1	33	63	447	31.7614	A1	33	126	
396	28.6525	G1	31	93	448	31.825	G1	31	126	
397	29.0398	F#1	30	82	450	31.95	F#1	30	111	
398	29.2788	G1	31	87	451	32.075	G1	31	114	
399	29.4297	G#1	32	89	452	32.2	G#1	32	117	
400	29.5646	A1	33	96	453	32.325	A1	33	120	
401	29.7048	Bb1	34	92	454	32.45	Bb1	34	123	
402	29.8424	B1	35	94	455	32.575	B1	35	126	
403	30.1696	C2	36	91	456	32.7	C2	36	80	
404	30.2631	F3	53	2	457	32.7	C2	36	96	
405	30.4407	E2	40	66	458	32.825	E2	40	86	
406	30.5221	F#2	42	70	459	32.95	G2	43	93	
407	30.6223	C3	48	72	460	33.075	C3	48	99	
408	30.7038	E3	52	68	461	33.2	E3	52	106	
409	30.7799	G3	55	73	462	33.325	G3	55	112	
410	30.8507	C4	60	77	463	33.45	C4	60	119	
411	30.9335	E4	64	81	464	33.575	E4	64	126	
412	31.0617	G#4	68	102	466	33.7	G#4	68	127	
413	31.0697	G#3	56	86	465	33.7	G#3	56	127	
414	31.3101	B4	71	70	467	33.825	B4	71	126	
415	31.3915	D5	74	63	468	33.95	D5	74	126	
416	31.4182	G3	55	68	471	34.2	G3	55	126	
417	31.4596	G#5	80	78	469	34.075	G#5	80	126	
418	31.4636	B3	59	60	472	34.2437	B3	59	126	
419	31.4797	D4	62	72	473	34.2875	D4	62	126	
420	31.5478	F4	65	81	475	34.3312	F4	65	126	
421	31.5504	G4	67	83	476	34.375	G4	67	126	
422	31.5504	G5	79	92	470	34.2	G5	79	126	
423	31.6386	B5	83	85	474	34.325	B5	83	126	
424	31.7334	D6	86	83	477	34.45	D6	86	126	
425	31.7815	E6	88	38	*	-1	*	-1	-1	
426	31.8149	G6	91	96	478	34.575	G6	91	126	
427	31.9404	C2	36	91	479	34.7	C2	36	126	
428	32.1968	E2	40	64	480	34.825	E2	40	126	
429	32.289	G2	43	69	481	34.95	G2	43	126	
430	32.3691	C3	48	73	482	35.075	C3	48	126	
431	32.4185	E3	52	77	483	35.2	E3	52	126	
432	32.5013	G3	55	74	484	35.325	G3	55	126	
433	32.5694	C4	60	78	485	35.45	C4	60	126	
434	32.6469	E4	64	87	486	35.575	E4	64	126	
435	32.7978	G#4	68	102	488	35.7	G#4	68	127	
436	32.8018	G#3	56	89	487	35.7	G#3	56	127	
437	33.1063	B4	71	59	489	35.825	B4	71	126	
438	33.1797	G3	55	61	493	36.2	G3	55	126	
439	33.1837	D5	74	67	490	35.95	D5	74	126	
440	33.2438	B3	59	55	494	36.2437	B3	59	126	
441	33.2692	D4	62	60	495	36.2875	D4	62	126	
442	33.2866	G#5	80	76	491	36.075	G#5	80	126	
443	33.3386	G4	67	77	*	-1	*	-1	-1	
444	33.3426	F4	65	72	497	36.3312	F4	65	126	
445	33.3707	G5	79	88	492	36.2	G5	79	126	
446	33.4548	B5	83	81	496	36.325	B5	83	126	
447	33.5363	D6	86	86	499	36.45	D6	86	126	
448	33.5683	E6	88	52	*	-1	*	-1	-1	
449	33.6097	G6	91	101	500	36.575	G6	91	126	
450	33.6939	C2	36	90	501	36.7	C2	36	126	
451	33.8728	E2	40	72	502	36.825	E2	40	126	
452	33.9623	G2	43	74	503	36.95	G2	43	126	
453	34.0384	C3	48	76	504	37.075	C3	48	126	
454	34.1426	E3	52	80	505	37.2	E3	52	126	
455	34.2494	G3	55	74	506	37.325	G3	55	126	
456	34.3309	C4	60	81	507	37.45	C4	60	126	
457	34.4177	E4	64	86	508	37.575	E4	64	126	
458	34.7809	E4	64	88	511	37.7	E4	64	127	
459	34.7809	A4	69	98	512	37.7	A4	69	127	
460	34.7916	C4	60	82	510	37.7	C4	60	127	
461	34.7983	A3	57	84	509	37.7	A3	57	127	
462	35.0908	C5	72	65	513	37.825	C5	72	126	
463	35.1963	E5	76	66	514	37.95	E5	76	126	
464	35.3058	A5	81	71	515	38.075	A5	81	126	
465	35.3926	C6	84	77	516	38.2	C6	84	126	
466	35.5181	E6	88	82	517	38.325	E6	88	126	
467	35.6023	A6	93	87	518	38.45	A6	93	126	
468	35.7011	E7	100	90	519	38.575	D7	98	126	
469	35.8186	E4	64	87	523	38.7	E4	64	127	
470	35.8186	G4	67	100	524	38.7	G4	67	127	
471	35.8253	C7	96	91	520	38.7	C7	96	126	
472	35.8293	G3	55	72	521	38.7	G3	55	127	
473	35.8306	C4	60	73	522	38.7	C4	60	127	
474	36.0002	G6	91	82	525	38.825	G6	91	126	
475	36.091	E6	88	72	526	38.95	E6	88	126	
476	36.2099	C6	84	68	527	39.075	C6	84	126	
477	36.2259	D6	86	54	*	-1	*	-1	-1	
478	36.3194	G5	79	81	528	39.2	G5	79	126	
479	36.4062	E5	76	82	529	39.325	E5	76	126	
480	36.5144	C5	72	81	530	39.45	C5	72	126	
481	36.6105	G4	67	82	531	39.575	G4	67	126	
482	36.7147	C4	60	87	534	39.7	C4	60	127	
483	36.7147	E4	64	99	535	39.7	E4	64	127	
484	36.7187	A3	57	76	533	39.7	A3	57	127	
485	36.7281	E3	52	77	532	39.7	E3	52	127	
486	36.8215	A4	69	65	536	39.825	A4	69	126	
487	36.9244	C5	72	73	537	39.95	C5	72	126	
488	37.0219	E5	76	74	538	40.075	E5	76	126	
489	37.1047	A5	81	82	539	40.2	A5	81	126	
490	37.2249	C6	84	85	540	40.325	C6	84	126	
491	37.3157	E6	88	85	541	40.45	E6	88	126	
492	37.4105	C7	96	86	542	40.575	C7	96	126	
493	37.504	G6	91	89	543	40.7	G6	91	127	
494	37.5173	C4	60	97	547	40.7	C4	60	127	
495	37.5213	G3	55	82	546	40.7	G3	55	127	
496	37.5253	C3	48	83	544	40.7	C3	48	127	
497	37.5293	E3	52	76	545	40.7	E3	52	127	
498	37.6188	E6	88	86	548	40.825	E6	88	127	
499	37.7096	C6	84	78	549	40.95	C6	84	127	
500	37.8151	G5	79	82	550	41.075	G5	79	127	
501	37.9086	E5	76	87	551	41.2	E5	76	127	
502	38.0008	C5	72	75	552	41.325	C5	72	127	
503	38.0929	G4	67	87	553	41.45	G4	67	127	
504	38.1797	E4	64	83	554	41.575	E4	64	127	
505	38.2612	A3	57	99	558	41.7	A3	57	127	
506	38.2639	E3	52	93	557	41.7	E3	52	127	
507	38.2732	C3	48	79	556	41.7	C3	48	127	
508	38.2772	A2	45	79	555	41.7	A2	45	127	
509	38.3507	C4	60	79	559	41.825	C4	60	127	
510	38.4655	E4	64	79	560	41.95	E4	64	127	
511	38.5617	A4	69	77	561	42.075	A4	69	127	
512	38.6458	C5	72	85	562	42.2	C5	72	127	
513	38.766	E5	76	78	563	42.325	E5	76	127	
514	38.782	F5	77	66	*	-1	*	-1	-1	
515	38.8394	A5	81	88	564	42.45	A5	81	127	
516	38.9222	E6	88	92	565	42.575	E6	88	127	
517	39.013	E3	52	92	569	42.7	E3	52	127	
518	39.013	G3	55	95	570	42.7	G3	55	127	
519	39.013	C6	84	92	566	42.7	C6	84	127	
520	39.0224	C3	48	77	568	42.7	C3	48	127	
521	39.0264	G2	43	76	567	42.7	G2	43	127	
522	39.1226	G5	79	91	571	42.825	G5	79	127	
523	39.2107	E5	76	75	572	42.95	E5	76	127	
524	39.3135	C5	72	84	573	43.075	C5	72	127	
525	39.4057	G4	67	89	574	43.2	G4	67	127	
526	39.4871	E4	64	72	575	43.325	E4	64	127	
527	39.578	C4	60	81	576	43.45	C4	60	127	
528	39.6661	G3	55	76	577	43.575	G3	55	127	
529	39.7142	C3	48	91	580	43.7	C3	48	127	
530	39.7142	E3	52	101	581	43.7	E3	52	127	
531	39.7195	A2	45	83	579	43.7	A2	45	127	
532	39.7262	E2	40	77	578	43.7	E2	40	127	
533	39.8197	A3	57	74	582	43.825	A3	57	127	
534	39.9158	C4	60	78	583	43.95	C4	60	127	
535	39.996	E4	64	75	584	44.075	E4	64	127	
536	40.0627	F4	65	39	*	-1	*	-1	-1	
537	40.0654	A4	69	79	585	44.2	A4	69	127	
538	40.1629	C5	72	87	586	44.325	C5	72	127	
539	40.243	E5	76	86	587	44.45	E5	76	127	
540	40.3111	C6	84	91	588	44.575	C6	84	127	
541	40.3766	C3	48	105	593	44.7	C3	48	127	
542	40.3859	C2	36	90	590	44.7	C2	36	127	
543	40.3859	G2	43	86	592	44.7	G2	43	127	
544	40.3872	E2	40	85	591	44.7	E2	40	127	
545	40.3913	G5	79	100	589	44.7	G5	79	127	
546	40.4927	E5	76	95	594	44.825	E5	76	127	
547	40.5929	C5	72	71	595	44.95	C5	72	127	
548	40.6784	G4	67	89	596	45.075	G4	67	127	
549	40.7692	E4	64	89	597	45.2	E4	64	127	
550	40.8547	C4	60	78	598	45.325	C4	60	127	
551	40.9508	G3	55	87	599	45.45	G3	55	127	
552	40.9949	A3	57	44	*	-1	*	-1	-1	
553	41.0363	E3	52	90	600	45.575	E3	52	127	
554	41.1084	A2	45	98	604	45.7	A2	45	127	
555	41.1097	E2	40	91	603	45.7	E2	40	127	
556	41.1177	C2	36	80	602	45.7	C2	36	127	
557	41.1204	A1	33	81	601	45.7	A1	33	127	
558	41.2072	C3	48	80	605	45.825	C3	48	127	
559	41.3301	E3	52	82	606	45.95	E3	52	127	
560	41.4329	A3	57	73	607	46.075	A3	57	127	
561	41.5197	C4	60	86	608	46.2	C4	60	127	
562	41.6386	E4	64	94	609	46.325	E4	64	127	
563	41.7294	A4	69	95	610	46.45	A4	69	127	
564	41.8389	E5	76	90	611	46.575	E5	76	127	
565	41.9698	E2	40	101	615	46.7	E2	40	127	
566	41.9698	G2	43	103	616	46.7	G2	43	127	
567	41.9698	C5	72	98	612	46.7	C5	72	127	
568	41.9791	C2	36	78	614	46.7	C2	36	127	
569	41.9818	G1	31	81	613	46.7	G1	31	127	
570	42.1901	G4	67	93	617	46.825	G4	67	127	
571	42.321	E4	64	87	618	46.95	E4	64	127	
572	42.4359	C4	60	90	619	47.075	C4	60	127	
573	42.5774	G3	55	89	620	47.2	G3	55	127	
574	42.723	D3	50	77	*	-1	*	-1	-1	
575	42.727	E3	52	71	621	47.325	E3	52	127	
576	42.8418	C3	48	93	622	47.45	C3	48	127	
577	42.9981	G2	43	98	623	47.575	G2	43	127	
578	43.4668	F2	41	112	627	47.7	F2	41	127	
579	43.4748	F1	29	93	624	47.7	F1	29	127	
580	43.4748	C2	36	92	626	47.7	C2	36	127	
581	43.4789	A1	33	87	625	47.7	A1	33	127	
582	43.9182	A2	45	96	628	47.825	A2	45	126	
583	44.2174	C3	48	95	629	47.95	C3	48	126	
584	44.4524	F3	53	93	630	48.075	F3	53	126	
585	44.6607	A3	57	91	631	48.2	A3	57	126	
586	44.8477	C4	60	88	632	48.325	C4	60	126	
587	45.0053	F4	65	93	633	48.45	F4	65	126	
588	45.1388	A4	69	91	634	48.575	A4	69	126	
589	45.2777	C5	72	92	635	48.7	C5	72	126	
590	45.4059	F5	77	96	636	48.8	F5	77	126	
591	45.5088	A5	81	92	637	48.9	A5	81	126	
592	45.6116	C6	84	90	638	49	C6	84	126	
593	45.7158	F6	89	89	639	49.1	F6	89	126	
594	45.86	F1	29	84	643	49.2	F1	29	127	
595	45.86	F2	41	89	646	49.2	F2	41	127	
596	45.8627	C2	36	80	645	49.2	C2	36	127	
597	45.864	A6	93	112	642	49.2	A6	93	127	
598	45.8667	A1	33	79	644	49.2	A1	33	127	
599	45.8667	C6	84	96	640	49.2	C6	84	127	
600	45.8667	F6	89	92	641	49.2	F6	89	127	
601	46.1111	C7	96	87	647	49.3363	C7	96	126	
602	46.3141	F6	89	85	648	49.4727	F6	89	126	
603	46.497	C6	84	73	649	49.609	C6	84	126	
604	46.6933	A4	69	95	656	49.7454	A4	69	127	
605	46.696	A3	57	81	653	49.7454	A3	57	127	
606	46.696	F4	65	87	655	49.7454	F4	65	127	
607	46.7	A6	93	102	652	49.7454	A6	93	127	
608	46.7013	F6	89	95	651	49.7454	F6	89	127	
609	46.7067	C6	84	97	650	49.7454	C6	84	127	
610	46.7107	C4	60	79	654	49.7454	C4	60	127	
611	46.919	C7	96	93	657	49.8818	C7	96	126	
612	47.1567	F6	89	95	658	50.0181	F6	89	126	
613	47.4025	C6	84	83	659	50.1545	C6	84	126	
614	47.6829	C2	36	84	665	50.2909	C2	36	127	
615	47.6842	A6	93	100	662	50.2909	A6	93	127	
616	47.6856	F2	41	94	666	50.2909	F2	41	127	
617	47.6856	C6	84	97	660	50.2909	C6	84	127	
618	47.6856	F6	89	100	661	50.2909	F6	89	127	
619	47.6896	A1	33	80	664	50.2909	A1	33	127	
620	47.6909	F1	29	85	663	50.2909	F1	29	127	
621	47.9901	D7	98	94	667	50.4272	C7	96	126	
622	48.3867	F6	89	111	668	50.5636	F6	89	126	
623	48.8835	C6	84	117	669	50.7	C6	84	126	
624	49.2775	C2	36	97	670	50.8363	C2	36	126	
625	49.5926	E2	40	91	671	50.9045	E2	40	126	
626	49.7769	G2	43	94	672	50.9727	G2	43	126	
627	49.9479	C3	48	97	673	51.0409	C3	48	126	
628	50.9441	E7	100	104	676	51.109	E7	100	126	
629	50.9455	E6	88	111	674	51.109	E6	88	126	
630	50.9468	G6	91	100	675	51.109	G6	91	126	
631	50.9548	C5	72	102	680	51.109	C5	72	126	
632	50.9561	C4	60	87	677	51.109	C4	60	126	
633	50.9602	G4	67	86	679	51.109	G4	67	126	
634	50.9628	E4	64	81	678	51.109	E4	64	126	
635	50.9882	D7	98	53	*	-1	*	-1	-1	
*	-1	*	-1	-1	11	1.325	E6	88	96	
*	-1	*	-1	-1	12	1.35625	C6	84	96	
*	-1	*	-1	-1	16	1.45	E5	76	96	
*	-1	*	-1	-1	18	1.5125	Bb4	70	96	
*	-1	*	-1	-1	19	1.54375	G4	67	96	
*	-1	*	-1	-1	21	1.60625	C4	60	96	
*	-1	*	-1	-1	28	1.8	G2	43	81	
*	-1	*	-1	-1	31	2.1	G#2	44	81	
*	-1	*	-1	-1	35	2.4	A2	45	81	
*	-1	*	-1	-1	43	2.99999	B2	47	84	
*	-1	*	-1	-1	51	3.59999	C3	48	88	
*	-1	*	-1	-1	58	4.19999	D3	50	92	
*	-1	*	-1	-1	79	6.12499	E6	88	112	
*	-1	*	-1	-1	80	6.15624	C6	84	112	
*	-1	*	-1	-1	84	6.24999	E5	76	112	
*	-1	*	-1	-1	86	6.31249	Bb4	70	112	
*	-1	*	-1	-1	87	6.34374	G4	67	112	
*	-1	*	-1	-1	89	6.40624	C4	60	112	
*	-1	*	-1	-1	94	6.56249	Bb2	46	70	
*	-1	*	-1	-1	103	7.19999	A2	45	70	
*	-1	*	-1	-1	111	7.79999	B2	47	70	
*	-1	*	-1	-1	119	8.39999	C3	48	70	
*	-1	*	-1	-1	126	8.99998	D3	50	70	
*	-1	*	-1	-1	130	9.29998	Eb3	51	70	
*	-1	*	-1	-1	134	9.59998	E3	52	70	
*	-1	*	-1	-1	141	10.2	F3	53	70	
*	-1	*	-1	-1	149	10.8	G3	55	70	
*	-1	*	-1	-1	153	11.1	G#3	56	70	
*	-1	*	-1	-1	156	11.4	A3	57	70	
*	-1	*	-1	-1	164	12	B3	59	70	
*	-1	*	-1	-1	171	12.6	C4	60	84	
*	-1	*	-1	-1	178	13.2	D4	62	98	
*	-1	*	-1	-1	186	13.8	E4	64	112	
*	-1	*	-1	-1	190	14.1	B4	71	119	
*	-1	*	-1	-1	195	14.4	C5	72	126	
*	-1	*	-1	-1	205	15	E5	76	126	
*	-1	*	-1	-1	215	15.6	C6	84	126	
*	-1	*	-1	-1	225	16.2	E6	88	126	
*	-1	*	-1	-1	231	16.5	B3	59	126	
*	-1	*	-1	-1	232	16.5	G4	67	126	
*	-1	*	-1	-1	235	16.8	C7	96	126	
*	-1	*	-1	-1	245	17.4	E7	100	126	
*	-1	*	-1	-1	258	18	G3	55	126	
*	-1	*	-1	-1	304	21	C5	72	126	
*	-1	*	-1	-1	312	21.6	F5	77	126	
*	-1	*	-1	-1	341	23.4	B2	47	126	
*	-1	*	-1	-1	343	24	A5	81	126	
*	-1	*	-1	-1	344	24	E6	88	126	
*	-1	*	-1	-1	362	26.4737	C3	48	126	
*	-1	*	-1	-1	363	26.5487	Bb2	46	126	
*	-1	*	-1	-1	364	26.625	C3	48	126	
*	-1	*	-1	-1	365	26.6987	Bb2	46	126	
*	-1	*	-1	-1	366	26.7737	C3	48	126	
*	-1	*	-1	-1	367	26.85	Bb2	46	126	
*	-1	*	-1	-1	385	28.2	G#2	44	126	
*	-1	*	-1	-1	392	28.6375	Bb2	46	126	
*	-1	*	-1	-1	399	28.7625	A2	45	127	
*	-1	*	-1	-1	405	29.1375	A2	45	127	
*	-1	*	-1	-1	407	29.2625	G2	43	127	
*	-1	*	-1	-1	413	29.6375	G2	43	127	
*	-1	*	-1	-1	415	29.7625	E2	40	127	
*	-1	*	-1	-1	421	30.1375	E2	40	127	
*	-1	*	-1	-1	429	30.6375	C2	36	127	
*	-1	*	-1	-1	432	30.825	G1	31	126	
*	-1	*	-1	-1	449	31.8864	A1	33	126	
*	-1	*	-1	-1	92	6.49999	E3	52	87	
*	-1	*	-1	-1	400	28.825	G2	43	127	
*	-1	*	-1	-1	408	29.325	F2	41	127	
*	-1	*	-1	-1	416	29.825	D2	38	127	
*	-1	*	-1	-1	440	31.325	G1	31	126	
*	-1	*	-1	-1	441	31.3864	A1	33	126	
*	-1	*	-1	-1	498	36.375	G4	67	126	
