//Version: PianoRoll_v170101
0	1.00427	1.09295	D4	89	80	0
1	1.9797	2.02351	Bb3	86	64	0
2	2.3547	2.75534	Eb4	87	59	0
3	3.00321	3.63889	C4	80	66	0
4	3.9327	3.98505	A3	89	66	0
5	4.27244	4.73718	D4	89	59	0
6	4.94231	5.50855	Bb3	78	64	0
7	5.79701	5.85577	G3	87	65	0
8	5.83334	5.83441	F3	58	127	0
9	6.11966	6.16988	C4	93	66	0
10	6.43163	6.4733	C4	78	66	0
11	6.74039	6.77992	C4	66	67	0
12	7.03633	7.09189	C4	79	63	0
13	7.35364	7.4092	C4	84	65	0
14	7.65813	7.69659	C4	83	66	0
15	7.95941	8.26497	C4	83	60	0
16	8.27779	8.3921	Bb3	65	64	0
17	8.41988	8.55236	A3	58	64	0
18	8.56304	9.16454	G4	91	63	0
19	8.57159	8.7233	Bb3	61	62	0
20	8.74253	8.87287	G3	57	62	0
21	8.90279	9.05343	Bb3	59	62	0
22	9.06518	9.16774	C4	66	64	0
23	9.20834	9.3515	D4	77	60	0
24	9.36005	9.51283	C#4	66	57	0
25	9.51497	9.55129	D4	74	69	0
26	9.51817	9.56304	F4	96	66	0
27	9.83762	10.2222	Bb4	92	62	0
28	9.84509	10.3077	D4	66	23	0
29	10.1368	10.4306	G3	59	63	0
30	10.4818	11.0748	G4	84	61	0
31	10.6293	10.781	G3	77	60	0
32	10.7906	10.9284	A3	74	65	0
33	10.9487	11.0716	Bb3	70	63	0
34	11.0908	11.219	C4	79	62	0
35	11.2276	11.3996	Bb3	68	60	0
36	11.3996	11.4455	C4	71	68	0
37	11.3996	11.4455	E4	96	67	0
38	11.7212	12.0759	A4	89	63	0
39	11.7244	12.2361	C4	70	39	0
40	11.7682	11.7692	G4	26	127	0
41	12.0203	12.3376	F3	63	63	0
42	12.3643	12.8985	F4	85	55	0
43	12.5203	12.6474	F3	78	63	0
44	12.6592	12.7949	G3	75	64	0
45	12.8077	12.9583	A3	75	63	0
46	12.9637	13.0866	Bb3	84	62	0
47	13.0983	13.2489	A3	75	62	0
48	13.2639	13.3323	D4	95	67	0
49	13.2724	13.7126	Bb3	66	63	0
50	13.5876	13.6378	G4	82	64	0
51	13.7276	13.8665	A3	57	64	0
52	13.8985	14.0235	Bb3	53	60	0
53	13.8985	13.9423	G4	81	66	0
54	14.0417	14.1966	A3	56	63	0
55	14.2041	14.2511	G4	89	66	0
56	14.2083	14.3515	G3	61	64	0
57	14.3569	14.4904	F3	69	62	0
58	14.5086	14.5556	G4	94	67	0
59	14.5171	14.6581	G3	74	63	0
60	14.6581	14.8173	F3	73	62	0
61	14.8088	14.953	E3	75	65	0
62	14.813	14.8569	G4	95	67	0
63	14.9616	15.0951	D3	72	62	0
64	15.1133	15.2244	E3	70	64	0
65	15.1207	15.1645	G4	89	65	0
66	15.2404	15.4274	D3	67	63	0
67	15.4231	15.4701	C#3	74	64	0
68	15.4338	15.7457	G4	90	60	0
69	15.7222	15.7618	A3	70	65	0
70	15.7468	15.8398	F4	72	60	0
71	15.8878	16.0588	E4	75	59	0
72	16.0321	16.3836	D5	98	46	0
73	16.0481	16.0962	D3	72	67	0
74	16.0502	16.0855	F4	79	64	0
75	16.2009	16.3665	D4	68	55	0
76	16.3344	16.3868	C4	77	64	0
77	16.3526	16.5214	E4	73	54	0
78	16.4968	16.6378	F#4	67	63	0
79	16.6453	16.6816	Bb3	69	66	0
80	16.6507	16.812	G4	82	59	0
81	16.8098	16.9316	F#4	64	62	0
82	16.9616	17.0182	Bb4	98	68	0
83	16.9658	17.0064	G3	74	68	0
84	16.9669	16.9979	G4	72	67	0
85	17.265	17.6806	Eb5	95	58	0
86	17.2735	17.6934	G4	82	58	0
87	17.2863	17.4188	C4	73	63	0
88	17.4295	17.5695	Bb3	68	61	0
89	17.5812	17.7351	C4	80	60	0
90	17.7126	17.8675	Bb3	69	60	0
91	17.8729	18.328	A3	66	63	0
92	17.8782	18.3964	C5	90	54	0
93	18.0267	18.2628	C4	70	55	0
94	18.1838	18.3109	D4	65	62	0
95	18.3269	18.468	G3	59	63	0
96	18.3269	18.4551	Eb4	69	61	0
97	18.4648	18.5823	F4	82	47	0
98	18.4776	18.5128	A3	67	67	0
99	18.5994	18.6752	Eb4	74	64	0
100	18.765	18.8237	A4	95	66	0
101	18.766	18.8141	F3	68	64	0
102	18.7778	18.8088	F4	74	69	0
103	19.0641	19.4541	D5	90	62	0
104	19.0769	19.5032	F4	84	58	0
105	19.0855	19.1827	Bb3	69	56	0
106	19.2372	19.3975	A3	58	62	0
107	19.3868	19.5353	Bb3	79	59	0
108	19.5278	19.6742	A3	73	61	0
109	19.6987	20.0727	Bb4	89	59	0
110	19.7019	20.0086	G3	64	36	0
111	19.8408	20.0096	Bb3	72	62	0
112	19.9936	20.1485	C4	75	62	0
113	20.0096	20.1133	A3	67	62	0
114	20.1475	20.3291	D4	78	61	0
115	20.1592	20.2575	Bb3	66	63	0
116	20.2821	20.391	Eb4	81	63	0
117	20.3098	20.7212	C4	71	64	0
118	20.4381	20.5972	D4	65	61	0
119	20.5801	20.6667	G4	90	62	0
120	20.5887	20.9178	Eb4	75	61	0
121	20.7254	20.8601	Bb3	67	62	0
122	20.8643	20.9722	C5	84	60	0
123	20.8697	21.4669	A3	66	62	0
124	21.0086	21.1678	D4	62	59	0
125	21.1752	21.2703	C5	75	60	0
126	21.1913	21.2554	Eb4	57	56	0
127	21.3408	21.5374	D4	57	58	0
128	21.4968	21.5695	C5	87	64	0
129	21.5011	21.6079	C4	55	63	0
130	21.6175	21.7735	Bb3	65	61	0
131	21.7778	21.8483	C5	89	65	0
132	21.7842	21.9188	C4	74	64	0
133	21.7928	21.8419	G3	63	65	0
134	21.9188	22.0705	Bb3	76	62	0
135	22.0866	22.1517	F#3	68	59	0
136	22.0866	22.1571	C5	91	64	0
137	22.093	22.2308	A3	76	65	0
138	22.2308	22.3772	G3	73	63	0
139	22.3857	22.4562	C5	92	64	0
140	22.3868	22.5759	A3	80	61	0
141	22.3985	22.4776	E3	70	52	0
142	22.531	22.7084	G3	70	64	0
143	22.6955	22.9947	C5	85	61	0
144	22.7009	22.8088	F#3	75	62	0
145	22.7062	23.0235	D3	66	61	0
146	22.9979	23.4252	D4	60	54	0
147	23	23.3376	F#3	82	65	0
148	23	23.1346	Bb4	67	63	0
149	23.1421	23.3526	A4	73	61	0
150	23.3066	23.9263	G3	91	54	0
151	23.3163	23.5128	Bb4	74	61	0
152	23.4765	23.5428	G4	72	61	0
153	23.6314	23.8024	G4	59	58	0
154	23.6368	23.7233	D4	59	62	0
155	23.6549	23.8034	Bb4	66	59	0
156	23.7511	23.8836	E4	58	63	0
157	23.7874	23.9509	C5	71	63	0
158	23.9252	24.0225	F4	62	61	0
159	23.937	24.0823	D5	75	62	0
160	24.0438	24.1015	E4	63	62	0
161	24.0791	24.2511	C#5	77	63	0
162	24.2126	24.3675	D5	84	37	0
163	24.2255	24.3088	F3	85	64	0
164	24.234	24.2682	F4	74	68	0
165	24.2425	24.2789	G4	67	64	0
166	24.3707	24.5406	A4	74	56	0
167	24.5257	24.9135	D5	85	42	0
168	24.5363	24.8665	Bb3	89	60	0
169	24.5438	25.3515	D4	90	55	0
170	24.6934	24.8237	A4	70	63	0
171	24.828	25.0994	G4	83	60	0
172	24.9616	25.124	F4	78	60	0
173	25.124	25.7105	E4	69	80	0
174	25.1261	25.5887	G3	88	58	0
175	25.2682	25.4445	G4	74	56	0
176	25.4263	25.6069	A4	73	54	0
177	25.4445	25.562	C4	68	57	0
178	25.5769	25.7511	Bb4	71	63	0
179	25.5876	25.7255	Bb3	67	61	0
180	25.7212	25.7693	A3	77	65	0
181	25.7244	25.8825	C5	76	61	0
182	25.8793	26.0641	Bb4	70	64	0
183	26.0128	26.0695	E3	86	67	0
184	26.0203	26.1795	C5	84	59	0
185	26.0246	26.0566	G3	77	67	0
186	26.1699	26.3451	G4	70	59	0
187	26.3227	26.6859	A3	90	60	0
188	26.3334	26.6774	C5	83	57	0
189	26.3398	27.218	C4	75	62	0
190	26.4893	26.6186	G4	70	62	0
191	26.6304	26.8943	F4	80	59	0
192	26.7607	26.9156	E4	72	58	0
193	26.9188	27.3537	D4	72	38	0
194	26.9231	27.4017	F3	91	60	0
195	27.0737	27.2201	F4	70	55	0
196	27.2265	27.3985	G4	72	57	0
197	27.2393	27.3654	Bb3	60	61	0
198	27.3878	27.5492	A4	73	61	0
199	27.3889	27.499	A3	66	57	0
200	27.5299	27.5791	G3	74	64	0
201	27.5364	27.6806	Bb4	75	62	0
202	27.6902	27.8195	A4	72	46	0
203	27.8302	27.8836	D3	80	63	0
204	27.8355	28.2222	Bb4	76	57	0
205	27.8408	27.875	F3	71	66	0
206	27.984	28.0652	F4	71	61	0
207	28.1229	28.1817	G3	73	58	0
208	28.1261	28.4605	Bb3	72	55	0
209	28.1304	28.4883	E4	71	43	0
210	28.2778	28.3718	A4	67	54	0
211	28.4295	28.5374	Bb4	65	61	0
212	28.4413	28.4883	G3	71	65	0
213	28.5802	28.6517	F4	72	56	0
214	28.5834	28.7479	A4	66	63	0
215	28.719	28.7906	G3	78	62	0
216	28.7351	29.0449	E4	72	59	0
217	28.7393	28.8579	G4	73	59	0
218	28.8868	29.0438	F4	64	62	0
219	29.0161	29.1838	G4	72	64	0
220	29.0278	29.0908	G3	82	62	0
221	29.1656	29.2415	D4	80	63	0
222	29.1817	29.3334	F4	79	58	0
223	29.3205	29.4487	G3	86	61	0
224	29.3216	29.5289	C#4	76	58	0
225	29.328	29.4284	E4	72	60	0
226	29.4669	29.6464	D4	76	59	0
227	29.6218	29.672	G3	77	64	0
228	29.624	29.702	E4	80	64	0
229	29.7639	29.8248	D4	87	63	0
230	29.9135	30.2308	A3	75	59	0
231	29.9146	29.9616	C#4	72	63	0
232	29.9188	30.2169	G3	69	63	0
233	30.2255	30.2778	A4	68	60	0
234	30.2287	30.3398	F3	59	63	0
235	30.3569	30.4658	E3	60	55	0
236	30.5278	30.6614	F3	58	63	0
237	30.5428	30.5908	D4	71	64	0
238	30.687	30.812	D3	53	63	0
239	30.8227	30.8793	C5	68	65	0
240	30.8291	30.9359	Eb3	64	63	0
241	30.9626	31.1047	F3	60	62	0
242	31.1154	31.2618	B4	78	62	0
243	31.1314	31.249	G3	56	63	0
244	31.2618	31.3814	D5	77	47	0
245	31.2703	31.3921	F3	61	59	0
246	31.4114	31.4584	G3	67	63	0
247	31.4135	31.4829	F5	84	59	0
248	31.5545	31.7084	D5	75	58	0
249	31.6998	32.3344	Eb5	76	51	0
250	31.7084	31.8408	C3	61	61	0
251	31.8654	32.0032	B2	59	61	0
252	31.999	32.078	G4	62	56	0
253	32.0139	32.1037	C3	63	61	0
254	32.1485	32.2735	D3	57	61	0
255	32.3131	32.4049	Eb3	66	49	0
256	32.3291	32.4317	C4	76	62	0
257	32.469	32.5866	C3	67	63	0
258	32.6026	32.7084	D3	67	63	0
259	32.6079	32.6528	Bb4	79	66	0
260	32.7404	32.8879	Eb3	68	61	0
261	32.8932	33.0193	F3	67	63	0
262	32.9103	33.0118	A4	77	62	0
263	33.0502	33.172	Eb3	61	48	0
264	33.0502	33.2223	C5	71	53	0
265	33.1774	33.2201	F3	64	65	0
266	33.1902	33.7906	Eb5	83	61	0
267	33.3419	33.5129	A5	85	63	0
268	33.4765	33.5364	Bb2	77	60	0
269	33.4787	33.89	Bb5	84	66	0
270	33.6368	33.7864	F3	82	63	0
271	33.7778	33.9701	D5	76	54	0
272	33.7832	33.9274	G3	80	63	0
273	33.9188	34.0107	A3	79	65	0
274	33.921	34.1005	A5	80	63	0
275	34.0449	34.1881	Bb3	69	63	0
276	34.0748	34.2244	G5	80	64	0
277	34.1988	34.3419	A3	61	62	0
278	34.2201	34.3857	F#5	80	62	0
279	34.3654	34.499	Bb3	59	61	0
280	34.3793	34.5438	G5	74	62	0
281	34.5364	34.6731	F#5	71	63	0
282	34.6806	35.8846	G5	72	51	0
283	34.8088	34.9413	E3	69	64	0
284	34.9509	35.0599	F#3	70	63	0
285	35.0759	35.2169	D5	68	59	0
286	35.0994	35.2041	G3	60	61	0
287	35.2404	35.374	C5	71	64	0
288	35.2458	35.3451	A3	62	63	0
289	35.3804	35.5438	G3	59	53	0
290	35.3889	35.5438	Bb4	69	63	0
291	35.5428	35.6688	C5	75	63	0
292	35.5481	35.5973	A3	68	68	0
293	35.6795	35.9007	Bb4	80	58	0
294	35.843	36.5075	D4	88	56	0
295	35.8494	36.0203	C5	70	61	0
296	35.8505	36.3419	F#5	77	60	0
297	35.9926	36.1325	D3	71	59	0
298	36.1304	36.2511	E3	64	64	0
299	36.2757	36.4883	F#3	71	38	0
300	36.296	36.3387	A5	64	68	0
301	36.3173	36.39	C5	73	63	0
302	36.4626	36.999	D5	72	49	0
303	36.468	36.5973	G3	66	61	0
304	36.468	36.6005	Bb4	70	62	0
305	36.5844	36.7244	F#3	58	64	0
306	36.6165	36.7415	A4	69	62	0
307	36.7607	36.8195	Bb3	91	65	0
308	36.7639	36.8109	G3	71	66	0
309	36.7842	36.9049	Bb4	67	49	0
310	36.9242	37.0193	A4	68	58	0
311	36.9327	37.1186	C5	71	59	0
312	37.0673	37.4242	G3	53	64	0
313	37.0738	38.1571	Bb4	76	39	0
314	37.077	37.3996	Eb4	90	62	0
315	37.1026	37.1988	G4	67	42	0
316	37.2265	37.3825	F4	70	59	0
317	37.3772	37.4338	C3	68	63	0
318	37.3772	37.4872	G4	65	64	0
319	37.5171	37.6154	F4	71	59	0
320	37.6432	38.1347	C4	87	37	0
321	37.6646	37.7073	Eb4	63	65	0
322	37.7223	37.8302	F4	67	55	0
323	37.7864	37.9114	C3	69	62	0
324	37.8056	38.0107	Eb4	68	61	0
325	37.9274	38.0983	D3	57	62	0
326	38.1144	38.249	Eb3	71	64	0
327	38.1421	38.1923	D4	75	62	0
328	38.2778	38.4349	F3	72	63	0
329	38.281	38.5086	C4	75	60	0
330	38.2896	38.921	A4	76	59	0
331	38.4391	38.6154	Eb3	66	57	0
332	38.5834	38.6357	A3	90	66	0
333	38.5962	38.6379	F3	65	65	0
334	38.9082	39.1197	D4	85	59	0
335	38.9114	39.2693	F4	76	57	0
336	38.9274	39.2458	F3	58	63	0
337	38.9509	38.9968	F#3	44	54	0
338	39.0577	39.1988	A4	76	57	0
339	39.1966	39.4242	Bb4	75	47	0
340	39.218	39.2896	Bb2	69	61	0
341	39.3483	39.5235	A4	77	40	0
342	39.4776	39.8227	Bb3	83	59	0
343	39.4915	39.953	G4	75	37	0
344	39.4968	40.0962	D4	73	53	0
345	39.6475	39.797	Bb2	71	62	0
346	39.8227	39.9423	C3	63	63	0
347	39.9456	40.0919	D3	70	63	0
348	39.9498	40.1176	F#4	66	59	0
349	40.0941	41.2084	G4	78	45	0
350	40.1058	40.2629	Eb3	78	64	0
351	40.265	40.4274	D3	72	63	0
352	40.4317	40.5214	Eb3	80	80	0
353	40.4359	40.5545	G3	89	58	0
354	40.5599	40.8558	Eb3	26	65	0
355	40.7329	40.7917	C4	89	64	0
356	40.8708	40.9915	D3	62	64	0
357	41.0193	41.1272	C4	79	58	0
358	41.0203	41.1304	Eb3	68	63	0
359	41.1517	41.3099	Bb4	77	56	0
360	41.1699	41.3152	D3	67	62	0
361	41.3141	41.468	C3	71	62	0
362	41.3184	41.812	A4	80	58	0
363	41.328	41.3868	C4	73	60	0
364	41.4637	41.625	Bb2	67	62	0
365	41.6282	41.7735	C3	75	63	0
366	41.6453	41.7767	C4	89	60	0
367	41.7714	41.9071	Bb2	75	63	0
368	41.7778	41.9124	C5	88	55	0
369	41.9156	42.0567	A2	78	64	0
370	41.9274	42.1347	C4	89	62	0
371	41.9381	42.2543	F#4	83	62	0
372	42.0556	42.2105	G2	77	62	0
373	42.2223	42.3804	A2	75	63	0
374	42.25	42.7832	C4	91	60	0
375	42.3889	42.546	G2	63	61	0
376	42.4071	42.5588	A4	80	61	0
377	42.5428	42.5919	F#2	71	66	0
378	42.5706	43.1304	D4	64	38	0
379	42.8644	42.9007	D3	66	66	0
380	42.8889	42.9797	Bb3	64	61	0
381	43.03	43.0983	A3	38	47	0
382	43.0481	43.2116	F#4	59	62	0
383	43.1656	43.2148	G2	60	63	0
384	43.1731	43.3451	Bb3	45	54	0
385	43.1774	43.3323	G4	64	54	0
386	43.3547	43.4926	G3	63	63	0
387	43.4894	43.5321	F3	43	49	0
388	43.5043	43.6282	A3	63	64	0
389	43.6539	43.7565	Bb3	57	62	0
390	43.7725	43.8067	E3	69	67	0
391	43.7906	43.9135	C4	67	63	0
392	43.9253	44.0374	Bb3	65	63	0
393	44.0748	44.5032	C4	70	45	0
394	44.0791	44.1176	C3	70	65	0
395	44.2255	44.2874	Bb4	62	59	0
396	44.3569	44.4007	F3	74	67	0
397	44.515	44.6218	Bb4	62	63	0
398	44.6507	44.6945	A3	65	65	0
399	44.6528	44.7629	A4	65	58	0
400	44.6646	44.7874	F4	52	60	0
401	44.8088	44.9402	E4	45	54	0
402	44.8141	44.9477	G4	56	61	0
403	44.9498	44.9947	D3	69	66	0
404	44.9659	45.0161	A4	58	64	0
405	44.9733	45.1122	F4	58	55	0
406	45.1047	45.2661	A4	62	63	0
407	45.2554	45.3793	B4	73	59	0
408	45.2597	45.3035	C4	72	67	0
409	45.4231	45.5727	C5	63	64	0
410	45.5663	45.7062	D5	77	57	0
411	45.5706	45.6069	B3	69	66	0
412	45.7212	45.8665	C5	72	36	0
413	45.8547	45.8921	G3	66	65	0
414	45.8633	45.9605	D5	73	59	0
415	46.0107	46.0674	F4	67	62	0
416	46.1475	46.2906	D5	69	59	0
417	46.1518	46.1924	C4	64	63	0
418	46.2778	46.3985	F4	72	58	0
419	46.4349	46.5738	C5	71	63	0
420	46.4584	46.4968	G3	60	65	0
421	46.4584	46.577	Eb4	60	55	0
422	46.6037	46.7319	D4	53	38	0
423	46.6037	46.7244	B4	57	64	0
424	46.7255	47.1112	C5	73	48	0
425	46.7362	46.7789	C3	61	64	0
426	46.7468	46.8366	Eb4	56	59	0
427	46.8836	47.0139	C4	64	60	0
428	47.0225	47.0513	A3	58	61	0
429	47.0246	47.1859	F#4	68	52	0
430	47.1699	47.3377	G4	69	61	0
431	47.3344	47.3697	F#3	66	67	0
432	47.3398	47.4253	A4	70	62	0
433	47.4851	47.6315	G4	65	48	0
434	47.6272	47.7874	A4	64	63	0
435	47.64	47.6881	D3	62	64	0
436	47.7789	47.9263	C5	65	60	0
437	47.9274	47.9659	G3	66	66	0
438	47.9359	48.2137	A4	70	64	0
439	48.077	48.2094	C5	66	63	0
440	48.2062	48.3761	G4	68	61	0
441	48.2105	48.3633	Bb4	72	58	0
442	48.2116	48.2479	Bb3	65	66	0
443	48.3761	48.5321	F#4	70	59	0
444	48.3761	48.5684	A4	66	58	0
445	48.5139	48.5567	E3	71	68	0
446	48.5203	48.6475	Bb4	76	59	0
447	48.5257	48.8708	G4	75	60	0
448	48.6678	48.7906	D5	81	60	0
449	48.8077	48.8547	D4	79	65	0
450	48.8152	48.9862	E5	76	52	0
451	48.9573	49.1432	F5	82	60	0
452	49.1133	49.2778	G5	79	58	0
453	49.124	49.1656	C#4	73	64	0
454	49.2639	49.4274	F5	79	58	0
455	49.4231	49.9894	G5	73	57	0
456	49.4317	49.4851	A3	65	65	0
457	49.5503	49.6785	C#4	60	61	0
458	49.7265	49.828	D4	52	57	0
459	49.8644	49.9691	C#4	50	60	0
460	50.0054	50.0919	D4	51	51	0
461	50.0097	50.1582	F5	66	61	0
462	50.156	50.3109	E5	63	61	0
463	50.1614	50.2394	A3	43	55	0
464	50.3109	50.7137	A4	70	51	0
465	50.3238	50.5919	D3	57	63	0
466	50.3291	50.4359	F5	66	55	0
467	50.4862	50.6101	D5	66	62	0
468	50.6186	50.7094	D4	56	54	0
469	50.6261	50.7757	F5	69	53	0
470	50.7693	50.9253	G5	62	63	0
471	50.7757	50.8377	E4	56	57	0
472	50.9242	50.9648	F4	58	65	0
473	50.9306	51.0588	A5	62	63	0
474	51.0791	51.2565	G5	63	63	0
475	51.2116	51.2703	A5	68	63	0
476	51.2127	51.2639	F4	82	62	0
477	51.233	51.2639	D4	59	63	0
478	51.5257	51.9808	Bb4	78	60	0
479	51.5289	51.828	A5	70	59	0
480	51.5449	51.655	G4	62	59	0
481	51.7073	51.8163	G3	52	61	0
482	51.8409	51.9862	D5	64	62	0
483	51.8804	51.9669	A3	46	62	0
484	52.0193	52.1486	Bb3	55	62	0
485	52.1315	52.5887	G4	80	40	0
486	52.1678	52.2821	C4	61	61	0
487	52.3024	52.4359	D5	61	60	0
488	52.3163	52.4028	G3	49	50	0
489	52.4424	52.608	E5	67	48	0
490	52.4723	52.5706	C4	54	62	0
491	52.5834	52.7511	F5	68	60	0
492	52.6176	52.7255	D4	49	63	0
493	52.733	52.8804	G5	72	54	0
494	52.7351	52.7682	E4	75	67	0
495	52.8996	53.0823	F5	68	62	0
496	53.0385	53.1026	G5	75	64	0
497	53.0449	53.0855	E4	80	64	0
498	53.0535	53.0909	C4	68	67	0
499	53.3548	53.7511	A4	81	60	0
500	53.3644	53.468	F4	70	61	0
501	53.3644	53.6838	G5	73	55	0
502	53.5342	53.6272	F3	54	60	0
503	53.6592	53.8013	C5	71	63	0
504	53.6603	53.7618	G3	55	62	0
505	53.8067	53.9306	A3	61	64	0
506	53.9669	54.1015	Bb3	63	56	0
507	53.9701	54.4872	F4	82	34	0
508	54.109	54.2479	C5	74	62	0
509	54.1133	54.2298	F3	59	62	0
510	54.2522	54.4883	D5	68	43	0
511	54.2693	54.3889	Bb3	56	62	0
512	54.4007	54.5471	E5	65	60	0
513	54.4274	54.5471	C4	62	63	0
514	54.5407	54.6988	F5	71	60	0
515	54.5727	54.6785	D4	71	55	0
516	54.6988	54.8932	E5	71	60	0
517	54.7062	54.827	C4	71	61	0
518	54.8377	55.4274	F5	83	53	0
519	54.8409	54.9413	D4	84	58	0
520	54.8537	54.9798	Bb3	64	61	0
521	54.9936	55.1229	A3	65	63	0
522	55.1432	55.2287	Bb3	67	61	0
523	55.1443	55.2084	G4	84	63	0
524	55.3109	55.4306	D4	50	60	0
525	55.4413	55.5396	G4	72	60	0
526	55.4701	55.562	C#4	49	61	0
527	55.5855	55.7159	F5	67	57	0
528	55.6133	55.7137	D4	55	56	0
529	55.7415	55.8879	E5	66	59	0
530	55.7458	55.8291	G3	58	59	0
531	55.7533	55.8067	G4	60	58	0
532	55.8857	56.0246	D5	66	61	0
533	55.8921	56.0161	Bb3	65	63	0
534	56.0471	56.171	A3	61	62	0
535	56.0524	56.1838	E5	69	60	0
536	56.0567	56.1624	G4	81	56	0
537	56.1817	56.3366	D5	75	53	0
538	56.1956	56.3142	Bb3	63	60	0
539	56.3462	56.4541	E3	64	60	0
540	56.3505	56.5214	G4	81	53	0
541	56.3548	56.4627	C#5	76	63	0
542	56.4787	56.5855	D5	79	61	0
543	56.4851	56.6293	E4	71	61	0
544	56.6411	56.7319	C#4	65	62	0
545	56.6443	57.3067	E5	80	61	0
546	56.6496	56.7319	G4	80	61	0
547	56.7789	56.8943	A3	67	63	0
548	56.9338	57.1699	G4	85	61	0
549	56.9434	57.0396	D4	63	63	0
550	57.0674	57.202	D3	71	60	0
551	57.2287	57.3494	F3	66	62	0
552	57.2415	57.3067	F4	74	60	0
553	57.2522	57.3665	D5	79	62	0
554	57.3729	57.4979	A3	70	63	0
555	57.5278	57.9221	F5	91	50	0
556	57.546	57.6774	D4	67	62	0
557	57.6795	57.8238	A4	73	58	0
558	57.7116	57.7757	C4	56	62	0
559	57.8195	57.9926	Bb4	71	63	0
560	57.8473	57.9605	D4	54	63	0
561	57.9648	58.1261	C5	77	59	0
562	57.9787	58.0994	C4	54	65	0
563	58.1133	58.2148	Bb3	67	62	0
564	58.1229	58.2169	D5	78	62	0
565	58.2543	58.4295	C5	80	40	0
566	58.2575	58.4124	D4	66	60	0
567	58.4242	58.5193	G3	67	62	0
568	58.4285	58.4808	D5	93	66	0
569	58.5567	58.7233	Bb3	67	62	0
570	58.7212	59.061	G5	96	55	0
571	58.7287	59.0898	D5	84	62	0
572	58.7319	58.8676	Eb3	71	60	0
573	58.8772	59.0172	G3	65	63	0
574	59.0364	59.1133	G4	84	63	0
575	59.0439	59.171	A3	72	64	0
576	59.1774	59.3206	Bb3	63	63	0
577	59.3387	59.6646	Eb5	96	59	0
578	59.3441	59.453	C4	72	62	0
579	59.4936	59.6037	Bb3	62	63	0
580	59.4969	59.6592	G4	62	52	0
581	59.6347	59.7789	C4	65	65	0
582	59.6432	59.8227	A4	79	58	0
583	59.781	59.8911	Bb3	60	62	0
584	59.7981	59.8996	Bb4	76	66	0
585	59.8975	60.0246	A3	69	63	0
586	59.9242	60.0631	C5	84	61	0
587	60.0417	60.1849	C4	66	62	0
588	60.0962	60.1443	Bb4	48	65	0
589	60.203	60.3131	F3	69	62	0
590	60.2073	60.2607	C5	97	65	0
591	60.3505	60.5161	A3	70	64	0
592	60.5075	60.8078	F5	100	60	0
593	60.5182	60.9125	C5	85	61	0
594	60.5193	60.6507	D3	55	63	0
595	60.6667	60.7853	F3	63	63	0
596	60.8131	60.9167	G3	64	63	0
597	60.8313	60.9338	F4	81	58	0
598	60.9616	61.1154	A3	68	64	0
599	61.1144	61.4733	D5	90	56	0
600	61.1208	61.4733	Bb3	71	63	0
601	61.2757	61.4434	F4	70	55	0
602	61.4189	61.609	G4	77	57	0
603	61.4787	61.671	A3	70	64	0
604	61.5642	61.7201	A4	80	59	0
605	61.686	61.811	G3	62	63	0
606	61.6934	61.8366	Bb4	80	62	0
607	61.8441	61.9669	Bb3	69	59	0
608	61.8441	61.9904	A4	77	63	0
609	61.9723	62.5834	Bb4	90	61	0
610	61.9851	62.0877	Eb3	77	62	0
611	62.1379	62.2501	G3	53	63	0
612	62.2746	62.3857	C3	67	55	0
613	62.2768	62.4082	Eb5	81	61	0
614	62.4146	62.5278	G3	66	62	0
615	62.5684	62.7084	Eb5	72	59	0
616	62.5887	62.6988	A3	57	62	0
617	62.7308	62.843	Bb3	52	63	0
618	62.7308	62.8633	Bb4	68	48	0
619	62.8719	63.0182	Eb5	77	53	0
620	62.8847	62.9947	C4	64	63	0
621	62.8964	62.9979	A4	62	60	0
622	63.0289	63.1389	Bb3	55	63	0
623	63.03	63.1304	G4	67	58	0
624	63.1667	63.2372	A4	79	60	0
625	63.171	63.343	Eb5	79	59	0
626	63.1731	63.2853	C4	62	63	0
627	63.3206	63.4498	Bb3	62	63	0
628	63.3334	63.4178	G4	72	63	0
629	63.4701	63.5823	A3	72	61	0
630	63.4776	64.3409	F4	78	40	0
631	63.4776	63.5481	Eb5	86	62	0
632	63.6048	63.7511	F3	77	63	0
633	63.765	63.9146	G3	69	62	0
634	63.7821	64.3195	Eb5	89	60	0
635	63.9263	64.0375	A3	70	63	0
636	64.0695	64.1753	Bb3	70	63	0
637	64.2137	64.3473	A3	64	63	0
638	64.3441	64.515	D5	72	48	0
639	64.359	64.499	Bb3	71	61	0
640	64.4712	64.6828	Eb5	81	42	0
641	64.5022	64.6347	C4	76	57	0
642	64.6422	64.8932	Bb3	92	80	0
643	64.6475	64.7821	F5	78	58	0
644	64.6528	64.734	D4	87	55	0
645	64.7105	64.7116	E5	20	127	0
646	64.796	64.9498	C4	69	60	0
647	64.8056	64.9669	Bb4	81	61	0
648	64.9295	65.0471	D4	70	57	0
649	64.9552	65.1154	F5	76	62	0
650	64.9851	65.2725	Bb3	3	30	0
651	65.0887	65.2169	E4	69	61	0
652	65.1122	65.2789	G5	81	65	0
653	65.2437	65.3879	F4	78	62	0
654	65.2554	65.4253	A5	84	61	0
655	65.3857	65.4926	E4	75	61	0
656	65.4039	65.5748	G5	83	49	0
657	65.5353	66.4413	F4	92	58	0
658	65.5407	65.5919	A3	86	64	0
659	65.5556	65.7063	A5	84	62	0
660	65.7095	65.8761	C5	79	64	0
661	65.8473	66.2479	D4	91	49	0
662	65.8494	66.0684	A5	84	56	0
663	65.8601	65.9926	Bb4	82	53	0
664	66.0001	66.1315	C5	73	62	0
665	66.139	66.1838	Bb4	73	64	0
666	66.139	66.3099	D5	71	54	0
667	66.3024	66.4242	A4	70	63	0
668	66.4381	67.0353	G4	72	36	0
669	66.4509	67.0599	D4	78	61	0
670	66.452	67.0652	Bb3	86	61	0
671	66.6026	66.7565	D5	72	59	0
672	66.7458	66.9317	E5	75	58	0
673	66.8954	67.0652	F5	80	63	0
674	67.0236	68.2009	E4	84	61	0
675	67.031	67.2063	G5	82	63	0
676	67.186	67.3409	F5	84	61	0
677	67.3334	67.389	G3	85	61	0
678	67.3387	67.5225	G5	85	60	0
679	67.4851	67.655	Bb4	78	61	0
680	67.6379	68.0161	C4	87	59	0
681	67.639	67.7832	A4	78	59	0
682	67.639	67.8612	G5	82	52	0
683	67.7917	67.921	Bb4	70	59	0
684	67.9306	68.2276	C5	72	60	0
685	67.9317	67.9787	A4	71	57	0
686	68.0727	68.1956	G4	73	63	0
687	68.2255	68.4937	F4	79	52	0
688	68.2276	68.8067	A3	81	62	0
689	68.2308	68.8259	C4	80	61	0
690	68.3793	68.5877	C5	76	54	0
691	68.5289	68.7084	D5	75	55	0
692	68.6731	68.8526	E5	74	62	0
693	68.8067	69.5663	D4	79	80	0
694	68.8195	68.9808	F5	84	57	0
695	68.9616	69.0952	E5	79	60	0
696	69.109	69.608	F5	87	52	0
697	69.1165	69.1892	F3	78	61	0
698	69.264	69.3484	A4	81	63	0
699	69.4221	70.3676	G4	72	57	0
700	69.4242	69.4755	Bb3	71	62	0
701	69.5738	69.7202	D5	68	63	0
702	69.7223	69.7864	Bb3	64	60	0
703	69.734	69.8975	E5	70	54	0
704	69.8729	70.0567	F5	76	56	0
705	70.0204	70.0738	Bb3	73	60	0
706	70.0214	70.1849	G5	79	59	0
707	70.1763	70.3633	A5	79	65	0
708	70.327	70.4915	Bb5	87	62	0
709	70.3291	70.4114	Bb3	78	63	0
710	70.468	70.6528	G5	84	58	0
711	70.6069	70.7052	Bb3	79	58	0
712	70.6101	71.5481	C4	77	56	0
713	70.6155	70.7319	F5	90	64	0
714	70.749	70.8911	E5	81	54	0
715	70.8975	70.9723	Bb3	73	62	0
716	70.9061	70.9819	D5	77	58	0
717	71.0236	71.0749	C5	81	64	0
718	71.2031	71.5065	Bb3	61	56	0
719	71.2031	71.2565	F5	83	61	0
720	71.2137	71.3249	F4	66	80	0
721	71.3825	71.6999	F4	5	34	0
722	71.5257	71.6293	A3	52	63	0
723	71.5289	71.5684	C5	70	68	0
724	71.6646	71.7682	G3	52	60	0
725	71.7981	71.9061	A3	59	63	0
726	71.8174	72.1144	F5	74	59	0
727	71.9669	72.0823	F3	35	52	0
728	72.1155	72.2116	Eb5	73	59	0
729	72.1315	72.2372	A3	51	64	0
730	72.2501	72.4093	D5	72	60	0
731	72.2821	72.389	B3	54	60	0
732	72.4135	72.6048	Eb5	80	60	0
733	72.437	72.5214	C4	59	58	0
734	72.546	72.6796	B3	70	39	0
735	72.5535	72.6902	G4	88	64	0
736	72.6934	72.7981	G#4	76	61	0
737	72.6934	72.7885	C5	75	63	0
738	72.7009	72.9637	C4	57	63	0
739	72.8366	72.9627	G4	77	43	0
740	72.984	73.0246	D5	71	61	0
741	72.9905	73.0289	F4	57	66	0
742	73.1411	73.2629	C4	67	63	0
743	73.2704	73.3217	G4	83	64	0
744	73.2736	73.3174	D4	72	66	0
745	73.2832	73.4082	B3	65	43	0
746	73.4392	73.5417	A3	64	56	0
747	73.577	73.9061	G5	86	62	0
748	73.5791	73.6999	B3	71	59	0
749	73.7351	73.8334	G3	62	57	0
750	73.8687	74.0471	F5	84	60	0
751	73.874	73.9702	B3	67	61	0
752	74.0129	74.1293	C4	61	63	0
753	74.0182	74.1881	Eb5	86	58	0
754	74.1561	74.3046	D4	65	62	0
755	74.1571	74.3526	F5	88	63	0
756	74.28	74.4659	A4	90	65	0
757	74.3088	74.4125	C4	70	64	0
758	74.4531	74.843	D4	69	61	0
759	74.4531	74.5417	B4	79	63	0
760	74.4595	74.5471	D5	75	62	0
761	74.5834	74.6849	A4	80	54	0
762	74.7234	74.7714	G4	74	66	0
763	74.7308	74.8088	Eb5	79	60	0
764	74.8655	74.9819	G3	65	58	0
765	75.0011	75.1475	C4	74	63	0
766	75.0097	75.0471	Eb4	71	66	0
767	75.0097	75.0695	C5	90	65	0
768	75.1582	75.3206	B3	66	63	0
769	75.311	75.6315	G#5	98	61	0
770	75.3195	75.4434	C4	70	63	0
771	75.4873	75.6016	G3	45	59	0
772	75.5877	75.7736	G5	79	62	0
773	75.5941	75.6945	C4	76	63	0
774	75.733	75.8868	D4	70	65	0
775	75.7362	76.0984	F5	92	29	0
776	75.8793	76.0204	Eb4	81	62	0
777	75.8911	76.0994	G5	77	63	0
778	76.0214	76.1593	D4	83	63	0
779	76.0514	76.1956	B4	90	66	0
780	76.1635	76.6026	Eb4	85	61	0
781	76.187	76.2693	C5	79	63	0
782	76.187	76.3227	Eb5	83	61	0
783	76.3302	76.4029	Bb4	85	63	0
784	76.3793	76.4114	A4	53	59	0
785	76.4029	76.4424	B4	38	47	0
786	76.4787	77.7137	F5	93	55	0
787	76.483	76.6326	G#4	81	37	0
788	76.5321	76.5813	A4	25	33	0
789	76.6336	76.7779	G4	80	61	0
790	76.7725	77.2063	G#4	81	56	0
791	76.9029	77.0556	Eb4	86	63	0
792	77.0514	77.4894	D4	86	62	0
793	77.1058	77.108	E4	29	127	0
794	77.2105	77.4125	G4	82	59	0
795	77.3569	77.9851	G#4	85	56	0
796	77.4905	77.6336	C4	85	65	0
797	77.6208	78.0556	B3	90	60	0
798	77.7917	77.905	Eb5	82	61	0
799	77.9253	78.2137	D5	82	59	0
800	78.0556	78.1988	D4	78	63	0
801	78.0663	78.2565	C5	84	62	0
802	78.1999	78.4007	B4	87	51	0
803	78.2095	78.265	G3	93	66	0
804	78.3719	78.515	G#4	83	63	0
805	78.5161	78.5588	B3	86	66	0
806	78.5193	79.0396	D5	77	61	0
807	78.5289	78.5642	G4	73	66	0
808	78.562	78.6112	C5	49	35	0
809	78.6742	78.7885	F4	75	61	0
810	78.8152	78.8783	C4	90	65	0
811	78.8185	79.0738	Eb4	83	61	0
812	78.9798	79.1144	G4	69	64	0
813	79.1123	79.3847	C5	85	51	0
814	79.1133	79.1667	G#3	90	65	0
815	79.2714	79.4659	Eb4	75	60	0
816	79.4167	79.4712	F3	91	65	0
817	79.421	79.6475	D4	79	58	0
818	79.5631	79.7597	C5	79	57	0
819	79.7063	79.7501	G3	89	64	0
820	79.7073	79.8986	B4	81	61	0
821	79.8676	79.9296	F4	68	61	0
822	79.9787	80.2041	C3	80	60	0
823	79.9905	80.1924	C5	90	59	0
824	80.1454	80.2757	F4	74	60	0
825	80.3056	80.4071	Eb4	65	57	0
826	80.4435	80.4851	D4	64	65	0
827	80.5962	81.093	Eb4	69	43	0
828	80.6123	81.1261	C4	62	36	0
829	80.7565	80.8858	Bb4	64	62	0
830	80.7629	80.8452	C3	50	59	0
831	80.9167	81.0449	A4	51	62	0
832	80.9306	81.0033	D3	37	56	0
833	81.062	81.1678	G4	56	52	0
834	81.0631	81.1593	Eb3	47	62	0
835	81.2031	81.3516	F3	58	52	0
836	81.2084	81.9381	A4	61	43	0
837	81.3473	81.5257	Eb3	55	53	0
838	81.515	81.5503	C4	75	68	0
839	81.5214	81.5588	A3	70	67	0
840	81.5482	81.5855	F3	49	56	0
841	81.8206	82.1561	F3	49	59	0
842	81.8217	82.0396	F4	72	59	0
843	81.8259	81.9744	D4	68	60	0
844	81.9798	82.1155	G4	64	59	0
845	82.1037	82.2095	Bb2	65	60	0
846	82.1155	82.2394	A4	57	63	0
847	82.2533	82.421	Bb4	61	57	0
848	82.405	82.765	Bb3	74	53	0
849	82.4093	83.0161	D4	71	61	0
850	82.4135	83.7063	G4	66	56	0
851	82.5685	82.6935	Bb2	56	60	0
852	82.7116	82.8516	C3	51	61	0
853	82.8612	82.9862	D3	63	64	0
854	83.0001	83.1283	Eb3	70	64	0
855	83.1582	83.3388	D3	56	45	0
856	83.3206	83.374	Eb3	67	64	0
857	83.3345	83.3697	Bb3	75	66	0
858	83.3377	83.374	G3	62	65	0
859	83.6358	84.0065	Eb3	59	62	0
860	83.6358	83.8398	Eb4	70	52	0
861	83.6539	83.9029	C4	60	59	0
862	83.8024	83.983	F4	60	56	0
863	83.9221	84.0129	A2	49	59	0
864	83.9787	84.0695	G4	56	60	0
865	84.0685	84.2458	A4	63	50	0
866	84.2073	84.6945	C4	71	53	0
867	84.2138	84.4167	A3	63	55	0
868	84.2266	85.8815	F4	62	41	0
869	84.3484	84.4851	A2	59	62	0
870	84.5076	84.6561	Bb2	58	62	0
871	84.6646	84.8142	C3	62	63	0
872	84.843	84.9659	D3	64	64	0
873	84.9734	85.0888	C3	67	60	0
874	85.1069	85.1806	A3	75	64	0
875	85.124	85.2843	F3	71	33	0
876	85.1347	85.5482	D3	64	63	0
877	85.3997	85.4477	Bb3	77	62	0
878	85.4071	85.4905	D4	71	62	0
879	85.561	85.6935	C3	55	63	0
880	85.7052	85.8174	Bb3	69	54	0
881	85.7244	85.8291	D4	59	55	0
882	85.7255	85.8452	D3	58	61	0
883	85.8505	85.999	A4	63	54	0
884	85.8804	86.0086	C3	56	63	0
885	85.9979	86.1037	Bb3	62	51	0
886	86.0022	86.1155	D4	57	58	0
887	86.0044	86.5385	G4	65	23	0
888	86.0182	86.1475	Bb2	59	63	0
889	86.1678	86.2907	A2	58	63	0
890	86.3185	86.4787	Bb3	71	57	0
891	86.3185	86.4787	D4	69	63	0
892	86.3281	86.437	Bb2	62	62	0
893	86.4563	86.6411	F4	78	56	0
894	86.4584	86.5984	A2	69	64	0
895	86.593	86.9007	Bb4	87	54	0
896	86.5973	86.7319	G2	70	62	0
897	86.6069	86.7287	Bb3	75	42	0
898	86.6123	86.7426	D4	73	52	0
899	86.7405	86.8462	F2	69	62	0
900	86.8687	87.0033	G2	72	64	0
901	86.8762	87.0076	Bb3	71	63	0
902	86.8836	87.0193	D4	74	63	0
903	87.0012	87.1689	F2	68	64	0
904	87.0172	87.0631	A4	74	58	0
905	87.1625	87.5097	G4	73	52	0
906	87.1742	87.3281	E2	64	63	0
907	87.1828	87.3494	Bb3	66	61	0
908	87.1903	87.6005	D4	58	45	0
909	87.3462	87.4819	C2	57	61	0
910	87.4787	87.5952	C4	68	64	0
911	87.4883	87.5375	A3	64	66	0
912	87.4905	87.5962	D2	58	62	0
913	87.6165	87.7501	E2	62	62	0
914	87.6379	87.7682	G3	77	55	0
915	87.7672	87.9114	F2	66	63	0
916	87.7768	88.3687	F4	79	35	0
917	87.7918	87.89	A3	66	42	0
918	87.9114	88.0653	G3	72	62	0
919	87.9178	88.0588	C2	65	56	0
920	88.0556	88.1785	F2	76	64	0
921	88.062	88.1785	A3	74	62	0
922	88.1988	88.3815	B3	78	64	0
923	88.2116	88.358	G2	75	64	0
924	88.3526	88.4007	G#2	82	64	0
925	88.3526	88.5076	C4	83	61	0
926	88.5033	88.7191	B3	81	54	0
927	88.6358	88.6892	D2	65	63	0
928	88.6475	89.2533	C4	80	50	0
929	88.7918	88.9798	F4	77	60	0
930	88.9413	89.3088	Eb4	76	57	0
931	88.9541	89.0706	G2	71	62	0
932	89.0952	89.2319	F#2	65	62	0
933	89.2362	89.342	G2	69	62	0
934	89.264	89.5888	D4	65	58	0
935	89.2682	89.3762	B3	64	63	0
936	89.3922	89.5204	A2	66	48	0
937	89.4082	89.5193	A3	67	60	0
938	89.5353	89.6678	B2	69	62	0
939	89.5503	89.702	G3	69	62	0
940	89.6828	89.8281	A2	72	63	0
941	89.6988	89.8377	D3	75	63	0
942	89.8281	89.9509	B2	71	62	0
943	89.8356	90.0257	G3	79	56	0
944	89.967	90.1539	A3	81	63	0
945	89.9734	90.0866	D3	79	63	0
946	90.1133	90.2287	B3	86	63	0
947	90.1262	90.2031	G3	64	64	0
948	90.249	90.42	C4	87	58	0
949	90.4061	90.9509	D4	83	80	0
950	90.4125	90.4712	B2	72	61	0
951	90.5514	90.7244	G4	80	61	0
952	90.6668	91.0129	C3	76	43	0
953	90.6828	91.0321	F4	80	60	0
954	90.827	90.8762	C4	76	65	0
955	90.9616	91.1518	G3	16	57	0
956	90.9862	91.1336	C4	75	59	0
957	90.9883	91.1005	Eb4	80	64	0
958	91.1229	91.3206	F4	80	59	0
959	91.1272	91.2918	Eb3	75	60	0
960	91.2747	91.9328	Eb5	99	60	0
961	91.2757	91.7052	G4	85	57	0
962	91.2864	91.6945	C3	71	57	0
963	91.4616	91.608	G3	71	61	0
964	91.6326	91.78	A3	73	65	0
965	91.78	91.8975	B3	74	62	0
966	91.9007	92.0076	C4	85	55	0
967	92.0471	92.1465	B3	70	64	0
968	92.1742	92.233	C5	93	66	0
969	92.1796	92.2116	Eb4	80	69	0
970	92.1945	92.2693	C4	72	60	0
971	92.343	92.7447	G#3	62	56	0
972	92.5044	92.9157	F5	100	59	0
973	92.5172	92.8516	C4	80	58	0
974	92.5172	92.9638	G#4	85	58	0
975	92.6774	92.8473	D3	51	61	0
976	92.8056	93.014	F3	74	64	0
977	92.9712	93.1155	G#3	63	64	0
978	93.1101	93.6518	D5	88	60	0
979	93.1197	93.4659	Bb3	75	61	0
980	93.123	93.6582	F4	78	60	0
981	93.264	93.4221	F3	72	61	0
982	93.4242	93.5856	G3	72	62	0
983	93.5802	93.7159	G#3	73	64	0
984	93.717	93.8494	Bb3	75	64	0
985	93.8665	93.9862	G#3	69	64	0
986	93.999	94.0653	Bb4	89	62	0
987	94.0022	94.0375	D4	78	68	0
988	94.0044	94.1037	Bb3	75	60	0
989	94.1272	94.5012	G3	66	23	0
990	94.2875	94.6625	Eb5	94	57	0
991	94.2907	94.608	Bb3	79	58	0
992	94.3163	94.6742	G4	74	56	0
993	94.4488	94.6155	C3	64	61	0
994	94.5824	94.7693	Eb3	75	60	0
995	94.7394	94.8965	G3	72	60	0
996	94.8933	95.3676	C5	85	61	0
997	94.9018	95.2223	G#3	75	52	0
998	94.9039	95.3986	Eb4	75	61	0
999	95.0418	95.1806	Eb3	69	61	0
1000	95.186	95.3633	F3	66	62	0
1001	95.3516	95.4926	G3	69	64	0
1002	95.4958	95.639	G#3	75	63	0
1003	95.639	95.7533	G3	74	63	0
1004	95.7757	95.842	G#4	92	65	0
1005	95.7811	96.0695	G#3	76	32	0
1006	95.7832	95.8174	C4	80	68	0
1007	95.9146	96.061	F3	69	63	0
1008	96.0663	96.139	D5	88	64	0
1009	96.0695	96.5877	B2	65	35	0
1010	96.0781	96.1091	F4	79	69	0
1011	96.2394	96.3708	G3	58	63	0
1012	96.3868	96.5396	G#3	62	59	0
1013	96.3879	96.4616	D5	71	59	0
1014	96.3997	96.4403	F4	61	65	0
1015	96.5535	96.6571	G3	57	64	0
1016	96.686	96.7629	D5	80	61	0
1017	96.6913	96.7309	F4	77	64	0
1018	96.702	96.8388	F3	65	62	0
1019	96.8366	96.9712	Eb3	71	63	0
1020	96.9873	97.092	D3	69	53	0
1021	96.9958	97.0653	D5	88	64	0
1022	96.999	97.14	F3	71	64	0
1023	97.0033	97.0353	F4	75	69	0
1024	97.1304	97.2747	Eb3	75	64	0
1025	97.2864	97.3644	D5	91	65	0
1026	97.3089	97.3388	F4	80	70	0
1027	97.311	97.4456	D3	79	65	0
1028	97.3121	97.4787	F2	65	60	0
1029	97.4445	97.5888	C3	75	63	0
1030	97.5856	97.6582	D5	94	65	0
1031	97.5909	97.7715	D3	84	61	0
1032	97.5941	97.6326	F4	81	65	0
1033	97.5995	97.7789	G#2	72	61	0
1034	97.7234	97.9071	C3	78	63	0
1035	97.8933	97.9381	B2	75	66	0
1036	97.8986	98.0589	D5	87	61	0
1037	97.8997	97.9435	G2	66	61	0
1038	97.9018	98.0642	F4	81	60	0
1039	98.0535	98.2042	C5	75	61	0
1040	98.1935	98.233	G3	70	65	0
1041	98.1945	98.2415	B3	71	64	0
1042	98.1956	98.342	D5	77	59	0
1043	98.2148	98.2725	F4	67	54	0
1044	98.3484	98.5311	C5	77	61	0
1045	98.4937	98.5343	B3	81	63	0
1046	98.4969	98.6625	B4	80	60	0
1047	98.499	98.5364	G3	76	67	0
1048	98.5129	98.6625	F4	63	59	0
1049	98.6475	98.8078	A4	77	63	0
1050	98.7886	98.8505	G3	82	63	0
1051	98.7971	98.8398	B3	75	65	0
1052	98.8067	99.0022	B4	83	58	0
1053	98.8153	99.0012	F4	72	57	0
1054	98.9584	99.124	A4	82	58	0
1055	99.092	99.1433	A3	88	64	0
1056	99.092	99.139	C4	88	66	0
1057	99.0973	99.2533	G4	82	62	0
1058	99.2533	99.4648	F4	80	62	0
1059	99.421	100.041	D4	79	58	0
1060	99.4221	99.7202	B3	80	61	0
1061	99.4317	99.7586	G4	81	80	0
1062	99.5792	99.8591	F4	77	59	0
1063	99.7148	100.087	Eb3	75	58	0
1064	99.7586	99.8195	F3	29	47	0
1065	99.7586	100.078	G4	6	57	0
1066	99.8655	99.9958	Eb4	71	55	0
1067	100.011	100.375	G3	64	62	0
1068	100.02	100.202	F4	75	57	0
1069	100.185	100.325	D4	73	63	0
1070	100.332	100.641	Eb4	82	58	0
1071	100.359	100.792	C4	63	64	0
1072	100.473	100.517	G#4	74	45	0
1073	100.49	100.619	Eb3	62	62	0
1074	100.502	100.674	G4	80	61	0
1075	100.61	100.74	F3	65	63	0
1076	100.623	100.762	A4	81	65	0
1077	100.746	100.89	G3	74	63	0
1078	100.758	100.946	B4	86	62	0
1079	100.898	101.047	G#3	84	64	0
1080	100.902	101.807	C5	88	54	0
1081	101.047	101.205	G3	76	61	0
1082	101.196	101.277	G#3	83	62	0
1083	101.197	101.257	F4	71	64	0
1084	101.197	101.494	G#4	85	59	0
1085	101.246	101.248	E4	37	127	0
1086	101.502	102.314	D4	73	59	0
1087	101.507	101.884	G#3	72	45	0
1088	101.511	102.148	F4	68	59	0
1089	101.807	101.933	B4	65	55	0
1090	101.809	101.903	D3	70	61	0
1091	101.945	102.068	A4	73	59	0
1092	102.099	102.704	B4	64	60	0
1093	102.239	102.391	G#4	69	59	0
1094	102.244	102.412	D3	67	62	0
1095	102.399	102.547	G4	64	62	0
1096	102.405	102.559	Eb3	72	64	0
1097	102.565	102.693	F3	66	63	0
1098	102.58	102.676	F4	60	61	0
1099	102.692	103.029	C#4	63	58	0
1100	102.698	103.627	Bb4	71	35	0
1101	102.712	102.888	G3	71	63	0
1102	102.736	102.8	E4	53	57	0
1103	102.851	102.966	F4	60	59	0
1104	102.877	102.995	F3	64	63	0
1105	103	103.044	G3	66	66	0
1106	103.011	103.158	E4	54	58	0
1107	103.176	103.351	F4	48	58	0
1108	103.322	103.697	G3	61	62	0
1109	103.324	104.166	C4	67	51	0
1110	103.342	104.183	E4	53	41	0
1111	103.623	103.765	A4	67	62	0
1112	103.63	103.739	C3	57	62	0
1113	103.775	103.911	G4	61	60	0
1114	103.924	104.175	A4	65	32	0
1115	104.061	104.199	C3	66	63	0
1116	104.065	104.215	G4	66	60	0
1117	104.218	104.344	D3	64	62	0
1118	104.218	104.394	F4	63	54	0
1119	104.369	104.488	Eb3	74	63	0
1120	104.392	104.512	Eb4	57	62	0
1121	104.513	105.336	G#4	70	61	0
1122	104.517	104.688	F3	67	57	0
1123	104.523	104.765	B3	62	41	0
1124	104.533	104.642	D4	62	55	0
1125	104.668	104.769	Eb4	65	61	0
1126	104.669	104.816	Eb3	62	63	0
1127	104.801	104.948	D4	59	59	0
1128	104.888	104.962	F3	64	62	0
1129	104.95	105.067	Eb4	52	63	0
1130	105.094	105.422	D4	65	54	0
1131	105.099	105.464	Bb3	75	62	0
1132	105.118	105.436	F3	68	62	0
1133	105.407	105.543	G4	64	62	0
1134	105.41	105.457	Bb2	58	64	0
1135	105.535	105.692	F4	75	60	0
1136	105.706	106.212	Bb3	85	63	0
1137	105.708	106.221	D4	91	64	0
1138	105.72	105.865	G4	77	56	0
1139	105.886	105.978	F5	68	53	0
1140	105.888	105.981	E5	67	56	0
1141	106.013	106.153	G5	76	62	0
1142	106.03	106.059	Eb5	53	59	0
1143	106.154	106.331	G#5	80	54	0
1144	106.201	106.345	F5	51	61	0
1145	106.207	106.31	G5	39	63	0
1146	106.286	106.478	Bb5	86	62	0
1147	106.333	106.368	F#5	44	48	0
1148	106.442	106.597	G#5	83	66	0
1149	106.449	106.601	F5	69	62	0
1150	106.586	106.649	G5	79	65	0
1151	106.59	106.627	G3	75	69	0
1152	106.592	106.65	Bb3	94	67	0
1153	106.597	106.673	Bb5	90	62	0
1154	106.917	107.339	Eb4	84	61	0
1155	106.921	107.323	C4	81	56	0
1156	106.93	107.312	Bb5	87	65	0
1157	106.939	107.041	G5	73	54	0
1158	107.238	107.453	Eb5	78	60	0
1159	107.239	107.405	C5	73	60	0
1160	107.562	108.043	G#3	86	62	0
1161	107.562	108.011	C4	93	63	0
1162	107.706	107.749	C5	66	64	0
1163	107.706	107.859	Eb5	76	58	0
1164	107.851	108.055	D5	73	56	0
1165	107.862	107.996	F5	74	57	0
1166	108.007	108.102	Eb5	74	62	0
1167	108.009	108.151	G5	78	62	0
1168	108.151	108.331	F5	81	55	0
1169	108.157	108.322	G#5	80	62	0
1170	108.29	108.488	Eb5	78	61	0
1171	108.326	108.387	G5	56	61	0
1172	108.44	108.514	G#3	93	65	0
1173	108.445	108.497	F3	85	60	0
1174	108.451	108.548	G#5	87	64	0
1175	108.461	108.541	F5	84	62	0
1176	108.755	109.202	D4	94	57	0
1177	108.759	109.21	Bb3	88	57	0
1178	108.766	109.152	G#5	79	38	0
1179	108.775	109.102	F5	75	54	0
1180	109.095	109.28	D5	78	61	0
1181	109.104	109.252	Bb4	74	58	0
1182	109.401	109.82	G3	87	60	0
1183	109.401	109.875	Bb3	89	62	0
1184	109.526	109.592	Bb4	76	61	0
1185	109.544	109.683	D5	72	58	0
1186	109.688	109.777	C5	77	62	0
1187	109.691	109.811	Eb5	78	60	0
1188	109.836	109.962	D5	78	52	0
1189	109.841	109.979	F5	81	56	0
1190	109.979	110.153	G5	79	62	0
1191	109.98	110.108	Eb5	83	61	0
1192	110.117	110.389	D5	82	48	0
1193	110.122	110.24	F5	76	58	0
1194	110.261	110.733	Eb5	72	25	0
1195	110.271	110.369	G3	84	59	0
1196	110.273	110.367	Eb3	80	63	0
1197	110.273	110.65	G5	81	61	0
1198	110.566	110.704	C4	77	59	0
1199	110.572	110.731	G#3	70	58	0
1200	110.71	110.859	C#5	69	61	0
1201	110.863	111.018	C4	59	55	0
1202	110.871	111.051	Bb5	69	59	0
1203	110.887	111.058	G#3	54	53	0
1204	110.893	111.029	Eb5	51	62	0
1205	111.021	111.152	C#5	64	62	0
1206	111.168	111.406	G#5	78	63	0
1207	111.171	111.342	C4	67	54	0
1208	111.174	111.367	G#3	57	60	0
1209	111.182	111.362	C5	68	58	0
1210	111.313	111.486	Bb4	64	38	0
1211	111.478	111.668	G5	84	59	0
1212	111.486	111.641	C4	76	57	0
1213	111.492	111.666	G#3	72	60	0
1214	111.495	111.661	C5	75	62	0
1215	111.641	111.719	Bb4	69	65	0
1216	111.779	111.918	C4	78	57	0
1217	111.78	112.365	F5	90	52	0
1218	111.782	111.917	G#3	77	62	0
1219	111.8	111.951	G#4	81	60	0
1220	111.939	112.067	G4	64	59	0
1221	112.055	112.343	Eb5	82	58	0
1222	112.063	112.156	G#3	76	63	0
1223	112.065	112.211	G#4	63	59	0
1224	112.067	112.367	C4	69	63	0
1225	112.211	112.263	G4	73	63	0
1226	112.367	112.563	D5	75	61	0
1227	112.377	112.515	D4	61	62	0
1228	112.378	112.523	Bb3	55	55	0
1229	112.4	112.543	F4	59	56	0
1230	112.521	112.677	C4	72	65	0
1231	112.669	113.008	D5	83	61	0
1232	112.68	112.802	G#3	68	64	0
1233	112.682	112.804	D4	64	64	0
1234	112.686	112.788	F4	66	56	0
1235	112.815	112.964	C4	78	66	0
1236	112.955	113.305	Eb5	84	55	0
1237	112.96	113.073	G3	68	63	0
1238	112.964	113.075	G4	73	61	0
1239	112.966	113.141	Bb3	77	61	0
1240	113.107	113.249	G#3	75	65	0
1241	113.233	113.329	F3	63	63	0
1242	113.253	113.623	F5	93	48	0
1243	113.262	113.466	G#4	87	61	0
1244	113.268	113.42	Bb3	77	59	0
1245	113.406	113.589	G#3	81	64	0
1246	113.548	114.369	G5	88	62	0
1247	113.567	113.899	Bb4	78	61	0
1248	113.568	113.744	Eb3	74	53	0
1249	113.585	113.746	G3	78	64	0
1250	113.585	113.615	A4	52	60	0
1251	113.732	113.877	F3	86	63	0
1252	113.861	114.149	B4	80	63	0
1253	113.874	114.054	D3	78	59	0
1254	113.874	114.026	G3	90	61	0
1255	114.001	114.192	F3	86	61	0
1256	114.15	114.263	C3	64	64	0
1257	114.157	114.316	Eb3	82	64	0
1258	114.177	114.279	C5	78	62	0
1259	114.333	114.446	D5	80	59	0
1260	114.338	114.518	F5	88	62	0
1261	114.48	114.716	G5	85	64	0
1262	114.492	114.637	C4	73	62	0
1263	114.496	114.567	Eb5	73	60	0
1264	114.498	114.614	Eb4	76	56	0
1265	114.626	114.674	D5	73	62	0
1266	114.629	114.791	F5	91	63	0
1267	114.766	114.905	Eb4	81	55	0
1268	114.776	114.923	C4	82	60	0
1269	114.777	114.942	Eb5	85	59	0
1270	114.791	114.941	C5	83	62	0
1271	114.932	115.091	D5	83	61	0
1272	114.934	115.062	Bb4	78	62	0
1273	115.06	115.229	Eb4	82	59	0
1274	115.064	115.236	C4	80	60	0
1275	115.074	115.246	Eb5	88	56	0
1276	115.075	115.212	C5	78	63	0
1277	115.213	115.258	Bb4	77	63	0
1278	115.219	115.417	D5	84	63	0
1279	115.372	115.517	Eb4	84	60	0
1280	115.372	115.555	C5	80	62	0
1281	115.383	115.513	C4	84	61	0
1282	115.391	115.54	G#4	71	60	0
1283	115.524	115.625	G4	74	63	0
1284	115.524	115.671	Bb4	80	63	0
1285	115.655	115.748	Eb4	91	59	0
1286	115.658	115.919	C5	86	31	0
1287	115.664	115.735	C4	81	63	0
1288	115.692	115.839	G#4	75	59	0
1289	115.806	115.965	G4	78	58	0
1290	115.806	115.993	Bb4	85	60	0
1291	115.929	116.158	C4	78	60	0
1292	115.93	116.067	Eb4	78	61	0
1293	115.94	116.894	A4	84	52	0
1294	115.943	116.839	F#4	82	62	0
1295	116.107	116.288	D4	62	63	0
1296	116.25	116.424	Bb3	57	63	0
1297	116.27	116.476	Eb4	81	61	0
1298	116.416	116.554	D4	77	62	0
1299	116.564	116.698	C4	83	65	0
1300	116.566	116.729	A3	73	63	0
1301	116.693	116.843	Bb3	81	63	0
1302	116.83	117.11	Bb4	85	63	0
1303	116.839	117.008	C4	84	63	0
1304	116.841	117.181	G4	81	63	0
1305	116.863	116.951	G3	60	52	0
1306	116.985	117.148	Bb3	85	61	0
1307	117.136	117.357	F#3	80	30	0
1308	117.143	118.347	C5	94	60	0
1309	117.149	117.291	A3	82	64	0
1310	117.149	117.453	A4	86	60	0
1311	117.281	117.451	G3	80	63	0
1312	117.451	117.601	A3	82	63	0
1313	117.455	117.607	E3	72	59	0
1314	117.579	117.745	G3	85	62	0
1315	117.724	118.086	D3	80	56	0
1316	117.729	117.941	F#3	87	61	0
1317	117.868	118.043	D4	89	62	0
1318	118.002	118.164	Eb4	84	62	0
1319	118.009	118.142	A3	76	63	0
1320	118.012	118.275	F#3	63	59	0
1321	118.141	118.332	D4	87	64	0
1322	118.301	118.561	Bb3	85	61	0
1323	118.305	118.792	Bb4	89	57	0
1324	118.312	118.638	G3	74	59	0
1325	118.457	118.621	D4	90	66	0
1326	118.604	118.858	F#3	80	63	0
1327	118.612	118.877	Eb4	92	55	0
1328	118.615	118.936	D3	69	34	0
1329	118.744	118.94	D4	89	62	0
1330	118.887	119.253	C4	91	62	0
1331	118.894	119.632	G3	88	56	0
1332	118.899	119.582	Eb3	78	38	0
1333	119.045	119.237	Bb4	91	36	0
1334	119.23	119.341	C#4	78	60	0
1335	119.23	119.555	A4	78	61	0
1336	119.243	119.266	B4	68	40	0
1337	119.395	119.604	G4	87	64	0
1338	119.557	119.739	D4	91	59	0
1339	119.558	119.755	F#4	89	62	0
1340	119.567	119.718	D3	79	63	0
1341	119.567	119.696	A3	92	63	0
1342	119.985	120.08	D2	87	63	0
1343	120.551	121.17	D4	96	62	0
1344	120.727	120.886	A4	71	43	0
1345	120.885	121.056	Bb4	72	54	0
1346	121.025	121.196	C5	78	64	0
1347	121.18	121.358	D5	83	57	0
1348	121.339	121.524	C5	79	63	0
1349	121.486	121.558	D5	87	66	0
1350	121.491	121.555	Bb3	96	66	0
1351	121.828	122.179	D5	92	52	0
1352	121.833	122.252	Eb4	95	61	0
1353	122.138	122.367	G4	76	61	0
1354	122.485	123.103	C4	90	62	0
1355	122.638	122.821	G4	63	39	0
1356	122.784	122.996	A4	71	34	0
1357	122.923	123.087	Bb4	71	62	0
1358	123.075	123.231	C5	80	58	0
1359	123.224	123.413	Bb4	70	63	0
1360	123.374	123.435	A3	89	66	0
1361	123.374	123.447	C5	87	64	0
1362	123.698	124.082	D4	89	59	0
1363	123.703	124.077	C5	89	61	0
1364	124.011	124.091	F#4	74	62	0
1365	124.316	124.829	D5	95	57	0
1366	124.328	124.75	Bb3	83	60	0
1367	124.482	124.636	F#4	67	62	0
1368	124.491	124.604	D3	54	63	0
1369	124.627	124.77	E3	57	62	0
1370	124.637	124.814	G4	74	57	0
1371	124.76	124.908	F#3	66	64	0
1372	124.785	124.957	A4	74	61	0
1373	124.907	125.046	G3	69	63	0
1374	124.936	125.046	Bb4	79	62	0
1375	125.055	125.186	F#3	67	60	0
1376	125.08	125.241	A4	76	62	0
1377	125.201	125.273	G3	85	65	0
1378	125.207	125.277	Bb4	96	67	0
1379	125.534	125.918	Eb5	98	58	0
1380	125.543	125.918	C4	84	60	0
1381	125.544	125.947	Bb4	83	58	0
1382	125.545	125.978	G3	74	62	0
1383	125.84	125.966	Eb4	76	59	0
1384	125.847	126.029	C3	64	61	0
1385	126.152	126.485	C5	91	45	0
1386	126.155	126.688	A3	79	51	0
1387	126.32	126.448	C3	68	62	0
1388	126.333	126.474	E4	67	58	0
1389	126.463	126.585	D3	62	63	0
1390	126.47	126.655	F4	68	48	0
1391	126.608	126.73	E3	65	65	0
1392	126.613	126.773	G4	72	59	0
1393	126.746	126.901	F3	70	61	0
1394	126.759	126.852	A4	72	62	0
1395	126.89	127.067	G4	74	59	0
1396	126.901	127.066	E3	61	64	0
1397	127.036	127.109	A4	91	67	0
1398	127.049	127.127	F3	85	65	0
1399	127.361	127.656	D5	91	56	0
1400	127.368	127.758	A4	89	47	0
1401	127.371	127.736	Bb3	79	39	0
1402	127.383	127.765	F3	73	52	0
1403	127.448	127.45	G3	14	127	0
1404	127.667	127.824	Bb2	72	60	0
1405	127.683	127.792	D4	74	61	0
1406	127.968	128.393	G3	79	52	0
1407	127.968	128.663	Bb4	89	41	0
1408	128.103	128.246	D4	62	62	0
1409	128.104	128.306	Bb2	62	37	0
1410	128.249	128.429	E4	68	56	0
1411	128.253	128.387	C3	56	62	0
1412	128.409	128.541	D3	66	63	0
1413	128.409	128.545	F#4	68	64	0
1414	128.54	128.675	Eb3	73	63	0
1415	128.564	128.73	G4	74	60	0
1416	128.701	128.872	D3	61	63	0
1417	128.728	128.866	F#4	68	61	0
1418	128.868	129.257	Eb3	62	56	0
1419	128.869	128.954	G4	77	61	0
1420	128.872	129.191	Bb3	75	59	0
1421	129.159	129.282	C5	80	59	0
1422	129.186	129.438	A3	67	58	0
1423	129.343	129.503	D3	54	50	0
1424	129.46	129.574	G3	67	63	0
1425	129.476	129.657	C5	77	59	0
1426	129.48	129.652	Bb4	78	52	0
1427	129.481	129.683	Eb3	55	64	0
1428	129.643	129.777	D3	66	64	0
1429	129.763	129.925	C5	85	60	0
1430	129.766	129.873	C3	67	64	0
1431	129.766	129.889	Eb4	75	59	0
1432	129.775	130.015	A4	73	63	0
1433	129.882	130.09	Bb2	66	63	0
1434	130.058	130.238	C3	74	61	0
1435	130.067	130.252	C5	96	57	0
1436	130.073	130.198	G4	80	57	0
1437	130.075	130.202	Eb4	82	48	0
1438	130.218	130.406	Bb2	77	63	0
1439	130.391	130.566	A2	85	64	0
1440	130.394	130.566	C5	101	57	0
1441	130.396	130.666	F#4	92	60	0
1442	130.404	130.501	Eb4	89	56	0
1443	130.556	130.762	G2	79	63	0
1444	130.752	130.965	A2	87	62	0
1445	130.752	130.867	C5	99	59	0
1446	130.757	130.918	Eb4	93	52	0
1447	130.758	131.192	G4	83	55	0
1448	130.826	130.877	D4	23	45	0
1449	130.933	131.264	G2	71	62	0
1450	131.216	131.97	C5	98	63	0
1451	131.219	131.994	F#2	85	64	0
1452	131.219	131.992	A4	85	64	0
1453	131.222	131.98	D4	91	64	0
1454	132.344	132.73	D5	97	41	0
1455	132.346	132.682	F#4	86	55	0
1456	132.355	132.789	D2	93	58	0
1457	132.355	132.628	D4	78	57	0
1458	132.362	132.364	E5	63	127	0
1459	132.4	132.402	E4	30	127	0
1460	132.729	133.374	Bb4	97	62	0
1461	132.736	133.353	D4	82	58	0
1462	132.741	133.353	G2	83	62	0
1463	132.744	133.179	G4	78	49	0
1464	133.697	134.093	C5	96	64	0
1465	133.705	134.279	C3	77	62	0
1466	133.706	134.007	Eb4	80	59	0
1467	133.707	134.082	A4	74	60	0
1468	134.129	134.499	Bb4	88	63	0
1469	134.138	134.957	D3	57	33	0
1470	134.143	134.648	D4	73	62	0
1471	134.151	134.571	G4	68	62	0
1472	134.518	134.753	A4	82	63	0
1473	134.576	134.616	B4	19	43	0
1474	134.852	135.25	A4	78	60	0
1475	134.855	135.535	D2	48	49	0
1476	134.866	135.074	F#4	65	55	0
1477	134.88	135.346	C4	54	63	0
1478	135.203	135.445	G4	64	51	0
1479	135.567	135.69	G2	41	62	0
1480	135.578	135.801	Bb3	51	57	0
1481	135.587	135.906	G4	47	63	0
1482	135.626	135.864	D4	19	52	0
1483	135.736	135.876	D3	57	63	0
1484	135.886	136.004	E3	58	64	0
1485	136.04	136.159	F#3	61	61	0
1486	136.191	136.317	G3	58	62	0
1487	136.324	136.438	A4	58	52	0
1488	136.347	136.474	F#3	47	62	0
1489	136.481	136.533	G3	61	65	0
1490	136.484	136.645	Bb4	65	53	0
1491	136.65	136.793	C5	65	59	0
1492	136.8	136.894	G3	45	80	0
1493	136.822	136.964	D5	54	60	0
1494	136.894	137.282	G3	3	80	0
1495	136.956	137.095	A3	60	61	0
1496	136.971	137.113	C5	62	60	0
1497	137.099	137.238	Bb3	66	62	0
1498	137.117	137.266	D5	65	61	0
1499	137.255	137.389	C4	64	64	0
1500	137.27	137.372	Eb5	67	63	0
1501	137.416	137.533	A4	72	58	0
1502	137.424	137.538	D4	66	59	0
1503	137.555	137.694	C#4	60	58	0
1504	137.576	137.702	E4	68	62	0
1505	137.59	137.854	A4	37	62	0
1506	137.703	138.302	D4	73	63	0
1507	137.713	137.815	F4	68	63	0
1508	137.717	137.776	F3	61	60	0
1509	137.858	138.011	G4	74	63	0
1510	138.011	138.445	F3	66	80	0
1511	138.011	138.139	A4	71	63	0
1512	138.151	138.279	Bb4	71	64	0
1513	138.163	138.321	G4	67	58	0
1514	138.312	138.468	C5	76	62	0
1515	138.316	138.424	A4	69	61	0
1516	138.317	138.454	A3	65	64	0
1517	138.46	138.589	B3	69	62	0
1518	138.461	138.812	A4	58	61	0
1519	138.463	138.625	D5	81	53	0
1520	138.477	139.093	F3	13	49	0
1521	138.601	138.755	C4	81	64	0
1522	138.607	138.799	Eb5	83	61	0
1523	138.744	138.921	B3	80	61	0
1524	138.751	138.899	D5	82	61	0
1525	138.887	139.123	G#4	81	61	0
1526	138.887	139.039	Eb5	73	63	0
1527	138.909	139.186	C4	82	65	0
1528	139.033	139.182	F5	82	54	0
1529	139.186	139.326	B4	84	47	0
1530	139.191	139.268	D4	78	62	0
1531	139.194	139.252	G4	76	61	0
1532	139.337	139.541	B2	80	49	0
1533	139.342	139.54	G4	79	59	0
1534	139.487	139.629	C3	70	64	0
1535	139.502	139.672	A4	76	58	0
1536	139.627	139.784	D3	76	65	0
1537	139.643	139.817	B4	83	62	0
1538	139.779	139.93	Eb3	84	64	0
1539	139.791	139.977	C5	86	61	0
1540	139.93	140.091	D3	76	64	0
1541	139.93	140.086	B4	91	64	0
1542	140.07	140.217	Eb3	87	62	0
1543	140.085	140.263	C5	94	62	0
1544	140.222	140.368	Bb4	91	61	0
1545	140.228	140.386	D4	80	63	0
1546	140.389	140.587	C5	94	61	0
1547	140.394	140.544	A4	85	45	0
1548	140.397	140.587	C4	80	63	0
1549	140.399	141.852	Eb3	79	64	0
1550	140.436	140.437	C#4	33	127	0
1551	140.551	140.759	G4	87	64	0
1552	140.583	140.719	Bb3	75	64	0
1553	140.719	140.906	C5	102	59	0
1554	140.726	140.89	C4	86	65	0
1555	140.727	140.858	A4	86	62	0
1556	140.89	141.165	Bb3	77	62	0
1557	140.891	141.171	G4	83	64	0
1558	141.13	141.832	A3	86	65	0
1559	141.133	141.857	C5	97	64	0
1560	141.136	141.873	F#4	82	63	0
1561	141.207	141.255	B4	29	51	0
1562	142.215	142.655	F#5	107	59	0
1563	142.217	142.729	Eb3	86	63	0
1564	142.218	142.539	C4	94	59	0
1565	142.218	142.719	A4	94	60	0
1566	142.665	143.044	Bb4	83	60	0
1567	142.665	143.041	G5	94	60	0
1568	142.676	143.248	D3	79	63	0
1569	142.68	143.144	D4	93	51	0
1570	143.471	143.777	Bb5	100	48	0
1571	143.686	143.874	A5	90	65	0
1572	143.691	143.825	C#3	96	60	0
1573	143.874	144.097	G5	80	63	0
1574	144.052	144.576	D3	96	51	0
1575	144.055	144.411	F#5	84	57	0
1576	144.161	144.223	G#5	23	47	0
1577	144.218	144.456	E5	79	52	0
1578	144.23	144.398	A3	69	57	0
1579	144.382	144.555	Bb3	72	62	0
1580	144.384	144.515	D5	79	64	0
1581	144.518	144.68	C5	84	63	0
1582	144.531	144.691	C4	73	66	0
1583	144.665	144.839	Bb4	80	51	0
1584	144.674	145.278	D4	82	62	0
1585	144.817	144.945	A4	73	64	0
1586	144.957	145.11	G4	78	60	0
1587	144.967	145.019	D3	84	63	0
1588	145.117	145.308	F#4	70	56	0
1589	145.27	149.272	G4	78	59	0
1590	145.284	145.698	Eb3	98	58	0
1591	145.444	145.593	G3	80	60	0
1592	145.452	145.555	B3	74	58	0
1593	145.588	145.742	C4	73	64	0
1594	145.602	145.66	A3	75	62	0
1595	145.733	145.886	B3	71	61	0
1596	145.743	145.893	D4	76	56	0
1597	145.888	145.987	C4	82	63	0
1598	145.89	146.371	C3	95	60	0
1599	145.897	146.036	Eb4	77	54	0
1600	146.045	146.234	D4	77	62	0
1601	146.046	146.153	B3	74	55	0
1602	146.202	146.26	C4	81	64	0
1603	146.202	146.288	Eb4	75	63	0
1604	146.524	147.233	Eb4	79	61	0
1605	146.532	147.159	C4	76	59	0
1606	146.654	146.836	A2	88	63	0
1607	146.816	146.983	B2	85	62	0
1608	146.972	147.109	C3	91	57	0
1609	147.114	147.581	D3	94	58	0
1610	147.266	147.391	A3	83	64	0
1611	147.285	147.429	C4	85	64	0
1612	147.425	147.575	D4	80	63	0
1613	147.445	147.5	B3	69	61	0
1614	147.57	147.72	C4	81	52	0
1615	147.57	147.718	Eb4	81	63	0
1616	147.707	148.206	B2	91	61	0
1617	147.72	147.811	D4	79	60	0
1618	147.72	147.852	F4	79	49	0
1619	147.864	148	Eb4	79	62	0
1620	147.869	147.963	C4	80	62	0
1621	148.016	148.11	D4	74	58	0
1622	148.016	148.135	F4	77	58	0
1623	148.348	148.548	D4	82	60	0
1624	148.353	148.526	F4	81	57	0
1625	148.494	148.666	G2	92	63	0
1626	148.647	148.798	A2	84	63	0
1627	148.786	148.98	B2	85	60	0
1628	148.947	149.129	C3	91	62	0
1629	149.278	149.54	C3	70	61	0
1630	149.28	149.376	F4	55	61	0
1631	149.28	149.454	G#4	63	60	0
1632	149.454	149.918	D5	74	16	0
1633	149.62	149.775	G4	71	61	0
1634	149.626	149.829	C3	74	64	0
1635	149.632	149.801	Eb4	60	62	0
1636	149.763	149.897	C5	86	55	0
1637	149.925	150.089	C3	82	62	0
1638	149.93	150.086	F4	83	62	0
1639	149.932	150.391	D4	79	36	0
1640	149.946	150.005	C4	73	55	0
1641	150.065	150.233	Bb4	91	63	0
1642	150.213	150.805	Eb4	88	35	0
1643	150.217	150.532	C4	90	59	0
1644	150.225	150.438	C3	84	62	0
1645	150.383	150.742	A4	86	62	0
1646	150.535	150.89	Bb3	94	63	0
1647	150.54	150.667	C3	77	59	0
1648	150.683	150.941	G4	90	56	0
1649	150.887	151.063	F#4	94	62	0
1650	150.89	151.31	A3	86	61	0
1651	150.89	151.011	D4	90	60	0
1652	150.893	151.307	C3	72	61	0
1653	151.264	151.55	C5	107	48	0
1654	151.267	151.543	Bb2	84	62	0
1655	151.495	151.714	A2	82	57	0
1656	151.504	151.62	D5	86	65	0
1657	151.601	151.757	Eb5	86	51	0
1658	151.675	152.132	Bb2	87	58	0
1659	151.682	151.811	D5	89	66	0
1660	152.097	153.171	G4	91	53	0
1661	152.1	152.621	C3	78	63	0
1662	152.114	152.603	Bb3	81	62	0
1663	152.119	152.466	Eb4	73	37	0
1664	152.562	152.87	A3	97	62	0
1665	152.569	153.104	D3	81	61	0
1666	152.579	153.082	D4	75	80	0
1667	152.826	153.088	Bb3	91	66	0
1668	153.109	153.765	F#4	88	80	0
1669	153.112	154.531	C4	100	54	0
1670	153.113	153.837	D2	77	61	0
1671	153.118	153.744	D4	38	34	0
1672	153.772	155.411	G2	84	48	0
1673	153.772	155.429	G4	93	37	0
1674	153.855	155.468	D4	4	12	0
1675	154.461	155.463	B3	72	59	0
