// alignID alignOntime alignSitch alignPitch alignOnvel refID refOntime refSitch refPitch refOnvel
0	1.42201	D4	62	75	0	0.5	D4	62	80	
1	2.31838	Bb3	58	82	1	1.25	Bb3	58	80	
2	2.64316	Eb4	63	79	2	1.5	Eb4	63	80	
3	3.22009	C4	60	79	3	2	C4	60	80	
4	4.07265	A3	57	84	4	2.75	A3	57	80	
5	4.39317	D4	62	82	5	3	D4	62	80	
6	4.94765	Bb3	58	78	6	3.5	Bb3	58	80	
7	5.77778	G3	55	73	7	4.25	G3	55	80	
8	6.06518	C4	60	66	8	4.5	C4	60	80	
9	6.37394	C4	60	65	9	4.75	C4	60	80	
10	6.66774	C4	60	71	10	5	C4	60	80	
11	6.97116	C4	60	75	11	5.25	C4	60	80	
12	7.26283	C4	60	80	12	5.5	C4	60	80	
13	7.56518	C4	60	81	13	5.75	C4	60	80	
14	7.86326	C4	60	80	14	6	C4	60	80	
15	8.1624	Bb3	58	74	15	6.25	Bb3	58	80	
16	8.27992	A3	57	70	16	6.375	A3	57	80	
17	8.44659	G4	67	85	17	6.5	G4	67	80	
18	8.45834	Bb3	58	66	18	6.5	Bb3	58	80	
19	8.60471	G3	55	62	19	6.625	G3	55	80	
20	8.7233	Bb3	58	74	20	6.75	Bb3	58	80	
21	8.86432	C4	60	75	21	6.875	C4	60	80	
22	9.0139	D4	62	80	22	7	D4	62	80	
23	9.13142	C#4	61	71	23	7.125	C#4	61	80	
24	9.29381	F4	65	84	24	7.25	F4	65	80	
25	9.3045	D4	62	80	25	7.25	D4	62	80	
26	9.60257	Bb4	70	83	26	7.5	Bb4	70	80	
27	9.61539	D4	62	63	27	7.5	D4	62	80	
28	9.90492	G3	55	70	28	7.75	G3	55	80	
29	10.1827	G4	67	81	29	8	G4	67	80	
30	10.3269	G3	55	72	30	8.125	G3	55	80	
31	10.4562	A3	57	73	31	8.25	A3	57	80	
32	10.5887	Bb3	58	79	32	8.375	Bb3	58	80	
33	10.7425	C4	60	82	33	8.5	C4	60	80	
34	10.8729	Bb3	58	77	34	8.625	Bb3	58	80	
35	11.0182	E4	64	85	35	8.75	E4	64	80	
36	11.0203	C4	60	74	36	8.75	C4	60	80	
37	11.3291	A4	69	82	37	9	A4	69	80	
38	11.3419	C4	60	70	38	9	C4	60	80	
39	11.6186	F3	53	68	39	9.25	F3	53	80	
40	11.9028	F4	65	82	40	9.5	F4	65	80	
41	12.0385	F3	53	70	41	9.625	F3	53	80	
42	12.1795	G3	55	75	42	9.75	G3	55	80	
43	12.3259	A3	57	73	43	9.875	A3	57	80	
44	12.469	Bb3	58	80	44	10	Bb3	58	80	
45	12.593	A3	57	76	45	10.125	A3	57	80	
46	12.7425	D4	62	75	46	10.25	D4	62	80	
47	12.7489	Bb3	58	76	47	10.25	Bb3	58	80	
48	13.0331	G4	67	80	48	10.5	G4	67	80	
49	13.1645	A3	57	65	49	10.625	A3	57	80	
50	13.3248	G4	67	73	50	10.75	G4	67	80	
51	13.3376	Bb3	58	61	51	10.75	Bb3	58	80	
52	13.4669	A3	57	67	52	10.875	A3	57	80	
53	13.6175	G4	67	77	53	11	G4	67	80	
54	13.6239	G3	55	70	54	11	G3	55	80	
55	13.7521	F3	53	71	55	11.125	F3	53	80	
56	13.8964	G4	67	80	56	11.25	G4	67	80	
57	13.8974	G3	55	66	57	11.25	G3	55	80	
58	14.0224	F3	53	78	58	11.375	F3	53	80	
59	14.1816	G4	67	83	59	11.5	G4	67	80	
60	14.187	E3	52	80	60	11.5	E3	52	80	
61	14.3291	D3	50	80	61	11.625	D3	50	80	
62	14.4701	E3	52	78	63	11.75	E3	52	80	
63	14.4765	G4	67	81	62	11.75	G4	67	80	
64	14.6004	D3	50	77	64	11.875	D3	50	80	
65	14.7639	G4	67	84	65	12	G4	67	80	
66	14.766	C#3	49	78	66	12	C#3	49	80	
67	15.0588	A3	57	63	68	12.25	A3	57	80	
68	15.0705	F4	65	77	67	12.25	F4	65	80	
69	15.1859	E4	64	76	69	12.375	E4	64	80	
70	15.3398	D5	74	88	70	12.5	D5	74	80	
71	15.3601	F4	65	74	71	12.5	F4	65	80	
72	15.3654	D3	50	61	72	12.5	D3	50	80	
73	15.4851	D4	62	69	73	12.625	D4	62	80	
74	15.6325	E4	64	71	74	12.75	E4	64	80	
75	15.6336	C4	60	58	75	12.75	C4	60	80	
76	15.7511	F#4	66	69	76	12.875	F#4	66	80	
77	15.9049	Bb3	58	67	78	13	Bb3	58	80	
78	15.9103	G4	67	62	77	13	G4	67	80	
79	16.0278	F#4	66	76	79	13.125	F#4	66	80	
80	16.1742	Bb4	70	85	80	13.25	Bb4	70	80	
81	16.1763	G4	67	81	81	13.25	G4	67	80	
82	16.1795	G3	55	69	82	13.25	G3	55	80	
83	16.4744	Eb5	75	92	83	13.5	Eb5	75	80	
84	16.4851	G4	67	79	84	13.5	G4	67	80	
85	16.5011	C4	60	67	85	13.5	C4	60	80	
86	16.6079	Bb3	58	67	86	13.625	Bb3	58	80	
87	16.7543	C4	60	76	87	13.75	C4	60	80	
88	16.8654	Bb3	58	76	89	13.875	Bb3	58	80	
89	17.016	C5	72	84	90	14	C5	72	80	
90	17.0225	A3	57	82	91	14	A3	57	80	
91	17.1507	C4	60	74	92	14.125	C4	60	80	
92	17.296	D4	62	81	93	14.25	D4	62	80	
93	17.4284	Eb4	63	80	94	14.375	Eb4	63	80	
94	17.4316	G3	55	79	95	14.375	G3	55	80	
95	17.5801	A3	57	77	97	14.5	A3	57	80	
96	17.5834	F4	65	80	96	14.5	F4	65	80	
97	17.7051	Eb4	63	80	98	14.625	Eb4	63	80	
98	17.8569	A4	69	88	99	14.75	A4	69	80	
99	17.8654	F4	65	80	100	14.75	F4	65	80	
100	17.8772	F3	53	68	101	14.75	F3	53	80	
101	18.1528	D5	74	88	102	15	D5	74	80	
102	18.1571	F4	65	82	103	15	F4	65	80	
103	18.1645	Bb3	58	74	104	15	Bb3	58	80	
104	18.2842	A3	57	73	105	15.125	A3	57	80	
105	18.4338	Bb3	58	79	106	15.25	Bb3	58	80	
106	18.5695	A3	57	80	108	15.375	A3	57	80	
107	18.7094	Bb4	70	85	109	15.5	Bb4	70	80	
108	18.7169	G3	55	80	110	15.5	G3	55	80	
109	18.8515	Bb3	58	79	111	15.625	Bb3	58	80	
110	18.9829	C4	60	79	112	15.75	C4	60	80	
111	18.9893	A3	57	79	113	15.75	A3	57	80	
112	19.1122	D4	62	77	114	15.875	D4	62	80	
113	19.1154	Bb3	58	87	115	15.875	Bb3	58	80	
114	19.2532	C4	60	80	117	16	C4	60	80	
115	19.2575	Eb4	63	80	116	16	Eb4	63	80	
116	19.4049	D4	62	77	118	16.125	D4	62	80	
117	19.5449	G4	67	88	119	16.25	G4	67	80	
118	19.5641	Eb4	63	76	120	16.25	Eb4	63	80	
119	19.6827	Bb3	58	70	121	16.375	Bb3	58	80	
120	19.8366	C5	72	79	122	16.5	C5	72	80	
121	19.8611	A3	57	65	123	16.5	A3	57	80	
122	19.9669	D4	62	72	124	16.625	D4	62	80	
123	20.1133	C5	72	72	125	16.75	C5	72	80	
124	20.1325	Eb4	63	63	126	16.75	Eb4	63	80	
125	20.249	D4	62	68	127	16.875	D4	62	80	
126	20.4103	C5	72	78	128	17	C5	72	80	
127	20.4113	C4	60	66	129	17	C4	60	80	
128	20.5214	Bb3	58	70	130	17.125	Bb3	58	80	
129	20.671	C4	60	73	132	17.25	C4	60	80	
130	20.6742	C5	72	82	131	17.25	C5	72	80	
131	20.6881	G3	55	66	133	17.25	G3	55	80	
132	20.7992	Bb3	58	76	134	17.375	Bb3	58	80	
133	20.9434	A3	57	79	136	17.5	A3	57	80	
134	20.9519	C5	72	85	135	17.5	C5	72	80	
135	20.9637	F#3	54	72	137	17.5	F#3	54	80	
136	21.0834	G3	55	80	138	17.625	G3	55	80	
137	21.2212	C5	72	85	139	17.75	C5	72	80	
138	21.2276	A3	57	77	140	17.75	A3	57	80	
139	21.2393	E3	52	77	141	17.75	E3	52	80	
140	21.3654	G3	55	82	142	17.875	G3	55	80	
141	21.5278	C5	72	84	143	18	C5	72	80	
142	21.5385	F#3	54	79	144	18	F#3	54	80	
143	21.5417	D3	50	74	145	18	D3	50	80	
144	21.828	F#3	54	84	148	18.25	F#3	54	80	
145	21.8323	D4	62	70	147	18.25	D4	62	80	
146	21.8344	Bb4	70	75	146	18.25	Bb4	70	80	
147	21.9754	A4	69	80	149	18.375	A4	69	80	
148	22.1304	Bb4	70	82	150	18.5	Bb4	70	80	
149	22.1368	G3	55	88	151	18.5	G3	55	80	
150	22.2693	G4	67	72	153	18.625	G4	67	80	
151	22.4156	D4	62	78	156	18.75	D4	62	80	
152	22.422	G4	67	74	155	18.75	G4	67	80	
153	22.4284	Bb4	70	76	154	18.75	Bb4	70	80	
154	22.5588	E4	64	81	158	18.875	E4	64	80	
155	22.5609	C5	72	78	157	18.875	C5	72	80	
156	22.6934	F4	65	85	160	19	F4	65	80	
157	22.7009	D5	74	78	159	19	D5	74	80	
158	22.8227	E4	64	74	162	19.125	E4	64	80	
159	22.8269	C#5	73	80	161	19.125	C#5	73	80	
160	22.9722	D5	74	85	163	19.25	D5	74	80	
161	22.9754	F4	65	87	164	19.25	F4	65	80	
162	22.9787	F3	53	82	165	19.25	F3	53	80	
163	23.1165	A4	69	84	166	19.375	A4	69	80	
164	23.2639	D4	62	85	168	19.5	D4	62	80	
165	23.2671	D5	74	91	167	19.5	D5	74	80	
166	23.2778	Bb3	58	77	169	19.5	Bb3	58	80	
167	23.4092	A4	69	83	170	19.625	A4	69	80	
168	23.5524	G4	67	83	171	19.75	G4	67	80	
169	23.6795	F4	65	79	173	19.875	F4	65	80	
170	23.8205	G3	55	82	175	20	G3	55	80	
171	23.8205	E4	64	84	174	20	E4	64	80	
172	23.9605	G4	67	80	176	20.125	G4	67	80	
173	24.0994	A4	69	83	177	20.25	A4	69	80	
174	24.1005	C4	60	75	178	20.25	C4	60	80	
175	24.2329	Bb3	58	78	180	20.375	Bb3	58	80	
176	24.2329	Bb4	70	85	179	20.375	Bb4	70	80	
177	24.2586	E4	64	31	*	-1	*	-1	-1	
178	24.3889	C5	72	81	181	20.5	C5	72	80	
179	24.3964	A3	57	82	182	20.5	A3	57	80	
180	24.5278	Bb4	70	82	183	20.625	Bb4	70	80	
181	24.6742	E3	52	88	186	20.75	E3	52	80	
182	24.6742	C5	72	80	184	20.75	C5	72	80	
183	24.6902	G3	55	66	185	20.75	G3	55	80	
184	24.8034	G4	67	81	187	20.875	G4	67	80	
185	24.9605	C4	60	83	189	21	C4	60	80	
186	24.9605	C5	72	87	188	21	C5	72	80	
187	24.9712	A3	57	80	190	21	A3	57	80	
188	25.0983	G4	67	86	191	21.125	G4	67	80	
189	25.2383	F4	65	85	192	21.25	F4	65	80	
190	25.3814	E4	64	81	194	21.375	E4	64	80	
191	25.5182	D4	62	86	195	21.5	D4	62	80	
192	25.5267	F3	53	88	196	21.5	F3	53	80	
193	25.6592	F4	65	84	197	21.625	F4	65	80	
194	25.8002	Bb3	58	76	199	21.75	Bb3	58	80	
195	25.8024	G4	67	85	198	21.75	G4	67	80	
196	25.8462	D4	62	6	*	-1	*	-1	-1	
197	25.9284	A3	57	78	201	21.875	A3	57	80	
198	25.9306	A4	69	83	200	21.875	A4	69	80	
199	25.9434	D4	62	29	*	-1	*	-1	-1	
200	26.0769	Bb4	70	80	202	22	Bb4	70	80	
201	26.0887	G3	55	81	203	22	G3	55	80	
202	26.2094	A4	69	77	204	22.125	A4	69	80	
203	26.3537	D3	50	84	207	22.25	D3	50	80	
204	26.3579	Bb4	70	76	205	22.25	Bb4	70	80	
205	26.3665	F3	53	75	206	22.25	F3	53	80	
206	26.4872	F4	65	73	208	22.375	F4	65	80	
207	26.6475	E4	64	79	209	22.5	E4	64	80	
208	26.6517	Bb3	58	81	210	22.5	Bb3	58	80	
209	26.656	G3	55	73	211	22.5	G3	55	80	
210	26.781	A4	69	80	212	22.625	A4	69	80	
211	26.9242	G3	55	72	214	22.75	G3	55	80	
212	26.9381	Bb4	70	75	213	22.75	Bb4	70	80	
213	27.0737	F4	65	71	216	22.875	F4	65	80	
214	27.0737	A4	69	74	215	22.875	A4	69	80	
215	27.2126	G3	55	80	219	23	G3	55	80	
216	27.218	G4	67	77	217	23	G4	67	80	
217	27.2297	E4	64	66	218	23	E4	64	80	
218	27.3697	F4	65	74	220	23.125	F4	65	80	
219	27.5096	G3	55	86	222	23.25	G3	55	80	
220	27.515	G4	67	70	221	23.25	G4	67	80	
221	27.5289	E4	64	35	*	-1	*	-1	-1	
222	27.6325	F4	65	76	223	23.375	F4	65	80	
223	27.6346	D4	62	74	224	23.375	D4	62	80	
224	27.781	C#4	61	80	226	23.5	C#4	61	80	
225	27.7831	G3	55	90	227	23.5	G3	55	80	
226	27.7831	E4	64	74	225	23.5	E4	64	80	
227	27.9103	D4	62	82	228	23.625	D4	62	80	
228	28.0567	E4	64	79	229	23.75	E4	64	80	
229	28.0599	G3	55	88	230	23.75	G3	55	80	
230	28.1774	D4	62	83	231	23.875	D4	62	80	
231	28.3526	C#4	61	80	233	24	C#4	61	80	
232	28.3579	A3	57	75	234	24	A3	57	80	
233	28.3622	G3	55	84	235	24	G3	55	80	
234	28.6496	F3	53	71	237	24.25	F3	53	80	
235	28.6635	A4	69	67	236	24.25	A4	69	80	
236	28.7725	E3	52	70	238	24.375	E3	52	80	
237	28.9327	D4	62	71	239	24.5	D4	62	80	
238	28.9338	F3	53	62	240	24.5	F3	53	80	
239	29.0641	D3	50	63	241	24.625	D3	50	80	
240	29.2255	C5	72	72	242	24.75	C5	72	80	
241	29.2276	Eb3	51	65	243	24.75	Eb3	51	80	
242	29.3761	F3	53	70	244	24.875	F3	53	80	
243	29.5128	B4	71	73	245	25	B4	71	80	
244	29.5182	G3	55	67	246	25	G3	55	80	
245	29.6325	F3	53	62	248	25.125	F3	53	80	
246	29.6443	D5	74	72	247	25.125	D5	74	80	
247	29.7874	F5	77	76	249	25.25	F5	77	80	
248	29.8002	G3	55	55	250	25.25	G3	55	80	
249	29.9295	D5	74	70	251	25.375	D5	74	80	
250	30.0802	Eb5	75	69	252	25.5	Eb5	75	80	
251	30.0898	C3	48	55	253	25.5	C3	48	80	
252	30.2223	B2	47	61	254	25.625	B2	47	80	
253	30.3697	G4	67	68	255	25.75	G4	67	80	
254	30.3772	C3	48	67	256	25.75	C3	48	80	
255	30.5086	D3	50	55	257	25.875	D3	50	80	
256	30.671	C4	60	66	258	26	C4	60	80	
257	30.7853	C3	48	62	260	26.125	C3	48	80	
258	30.9349	D3	50	67	262	26.25	D3	50	80	
259	30.937	Bb4	70	74	261	26.25	Bb4	70	80	
260	31.0705	Eb3	51	68	263	26.375	Eb3	51	80	
261	31.2062	A4	69	78	264	26.5	A4	69	80	
262	31.2105	F3	53	67	265	26.5	F3	53	80	
263	31.3505	Eb3	51	61	267	26.625	Eb3	51	80	
264	31.359	C5	72	76	266	26.625	C5	72	80	
265	31.5	Eb5	75	75	268	26.75	Eb5	75	80	
266	31.5118	F3	53	52	269	26.75	F3	53	80	
267	31.6346	A5	81	77	270	26.875	A5	81	80	
268	31.7928	Bb2	46	61	272	27	Bb2	46	80	
269	31.7981	Bb5	82	74	271	27	Bb5	82	80	
270	31.9231	F3	53	54	273	27.125	F3	53	80	
271	32.0545	G3	55	60	275	27.25	G3	55	80	
272	32.0791	D5	74	75	274	27.25	D5	74	80	
273	32.203	A5	81	76	276	27.375	A5	81	80	
274	32.2116	A3	57	56	277	27.375	A3	57	80	
275	32.3526	Bb3	58	70	279	27.5	Bb3	58	80	
276	32.3558	G5	79	79	278	27.5	G5	79	80	
277	32.4883	F#5	78	79	280	27.625	F#5	78	80	
278	32.4936	A3	57	65	281	27.625	A3	57	80	
279	32.6272	G5	79	79	282	27.75	G5	79	80	
280	32.6346	Bb3	58	69	283	27.75	Bb3	58	80	
281	32.7618	F#5	78	78	284	27.875	F#5	78	80	
282	32.9135	G5	79	77	285	28	G5	79	80	
283	33.0278	E3	52	70	286	28.125	E3	52	80	
284	33.171	F#3	54	71	287	28.25	F#3	54	80	
285	33.3013	G3	55	71	289	28.375	G3	55	80	
286	33.3088	D5	74	71	288	28.375	D5	74	80	
287	33.4413	A3	57	66	291	28.5	A3	57	80	
288	33.4594	C5	72	71	290	28.5	C5	72	80	
289	33.5812	G3	55	69	293	28.625	G3	55	80	
290	33.5844	Bb4	70	78	292	28.625	Bb4	70	80	
291	33.7148	A3	57	75	295	28.75	A3	57	80	
292	33.7329	C5	72	74	294	28.75	C5	72	80	
293	33.8526	Bb4	70	78	296	28.875	Bb4	70	80	
294	34.0032	D4	62	83	299	29	D4	62	80	
295	34.0086	F#5	78	84	297	29	F#5	78	80	
296	34.0129	C5	72	78	298	29	C5	72	80	
297	34.1443	D3	50	77	300	29.125	D3	50	80	
298	34.2842	E3	52	80	301	29.25	E3	52	80	
299	34.4381	A5	81	73	302	29.375	A5	81	80	
300	34.4391	F#3	54	79	304	29.375	F#3	54	80	
301	34.4413	C5	72	73	303	29.375	C5	72	80	
302	34.5727	G3	55	73	307	29.5	G3	55	80	
303	34.5973	D5	74	82	305	29.5	D5	74	80	
304	34.6005	Bb4	70	79	306	29.5	Bb4	70	80	
305	34.7158	F#3	54	77	309	29.625	F#3	54	80	
306	34.7223	A4	69	79	308	29.625	A4	69	80	
307	34.8708	Bb3	58	82	311	29.75	Bb3	58	80	
308	34.874	Bb4	70	86	310	29.75	Bb4	70	80	
309	34.8921	G3	55	68	312	29.75	G3	55	80	
310	35.0064	C5	72	70	313	29.875	C5	72	80	
311	35.0118	A4	69	74	314	29.875	A4	69	80	
312	35.1507	Bb4	70	80	315	30	Bb4	70	80	
313	35.1614	Eb4	63	86	317	30	Eb4	63	80	
314	35.1614	G4	67	74	316	30	G4	67	80	
315	35.1785	G3	55	65	318	30	G3	55	80	
316	35.3099	F4	65	74	319	30.125	F4	65	80	
317	35.4616	C3	48	67	321	30.25	C3	48	80	
318	35.4669	G4	67	80	320	30.25	G4	67	80	
319	35.5919	F4	65	77	*	-1	*	-1	-1	
320	35.7297	F4	65	75	322	30.375	F4	65	80	
321	35.7404	C4	60	81	324	30.5	C4	60	80	
322	35.7949	Eb4	63	81	323	30.5	Eb4	63	80	
323	35.859	F4	65	67	325	30.5615	F4	65	80	
324	35.8825	C3	48	67	327	30.625	C3	48	80	
325	35.9263	Eb4	63	76	326	30.624	Eb4	63	80	
326	36.0182	D3	50	74	328	30.75	D3	50	80	
327	36.1443	D4	62	81	329	30.875	D4	62	80	
328	36.1549	Eb3	51	80	330	30.875	Eb3	51	80	
329	36.2949	F3	53	80	333	31	F3	53	80	
330	36.3088	A4	69	84	331	31	A4	69	80	
331	36.3238	C4	60	80	332	31	C4	60	80	
332	36.4402	Eb3	51	81	334	31.125	Eb3	51	80	
333	36.5919	A3	57	85	335	31.25	A3	57	80	
334	36.6026	F3	53	80	336	31.25	F3	53	80	
335	36.8793	D4	62	86	338	31.5	D4	62	80	
336	36.89	F3	53	80	339	31.5	F3	53	80	
337	36.906	F4	65	64	337	31.5	F4	65	80	
338	37.015	A4	69	80	340	31.625	A4	69	80	
339	37.1678	Bb4	70	78	341	31.75	Bb4	70	80	
340	37.1774	Bb2	46	63	342	31.75	Bb2	46	80	
341	37.312	A4	69	77	343	31.875	A4	69	80	
342	37.4616	Bb3	58	81	346	32	Bb3	58	80	
343	37.4723	G4	67	80	344	32	G4	67	80	
344	37.4808	D4	62	71	345	32	D4	62	80	
345	37.6186	Bb2	46	71	347	32.125	Bb2	46	80	
346	37.7522	C3	48	70	348	32.25	C3	48	80	
347	37.8782	F#4	66	81	349	32.375	F#4	66	80	
348	37.8911	D3	50	75	350	32.375	D3	50	80	
349	38.0342	G4	67	84	351	32.5	G4	67	80	
350	38.0364	Eb3	51	75	352	32.5	Eb3	51	80	
351	38.1774	D3	50	76	353	32.625	D3	50	80	
352	38.328	G3	55	80	354	32.75	G3	55	80	
353	38.359	Eb3	51	66	355	32.75	Eb3	51	80	
354	38.625	C4	60	77	356	33	C4	60	80	
355	38.7436	D3	50	74	357	33.125	D3	50	80	
356	38.906	Eb3	51	74	359	33.25	Eb3	51	80	
357	38.9156	C4	60	66	358	33.25	C4	60	80	
358	39.0406	D3	50	72	361	33.375	D3	50	80	
359	39.0417	Bb4	70	72	360	33.375	Bb4	70	80	
360	39.1838	C4	60	74	363	33.5	C4	60	80	
361	39.1923	A4	69	71	362	33.5	A4	69	80	
362	39.1998	C3	48	72	364	33.5	C3	48	80	
363	39.3387	Bb2	46	70	365	33.625	Bb2	46	80	
364	39.4926	C3	48	76	367	33.75	C3	48	80	
365	39.5011	C4	60	79	366	33.75	C4	60	80	
366	39.6229	Bb2	46	77	369	33.875	Bb2	46	80	
367	39.6304	C5	72	75	368	33.875	C5	72	80	
368	39.781	C4	60	77	371	34	C4	60	80	
369	39.7821	A2	45	81	372	34	A2	45	80	
370	39.7906	F#4	66	76	370	34	F#4	66	80	
371	39.921	G2	43	84	373	34.125	G2	43	80	
372	40.0641	A2	45	86	375	34.25	A2	45	80	
373	40.0812	C4	60	79	374	34.25	C4	60	80	
374	40.1956	G2	43	84	377	34.375	G2	43	80	
375	40.1966	A4	69	75	376	34.375	A4	69	80	
376	40.3793	C4	60	82	*	-1	*	-1	-1	
377	40.3814	F#2	42	85	379	34.5	F#2	42	80	
378	40.3836	D4	62	78	378	34.5	D4	62	80	
379	40.6795	Bb3	58	78	380	34.75	Bb3	58	80	
380	40.6913	D3	50	70	381	34.75	D3	50	80	
381	40.8163	A3	57	73	383	34.875	A3	57	80	
382	40.8248	F#4	66	71	382	34.875	F#4	66	80	
383	40.9648	G4	67	74	384	35	G4	67	80	
384	40.9776	Bb3	58	72	385	35	Bb3	58	80	
385	40.9829	G2	43	63	386	35	G2	43	80	
386	41.1208	G3	55	71	387	35.125	G3	55	80	
387	41.2532	F3	53	59	389	35.25	F3	53	80	
388	41.2618	A3	57	72	388	35.25	A3	57	80	
389	41.4028	Bb3	58	71	390	35.375	Bb3	58	80	
390	41.5556	C4	60	73	391	35.5	C4	60	80	
391	41.5577	E3	52	55	392	35.5	E3	52	80	
392	41.687	Bb3	58	70	393	35.625	Bb3	58	80	
393	41.828	C4	60	68	394	35.75	C4	60	80	
394	41.8376	C3	48	54	395	35.75	C3	48	80	
395	41.952	Bb4	70	72	396	35.875	Bb4	70	80	
396	42.1037	F3	53	56	398	36	F3	53	80	
397	42.1058	C4	60	65	397	36	C4	60	80	
398	42.2276	Bb4	70	68	399	36.125	Bb4	70	80	
399	42.3825	F4	65	70	401	36.25	F4	65	80	
400	42.3879	A3	57	59	402	36.25	A3	57	80	
401	42.3889	A4	69	66	400	36.25	A4	69	80	
402	42.5139	G4	67	74	403	36.375	G4	67	80	
403	42.5257	E4	64	57	404	36.375	E4	64	80	
404	42.6603	A4	69	77	405	36.5	A4	69	80	
405	42.6699	F4	65	70	406	36.5	F4	65	80	
406	42.6742	D3	50	49	407	36.5	D3	50	80	
407	42.8003	A4	69	82	408	36.625	A4	69	80	
408	42.9423	B4	71	83	409	36.75	B4	71	80	
409	42.9509	C4	60	38	410	36.75	C4	60	80	
410	43.0866	C5	72	80	411	36.875	C5	72	80	
411	43.2276	B3	59	55	413	37	B3	59	80	
412	43.2329	D5	74	75	412	37	D5	74	80	
413	43.3612	C5	72	73	414	37.125	C5	72	80	
414	43.5075	G3	55	61	416	37.25	G3	55	80	
415	43.515	D5	74	75	415	37.25	D5	74	80	
416	43.6443	F4	65	69	417	37.375	F4	65	80	
417	43.8003	D5	74	71	418	37.5	D5	74	80	
418	43.8035	C4	60	57	419	37.5	C4	60	80	
419	43.9263	F4	65	73	420	37.625	F4	65	80	
420	44.0844	G3	55	55	423	37.75	G3	55	80	
421	44.0887	C5	72	73	421	37.75	C5	72	80	
422	44.0898	Eb4	63	73	422	37.75	Eb4	63	80	
423	44.2233	D4	62	71	425	37.875	D4	62	80	
424	44.2244	B4	71	72	424	37.875	B4	71	80	
425	44.3579	C5	72	71	426	38	C5	72	80	
426	44.3654	C3	48	58	428	38	C3	48	80	
427	44.3686	Eb4	63	76	427	38	Eb4	63	80	
428	44.5107	C4	60	62	429	38.125	C4	60	80	
429	44.6475	F#4	66	73	430	38.25	F#4	66	80	
430	44.6571	A3	57	62	431	38.25	A3	57	80	
431	44.7864	G4	67	76	432	38.375	G4	67	80	
432	44.9317	F#3	54	59	434	38.5	F#3	54	80	
433	44.9327	A4	69	80	433	38.5	A4	69	80	
434	45.062	G4	67	77	435	38.625	G4	67	80	
435	45.1902	D3	50	55	437	38.75	D3	50	80	
436	45.2009	A4	69	78	436	38.75	A4	69	80	
437	45.3387	C5	72	76	438	38.875	C5	72	80	
438	45.4691	A4	69	78	439	39	A4	69	80	
439	45.4755	G3	55	63	440	39	G3	55	80	
440	45.5951	C5	72	78	441	39.125	C5	72	80	
441	45.7351	Bb3	58	62	444	39.25	Bb3	58	80	
442	45.7351	Bb4	70	73	442	39.25	Bb4	70	80	
443	45.7415	G4	67	66	443	39.25	G4	67	80	
444	45.8633	A4	69	71	445	39.375	A4	69	80	
445	45.8708	F#4	66	69	446	39.375	F#4	66	80	
446	45.999	G4	67	71	448	39.5	G4	67	80	
447	46	Bb4	70	68	447	39.5	Bb4	70	80	
448	46.0075	E3	52	66	449	39.5	E3	52	80	
449	46.1379	D5	74	81	450	39.625	D5	74	80	
450	46.2842	D4	62	55	452	39.75	D4	62	80	
451	46.2853	E5	76	87	451	39.75	E5	76	80	
452	46.4242	F5	77	85	453	39.875	F5	77	80	
453	46.5652	G5	79	80	454	40	G5	79	80	
454	46.5866	C#4	61	57	455	40	C#4	61	80	
455	46.702	F5	77	83	456	40.125	F5	77	80	
456	46.8558	G5	79	80	457	40.25	G5	79	80	
457	46.8729	A3	57	56	458	40.25	A3	57	80	
458	46.9904	C#4	61	66	459	40.375	C#4	61	80	
459	47.1421	D4	62	72	460	40.5	D4	62	80	
460	47.2629	C#4	61	70	462	40.625	C#4	61	80	
461	47.4082	F5	77	77	463	40.75	F5	77	80	
462	47.4167	D4	62	66	464	40.75	D4	62	80	
463	47.5332	A3	57	58	466	40.875	A3	57	80	
464	47.5396	E5	76	75	465	40.875	E5	76	80	
465	47.6966	A4	69	75	468	41	A4	69	80	
466	47.7094	F5	77	65	467	41	F5	77	80	
467	47.7297	D3	50	48	469	41	D3	50	80	
468	47.8483	D5	74	66	470	41.125	D5	74	80	
469	47.9862	F5	77	66	471	41.25	F5	77	80	
470	47.9894	D4	62	44	472	41.25	D4	62	80	
471	48.1186	E4	64	58	474	41.375	E4	64	80	
472	48.1218	G5	79	71	473	41.375	G5	79	80	
473	48.2746	A5	81	71	475	41.5	A5	81	80	
474	48.2832	F4	65	65	476	41.5	F4	65	80	
475	48.4242	G5	79	67	477	41.625	G5	79	80	
476	48.5791	A5	81	68	478	41.75	A5	81	80	
477	48.5855	F4	65	80	479	41.75	F4	65	80	
478	48.6154	D4	62	54	480	41.75	D4	62	80	
479	48.8857	G4	67	68	483	42	G4	67	80	
480	48.8879	Bb4	70	72	482	42	Bb4	70	80	
481	48.906	A5	81	59	481	42	A5	81	80	
482	49.0406	G3	55	56	484	42.125	G3	55	80	
483	49.1763	D5	74	67	485	42.25	D5	74	80	
484	49.2073	A3	57	50	486	42.25	A3	57	80	
485	49.3334	Bb3	58	60	487	42.375	Bb3	58	80	
486	49.4819	C4	60	55	489	42.5	C4	60	80	
487	49.4819	G4	67	77	488	42.5	G4	67	80	
488	49.6144	D5	74	70	490	42.625	D5	74	80	
489	49.6261	G3	55	50	491	42.625	G3	55	80	
490	49.7565	E5	76	72	492	42.75	E5	76	80	
491	49.7778	C4	60	64	493	42.75	C4	60	80	
492	49.8868	F5	77	77	494	42.875	F5	77	80	
493	49.89	D4	62	68	495	42.875	D4	62	80	
494	50.0439	G5	79	74	496	43	G5	79	80	
495	50.0599	E4	64	61	497	43	E4	64	80	
496	50.1806	F5	77	73	498	43.125	F5	77	80	
497	50.3441	E4	64	70	500	43.25	E4	64	80	
498	50.3462	G5	79	74	499	43.25	G5	79	80	
499	50.359	C4	60	55	501	43.25	C4	60	80	
500	50.6486	A4	69	74	503	43.5	A4	69	80	
501	50.655	G5	79	71	502	43.5	G5	79	80	
502	50.6656	F4	65	59	504	43.5	F4	65	80	
503	50.7906	F3	53	59	505	43.625	F3	53	80	
504	50.9413	C5	72	65	506	43.75	C5	72	80	
505	50.9605	G3	55	62	507	43.75	G3	55	80	
506	51.0909	A3	57	63	508	43.875	A3	57	80	
507	51.2308	Bb3	58	62	510	44	Bb3	58	80	
508	51.2372	F4	65	82	509	44	F4	65	80	
509	51.3825	C5	72	72	511	44.125	C5	72	80	
510	51.4082	F3	53	53	512	44.125	F3	53	80	
511	51.531	D5	74	73	513	44.25	D5	74	80	
512	51.5524	Bb3	58	65	514	44.25	Bb3	58	80	
513	51.6592	E5	76	77	515	44.375	E5	76	80	
514	51.6763	C4	60	62	516	44.375	C4	60	80	
515	51.8131	D4	62	70	518	44.5	D4	62	80	
516	51.8142	F5	77	76	517	44.5	F5	77	80	
517	51.9456	C4	60	68	520	44.625	C4	60	80	
518	51.9498	E5	76	77	519	44.625	E5	76	80	
519	52.093	D4	62	72	522	44.75	D4	62	80	
520	52.1005	F5	77	80	521	44.75	F5	77	80	
521	52.1208	Bb3	58	64	523	44.75	Bb3	58	80	
522	52.2458	A3	57	70	524	44.875	A3	57	80	
523	52.3964	G4	67	80	525	45	G4	67	80	
524	52.4103	Bb3	58	66	526	45	Bb3	58	80	
525	52.5567	D4	62	64	527	45.125	D4	62	80	
526	52.6881	C#4	61	61	529	45.25	C#4	61	80	
527	52.6977	G4	67	73	528	45.25	G4	67	80	
528	52.827	D4	62	58	531	45.375	D4	62	80	
529	52.8398	F5	77	71	530	45.375	F5	77	80	
530	52.9765	G4	67	73	533	45.5	G4	67	80	
531	52.983	E5	76	72	532	45.5	E5	76	80	
532	53.0225	G3	55	38	534	45.5	G3	55	80	
533	53.1208	D5	74	74	535	45.625	D5	74	80	
534	53.1486	Bb3	58	64	536	45.625	Bb3	58	80	
535	53.2693	G4	67	76	538	45.75	G4	67	80	
536	53.2703	E5	76	79	537	45.75	E5	76	80	
537	53.2853	A3	57	61	539	45.75	A3	57	80	
538	53.4114	Bb3	58	69	541	45.875	Bb3	58	80	
539	53.4135	D5	74	77	540	45.875	D5	74	80	
540	53.562	G4	67	82	543	46	G4	67	80	
541	53.5706	C#5	73	79	542	46	C#5	73	80	
542	53.5834	E3	52	63	544	46	E3	52	80	
543	53.703	D5	74	77	545	46.125	D5	74	80	
544	53.7052	E4	64	66	546	46.125	E4	64	80	
545	53.8537	E5	76	79	547	46.25	E5	76	80	
546	53.8548	C#4	61	66	549	46.25	C#4	61	80	
547	53.859	G4	67	76	548	46.25	G4	67	80	
548	53.9915	A3	57	68	550	46.375	A3	57	80	
549	54.1667	D4	62	69	552	46.5	D4	62	80	
550	54.1699	G4	67	77	551	46.5	G4	67	80	
551	54.3174	D3	50	57	553	46.625	D3	50	80	
552	54.4723	D5	74	71	554	46.75	D5	74	80	
553	54.4819	F4	65	70	555	46.75	F4	65	80	
554	54.4915	F3	53	65	556	46.75	F3	53	80	
555	54.6261	A3	57	63	557	46.875	A3	57	80	
556	54.7671	F5	77	84	558	47	F5	77	80	
557	54.7896	D4	62	59	559	47	D4	62	80	
558	54.9135	C4	60	58	561	47.125	C4	60	80	
559	54.9263	A4	69	53	560	47.125	A4	69	80	
560	55.0503	Bb4	70	68	562	47.25	Bb4	70	80	
561	55.0674	D4	62	56	563	47.25	D4	62	80	
562	55.1849	C4	60	56	565	47.375	C4	60	80	
563	55.1902	C5	72	70	564	47.375	C5	72	80	
564	55.3515	D5	74	75	566	47.5	D5	74	80	
565	55.3526	Bb3	58	59	567	47.5	Bb3	58	80	
566	55.483	C5	72	75	568	47.625	C5	72	80	
567	55.484	D4	62	60	569	47.625	D4	62	80	
568	55.6261	D5	74	82	570	47.75	D5	74	80	
569	55.6496	G3	55	62	572	47.75	G3	55	80	
570	55.7607	Bb3	58	63	573	47.875	Bb3	58	80	
571	55.9231	G5	79	82	574	48	G5	79	80	
572	55.9424	D5	74	60	575	48	D5	74	80	
573	55.952	Eb3	51	52	576	48	Eb3	51	80	
574	56.1112	G3	55	51	577	48.125	G3	55	80	
575	56.203	G4	67	54	578	48.25	G4	67	80	
576	56.2159	A3	57	66	579	48.25	A3	57	80	
577	56.3601	Bb3	58	61	580	48.375	Bb3	58	80	
578	56.4862	Eb5	75	85	581	48.5	Eb5	75	80	
579	56.5065	C4	60	66	582	48.5	C4	60	80	
580	56.6432	G4	67	62	583	48.625	G4	67	80	
581	56.6454	Bb3	58	56	584	48.625	Bb3	58	80	
582	56.7778	C4	60	56	586	48.75	C4	60	80	
583	56.781	A4	69	70	585	48.75	A4	69	80	
584	56.9124	Bb3	58	58	588	48.875	Bb3	58	80	
585	56.9242	Bb4	70	67	587	48.875	Bb4	70	80	
586	57.0716	A3	57	61	590	49	A3	57	80	
587	57.0748	C5	72	72	589	49	C5	72	80	
588	57.1977	Bb4	70	75	591	49.125	Bb4	70	80	
589	57.2009	C4	60	60	592	49.125	C4	60	80	
590	57.3516	C5	72	83	593	49.25	C5	72	80	
591	57.3676	F3	53	66	595	49.25	F3	53	80	
592	57.4958	A3	57	62	596	49.375	A3	57	80	
593	57.6411	F5	77	86	597	49.5	F5	77	80	
594	57.6582	D3	50	57	599	49.5	D3	50	80	
595	57.6731	C5	72	54	598	49.5	C5	72	80	
596	57.7832	F3	53	68	600	49.625	F3	53	80	
597	57.9295	G3	55	68	602	49.75	G3	55	80	
598	57.9327	F4	65	57	601	49.75	F4	65	80	
599	58.0631	A3	57	65	603	49.875	A3	57	80	
600	58.2105	D5	74	83	604	50	D5	74	80	
601	58.2191	Bb3	58	67	605	50	Bb3	58	80	
602	58.3622	F4	65	64	606	50.125	F4	65	80	
603	58.3804	A3	57	62	607	50.125	A3	57	80	
604	58.5075	G4	67	74	608	50.25	G4	67	80	
605	58.5161	Bb3	58	60	609	50.25	Bb3	58	80	
606	58.6379	A3	57	61	611	50.375	A3	57	80	
607	58.6411	A4	69	80	610	50.375	A4	69	80	
608	58.7832	Bb4	70	85	612	50.5	Bb4	70	80	
609	58.7907	G3	55	60	613	50.5	G3	55	80	
610	58.9167	A4	69	83	614	50.625	A4	69	80	
611	58.9573	B3	59	42	615	50.625	Bb3	58	80	
612	59.0674	Bb4	70	83	616	50.75	Bb4	70	80	
613	59.0791	Eb3	51	66	618	50.75	Eb3	51	80	
614	59.2052	G3	55	61	619	50.875	G3	55	80	
615	59.3387	C3	48	59	621	51	C3	48	80	
616	59.3451	Eb5	75	80	620	51	Eb5	75	80	
617	59.4701	G3	55	59	622	51.125	G3	55	80	
618	59.6304	A3	57	62	624	51.25	A3	57	80	
619	59.6379	Eb5	75	80	623	51.25	Eb5	75	80	
620	59.7597	Bb3	58	62	626	51.375	Bb3	58	80	
621	59.7714	Bb4	70	71	625	51.375	Bb4	70	80	
622	59.9103	C4	60	67	629	51.5	C4	60	80	
623	59.9125	Eb5	75	80	627	51.5	Eb5	75	80	
624	59.9189	A4	69	72	628	51.5	A4	69	80	
625	60.0481	G4	67	70	630	51.625	G4	67	80	
626	60.0545	Bb3	58	62	631	51.625	D4	62	80	
627	60.1998	A4	69	66	633	51.75	A4	69	80	
628	60.1998	Eb5	75	75	632	51.75	Eb5	75	80	
629	60.202	C4	60	60	634	51.75	C4	60	80	
630	60.3323	G4	67	71	635	51.875	G4	67	80	
631	60.3398	Bb3	58	61	636	51.875	Bb3	58	80	
632	60.4904	A3	57	61	639	52	A3	57	80	
633	60.4947	Eb5	75	78	637	52	Eb5	75	80	
634	60.5161	F4	65	61	638	52	F4	65	80	
635	60.6251	F3	53	66	640	52.125	F3	53	80	
636	60.781	G3	55	68	642	52.25	G3	55	80	
637	60.796	Eb5	75	80	641	52.25	Eb5	75	80	
638	60.9157	A3	57	66	643	52.375	A3	57	80	
639	61.0716	Bb3	58	69	645	52.5	Bb3	58	80	
640	61.0802	Eb5	75	80	644	52.5	Eb5	75	80	
641	61.2148	A3	57	72	646	52.625	A3	57	80	
642	61.3612	D5	74	75	647	52.75	D5	74	80	
643	61.3633	Bb3	58	73	648	52.75	Bb3	58	80	
644	61.4958	C4	60	74	650	52.875	C4	60	80	
645	61.4969	Eb5	75	73	649	52.875	Eb5	75	80	
646	61.6496	Bb3	58	82	653	53	Bb3	58	80	
647	61.6582	D4	62	66	652	53	D4	62	80	
648	61.6582	F5	77	80	651	53	F5	77	80	
649	61.7778	Bb4	70	75	654	53.125	Bb4	70	80	
650	61.7981	C4	60	74	655	53.125	C4	60	80	
651	61.9231	F5	77	79	656	53.25	F5	77	80	
652	61.9317	D4	62	77	657	53.25	D4	62	80	
653	62.062	G5	79	82	658	53.375	G5	79	80	
654	62.0652	E4	64	73	659	53.375	E4	64	80	
655	62.1977	F4	65	79	661	53.5	F4	65	80	
656	62.2063	A5	81	84	660	53.5	A5	81	80	
657	62.343	E4	64	75	663	53.625	E4	64	80	
658	62.343	G5	79	82	662	53.625	G5	79	80	
659	62.4894	A5	81	84	664	53.75	A5	81	80	
660	62.4979	A3	57	87	666	53.75	A3	57	80	
661	62.5022	F4	65	80	665	53.75	F4	65	80	
662	62.6315	C5	72	75	667	53.875	C5	72	80	
663	62.7768	A5	81	73	668	54	A5	81	80	
664	62.7842	D4	62	83	670	54	D4	62	80	
665	62.7842	F4	65	80	*	-1	*	-1	-1	
666	62.7885	Bb4	70	76	669	54	Bb4	70	80	
667	62.9167	C5	72	68	671	54.125	C5	72	80	
668	63.0706	Bb4	70	76	673	54.25	Bb4	70	80	
669	63.0759	D5	74	76	672	54.25	D5	74	80	
670	63.202	A4	69	80	674	54.375	A4	69	80	
671	63.3686	G4	67	76	675	54.5	G4	67	80	
672	63.3719	Bb3	58	79	677	54.5	Bb3	58	80	
673	63.3772	D4	62	78	676	54.5	D4	62	80	
674	63.5054	D5	74	77	678	54.625	D5	74	80	
675	63.6443	E5	76	84	679	54.75	E5	76	80	
676	63.7725	F5	77	83	680	54.875	F5	77	80	
677	63.9263	G5	79	81	681	55	G5	79	80	
678	63.9306	E4	64	72	682	55	E4	64	80	
679	64.0524	F5	77	82	683	55.125	F5	77	80	
680	64.1998	G3	55	84	685	55.25	G3	55	80	
681	64.2127	G5	79	80	684	55.25	G5	79	80	
682	64.3612	Bb4	70	69	686	55.375	Bb4	70	80	
683	64.5097	G5	79	83	687	55.5	G5	79	80	
684	64.5161	C4	60	82	689	55.5	C4	60	80	
685	64.5161	A4	69	79	688	55.5	A4	69	80	
686	64.6486	Bb4	70	76	690	55.625	Bb4	70	80	
687	64.811	A4	69	70	692	55.75	A4	69	80	
688	64.812	C5	72	82	691	55.75	C5	72	80	
689	64.937	G4	67	80	693	55.875	G4	67	80	
690	65.0738	F4	65	80	694	56	F4	65	80	
691	65.0866	A3	57	82	696	56	A3	57	80	
692	65.1261	C4	60	61	695	56	C4	60	80	
693	65.2137	C5	72	82	697	56.125	C5	72	80	
694	65.3697	D5	74	90	698	56.25	D5	74	80	
695	65.4979	E5	76	89	699	56.375	E5	76	80	
696	65.6518	F5	77	88	700	56.5	F5	77	80	
697	65.6528	D4	62	80	701	56.5	D4	62	80	
698	65.7704	E5	76	89	702	56.625	E5	76	80	
699	65.9253	F5	77	88	703	56.75	F5	77	80	
700	65.9317	F3	53	67	704	56.75	F3	53	80	
701	66.0503	A4	69	78	705	56.875	A4	69	80	
702	66.1977	G4	67	82	706	57	G4	67	80	
703	66.2095	Bb3	58	78	707	57	Bb3	58	80	
704	66.218	D4	62	61	*	-1	*	-1	-1	
705	66.343	D5	74	77	708	57.125	D5	74	80	
706	66.499	E5	76	79	709	57.25	E5	76	80	
707	66.5214	Bb3	58	67	710	57.25	Bb3	58	80	
708	66.6304	F5	77	83	711	57.375	F5	77	80	
709	66.7768	G5	79	85	712	57.5	G5	79	80	
710	66.8152	Bb3	58	61	713	57.5	Bb3	58	80	
711	66.9071	A5	81	87	714	57.625	A5	81	80	
712	67.0471	Bb5	82	88	715	57.75	Bb5	82	80	
713	67.0727	Bb3	58	63	716	57.75	Bb3	58	80	
714	67.171	G5	79	89	717	57.875	G5	79	80	
715	67.3355	Bb3	58	64	720	58	Bb3	58	80	
716	67.3355	F5	77	87	718	58	F5	77	80	
717	67.3441	C4	60	63	719	58	C4	60	80	
718	67.4648	E5	76	84	721	58.125	E5	76	80	
719	67.609	D5	74	86	722	58.25	D5	74	80	
720	67.6219	Bb3	58	63	723	58.25	Bb3	58	80	
721	67.7404	C5	72	76	724	58.375	C5	72	80	
722	67.9018	F5	77	74	725	58.5	F5	77	80	
723	67.9199	F4	65	61	726	58.5	F4	65	80	
724	67.936	Bb3	58	56	727	58.5	Bb3	58	80	
725	68.1924	C5	72	75	728	58.75	C5	72	80	
726	68.2084	A3	57	60	729	58.75	A3	57	80	
727	68.3505	G3	55	62	730	58.875	G3	55	80	
728	68.4947	F5	77	73	731	59	F5	77	80	
729	68.5204	A3	57	52	732	59	A3	57	80	
730	68.6272	F3	53	58	733	59.125	F3	53	80	
731	68.7789	Eb5	75	73	734	59.25	Eb5	75	80	
732	68.7875	A3	57	61	735	59.25	A3	57	80	
733	68.9007	D5	74	72	736	59.375	D5	74	80	
734	68.906	B3	59	65	737	59.375	B3	59	80	
735	69.0524	Eb5	75	80	738	59.5	Eb5	75	80	
736	69.062	C4	60	52	739	59.5	C4	60	80	
737	69.1892	B3	59	67	741	59.625	B3	59	80	
738	69.1956	G4	67	73	740	59.625	G4	67	80	
739	69.3494	C5	72	72	742	59.75	C5	72	80	
740	69.3505	G#4	68	70	743	59.75	G#4	68	80	
741	69.3815	C4	60	62	744	59.75	C4	60	80	
742	69.4798	G4	67	74	745	59.875	G4	67	80	
743	69.6261	D5	74	80	746	60	D5	74	80	
744	69.6411	F4	65	69	747	60	F4	65	80	
745	69.7543	C4	60	68	748	60.125	C4	60	80	
746	69.8911	D4	62	75	750	60.25	D4	62	80	
747	69.8932	B3	59	70	751	60.25	B3	59	80	
748	69.8964	G4	67	69	749	60.25	G4	67	80	
749	70.0225	A3	57	73	752	60.375	A3	57	80	
750	70.171	B3	59	74	754	60.5	B3	59	80	
751	70.1838	G5	79	79	753	60.5	G5	79	80	
752	70.3099	G3	55	68	755	60.625	G3	55	80	
753	70.4477	F5	77	82	756	60.75	F5	77	80	
754	70.4605	B3	59	74	757	60.75	B3	59	80	
755	70.5855	C4	60	71	759	60.875	C4	60	80	
756	70.5919	Eb5	75	86	758	60.875	Eb5	75	80	
757	70.7319	F5	77	84	760	61	F5	77	80	
758	70.7426	D4	62	73	761	61	D4	62	80	
759	70.8687	A4	69	80	762	61.125	A4	69	80	
760	70.8772	C4	60	54	763	61.125	C4	60	80	
761	71.0011	D5	74	75	764	61.25	D5	74	80	
762	71.0043	B4	71	74	765	61.25	B4	71	80	
763	71.0289	D4	62	69	766	61.25	D4	62	80	
764	71.1368	A4	69	78	767	61.375	A4	69	80	
765	71.2864	Eb5	75	80	768	61.5	Eb5	75	80	
766	71.2917	G4	67	73	769	61.5	G4	67	80	
767	71.4263	G3	55	65	770	61.625	G3	55	80	
768	71.5674	C4	60	68	773	61.75	C4	60	80	
769	71.5716	C5	72	78	771	61.75	C5	72	80	
770	71.5962	Eb4	63	56	772	61.75	Eb4	63	80	
771	71.702	B3	59	76	774	61.875	B3	59	80	
772	71.8505	C4	60	74	776	62	C4	60	80	
773	71.8537	G#5	80	88	775	62	G#5	80	80	
774	71.9926	G3	55	68	777	62.125	G3	55	80	
775	72.1251	C4	60	73	779	62.25	C4	60	80	
776	72.1325	G5	79	86	778	62.25	G5	79	80	
777	72.2629	F5	77	84	780	62.375	F5	77	80	
778	72.264	D4	62	72	781	62.375	D4	62	80	
779	72.4167	G5	79	87	782	62.5	G5	79	80	
780	72.4221	Eb4	63	75	783	62.5	Eb4	63	80	
781	72.5449	D4	62	75	785	62.625	D4	62	80	
782	72.5492	B4	71	79	784	62.625	B4	71	80	
783	72.6892	C5	72	76	787	62.75	C5	72	80	
784	72.6924	Eb5	75	75	786	62.75	Eb5	75	80	
785	72.6999	Eb4	63	76	788	62.75	Eb4	63	80	
786	72.8323	Bb4	70	80	789	62.875	Bb4	70	80	
787	72.9808	F5	77	76	790	63	F5	77	80	
788	72.9894	G#4	68	77	791	63	G#4	68	80	
789	73.1229	G4	67	79	792	63.125	G4	67	80	
790	73.2714	G#4	68	80	793	63.25	G#4	68	80	
791	73.4061	Eb4	63	73	794	63.375	Eb4	63	80	
792	73.5631	D4	62	71	795	63.5	D4	62	80	
793	73.6999	G4	67	80	796	63.625	G4	67	80	
794	73.842	G#4	68	75	797	63.75	G#4	68	80	
795	73.9734	C4	60	59	798	63.875	C4	60	80	
796	74.1486	B3	59	62	799	64	B3	59	80	
797	74.2522	Eb5	75	70	800	64.125	Eb5	75	80	
798	74.4253	D5	74	73	801	64.25	D5	74	80	
799	74.5343	D4	62	58	803	64.375	D4	62	80	
800	74.561	C5	72	75	802	64.375	C5	72	80	
801	74.7063	B4	71	76	804	64.5	B4	71	80	
802	74.7127	G3	55	58	805	64.5	G3	55	80	
803	74.8409	G#4	68	79	806	64.625	G#4	68	80	
804	74.9819	B3	59	65	809	64.75	B3	59	80	
805	74.9905	D5	74	80	807	64.75	D5	74	80	
806	74.999	G4	67	70	808	64.75	G4	67	80	
807	75.1261	F4	65	70	810	64.875	F4	65	80	
808	75.2746	C4	60	57	812	65	C4	60	80	
809	75.2789	Eb4	63	74	811	65	Eb4	63	80	
810	75.4189	G4	67	63	813	65.125	G4	67	80	
811	75.5481	G#3	56	63	815	65.25	G#3	56	80	
812	75.5823	C5	72	66	814	65.25	C5	72	80	
813	75.718	Eb4	63	69	816	65.375	Eb4	63	80	
814	75.8612	D4	62	77	817	65.5	D4	62	80	
815	75.8687	F3	53	47	818	65.5	F3	53	80	
816	76.0076	C5	72	69	819	65.625	C5	72	80	
817	76.1379	G3	55	60	821	65.75	G3	55	80	
818	76.1507	B4	71	77	820	65.75	B4	71	80	
819	76.2939	F4	65	68	822	65.875	F4	65	80	
820	76.4413	C5	72	76	823	66	C5	72	80	
821	76.4488	C3	48	57	824	66	C3	48	80	
822	76.5855	F4	65	71	825	66.125	F4	65	80	
823	76.7276	Eb4	63	75	826	66.25	Eb4	63	80	
824	76.8612	D4	62	77	827	66.375	D4	62	80	
825	77.0065	Eb4	63	82	828	66.5	Eb4	63	80	
826	77.0193	C4	60	77	829	66.5	C4	60	80	
827	77.1507	C3	48	67	831	66.625	C3	48	80	
828	77.1507	Bb4	70	75	830	66.625	Bb4	70	80	
829	77.2885	D3	50	72	833	66.75	D3	50	80	
830	77.2971	A4	69	80	832	66.75	A4	69	80	
831	77.4349	Eb3	51	74	835	66.875	Eb3	51	80	
832	77.4381	G4	67	81	834	66.875	G4	67	80	
833	77.5877	A4	69	86	836	67	A4	69	80	
834	77.5887	F3	53	77	837	67	F3	53	80	
835	77.7298	Eb3	51	83	838	67.125	Eb3	51	80	
836	77.8676	C4	60	84	839	67.25	C4	60	80	
837	77.8751	A3	57	85	840	67.25	A3	57	80	
838	77.9018	F3	53	64	841	67.25	F3	53	80	
839	78.1667	D4	62	82	843	67.5	D4	62	80	
840	78.1689	F#4	66	59	*	-1	*	-1	-1	
841	78.1721	F3	53	78	844	67.5	F3	53	80	
842	78.1796	F4	65	82	842	67.5	F4	65	80	
843	78.2949	G4	67	83	845	67.625	G4	67	80	
844	78.4605	A4	69	80	846	67.75	A4	69	80	
845	78.4723	Bb2	46	60	847	67.75	Bb2	46	80	
846	78.5877	Bb4	70	79	848	67.875	Bb4	70	80	
847	78.7415	D4	62	77	850	68	D4	62	80	
848	78.7501	G4	67	81	849	68	G4	67	80	
849	78.7511	Bb3	58	80	851	68	Bb3	58	80	
850	78.8751	Bb2	46	71	852	68.125	Bb2	46	80	
851	79.0236	C3	48	75	853	68.25	C3	48	80	
852	79.1582	D3	50	81	854	68.375	D3	50	80	
853	79.3046	Eb3	51	81	855	68.5	Eb3	51	80	
854	79.4563	D3	50	80	856	68.625	D3	50	80	
855	79.592	Bb3	58	86	857	68.75	Bb3	58	80	
856	79.5941	G3	55	73	858	68.75	G3	55	80	
857	79.6123	Eb3	51	69	859	68.75	Eb3	51	80	
858	79.8879	Eb4	63	83	860	69	Eb4	63	80	
859	79.8911	C4	60	83	861	69	C4	60	80	
860	79.8922	Eb3	51	78	862	69	Eb3	51	80	
861	80.0257	F4	65	81	863	69.125	F4	65	80	
862	80.1732	A2	45	67	865	69.25	A2	45	80	
863	80.1849	G4	67	81	864	69.25	G4	67	80	
864	80.3206	A4	69	82	866	69.375	A4	69	80	
865	80.4755	A3	57	81	869	69.5	A3	57	80	
866	80.4808	F4	65	86	867	69.5	F4	65	80	
867	80.4819	C4	60	75	868	69.5	C4	60	80	
868	80.6464	A2	45	53	870	69.625	A2	45	80	
869	80.6593	G2	43	36	*	-1	*	-1	-1	
870	80.7618	Bb2	46	76	871	69.75	Bb2	46	80	
871	80.8996	C3	48	77	872	69.875	C3	48	80	
872	81.0471	D3	50	83	873	70	D3	50	80	
873	81.1742	C3	48	80	874	70.125	C3	48	80	
874	81.3462	A3	57	77	875	70.25	A3	57	80	
875	81.3526	F3	53	78	876	70.25	F3	53	80	
876	81.3676	D3	50	72	877	70.25	D3	50	80	
877	81.6464	D4	62	71	878	70.5	D4	62	80	
878	81.6486	Bb3	58	68	879	70.5	Bb3	58	80	
879	81.7853	C3	48	66	880	70.625	C3	48	80	
880	81.9232	D3	50	67	883	70.75	D3	50	80	
881	81.9445	Bb3	58	65	882	70.75	Bb3	58	80	
882	81.9499	D4	62	63	881	70.75	D4	62	80	
883	82.0706	C3	48	69	885	70.875	C3	48	80	
884	82.0802	A4	69	73	884	70.875	A4	69	80	
885	82.2041	Bb2	46	70	889	71	Bb2	46	80	
886	82.2191	G4	67	74	886	71	G4	67	80	
887	82.2212	Bb3	58	69	888	71	Bb3	58	80	
888	82.2276	D4	62	64	887	71	D4	62	80	
889	82.358	A2	45	78	890	71.125	A2	45	80	
890	82.4969	Bb2	46	80	893	71.25	Bb2	46	80	
891	82.4979	D4	62	78	891	71.25	D4	62	80	
892	82.5044	Bb3	58	75	892	71.25	Bb3	58	80	
893	82.6261	F4	65	78	894	71.375	F4	65	80	
894	82.6326	A2	45	81	895	71.375	A2	45	80	
895	82.764	Bb4	70	83	896	71.5	Bb4	70	80	
896	82.7725	G2	43	85	899	71.5	G2	43	80	
897	82.7768	Bb3	58	73	898	71.5	Bb3	58	80	
898	82.7821	D4	62	70	897	71.5	D4	62	80	
899	82.9082	F2	41	83	900	71.625	F2	41	80	
900	83.046	G2	43	84	903	71.75	G2	43	80	
901	83.0535	Bb3	58	81	902	71.75	Bb3	58	80	
902	83.0567	D4	62	75	901	71.75	D4	62	80	
903	83.1742	F2	41	81	905	71.875	F2	41	80	
904	83.1817	A4	69	80	904	71.875	A4	69	80	
905	83.3323	E2	40	85	909	72	E2	40	80	
906	83.3398	Bb3	58	80	908	72	Bb3	58	80	
907	83.3633	G#4	68	45	*	-1	*	-1	-1	
908	83.3687	G4	67	65	906	72	G4	67	80	
909	83.4841	C2	36	82	910	72.125	C2	36	80	
910	83.6208	C4	60	70	911	72.25	C4	60	80	
911	83.6219	D2	38	83	913	72.25	D2	38	80	
912	83.6294	A3	57	67	912	72.25	A3	57	80	
913	83.7426	E2	40	81	915	72.375	E2	40	80	
914	83.7586	G3	55	70	914	72.375	G3	55	80	
915	83.78	A3	57	44	*	-1	*	-1	-1	
916	83.8954	F2	41	82	918	72.5	F2	41	80	
917	83.9018	F4	65	85	916	72.5	F4	65	80	
918	83.9114	A3	57	84	917	72.5	A3	57	80	
919	84.0225	C2	36	77	920	72.625	C2	36	80	
920	84.0407	G3	55	77	919	72.625	G3	55	80	
921	84.1657	F2	41	72	922	72.75	F2	41	80	
922	84.187	A3	57	73	921	72.75	A3	57	80	
923	84.3217	G2	43	71	924	72.875	G2	43	80	
924	84.3238	B3	59	72	923	72.875	B3	59	80	
925	84.4787	C4	60	68	925	73	C4	60	80	
926	84.4926	G#2	44	67	926	73	G#2	44	80	
927	84.6261	B3	59	64	927	73.125	B3	59	80	
928	84.7661	C4	60	61	928	73.25	C4	60	80	
929	84.7779	D2	38	53	929	73.25	D2	38	80	
930	84.8986	F4	65	66	930	73.375	F4	65	80	
931	85.0567	Eb4	63	67	931	73.5	Eb4	63	80	
932	85.0588	G2	43	54	932	73.5	G2	43	80	
933	85.1753	F#2	42	58	933	73.625	F#2	42	80	
934	85.3259	G2	43	66	936	73.75	G2	43	80	
935	85.3345	D4	62	65	934	73.75	D4	62	80	
936	85.3366	B3	59	63	935	73.75	B3	59	80	
937	85.4627	A2	45	66	938	73.875	A2	45	80	
938	85.4734	A3	57	69	937	73.875	A3	57	80	
939	85.6026	B2	47	66	940	74	B2	47	80	
940	85.6272	G3	55	62	939	74	G3	55	80	
941	85.7351	D3	50	68	941	74.125	D3	50	80	
942	85.7437	A2	45	75	942	74.125	G2	43	80	
943	85.8847	G3	55	71	943	74.25	G3	55	80	
944	85.8911	B2	47	79	944	74.25	B2	47	80	
945	86.0097	A3	57	80	945	74.375	A3	57	80	
946	86.0161	D3	50	74	946	74.375	D3	50	80	
947	86.1497	B3	59	79	947	74.5	B3	59	80	
948	86.1635	G3	55	75	948	74.5	G3	55	80	
949	86.2843	C4	60	79	949	74.625	C4	60	80	
950	86.4392	D4	62	80	950	74.75	D4	62	80	
951	86.4531	B2	47	67	951	74.75	B2	47	80	
952	86.5717	G4	67	79	952	74.875	G4	67	80	
953	86.7234	F4	65	79	953	75	F4	65	80	
954	86.7351	C3	48	51	954	75	C3	48	80	
955	86.8388	C4	60	75	955	75.125	C4	60	80	
956	86.9798	G3	55	72	958	75.25	G3	55	80	
957	86.9883	Eb4	63	78	956	75.25	Eb4	63	80	
958	86.9947	C4	60	75	957	75.25	C4	60	80	
959	87.1016	Eb3	51	78	960	75.375	Eb3	51	80	
960	87.1026	F4	65	79	959	75.375	F4	65	80	
961	87.2661	Eb5	75	94	961	75.5	Eb5	75	80	
962	87.2757	G4	67	83	962	75.5	G4	67	80	
963	87.2821	C3	48	64	963	75.5	C3	48	80	
964	87.4146	G3	55	68	964	75.625	G3	55	80	
965	87.5706	A3	57	70	965	75.75	A3	57	80	
966	87.7031	B3	59	74	966	75.875	B3	59	80	
967	87.8516	C4	60	75	967	76	C4	60	80	
968	87.9712	B3	59	70	968	76.125	B3	59	80	
969	88.1091	C5	72	86	969	76.25	C5	72	80	
970	88.1123	Eb4	63	81	970	76.25	Eb4	63	80	
971	88.1229	C4	60	73	971	76.25	C4	60	80	
972	88.2512	G#3	56	64	972	76.375	G#3	56	80	
973	88.4071	F5	77	89	973	76.5	F5	77	80	
974	88.4114	G#4	68	88	974	76.5	G#4	68	80	
975	88.4221	C4	60	67	975	76.5	C4	60	80	
976	88.5556	D3	50	66	976	76.625	D3	50	80	
977	88.5845	Eb5	75	34	*	-1	*	-1	-1	
978	88.6999	F3	53	75	977	76.75	F3	53	80	
979	88.8323	G#3	56	78	978	76.875	G#3	56	80	
980	88.9712	D5	74	87	979	77	D5	74	80	
981	88.9776	F4	65	84	980	77	F4	65	80	
982	88.9809	Bb3	58	76	981	77	Bb3	58	80	
983	89.1091	F3	53	68	982	77.125	F3	53	80	
984	89.2394	G3	55	78	983	77.25	G3	55	80	
985	89.3943	G#3	56	83	984	77.375	G#3	56	80	
986	89.5375	Bb3	58	81	985	77.5	Bb3	58	80	
987	89.6721	G#3	56	75	986	77.625	G#3	56	80	
988	89.7853	Bb4	70	88	987	77.75	Bb4	70	80	
989	89.7896	D4	62	85	988	77.75	D4	62	80	
990	89.8056	Bb3	58	78	989	77.75	Bb3	58	80	
991	89.9349	G3	55	73	990	77.875	G3	55	80	
992	90.0791	Eb5	75	91	991	78	Eb5	75	80	
993	90.0834	G4	67	82	992	78	G4	67	80	
994	90.0952	Bb3	58	71	993	78	Bb3	58	80	
995	90.2266	C3	48	67	994	78.125	C3	48	80	
996	90.39	Eb3	51	80	995	78.25	Eb3	51	80	
997	90.5118	G3	55	75	996	78.375	G3	55	80	
998	90.6529	C5	72	89	997	78.5	C5	72	80	
999	90.6561	Eb4	63	86	998	78.5	Eb4	63	80	
1000	90.6603	G#3	56	72	999	78.5	G#3	56	80	
1001	90.7896	Eb3	51	76	1000	78.625	Eb3	51	80	
1002	90.9242	F3	53	80	1001	78.75	F3	53	80	
1003	91.0727	G3	55	81	1002	78.875	G3	55	80	
1004	91.2127	G#3	56	85	1003	79	G#3	56	80	
1005	91.3462	G3	55	77	1004	79.125	G3	55	80	
1006	91.4841	G#4	68	83	1005	79.25	G#4	68	80	
1007	91.4862	C4	60	74	1006	79.25	C4	60	80	
1008	91.4915	G#3	56	79	1007	79.25	G#3	56	80	
1009	91.6219	F3	53	68	1008	79.375	F3	53	80	
1010	91.7747	D5	74	81	1009	79.5	D5	74	80	
1011	91.7832	F4	65	74	1010	79.5	F4	65	80	
1012	91.7853	B2	47	55	1011	79.5	B2	47	80	
1013	91.9168	G3	55	70	1012	79.625	G3	55	80	
1014	92.0685	D5	74	77	1013	79.75	D5	74	80	
1015	92.0706	F4	65	74	1014	79.75	F4	65	80	
1016	92.0888	G#3	56	69	1015	79.75	G#3	56	80	
1017	92.202	G3	55	73	1016	79.875	G3	55	80	
1018	92.3665	D5	74	79	1017	80	D5	74	80	
1019	92.3697	F3	53	78	1019	80	F3	53	80	
1020	92.3719	F4	65	73	1018	80	F4	65	80	
1021	92.4018	B2	47	14	*	-1	*	-1	-1	
1022	92.4905	Eb3	51	77	1020	80.125	Eb3	51	80	
1023	92.639	F3	53	80	1023	80.25	F3	53	80	
1024	92.6497	D5	74	80	1021	80.25	D5	74	80	
1025	92.6539	F4	65	80	1022	80.25	F4	65	80	
1026	92.6582	D3	50	74	1024	80.25	D3	50	80	
1027	92.7832	Eb3	51	82	1025	80.375	Eb3	51	80	
1028	92.9424	D3	50	86	1028	80.5	D3	50	80	
1029	92.9445	D5	74	80	1026	80.5	D5	74	80	
1030	92.9456	F4	65	83	1027	80.5	F4	65	80	
1031	92.9467	F2	41	84	1029	80.5	F2	41	80	
1032	93.0717	C3	48	84	1030	80.625	C3	48	80	
1033	93.2212	D3	50	82	1033	80.75	D3	50	80	
1034	93.2341	G#2	44	79	1034	80.75	G#2	44	80	
1035	93.2341	F4	65	85	1032	80.75	F4	65	80	
1036	93.2341	D5	74	82	1031	80.75	D5	74	80	
1037	93.3559	C3	48	84	1035	80.875	C3	48	80	
1038	93.5161	D5	74	82	1036	81	D5	74	80	
1039	93.5268	B2	47	78	1038	81	B2	47	80	
1040	93.5279	F4	65	80	1037	81	F4	65	80	
1041	93.5332	G2	43	71	1039	81	G2	43	80	
1042	93.6561	C5	72	81	1040	81.125	C5	72	80	
1043	93.8088	D5	74	82	1041	81.25	D5	74	80	
1044	93.8131	F4	65	79	1042	81.25	F4	65	80	
1045	93.8163	B3	59	61	1043	81.25	B3	59	80	
1046	93.8259	G3	55	55	1044	81.25	G3	55	80	
1047	93.9392	C5	72	80	1045	81.375	C5	72	80	
1048	94.0952	B4	71	82	1046	81.5	B4	71	80	
1049	94.0973	F4	65	77	1047	81.5	F4	65	80	
1050	94.0984	G3	55	59	1049	81.5	G3	55	80	
1051	94.0984	B3	59	67	1048	81.5	B3	59	80	
1052	94.2319	A4	69	85	1050	81.625	A4	69	80	
1053	94.389	B3	59	70	1053	81.75	B3	59	80	
1054	94.3911	B4	71	80	1051	81.75	B4	71	80	
1055	94.3933	G3	55	69	1054	81.75	G3	55	80	
1056	94.3943	F4	65	80	1052	81.75	F4	65	80	
1057	94.5236	A4	69	83	1055	81.875	A4	69	80	
1058	94.6742	C4	60	75	1057	82	C4	60	80	
1059	94.6742	G4	67	82	1056	82	G4	67	80	
1060	94.6774	A3	57	69	1058	82	A3	57	80	
1061	94.811	F4	65	84	1059	82.125	F4	65	80	
1062	94.9542	G4	67	82	1060	82.25	G4	67	80	
1063	94.967	B3	59	74	1062	82.25	B3	59	80	
1064	94.9691	D4	62	80	1061	82.25	D4	62	80	
1065	95.0898	F4	65	78	1063	82.375	F4	65	80	
1066	95.2522	Eb3	51	74	1064	82.5	Eb3	51	80	
1067	95.3986	Eb4	63	67	1065	82.625	Eb4	63	80	
1068	95.5567	F4	65	66	1066	82.75	F4	65	80	
1069	95.5599	G3	55	61	1067	82.75	G3	55	80	
1070	95.6753	D4	62	68	1068	82.875	D4	62	80	
1071	95.8281	Eb4	63	69	1069	83	Eb4	63	80	
1072	95.8313	C4	60	62	1070	83	C4	60	80	
1073	95.9659	Eb3	51	66	1072	83.125	Eb3	51	80	
1074	95.9723	G4	67	66	1071	83.125	G4	67	80	
1075	96.1037	A4	69	70	1073	83.25	A4	69	80	
1076	96.1133	F3	53	58	1074	83.25	F3	53	80	
1077	96.2362	G3	55	69	1076	83.375	G3	55	80	
1078	96.2501	B4	71	69	1075	83.375	B4	71	80	
1079	96.3933	G#3	56	70	1078	83.5	G#3	56	80	
1080	96.4103	C5	72	70	1077	83.5	C5	72	80	
1081	96.5428	G3	55	66	1079	83.625	G3	55	80	
1082	96.6828	G#4	68	65	1080	83.75	G#4	68	80	
1083	96.6924	F4	65	68	1081	83.75	F4	65	80	
1084	96.7202	G#3	56	53	1082	83.75	G#3	56	80	
1085	96.9862	F4	65	67	1083	84	F4	65	80	
1086	97.0012	G#3	56	48	1085	84	G#3	56	80	
1087	97.0033	D4	62	51	1084	84	D4	62	80	
1088	97.2821	D3	50	50	1087	84.25	D3	50	80	
1089	97.2896	B4	71	61	1086	84.25	B4	71	80	
1090	97.421	A4	69	77	1088	84.375	A4	69	80	
1091	97.5802	B4	71	72	1089	84.5	B4	71	80	
1092	97.7095	G#4	68	77	1090	84.625	G#4	68	80	
1093	97.7223	D3	50	56	1091	84.625	D3	50	80	
1094	97.8516	G4	67	76	1092	84.75	G4	67	80	
1095	97.8537	Eb3	51	64	1093	84.75	Eb3	51	80	
1096	97.9691	F3	53	66	1095	84.875	F3	53	80	
1097	97.9734	F4	65	79	1094	84.875	F4	65	80	
1098	98.1144	E4	64	71	1097	85	E4	64	80	
1099	98.1155	Bb4	70	81	1096	85	Bb4	70	80	
1100	98.1198	C#4	61	70	1098	85	C#4	61	80	
1101	98.1433	G3	55	61	1099	85	G3	55	80	
1102	98.2522	F3	53	67	1101	85.125	F3	53	80	
1103	98.2533	F4	65	77	1100	85.125	F4	65	80	
1104	98.4093	E4	64	74	1102	85.25	E4	64	80	
1105	98.4146	G3	55	63	1103	85.25	G3	55	80	
1106	98.5321	F3	53	63	*	-1	*	-1	-1	
1107	98.5343	F4	65	74	1104	85.375	F4	65	80	
1108	98.7052	C4	60	65	1106	85.5	C4	60	80	
1109	98.7116	G3	55	61	1107	85.5	G3	55	80	
1110	98.7116	E4	64	79	1105	85.5	E4	64	80	
1111	99.0022	A4	69	80	1108	85.75	A4	69	80	
1112	99.0065	C3	48	52	1109	85.75	C3	48	80	
1113	99.139	G4	67	81	1110	85.875	G4	67	80	
1114	99.2907	A4	69	83	1111	86	A4	69	80	
1115	99.4178	C3	48	69	1113	86.125	C3	48	80	
1116	99.4339	G4	67	82	1112	86.125	G4	67	80	
1117	99.5631	F4	65	79	1114	86.25	F4	65	80	
1118	99.5695	D3	50	74	1115	86.25	D3	50	80	
1119	99.6935	Eb4	63	82	1116	86.375	Eb4	63	80	
1120	99.7202	Eb3	51	68	1117	86.375	Eb3	51	80	
1121	99.8345	D4	62	80	1119	86.5	D4	62	80	
1122	99.8388	G#4	68	82	1118	86.5	G#4	68	80	
1123	99.8559	B3	59	78	1120	86.5	B3	59	80	
1124	99.8612	F3	53	68	1121	86.5	F3	53	80	
1125	99.9787	Eb4	63	83	1122	86.625	Eb4	63	80	
1126	99.983	Eb3	51	78	1123	86.625	Eb3	51	80	
1127	100.122	D4	62	79	1124	86.75	D4	62	80	
1128	100.127	F3	53	77	1125	86.75	F3	53	80	
1129	100.248	Eb4	63	81	1126	86.875	Eb4	63	80	
1130	100.25	Eb3	51	77	*	-1	*	-1	-1	
1131	100.417	D4	62	84	1127	87	D4	62	80	
1132	100.438	Bb3	58	83	1128	87	Bb3	58	80	
1133	100.445	F3	53	73	1129	87	F3	53	80	
1134	100.701	Bb2	46	82	1131	87.25	Bb2	46	80	
1135	100.705	G4	67	83	1130	87.25	G4	67	80	
1136	100.833	F4	65	83	1132	87.375	F4	65	80	
1137	100.974	G4	67	82	1133	87.5	G4	67	80	
1138	100.993	D4	62	84	1134	87.5	D4	62	80	
1139	101.003	Bb3	58	79	1135	87.5	Bb3	58	80	
1140	101.133	D5	74	78	1137	87.625	D5	74	80	
1141	101.144	F5	77	76	1136	87.625	F5	77	80	
1142	101.279	G5	79	80	1138	87.75	G5	79	80	
1143	101.284	Eb5	75	76	1139	87.75	Eb5	75	80	
1144	101.433	F5	77	77	1141	87.875	F5	77	80	
1145	101.433	G#5	80	81	1140	87.875	G#5	80	80	
1146	101.57	G5	79	80	1143	88	G5	79	80	
1147	101.571	Bb5	82	83	1142	88	Bb5	82	80	
1148	101.702	G#5	80	84	1144	88.125	G#5	80	80	
1149	101.706	F5	77	77	1145	88.125	F5	77	80	
1150	101.849	G5	79	86	1147	88.25	G5	79	80	
1151	101.851	Bb5	82	88	1146	88.25	Bb5	82	80	
1152	101.86	G3	55	67	1149	88.25	G3	55	80	
1153	101.86	Bb3	58	78	1148	88.25	Bb3	58	80	
1154	102.155	Bb5	82	86	1150	88.5	Bb5	82	80	
1155	102.157	G5	79	80	1151	88.5	G5	79	80	
1156	102.161	Eb4	63	82	1152	88.5	Eb4	63	80	
1157	102.18	C4	60	72	1153	88.5	C4	60	80	
1158	102.469	Eb5	75	80	1154	88.75	Eb5	75	80	
1159	102.48	C5	72	80	1155	88.75	C5	72	80	
1160	102.761	C4	60	80	1156	89	C4	60	80	
1161	102.769	G#3	56	76	1157	89	G#3	56	80	
1162	102.869	C5	72	80	1159	89.125	C5	72	80	
1163	102.87	Eb5	75	75	1158	89.125	Eb5	75	80	
1164	103.019	D5	74	81	1161	89.25	D5	74	80	
1165	103.02	F5	77	80	1160	89.25	F5	77	80	
1166	103.153	G5	79	79	1162	89.375	G5	79	80	
1167	103.156	Eb5	75	80	1163	89.375	Eb5	75	80	
1168	103.296	F5	77	81	1165	89.5	F5	77	80	
1169	103.3	G#5	80	77	1164	89.5	G#5	80	80	
1170	103.441	G5	79	80	1166	89.625	G5	79	80	
1171	103.445	Eb5	75	80	1167	89.625	Eb5	75	80	
1172	103.598	F5	77	80	1169	89.75	F5	77	80	
1173	103.598	G#5	80	80	1168	89.75	G#5	80	80	
1174	103.601	F3	53	73	1171	89.75	F3	53	80	
1175	103.605	G#3	56	84	1170	89.75	G#3	56	80	
1176	103.9	G#5	80	83	1172	90	G#5	80	80	
1177	103.903	F5	77	81	1173	90	F5	77	80	
1178	103.909	D4	62	85	1174	90	D4	62	80	
1179	103.924	Bb3	58	76	1175	90	Bb3	58	80	
1180	104.201	Bb4	70	82	1177	90.25	Bb4	70	80	
1181	104.202	D5	74	82	1176	90.25	D5	74	80	
1182	104.51	Bb3	58	80	1178	90.5	Bb3	58	80	
1183	104.517	G3	55	78	1179	90.5	G3	55	80	
1184	104.628	D5	74	77	1180	90.625	D5	74	80	
1185	104.633	Bb4	70	75	1181	90.625	Bb4	70	80	
1186	104.774	Eb5	75	84	1182	90.75	Eb5	75	80	
1187	104.784	C5	72	73	1183	90.75	C5	72	80	
1188	104.909	F5	77	84	1184	90.875	F5	77	80	
1189	104.92	D5	74	76	1185	90.875	D5	74	80	
1190	105.06	G5	79	80	1186	91	G5	79	80	
1191	105.062	Eb5	75	82	1187	91	Eb5	75	80	
1192	105.191	F5	77	84	1188	91.125	F5	77	80	
1193	105.201	D5	74	81	1189	91.125	D5	74	80	
1194	105.363	Eb3	51	66	1193	91.25	Eb3	51	80	
1195	105.364	G3	55	72	1192	91.25	G3	55	80	
1196	105.367	G5	79	85	1190	91.25	G5	79	80	
1197	105.37	Eb5	75	81	1191	91.25	Eb5	75	80	
1198	105.665	G#3	56	55	1195	91.5	G#3	56	80	
1199	105.668	C4	60	62	1194	91.5	C4	60	80	
1200	105.816	C#5	73	66	1196	91.625	C#5	73	80	
1201	105.956	Bb5	82	75	1197	91.75	Bb5	82	80	
1202	105.972	Eb5	75	66	1198	91.75	Eb5	75	80	
1203	105.976	C4	60	65	1199	91.75	C4	60	80	
1204	105.986	G#3	56	63	1200	91.75	G#3	56	80	
1205	106.104	C#5	73	77	1201	91.875	C#5	73	80	
1206	106.25	G#5	80	79	1202	92	G#5	80	80	
1207	106.254	C4	60	70	1204	92	C4	60	80	
1208	106.255	C5	72	75	1203	92	C5	72	80	
1209	106.275	G#3	56	64	1205	92	G#3	56	80	
1210	106.395	Bb4	70	81	1206	92.125	Bb4	70	80	
1211	106.547	C5	72	76	1208	92.25	C5	72	80	
1212	106.549	G5	79	77	1207	92.25	G5	79	80	
1213	106.554	C4	60	67	1209	92.25	C4	60	80	
1214	106.559	G#3	56	67	1210	92.25	G#3	56	80	
1215	106.683	Bb4	70	81	1211	92.375	Bb4	70	80	
1216	106.831	C4	60	62	1214	92.5	C4	60	80	
1217	106.832	G#4	68	84	1213	92.5	G#4	68	80	
1218	106.832	F5	77	80	1212	92.5	F5	77	80	
1219	106.844	G#3	56	61	1215	92.5	G#3	56	80	
1220	106.961	G4	67	83	1216	92.625	G4	67	80	
1221	107.108	Eb5	75	81	1217	92.75	Eb5	75	80	
1222	107.109	G#4	68	77	1218	92.75	G#4	68	80	
1223	107.118	G#3	56	64	1220	92.75	G#3	56	80	
1224	107.121	C4	60	67	1219	92.75	C4	60	80	
1225	107.244	G4	67	79	1221	92.875	G4	67	80	
1226	107.405	D5	74	80	1222	93	D5	74	80	
1227	107.411	D4	62	66	1224	93	D4	62	80	
1228	107.417	F4	65	68	1223	93	F4	65	80	
1229	107.419	Bb3	58	67	1225	93	Bb3	58	80	
1230	107.539	C4	60	67	1226	93.125	C4	60	80	
1231	107.69	D5	74	88	1227	93.25	D5	74	80	
1232	107.691	F4	65	77	1228	93.25	F4	65	80	
1233	107.693	D4	62	74	1229	93.25	D4	62	80	
1234	107.698	G#3	56	71	1230	93.25	G#3	56	80	
1235	107.83	C4	60	74	1231	93.375	C4	60	80	
1236	107.983	Bb3	58	76	1234	93.5	Bb3	58	80	
1237	107.984	Eb5	75	81	1232	93.5	Eb5	75	80	
1238	107.993	G4	67	79	1233	93.5	G4	67	80	
1239	108.004	G3	55	69	1235	93.5	G3	55	80	
1240	108.119	G#3	56	78	1236	93.625	G#3	56	80	
1241	108.26	F5	77	85	1237	93.75	F5	77	80	
1242	108.269	Bb3	58	76	1239	93.75	Bb3	58	80	
1243	108.269	G#4	68	81	1238	93.75	G#4	68	80	
1244	108.285	F3	53	70	1240	93.75	F3	53	80	
1245	108.417	G#3	56	80	1241	93.875	G#3	56	80	
1246	108.564	G5	79	85	1242	94	G5	79	80	
1247	108.579	Bb4	70	83	1243	94	Bb4	70	80	
1248	108.585	G3	55	75	1244	94	G3	55	80	
1249	108.601	Eb3	51	52	1245	94	Eb3	51	80	
1250	108.625	E3	52	58	*	-1	*	-1	-1	
1251	108.717	F3	53	80	1246	94.125	F3	53	80	
1252	108.841	B4	71	87	1247	94.25	B4	71	80	
1253	108.848	G3	55	80	1248	94.25	G3	55	80	
1254	108.857	D3	50	76	1249	94.25	D3	50	80	
1255	108.978	F3	53	81	1250	94.375	F3	53	80	
1256	109.127	Eb3	51	81	1252	94.5	Eb3	51	80	
1257	109.137	C5	72	84	1251	94.5	C5	72	80	
1258	109.139	C3	48	70	1253	94.5	C3	48	80	
1259	109.265	D5	74	81	1255	94.625	D5	74	80	
1260	109.276	F5	77	77	1254	94.625	F5	77	80	
1261	109.426	G5	79	80	1256	94.75	G5	79	80	
1262	109.431	Eb5	75	81	1257	94.75	Eb5	75	80	
1263	109.433	Eb4	63	70	1258	94.75	Eb4	63	80	
1264	109.453	C4	60	65	1259	94.75	C4	60	80	
1265	109.561	D5	74	84	1261	94.875	D5	74	80	
1266	109.565	F5	77	77	1260	94.875	F5	77	80	
1267	109.707	Eb5	75	80	1262	95	Eb5	75	80	
1268	109.713	C5	72	79	1263	95	C5	72	80	
1269	109.716	Eb4	63	74	1264	95	Eb4	63	80	
1270	109.736	C4	60	62	1265	95	C4	60	80	
1271	109.851	D5	74	81	1266	95.125	D5	74	80	
1272	109.854	Bb4	70	83	1267	95.125	Bb4	70	80	
1273	109.995	Eb5	75	82	1268	95.25	Eb5	75	80	
1274	110.003	C5	72	76	1269	95.25	C5	72	80	
1275	110.004	Eb4	63	70	1270	95.25	Eb4	63	80	
1276	110.021	C4	60	67	1271	95.25	C4	60	80	
1277	110.129	D5	74	79	1272	95.375	D5	74	80	
1278	110.132	Bb4	70	79	1273	95.375	Bb4	70	80	
1279	110.276	C5	72	85	1274	95.5	C5	72	80	
1280	110.284	G#4	68	82	1275	95.5	G#4	68	80	
1281	110.285	Eb4	63	68	1276	95.5	Eb4	63	80	
1282	110.3	C4	60	62	1277	95.5	C4	60	80	
1283	110.431	G4	67	80	1279	95.625	G4	67	80	
1284	110.431	Bb4	70	85	1278	95.625	Bb4	70	80	
1285	110.574	C5	72	80	1280	95.75	C5	72	80	
1286	110.575	Eb4	63	75	1282	95.75	Eb4	63	80	
1287	110.576	G#4	68	83	1281	95.75	G#4	68	80	
1288	110.585	C4	60	71	1283	95.75	C4	60	80	
1289	110.703	Bb4	70	80	1284	95.875	Bb4	70	80	
1290	110.707	G4	67	80	1285	95.875	G4	67	80	
1291	110.854	A4	69	81	1286	96	A4	69	80	
1292	110.858	F#4	66	80	1287	96	F#4	66	80	
1293	110.878	Eb4	63	73	1288	96	Eb4	63	80	
1294	110.885	C4	60	71	1289	96	C4	60	80	
1295	111.01	D4	62	80	1290	96.125	D4	62	80	
1296	111.154	Eb4	63	74	1291	96.25	Eb4	63	80	
1297	111.162	Bb3	58	78	1292	96.25	Bb3	58	80	
1298	111.281	D4	62	77	1293	96.375	D4	62	80	
1299	111.442	C4	60	76	1294	96.5	C4	60	80	
1300	111.449	A3	57	75	1295	96.5	A3	57	80	
1301	111.577	Bb3	58	83	1296	96.625	Bb3	58	80	
1302	111.696	G3	55	71	1300	96.75	G3	55	80	
1303	111.696	C4	60	76	1299	96.75	C4	60	80	
1304	111.696	G4	67	81	1298	96.75	G4	67	80	
1305	111.696	Bb4	70	85	1297	96.75	Bb4	70	80	
1306	111.824	Bb3	58	82	1301	96.875	Bb3	58	80	
1307	111.957	A4	69	82	1303	97	A4	69	80	
1308	111.957	C5	72	83	1302	97	C5	72	80	
1309	111.976	F#3	54	79	1305	97	F#3	54	80	
1310	111.982	A3	57	73	1304	97	A3	57	80	
1311	112.105	G3	55	83	1306	97.125	G3	55	80	
1312	112.25	A3	57	78	1307	97.25	A3	57	80	
1313	112.252	E3	52	82	1308	97.25	E3	52	80	
1314	112.399	G3	55	88	1309	97.375	G3	55	80	
1315	112.555	D3	50	77	1311	97.5	D3	50	80	
1316	112.557	F#3	54	82	1310	97.5	F#3	54	80	
1317	112.682	D4	62	85	1312	97.625	D4	62	80	
1318	112.832	Eb4	63	81	1313	97.75	Eb4	63	80	
1319	112.846	A3	57	73	1314	97.75	A3	57	80	
1320	112.87	F#3	54	69	1315	97.75	F#3	54	80	
1321	112.969	D4	62	82	1316	97.875	D4	62	80	
1322	113.133	Bb4	70	90	1317	98	Bb4	70	80	
1323	113.154	G3	55	75	1319	98	G3	55	80	
1324	113.156	Bb3	58	78	1318	98	Bb3	58	80	
1325	113.295	D4	62	83	1320	98.125	D4	62	80	
1326	113.434	Eb4	63	84	1321	98.25	Eb4	63	80	
1327	113.441	F#3	54	79	1322	98.25	F#3	54	80	
1328	113.443	D3	50	73	1323	98.25	D3	50	80	
1329	113.579	D4	62	82	1324	98.375	D4	62	80	
1330	113.74	C4	60	82	1325	98.5	C4	60	80	
1331	113.746	G3	55	80	1326	98.5	G3	55	80	
1332	113.752	Eb3	51	75	1327	98.5	Eb3	51	80	
1333	113.889	Bb4	70	83	1328	98.625	Bb4	70	80	
1334	114.049	A4	69	78	1329	98.75	A4	69	80	
1335	114.056	C#4	61	79	1330	98.75	C#4	61	80	
1336	114.186	G4	67	84	1331	98.875	G4	67	80	
1337	114.386	F#4	66	87	1332	99	F#4	66	80	
1338	114.389	D3	50	73	1335	99	D3	50	80	
1339	114.392	A3	57	81	1334	99	A3	57	80	
1340	114.395	D4	62	74	1333	99	D4	62	80	
1341	114.762	D2	38	83	1336	99.25	D2	38	80	
1342	115.132	D4	62	77	1337	99.5	D4	62	80	
1343	115.264	A4	69	58	1338	99.625	A4	69	80	
1344	115.404	Bb4	70	64	1339	99.75	Bb4	70	80	
1345	115.55	C5	72	71	1340	99.875	C5	72	80	
1346	115.7	D5	74	70	1341	100	D5	74	80	
1347	115.841	C5	72	65	1342	100.125	C5	72	80	
1348	116.005	Bb3	58	76	1344	100.25	Bb3	58	80	
1349	116.007	D5	74	68	1343	100.25	D5	74	80	
1350	116.352	D5	74	67	1345	100.5	D5	74	80	
1351	116.36	Eb4	63	78	1346	100.5	Eb4	63	80	
1352	116.699	G4	67	57	1347	100.75	G4	67	80	
1353	116.997	C4	60	74	1348	101	C4	60	80	
1354	117.14	G4	67	65	1349	101.125	G4	67	80	
1355	117.304	A4	69	68	1350	101.25	A4	69	80	
1356	117.438	Bb4	70	67	1351	101.375	Bb4	70	80	
1357	117.594	C5	72	71	1352	101.5	C5	72	80	
1358	117.731	Bb4	70	75	1353	101.625	Bb4	70	80	
1359	117.879	C5	72	78	1354	101.75	C5	72	80	
1360	117.883	A3	57	75	1355	101.75	A3	57	80	
1361	118.198	C5	72	75	1356	102	C5	72	80	
1362	118.222	D4	62	72	1357	102	D4	62	80	
1363	118.547	F#4	66	63	1358	102.25	F#4	66	80	
1364	118.829	D5	74	77	1359	102.5	D5	74	80	
1365	118.859	Bb3	58	70	1360	102.5	Bb3	58	80	
1366	118.98	F#4	66	62	1361	102.625	F#4	66	80	
1367	118.996	D3	50	56	1362	102.625	D3	50	80	
1368	119.138	G4	67	64	1363	102.75	G4	67	80	
1369	119.142	E3	52	65	1364	102.75	E3	52	80	
1370	119.291	F#3	54	65	1366	102.875	F#3	54	80	
1371	119.292	A4	69	64	1365	102.875	A4	69	80	
1372	119.429	Bb4	70	76	1367	103	Bb4	70	80	
1373	119.437	G3	55	61	1368	103	G3	55	80	
1374	119.567	A4	69	75	1369	103.125	A4	69	80	
1375	119.572	F#3	54	68	1370	103.125	F#3	54	80	
1376	119.728	Bb4	70	88	1371	103.25	Bb4	70	80	
1377	119.731	G3	55	77	1373	103.25	G3	55	80	
1378	120.047	Eb5	75	86	1375	103.5	Eb5	75	80	
1379	120.063	Bb4	70	69	1376	103.5	Bb4	70	80	
1380	120.071	C4	60	63	1377	103.5	C4	60	80	
1381	120.08	G3	55	58	1378	103.5	G3	55	80	
1382	120.359	Eb4	63	70	1379	103.75	Eb4	63	80	
1383	120.374	C3	48	71	1380	103.75	C3	48	80	
1384	120.669	C5	72	85	1381	104	C5	72	80	
1385	120.684	A3	57	75	1382	104	A3	57	80	
1386	120.813	E4	64	68	1383	104.125	E4	64	80	
1387	120.824	C3	48	61	1384	104.125	C3	48	80	
1388	120.952	F4	65	79	1385	104.25	F4	65	80	
1389	120.967	D3	50	71	1386	104.25	D3	50	80	
1390	121.092	G4	67	81	1387	104.375	G4	67	80	
1391	121.103	E3	52	77	1388	104.375	Eb3	51	80	
1392	121.236	A4	69	85	1389	104.5	A4	69	80	
1393	121.246	F3	53	82	1390	104.5	F3	53	80	
1394	121.387	G4	67	84	1391	104.625	G4	67	80	
1395	121.394	E3	52	80	1392	104.625	Eb3	51	80	
1396	121.547	A4	69	91	1393	104.75	A4	69	80	
1397	121.556	F3	53	83	1395	104.75	F3	53	80	
1398	121.866	D5	74	89	1397	105	D5	74	80	
1399	121.874	A4	69	80	1398	105	A4	69	80	
1400	121.889	Bb3	58	81	1399	105	Bb3	58	80	
1401	121.902	F3	53	70	1400	105	F3	53	80	
1402	122.187	D4	62	72	1401	105.25	D4	62	80	
1403	122.189	Bb2	46	70	1402	105.25	Bb2	46	80	
1404	122.507	Bb4	70	92	1403	105.5	Bb4	70	80	
1405	122.516	G3	55	75	1404	105.5	G3	55	80	
1406	122.671	Bb2	46	65	1406	105.625	Bb2	46	80	
1407	122.676	D4	62	73	1405	105.625	D4	62	80	
1408	122.809	E4	64	82	1407	105.75	E4	64	80	
1409	122.816	C3	48	75	1408	105.75	C3	48	80	
1410	122.952	D3	50	78	1410	105.875	D3	50	80	
1411	122.958	F#4	66	82	1409	105.875	F#4	66	80	
1412	123.108	G4	67	88	1411	106	G4	67	80	
1413	123.112	Eb3	51	80	1412	106	Eb3	51	80	
1414	123.235	F#4	66	90	1413	106.125	F#4	66	80	
1415	123.251	D3	50	72	1414	106.125	D3	50	80	
1416	123.429	G4	67	91	1415	106.25	G4	67	80	
1417	123.436	Bb3	58	80	1417	106.25	Bb3	58	80	
1418	123.458	Eb3	51	66	1418	106.25	Eb3	51	80	
1419	123.818	C5	72	88	1419	106.5	C5	72	80	
1420	123.861	A3	57	60	1420	106.5	A3	57	80	
1421	124.02	D3	50	66	1421	106.625	D3	50	80	
1422	124.201	C5	72	86	1422	106.75	C5	72	80	
1423	124.21	Bb4	70	79	1423	106.75	Bb4	70	80	
1424	124.226	G3	55	67	1424	106.75	G3	55	80	
1425	124.228	Eb3	51	66	1425	106.75	Eb3	51	80	
1426	124.382	D3	50	77	1426	106.875	D3	50	80	
1427	124.552	C5	72	86	1427	107	C5	72	80	
1428	124.557	A4	69	81	1429	107	A4	69	80	
1429	124.558	Eb4	63	86	1428	107	Eb4	63	80	
1430	124.573	C3	48	72	1430	107	C3	48	80	
1431	124.716	Bb2	46	76	1431	107.125	Bb2	46	80	
1432	124.878	Eb4	63	85	1433	107.25	Eb4	63	80	
1433	124.879	G4	67	82	1434	107.25	G4	67	80	
1434	124.879	C5	72	87	1432	107.25	C5	72	80	
1435	124.903	C3	48	73	1435	107.25	C3	48	80	
1436	125.038	Bb2	46	76	1436	107.375	Bb2	46	80	
1437	125.207	F#4	66	86	1439	107.5	F#4	66	80	
1438	125.21	Eb4	63	88	1438	107.5	Eb4	63	80	
1439	125.211	C5	72	82	1437	107.5	C5	72	80	
1440	125.212	A2	45	85	1440	107.5	A2	45	80	
1441	125.393	G2	43	85	1441	107.625	G2	43	80	
1442	125.574	C5	72	85	1442	107.75	C5	72	80	
1443	125.575	Eb4	63	91	1443	107.75	Eb4	63	80	
1444	125.577	G4	67	84	1444	107.75	G4	67	80	
1445	125.583	A2	45	86	1445	107.75	A2	45	80	
1446	125.757	G2	43	85	1446	107.875	G2	43	80	
1447	125.991	C5	72	89	1447	108	C5	72	80	
1448	125.993	D4	62	92	1448	108	D4	62	80	
1449	125.998	A4	69	84	1449	108	A4	69	80	
1450	126.011	F#2	42	81	1450	108	F#2	42	80	
1451	127.165	D5	74	88	1451	108.75	D5	74	80	
1452	127.168	D4	62	86	1452	108.75	D4	62	80	
1453	127.17	F#4	66	82	1453	108.75	F#4	66	80	
1454	127.173	D2	38	82	1454	108.75	D2	38	80	
1455	127.608	Bb4	70	92	1455	109	Bb4	70	80	
1456	127.616	D4	62	80	1456	109	D4	62	80	
1457	127.616	G4	67	81	1457	109	G4	67	80	
1458	127.619	G2	43	82	1458	109	G2	43	80	
1459	128.727	Eb4	63	87	1460	109.75	Eb4	63	80	
1460	128.729	C5	72	86	1459	109.75	C5	72	80	
1461	128.734	A4	69	79	1461	109.75	A4	69	80	
1462	128.742	C3	48	82	1462	109.75	C3	48	80	
1463	129.221	Bb4	70	91	1463	110	Bb4	70	80	
1464	129.222	D4	62	84	1464	110	D4	62	80	
1465	129.233	G4	67	81	1465	110	G4	67	80	
1466	129.253	D3	50	81	1466	110	D3	50	80	
1467	129.775	A4	69	90	1467	110.25	A4	69	80	
1468	130.2	A4	69	92	1468	110.5	A4	69	80	
1469	130.205	F#4	66	87	1470	110.5	F#4	66	80	
1470	130.206	C4	60	86	1469	110.5	C4	60	80	
1471	130.219	D2	38	87	1471	110.5	D2	38	80	
1472	130.751	G4	67	90	1472	110.75	G4	67	80	
1473	131.143	G4	67	88	1473	111	G4	67	80	
1474	131.146	Bb3	58	86	1474	111	Bb3	58	80	
1475	131.154	D4	62	75	1475	111	D4	62	80	
1476	131.156	G2	43	84	1476	111	G2	43	80	
1477	131.313	D3	50	77	1477	111.125	D3	50	80	
1478	131.454	E3	52	80	1478	111.25	E3	52	80	
1479	131.594	F#3	54	79	1479	111.375	F#3	54	80	
1480	131.726	G3	55	80	1480	111.5	G3	55	80	
1481	131.864	F#3	54	75	1482	111.625	F#3	54	80	
1482	131.867	A4	69	80	1481	111.625	A4	69	80	
1483	132	Bb4	70	80	1483	111.75	Bb4	70	80	
1484	132.02	G3	55	68	1484	111.75	G3	55	80	
1485	132.146	C5	72	76	1485	111.875	C5	72	80	
1486	132.28	G3	55	78	1487	112	G3	55	80	
1487	132.3	D5	74	81	1486	112	D5	74	80	
1488	132.422	A3	57	72	1489	112.125	A3	57	80	
1489	132.431	C5	72	80	1488	112.125	C5	72	80	
1490	132.567	Bb3	58	82	1491	112.25	Bb3	58	80	
1491	132.575	D5	74	75	1490	112.25	D5	74	80	
1492	132.702	C4	60	79	1493	112.375	C4	60	80	
1493	132.703	Eb5	75	75	1492	112.375	Eb5	75	80	
1494	132.847	A4	69	83	1494	112.5	A4	69	80	
1495	132.871	D4	62	74	1495	112.5	D4	62	80	
1496	132.963	C#4	61	82	1497	112.625	C#4	61	80	
1497	132.984	E4	64	77	1496	112.625	E4	64	80	
1498	133.108	D4	62	81	1499	112.75	D4	62	80	
1499	133.122	F4	65	83	1498	112.75	F4	65	80	
1500	133.13	F3	53	73	1500	112.75	F3	53	80	
1501	133.259	G4	67	85	1501	112.875	G4	67	80	
1502	133.408	A4	69	80	1502	113	A4	69	80	
1503	133.414	F3	53	84	1503	113	F3	53	80	
1504	133.538	Bb4	70	84	1504	113.125	Bb4	70	80	
1505	133.544	G4	67	76	1505	113.125	G4	67	80	
1506	133.684	A4	69	60	1507	113.25	A4	69	80	
1507	133.685	C5	72	81	1506	113.25	C5	72	80	
1508	133.687	A3	57	82	1508	113.25	A3	57	80	
1509	133.815	D5	74	80	1509	113.375	D5	74	80	
1510	133.823	B3	59	88	1510	113.375	B3	59	80	
1511	133.961	Eb5	75	86	1511	113.5	Eb5	75	80	
1512	133.962	C4	60	86	1512	113.5	C4	60	80	
1513	134.091	B3	59	88	1514	113.625	B3	59	80	
1514	134.102	D5	74	84	1513	113.625	D5	74	80	
1515	134.248	C4	60	88	1517	113.75	C4	60	80	
1516	134.249	Eb5	75	86	1515	113.75	Eb5	75	80	
1517	134.255	G#4	68	79	1516	113.75	G#4	68	80	
1518	134.378	F5	77	87	1518	113.875	F5	77	80	
1519	134.546	D4	62	81	1521	114	D4	62	80	
1520	134.547	G4	67	80	1520	114	G4	67	80	
1521	134.552	B4	71	74	1519	114	B4	71	80	
1522	134.562	A4	69	68	*	-1	*	-1	-1	
1523	134.676	B2	47	78	1523	114.125	B2	47	80	
1524	134.688	G4	67	91	1522	114.125	G4	67	80	
1525	134.825	C3	48	82	1525	114.25	C3	48	80	
1526	134.827	A4	69	89	1524	114.25	A4	69	80	
1527	134.962	B4	71	93	1526	114.375	B4	71	80	
1528	134.972	D3	50	82	1527	114.375	D3	50	80	
1529	135.113	Eb3	51	82	1529	114.5	Eb3	51	80	
1530	135.113	C5	72	90	1528	114.5	C5	72	80	
1531	135.257	B4	71	92	1530	114.625	B4	71	80	
1532	135.265	D3	50	81	1531	114.625	D3	50	80	
1533	135.414	Eb3	51	83	1533	114.75	Eb3	51	80	
1534	135.414	C5	72	90	1532	114.75	C5	72	80	
1535	135.556	Bb4	70	93	1534	114.875	Bb4	70	80	
1536	135.565	D4	62	80	1535	114.875	D4	62	80	
1537	135.726	A4	69	89	1537	115	A4	69	80	
1538	135.728	C4	60	81	1538	115	C4	60	80	
1539	135.729	C5	72	89	1536	115	C5	72	80	
1540	135.746	Eb3	51	77	1539	115	Eb3	51	80	
1541	135.889	G4	67	90	1540	115.125	G4	67	80	
1542	135.901	Bb3	58	76	1541	115.125	Bb3	58	80	
1543	136.063	C5	72	93	1542	115.25	C5	72	80	
1544	136.067	A4	69	85	1543	115.25	A4	69	80	
1545	136.076	C4	60	82	1544	115.25	C4	60	80	
1546	136.231	G4	67	90	1545	115.375	G4	67	80	
1547	136.232	Bb3	58	58	1546	115.375	Bb3	58	80	
1548	136.249	B3	59	76	*	-1	*	-1	-1	
1549	136.463	F#4	66	89	1548	115.5	F#4	66	80	
1550	136.463	C5	72	88	1547	115.5	C5	72	80	
1551	136.477	A3	57	76	1549	115.5	A3	57	80	
1552	137.495	F#5	78	93	1550	116.25	F#5	78	80	
1553	137.5	C4	60	82	1552	116.25	C4	60	80	
1554	137.501	Eb3	51	83	1553	116.25	Eb3	51	80	
1555	137.501	A4	69	82	1551	116.25	A4	69	80	
1556	137.93	G5	79	95	1554	116.5	G5	79	80	
1557	137.935	Bb4	70	92	1555	116.5	Bb4	70	80	
1558	137.95	D4	62	90	1556	116.5	D4	62	80	
1559	137.962	D3	50	83	1557	116.5	D3	50	80	
1560	138.956	Bb5	82	91	1558	117.125	Bb5	82	80	
1561	139.218	C#3	49	89	1560	117.25	C#3	49	80	
1562	139.22	A5	81	90	1559	117.25	A5	81	80	
1563	139.427	G5	79	93	1561	117.375	G5	79	80	
1564	139.613	F#5	78	88	1562	117.5	F#5	78	80	
1565	139.621	D3	50	94	1563	117.5	D3	50	80	
1566	139.769	E5	76	89	1564	117.625	E5	76	80	
1567	139.78	A3	57	84	1565	117.625	A3	57	80	
1568	139.918	D5	74	90	1566	117.75	D5	74	80	
1569	139.922	Bb3	58	86	1567	117.75	Bb3	58	80	
1570	140.055	C4	60	88	1569	117.875	C4	60	80	
1571	140.057	C5	72	89	1568	117.875	C5	72	80	
1572	140.208	Bb4	70	88	1570	118	Bb4	70	80	
1573	140.218	D4	62	88	1571	118	D4	62	80	
1574	140.363	A4	69	90	1572	118.125	A4	69	80	
1575	140.512	D3	50	87	1574	118.25	D3	50	80	
1576	140.519	G4	67	90	1573	118.25	G4	67	80	
1577	140.655	F#4	66	86	1575	118.375	F#4	66	80	
1578	140.809	Eb3	51	82	1577	118.5	Eb3	51	80	
1579	140.814	G4	67	92	1576	118.5	G4	67	80	
1580	140.941	B3	59	80	1578	118.625	B3	59	80	
1581	140.948	G3	55	81	1579	118.625	G3	55	80	
1582	141.088	C4	60	83	1580	118.75	C4	60	80	
1583	141.093	A3	57	82	1581	118.75	A3	57	80	
1584	141.222	B3	59	80	1583	118.875	B3	59	80	
1585	141.223	D4	62	81	1582	118.875	D4	62	80	
1586	141.378	C3	48	89	1586	119	C3	48	80	
1587	141.382	C4	60	82	1585	119	C4	60	80	
1588	141.384	Eb4	63	80	1584	119	Eb4	63	80	
1589	141.513	B3	59	82	1588	119.125	B3	59	80	
1590	141.541	D4	62	68	1587	119.125	D4	62	80	
1591	141.699	Eb4	63	78	1589	119.25	Eb4	63	80	
1592	141.701	C4	60	80	1590	119.25	C4	60	80	
1593	142.007	Eb4	63	83	1591	119.5	Eb4	63	80	
1594	142.011	C4	60	86	1592	119.5	C4	60	80	
1595	142.14	A2	45	85	1593	119.625	A2	45	80	
1596	142.288	B2	47	87	1594	119.75	B2	47	80	
1597	142.45	C3	48	77	1595	119.875	C3	48	80	
1598	142.458	D3	50	67	*	-1	*	-1	-1	
1599	142.591	D3	50	86	1596	120	D3	50	80	
1600	142.733	A3	57	84	1598	120.125	A3	57	80	
1601	142.738	C4	60	81	1597	120.125	C4	60	80	
1602	142.872	B3	59	89	1600	120.25	B3	59	80	
1603	142.883	D4	62	86	1599	120.25	D4	62	80	
1604	143.004	Eb4	63	83	1601	120.375	Eb4	63	80	
1605	143.023	C4	60	75	1602	120.375	C4	60	80	
1606	143.152	B2	47	93	1605	120.5	B2	47	80	
1607	143.155	F4	65	79	1603	120.5	F4	65	80	
1608	143.156	D4	62	82	1604	120.5	D4	62	80	
1609	143.286	C4	60	79	1607	120.625	C4	60	80	
1610	143.302	Eb4	63	84	1606	120.625	Eb4	63	80	
1611	143.478	F4	65	84	1608	120.75	F4	65	80	
1612	143.48	D4	62	84	1609	120.75	D4	62	80	
1613	143.775	F4	65	86	1610	121	F4	65	80	
1614	143.784	D4	62	90	1611	121	D4	62	80	
1615	143.938	G2	43	89	1612	121.125	G2	43	80	
1616	144.107	A2	45	91	1613	121.25	A2	45	80	
1617	144.273	B2	47	91	1614	121.375	B2	47	80	
1618	144.485	C3	48	92	1615	121.5	C3	48	80	
1619	144.918	G#4	68	88	1616	121.75	G#4	68	80	
1620	144.92	F4	65	83	1617	121.75	F4	65	80	
1621	144.935	C3	48	85	1618	121.75	C3	48	80	
1622	145.246	D5	74	92	1619	121.875	D5	74	80	
1623	145.514	G4	67	87	1620	122	G4	67	80	
1624	145.518	C3	48	83	1622	122	C3	48	80	
1625	145.524	Eb4	63	86	1621	122	Eb4	63	80	
1626	145.739	C5	72	88	1623	122.125	C5	72	80	
1627	145.93	C3	48	80	1626	122.25	C3	48	80	
1628	145.931	F4	65	86	1624	122.25	F4	65	80	
1629	145.936	D4	62	82	1625	122.25	D4	62	80	
1630	146.091	Bb4	70	91	1627	122.375	Bb4	70	80	
1631	146.265	Eb4	63	88	1628	122.5	Eb4	63	80	
1632	146.267	C3	48	84	1630	122.5	C3	48	80	
1633	146.272	C4	60	79	1629	122.5	C4	60	80	
1634	146.421	A4	69	92	1631	122.625	A4	69	80	
1635	146.587	Eb4	63	85	*	-1	*	-1	-1	
1636	146.592	C3	48	89	1633	122.75	C3	48	80	
1637	146.599	Bb3	58	87	1632	122.75	Bb3	58	80	
1638	146.747	G4	67	88	1634	122.875	G4	67	80	
1639	146.977	D4	62	75	1636	123	D4	62	80	
1640	146.978	A3	57	75	1637	123	A3	57	80	
1641	146.978	F#4	66	87	1635	123	F#4	66	80	
1642	146.987	C3	48	90	1638	123	C3	48	80	
1643	147.449	Bb2	46	86	1640	123.25	Bb2	46	80	
1644	147.452	C5	72	90	1639	123.25	C5	72	80	
1645	147.705	D5	74	85	1641	123.375	D5	74	80	
1646	147.713	A2	45	80	1642	123.375	A2	45	80	
1647	147.796	Eb5	75	88	1643	123.438	Eb5	75	80	
1648	147.901	Bb2	46	84	1645	123.5	Bb2	46	80	
1649	147.911	D5	74	91	1644	123.5	D5	74	80	
1650	148.437	G4	67	84	1646	123.75	G4	67	80	
1651	148.44	Bb3	58	90	1648	123.75	Bb3	58	80	
1652	148.441	Eb4	63	80	1647	123.75	Eb4	63	80	
1653	148.452	C3	48	88	1649	123.75	C3	48	80	
1654	149.072	A3	57	88	1651	124	A3	57	80	
1655	149.077	D3	50	94	1652	124	D3	50	80	
1656	149.077	D4	62	83	1650	124	D4	62	80	
1657	149.437	Bb3	58	89	1653	124.125	Bb3	58	80	
1658	149.735	F#4	66	88	1654	124.25	F#4	66	80	
1659	149.739	C4	60	87	1655	124.25	C4	60	80	
1660	149.746	D2	38	88	1656	124.25	D2	38	80	
1661	150.512	G4	67	90	1657	124.5	G4	67	80	
1662	150.53	G2	43	91	1658	124.5	G2	43	80	
1663	151.582	B3	59	85	1659	124.75	B3	59	80	
*	-1	*	-1	-1	88	13.75	C4	60	80	
*	-1	*	-1	-1	107	15.25	Bb3	58	80	
*	-1	*	-1	-1	152	18.5	G3	55	80	
*	-1	*	-1	-1	172	19.75	G4	67	80	
*	-1	*	-1	-1	193	21.25	F4	65	80	
*	-1	*	-1	-1	232	23.875	D4	62	80	
*	-1	*	-1	-1	259	26	Eb3	51	80	
*	-1	*	-1	-1	461	40.5	D4	62	80	
*	-1	*	-1	-1	571	47.75	D5	74	80	
*	-1	*	-1	-1	594	49.25	C5	72	80	
*	-1	*	-1	-1	617	50.75	Bb4	70	80	
*	-1	*	-1	-1	907	72	D4	62	80	
*	-1	*	-1	-1	1372	103.25	Bb4	70	80	
*	-1	*	-1	-1	1374	103.25	G3	55	80	
*	-1	*	-1	-1	1394	104.75	A4	69	80	
*	-1	*	-1	-1	1396	104.75	F3	53	80	
*	-1	*	-1	-1	1416	106.25	G4	67	80	
