// alignID alignOntime alignSitch alignPitch alignOnvel refID refOntime refSitch refPitch refOnvel
0	2.80022	D3	50	71	0	0	D3	50	70	
1	3.08227	G3	55	73	1	0.25	G3	55	84	
2	3.09188	G1	31	56	2	0.25	G1	31	70	
3	3.1015	G2	43	55	3	0.25	G2	43	70	
4	3.16133	D3	50	59	4	0.333333	D3	50	70	
5	3.19765	A3	57	59	5	0.416667	A3	57	70	
6	3.28846	Bb3	58	65	6	0.5	Bb3	58	70	
7	3.5374	A3	57	75	7	0.75	A3	57	84	
8	3.60364	D3	50	60	8	0.833333	D3	50	70	
9	3.67308	Bb3	58	60	9	0.916667	Bb3	58	70	
10	3.74252	C4	60	60	10	1	C4	60	70	
11	4.00214	Bb3	58	73	11	1.25	Bb3	58	84	
12	4.07159	D3	50	57	12	1.33333	D3	50	70	
13	4.12821	C4	60	56	13	1.41667	C4	60	70	
14	4.19765	D4	62	63	14	1.5	D4	62	70	
15	4.44872	G3	55	75	15	1.75	G3	55	70	
16	4.49359	D3	50	60	16	1.83333	D3	50	70	
17	4.55449	A3	57	55	17	1.91667	A3	57	70	
18	4.63996	Bb1	34	73	19	2	Bb1	34	70	
19	4.64317	Bb3	58	58	18	2	Bb3	58	70	
20	4.64744	Bb2	46	64	20	2	Bb2	46	70	
21	4.85577	C3	48	85	23	2.25	C3	48	70	
22	4.86218	C2	36	75	22	2.25	C2	36	70	
23	4.88569	A3	57	63	21	2.25	A3	57	70	
24	4.95513	Eb3	51	51	24	2.33333	Eb3	51	70	
25	4.98505	Bb3	58	64	25	2.41667	Bb3	58	70	
26	5.09402	C4	60	40	26	2.5	C4	60	70	
27	5.30236	D2	38	79	28	2.75	D2	38	70	
28	5.30236	D3	50	74	29	2.75	D3	50	70	
29	5.32052	F#3	54	60	27	2.75	F#3	54	70	
30	5.40385	C3	48	57	30	2.83333	C3	48	70	
31	5.46261	G3	55	60	31	2.91667	G3	55	70	
32	5.51176	A3	57	63	32	3	A3	57	70	
33	5.73505	G2	43	74	35	3.25	G2	43	70	
34	5.74039	G1	31	66	34	3.25	G1	31	70	
35	5.75321	G3	55	76	33	3.25	G3	55	70	
36	5.83334	D3	50	53	36	3.33333	D3	50	70	
37	5.89744	A3	57	48	37	3.41667	A3	57	70	
38	5.95407	Bb3	58	64	38	3.5	Bb3	58	70	
39	6.18697	A3	57	75	39	3.75	A3	57	70	
40	6.33868	F#3	54	71	40	3.95833	F#3	54	70	
41	6.3718	D3	50	82	41	4	D3	50	70	
42	6.37287	D2	38	90	42	4	D2	38	70	
43	6.60578	G2	43	84	45	4.25	G2	43	70	
44	6.60578	G3	55	83	43	4.25	G3	55	70	
45	6.60898	G1	31	74	44	4.25	G1	31	70	
46	6.64851	D3	50	68	46	4.33333	D3	50	70	
47	6.75001	A3	57	58	47	4.41667	A3	57	70	
48	6.82479	Bb3	58	69	48	4.5	Bb3	58	70	
49	7.07372	A3	57	84	49	4.75	A3	57	70	
50	7.12501	D3	50	67	50	4.83333	D3	50	70	
51	7.2265	Bb3	58	64	51	4.91667	Bb3	58	70	
52	7.27992	C4	60	59	52	5	C4	60	70	
53	7.52458	Bb3	58	79	53	5.25	Bb3	58	70	
54	7.58975	D3	50	55	54	5.33333	D3	50	70	
55	7.66454	C4	60	62	55	5.41667	C4	60	70	
56	7.7233	D4	62	66	56	5.5	D4	62	70	
57	7.9765	G3	55	73	57	5.75	G3	55	70	
58	8.02779	D3	50	59	58	5.83333	D3	50	70	
59	8.08868	A3	57	54	59	5.91667	A3	57	71	
60	8.16133	Bb1	34	73	61	6	Bb1	34	71	
61	8.17095	Bb2	46	59	62	6	Bb2	46	71	
62	8.17308	Bb3	58	61	60	6	Bb3	58	71	
63	8.39744	C3	48	77	65	6.25	C3	48	73	
64	8.40172	C2	36	67	64	6.25	C2	36	73	
65	8.40813	A3	57	57	63	6.25	A3	57	73	
66	8.4733	Eb3	51	54	66	6.33333	Eb3	51	73	
67	8.50214	Bb3	58	62	67	6.41667	Bb3	58	74	
68	8.5983	C4	60	60	68	6.5	C4	60	75	
69	8.82907	D3	50	74	71	6.75	D3	50	76	
70	8.8312	D2	38	72	70	6.75	D2	38	76	
71	8.83548	B3	59	75	69	6.75	B3	59	76	
72	8.92736	F3	53	60	72	6.83333	F3	53	77	
73	8.96796	C4	60	60	73	6.91667	C4	60	77	
74	9.03954	D4	62	67	74	7	D4	62	78	
75	9.30556	C4	60	78	75	7.25	C4	60	80	
76	9.31091	Eb3	51	67	77	7.25	Eb3	51	80	
77	9.31197	Eb2	39	68	76	7.25	Eb2	39	80	
78	9.35364	G3	55	71	78	7.33333	G3	55	80	
79	9.41133	D4	62	64	79	7.41667	D4	62	80	
80	9.49253	Eb4	63	73	80	7.5	Eb4	63	80	
81	9.73292	B3	59	84	81	7.75	B3	59	80	
82	9.80236	F3	53	65	82	7.83333	F3	53	80	
83	9.87715	C4	60	62	83	7.91667	C4	60	80	
84	9.93377	D3	50	78	86	8	D3	50	80	
85	9.94018	D4	62	56	84	8	D4	62	80	
86	9.94766	D2	38	64	85	8	D2	38	80	
87	10.1763	Eb3	51	85	89	8.25	Eb3	51	80	
88	10.1774	Eb2	39	88	88	8.25	Eb2	39	80	
89	10.1806	C4	60	79	87	8.25	C4	60	80	
90	10.2361	G3	55	65	90	8.33333	G3	55	82	
91	10.3034	D4	62	64	91	8.41667	D4	62	85	
92	10.39	Eb4	63	82	92	8.5	Eb4	63	87	
93	10.6143	C3	48	99	95	8.75	C3	48	95	
94	10.6186	C2	36	86	94	8.75	C2	36	95	
95	10.6261	Eb4	63	79	93	8.75	Eb4	63	95	
96	10.6891	G3	55	66	96	8.83333	G3	55	97	
97	10.765	F4	65	64	97	8.91667	F4	65	100	
98	10.8259	G4	67	80	98	9	G4	67	100	
99	11.0833	D3	50	98	101	9.25	D3	50	100	
100	11.0908	D2	38	87	100	9.25	D2	38	100	
101	11.093	F#4	66	68	99	9.25	F#4	66	100	
102	11.1645	F#3	54	62	102	9.33333	F#3	54	100	
103	11.2586	G4	67	70	103	9.41667	G4	67	100	
104	11.313	A4	69	77	104	9.5	A4	69	100	
105	11.5257	D4	62	91	105	9.75	D4	62	100	
106	11.718	D3	50	90	107	10	D3	50	100	
107	11.7233	D4	62	92	106	10	D4	62	100	
108	11.9765	G3	55	86	110	10.25	G3	55	120	
109	11.9818	G4	67	87	108	10.25	G4	67	100	
110	11.9851	G2	43	73	111	10.25	G2	43	100	
111	11.9904	Bb2	46	76	109	10.25	Bb2	46	120	
112	12.1133	D4	62	64	112	10.3333	D4	62	100	
113	12.1517	A4	69	58	113	10.4167	A4	69	100	
114	12.2372	Bb4	70	79	114	10.5	Bb4	70	100	
115	12.469	D3	50	81	116	10.75	D3	50	120	
116	12.469	A3	57	95	117	10.75	A3	57	120	
117	12.4786	A4	69	80	115	10.75	A4	69	100	
118	12.5705	D4	62	73	118	10.8333	D4	62	100	
119	12.6421	Bb4	70	73	119	10.9167	Bb4	70	100	
120	12.7041	C5	72	87	120	11	C5	72	100	
121	12.8932	Bb3	58	90	122	11.25	Bb3	58	120	
122	12.8985	G3	55	77	123	11.25	G3	55	100	
123	12.9177	Bb4	70	87	121	11.25	Bb4	70	100	
124	12.9893	D4	62	67	124	11.3333	D4	62	100	
125	13.0449	Bb3	58	16	*	-1	*	-1	-1	
126	13.0812	C5	72	66	125	11.4167	C5	72	100	
127	13.1239	D5	74	85	126	11.5	D5	74	100	
128	13.3494	G4	67	85	127	11.75	G4	67	100	
129	13.4274	D4	62	63	128	11.8333	D4	62	100	
130	13.5054	A4	69	67	129	11.9167	A4	69	100	
131	13.5395	G3	55	91	132	12	G3	55	120	
132	13.5449	Bb2	46	84	131	12	Bb2	46	120	
133	13.5684	Bb4	70	72	130	12	Bb4	70	100	
134	13.7703	A3	57	85	136	12.25	A3	57	120	
135	13.7767	C3	48	77	134	12.25	C3	48	120	
136	13.7778	G3	55	69	135	12.25	G3	55	120	
137	13.7853	A4	69	68	133	12.25	A4	69	100	
138	13.8333	Eb4	63	65	137	12.3333	Eb4	63	100	
139	13.9113	Bb4	70	69	138	12.4167	Bb4	70	100	
140	13.9744	C5	72	79	139	12.5	C5	72	100	
141	14.1998	D4	62	97	142	12.75	D4	62	120	
142	14.2094	F#4	66	83	140	12.75	F#4	66	100	
143	14.2148	D3	50	78	141	12.75	D3	50	120	
144	14.2148	F#3	54	78	*	-1	*	-1	-1	
145	14.2949	C4	60	72	143	12.8333	C4	60	100	
146	14.3686	G4	67	69	144	12.9167	G4	67	100	
147	14.438	A4	69	73	145	13	A4	69	100	
148	14.6677	G4	67	86	146	13.25	G4	67	100	
149	14.672	G3	55	89	149	13.25	G3	55	120	
150	14.6838	G2	43	72	147	13.25	G2	43	120	
151	14.6859	Bb2	46	69	148	13.25	Bb2	46	120	
152	14.7543	D4	62	69	150	13.3333	D4	62	100	
153	14.7949	A4	69	71	151	13.4167	A4	69	100	
154	14.875	Bb4	70	81	152	13.5	Bb4	70	100	
155	15.1186	A4	69	86	153	13.75	A4	69	100	
156	15.2863	F#4	66	82	154	13.9583	F#4	66	100	
157	15.3237	D3	50	89	156	14	D3	50	100	
158	15.3312	D4	62	79	155	14	D4	62	100	
159	15.3675	E3	52	39	*	-1	*	-1	-1	
160	15.5566	G4	67	81	157	14.25	G4	67	100	
161	15.5663	G3	55	90	159	14.25	G3	55	120	
162	15.5759	Bb2	46	78	158	14.25	Bb2	46	120	
163	15.578	G2	43	77	160	14.25	G2	43	100	
164	15.6197	D4	62	67	161	14.3333	D4	62	100	
165	15.6923	A4	69	66	162	14.4167	A4	69	100	
166	15.7639	Bb4	70	80	163	14.5	Bb4	70	100	
167	16.0139	A3	57	92	166	14.75	A3	57	120	
168	16.0182	D3	50	75	165	14.75	D3	50	120	
169	16.0203	A4	69	86	164	14.75	A4	69	100	
170	16.1122	D4	62	66	167	14.8333	D4	62	100	
171	16.1806	Bb4	70	69	168	14.9167	Bb4	70	100	
172	16.2554	C5	72	77	169	15	C5	72	100	
173	16.468	Bb3	58	85	171	15.25	Bb3	58	120	
174	16.4701	G3	55	78	172	15.25	G3	55	100	
175	16.4722	Bb4	70	89	170	15.25	Bb4	70	100	
176	16.5428	D4	62	63	173	15.3333	D4	62	100	
177	16.6197	C5	72	74	174	15.4167	C5	72	100	
178	16.6838	D5	74	78	175	15.5	D5	74	100	
179	16.9124	Eb5	75	87	176	15.75	Eb5	75	100	
180	16.9669	G4	67	64	177	15.8333	G4	67	100	
181	17.0417	F5	77	69	178	15.9167	F5	77	100	
182	17.0919	G5	79	82	179	16	G5	79	100	
183	17.0994	Eb3	51	101	181	16	Eb3	51	100	
184	17.1004	Eb2	39	97	180	16	Eb2	39	100	
185	17.3173	A4	69	73	182	16.25	A4	69	100	
186	17.3195	F2	41	86	183	16.25	F2	41	100	
187	17.3237	F3	53	74	184	16.25	F3	53	100	
188	17.3985	C4	60	62	185	16.3333	C4	60	100	
189	17.4883	Bb4	70	69	186	16.4167	Bb4	70	100	
190	17.5278	C5	72	66	187	16.5	C5	72	100	
191	17.7511	Bb1	34	83	189	16.75	Bb1	34	100	
192	17.7511	Bb2	46	81	190	16.75	Bb2	46	100	
193	17.7543	D5	74	71	188	16.75	D5	74	100	
194	17.8002	F4	65	67	191	16.8333	F4	65	100	
195	17.89	Eb5	75	68	192	16.9167	Eb5	75	100	
196	17.9413	F5	77	70	193	17	F5	77	100	
197	18.1945	Eb2	39	79	195	17.25	Eb2	39	100	
198	18.1955	Eb3	51	77	196	17.25	Eb3	51	100	
199	18.1955	G4	67	72	194	17.25	G4	67	100	
200	18.2992	Bb3	58	62	197	17.3333	Bb3	58	100	
201	18.3419	A4	69	62	198	17.4167	A4	69	100	
202	18.3964	Bb4	70	65	199	17.5	Bb4	70	100	
203	18.6229	C5	72	65	200	17.75	C5	72	100	
204	18.7062	Eb4	63	59	201	17.8333	Eb4	63	100	
205	18.7607	D5	74	73	202	17.9167	D5	74	100	
206	18.7917	A2	45	100	205	18	A2	45	100	
207	18.7981	A1	33	92	204	18	A1	33	100	
208	18.7992	Eb5	75	75	203	18	Eb5	75	100	
209	19.0449	D3	50	70	208	18.25	D3	50	100	
210	19.0492	F#4	66	72	206	18.25	F#4	66	100	
211	19.0524	D2	38	63	207	18.25	D2	38	100	
212	19.1336	A3	57	52	209	18.3333	A3	57	100	
213	19.2094	G4	67	62	210	18.4167	G4	67	100	
214	19.2586	A4	69	67	211	18.5	A4	69	100	
215	19.4722	C5	72	74	212	18.75	C5	72	100	
216	19.5652	Eb4	63	68	213	18.8333	Eb4	63	100	
217	19.609	D5	74	76	214	18.9167	D5	74	100	
218	19.6432	G#2	44	108	217	19	G#2	44	100	
219	19.6485	G#1	32	98	216	19	G#1	32	100	
220	19.656	Eb5	75	77	215	19	Eb5	75	100	
221	19.9135	D3	50	63	220	19.25	D3	50	100	
222	19.9156	F#4	66	66	218	19.25	F#4	66	100	
223	19.9199	D2	38	60	219	19.25	D2	38	100	
224	19.9776	A3	57	57	221	19.3333	A3	57	100	
225	20.078	G4	67	55	222	19.4167	G4	67	100	
226	20.1272	A4	69	72	223	19.5	A4	69	100	
227	20.3366	C5	72	62	224	19.75	C5	72	100	
228	20.4316	Eb4	63	50	225	19.8333	Eb4	63	100	
229	20.4872	D5	74	72	226	19.9167	D5	74	100	
230	20.5118	Eb5	75	79	227	20	Eb5	75	100	
231	20.5128	A2	45	91	229	20	A2	45	100	
232	20.5193	A1	33	80	228	20	A1	33	100	
233	20.7682	D3	50	59	232	20.25	D3	50	100	
234	20.7693	D2	38	58	231	20.25	D2	38	100	
235	20.7842	F#4	66	70	230	20.25	F#4	66	100	
236	20.8419	A3	57	54	233	20.3333	A3	57	100	
237	20.9178	G4	67	65	234	20.4167	G4	67	100	
238	20.9648	A4	69	66	235	20.5	A4	69	100	
239	21.2158	C4	60	69	236	20.75	C4	60	100	
240	21.2778	A3	57	65	237	20.8333	A3	57	100	
241	21.328	D4	62	62	238	20.9167	D4	62	100	
242	21.4028	Eb4	63	72	239	21	Eb4	63	100	
243	21.6496	F#3	54	69	240	21.25	F#3	54	100	
244	21.7447	D3	50	59	242	21.3333	D3	50	100	
245	21.7906	G3	55	56	243	21.4167	G3	55	100	
246	21.8408	A3	57	69	244	21.5	A3	57	100	
247	22.0834	D3	50	61	245	21.75	D3	50	100	
248	22.2757	D2	38	98	247	22	D2	38	100	
249	22.2949	D3	50	61	246	22	D3	50	100	
250	22.5107	G2	43	74	250	22.25	G2	43	100	
251	22.5171	G1	31	66	249	22.25	G1	31	100	
252	22.5203	G3	55	72	248	22.25	G3	55	120	
253	22.5866	D3	50	56	251	22.3333	D3	50	100	
254	22.6272	A3	57	69	252	22.4167	A3	57	100	
255	22.7201	Bb3	58	69	253	22.5	Bb3	58	100	
256	22.9701	A3	57	79	254	22.75	A3	57	100	
257	23.0438	D3	50	59	255	22.8333	D3	50	100	
258	23.1026	Bb3	58	65	256	22.9167	Bb3	58	100	
259	23.1827	C4	60	69	257	23	C4	60	100	
260	23.4349	Bb3	58	70	258	23.25	Bb3	58	120	
261	23.5043	D3	50	60	261	23.3333	D3	50	100	
262	23.5588	C4	60	61	262	23.4167	C4	60	100	
263	23.6304	D4	62	65	263	23.5	D4	62	100	
264	23.8665	G3	55	68	264	23.75	G3	55	120	
265	23.9316	D3	50	56	265	23.8333	D3	50	100	
266	23.9744	A3	57	55	266	23.9167	A3	57	100	
267	24.0502	Bb1	34	69	268	24	Bb1	34	100	
268	24.0524	Bb2	46	64	269	24	Bb2	46	100	
269	24.0866	Bb3	58	49	267	24	Bb3	58	100	
270	24.3034	C3	48	74	272	24.25	C3	48	120	
271	24.312	C2	36	56	271	24.25	C2	36	120	
272	24.312	A3	57	60	270	24.25	A3	57	120	
273	24.39	Eb3	51	54	273	24.3333	Eb3	51	100	
274	24.421	Bb3	58	63	274	24.4167	Bb3	58	100	
275	24.5118	C4	60	56	275	24.5	C4	60	100	
276	24.7372	D3	50	67	278	24.75	D3	50	120	
277	24.7383	D2	38	67	277	24.75	D2	38	120	
278	24.7425	B3	59	70	276	24.75	B3	59	120	
279	24.8387	F3	53	56	279	24.8333	F3	53	100	
280	24.8825	C4	60	59	280	24.9167	C4	60	100	
281	24.9669	D4	62	60	281	25	D4	62	100	
282	25.2169	Eb3	51	72	284	25.25	Eb3	51	120	
283	25.2201	C4	60	66	282	25.25	C4	60	120	
284	25.2233	Eb2	39	73	283	25.25	Eb2	39	120	
285	25.3163	G3	55	63	285	25.3333	G3	55	100	
286	25.3569	D4	62	62	286	25.4167	D4	62	100	
287	25.4274	Eb4	63	73	287	25.5	Eb4	63	100	
288	25.6443	B3	59	80	288	25.75	B3	59	120	
289	25.7297	F3	53	66	289	25.8333	F3	53	100	
290	25.7885	C4	60	61	290	25.9167	C4	60	100	
291	25.8366	D3	50	84	293	26	D3	50	100	
292	25.8419	D4	62	68	291	26	D4	62	100	
293	25.843	D2	38	74	292	26	D2	38	100	
294	26.0844	Eb3	51	88	296	26.25	Eb3	51	120	
295	26.0844	C4	60	76	294	26.25	C4	60	120	
296	26.0855	Eb2	39	84	295	26.25	Eb2	39	120	
297	26.1763	G3	55	71	297	26.3333	G3	55	100	
298	26.2297	D4	62	63	298	26.4167	D4	62	100	
299	26.3077	Eb4	63	77	299	26.5	Eb4	63	100	
300	26.4188	C4	60	80	300	26.625	C4	60	100	
301	26.5396	D4	62	85	301	26.75	D4	62	120	
302	26.547	D3	50	91	303	26.75	D3	50	120	
303	26.5534	D2	38	82	302	26.75	D2	38	120	
304	26.6411	G3	55	83	304	26.8333	G3	55	100	
305	26.734	Eb4	63	82	305	26.9167	Eb4	63	100	
306	26.7842	F4	65	85	306	27	F4	65	100	
307	27.0235	C#3	49	97	309	27.25	C#3	49	100	
308	27.0278	C#2	37	91	308	27.25	C#2	37	100	
309	27.0299	E4	64	79	307	27.25	E4	64	120	
310	27.1218	G3	55	60	310	27.3333	G3	55	100	
311	27.2116	F#4	66	72	311	27.4167	F#4	66	100	
312	27.2661	G4	67	80	312	27.5	G4	67	100	
313	27.5011	G4	67	94	313	27.75	G4	67	120	
314	27.6005	Bb3	58	65	314	27.8333	Bb3	58	100	
315	27.6528	A4	69	77	315	27.9167	A4	69	100	
316	27.6966	C#3	49	95	318	28	C#3	49	100	
317	27.6977	Bb4	70	83	316	28	Bb4	70	100	
318	27.6987	C#2	37	88	317	28	C#2	37	100	
319	27.9626	D3	50	96	322	28.25	D3	50	100	
320	27.9626	D5	74	101	320	28.25	D5	74	100	
321	27.9658	D4	62	90	319	28.25	D4	62	100	
322	27.968	D2	38	88	321	28.25	D2	38	100	
323	28.4883	F#4	66	102	325	28.75	F#4	66	100	
324	28.4968	A3	57	77	323	28.75	A3	57	100	
325	28.5022	D3	50	94	327	28.75	D3	50	100	
326	28.5075	D2	38	91	326	28.75	D2	38	100	
327	29.0898	C#3	49	94	330	29.25	C#3	49	100	
328	29.0908	E4	64	88	328	29.25	E4	64	120	
329	29.093	C#2	37	85	329	29.25	C#2	37	100	
330	29.1923	Bb3	58	78	331	29.3333	Bb3	58	100	
331	29.2532	F#4	66	69	332	29.4167	F#4	66	100	
332	29.3109	G4	67	85	333	29.5	G4	67	100	
333	29.5705	G4	67	91	334	29.75	G4	67	120	
334	29.6421	Bb3	58	74	335	29.8333	Bb3	58	100	
335	29.7361	A4	69	76	336	29.9167	A4	69	100	
336	29.749	C#3	49	91	339	30	C#3	49	100	
337	29.7543	C#2	37	92	338	30	C#2	37	100	
338	29.7575	Bb4	70	90	337	30	Bb4	70	100	
339	30.0748	G5	79	96	342	30.25	G5	79	100	
340	30.078	D3	50	95	344	30.25	D3	50	100	
341	30.0791	D5	74	100	341	30.25	D5	74	100	
342	30.0812	D2	38	86	343	30.25	D2	38	100	
343	30.0834	Bb4	70	87	340	30.25	Bb4	70	100	
344	30.6261	D5	74	95	347	30.75	D5	74	100	
345	30.6293	F#4	66	88	345	30.75	F#4	66	100	
346	30.6336	A4	69	83	346	30.75	A4	69	100	
347	30.6346	D3	50	89	349	30.75	D3	50	100	
348	30.6421	D2	38	82	348	30.75	D2	38	100	
349	31.3932	G1	31	73	353	31.25	G1	31	100	
350	31.3985	G2	43	77	354	31.25	G2	43	100	
351	31.3996	D4	62	76	351	31.25	D4	62	100	
352	31.3996	G4	67	81	352	31.25	G4	67	100	
353	31.4007	Bb3	58	80	350	31.25	Bb3	58	100	
354	33.328	Bb1	34	30	357	32.25	Bb1	34	70	
355	33.3579	Bb2	46	19	358	32.25	Bb2	46	70	
356	33.3761	F3	53	39	355	32.25	F3	53	70	
357	33.749	D3	50	32	359	32.375	D3	50	70	
358	34.0161	G3	55	39	360	32.5	G3	55	70	
359	34.312	A3	57	51	361	32.75	A3	57	70	
360	34.5876	Bb3	58	55	364	33	Bb3	58	70	
361	34.812	C4	60	64	365	33.25	C4	60	70	
362	34.9477	D3	50	58	367	33.375	D3	50	70	
363	35.0641	D4	62	70	368	33.5	D4	62	70	
364	35.1122	G#1	32	57	371	33.75	G#1	32	70	
365	35.3216	Eb4	63	73	369	33.75	Eb4	63	70	
366	35.4488	D3	50	28	373	33.875	D3	50	70	
367	35.5908	F4	65	71	374	34	F4	65	70	
368	35.6688	G1	31	51	378	34.25	G1	31	70	
369	35.9231	B2	47	45	379	34.25	B2	47	70	
370	35.9883	G4	67	70	375	34.25	G4	67	70	
371	36.2554	D3	50	44	380	34.375	D3	50	70	
372	36.4082	F4	65	53	381	34.5	F4	65	70	
373	36.6539	Eb4	63	58	382	34.75	Eb4	63	70	
374	36.8013	D3	50	33	384	34.875	D3	50	70	
375	36.8761	D4	62	63	385	35	D4	62	70	
376	37.0919	C4	60	66	386	35.25	C4	60	70	
377	37.1913	D3	50	44	*	-1	*	-1	-1	
378	37.3195	B3	59	65	387	35.5	B3	59	70	
379	37.4263	Bb4	70	34	*	-1	*	-1	-1	
380	37.5599	A3	57	54	389	35.75	A3	57	70	
381	37.6849	A4	69	77	388	35.75	A4	69	70	
382	37.7735	D3	50	36	391	35.875	D3	50	70	
383	38.0182	G3	55	54	393	36	G3	55	70	
384	38.046	B4	71	78	392	36	B4	71	70	
385	38.2105	Eb4	63	69	393	36	G3	55	70	
386	38.452	C3	48	55	396	36.25	C3	48	70	
387	38.6208	Eb5	75	75	394	36.25	Eb5	75	70	
388	38.8622	C2	36	21	399	36.375	C2	36	70	
389	39.1699	D3	50	46	400	36.5	D3	50	70	
390	39.4765	Eb3	51	52	401	36.75	Eb3	51	70	
391	39.6357	C3	48	47	403	36.875	C3	48	70	
392	39.7426	F3	53	63	404	37	F3	53	70	
393	39.968	G3	55	62	405	37.25	G3	55	70	
394	40.1336	C3	48	52	407	37.375	C3	48	70	
395	40.281	A3	57	50	409	37.5	A3	57	70	
396	40.2874	D5	74	71	408	37.5	D5	74	70	
397	40.5887	B3	59	53	410	37.75	B3	59	70	
398	40.7265	C5	72	69	411	37.85	C5	72	70	
399	40.9338	C4	60	59	412	37.9167	C4	60	70	
400	41.0844	Bb4	70	72	413	37.95	Bb4	70	70	
401	41.234	D4	62	52	415	38.0833	D4	62	70	
402	41.2586	A4	69	73	414	38.05	A4	69	70	
403	41.4242	G4	67	75	416	38.15	G4	67	70	
404	41.4829	F2	41	45	420	38.25	F2	41	70	
405	41.7725	A3	57	46	421	38.25	A3	57	70	
406	41.7885	F4	65	57	417	38.25	F4	65	70	
407	41.7896	Eb4	63	60	418	38.25	Eb4	63	70	
408	42.156	F3	53	28	422	38.375	F3	53	70	
409	42.3975	D4	62	53	423	38.5	D4	62	70	
410	42.6614	C4	60	54	424	38.75	C4	60	70	
411	42.8184	F3	53	10	426	38.875	F3	53	70	
412	42.8911	Bb3	58	62	427	39	Bb3	58	70	
413	43.1347	A3	57	57	428	39.25	A3	57	70	
414	43.2778	F3	53	49	430	39.375	F3	53	70	
415	43.3804	G3	55	63	*	-1	*	-1	-1	
416	43.6005	F3	53	56	431	39.75	F3	53	70	
417	43.6956	G4	67	74	432	39.85	G4	67	70	
418	43.8248	Eb3	51	67	433	39.875	Eb3	51	70	
419	43.9039	A4	69	78	434	39.95	A4	69	70	
420	44.0417	D3	50	37	435	40	D3	50	70	
421	44.0535	Bb4	70	84	436	40.05	Bb4	70	70	
422	44.1112	C3	48	67	437	40.125	C3	48	70	
423	44.2265	C5	72	82	438	40.15	C5	72	70	
424	44.3537	Bb1	34	62	441	40.25	Bb1	34	70	
425	44.3633	Bb2	46	57	442	40.25	Bb2	46	70	
426	44.4744	D5	74	82	439	40.25	D5	74	70	
427	44.6475	D4	62	59	443	40.375	D4	62	70	
428	44.7757	C5	72	85	444	40.5	C5	72	70	
429	44.9659	C5	72	22	447	40.75	Bb4	70	70	
430	45.0406	Bb4	70	63	446	40.75	Bb4	70	70	
431	45.2084	G5	79	80	445	40.75	G5	79	70	
432	45.5	Bb3	58	23	448	40.875	Bb3	58	70	
433	45.7105	A4	69	62	449	41	A4	69	70	
434	45.984	G4	67	56	450	41.25	G4	67	70	
435	46.125	Bb3	58	44	452	41.375	Bb3	58	70	
436	46.2511	F4	65	54	454	41.5	F4	65	70	
437	46.2714	F5	77	66	453	41.5	F5	77	70	
438	46.5599	E4	64	49	456	41.75	E4	64	70	
439	46.6838	E5	76	64	455	41.75	E5	76	70	
440	46.8483	F5	77	68	457	42	F5	77	70	
441	46.953	E5	76	69	459	42.0312	E5	76	70	
442	47.0065	D4	62	35	458	42	D4	62	70	
443	47.0812	D5	74	80	460	42.0625	D5	74	70	
444	47.1988	C4	60	49	462	42.125	C4	60	70	
445	47.2426	C5	72	72	461	42.125	C5	72	70	
446	47.4733	A2	45	42	465	42.25	A2	45	70	
447	47.5481	C5	72	62	463	42.25	C5	72	70	
448	47.733	C4	60	51	466	42.375	C4	60	70	
449	47.8141	C5	72	12	*	-1	*	-1	-1	
450	47.8569	Bb4	70	72	467	42.5	Bb4	70	70	
451	48.0353	Bb4	70	29	470	42.75	A4	69	70	
452	48.1261	A4	69	52	469	42.75	A4	69	70	
453	48.2041	F5	77	74	468	42.75	F5	77	70	
454	48.3718	A3	57	40	471	42.875	A3	57	70	
455	48.515	G4	67	59	472	43	G4	67	70	
456	48.734	F4	65	52	473	43.25	F4	65	70	
457	48.89	A3	57	39	475	43.375	A3	57	70	
458	49.031	E5	76	59	476	43.5	E5	76	70	
459	49.0374	E4	64	49	477	43.5	E4	64	70	
460	49.2928	B2	47	44	480	43.75	B2	47	70	
461	49.3921	G#3	56	45	481	43.75	G#3	56	70	
462	49.6742	D4	62	47	479	43.75	D4	62	70	
463	49.7789	D5	74	49	478	43.75	D5	74	70	
464	49.8986	E5	76	62	*	-1	*	-1	-1	
465	50.0139	D5	74	68	*	-1	*	-1	-1	
466	50.1186	C#5	73	70	*	-1	*	-1	-1	
467	50.2287	D5	74	76	*	-1	*	-1	-1	
468	50.3612	E4	64	38	483	44	E4	64	70	
469	50.3911	E5	76	72	*	-1	*	-1	-1	
470	50.6186	F4	65	54	489	44.125	F4	65	70	
471	50.6229	F5	77	74	488	44.125	F5	77	70	
472	51.0738	A3	57	37	493	44.25	A3	57	70	
473	51.0951	C3	48	32	492	44.25	C3	48	70	
474	51.0962	C4	60	34	494	44.25	C4	60	70	
475	51.109	F5	77	64	490	44.25	F5	77	70	
476	51.2992	F4	65	34	495	44.375	F4	65	70	
477	51.4669	E5	76	64	496	44.5	E5	76	70	
478	51.7415	D5	74	60	497	44.75	D5	74	70	
479	51.8676	F4	65	45	499	44.875	F4	65	70	
480	52.0812	C3	48	50	503	45.25	C3	48	70	
481	52.1913	C5	72	52	500	45.125	C5	72	70	
482	52.2116	Bb3	58	41	504	45.25	Bb3	58	70	
483	52.3302	C5	72	61	501	45.25	C5	72	70	
484	52.3665	E4	64	42	505	45.25	E4	64	70	
485	52.4659	C4	60	42	506	45.375	C4	60	70	
486	52.6015	Bb4	70	63	507	45.5	Bb4	70	70	
487	52.8718	A4	69	62	508	45.75	A4	69	70	
488	53.0246	C4	60	37	510	45.875	C4	60	70	
489	53.2971	G4	67	65	511	46.125	G4	67	70	
490	53.5139	G4	67	61	512	46.25	G4	67	70	
491	53.5203	F3	53	36	514	46.25	F3	53	70	
492	53.5203	C4	60	31	513	46.25	C4	60	70	
493	53.703	Bb3	58	52	515	46.375	Bb3	58	70	
494	53.8238	E3	52	49	516	46.5	E3	52	70	
495	54.1015	D3	50	51	517	46.75	D3	50	70	
496	54.2212	Bb3	58	55	518	46.875	Bb3	58	70	
497	54.3697	C3	48	53	519	47	C3	48	70	
498	54.6721	F3	53	40	522	47.25	F3	53	70	
499	54.6859	F4	65	51	520	47.25	F4	65	70	
500	54.8751	A3	57	43	524	47.375	A3	57	70	
501	55.0439	Eb4	63	64	525	47.5	Eb4	63	70	
502	55.3409	F2	41	40	*	-1	*	-1	-1	
503	55.4648	D4	62	59	526	47.75	D4	62	70	
504	55.6827	Eb3	51	36	528	47.875	Eb3	51	70	
505	56.1165	C#4	61	42	529	48	C#4	61	70	
506	57.452	Bb1	34	35	531	48.25	Bb1	34	70	
507	57.4744	Bb2	46	19	532	48.25	Bb2	46	70	
508	57.5513	F3	53	35	530	48.25	F3	53	70	
509	58.0716	D3	50	31	*	-1	*	-1	-1	
510	58.4712	G3	55	38	534	48.5	G3	55	70	
511	58.4894	D4	62	37	533	48.5	D4	62	70	
512	58.8665	A3	57	46	535	48.75	A3	57	70	
513	59.0385	D3	50	28	*	-1	*	-1	-1	
514	59.171	Bb3	58	45	536	49	Bb3	58	70	
515	59.4285	C4	60	54	537	49.25	C4	60	70	
516	59.5513	D3	50	44	539	49.375	D3	50	70	
517	59.6753	D4	62	59	540	49.5	D4	62	70	
518	59.7543	G#1	32	56	543	49.75	G#1	32	70	
519	59.9659	Eb4	63	70	541	49.75	Eb4	63	70	
520	59.984	C3	48	33	*	-1	*	-1	-1	
521	60.124	D3	50	39	545	49.875	D3	50	70	
522	60.2672	F4	65	69	546	50	F4	65	70	
523	60.3633	G1	31	49	550	50.25	G1	31	70	
524	60.6635	B2	47	47	551	50.25	B2	47	70	
525	60.7704	G4	67	69	547	50.25	G4	67	70	
526	61.0407	D3	50	44	552	50.375	D3	50	70	
527	61.2426	F4	65	61	553	50.5	F4	65	70	
528	61.5396	Eb4	63	61	554	50.75	Eb4	63	70	
529	61.687	D3	50	41	556	50.875	D3	50	70	
530	61.7939	D4	62	65	557	51	D4	62	70	
531	62.0332	C4	60	66	558	51.25	C4	60	70	
532	62.1678	D3	50	46	563	51.875	D3	50	70	
533	62.28	B3	59	63	559	51.5	B3	59	70	
534	62.546	A3	57	49	561	51.75	A3	57	70	
535	62.702	A4	69	74	560	51.75	A4	69	70	
536	62.7565	D3	50	37	*	-1	*	-1	-1	
537	63.0182	G3	55	46	565	52	G3	55	70	
538	63.0781	B4	71	78	564	52	B4	71	70	
539	63.2426	Eb4	63	64	565	52	G3	55	70	
540	63.4937	C3	48	51	568	52.25	C3	48	70	
541	63.6464	Eb5	75	78	566	52.25	Eb5	75	70	
542	63.8922	C2	36	35	571	52.375	C2	36	70	
543	64.2148	D3	50	61	572	52.5	D3	50	70	
544	64.531	Eb3	51	66	573	52.75	Eb3	51	70	
545	64.7127	C3	48	52	575	52.875	C3	48	70	
546	64.811	F3	53	71	576	53	F3	53	70	
547	65.0375	G3	55	68	577	53.25	G3	55	70	
548	65.1934	C3	48	52	579	53.375	C3	48	70	
549	65.3879	A3	57	57	581	53.5	A3	57	70	
550	65.3932	D5	74	69	580	53.5	D5	74	70	
551	65.7319	B3	59	57	582	53.75	B3	59	70	
552	65.9221	C5	72	65	583	53.85	C5	72	70	
553	66.1838	C4	60	57	584	53.9167	C4	60	70	
554	66.3473	Bb4	70	60	585	53.95	Bb4	70	70	
555	66.483	D4	62	58	587	54.0833	D4	62	70	
556	66.5289	A4	69	64	586	54.05	A4	69	70	
557	66.6934	G4	67	66	588	54.15	G4	67	70	
558	66.7853	F2	41	42	592	54.25	F2	41	70	
559	67.0866	A3	57	46	593	54.25	A3	57	70	
560	67.1048	Eb4	63	65	590	54.25	Eb4	63	70	
561	67.1133	F4	65	45	589	54.25	F4	65	70	
562	67.6165	F3	53	38	594	54.375	F3	53	70	
563	67.9157	D4	62	52	595	54.5	D4	62	70	
564	68.2469	C4	60	57	596	54.75	C4	60	70	
565	68.5001	Bb3	58	65	599	55	Bb3	58	70	
566	68.7554	A3	57	66	600	55.25	A3	57	70	
567	68.8986	F3	53	50	602	55.375	F3	53	70	
568	69.0043	G3	55	70	598	54.875	F3	53	70	
569	69.2287	F3	53	58	603	55.75	F3	53	70	
570	69.3633	G4	67	55	604	55.85	G4	67	70	
571	69.4755	Eb3	51	58	605	55.875	Eb3	51	70	
572	69.5813	A4	69	78	606	55.95	A4	69	70	
573	69.6849	D3	50	42	607	56	D3	50	70	
574	69.7415	Bb4	70	79	608	56.05	Bb4	70	70	
575	69.7746	C3	48	60	609	56.125	C3	48	70	
576	69.889	C5	72	80	610	56.15	C5	72	70	
577	70.0097	Bb1	34	58	613	56.25	Bb1	34	70	
578	70.0193	Bb2	46	53	614	56.25	Bb2	46	70	
579	70.1261	D5	74	79	611	56.25	D5	74	70	
580	70.2928	D4	62	55	615	56.375	D4	62	70	
581	70.4199	C5	72	76	616	56.5	C5	72	70	
582	70.5909	C5	72	20	619	56.75	Bb4	70	70	
583	70.7009	Bb4	70	51	618	56.75	Bb4	70	70	
584	70.8644	G5	79	76	617	56.75	G5	79	70	
585	71.0727	Bb3	58	45	620	56.875	Bb3	58	70	
586	71.2811	A4	69	58	621	57	A4	69	70	
587	71.4894	G4	67	64	622	57.25	G4	67	70	
588	71.6304	Bb3	58	47	624	57.375	Bb3	58	70	
589	71.7458	F5	77	73	625	57.5	F5	77	70	
590	71.7586	F4	65	51	626	57.5	F4	65	70	
591	72.062	E4	64	48	628	57.75	E4	64	70	
592	72.1999	E5	76	62	627	57.75	E5	76	70	
593	72.3462	F5	77	66	629	58	F5	77	70	
594	72.4509	E5	76	70	631	58.0312	E5	76	70	
595	72.4894	D4	62	44	630	58	D4	62	70	
596	72.5631	D5	74	74	632	58.0625	D5	74	70	
597	72.7084	C4	60	53	634	58.125	C4	60	70	
598	72.7223	C5	72	64	633	58.125	C5	72	70	
599	73.0172	A2	45	43	637	58.25	A2	45	70	
600	73.1187	C5	72	60	635	58.25	C5	72	70	
601	73.312	C4	60	38	638	58.375	C4	60	70	
602	73.4338	Bb4	70	66	639	58.5	Bb4	70	70	
603	73.7437	A4	69	40	641	58.75	A4	69	70	
604	73.8494	F5	77	65	640	58.75	F5	77	70	
605	74.0738	A3	57	25	643	58.875	A3	57	70	
606	74.2351	G4	67	44	644	59	G4	67	70	
607	74.405	F4	65	44	645	59.25	F4	65	70	
608	74.5877	A3	57	37	647	59.375	A3	57	70	
609	74.7202	E5	76	60	648	59.5	E5	76	70	
610	74.7479	E4	64	26	649	59.5	E4	64	70	
611	74.9883	B2	47	31	652	59.75	B2	47	70	
612	75.0781	G#3	56	42	653	59.75	G#3	56	70	
613	75.359	D4	62	36	*	-1	*	-1	-1	
614	75.4873	D5	74	49	650	59.75	D5	74	70	
615	75.6026	E5	76	63	*	-1	*	-1	-1	
616	75.7031	D5	74	57	*	-1	*	-1	-1	
617	75.8056	C#5	73	64	*	-1	*	-1	-1	
618	75.9135	D5	74	67	*	-1	*	-1	-1	
619	76.0909	E4	64	44	655	60	E4	64	70	
620	76.1069	E5	76	71	*	-1	*	-1	-1	
621	76.3473	F4	65	49	661	60.125	F4	65	70	
622	76.3526	F5	77	70	660	60.125	F5	77	70	
623	76.6828	F5	77	61	662	60.25	F5	77	70	
624	76.702	C4	60	33	666	60.25	C4	60	70	
625	76.7052	A3	57	36	665	60.25	A3	57	70	
626	76.7576	C3	48	20	664	60.25	C3	48	70	
627	76.9018	F4	65	50	667	60.375	F4	65	70	
628	77.1155	E5	76	70	668	60.5	E5	76	70	
629	77.3858	D5	74	70	669	60.75	D5	74	70	
630	77.5204	F4	65	50	671	60.875	F4	65	70	
631	77.6336	C3	48	51	675	61.25	C3	48	70	
632	77.7917	Bb3	58	50	676	61.25	Bb3	58	70	
633	77.8046	C5	72	64	672	61.125	C5	72	70	
634	77.9552	C5	72	62	673	61.25	C5	72	70	
635	77.9584	E4	64	52	677	61.25	E4	64	70	
636	78.1144	C4	60	34	678	61.375	C4	60	70	
637	78.2479	Bb4	70	71	679	61.5	Bb4	70	70	
638	78.5289	A4	69	67	680	61.75	A4	69	70	
639	78.6582	C4	60	48	682	61.875	C4	60	70	
640	79.0279	G4	67	60	683	62.125	G4	67	70	
641	79.1699	F3	53	38	686	62.25	F3	53	70	
642	79.1892	G4	67	58	684	62.25	G4	67	70	
643	79.202	C4	60	24	685	62.25	C4	60	70	
644	79.3302	Bb3	58	56	687	62.375	Bb3	58	70	
645	79.4616	E3	52	47	688	62.5	E3	52	70	
646	79.7469	D3	50	44	689	62.75	D3	50	70	
647	79.8665	Bb3	58	49	690	62.875	Bb3	58	70	
648	80.0492	C3	48	47	691	63	C3	48	70	
649	80.4702	F4	65	42	1061	100.25	F4	65	90	
650	80.4787	F3	53	32	1062	100.25	F3	53	90	
651	80.7437	A3	57	34	1063	100.375	A3	57	90	
652	82.1294	F2	41	27	1066	101.25	F2	41	70	
653	82.6058	A3	57	39	*	-1	*	-1	-1	
654	82.6336	F4	65	35	*	-1	*	-1	-1	
655	83.1817	Eb4	63	31	1067	101.375	Eb4	63	70	
656	83.5524	G4	67	44	1068	101.5	G4	67	70	
657	83.9082	A4	69	42	1069	101.75	A4	69	70	
658	84.0791	Eb4	63	14	1073	101.875	Eb4	63	70	
659	84.2138	Bb4	70	46	1074	102	Bb4	70	70	
660	84.4712	C5	72	50	1075	102.25	C5	72	70	
661	84.6304	Eb4	63	38	1077	102.375	Eb4	63	70	
662	84.7373	D5	74	64	1078	102.5	D5	74	70	
663	84.9851	Eb5	75	66	1079	102.75	Eb5	75	70	
664	85.1379	Eb4	63	49	1081	102.875	Eb4	63	70	
665	85.2928	F5	77	66	1082	103	F5	77	70	
666	85.3794	Eb2	39	47	1086	103.25	Eb2	39	70	
667	85.7041	Bb3	58	59	1085	103.25	Bb3	58	70	
668	85.8537	F#5	78	64	1083	103.25	F#5	78	70	
669	86.1518	Eb4	63	44	1088	103.375	Eb4	63	70	
670	86.3142	F5	77	68	1089	103.5	F5	77	70	
671	86.5802	Eb5	75	71	1090	103.75	Eb5	75	70	
672	86.7362	Eb4	63	43	1092	103.875	Eb4	63	70	
673	86.8313	C#5	73	71	1093	104	C#5	73	70	
674	87.1112	C5	72	51	1094	104.25	C5	72	70	
675	87.1315	C3	48	35	1097	104.25	C3	48	70	
676	87.2875	Eb4	63	25	1098	104.375	Eb4	63	69	
677	87.3975	Bb4	70	61	1099	104.5	Bb4	70	68	
678	87.6977	A4	69	56	1100	104.75	A4	69	65	
679	87.9114	Eb4	63	25	1102	104.875	Eb4	63	64	
680	88.108	Bb4	70	45	1103	105	Bb4	70	63	
681	88.7212	F2	41	36	1107	105.25	F2	41	60	
682	88.8249	F4	65	36	1104	105.25	F4	65	60	
683	88.8676	A4	69	28	1106	105.25	A4	69	60	
684	89.295	Eb4	63	24	1108	105.375	Eb4	63	60	
685	89.5514	G4	67	39	1109	105.5	G4	67	60	
686	89.811	A4	69	38	1110	105.75	A4	69	60	
687	89.9616	Eb4	63	22	1112	105.875	Eb4	63	60	
688	90.0856	Bb4	70	47	1113	106	Bb4	70	60	
689	90.3377	C5	72	47	1114	106.25	C5	72	60	
690	90.6133	C#5	73	45	1117	106.5	C#5	73	60	
691	90.9296	Eb5	75	48	1118	106.75	Eb5	75	60	
692	91.0824	Eb4	63	32	*	-1	*	-1	-1	
693	91.3441	F5	77	50	1121	107	F5	77	60	
694	91.467	Eb2	39	41	1120	106.875	Eb4	63	60	
695	91.9264	Bb3	58	39	1124	107.25	Bb3	58	60	
696	92.045	F#5	78	57	1125	107.315	Eb2	39	60	
697	92.4135	Eb4	63	27	1126	107.375	Eb4	63	60	
698	92.5685	F5	77	53	1127	107.5	F5	77	60	
699	92.8473	Eb5	75	59	1128	107.75	Eb5	75	60	
700	92.9841	Eb4	63	40	1130	107.875	Eb4	63	60	
701	93.2853	C#5	73	59	1131	108.125	C#5	73	60	
702	93.4616	C#5	73	59	1132	108.25	C#5	73	60	
703	93.4659	F#2	42	37	1134	108.25	F#2	42	60	
704	93.6924	Eb4	63	40	1135	108.375	Eb4	63	60	
705	93.8131	C5	72	59	1136	108.5	C5	72	60	
706	94.0909	Bb4	70	54	1137	108.75	Bb4	70	60	
707	94.1497	C5	72	61	1139	108.812	C5	72	60	
708	94.2533	Bb4	70	53	1140	108.875	Bb4	70	60	
709	94.4702	C4	60	36	1141	108.875	C4	60	60	
710	94.9018	G#2	44	51	1142	109	G#2	44	60	
711	95.1817	G#4	68	58	1143	109.125	G#4	68	60	
712	95.8185	C#5	73	48	1144	109.25	C#5	73	60	
713	95.8259	F2	41	40	1146	109.25	F2	41	60	
714	95.827	C#3	49	39	1145	109.25	C#3	49	60	
715	96.671	C#4	61	31	1147	109.375	C#4	61	60	
716	96.9509	Eb3	51	42	1148	109.5	Eb3	51	60	
717	97.3377	F3	53	41	1149	109.75	F3	53	60	
718	97.4777	C#4	61	37	1151	109.875	C#4	61	60	
719	97.6101	F#3	54	50	1152	110	F#3	54	60	
720	97.874	G#3	56	53	1153	110.25	G#3	56	60	
721	98.0215	C#4	61	44	1154	110.375	C#4	61	60	
722	98.1443	Bb3	58	65	1155	110.5	Bb3	58	60	
723	98.4274	C4	60	61	1156	110.75	C4	60	60	
724	98.5802	C#4	61	51	1157	110.875	C#4	61	60	
725	98.7928	C#4	61	56	1158	111	C#4	61	60	
726	99.342	D4	62	59	1159	111.25	D4	62	60	
727	99.7202	C#4	61	27	1160	111.375	C#4	61	60	
728	99.9424	B3	59	52	1161	111.5	B3	59	60	
729	100.289	G#3	56	53	1162	111.75	G#3	56	60	
730	100.437	C#4	61	43	1163	111.875	C#4	61	60	
731	100.591	F3	53	50	1164	112	F3	53	60	
732	100.906	C#3	49	47	1165	112.25	C#3	49	60	
733	101.106	C#4	61	41	1167	112.375	C#4	61	60	
734	101.292	B2	47	40	1168	112.5	B2	47	60	
735	101.704	G#2	44	34	1169	112.75	G#2	44	60	
736	101.974	C#4	61	31	1170	112.875	C#4	61	60	
737	102.483	F2	41	31	1171	113	F2	41	60	
738	103.265	C#4	61	36	1172	113.125	C#4	61	60	
739	104.423	F#2	42	32	1175	113.25	F#2	42	60	
740	105.308	Bb3	58	30	1176	113.375	Bb3	58	60	
741	105.747	Eb4	63	32	1177	113.5	Eb4	63	60	
742	106.079	F4	65	43	1178	113.75	F4	65	60	
743	106.251	Bb3	58	12	1180	113.875	Bb3	58	60	
744	106.36	F#4	66	54	1181	114	F#4	66	60	
745	106.627	G#4	68	50	1182	114.25	G#4	68	60	
746	106.783	Bb3	58	38	1185	114.375	Bb3	58	60	
747	106.898	Bb4	70	62	1186	114.5	Bb4	70	60	
748	107.164	B4	71	65	1187	114.75	B4	71	60	
749	107.318	Bb3	58	46	1189	114.875	Bb3	58	60	
750	107.445	C#5	73	75	1190	115	C#5	73	60	
751	107.583	F#2	42	48	1191	115.125	F#2	42	60	
752	107.586	C#3	49	49	1192	115.125	C#3	49	60	
753	107.873	D3	50	48	1196	115.25	D3	50	60	
754	107.943	D5	74	73	1193	115.25	D5	74	60	
755	108.308	B3	59	12	1197	115.375	B3	59	60	
756	108.45	B4	71	59	1198	115.5	B4	71	60	
757	108.682	D4	62	72	1201	115.75	D4	62	60	
758	108.789	G#4	68	57	1199	115.75	G#4	68	60	
759	108.932	B3	59	38	1202	115.875	B3	59	60	
760	109.017	F4	65	60	1203	116	F4	65	60	
761	109.25	D4	62	63	1204	116.25	D4	62	60	
762	109.376	G#3	56	47	1207	116.375	G#3	56	60	
763	109.504	B3	59	60	1208	116.5	B3	59	60	
764	109.775	G#3	56	54	1209	116.75	G#3	56	60	
765	109.947	F3	53	53	1210	116.875	F3	53	60	
766	110.118	D3	50	49	1211	117	D3	50	60	
767	110.265	B2	47	55	1213	117.125	B2	47	60	
768	110.562	F#2	42	39	1218	117.25	F#2	42	60	
769	110.587	C#3	49	36	1217	117.25	C#3	49	60	
770	110.621	C#4	61	52	1215	117.25	C#4	61	60	
771	110.867	Bb3	58	44	1219	117.375	Bb3	58	60	
772	111.089	Eb4	63	51	1220	117.5	Eb4	63	60	
773	111.363	F4	65	51	1221	117.75	F4	65	60	
774	111.527	Bb3	58	31	1223	117.875	Bb3	58	60	
775	111.606	F#4	66	62	1224	118	F#4	66	60	
776	111.86	G#4	68	64	1225	118.25	G#4	68	60	
777	111.999	Bb3	58	41	1228	118.375	Bb3	58	60	
778	112.137	Bb4	70	54	1229	118.5	Bb4	70	60	
779	112.437	B4	71	52	1230	118.75	B4	71	60	
780	112.629	Bb3	58	27	1232	118.875	Bb3	58	60	
781	112.867	C5	72	54	1233	119	C5	72	60	
782	113.077	C#3	49	29	1234	119.125	C#3	49	60	
783	113.434	C2	36	38	1238	119.25	C2	36	60	
784	114.038	E3	52	37	1237	119.25	E3	52	60	
785	114.2	C#5	73	49	1235	119.25	C#5	73	60	
786	114.59	Bb3	58	20	1239	119.375	Bb3	58	60	
787	114.832	Bb4	70	46	1240	119.5	Bb4	70	60	
788	115.171	C#4	61	50	1243	119.75	C#4	61	60	
789	115.213	G4	67	40	1241	119.75	G4	67	60	
790	115.532	E4	64	48	1245	120	E4	64	60	
791	115.796	C#4	61	48	1248	120.312	C#4	61	60	
792	115.972	G3	55	21	1249	120.375	G3	55	60	
793	116.146	Bb3	58	56	1250	120.5	Bb3	58	60	
794	116.58	F2	41	41	1253	120.75	F2	41	60	
795	116.705	A3	57	56	1251	120.75	A3	57	72	
796	117.079	F3	53	50	1254	120.917	F3	53	60	
797	117.861	Eb3	51	37	1256	121.083	Eb3	51	60	
798	118.228	Bb3	58	47	*	-1	*	-1	-1	
799	118.844	Bb1	34	26	1258	121.25	Bb1	34	60	
800	118.852	Bb3	58	45	1257	121.25	Bb3	58	60	
801	118.868	Bb2	46	24	1259	121.25	Bb2	46	60	
802	119.599	D3	50	32	*	-1	*	-1	-1	
803	120.079	G3	55	34	1260	121.5	G3	55	60	
804	120.41	A3	57	50	1261	121.75	A3	57	60	
805	120.559	D3	50	27	*	-1	*	-1	-1	
806	120.708	Bb3	58	50	1262	122	Bb3	58	60	
807	120.954	C4	60	54	1263	122.25	C4	60	60	
808	121.12	D3	50	33	1268	122.75	C3	48	80	
809	121.243	D4	62	59	1264	122.5	D4	62	70	
810	121.244	G#1	32	54	1267	122.75	G#1	32	80	
811	121.492	C3	48	43	*	-1	*	-1	-1	
812	121.505	Eb4	63	65	1265	122.75	Eb4	63	80	
813	121.644	D3	50	35	1269	122.875	D3	50	85	
814	121.774	F4	65	65	1270	123	F4	65	90	
815	121.889	G1	31	51	1274	123.25	G1	31	90	
816	122.216	B2	47	48	1275	123.25	B2	47	90	
817	122.295	G4	67	68	1271	123.25	G4	67	90	
818	122.622	D3	50	41	1276	123.375	D3	50	90	
819	122.846	F4	65	57	1277	123.5	F4	65	90	
820	123.137	Eb4	63	58	1278	123.75	Eb4	63	90	
821	123.291	D3	50	42	1280	123.875	D3	50	90	
822	123.37	D4	62	65	1281	124	D4	62	90	
823	123.607	C4	60	69	1283	124.25	C4	60	90	
824	123.722	D3	50	46	1285	124.25	Bb2	46	90	
825	123.824	B3	59	72	1286	124.5	B3	59	90	
826	124.096	A3	57	54	1288	124.75	A3	57	90	
827	124.176	A4	69	74	1287	124.75	A4	69	90	
828	124.378	D3	50	43	1290	124.875	D3	50	90	
829	124.51	B4	71	77	1291	125	B4	71	90	
830	124.536	G3	55	48	1292	125	G3	55	90	
831	124.685	Eb4	63	64	*	-1	*	-1	-1	
832	124.888	C3	48	60	1295	125.25	C3	48	90	
833	125.021	Eb5	75	77	1293	125.25	Eb5	75	90	
834	125.204	C2	36	31	1298	125.375	C2	36	90	
835	125.436	D3	50	56	1299	125.5	D3	50	90	
836	125.679	Eb3	51	65	1300	125.75	Eb3	51	90	
837	125.844	C3	48	53	1302	125.875	C3	48	90	
838	125.941	F3	53	69	1303	126	F3	53	90	
839	126.175	G3	55	69	1304	126.25	G3	55	90	
840	126.32	C3	48	48	1306	126.375	C3	48	90	
841	126.476	D5	74	74	1307	126.5	D5	74	90	
842	126.495	A3	57	61	1308	126.5	A3	57	90	
843	126.763	B3	59	73	1309	126.75	B3	59	90	
844	126.917	C5	72	75	1310	126.85	C5	72	90	
845	127.077	C4	60	78	1311	126.917	C4	60	90	
846	127.227	Bb4	70	76	1312	126.95	Bb4	70	90	
847	127.362	D4	62	72	1314	127.083	D4	62	90	
848	127.389	A4	69	78	1313	127.05	A4	69	90	
849	127.542	G4	67	80	1315	127.15	G4	67	90	
850	127.603	F2	41	53	1319	127.25	F2	41	90	
851	127.884	A3	57	53	*	-1	*	-1	-1	
852	127.9	F4	65	67	1316	127.25	F4	65	90	
853	127.91	Eb4	63	73	1317	127.25	Eb4	63	90	
854	128.276	F3	53	42	1321	127.375	F3	53	90	
855	128.534	D4	62	60	1322	127.5	D4	62	90	
856	128.812	C4	60	63	1323	127.75	C4	60	90	
857	128.981	F3	53	7	1325	127.875	F3	53	90	
858	129.036	Bb3	58	69	1326	128	Bb3	58	90	
859	129.285	A3	57	65	1327	128.25	A3	57	90	
860	129.437	F3	53	52	*	-1	*	-1	-1	
861	129.53	G3	55	69	*	-1	*	-1	-1	
862	129.752	F3	53	58	1328	128.75	F3	53	90	
863	129.843	G4	67	81	1329	128.85	G4	67	90	
864	129.979	Eb3	51	65	1330	128.875	Eb3	51	90	
865	130.074	A4	69	83	1331	128.95	A4	69	90	
866	130.198	D3	50	46	1332	129	D3	50	90	
867	130.236	Bb4	70	83	1333	129.05	Bb4	70	90	
868	130.276	C3	48	66	1334	129.125	C3	48	90	
869	130.389	C5	72	85	1335	129.15	C5	72	90	
870	130.508	Bb1	34	66	1338	129.25	Bb1	34	90	
871	130.524	Bb2	46	60	1339	129.25	Bb2	46	90	
872	130.645	D5	74	84	1336	129.25	D5	74	90	
873	130.832	D4	62	55	1340	129.375	D4	62	90	
874	130.957	C5	72	83	1341	129.5	C5	72	90	
875	131.128	F#4	66	85	1344	129.75	F#4	66	108	
876	131.27	Bb4	70	77	1342	129.75	Bb4	70	90	
877	131.57	A4	69	78	1346	130	A4	69	90	
878	131.972	G5	79	76	1347	130.25	G5	79	108	
879	132.226	G4	67	72	1349	130.375	G4	67	90	
880	132.562	F5	77	65	1351	130.5	F5	77	90	
881	132.802	A4	69	60	1354	130.75	A4	69	90	
882	132.805	Eb5	75	66	1352	130.75	Eb5	75	90	
883	132.938	F4	65	47	1355	130.875	F4	65	90	
884	133.045	Bb4	70	63	1357	131	Bb4	70	90	
885	133.064	D5	74	69	1356	131	D5	74	90	
886	133.296	Bb2	46	59	1360	131.25	Bb2	46	90	
887	133.308	C5	72	68	1358	131.25	C5	72	90	
888	133.43	C4	60	60	1361	131.375	C4	60	90	
889	133.559	Bb4	70	79	1362	131.5	Bb4	70	90	
890	133.808	Eb4	63	85	1365	131.75	Eb4	63	108	
891	133.863	G#4	68	62	1363	131.75	G#4	68	90	
892	134.071	G4	67	76	1366	131.875	C4	60	90	
893	134.205	G4	67	27	1367	132	G4	67	90	
894	134.421	F5	77	77	1368	132.25	F5	77	108	
895	134.641	F4	65	60	1370	132.375	F4	65	90	
896	134.92	Eb5	75	68	1372	132.5	Eb5	75	90	
897	135.249	G4	67	49	1375	132.75	G4	67	90	
898	135.25	D5	74	64	1373	132.75	D5	74	90	
899	135.405	Eb4	63	48	1376	132.875	Eb4	63	90	
900	135.507	C5	72	66	1377	133	C5	72	90	
901	135.783	Bb2	46	49	1381	133.25	Bb2	46	90	
902	135.783	Bb4	70	66	1379	133.25	Bb4	70	90	
903	135.946	D4	62	41	1382	133.375	D4	62	90	
904	136.048	G#4	68	70	1383	133.5	G#4	68	90	
905	136.308	G4	67	61	1384	133.75	G4	67	90	
906	136.478	G#3	56	40	1386	133.875	G#3	56	90	
907	136.582	F#4	66	63	1387	134	F#4	66	90	
908	136.593	Bb1	34	41	1388	134	Bb1	34	90	
909	136.884	Eb2	39	42	1391	134.25	Eb2	39	90	
910	136.89	G4	67	52	1389	134.25	G4	67	90	
911	137.069	G3	55	19	1392	134.375	G3	55	90	
912	137.21	Eb4	63	54	1393	134.5	Eb4	63	90	
913	137.533	A1	33	43	1397	134.75	A1	33	90	
914	137.536	D4	62	52	1394	134.75	D4	62	90	
915	137.543	A2	45	34	1396	134.75	A2	45	90	
916	137.688	G3	55	6	1398	134.875	G3	55	90	
917	137.934	C#4	61	45	1399	135	C#4	61	90	
918	138.44	D2	38	41	1402	135.25	D2	38	90	
919	138.519	D4	62	41	1400	135.25	D4	62	90	
920	138.77	A3	57	49	1403	135.417	A3	57	90	
921	138.985	G3	55	46	1404	135.583	G3	55	90	
922	139.266	F#3	54	44	1405	135.75	F#3	54	90	
923	139.999	Bb2	46	37	1406	136	Bb2	46	90	
924	140.001	G3	55	39	1408	136	G3	55	90	
925	140.01	E3	52	24	1407	136	E3	52	90	
926	141.038	D2	38	39	1412	136.25	D2	38	90	
927	141.264	F#3	54	33	1410	136.25	F#3	54	90	
928	141.264	D4	62	39	1409	136.25	D4	62	90	
929	141.267	A3	57	36	1411	136.25	A3	57	90	
930	141.283	A2	45	39	1413	136.25	A2	45	90	
931	144.699	D2	38	57	1414	136.315	D2	38	90	
932	144.701	D3	50	55	1415	137	D3	50	90	
933	144.958	G3	55	65	1417	137.25	G3	55	108	
934	144.974	G1	31	56	1418	137.25	G1	31	90	
935	144.974	G2	43	59	1419	137.25	G2	43	90	
936	144.999	D3	50	62	1420	137.333	D3	50	90	
937	145.033	A3	57	52	1421	137.417	A3	57	90	
938	145.139	Bb3	58	64	1422	137.5	Bb3	58	90	
939	145.409	A3	57	73	1423	137.75	A3	57	108	
940	145.476	D3	50	54	1424	137.833	D3	50	90	
941	145.532	Bb3	58	65	1425	137.917	Bb3	58	90	
942	145.618	C4	60	62	1426	138	C4	60	90	
943	145.88	Bb3	58	76	1427	138.25	Bb3	58	108	
944	145.957	D3	50	56	1428	138.333	D3	50	90	
945	145.992	C4	60	64	1429	138.417	C4	60	90	
946	146.064	D4	62	68	1430	138.5	D4	62	90	
947	146.314	G3	55	67	1431	138.75	G3	55	90	
948	146.363	D3	50	54	1432	138.833	D3	50	90	
949	146.414	A3	57	55	1433	138.917	A3	57	90	
950	146.496	Bb1	34	70	1435	139	Bb1	34	90	
951	146.51	Bb2	46	54	1436	139	Bb2	46	90	
952	146.52	Bb3	58	41	1434	139	Bb3	58	90	
953	146.741	C3	48	74	1439	139.25	C3	48	90	
954	146.742	C2	36	69	1438	139.25	C2	36	90	
955	146.743	A3	57	58	1437	139.25	A3	57	90	
956	146.806	Eb3	51	51	1440	139.333	Eb3	51	90	
957	146.841	Bb3	58	60	1441	139.417	Bb3	58	90	
958	146.934	C4	60	53	1442	139.5	C4	60	90	
959	147.177	D3	50	79	1445	139.75	D3	50	90	
960	147.177	F#3	54	57	1443	139.75	F#3	54	90	
961	147.181	D2	38	77	1444	139.75	D2	38	90	
962	147.25	C3	48	66	1446	139.833	C3	48	90	
963	147.329	G3	55	55	1447	139.917	G3	55	90	
964	147.389	A3	57	62	1448	140	A3	57	90	
965	147.632	G2	43	67	1451	140.25	G2	43	90	
966	147.634	G1	31	66	1450	140.25	G1	31	90	
967	147.634	G3	55	80	1449	140.25	G3	55	90	
968	147.72	D3	50	57	1452	140.333	D3	50	90	
969	147.765	A3	57	61	1453	140.417	A3	57	90	
970	147.832	Bb3	58	65	1454	140.5	Bb3	58	90	
971	148.08	A3	57	74	1455	140.75	A3	57	90	
972	148.238	F#3	54	73	1456	140.958	F#3	54	90	
973	148.27	D2	38	88	1458	141	D2	38	90	
974	148.283	D3	50	74	1457	141	D3	50	90	
975	148.519	G2	43	79	1461	141.25	G2	43	90	
976	148.522	G3	55	78	1459	141.25	G3	55	90	
977	148.524	G1	31	74	1460	141.25	G1	31	90	
978	148.564	D3	50	62	1462	141.333	D3	50	90	
979	148.653	A3	57	60	1463	141.417	A3	57	90	
980	148.728	Bb3	58	69	1464	141.5	Bb3	58	90	
981	148.986	A3	57	83	1465	141.75	A3	57	90	
982	149.045	D3	50	66	1466	141.833	D3	50	90	
983	149.123	Bb3	58	70	1467	141.917	Bb3	58	90	
984	149.214	C4	60	61	1468	142	C4	60	90	
985	149.456	Bb3	58	76	1469	142.25	Bb3	58	90	
986	149.507	D3	50	63	1470	142.333	D3	50	90	
987	149.577	C4	60	58	1471	142.417	C4	60	90	
988	149.647	D4	62	65	1472	142.5	D4	62	90	
989	149.898	G3	55	73	1473	142.75	G3	55	90	
990	149.941	D3	50	62	1474	142.833	D3	50	91	
991	149.999	A3	57	60	1475	142.917	A3	57	93	
992	150.11	Bb1	34	70	1477	143	Bb1	34	95	
993	150.121	Bb2	46	56	1478	143	Bb2	46	95	
994	150.122	Bb3	58	48	1476	143	Bb3	58	95	
995	150.345	C3	48	77	1481	143.25	C3	48	100	
996	150.348	C2	36	67	1480	143.25	C2	36	100	
997	150.352	A3	57	62	1479	143.25	A3	57	100	
998	150.4	Eb3	51	47	1482	143.333	Eb3	51	100	
999	150.45	Bb3	58	64	1483	143.417	Bb3	58	100	
1000	150.556	C4	60	61	1484	143.5	C4	60	100	
1001	150.797	D2	38	79	1486	143.75	D2	38	100	
1002	150.797	D3	50	80	1487	143.75	D3	50	100	
1003	150.801	B3	59	72	1485	143.75	B3	59	100	
1004	150.89	F3	53	61	1488	143.833	F3	53	100	
1005	150.939	C4	60	70	1489	143.917	C4	60	100	
1006	151.02	D4	62	71	1490	144	D4	62	100	
1007	151.267	Eb2	39	81	1492	144.25	Eb2	39	100	
1008	151.267	Eb3	51	79	1493	144.25	Eb3	51	100	
1009	151.28	C4	60	82	1491	144.25	C4	60	100	
1010	151.335	G3	55	61	1494	144.333	G3	55	100	
1011	151.4	D4	62	67	1495	144.417	D4	62	100	
1012	151.472	Eb4	63	78	1496	144.5	Eb4	63	100	
1013	151.714	B3	59	88	1497	144.75	B3	59	100	
1014	151.782	F3	53	65	1498	144.833	F3	53	100	
1015	151.857	C4	60	64	1499	144.917	C4	60	100	
1016	151.911	D4	62	67	1500	145	D4	62	100	
1017	151.914	D3	50	85	1502	145	D3	50	100	
1018	151.918	D2	38	79	1501	145	D2	38	100	
1019	152.168	Eb3	51	94	1505	145.25	Eb3	51	100	
1020	152.169	Eb2	39	95	1504	145.25	Eb2	39	100	
1021	152.174	C4	60	81	1503	145.25	C4	60	100	
1022	152.231	G3	55	66	1506	145.333	G3	55	100	
1023	152.292	D4	62	67	1507	145.417	D4	62	100	
1024	152.382	Eb4	63	82	1508	145.5	Eb4	63	100	
1025	152.618	C3	48	104	1511	145.75	C3	48	100	
1026	152.626	C2	36	85	1510	145.75	C2	36	100	
1027	152.627	Eb4	63	77	1509	145.75	Eb4	63	100	
1028	152.696	G3	55	62	1512	145.833	G3	55	100	
1029	152.772	F4	65	65	1513	145.917	F4	65	100	
1030	152.825	G4	67	84	1514	146	G4	67	100	
1031	153.077	D3	50	96	1517	146.25	D3	50	100	
1032	153.083	D2	38	87	1516	146.25	D2	38	100	
1033	153.092	F#4	66	82	1515	146.25	F#4	66	100	
1034	153.183	F#3	54	66	1518	146.333	F#3	54	100	
1035	153.279	G4	67	69	1519	146.417	G4	67	100	
1036	153.315	A4	69	78	1520	146.5	A4	69	100	
1037	153.536	D4	62	79	1521	146.75	D4	62	100	
1038	153.54	E4	64	78	*	-1	*	-1	-1	
1039	153.753	D4	62	70	1522	147	D4	62	100	
1040	153.757	D3	50	95	1523	147	D3	50	100	
1041	154.075	G3	55	91	1526	147.25	G3	55	120	
1042	154.082	G2	43	81	1527	147.25	G2	43	100	
1043	154.088	Bb2	46	78	1525	147.25	Bb2	46	120	
1044	154.088	G4	67	72	1524	147.25	G4	67	100	
1045	154.202	D4	62	55	1528	147.333	D4	62	100	
1046	154.258	A4	69	69	1529	147.417	A4	69	100	
1047	154.342	Bb4	70	71	1530	147.5	Bb4	70	100	
1048	154.552	A3	57	91	1533	147.75	A3	57	120	
1049	154.557	A4	69	82	1531	147.75	A4	69	100	
1050	154.56	D3	50	66	1532	147.75	D3	50	120	
1051	154.645	D4	62	77	1534	147.833	D4	62	100	
1052	154.716	Bb4	70	73	1535	147.917	Bb4	70	100	
1053	154.79	C5	72	88	1536	148	C5	72	100	
1054	155.001	Bb3	58	85	1538	148.25	Bb3	58	120	
1055	155.007	G3	55	72	1539	148.25	G3	55	100	
1056	155.01	Bb4	70	88	1537	148.25	Bb4	70	100	
1057	155.111	D4	62	67	1540	148.333	D4	62	100	
1058	155.166	C5	72	67	1541	148.417	C5	72	100	
1059	155.228	D5	74	86	1542	148.5	D5	74	100	
1060	155.452	G4	67	90	1543	148.75	G4	67	100	
1061	155.544	D4	62	67	1544	148.833	D4	62	100	
1062	155.591	A4	69	70	1545	148.917	A4	69	100	
1063	155.626	Bb2	46	87	1547	149	Bb2	46	120	
1064	155.626	G3	55	87	1548	149	G3	55	120	
1065	155.658	Bb4	70	78	1546	149	Bb4	70	100	
1066	155.87	A3	57	85	1552	149.25	A3	57	120	
1067	155.874	G3	55	82	1551	149.25	G3	55	120	
1068	155.882	C3	48	76	1550	149.25	C3	48	120	
1069	155.89	A4	69	72	1549	149.25	A4	69	100	
1070	155.939	Eb4	63	70	1553	149.333	Eb4	63	100	
1071	156.022	Bb4	70	68	1554	149.417	Bb4	70	100	
1072	156.101	C5	72	82	1555	149.5	C5	72	100	
1073	156.325	D4	62	91	1558	149.75	D4	62	120	
1074	156.328	F#4	66	79	1556	149.75	F#4	66	100	
1075	156.331	F#3	54	77	*	-1	*	-1	-1	
1076	156.335	D3	50	72	1557	149.75	D3	50	120	
1077	156.353	E4	64	41	*	-1	*	-1	-1	
1078	156.425	C4	60	72	1559	149.833	C4	60	100	
1079	156.499	G4	67	69	1560	149.917	G4	67	100	
1080	156.565	A4	69	71	1561	150	A4	69	100	
1081	156.82	G4	67	81	1562	150.25	G4	67	100	
1082	156.823	G3	55	86	1565	150.25	G3	55	120	
1083	156.838	Bb2	46	73	1564	150.25	Bb2	46	120	
1084	156.844	G2	43	67	1563	150.25	G2	43	120	
1085	156.905	D4	62	62	1566	150.333	D4	62	100	
1086	156.961	A4	69	66	1567	150.417	A4	69	100	
1087	157.044	Bb4	70	82	1568	150.5	Bb4	70	100	
1088	157.276	A4	69	79	1569	150.75	A4	69	100	
1089	157.413	F#4	66	78	1570	150.958	F#4	66	100	
1090	157.469	D4	62	86	1571	151	D4	62	100	
1091	157.472	D3	50	89	1572	151	D3	50	100	
1092	157.745	G4	67	83	1573	151.25	G4	67	100	
1093	157.752	G3	55	89	1575	151.25	G3	55	120	
1094	157.763	G2	43	75	1576	151.25	G2	43	100	
1095	157.763	Bb2	46	75	1574	151.25	Bb2	46	120	
1096	157.804	F3	53	29	*	-1	*	-1	-1	
1097	157.819	D4	62	65	1577	151.333	D4	62	100	
1098	157.909	A4	69	65	1578	151.417	A4	69	100	
1099	157.976	Bb4	70	80	1579	151.5	Bb4	70	100	
1100	158.226	A3	57	88	1582	151.75	A3	57	120	
1101	158.23	D3	50	73	1581	151.75	D3	50	120	
1102	158.231	A4	69	83	1580	151.75	A4	69	100	
1103	158.315	D4	62	67	1583	151.833	D4	62	100	
1104	158.382	Bb4	70	73	1584	151.917	Bb4	70	100	
1105	158.447	C5	72	83	1585	152	C5	72	100	
1106	158.663	Bb3	58	93	1587	152.25	Bb3	58	120	
1107	158.669	G3	55	80	1588	152.25	G3	55	100	
1108	158.68	Bb4	70	88	1586	152.25	Bb4	70	100	
1109	158.772	D4	62	71	1589	152.333	D4	62	100	
1110	158.824	C5	72	71	1590	152.417	C5	72	100	
1111	158.884	D5	74	83	1591	152.5	D5	74	100	
1112	159.13	Eb5	75	85	1592	152.75	Eb5	75	100	
1113	159.176	G4	67	74	1593	152.833	G4	67	100	
1114	159.257	F5	77	74	1594	152.917	F5	77	100	
1115	159.29	G5	79	84	1595	153	G5	79	100	
1116	159.304	Eb3	51	101	1597	153	Eb3	51	100	
1117	159.306	Eb2	39	99	1596	153	Eb2	39	100	
1118	159.529	A4	69	73	1598	153.25	A4	69	100	
1119	159.539	F2	41	79	1599	153.25	F2	41	100	
1120	159.542	F3	53	70	1600	153.25	F3	53	100	
1121	159.626	C4	60	53	1601	153.333	C4	60	100	
1122	159.711	Bb4	70	66	1602	153.417	Bb4	70	100	
1123	159.759	C5	72	59	1603	153.5	C5	72	100	
1124	159.969	Bb1	34	74	1605	153.75	Bb1	34	100	
1125	159.972	D5	74	73	1604	153.75	D5	74	100	
1126	159.975	Bb2	46	66	1606	153.75	Bb2	46	100	
1127	160.036	F4	65	66	1607	153.833	F4	65	100	
1128	160.134	Eb5	75	63	1608	153.917	Eb5	75	100	
1129	160.183	F5	77	69	1609	154	F5	77	100	
1130	160.41	Eb2	39	79	1611	154.25	Eb2	39	100	
1131	160.41	Eb3	51	84	1612	154.25	Eb3	51	100	
1132	160.415	G4	67	75	1610	154.25	G4	67	100	
1133	160.503	Bb3	58	69	1613	154.333	Bb3	58	100	
1134	160.551	A4	69	68	1614	154.417	A4	69	100	
1135	160.619	Bb4	70	68	1615	154.5	Bb4	70	100	
1136	160.827	C5	72	62	1616	154.75	C5	72	100	
1137	160.923	Eb4	63	55	1617	154.833	Eb4	63	100	
1138	160.965	D5	74	74	1618	154.917	D5	74	100	
1139	160.994	Eb5	75	78	1619	155	Eb5	75	100	
1140	161.004	A2	45	95	1621	155	A2	45	100	
1141	161.01	A1	33	92	1620	155	A1	33	100	
1142	161.277	D3	50	61	1624	155.25	D3	50	100	
1143	161.28	F#4	66	73	1622	155.25	F#4	66	100	
1144	161.283	D2	38	61	1623	155.25	D2	38	100	
1145	161.33	A3	57	50	1625	155.333	A3	57	100	
1146	161.424	G4	67	59	1626	155.417	G4	67	100	
1147	161.468	A4	69	73	1627	155.5	A4	69	100	
1148	161.691	C5	72	80	1628	155.75	C5	72	100	
1149	161.773	Eb4	63	68	1629	155.833	Eb4	63	100	
1150	161.832	D5	74	76	1630	155.917	D5	74	100	
1151	161.873	Eb5	75	86	1631	156	Eb5	75	100	
1152	161.886	G#2	44	106	1633	156	G#2	44	100	
1153	161.889	G#1	32	108	1632	156	G#1	32	100	
1154	162.19	D3	50	56	1636	156.25	D3	50	100	
1155	162.195	F#4	66	54	1634	156.25	F#4	66	100	
1156	162.207	D2	38	54	1635	156.25	D2	38	100	
1157	162.263	A3	57	54	1637	156.333	A3	57	100	
1158	162.346	G4	67	57	1638	156.417	G4	67	100	
1159	162.403	A4	69	70	1639	156.5	A4	69	100	
1160	162.606	C5	72	68	1640	156.75	C5	72	100	
1161	162.717	Eb4	63	63	1641	156.833	Eb4	63	100	
1162	162.742	D5	74	64	1642	156.917	D5	74	100	
1163	162.781	Eb5	75	73	1643	157	Eb5	75	100	
1164	162.795	A2	45	81	1645	157	A2	45	100	
1165	162.799	A1	33	75	1644	157	A1	33	100	
1166	163.048	D3	50	54	1648	157.25	D3	50	100	
1167	163.05	D2	38	55	1647	157.25	D2	38	100	
1168	163.05	F#4	66	71	1646	157.25	F#4	66	100	
1169	163.134	A3	57	52	1649	157.333	A3	57	100	
1170	163.211	G4	67	60	1650	157.417	G4	67	100	
1171	163.247	A4	69	66	1651	157.5	A4	69	100	
1172	163.494	C4	60	67	1652	157.75	C4	60	100	
1173	163.543	A3	57	66	1653	157.833	A3	57	100	
1174	163.614	D4	62	60	1654	157.917	D4	62	100	
1175	163.676	Eb4	63	77	1655	158	Eb4	63	100	
1176	163.932	F#3	54	65	1656	158.25	F#3	54	100	
1177	164.012	D3	50	54	*	-1	*	-1	-1	
1178	164.075	G3	55	56	1657	158.417	G3	55	100	
1179	164.129	A3	57	57	1658	158.5	A3	57	100	
1180	164.374	D3	50	35	1659	158.75	D3	50	100	
1181	164.561	D2	38	90	1661	159	D2	38	100	
1182	164.569	D3	50	64	1660	159	D3	50	100	
1183	164.577	E2	40	65	*	-1	*	-1	-1	
1184	164.792	G2	43	73	1664	159.25	G2	43	100	
1185	164.8	G1	31	67	1663	159.25	G1	31	100	
1186	164.811	G3	55	67	1662	159.25	G3	55	120	
1187	164.872	D3	50	53	1665	159.333	D3	50	100	
1188	164.932	A3	57	63	1666	159.417	A3	57	100	
1189	165.003	Bb3	58	68	1667	159.5	Bb3	58	100	
1190	165.251	A3	57	71	1668	159.75	A3	57	100	
1191	165.332	D3	50	64	1669	159.833	D3	50	100	
1192	165.38	Bb3	58	67	1670	159.917	Bb3	58	100	
1193	165.468	C4	60	64	1671	160	C4	60	100	
1194	165.701	Bb3	58	70	1672	160.25	Bb3	58	120	
1195	165.778	D3	50	58	1673	160.333	D3	50	100	
1196	165.824	C4	60	69	1674	160.417	C4	60	100	
1197	165.88	D4	62	70	1675	160.5	D4	62	100	
1198	166.132	G3	55	79	1676	160.75	G3	55	120	
1199	166.189	D3	50	63	1677	160.833	D3	50	100	
1200	166.239	A3	57	65	1678	160.917	A3	57	100	
1201	166.305	Bb2	46	71	1681	161	Bb2	46	100	
1202	166.309	Bb1	34	75	1680	161	Bb1	34	100	
1203	166.32	Bb3	58	66	1679	161	Bb3	58	100	
1204	166.563	A3	57	54	1682	161.25	A3	57	120	
1205	166.565	C3	48	78	1684	161.25	C3	48	120	
1206	166.566	C2	36	66	1683	161.25	C2	36	120	
1207	166.624	Eb3	51	59	1685	161.333	Eb3	51	100	
1208	166.675	Bb3	58	62	1686	161.417	Bb3	58	100	
1209	166.767	C4	60	62	1687	161.5	C4	60	100	
1210	167.004	D3	50	76	1690	161.75	D3	50	120	
1211	167.009	B3	59	78	1688	161.75	B3	59	120	
1212	167.01	D2	38	69	1689	161.75	D2	38	120	
1213	167.108	F3	53	68	1691	161.833	F3	53	100	
1214	167.154	C4	60	66	1692	161.917	C4	60	100	
1215	167.233	D4	62	70	1693	162	D4	62	100	
1216	167.472	Eb3	51	90	1696	162.25	Eb3	51	120	
1217	167.479	Eb2	39	80	1695	162.25	Eb2	39	120	
1218	167.483	C4	60	81	1694	162.25	C4	60	120	
1219	167.56	G3	55	63	1697	162.333	G3	55	100	
1220	167.61	D4	62	69	1698	162.417	D4	62	100	
1221	167.681	Eb4	63	82	1699	162.5	Eb4	63	100	
1222	167.907	B3	59	91	1700	162.75	B3	59	120	
1223	167.989	F3	53	66	1701	162.833	F3	53	100	
1224	168.048	C4	60	73	1702	162.917	C4	60	100	
1225	168.113	D3	50	90	1705	163	D3	50	100	
1226	168.12	D2	38	83	1704	163	D2	38	100	
1227	168.124	D4	62	71	1703	163	D4	62	100	
1228	168.345	Eb3	51	94	1708	163.25	Eb3	51	120	
1229	168.345	C4	60	83	1706	163.25	C4	60	120	
1230	168.347	Eb2	39	92	1707	163.25	Eb2	39	120	
1231	168.43	G3	55	69	1709	163.333	G3	55	100	
1232	168.486	D4	62	72	1710	163.417	D4	62	100	
1233	168.563	Eb4	63	82	1711	163.5	Eb4	63	100	
1234	168.669	C4	60	84	1712	163.625	C4	60	100	
1235	168.797	D4	62	85	1713	163.75	D4	62	120	
1236	168.804	D3	50	99	1715	163.75	D3	50	120	
1237	168.81	D2	38	91	1714	163.75	D2	38	120	
1238	168.9	G3	55	82	1716	163.833	G3	55	100	
1239	168.976	Eb4	63	71	1717	163.917	Eb4	63	100	
1240	169.034	F4	65	89	1718	164	F4	65	100	
1241	169.307	C#3	49	93	1721	164.25	C#3	49	100	
1242	169.31	C#2	37	92	1720	164.25	C#2	37	100	
1243	169.323	E4	64	84	1719	164.25	E4	64	120	
1244	169.411	G3	55	61	1722	164.333	G3	55	100	
1245	169.508	F#4	66	72	1723	164.417	F#4	66	100	
1246	169.549	G4	67	89	1724	164.5	G4	67	100	
1247	169.784	G4	67	91	1725	164.75	G4	67	120	
1248	169.884	Bb3	58	76	1726	164.833	Bb3	58	100	
1249	169.919	A4	69	62	1727	164.917	A4	69	100	
1250	169.987	Bb4	70	93	1728	165	Bb4	70	100	
1251	169.991	C#3	49	91	1730	165	C#3	49	100	
1252	169.994	C#2	37	89	1729	165	C#2	37	100	
1253	170.284	D5	74	103	1732	165.25	D5	74	100	
1254	170.288	D3	50	99	1734	165.25	D3	50	100	
1255	170.289	D4	62	95	1731	165.25	D4	62	100	
1256	170.293	D2	38	88	1733	165.25	D2	38	100	
1257	170.811	F#4	66	102	1737	165.75	F#4	66	100	
1258	170.819	D3	50	96	1739	165.75	D3	50	100	
1259	170.823	A3	57	79	1735	165.75	A3	57	100	
1260	170.824	D2	38	89	1738	165.75	D2	38	100	
1261	171.428	E4	64	86	1740	166.25	E4	64	120	
1262	171.44	C#3	49	85	1742	166.25	C#3	49	100	
1263	171.446	C#2	37	78	1741	166.25	C#2	37	100	
1264	171.555	Bb3	58	69	1743	166.333	Bb3	58	100	
1265	171.566	F#4	66	71	1744	166.417	F#4	66	100	
1266	171.64	G4	67	84	1745	166.5	G4	67	100	
1267	171.879	G4	67	96	1746	166.75	G4	67	120	
1268	171.985	Bb3	58	55	1747	166.833	Bb3	58	100	
1269	172.062	A4	69	79	1748	166.917	A4	69	100	
1270	172.094	Bb4	70	82	1749	167	Bb4	70	100	
1271	172.097	C#3	49	88	1751	167	C#3	49	100	
1272	172.101	C#2	37	89	1750	167	C#2	37	100	
1273	172.371	G5	79	97	1754	167.25	G5	79	100	
1274	172.373	Bb4	70	97	1752	167.25	Bb4	70	100	
1275	172.375	D3	50	99	1756	167.25	D3	50	100	
1276	172.375	D5	74	92	1753	167.25	D5	74	100	
1277	172.383	D2	38	87	1755	167.25	D2	38	100	
1278	172.939	D5	74	102	1759	167.75	D5	74	100	
1279	172.942	A4	69	93	1758	167.75	A4	69	100	
1280	172.944	F#4	66	94	1757	167.75	F#4	66	100	
1281	172.949	D3	50	98	1761	167.75	D3	50	100	
1282	172.958	D2	38	85	1760	167.75	D2	38	100	
1283	173.351	F4	65	103	1762	168	F4	65	100	
1284	173.355	E4	64	99	*	-1	*	-1	-1	
1285	173.844	G#5	80	99	1763	168.25	G#5	80	110	
1286	173.863	G2	43	106	1765	168.25	G2	43	110	
1287	173.876	G1	31	95	1764	168.25	G1	31	110	
1288	174.076	G#4	68	54	1766	168.333	G#4	68	110	
1289	174.183	G5	79	66	1767	168.417	G5	79	110	
1290	174.261	F5	77	93	1768	168.5	F5	77	110	
1291	174.282	G#3	56	83	1769	168.5	G#3	56	110	
1292	174.523	F5	77	107	1770	168.75	F5	77	110	
1293	174.531	G#4	68	92	1771	168.75	A4	69	110	
1294	174.675	F4	65	13	1772	168.833	F4	65	110	
1295	174.707	Bb3	58	49	1775	168.917	Bb3	58	110	
1296	174.715	Eb5	75	72	1774	168.917	Eb5	75	110	
1297	174.768	D5	74	83	1776	169	D5	74	110	
1298	174.79	B3	59	73	1777	169	B3	59	110	
1299	174.93	D5	74	96	1778	169.25	D5	74	110	
1300	174.934	F4	65	89	1779	169.25	F4	65	110	
1301	174.979	F3	53	52	1781	169.333	F3	53	110	
1302	175.073	C5	72	73	1782	169.417	C5	72	110	
1303	175.106	G3	55	56	1783	169.417	G3	55	110	
1304	175.148	B4	71	81	1784	169.5	B4	71	110	
1305	175.154	G#3	56	81	1785	169.5	G#3	56	110	
1306	175.284	D4	62	91	1787	169.75	D4	62	110	
1307	175.288	B4	71	85	1786	169.75	B4	71	110	
1308	175.437	G#4	68	75	1790	169.917	G#4	68	110	
1309	175.447	D3	50	55	1789	169.833	D3	50	110	
1310	175.476	Eb3	51	75	1791	169.917	Eb3	51	110	
1311	175.511	G4	67	76	1792	170	G4	67	110	
1312	175.522	F3	53	70	1793	170	F3	53	110	
1313	175.672	Eb4	63	108	1796	170.25	Eb4	63	110	
1314	175.674	Eb3	51	97	1795	170.25	Eb3	51	110	
1315	175.695	G4	67	73	1794	170.25	G4	67	110	
1316	175.882	C4	60	76	1797	170.333	C4	60	110	
1317	175.924	B4	71	64	1798	170.417	B4	71	110	
1318	176.01	C5	72	80	1799	170.5	C5	72	110	
1319	176.185	G2	43	94	1802	170.75	G2	43	110	
1320	176.192	C5	72	75	1800	170.75	C5	72	110	
1321	176.197	G1	31	75	1801	170.75	G1	31	110	
1322	176.313	Eb4	63	72	1803	170.833	Eb4	63	110	
1323	176.371	D5	74	61	1804	170.917	D5	74	110	
1324	176.421	G2	43	26	*	-1	*	-1	-1	
1325	176.431	Eb5	75	80	1805	171	Eb5	75	110	
1326	176.565	Eb5	75	73	1806	171.25	Eb5	75	110	
1327	176.654	G4	67	65	1807	171.333	G4	67	110	
1328	176.731	F5	77	68	1808	171.417	F5	77	110	
1329	176.759	C3	48	89	1811	171.5	C3	48	110	
1330	176.764	C2	36	78	1810	171.5	C2	36	110	
1331	176.782	G5	79	65	1809	171.5	G5	79	110	
1332	176.969	G5	79	83	1812	171.75	G5	79	110	
1333	176.977	Eb3	51	102	1814	171.75	Eb3	51	110	
1334	176.981	Eb2	39	96	1813	171.75	Eb2	39	110	
1335	177.085	C5	72	66	1815	171.833	C5	72	110	
1336	177.127	B5	83	73	1816	171.917	B5	83	110	
1337	177.156	G3	55	97	1819	172	G3	55	110	
1338	177.159	G2	43	92	1818	172	G2	43	110	
1339	177.181	C6	84	82	1817	172	C6	84	110	
1340	177.343	A3	57	103	1823	172.25	A3	57	110	
1341	177.343	Eb6	87	90	1820	172.25	Eb6	87	110	
1342	177.345	G2	43	93	1821	172.25	G2	43	110	
1343	177.357	G3	55	77	*	-1	*	-1	-1	
1344	177.372	A2	45	52	1822	172.25	A2	45	110	
1345	177.381	C#6	85	62	*	-1	*	-1	-1	
1346	177.463	Eb5	75	29	1824	172.333	Eb5	75	110	
1347	177.549	D6	86	77	1825	172.417	D6	86	110	
1348	177.612	F#4	66	91	1827	172.5	F#4	66	110	
1349	177.621	C6	84	87	1826	172.5	C6	84	110	
1350	177.798	C6	84	94	1828	172.75	C6	84	110	
1351	177.805	F#5	78	94	1829	172.75	F#5	78	110	
1352	177.842	C5	72	70	1830	172.833	C5	72	110	
1353	177.886	B4	71	36	*	-1	*	-1	-1	
1354	177.913	F#4	66	51	1831	172.833	F#4	66	110	
1355	177.95	Bb5	82	75	1832	172.917	Bb5	82	110	
1356	177.968	G4	67	56	1833	172.917	G4	67	110	
1357	177.977	A4	69	80	1835	173	A4	69	110	
1358	178.002	A5	81	81	1834	173	A5	81	110	
1359	178.153	A5	81	79	1836	173.25	A5	81	110	
1360	178.155	Eb5	75	101	1837	173.25	Eb5	75	110	
1361	178.16	B5	83	74	*	-1	*	-1	-1	
1362	178.169	Eb4	63	79	1839	173.333	Eb4	63	110	
1363	178.263	G5	79	75	1840	173.417	G5	79	110	
1364	178.308	F4	65	56	1841	173.417	F4	65	110	
1365	178.315	F#4	66	75	1843	173.5	F#4	66	110	
1366	178.327	F#5	78	86	1842	173.5	F#5	78	110	
1367	178.477	C5	72	92	1845	173.75	C5	72	110	
1368	178.484	F#5	78	88	1844	173.75	F#5	78	110	
1369	178.514	C4	60	60	1847	173.833	C4	60	110	
1370	178.62	C4	60	47	1850	174	D4	62	110	
1371	178.621	D5	74	60	1848	173.917	Eb5	75	110	
1372	178.637	C#4	61	71	*	-1	*	-1	-1	
1373	178.641	C#5	73	55	1849	174	D5	74	110	
1374	178.807	G3	55	95	1853	174.25	G3	55	110	
1375	178.823	G2	43	76	1852	174.25	G2	43	110	
1376	178.83	Bb5	82	81	1851	174.25	Bb5	82	110	
1377	178.872	B5	83	48	*	-1	*	-1	-1	
1378	178.952	A5	81	60	1855	174.417	A5	81	110	
1379	179.012	G5	79	59	1856	174.5	G5	79	110	
1380	179.02	Eb4	63	79	1857	174.5	Eb4	63	110	
1381	179.05	D4	62	53	*	-1	*	-1	-1	
1382	179.163	G5	79	85	1858	174.75	G5	79	110	
1383	179.183	G4	67	74	1860	174.833	G4	67	110	
1384	179.191	Eb5	75	85	1859	174.75	Eb5	75	110	
1385	179.205	Eb4	63	71	1861	174.833	Eb4	63	110	
1386	179.213	A4	69	58	*	-1	*	-1	-1	
1387	179.278	F5	77	74	1862	174.917	F5	77	110	
1388	179.317	F4	65	61	1863	174.917	F4	65	110	
1389	179.328	Eb5	75	81	1864	175	Eb5	75	110	
1390	179.338	G4	67	68	1865	175	G4	67	110	
1391	179.485	Bb5	82	88	1866	175.25	Bb5	82	110	
1392	179.497	G3	55	85	1867	175.25	G3	55	110	
1393	179.549	Bb4	70	64	1868	175.333	Bb4	70	110	
1394	179.604	A5	81	70	1869	175.417	A5	81	110	
1395	179.659	G5	79	71	1870	175.5	G5	79	110	
1396	179.661	Eb4	63	84	1871	175.5	Eb4	63	110	
1397	179.812	G5	79	91	1872	175.75	G5	79	110	
1398	179.813	Eb5	75	96	1873	175.75	Eb5	75	110	
1399	179.823	G4	67	87	1874	175.833	G4	67	110	
1400	179.921	Eb4	63	40	1875	175.833	Eb4	63	110	
1401	179.939	F5	77	76	1876	175.917	F5	77	110	
1402	179.955	F4	65	63	1877	175.917	F4	65	110	
1403	179.971	G4	67	67	1879	176	G4	67	110	
1404	179.975	Eb5	75	87	1878	176	Eb5	75	110	
1405	180.134	G3	55	94	1881	176.25	G3	55	110	
1406	180.138	Bb5	82	92	1880	176.25	Bb5	82	110	
1407	180.192	Bb4	70	66	1882	176.333	Bb4	70	110	
1408	180.25	A5	81	68	1883	176.417	A5	81	110	
1409	180.309	Eb4	63	83	1885	176.5	Eb4	63	110	
1410	180.311	G5	79	72	1884	176.5	G5	79	110	
1411	180.513	G5	79	93	1886	176.75	G5	79	110	
1412	180.519	Eb5	75	97	1887	176.75	Eb5	75	110	
1413	180.528	G4	67	83	1888	176.833	G4	67	110	
1414	180.548	Eb4	63	34	1889	176.833	Eb4	63	110	
1415	180.548	A4	69	64	*	-1	*	-1	-1	
1416	180.65	F5	77	75	1890	176.917	F5	77	110	
1417	180.688	F4	65	62	1891	176.917	F4	65	110	
1418	180.694	Eb5	75	77	1892	177	Eb5	75	110	
1419	180.709	G4	67	79	1893	177	G4	67	110	
1420	180.827	Eb5	75	81	1894	177.25	Eb5	75	110	
1421	180.834	C5	72	96	1895	177.25	C5	72	110	
1422	180.842	C4	60	87	1897	177.333	C4	60	110	
1423	180.895	E5	76	27	*	-1	*	-1	-1	
1424	180.934	D5	74	68	1898	177.417	D5	74	110	
1425	180.981	D4	62	76	1899	177.417	D4	62	110	
1426	181.004	C5	72	72	1900	177.5	C5	72	110	
1427	181.022	Eb4	63	87	1901	177.5	Eb4	63	110	
1428	181.148	F#4	66	103	1903	177.75	F#4	66	110	
1429	181.159	C5	72	88	1902	177.75	C5	72	110	
1430	181.269	C4	60	68	1904	177.833	C4	60	110	
1431	181.328	D3	50	96	1907	178	D3	50	110	
1432	181.328	Bb4	70	74	1905	177.917	Bb4	70	110	
1433	181.389	A4	69	69	1906	178	A4	69	110	
1434	181.502	G2	43	97	1909	178.25	G2	43	110	
1435	181.511	Bb4	70	72	1908	178.25	Bb4	70	110	
1436	181.529	A2	45	48	*	-1	*	-1	-1	
1437	181.619	Bb3	58	63	1910	178.333	Bb3	58	110	
1438	181.655	A4	69	66	1911	178.417	A4	69	110	
1439	181.687	Eb3	51	77	1913	178.5	Eb3	51	110	
1440	181.761	G4	67	25	1912	178.5	G4	67	110	
1441	181.83	Eb4	63	89	1915	178.75	Eb4	63	110	
1442	181.831	G4	67	62	1914	178.75	G4	67	110	
1443	181.964	Eb3	51	27	1917	178.833	Eb3	51	110	
1444	181.98	F4	65	66	1918	178.917	F4	65	110	
1445	181.997	F3	53	66	1919	178.917	F3	53	110	
1446	182.01	Eb4	63	77	1920	179	Eb4	63	110	
1447	182.012	G3	55	70	1921	179	G3	55	110	
1448	182.151	Bb4	70	89	1922	179.25	Bb4	70	110	
1449	182.159	G2	43	77	1923	179.25	G2	43	110	
1450	182.223	Bb3	58	68	1924	179.333	Bb3	58	110	
1451	182.275	A4	69	70	1925	179.417	A4	69	110	
1452	182.317	Eb3	51	81	1927	179.5	Eb3	51	110	
1453	182.325	G4	67	72	1926	179.5	G4	67	110	
1454	182.463	Eb4	63	91	1929	179.75	Eb4	63	110	
1455	182.475	G4	67	91	1928	179.75	G4	67	110	
1456	182.499	G3	55	81	1930	179.833	G3	55	110	
1457	182.601	F4	65	64	1932	179.917	F4	65	110	
1458	182.626	F3	53	67	1933	179.917	F3	53	110	
1459	182.626	E4	64	51	*	-1	*	-1	-1	
1460	182.628	Eb4	63	79	1934	180	Eb4	63	110	
1461	182.633	Eb3	51	31	*	-1	*	-1	-1	
1462	182.638	G3	55	74	1935	180	G3	55	110	
1463	182.773	G2	43	93	1937	180.25	G2	43	110	
1464	182.789	Bb4	70	81	1936	180.25	Bb4	70	110	
1465	182.821	Bb3	58	74	1938	180.333	Bb3	58	110	
1466	182.845	G#4	68	45	*	-1	*	-1	-1	
1467	182.922	A4	69	60	1939	180.417	A4	69	110	
1468	182.938	Eb3	51	84	1941	180.5	Eb3	51	110	
1469	182.968	G4	67	58	1940	180.5	G4	67	110	
1470	183.098	G4	67	92	1942	180.75	G4	67	110	
1471	183.107	G3	55	86	1944	180.833	G3	55	110	
1472	183.11	Eb4	63	98	1943	180.75	Eb4	63	110	
1473	183.216	F4	65	76	1946	180.917	F4	65	110	
1474	183.258	Eb4	63	79	1948	181	Eb4	63	110	
1475	183.268	Eb3	51	16	*	-1	*	-1	-1	
1476	183.278	F3	53	58	1947	180.917	F3	53	110	
1477	183.289	G3	55	71	1949	181	G3	55	110	
1478	183.39	Eb4	63	82	1950	181.25	Eb4	63	110	
1479	183.399	C4	60	91	1951	181.25	C4	60	110	
1480	183.403	C3	48	88	1953	181.333	C3	48	110	
1481	183.438	Eb3	51	47	1952	181.333	Eb3	51	110	
1482	183.503	D4	62	63	1954	181.417	D4	62	110	
1483	183.543	D3	50	75	1955	181.417	D3	50	110	
1484	183.567	C4	60	70	1956	181.5	C4	60	110	
1485	183.582	Eb3	51	87	1957	181.5	Eb3	51	110	
1486	183.701	F#3	54	94	1959	181.75	F#3	54	110	
1487	183.709	C4	60	87	1958	181.75	C4	60	110	
1488	183.824	C3	48	55	1960	181.833	C3	48	110	
1489	183.895	Bb3	58	79	1961	181.917	Bb3	58	110	
1490	183.905	D2	38	101	1963	182	D2	38	110	
1491	183.951	A3	57	60	1962	182	A3	57	110	
1492	184.107	G1	31	95	1965	182.25	G1	31	110	
1493	184.112	Bb3	58	81	1964	182.25	Bb3	58	110	
1494	184.262	A3	57	67	1967	182.417	A3	57	110	
1495	184.272	Bb2	46	25	*	-1	*	-1	-1	
1496	184.278	D2	38	95	1969	182.5	D2	38	110	
1497	184.32	G3	55	66	1968	182.5	G3	55	110	
1498	184.453	F#3	54	94	1971	182.75	F#3	54	110	
1499	184.453	C4	60	91	1970	182.75	C4	60	110	
1500	184.573	C3	48	67	1972	182.833	C3	48	110	
1501	184.621	D3	50	39	*	-1	*	-1	-1	
1502	184.624	D2	38	96	1975	183	D2	38	110	
1503	184.631	Bb3	58	73	1973	182.917	Bb3	58	110	
1504	184.727	A3	57	28	1974	183	A3	57	110	
1505	184.779	G1	31	95	1977	183.25	G1	31	110	
1506	184.788	Bb3	58	84	1976	183.25	Bb3	58	127	
1507	184.916	Bb2	46	41	1978	183.333	Bb2	46	110	
1508	184.935	A3	57	68	1979	183.417	A3	57	110	
1509	184.942	D2	38	91	1981	183.5	D2	38	110	
1510	184.947	C2	36	84	*	-1	*	-1	-1	
1511	185.012	G3	55	52	1980	183.5	G3	55	110	
1512	185.124	F#3	54	100	1983	183.75	F#3	54	110	
1513	185.132	C4	60	95	1982	183.75	C4	60	127	
1514	185.254	C3	48	80	1984	183.833	C3	48	110	
1515	185.3	Bb3	58	73	1985	183.917	Bb3	58	110	
1516	185.305	D2	38	88	1987	184	D2	38	110	
1517	185.533	D4	62	99	1988	184.25	D4	62	127	
1518	185.535	G2	43	84	1990	184.25	G2	43	110	
1519	185.544	G1	31	76	1989	184.25	G1	31	110	
1520	185.656	D3	50	46	1991	184.333	D3	50	110	
1521	185.733	C4	60	63	1992	184.417	C4	60	110	
1522	185.749	Bb3	58	78	1993	184.5	Bb3	58	110	
1523	185.874	G4	67	92	1994	184.75	G4	67	127	
1524	185.936	G3	55	64	1995	184.833	G3	55	110	
1525	185.995	Eb4	63	77	1996	184.917	Eb4	63	110	
1526	186.093	D4	62	64	1997	185	D4	62	110	
1527	186.217	Bb4	70	93	1998	185.25	Bb4	70	127	
1528	186.265	Bb3	58	64	2001	185.333	Bb3	58	110	
1529	186.366	A4	69	73	2002	185.417	A4	69	110	
1530	186.408	G4	67	71	2003	185.5	G4	67	110	
1531	186.526	D5	74	98	2004	185.75	D5	74	110	
1532	186.571	D4	62	74	2005	185.833	D4	62	110	
1533	186.624	Bb4	70	75	2006	185.917	Bb4	70	110	
1534	186.689	B4	71	55	*	-1	*	-1	-1	
1535	186.695	A4	69	85	2007	186	A4	69	110	
1536	186.697	D3	50	92	2009	186	D3	50	110	
1537	186.699	D2	38	93	2008	186	D2	38	110	
1538	186.857	G5	79	96	2010	186.25	G5	79	127	
1539	186.858	G2	43	97	2012	186.25	G2	43	110	
1540	186.86	G1	31	86	2011	186.25	G1	31	110	
1541	186.886	G4	67	80	2013	186.333	G4	67	110	
1542	186.981	Eb5	75	80	2014	186.417	Eb5	75	110	
1543	187.065	D5	74	67	2015	186.5	D5	74	110	
1544	187.186	Bb5	82	97	2016	186.75	Bb5	82	127	
1545	187.215	Bb4	70	83	2017	186.833	Bb4	70	110	
1546	187.324	A5	81	72	2018	186.917	A5	81	110	
1547	187.375	G5	79	68	2019	187	G5	79	110	
1548	187.495	D6	86	96	2020	187.25	D6	86	127	
1549	187.542	D5	74	82	2021	187.333	D5	74	110	
1550	187.622	C6	84	57	2022	187.417	C6	84	110	
1551	187.638	B5	83	59	*	-1	*	-1	-1	
1552	187.658	Bb5	82	87	2023	187.5	Bb5	82	110	
1553	187.81	G6	91	106	2024	187.75	G6	91	127	
1554	187.816	G5	79	99	2025	187.833	G5	79	110	
1555	187.904	Eb6	87	85	2026	187.917	Eb6	87	110	
1556	187.963	D6	86	83	2027	188	D6	86	110	
1557	187.981	D3	50	94	2029	188	D3	50	110	
1558	187.984	D2	38	94	2028	188	D2	38	110	
1559	188.19	Bb6	94	109	2031	188.25	Bb6	94	127	
1560	188.194	Bb5	82	107	2030	188.25	Bb5	82	127	
1561	188.198	G2	43	99	2033	188.25	G2	43	127	
1562	188.211	G1	31	82	2032	188.25	G1	31	127	
1563	188.212	G#6	92	68	*	-1	*	-1	-1	
1564	188.214	F2	41	79	*	-1	*	-1	-1	
1565	188.775	G6	91	105	2035	188.75	G6	91	127	
1566	188.776	G5	79	101	2034	188.75	G5	79	127	
1567	189.12	Bb5	82	104	2036	189	Bb5	82	127	
1568	189.326	D5	74	96	2037	189.25	D5	74	127	
1569	189.327	D6	86	93	2038	189.25	D6	86	127	
1570	189.493	G5	79	94	2039	189.5	G5	79	127	
1571	189.638	Bb5	82	93	2041	189.75	Bb5	82	127	
1572	189.641	Bb4	70	90	2040	189.75	Bb4	70	127	
1573	189.76	D5	74	89	2042	189.75	D5	74	127	
1574	189.883	G4	67	89	2043	190.25	G4	67	127	
1575	189.884	G5	79	82	2044	190.25	G5	79	127	
1576	189.991	Bb4	70	93	2045	190.5	Bb4	70	127	
1577	190.113	D4	62	81	2046	190.75	D4	62	127	
1578	190.113	E5	76	75	*	-1	*	-1	-1	
1579	190.118	D5	74	77	2047	190.75	D5	74	127	
1580	190.126	E4	64	62	*	-1	*	-1	-1	
1581	190.135	C#5	73	56	*	-1	*	-1	-1	
1582	190.196	G4	67	96	2048	191	G4	67	127	
1583	190.303	Bb4	70	88	2050	191.25	Bb4	70	127	
1584	190.311	Bb3	58	85	2049	191.25	Bb3	58	127	
1585	190.393	D4	62	99	2051	191.5	D4	62	127	
1586	190.502	G3	55	95	2052	191.75	G3	55	127	
1587	190.507	G4	67	88	2053	191.75	G4	67	127	
1588	190.628	Bb3	58	84	2054	192	Bb3	58	127	
1589	190.816	G#4	68	95	2057	192.25	G#4	68	127	
1590	190.817	C3	48	82	2059	192.25	C3	48	110	
1591	190.817	Eb4	63	94	2056	192.25	Eb4	63	127	
1592	190.821	C4	60	92	2055	192.25	C4	60	127	
1593	191.154	G#3	56	90	2060	192.75	G#3	56	127	
1594	191.368	F#3	54	85	2061	193	F#3	54	127	
1595	191.55	A4	69	88	2062	193.25	A4	69	110	
1596	191.556	A3	57	86	2063	193.25	A3	57	127	
1597	191.629	F4	65	12	*	-1	*	-1	-1	
1598	191.695	Eb3	51	91	2064	193.5	Eb3	51	127	
1599	191.809	C4	60	86	2065	193.75	C4	60	127	
1600	191.949	C3	48	87	2066	194	C3	48	127	
1601	191.956	C4	60	40	*	-1	*	-1	-1	
1602	192.081	Eb4	63	91	2069	194.25	Eb4	63	110	
1603	192.188	A2	45	85	2072	194.5	A2	45	127	
1604	192.288	F#4	66	97	2073	194.75	F#4	66	127	
1605	192.397	F#2	42	83	2074	195	F#2	42	127	
1606	192.467	A4	69	98	2078	195.25	A4	69	127	
1607	192.584	Eb2	39	89	2079	195.5	Eb2	39	127	
1608	192.645	C5	72	98	2080	195.75	C5	72	127	
1609	192.772	C2	36	85	2081	196	C2	36	127	
1610	192.913	Bb4	70	100	2083	196.25	Bb4	70	110	
1611	192.918	G2	43	84	2085	196.25	G2	43	110	
1612	192.921	G1	31	82	2086	196.25	G1	31	110	
1613	192.921	D4	62	85	2084	196.25	D4	62	110	
1614	192.929	A2	45	72	*	-1	*	-1	-1	
1615	193.358	G4	67	92	2087	196.75	G4	67	110	
1616	193.359	G5	79	80	2088	196.75	G5	79	110	
1617	193.367	F5	77	79	*	-1	*	-1	-1	
1618	193.611	Bb4	70	88	2089	197	Bb4	70	110	
1619	193.782	C4	60	71	*	-1	*	-1	-1	
1620	193.792	C5	72	60	*	-1	*	-1	-1	
1621	193.793	D5	74	70	2091	197.25	D5	74	110	
1622	193.809	D4	62	50	2090	197.25	D4	62	110	
1623	193.924	G4	67	84	2092	197.5	G4	67	110	
1624	194.043	Bb3	58	83	2093	197.75	Bb3	58	110	
1625	194.043	Bb4	70	82	2094	197.75	Bb4	70	110	
1626	194.167	D4	62	81	2095	198	D4	62	110	
1627	194.282	G3	55	86	2096	198.25	G3	55	110	
1628	194.285	G4	67	84	2097	198.25	G4	67	110	
1629	194.386	Bb3	58	89	2098	198.5	Bb3	58	127	
1630	194.496	D4	62	84	2100	198.75	D4	62	110	
1631	194.497	D3	50	84	2099	198.75	D3	50	110	
1632	194.592	G3	55	88	*	-1	*	-1	-1	
1633	194.701	Bb3	58	91	*	-1	*	-1	-1	
1634	194.704	Bb2	46	87	2102	199.25	Bb2	46	110	
1635	194.792	D3	50	92	*	-1	*	-1	-1	
1636	194.914	G2	43	92	*	-1	*	-1	-1	
1637	194.916	G3	55	86	*	-1	*	-1	-1	
1638	195.074	G#2	44	63	*	-1	*	-1	-1	
1639	195.129	A2	45	35	*	-1	*	-1	-1	
1640	195.244	G#3	56	93	*	-1	*	-1	-1	
1641	195.246	C2	36	63	*	-1	*	-1	-1	
1642	195.247	Eb3	51	78	*	-1	*	-1	-1	
1643	195.261	C3	48	76	*	-1	*	-1	-1	
1644	195.559	G#2	44	79	*	-1	*	-1	-1	
1645	195.709	C2	36	37	*	-1	*	-1	-1	
1646	195.719	F#2	42	76	*	-1	*	-1	-1	
1647	195.882	A3	57	83	*	-1	*	-1	-1	
1648	195.886	A2	45	79	*	-1	*	-1	-1	
1649	195.935	F3	53	29	*	-1	*	-1	-1	
1650	196.046	Eb2	39	79	*	-1	*	-1	-1	
1651	196.165	C3	48	80	*	-1	*	-1	-1	
1652	196.292	C2	36	86	*	-1	*	-1	-1	
1653	196.419	Eb3	51	90	*	-1	*	-1	-1	
1654	196.49	E3	52	42	*	-1	*	-1	-1	
1655	196.533	A1	33	90	*	-1	*	-1	-1	
1656	196.662	F#3	54	92	*	-1	*	-1	-1	
1657	196.777	F#1	30	88	*	-1	*	-1	-1	
1658	196.894	A3	57	100	*	-1	*	-1	-1	
1659	197.045	Eb1	27	96	*	-1	*	-1	-1	
1660	197.172	C4	60	98	*	-1	*	-1	-1	
1661	197.28	C1	24	96	*	-1	*	-1	-1	
1662	197.493	G1	31	99	*	-1	*	-1	-1	
1663	197.495	Bb3	58	86	*	-1	*	-1	-1	
1664	197.515	D3	50	55	*	-1	*	-1	-1	
1665	198.048	Bb2	46	98	*	-1	*	-1	-1	
1666	198.371	D4	62	92	*	-1	*	-1	-1	
1667	198.514	D3	50	101	2103	199.5	D3	50	127	
1668	198.676	Bb3	58	83	*	-1	*	-1	-1	
1669	198.803	G3	55	100	*	-1	*	-1	-1	
1670	198.956	G3	55	76	*	-1	*	-1	-1	
1671	199.108	Bb3	58	104	*	-1	*	-1	-1	
1672	199.29	D3	50	84	*	-1	*	-1	-1	
1673	199.453	D4	62	108	*	-1	*	-1	-1	
1674	199.629	Bb2	46	86	*	-1	*	-1	-1	
1675	199.813	G4	67	105	*	-1	*	-1	-1	
1676	200.011	G2	43	93	2104	199.75	G2	43	110	
1677	200.261	Bb4	70	118	*	-1	*	-1	-1	
1678	200.48	G1	31	93	*	-1	*	-1	-1	
1679	201.234	G5	79	102	*	-1	*	-1	-1	
*	-1	*	-1	-1	241	21.25	D2	38	100	
*	-1	*	-1	-1	259	23.25	G1	31	100	
*	-1	*	-1	-1	260	23.25	G2	43	100	
*	-1	*	-1	-1	324	28.75	D4	62	100	
*	-1	*	-1	-1	356	32.25	F3	53	70	
*	-1	*	-1	-1	362	32.75	A3	57	70	
*	-1	*	-1	-1	363	32.875	D3	50	70	
*	-1	*	-1	-1	366	33.25	C4	60	70	
*	-1	*	-1	-1	370	33.75	Eb4	63	70	
*	-1	*	-1	-1	372	33.75	C3	48	70	
*	-1	*	-1	-1	376	34.25	G4	67	70	
*	-1	*	-1	-1	377	34.25	G4	67	70	
*	-1	*	-1	-1	383	34.75	Eb4	63	70	
*	-1	*	-1	-1	390	35.75	A3	57	70	
*	-1	*	-1	-1	397	36.25	C3	48	70	
*	-1	*	-1	-1	402	36.75	Eb3	51	70	
*	-1	*	-1	-1	406	37.25	G3	55	70	
*	-1	*	-1	-1	419	38.25	Eb4	63	70	
*	-1	*	-1	-1	425	38.75	C4	60	70	
*	-1	*	-1	-1	429	39.25	F2	41	70	
*	-1	*	-1	-1	440	40.25	D5	74	70	
*	-1	*	-1	-1	451	41.25	G4	67	70	
*	-1	*	-1	-1	464	42.25	C5	72	70	
*	-1	*	-1	-1	474	43.25	F4	65	70	
*	-1	*	-1	-1	486	44.0469	D5	74	70	
*	-1	*	-1	-1	487	44.0625	E5	76	70	
*	-1	*	-1	-1	491	44.25	F5	77	70	
*	-1	*	-1	-1	498	44.75	D5	74	70	
*	-1	*	-1	-1	502	45.25	C5	72	70	
*	-1	*	-1	-1	509	45.75	A4	69	70	
*	-1	*	-1	-1	521	47.25	F4	65	70	
*	-1	*	-1	-1	523	47.25	F3	53	70	
*	-1	*	-1	-1	527	47.75	D4	62	70	
*	-1	*	-1	-1	538	49.25	C4	60	70	
*	-1	*	-1	-1	542	49.75	Eb4	63	70	
*	-1	*	-1	-1	548	50.25	G4	67	70	
*	-1	*	-1	-1	549	50.25	G4	67	70	
*	-1	*	-1	-1	555	50.75	Eb4	63	70	
*	-1	*	-1	-1	562	51.75	A3	57	70	
*	-1	*	-1	-1	569	52.25	C3	48	70	
*	-1	*	-1	-1	574	52.75	Eb3	51	70	
*	-1	*	-1	-1	578	53.25	G3	55	70	
*	-1	*	-1	-1	591	54.25	Eb4	63	70	
*	-1	*	-1	-1	597	54.75	C4	60	70	
*	-1	*	-1	-1	601	55.25	F2	41	70	
*	-1	*	-1	-1	612	56.25	D5	74	70	
*	-1	*	-1	-1	623	57.25	G4	67	70	
*	-1	*	-1	-1	636	58.25	C5	72	70	
*	-1	*	-1	-1	642	58.75	A4	69	70	
*	-1	*	-1	-1	646	59.25	F4	65	70	
*	-1	*	-1	-1	658	60.0469	D5	74	70	
*	-1	*	-1	-1	659	60.0625	E5	76	70	
*	-1	*	-1	-1	663	60.25	F5	77	70	
*	-1	*	-1	-1	670	60.75	D5	74	70	
*	-1	*	-1	-1	674	61.25	C5	72	70	
*	-1	*	-1	-1	681	61.75	A4	69	70	
*	-1	*	-1	-1	692	63.25	F4	65	70	
*	-1	*	-1	-1	693	63.25	F4	65	70	
*	-1	*	-1	-1	694	63.25	F3	53	70	
*	-1	*	-1	-1	695	63.25	F3	53	70	
*	-1	*	-1	-1	696	63.375	A3	57	70	
*	-1	*	-1	-1	697	63.5	Eb4	63	70	
*	-1	*	-1	-1	698	63.75	D4	62	70	
*	-1	*	-1	-1	699	63.75	D4	62	70	
*	-1	*	-1	-1	700	63.875	Eb3	51	70	
*	-1	*	-1	-1	701	64	C#4	61	70	
*	-1	*	-1	-1	702	64.25	F4	65	70	
*	-1	*	-1	-1	703	64.25	C4	60	70	
*	-1	*	-1	-1	704	64.25	F3	53	70	
*	-1	*	-1	-1	705	64.375	A3	57	70	
*	-1	*	-1	-1	706	65.25	F4	65	70	
*	-1	*	-1	-1	707	65.25	F4	65	70	
*	-1	*	-1	-1	708	65.25	F2	41	70	
*	-1	*	-1	-1	709	65.375	Eb4	63	70	
*	-1	*	-1	-1	710	65.5	G4	67	70	
*	-1	*	-1	-1	711	65.75	A4	69	70	
*	-1	*	-1	-1	712	65.75	F2	41	70	
*	-1	*	-1	-1	713	65.75	A3	57	70	
*	-1	*	-1	-1	714	65.75	A4	69	70	
*	-1	*	-1	-1	715	65.875	Eb4	63	70	
*	-1	*	-1	-1	716	66	Bb4	70	70	
*	-1	*	-1	-1	717	66.25	C5	72	70	
*	-1	*	-1	-1	718	66.25	C5	72	70	
*	-1	*	-1	-1	719	66.375	Eb4	63	70	
*	-1	*	-1	-1	720	66.5	D5	74	70	
*	-1	*	-1	-1	721	66.75	Eb5	75	70	
*	-1	*	-1	-1	722	66.75	Eb5	75	70	
*	-1	*	-1	-1	723	66.875	Eb4	63	70	
*	-1	*	-1	-1	724	67	F5	77	70	
*	-1	*	-1	-1	725	67.25	F#5	78	70	
*	-1	*	-1	-1	726	67.25	F#5	78	70	
*	-1	*	-1	-1	727	67.25	Bb3	58	70	
*	-1	*	-1	-1	728	67.25	Eb2	39	70	
*	-1	*	-1	-1	729	67.3146	Eb2	39	70	
*	-1	*	-1	-1	730	67.375	Eb4	63	70	
*	-1	*	-1	-1	731	67.5	F5	77	70	
*	-1	*	-1	-1	732	67.75	Eb5	75	70	
*	-1	*	-1	-1	733	67.75	Eb5	75	70	
*	-1	*	-1	-1	734	67.875	Eb4	63	70	
*	-1	*	-1	-1	735	68	C#5	73	70	
*	-1	*	-1	-1	736	68.25	C5	72	70	
*	-1	*	-1	-1	737	68.25	C5	72	70	
*	-1	*	-1	-1	738	68.25	Eb2	39	70	
*	-1	*	-1	-1	739	68.25	C3	48	70	
*	-1	*	-1	-1	740	68.375	Eb4	63	69	
*	-1	*	-1	-1	741	68.5	Bb4	70	68	
*	-1	*	-1	-1	742	68.75	A4	69	65	
*	-1	*	-1	-1	743	68.75	A4	69	65	
*	-1	*	-1	-1	744	68.875	Eb4	63	64	
*	-1	*	-1	-1	745	69	Bb4	70	63	
*	-1	*	-1	-1	746	69.25	F4	65	60	
*	-1	*	-1	-1	747	69.25	F4	65	60	
*	-1	*	-1	-1	748	69.25	A4	69	60	
*	-1	*	-1	-1	749	69.25	F2	41	60	
*	-1	*	-1	-1	750	69.375	Eb4	63	60	
*	-1	*	-1	-1	751	69.5	G4	67	60	
*	-1	*	-1	-1	752	69.75	A4	69	60	
*	-1	*	-1	-1	753	69.75	A4	69	60	
*	-1	*	-1	-1	754	69.875	Eb4	63	60	
*	-1	*	-1	-1	755	70	Bb4	70	60	
*	-1	*	-1	-1	756	70.25	C5	72	60	
*	-1	*	-1	-1	757	70.25	C5	72	60	
*	-1	*	-1	-1	758	70.375	Eb4	63	60	
*	-1	*	-1	-1	759	70.5	C#5	73	60	
*	-1	*	-1	-1	760	70.75	Eb5	75	60	
*	-1	*	-1	-1	761	70.75	Eb5	75	60	
*	-1	*	-1	-1	762	70.875	Eb4	63	60	
*	-1	*	-1	-1	763	71	F5	77	60	
*	-1	*	-1	-1	764	71.25	F#5	78	60	
*	-1	*	-1	-1	765	71.25	F#5	78	60	
*	-1	*	-1	-1	766	71.25	Bb3	58	60	
*	-1	*	-1	-1	767	71.3146	Eb2	39	60	
*	-1	*	-1	-1	768	71.375	Eb4	63	60	
*	-1	*	-1	-1	769	71.5	F5	77	60	
*	-1	*	-1	-1	770	71.75	Eb5	75	60	
*	-1	*	-1	-1	771	71.75	Eb5	75	60	
*	-1	*	-1	-1	772	71.875	Eb4	63	60	
*	-1	*	-1	-1	773	72.125	C#5	73	60	
*	-1	*	-1	-1	774	72.25	C#5	73	60	
*	-1	*	-1	-1	775	72.25	C#5	73	60	
*	-1	*	-1	-1	776	72.25	F#2	42	60	
*	-1	*	-1	-1	777	72.375	Eb4	63	60	
*	-1	*	-1	-1	778	72.5	C5	72	60	
*	-1	*	-1	-1	779	72.75	Bb4	70	60	
*	-1	*	-1	-1	780	72.75	Bb4	70	60	
*	-1	*	-1	-1	781	72.8125	C5	72	60	
*	-1	*	-1	-1	782	72.875	Bb4	70	60	
*	-1	*	-1	-1	783	72.875	C4	60	60	
*	-1	*	-1	-1	784	73	G#2	44	60	
*	-1	*	-1	-1	785	73.125	G#4	68	60	
*	-1	*	-1	-1	786	73.25	C#5	73	60	
*	-1	*	-1	-1	787	73.25	C#3	49	60	
*	-1	*	-1	-1	788	73.25	F2	41	60	
*	-1	*	-1	-1	789	73.375	C#4	61	60	
*	-1	*	-1	-1	790	73.5	Eb3	51	60	
*	-1	*	-1	-1	791	73.75	F3	53	60	
*	-1	*	-1	-1	792	73.75	F3	53	60	
*	-1	*	-1	-1	793	73.875	C#4	61	60	
*	-1	*	-1	-1	794	74	F#3	54	60	
*	-1	*	-1	-1	795	74.25	G#3	56	60	
*	-1	*	-1	-1	796	74.375	C#4	61	60	
*	-1	*	-1	-1	797	74.5	Bb3	58	60	
*	-1	*	-1	-1	798	74.75	C4	60	60	
*	-1	*	-1	-1	799	74.875	C#4	61	60	
*	-1	*	-1	-1	800	75	C#4	61	60	
*	-1	*	-1	-1	801	75.25	D4	62	60	
*	-1	*	-1	-1	802	75.375	C#4	61	60	
*	-1	*	-1	-1	803	75.5	B3	59	60	
*	-1	*	-1	-1	804	75.75	G#3	56	60	
*	-1	*	-1	-1	805	75.875	C#4	61	60	
*	-1	*	-1	-1	806	76	F3	53	60	
*	-1	*	-1	-1	807	76.25	C#3	49	60	
*	-1	*	-1	-1	808	76.25	C#3	49	60	
*	-1	*	-1	-1	809	76.375	C#4	61	60	
*	-1	*	-1	-1	810	76.5	B2	47	60	
*	-1	*	-1	-1	811	76.75	G#2	44	60	
*	-1	*	-1	-1	812	76.875	C#4	61	60	
*	-1	*	-1	-1	813	77	F2	41	60	
*	-1	*	-1	-1	814	77.125	C#4	61	60	
*	-1	*	-1	-1	815	77.25	C#4	61	60	
*	-1	*	-1	-1	816	77.25	D3	50	60	
*	-1	*	-1	-1	817	77.25	F#2	42	60	
*	-1	*	-1	-1	818	77.375	Bb3	58	60	
*	-1	*	-1	-1	819	77.5	Eb4	63	60	
*	-1	*	-1	-1	820	77.75	F4	65	60	
*	-1	*	-1	-1	821	77.75	F4	65	60	
*	-1	*	-1	-1	822	77.875	Bb3	58	60	
*	-1	*	-1	-1	823	78	F#4	66	60	
*	-1	*	-1	-1	824	78.25	G#4	68	60	
*	-1	*	-1	-1	825	78.25	G#4	68	60	
*	-1	*	-1	-1	826	78.25	C#3	49	60	
*	-1	*	-1	-1	827	78.375	Bb3	58	60	
*	-1	*	-1	-1	828	78.5	Bb4	70	60	
*	-1	*	-1	-1	829	78.75	B4	71	60	
*	-1	*	-1	-1	830	78.75	B4	71	60	
*	-1	*	-1	-1	831	78.875	Bb3	58	60	
*	-1	*	-1	-1	832	79	C#5	73	60	
*	-1	*	-1	-1	833	79.125	F#2	42	60	
*	-1	*	-1	-1	834	79.125	C#3	49	60	
*	-1	*	-1	-1	835	79.25	D5	74	60	
*	-1	*	-1	-1	836	79.25	D5	74	60	
*	-1	*	-1	-1	837	79.25	G2	43	60	
*	-1	*	-1	-1	838	79.25	D3	50	60	
*	-1	*	-1	-1	839	79.375	B3	59	60	
*	-1	*	-1	-1	840	79.5	B4	71	60	
*	-1	*	-1	-1	841	79.75	G#4	68	60	
*	-1	*	-1	-1	842	79.75	G#4	68	60	
*	-1	*	-1	-1	843	79.75	D4	62	60	
*	-1	*	-1	-1	844	79.875	B3	59	60	
*	-1	*	-1	-1	845	80	F4	65	60	
*	-1	*	-1	-1	846	80.25	D4	62	60	
*	-1	*	-1	-1	847	80.25	D4	62	60	
*	-1	*	-1	-1	848	80.25	Eb3	51	60	
*	-1	*	-1	-1	849	80.375	G#3	56	60	
*	-1	*	-1	-1	850	80.5	B3	59	60	
*	-1	*	-1	-1	851	80.75	G#3	56	60	
*	-1	*	-1	-1	852	80.875	F3	53	60	
*	-1	*	-1	-1	853	81	D3	50	60	
*	-1	*	-1	-1	854	81	D3	50	60	
*	-1	*	-1	-1	855	81.125	B2	47	60	
*	-1	*	-1	-1	856	81.125	B2	47	60	
*	-1	*	-1	-1	857	81.25	C#4	61	60	
*	-1	*	-1	-1	858	81.25	C#4	61	60	
*	-1	*	-1	-1	859	81.25	C#3	49	60	
*	-1	*	-1	-1	860	81.25	F#2	42	60	
*	-1	*	-1	-1	861	81.375	Bb3	58	60	
*	-1	*	-1	-1	862	81.5	Eb4	63	60	
*	-1	*	-1	-1	863	81.75	F4	65	60	
*	-1	*	-1	-1	864	81.75	F4	65	60	
*	-1	*	-1	-1	865	81.875	Bb3	58	60	
*	-1	*	-1	-1	866	82	F#4	66	60	
*	-1	*	-1	-1	867	82.25	G#4	68	60	
*	-1	*	-1	-1	868	82.25	G#4	68	60	
*	-1	*	-1	-1	869	82.25	G2	43	60	
*	-1	*	-1	-1	870	82.375	Bb3	58	60	
*	-1	*	-1	-1	871	82.5	Bb4	70	60	
*	-1	*	-1	-1	872	82.75	B4	71	60	
*	-1	*	-1	-1	873	82.75	B4	71	60	
*	-1	*	-1	-1	874	82.875	Bb3	58	60	
*	-1	*	-1	-1	875	83	C5	72	60	
*	-1	*	-1	-1	876	83.125	C#3	49	60	
*	-1	*	-1	-1	877	83.25	C#5	73	60	
*	-1	*	-1	-1	878	83.25	C#5	73	60	
*	-1	*	-1	-1	879	83.25	E3	52	60	
*	-1	*	-1	-1	880	83.25	C2	36	60	
*	-1	*	-1	-1	881	83.375	Bb3	58	60	
*	-1	*	-1	-1	882	83.5	Bb4	70	60	
*	-1	*	-1	-1	883	83.75	G4	67	60	
*	-1	*	-1	-1	884	83.75	G4	67	60	
*	-1	*	-1	-1	885	83.75	C#4	61	60	
*	-1	*	-1	-1	886	83.875	Bb3	58	60	
*	-1	*	-1	-1	887	84	E4	64	60	
*	-1	*	-1	-1	888	84.25	C#4	61	60	
*	-1	*	-1	-1	889	84.25	Bb3	58	60	
*	-1	*	-1	-1	890	84.3125	C#4	61	60	
*	-1	*	-1	-1	891	84.375	G3	55	60	
*	-1	*	-1	-1	892	84.5	Bb3	58	60	
*	-1	*	-1	-1	893	84.75	A3	57	72	
*	-1	*	-1	-1	894	84.75	A3	57	60	
*	-1	*	-1	-1	895	84.75	F2	41	60	
*	-1	*	-1	-1	896	84.9167	F3	53	60	
*	-1	*	-1	-1	897	84.9167	F3	53	60	
*	-1	*	-1	-1	898	85.0833	Eb3	51	60	
*	-1	*	-1	-1	899	85.25	Bb3	58	60	
*	-1	*	-1	-1	900	85.25	Bb1	34	60	
*	-1	*	-1	-1	901	85.25	Bb2	46	60	
*	-1	*	-1	-1	902	85.5	G3	55	60	
*	-1	*	-1	-1	903	85.75	A3	57	60	
*	-1	*	-1	-1	904	86	Bb3	58	60	
*	-1	*	-1	-1	905	86.25	C4	60	60	
*	-1	*	-1	-1	906	86.5	D4	62	70	
*	-1	*	-1	-1	907	86.75	Eb4	63	80	
*	-1	*	-1	-1	908	86.75	Eb4	63	80	
*	-1	*	-1	-1	909	86.75	G#1	32	80	
*	-1	*	-1	-1	910	86.75	C3	48	80	
*	-1	*	-1	-1	911	86.875	D3	50	85	
*	-1	*	-1	-1	912	87	F4	65	90	
*	-1	*	-1	-1	913	87.25	G4	67	90	
*	-1	*	-1	-1	914	87.25	G4	67	90	
*	-1	*	-1	-1	915	87.25	G4	67	90	
*	-1	*	-1	-1	916	87.25	G1	31	90	
*	-1	*	-1	-1	917	87.25	B2	47	90	
*	-1	*	-1	-1	918	87.375	D3	50	90	
*	-1	*	-1	-1	919	87.5	F4	65	90	
*	-1	*	-1	-1	920	87.75	Eb4	63	90	
*	-1	*	-1	-1	921	87.75	Eb4	63	90	
*	-1	*	-1	-1	922	87.875	D3	50	90	
*	-1	*	-1	-1	923	88	D4	62	90	
*	-1	*	-1	-1	924	88.25	G4	67	90	
*	-1	*	-1	-1	925	88.25	C4	60	90	
*	-1	*	-1	-1	926	88.25	G1	31	90	
*	-1	*	-1	-1	927	88.25	Bb2	46	90	
*	-1	*	-1	-1	928	88.5	B3	59	90	
*	-1	*	-1	-1	929	88.75	A4	69	90	
*	-1	*	-1	-1	930	88.75	A3	57	90	
*	-1	*	-1	-1	931	88.75	A3	57	90	
*	-1	*	-1	-1	932	88.875	D3	50	90	
*	-1	*	-1	-1	933	89	B4	71	90	
*	-1	*	-1	-1	934	89	G3	55	90	
*	-1	*	-1	-1	935	89.25	Eb5	75	90	
*	-1	*	-1	-1	936	89.25	Eb4	63	90	
*	-1	*	-1	-1	937	89.25	C3	48	90	
*	-1	*	-1	-1	938	89.25	C3	48	90	
*	-1	*	-1	-1	939	89.3146	Eb4	63	90	
*	-1	*	-1	-1	940	89.375	C2	36	90	
*	-1	*	-1	-1	941	89.5	D3	50	90	
*	-1	*	-1	-1	942	89.75	Eb3	51	90	
*	-1	*	-1	-1	943	89.75	Eb3	51	90	
*	-1	*	-1	-1	944	89.875	C3	48	90	
*	-1	*	-1	-1	945	90	F3	53	90	
*	-1	*	-1	-1	946	90.25	G3	55	90	
*	-1	*	-1	-1	947	90.25	G3	55	90	
*	-1	*	-1	-1	948	90.375	C3	48	90	
*	-1	*	-1	-1	949	90.5	D5	74	90	
*	-1	*	-1	-1	950	90.5	A3	57	90	
*	-1	*	-1	-1	951	90.75	B3	59	90	
*	-1	*	-1	-1	952	90.85	C5	72	90	
*	-1	*	-1	-1	953	90.9167	C4	60	90	
*	-1	*	-1	-1	954	90.95	Bb4	70	90	
*	-1	*	-1	-1	955	91.05	A4	69	90	
*	-1	*	-1	-1	956	91.0833	D4	62	90	
*	-1	*	-1	-1	957	91.15	G4	67	90	
*	-1	*	-1	-1	958	91.25	F4	65	90	
*	-1	*	-1	-1	959	91.25	Eb4	63	90	
*	-1	*	-1	-1	960	91.25	Eb4	63	90	
*	-1	*	-1	-1	961	91.25	F2	41	90	
*	-1	*	-1	-1	962	91.25	F3	53	90	
*	-1	*	-1	-1	963	91.375	F3	53	90	
*	-1	*	-1	-1	964	91.5	D4	62	90	
*	-1	*	-1	-1	965	91.75	C4	60	90	
*	-1	*	-1	-1	966	91.75	C4	60	90	
*	-1	*	-1	-1	967	91.875	F3	53	90	
*	-1	*	-1	-1	968	92	Bb3	58	90	
*	-1	*	-1	-1	969	92.25	A3	57	90	
*	-1	*	-1	-1	970	92.75	F3	53	90	
*	-1	*	-1	-1	971	92.85	G4	67	90	
*	-1	*	-1	-1	972	92.875	Eb3	51	90	
*	-1	*	-1	-1	973	92.95	A4	69	90	
*	-1	*	-1	-1	974	93	D3	50	90	
*	-1	*	-1	-1	975	93.05	Bb4	70	90	
*	-1	*	-1	-1	976	93.125	C3	48	90	
*	-1	*	-1	-1	977	93.15	C5	72	90	
*	-1	*	-1	-1	978	93.25	D5	74	90	
*	-1	*	-1	-1	979	93.25	D5	74	90	
*	-1	*	-1	-1	980	93.25	Bb1	34	90	
*	-1	*	-1	-1	981	93.25	Bb2	46	90	
*	-1	*	-1	-1	982	93.375	D4	62	90	
*	-1	*	-1	-1	983	93.5	C5	72	90	
*	-1	*	-1	-1	984	93.75	G5	79	90	
*	-1	*	-1	-1	985	93.75	Bb4	70	90	
*	-1	*	-1	-1	986	93.75	Bb4	70	90	
*	-1	*	-1	-1	987	93.875	Bb3	58	90	
*	-1	*	-1	-1	988	94	A4	69	90	
*	-1	*	-1	-1	989	94.25	G5	79	90	
*	-1	*	-1	-1	990	94.25	G4	67	90	
*	-1	*	-1	-1	991	94.25	G4	67	90	
*	-1	*	-1	-1	992	94.375	Bb3	58	90	
*	-1	*	-1	-1	993	94.5	F5	77	90	
*	-1	*	-1	-1	994	94.5	F4	65	90	
*	-1	*	-1	-1	995	94.75	E5	76	90	
*	-1	*	-1	-1	996	94.75	E4	64	90	
*	-1	*	-1	-1	997	95	F5	77	90	
*	-1	*	-1	-1	998	95	D4	62	90	
*	-1	*	-1	-1	999	95.0312	E5	76	90	
*	-1	*	-1	-1	1000	95.0625	D5	74	90	
*	-1	*	-1	-1	1001	95.125	C5	72	90	
*	-1	*	-1	-1	1002	95.125	C4	60	90	
*	-1	*	-1	-1	1003	95.25	C5	72	90	
*	-1	*	-1	-1	1004	95.25	C5	72	90	
*	-1	*	-1	-1	1005	95.25	A2	45	90	
*	-1	*	-1	-1	1006	95.375	C4	60	90	
*	-1	*	-1	-1	1007	95.5	Bb4	70	90	
*	-1	*	-1	-1	1008	95.75	F5	77	90	
*	-1	*	-1	-1	1009	95.75	A4	69	90	
*	-1	*	-1	-1	1010	95.75	A4	69	90	
*	-1	*	-1	-1	1011	95.875	A3	57	90	
*	-1	*	-1	-1	1012	96	G4	67	90	
*	-1	*	-1	-1	1013	96.25	F4	65	90	
*	-1	*	-1	-1	1014	96.25	F4	65	90	
*	-1	*	-1	-1	1015	96.375	A3	57	90	
*	-1	*	-1	-1	1016	96.5	E5	76	90	
*	-1	*	-1	-1	1017	96.5	E4	64	90	
*	-1	*	-1	-1	1018	96.75	D5	74	90	
*	-1	*	-1	-1	1019	96.75	D4	62	90	
*	-1	*	-1	-1	1020	96.75	B2	47	90	
*	-1	*	-1	-1	1021	96.75	G#3	56	90	
*	-1	*	-1	-1	1022	97	E5	76	90	
*	-1	*	-1	-1	1023	97	E4	64	90	
*	-1	*	-1	-1	1024	97.0156	D5	74	90	
*	-1	*	-1	-1	1025	97.0312	C#5	73	90	
*	-1	*	-1	-1	1026	97.0469	D5	74	90	
*	-1	*	-1	-1	1027	97.0625	E5	76	90	
*	-1	*	-1	-1	1028	97.125	F5	77	90	
*	-1	*	-1	-1	1029	97.125	F4	65	90	
*	-1	*	-1	-1	1030	97.25	F5	77	90	
*	-1	*	-1	-1	1031	97.25	F5	77	90	
*	-1	*	-1	-1	1032	97.25	C3	48	90	
*	-1	*	-1	-1	1033	97.25	A3	57	90	
*	-1	*	-1	-1	1034	97.25	C4	60	90	
*	-1	*	-1	-1	1035	97.375	F4	65	90	
*	-1	*	-1	-1	1036	97.5	E5	76	90	
*	-1	*	-1	-1	1037	97.75	D5	74	90	
*	-1	*	-1	-1	1038	97.75	D5	74	90	
*	-1	*	-1	-1	1039	97.875	F4	65	90	
*	-1	*	-1	-1	1040	98	D5	74	90	
*	-1	*	-1	-1	1041	98.125	C5	72	90	
*	-1	*	-1	-1	1042	98.25	C5	72	90	
*	-1	*	-1	-1	1043	98.25	C5	72	90	
*	-1	*	-1	-1	1044	98.25	C3	48	90	
*	-1	*	-1	-1	1045	98.25	Bb3	58	90	
*	-1	*	-1	-1	1046	98.25	E4	64	90	
*	-1	*	-1	-1	1047	98.375	C4	60	90	
*	-1	*	-1	-1	1048	98.5	Bb4	70	90	
*	-1	*	-1	-1	1049	98.75	A4	69	90	
*	-1	*	-1	-1	1050	98.75	A4	69	90	
*	-1	*	-1	-1	1051	98.875	C4	60	90	
*	-1	*	-1	-1	1052	99.125	G4	67	90	
*	-1	*	-1	-1	1053	99.25	G4	67	90	
*	-1	*	-1	-1	1054	99.25	C4	60	90	
*	-1	*	-1	-1	1055	99.25	F3	53	90	
*	-1	*	-1	-1	1056	99.375	Bb3	58	90	
*	-1	*	-1	-1	1057	99.5	E3	52	90	
*	-1	*	-1	-1	1058	99.75	D3	50	90	
*	-1	*	-1	-1	1059	99.875	Bb3	58	90	
*	-1	*	-1	-1	1060	100	C3	48	90	
*	-1	*	-1	-1	1064	101.25	F4	65	70	
*	-1	*	-1	-1	1065	101.25	F4	65	70	
*	-1	*	-1	-1	1070	101.75	F2	41	70	
*	-1	*	-1	-1	1071	101.75	A3	57	70	
*	-1	*	-1	-1	1072	101.75	A4	69	70	
*	-1	*	-1	-1	1076	102.25	C5	72	70	
*	-1	*	-1	-1	1080	102.75	Eb5	75	70	
*	-1	*	-1	-1	1084	103.25	F#5	78	70	
*	-1	*	-1	-1	1087	103.315	Eb2	39	70	
*	-1	*	-1	-1	1091	103.75	Eb5	75	70	
*	-1	*	-1	-1	1095	104.25	C5	72	70	
*	-1	*	-1	-1	1096	104.25	Eb2	39	70	
*	-1	*	-1	-1	1101	104.75	A4	69	65	
*	-1	*	-1	-1	1105	105.25	F4	65	60	
*	-1	*	-1	-1	1111	105.75	A4	69	60	
*	-1	*	-1	-1	1115	106.25	C5	72	60	
*	-1	*	-1	-1	1116	106.375	Eb4	63	60	
*	-1	*	-1	-1	1119	106.75	Eb5	75	60	
*	-1	*	-1	-1	1122	107.25	F#5	78	60	
*	-1	*	-1	-1	1123	107.25	F#5	78	60	
*	-1	*	-1	-1	1129	107.75	Eb5	75	60	
*	-1	*	-1	-1	1133	108.25	C#5	73	60	
*	-1	*	-1	-1	1138	108.75	Bb4	70	60	
*	-1	*	-1	-1	1150	109.75	F3	53	60	
*	-1	*	-1	-1	1166	112.25	C#3	49	60	
*	-1	*	-1	-1	1173	113.25	C#4	61	60	
*	-1	*	-1	-1	1174	113.25	D3	50	60	
*	-1	*	-1	-1	1179	113.75	F4	65	60	
*	-1	*	-1	-1	1183	114.25	G#4	68	60	
*	-1	*	-1	-1	1184	114.25	C#3	49	60	
*	-1	*	-1	-1	1188	114.75	B4	71	60	
*	-1	*	-1	-1	1194	115.25	D5	74	60	
*	-1	*	-1	-1	1195	115.25	G2	43	60	
*	-1	*	-1	-1	1200	115.75	G#4	68	60	
*	-1	*	-1	-1	1205	116.25	D4	62	60	
*	-1	*	-1	-1	1206	116.25	Eb3	51	60	
*	-1	*	-1	-1	1212	117	D3	50	60	
*	-1	*	-1	-1	1214	117.125	B2	47	60	
*	-1	*	-1	-1	1216	117.25	C#4	61	60	
*	-1	*	-1	-1	1222	117.75	F4	65	60	
*	-1	*	-1	-1	1226	118.25	G#4	68	60	
*	-1	*	-1	-1	1227	118.25	G2	43	60	
*	-1	*	-1	-1	1231	118.75	B4	71	60	
*	-1	*	-1	-1	1236	119.25	C#5	73	60	
*	-1	*	-1	-1	1242	119.75	G4	67	60	
*	-1	*	-1	-1	1244	119.875	Bb3	58	60	
*	-1	*	-1	-1	1246	120.25	C#4	61	60	
*	-1	*	-1	-1	1247	120.25	Bb3	58	60	
*	-1	*	-1	-1	1252	120.75	A3	57	60	
*	-1	*	-1	-1	1255	120.917	F3	53	60	
*	-1	*	-1	-1	1266	122.75	Eb4	63	80	
*	-1	*	-1	-1	1272	123.25	G4	67	90	
*	-1	*	-1	-1	1273	123.25	G4	67	90	
*	-1	*	-1	-1	1279	123.75	Eb4	63	90	
*	-1	*	-1	-1	1282	124.25	G4	67	90	
*	-1	*	-1	-1	1284	124.25	G1	31	90	
*	-1	*	-1	-1	1289	124.75	A3	57	90	
*	-1	*	-1	-1	1296	125.25	C3	48	90	
*	-1	*	-1	-1	1301	125.75	Eb3	51	90	
*	-1	*	-1	-1	1305	126.25	G3	55	90	
*	-1	*	-1	-1	1318	127.25	Eb4	63	90	
*	-1	*	-1	-1	1324	127.75	C4	60	90	
*	-1	*	-1	-1	1337	129.25	D5	74	90	
*	-1	*	-1	-1	1343	129.75	Bb4	70	90	
*	-1	*	-1	-1	1348	130.25	G5	79	90	
*	-1	*	-1	-1	1350	130.375	G4	67	90	
*	-1	*	-1	-1	1353	130.75	Eb5	75	90	
*	-1	*	-1	-1	1359	131.25	C5	72	90	
*	-1	*	-1	-1	1364	131.75	G#4	68	90	
*	-1	*	-1	-1	1369	132.25	F5	77	90	
*	-1	*	-1	-1	1371	132.375	F4	65	90	
*	-1	*	-1	-1	1374	132.75	D5	74	90	
*	-1	*	-1	-1	1378	133	G#4	68	90	
*	-1	*	-1	-1	1380	133.25	Bb4	70	90	
*	-1	*	-1	-1	1385	133.75	G4	67	90	
*	-1	*	-1	-1	1390	134.25	G4	67	90	
*	-1	*	-1	-1	1395	134.75	D4	62	90	
*	-1	*	-1	-1	1401	135.25	D4	62	90	
*	-1	*	-1	-1	1416	137	D2	38	90	
*	-1	*	-1	-1	1736	165.75	D4	62	100	
*	-1	*	-1	-1	1773	168.833	G#3	56	110	
*	-1	*	-1	-1	1780	169.333	D4	62	110	
*	-1	*	-1	-1	1838	173.333	A4	69	110	
*	-1	*	-1	-1	1846	173.833	F#4	66	110	
*	-1	*	-1	-1	1854	174.333	Bb4	70	110	
*	-1	*	-1	-1	1896	177.333	Eb4	63	110	
*	-1	*	-1	-1	1916	178.833	G3	55	110	
*	-1	*	-1	-1	1931	179.833	Eb3	51	110	
*	-1	*	-1	-1	1945	180.833	Eb3	51	110	
*	-1	*	-1	-1	1966	182.333	Bb2	46	110	
*	-1	*	-1	-1	1986	184	A3	57	110	
*	-1	*	-1	-1	1999	185.25	G1	31	110	
*	-1	*	-1	-1	2000	185.25	G2	43	110	
*	-1	*	-1	-1	2058	192.25	G3	55	110	
*	-1	*	-1	-1	2067	194.25	A4	69	110	
*	-1	*	-1	-1	2070	194.25	Eb4	63	127	
*	-1	*	-1	-1	2071	194.25	C3	48	110	
*	-1	*	-1	-1	2075	195.25	F4	65	110	
*	-1	*	-1	-1	2076	195.25	C4	60	110	
*	-1	*	-1	-1	2077	195.25	Eb4	63	110	
*	-1	*	-1	-1	2082	196.25	G4	67	110	
*	-1	*	-1	-1	2107	200.25	C3	48	110	
*	-1	*	-1	-1	2108	200.25	Eb3	51	110	
*	-1	*	-1	-1	2109	200.25	G#3	56	110	
*	-1	*	-1	-1	2110	200.25	C2	36	110	
*	-1	*	-1	-1	395	36.25	Eb4	63	70	
*	-1	*	-1	-1	398	36.3146	Eb4	63	70	
*	-1	*	-1	-1	485	44.0312	C5	72	70	
*	-1	*	-1	-1	484	44.0156	D5	74	70	
*	-1	*	-1	-1	482	44	E5	76	70	
*	-1	*	-1	-1	544	49.75	C3	48	70	
*	-1	*	-1	-1	567	52.25	Eb4	63	70	
*	-1	*	-1	-1	570	52.3146	Eb4	63	70	
*	-1	*	-1	-1	651	59.75	D4	62	70	
*	-1	*	-1	-1	657	60.0312	C5	72	70	
*	-1	*	-1	-1	656	60.0156	D5	74	70	
*	-1	*	-1	-1	654	60	E5	76	70	
*	-1	*	-1	-1	1294	125.25	Eb4	63	90	
*	-1	*	-1	-1	1297	125.315	Eb4	63	90	
*	-1	*	-1	-1	1320	127.25	F3	53	90	
*	-1	*	-1	-1	1345	129.875	D4	62	90	
*	-1	*	-1	-1	1788	169.833	B3	59	110	
*	-1	*	-1	-1	2068	194.25	C4	60	110	
*	-1	*	-1	-1	2101	199	G3	55	127	
*	-1	*	-1	-1	2105	199.75	G3	55	110	
*	-1	*	-1	-1	2106	200	Bb2	46	127	
