// alignID alignOntime alignSitch alignPitch alignOnvel refID refOntime refSitch refPitch refOnvel
0	0.000000	C2	36	86	0	0.000000	C2	36	96	
1	0.000000	C3	48	91	1	0.000000	C3	48	96	
2	0.090000	C3	48	91	2	0.085227	C3	48	96	
3	0.180000	G3	55	47	3	0.170455	G3	55	96	
4	0.260000	C4	60	73	4	0.255682	C4	60	96	
5	0.340000	E4	64	81	5	0.340909	E4	64	115	
6	0.370000	C4	60	73	6	0.426136	C4	60	96	
7	0.420000	G4	67	61	7	0.511364	G4	67	96	
8	0.500000	C5	72	64	8	0.596591	C5	72	96	
9	0.590000	E5	76	108	9	0.681818	E5	76	115	
10	0.670000	C5	72	79	10	0.767045	C5	72	96	
11	0.760000	G5	79	102	11	0.852272	G5	79	96	
12	0.840000	C6	84	45	12	0.937500	C6	84	96	
13	0.930000	E6	88	46	13	1.022727	E6	88	115	
14	1.010000	C6	84	45	14	1.107954	C6	84	96	
15	1.100000	G6	91	44	15	1.193182	G6	91	96	
16	1.180000	C7	96	56	16	1.278409	C7	96	96	
17	1.270000	E7	100	37	17	1.363636	E7	100	115	
18	1.350000	C7	96	64	18	1.448863	C7	96	96	
19	1.440000	G6	91	44	19	1.534091	G6	91	96	
20	1.520000	C6	84	23	20	1.619318	C6	84	96	
21	1.610000	E6	88	48	21	1.704545	E6	88	115	
22	1.690000	C6	84	56	22	1.789772	C6	84	96	
23	1.960000	G5	79	92	23	1.875000	G5	79	96	
24	2.050000	C5	72	65	24	1.960227	C5	72	96	
25	2.130000	E5	76	111	25	2.045454	E5	76	115	
26	2.220000	C5	72	65	26	2.130681	C5	72	96	
27	2.300000	G4	67	65	27	2.215909	G4	67	96	
28	2.380000	C4	60	64	28	2.301136	C4	60	96	
29	2.460000	E4	64	77	29	2.386363	E4	64	115	
30	2.550000	C4	60	64	30	2.471590	C4	60	96	
31	2.630000	G3	55	65	31	2.556818	G3	55	96	
32	2.690000	C3	48	67	32	2.642045	C3	48	96	
33	2.770000	F1	29	76	33	2.727272	F1	29	96	
34	2.770000	F2	41	82	34	2.727272	F2	41	96	
35	2.860000	C3	48	67	35	2.812499	C3	48	96	
36	2.940000	A3	57	71	36	2.897727	A3	57	96	
37	3.030000	C4	60	70	37	2.982954	C4	60	96	
38	3.100000	F4	65	64	38	3.068181	F4	65	115	
39	3.190000	C4	60	70	39	3.153408	C4	60	96	
40	3.270000	A4	69	62	40	3.238636	A4	69	96	
41	3.330000	C5	72	76	41	3.323863	C5	72	96	
42	3.390000	F5	77	98	42	3.409090	F5	77	115	
43	3.480000	C5	72	76	43	3.494317	C5	72	96	
44	3.560000	A5	81	76	44	3.579545	A5	81	96	
45	3.650000	C6	84	30	45	3.664772	C6	84	96	
46	3.690000	F6	89	1	46	3.749999	F6	89	115	
47	3.780000	C6	84	44	47	3.835226	C6	84	96	
48	3.870000	A6	93	11	48	3.920454	A6	93	96	
49	3.910000	C7	96	52	49	4.005681	C7	96	96	
50	4.000000	F#1	30	39	51	4.090908	F#1	30	96	
51	4.000000	F#2	42	75	52	4.090908	F#2	42	96	
52	4.000000	E7	100	106	50	4.090908	E7	100	96	
53	4.080000	C7	96	52	53	4.176135	C7	96	96	
54	4.170000	A6	93	11	54	4.261363	A6	93	96	
55	4.250000	C6	84	52	55	4.346590	C6	84	96	
56	4.340000	E6	88	44	56	4.431817	E6	88	96	
57	4.420000	C6	84	52	57	4.517044	C6	84	96	
58	4.460000	A5	81	76	58	4.602272	A5	81	96	
59	4.530000	C5	72	70	59	4.687499	C5	72	96	
60	4.620000	E5	76	114	60	4.772726	E5	76	96	
61	4.700000	C5	72	70	61	4.857953	C5	72	96	
62	4.790000	A4	69	59	62	4.943181	A4	69	96	
63	4.870000	C4	60	67	63	5.028408	C4	60	96	
64	4.960000	D4	62	74	64	5.113635	D4	62	96	
65	5.040000	C4	60	67	65	5.198862	C4	60	96	
66	5.130000	A3	57	72	66	5.284090	A3	57	96	
67	5.210000	C3	48	63	67	5.369317	C3	48	96	
68	5.300000	G1	31	18	68	5.454544	G1	31	96	
69	5.300000	G2	43	42	69	5.454544	G2	43	96	
70	5.380000	B2	47	66	70	5.539771	B2	47	96	
71	5.470000	G3	55	69	71	5.624999	G3	55	96	
72	5.560000	B3	59	59	72	5.710226	B3	59	96	
73	5.640000	D4	62	75	73	5.795453	D4	62	96	
74	5.730000	B3	59	59	74	5.880680	B3	59	96	
75	5.810000	G4	67	57	75	5.965908	G4	67	96	
76	5.900000	B4	71	86	76	6.051135	B4	71	96	
77	5.950000	F#1	30	80	78	6.136362	F#1	30	96	
78	5.950000	F#2	42	75	79	6.136362	F#2	42	96	
79	5.950000	D5	74	97	77	6.136362	D5	74	96	
80	6.040000	B4	71	86	80	6.221589	B4	71	96	
81	6.120000	G5	79	97	81	6.306817	G5	79	96	
82	6.210000	B5	83	95	82	6.392044	B5	83	96	
83	6.290000	E1	28	84	84	6.477271	E1	28	96	
84	6.290000	E2	40	65	85	6.477271	E2	40	96	
85	6.290000	D6	86	112	83	6.477271	D6	86	96	
86	6.380000	B5	83	95	86	6.562498	B5	83	96	
87	6.460000	G6	91	40	87	6.647725	G6	91	96	
88	6.550000	A6	93	20	88	6.732953	A6	93	96	
89	6.600000	D1	26	81	90	6.818180	D1	26	96	
90	6.600000	D2	38	127	91	6.818180	D2	38	96	
91	6.600000	D7	98	82	89	6.818180	D7	98	96	
92	6.690000	A6	93	20	92	6.903407	A6	93	96	
93	6.730000	F#6	90	98	93	6.988635	F#6	90	96	
94	6.790000	C6	84	34	94	7.073862	C6	84	96	
95	6.870000	D6	86	98	95	7.159089	D6	86	96	
96	6.960000	A5	81	78	96	7.244316	A5	81	96	
97	6.980000	F#5	78	87	97	7.329544	F#5	78	96	
98	7.070000	C5	72	56	98	7.414771	C5	72	96	
99	7.150000	D5	74	76	99	7.499998	D5	74	96	
100	7.240000	A4	69	49	100	7.585225	A4	69	96	
101	7.330000	F#4	66	65	101	7.670453	F#4	66	96	
102	7.390000	C4	60	71	102	7.755680	C4	60	96	
103	7.480000	D4	62	72	103	7.840907	D4	62	96	
104	7.560000	A3	57	69	104	7.926134	A3	57	96	
105	7.650000	F#3	54	73	105	8.011361	F#3	54	96	
106	7.730000	C3	48	64	106	8.096589	C3	48	96	
107	7.820000	G1	31	54	107	8.181816	G1	31	96	
108	7.820000	G2	43	31	108	8.181816	G2	43	96	
109	7.900000	C3	48	64	109	8.267043	C3	48	96	
110	7.990000	F3	53	24	110	8.352271	F3	53	96	
111	8.070000	G#3	56	46	111	8.437498	G#3	56	96	
112	8.140000	D4	62	72	112	8.522725	D4	62	96	
113	8.210000	C4	60	66	113	8.607952	C4	60	96	
114	8.300000	F4	65	77	114	8.693180	F4	65	96	
115	8.380000	G#4	68	71	115	8.778407	G#4	68	96	
116	8.470000	D5	74	76	116	8.863634	D5	74	96	
117	8.550000	C5	72	69	117	8.948861	C5	72	96	
118	8.580000	F5	77	92	118	9.034089	F5	77	96	
119	8.650000	G#5	80	79	119	9.119316	G#5	80	96	
120	8.740000	D6	86	69	120	9.204543	D6	86	96	
121	8.820000	C6	84	33	121	9.289770	C6	84	96	
122	8.880000	F6	89	75	122	9.374998	F6	89	96	
123	8.950000	G#6	92	52	123	9.460225	G#6	92	96	
124	9.020000	D7	98	81	124	9.545452	D7	98	96	
125	9.110000	G6	91	56	125	9.630679	G6	91	96	
126	9.150000	F6	89	75	126	9.715907	F6	89	96	
127	9.240000	B5	83	77	127	9.801134	B5	83	96	
128	9.300000	D6	86	99	128	9.886361	D6	86	96	
129	9.380000	G5	79	95	129	9.971588	G5	79	96	
130	9.460000	F5	77	81	130	10.056816	F5	77	96	
131	9.550000	B4	71	79	131	10.142043	B4	71	96	
132	9.630000	D5	74	88	132	10.227270	D5	74	96	
133	9.720000	G4	67	76	133	10.312497	G4	67	96	
134	9.760000	F4	65	69	134	10.397725	F4	65	96	
135	9.850000	B3	59	65	135	10.482952	B3	59	96	
136	9.930000	Eb4	63	85	136	10.568179	Eb4	63	115	
137	10.020000	G3	55	58	137	10.653406	G3	55	96	
138	10.100000	F3	53	38	138	10.738634	F3	53	96	
139	10.190000	B2	47	76	139	10.823861	B2	47	96	
140	10.260000	C2	36	78	140	10.909088	C2	36	96	
141	10.260000	C3	48	91	141	10.909088	C3	48	96	
142	10.350000	C3	48	91	142	10.994315	C3	48	96	
143	10.430000	G3	55	58	143	11.079543	G3	55	96	
144	10.520000	C4	60	70	144	11.164770	C4	60	96	
145	10.600000	E4	64	75	145	11.249997	E4	64	96	
146	10.690000	C4	60	70	146	11.335224	C4	60	96	
147	10.780000	G4	67	72	147	11.420452	G4	67	96	
148	10.860000	C5	72	62	148	11.505679	C5	72	96	
149	10.950000	E5	76	110	149	11.590906	E5	76	96	
150	11.020000	C5	72	66	150	11.676133	C5	72	96	
151	11.110000	G5	79	101	151	11.761361	G5	79	96	
152	11.190000	C6	84	14	152	11.846588	C6	84	96	
153	11.280000	E6	88	56	153	11.931815	E6	88	96	
154	11.340000	C6	84	12	154	12.017042	C6	84	96	
155	11.410000	G6	91	48	155	12.102270	G6	91	96	
156	11.450000	C7	96	53	156	12.187497	C7	96	96	
157	11.470000	E7	100	43	157	12.272724	E7	100	96	
158	11.550000	C7	96	53	158	12.357951	C7	96	96	
159	11.640000	G6	91	48	159	12.443179	G6	91	96	
160	11.720000	C6	84	12	160	12.528406	C6	84	96	
161	11.810000	E6	88	46	161	12.613633	E6	88	96	
162	11.860000	C6	84	4	162	12.698860	C6	84	96	
163	11.940000	G5	79	93	163	12.784088	G5	79	96	
164	12.020000	C5	72	56	164	12.869315	C5	72	96	
165	12.110000	E5	76	110	165	12.954542	E5	76	96	
166	12.150000	C5	72	56	166	13.039769	C5	72	96	
167	12.240000	G4	67	70	167	13.124996	G4	67	96	
168	12.330000	C4	60	63	168	13.210224	C4	60	96	
169	12.410000	E4	64	74	169	13.295451	E4	64	96	
170	12.470000	C4	60	63	170	13.380678	C4	60	96	
171	12.550000	G3	55	58	171	13.465905	G3	55	96	
172	12.640000	C3	48	65	172	13.551133	C3	48	96	
173	12.710000	A1	33	66	173	13.636360	A1	33	96	
174	12.710000	A2	45	102	174	13.636360	A2	45	96	
175	12.800000	C3	48	65	175	13.721587	C3	48	96	
176	12.880000	F3	53	39	176	13.806815	F3	53	96	
177	12.970000	C4	60	73	177	13.892042	C4	60	96	
178	13.050000	F4	65	78	178	13.977269	F4	65	96	
179	13.120000	C4	60	73	179	14.062496	C4	60	96	
180	13.140000	F4	65	60	180	14.147724	F4	65	96	
181	13.140000	C5	72	60	181	14.232951	C5	72	96	
182	13.140000	C5	72	92	*	-1	*	-1	-1	
183	13.140000	F5	77	78	182	14.318178	F5	77	96	
184	13.190000	F5	77	92	184	14.488633	F5	77	96	
185	13.280000	C6	84	26	185	14.573860	C6	84	96	
186	13.360000	F6	89	54	186	14.659087	F6	89	96	
187	13.450000	C6	84	29	187	14.744314	C6	84	96	
188	13.590000	F6	89	54	188	14.829542	F6	89	96	
189	13.680000	C7	96	48	189	14.914769	C7	96	96	
190	13.760000	E7	100	34	190	14.999996	E7	100	96	
191	13.850000	C7	96	48	191	15.085223	C7	96	96	
192	13.940000	F#6	90	88	192	15.170451	F#6	90	96	
193	14.020000	C6	84	37	193	15.255678	C6	84	96	
194	14.110000	E6	88	49	194	15.340905	E6	88	96	
195	14.190000	C6	84	37	195	15.426132	C6	84	96	
196	14.280000	F#5	78	91	196	15.511360	F#5	78	96	
197	14.360000	C5	72	56	197	15.596587	C5	72	96	
198	14.450000	E5	76	109	198	15.681814	E5	76	96	
199	14.530000	C5	72	56	199	15.767041	C5	72	96	
200	14.620000	F#4	66	73	200	15.852269	F#4	66	96	
201	14.680000	C4	60	70	201	15.937496	C4	60	96	
202	14.750000	E4	64	80	202	16.022723	E4	64	96	
203	14.830000	C4	60	70	203	16.107950	C4	60	96	
204	14.920000	F#3	54	69	204	16.193178	F#3	54	96	
205	14.950000	C3	48	61	205	16.278405	C3	48	96	
206	15.020000	G1	31	49	206	16.363632	G1	31	96	
207	15.020000	G2	43	34	207	16.363632	G2	43	96	
208	15.090000	C3	48	61	208	16.448859	C3	48	96	
209	15.180000	G3	55	62	209	16.534087	G3	55	96	
210	15.260000	C4	60	65	210	16.619314	C4	60	96	
211	15.350000	D4	62	75	211	16.704541	D4	62	96	
212	15.430000	C4	60	63	212	16.789768	C4	60	96	
213	15.520000	G4	67	65	213	16.874996	G4	67	96	
214	15.610000	C5	72	72	214	16.960223	C5	72	96	
215	15.690000	D5	74	63	215	17.045450	D5	74	96	
216	15.780000	C5	72	72	216	17.130677	C5	72	96	
217	15.860000	G5	79	93	217	17.215905	G5	79	96	
218	15.950000	C6	84	12	218	17.301132	C6	84	96	
219	16.030000	D6	86	74	219	17.386359	D6	86	96	
220	16.120000	C6	84	25	220	17.471586	C6	84	96	
221	16.180000	G6	91	59	221	17.556814	G6	91	96	
222	16.180000	C7	96	45	222	17.642041	C7	96	96	
223	16.250000	D7	98	66	223	17.727268	D7	98	96	
224	16.320000	B6	95	85	224	17.812495	B6	95	96	
225	16.378000	G6	91	45	225	17.897723	G6	91	96	
226	16.470000	B5	83	87	226	17.982950	B5	83	96	
227	16.550000	D6	86	91	227	18.068177	D6	86	96	
228	16.620000	B5	83	87	228	18.153404	B5	83	96	
229	16.670000	G5	79	94	229	18.238632	G5	79	96	
230	16.760000	B4	71	83	230	18.323859	B4	71	96	
231	16.840000	D5	74	80	231	18.409086	D5	74	96	
232	16.930000	B4	71	83	232	18.494313	B4	71	96	
233	16.970000	G4	67	71	233	18.579541	G4	67	96	
234	17.060000	B3	59	49	234	18.664768	B3	59	96	
235	17.140000	D4	62	57	235	18.749995	D4	62	96	
236	17.210000	B3	59	49	236	18.835222	B3	59	96	
237	17.290000	G3	55	54	237	18.920450	G3	55	96	
238	17.370000	B2	47	74	238	19.005677	B2	47	96	
239	17.440000	C2	36	69	239	19.090904	C2	36	96	
240	17.440000	C3	48	79	240	19.090904	C3	48	96	
241	17.520000	D3	50	49	241	19.176131	D3	50	96	
242	17.610000	G3	55	54	242	19.261359	G3	55	96	
243	17.690000	D4	62	66	243	19.346586	D4	62	96	
244	17.780000	E4	64	74	244	19.431813	E4	64	96	
245	17.860000	D4	62	66	245	19.517040	D4	62	96	
246	17.950000	G4	67	64	246	19.602267	G4	67	96	
247	18.030000	D5	74	90	247	19.687495	D5	74	96	
248	18.100000	E5	76	109	248	19.772722	E5	76	96	
249	18.180000	D5	74	90	249	19.857949	D5	74	96	
250	18.250000	G5	79	93	250	19.943176	G5	79	96	
251	18.330000	D6	86	92	251	20.028404	D6	86	96	
252	18.420000	E6	88	45	252	20.113631	E6	88	96	
253	18.490000	D6	86	92	253	20.198858	D6	86	96	
254	18.530000	G6	91	53	254	20.284085	G6	91	96	
255	18.570000	D7	98	58	255	20.369313	D7	98	96	
256	18.630000	E7	100	39	256	20.454540	E7	100	96	
257	18.710000	C7	96	62	257	20.539767	C7	96	96	
258	18.790000	G6	91	53	258	20.624994	G6	91	96	
259	18.870000	C6	84	29	259	20.710222	C6	84	96	
260	18.950000	E6	88	45	260	20.795449	E6	88	96	
261	19.040000	C6	84	29	261	20.880676	C6	84	96	
262	19.090000	G5	79	93	262	20.965903	G5	79	96	
263	19.180000	C5	72	61	263	21.051131	C5	72	96	
264	19.260000	E5	76	104	264	21.136358	E5	76	96	
265	19.340000	C5	72	61	265	21.221585	C5	72	96	
266	19.420000	G4	67	62	266	21.306812	G4	67	96	
267	19.500000	C4	60	64	267	21.392040	C4	60	96	
268	19.580000	E4	64	68	268	21.477267	E4	64	96	
269	19.650000	C4	60	64	269	21.562494	C4	60	96	
270	19.730000	G3	55	51	270	21.647721	G3	55	96	
271	19.820000	C3	48	46	271	21.732949	C3	48	96	
272	19.900000	A1	33	51	272	21.818176	A1	33	96	
273	19.900000	A2	45	79	273	21.818176	A2	45	96	
274	19.990000	E3	52	55	274	21.903403	E3	52	96	
275	20.070000	C4	60	59	275	21.988631	C4	60	96	
276	20.160000	E4	64	61	276	22.073858	E4	64	96	
277	20.240000	F4	65	59	277	22.159085	F4	65	96	
278	20.330000	E4	64	63	278	22.244312	E4	64	96	
279	20.410000	C5	72	53	279	22.329540	C5	72	96	
280	20.500000	E5	76	94	280	22.414767	E5	76	96	
281	20.550000	F5	77	71	281	22.499994	F5	77	96	
282	20.640000	E5	76	94	282	22.585221	E5	76	96	
283	20.730000	C6	84	18	283	22.670449	C6	84	96	
284	20.810000	E6	88	43	284	22.755676	E6	88	96	
285	20.900000	F6	89	1	285	22.840903	F6	89	96	
286	20.960000	E6	88	43	286	22.926130	E6	88	96	
287	20.970000	C7	96	19	287	23.011358	C7	96	96	
288	21.020000	E7	100	1	288	23.096585	E7	100	96	
289	21.070000	B1	35	18	290	23.181812	B1	35	96	
290	21.070000	B2	47	9	291	23.181812	B2	47	96	
291	21.070000	D7	98	71	292	23.267039	D7	98	96	
292	21.070000	F7	101	82	*	-1	*	-1	-1	
293	21.120000	B6	95	37	293	23.352267	B6	95	96	
294	21.210000	D6	86	69	294	23.437494	D6	86	96	
295	21.320000	F6	89	1	295	23.522721	F6	89	96	
296	21.400000	D6	86	69	296	23.607948	D6	86	96	
297	21.490000	B5	83	79	297	23.693176	B5	83	96	
298	21.670000	D5	74	74	298	23.778403	D5	74	96	
299	21.760000	A1	33	82	300	23.863630	A1	33	96	
300	21.760000	A2	45	65	301	23.863630	A2	45	96	
301	21.760000	F5	77	99	299	23.863630	F5	77	96	
302	21.840000	D5	74	74	302	23.948857	D5	74	96	
303	21.930000	B4	71	72	303	24.034085	B4	71	96	
304	22.010000	D4	62	60	304	24.119312	D4	62	96	
305	22.100000	F4	65	67	305	24.204539	F4	65	96	
306	22.180000	D4	62	60	306	24.289766	D4	62	96	
307	22.270000	B3	59	45	307	24.374994	B3	59	96	
308	22.360000	D3	50	55	308	24.460221	D3	50	96	
309	22.440000	G#1	32	56	309	24.545448	G#1	32	96	
310	22.440000	G#2	44	78	310	24.545448	G#2	44	96	
311	22.530000	D3	50	55	311	24.630675	D3	50	96	
312	22.610000	B3	59	42	312	24.715903	B3	59	96	
313	22.700000	D4	62	62	313	24.801130	D4	62	96	
314	22.780000	E4	64	65	314	24.886357	E4	64	96	
315	22.870000	D4	62	62	315	24.971584	D4	62	96	
316	22.930000	B4	71	81	316	25.056812	B4	71	96	
317	23.020000	D5	74	83	317	25.142039	D5	74	96	
318	23.100000	E5	76	93	318	25.227266	E5	76	96	
319	23.180000	D5	74	83	319	25.312493	D5	74	96	
320	23.250000	B5	83	87	320	25.397721	B5	83	96	
321	23.340000	D6	86	81	321	25.482948	D6	86	96	
322	23.420000	E6	88	51	322	25.568175	E6	88	96	
323	23.510000	D6	86	81	323	25.653402	D6	86	96	
324	23.520000	B6	95	74	324	25.738630	B6	95	96	
325	23.530000	D7	98	40	325	25.823857	D7	98	96	
326	23.610000	A1	33	14	327	25.909084	A1	33	96	
327	23.610000	A2	45	65	328	25.909084	A2	45	96	
328	23.610000	E7	100	107	326	25.909084	E7	100	96	
329	23.700000	C7	96	41	329	25.994311	C7	96	96	
330	23.780000	A6	93	1	330	26.079539	A6	93	96	
331	23.870000	C6	84	43	331	26.164766	C6	84	96	
332	23.950000	E6	88	49	332	26.249993	E6	88	96	
333	24.040000	C6	84	43	333	26.335220	C6	84	96	
334	24.130000	A5	81	73	334	26.420448	A5	81	96	
335	24.210000	C5	72	67	335	26.505675	C5	72	96	
336	24.300000	G1	31	107	337	26.590902	G1	31	96	
337	24.300000	G2	43	69	338	26.590902	G2	43	96	
338	24.300000	E5	76	22	336	26.590902	E5	76	96	
339	24.380000	C5	72	67	339	26.676129	C5	72	96	
340	24.470000	A4	69	59	340	26.761357	A4	69	96	
341	24.550000	C4	60	69	341	26.846584	C4	60	96	
342	24.600000	E4	64	83	342	26.931811	E4	64	96	
343	24.680000	C4	60	69	343	27.017038	C4	60	96	
344	24.770000	A3	57	74	344	27.102266	A3	57	96	
345	24.850000	C3	48	75	345	27.187493	C3	48	96	
346	24.940000	F1	29	74	346	27.272720	F1	29	96	
347	24.940000	F2	41	84	347	27.272720	F2	41	96	
348	25.020000	C3	48	75	348	27.357947	C3	48	96	
349	25.110000	A3	57	74	349	27.443175	A3	57	96	
350	25.190000	C4	60	69	350	27.528402	C4	60	96	
351	25.280000	E4	64	70	351	27.613629	E4	64	96	
352	25.340000	C4	60	69	352	27.698856	C4	60	96	
353	25.430000	A4	69	62	353	27.784084	A4	69	96	
354	25.510000	C5	72	76	354	27.869311	C5	72	96	
355	25.570000	E5	76	108	355	27.954538	E5	76	96	
356	25.650000	C5	72	76	356	28.039765	C5	72	96	
357	25.740000	A5	81	77	357	28.124993	A5	81	96	
358	25.830000	C6	84	20	358	28.210220	C6	84	96	
359	25.910000	E6	88	32	359	28.295447	E6	88	96	
360	26.000000	C6	84	11	360	28.380674	C6	84	96	
361	26.080000	A6	93	26	361	28.465902	A6	93	96	
362	26.170000	C7	96	45	362	28.551129	C7	96	96	
363	26.250000	Eb7	99	85	363	28.636356	Eb7	99	96	
364	26.340000	B6	95	52	364	28.721583	B6	95	96	
365	26.420000	A6	93	26	365	28.806811	A6	93	96	
366	26.510000	B5	83	83	366	28.892038	B5	83	96	
367	26.540000	B5	83	83	*	-1	*	-1	-1	
368	26.540000	Eb6	87	1	367	28.977265	Eb6	87	96	
369	26.600000	A5	81	70	369	29.147720	A5	81	96	
370	26.680000	B4	71	77	370	29.232947	B4	71	96	
371	26.760000	Eb5	75	94	371	29.318174	Eb5	75	96	
372	26.850000	B4	71	77	372	29.403401	B4	71	96	
373	26.930000	A4	69	65	373	29.488629	A4	69	96	
374	27.020000	B3	59	59	374	29.573856	B3	59	96	
375	27.100000	Eb4	63	82	375	29.659083	Eb4	63	96	
376	27.160000	B3	59	59	376	29.744310	B3	59	96	
377	27.220000	A3	57	72	377	29.829538	A3	57	96	
378	27.310000	B2	47	59	378	29.914765	B2	47	96	
379	27.390000	E1	28	70	379	29.999992	E1	28	96	
380	27.390000	E2	40	97	380	29.999992	E2	40	96	
381	27.480000	B2	47	59	381	30.085219	B2	47	96	
382	27.570000	A3	57	72	382	30.170447	A3	57	96	
383	27.650000	B3	59	60	383	30.255674	B3	59	96	
384	27.730000	E4	64	74	384	30.340901	E4	64	96	
385	27.760000	B3	59	60	385	30.426128	B3	59	96	
386	27.850000	A4	69	60	386	30.511356	A4	69	96	
387	27.930000	B4	71	87	387	30.596583	B4	71	96	
388	28.020000	E5	76	111	388	30.681810	E5	76	96	
389	28.100000	B4	71	87	389	30.767037	B4	71	96	
390	28.190000	A5	81	55	390	30.852265	A5	81	96	
391	28.270000	B5	83	83	391	30.937492	B5	83	96	
392	28.360000	E6	88	50	392	31.022719	E6	88	96	
393	28.440000	B5	83	83	393	31.107946	B5	83	96	
394	28.530000	A6	93	9	394	31.193174	A6	93	96	
395	28.610000	B6	95	91	395	31.278401	B6	95	96	
396	28.650000	E7	100	52	396	31.363628	E7	100	96	
397	28.720000	G#6	92	54	*	-1	*	-1	-1	
398	28.720000	B6	95	91	397	31.448855	B6	95	96	
399	28.780000	B5	83	83	399	31.619310	B5	83	96	
400	28.870000	E6	88	45	400	31.704537	E6	88	96	
401	28.950000	B5	83	77	401	31.789764	B5	83	96	
402	29.020000	G#5	80	84	402	31.874992	G#5	80	96	
403	29.100000	B4	71	79	403	31.960219	B4	71	96	
404	29.180000	E5	76	108	404	32.045446	E5	76	96	
405	29.270000	B4	71	79	405	32.130673	B4	71	96	
406	29.350000	G#4	68	70	406	32.215901	G#4	68	96	
407	29.440000	B3	59	50	407	32.301128	B3	59	96	
408	29.520000	E4	64	71	408	32.386355	E4	64	96	
409	29.590000	B3	59	50	409	32.471582	B3	59	96	
410	29.670000	G#3	56	37	410	32.556809	G#3	56	96	
411	29.750000	B2	47	65	411	32.642037	B2	47	96	
412	29.820000	A1	33	63	412	32.727264	A1	33	96	
413	29.820000	A2	45	97	413	32.727264	A2	45	96	
414	29.910000	E3	52	49	414	32.812491	E3	52	96	
415	29.990000	A3	57	70	415	32.897719	A3	57	96	
416	30.080000	C#4	61	44	416	32.982946	C#4	61	96	
417	30.160000	G4	67	66	417	33.068173	G4	67	96	
418	30.250000	E4	64	81	418	33.153400	E4	64	96	
419	30.330000	A4	69	58	419	33.238627	A4	69	96	
420	30.400000	C#5	73	71	420	33.323855	C#5	73	96	
421	30.450000	G5	79	71	421	33.409082	G5	79	96	
422	30.540000	E5	76	107	422	33.494309	E5	76	96	
423	30.620000	A5	81	82	423	33.579537	A5	81	96	
424	30.700000	C#6	85	46	424	33.664764	C#6	85	96	
425	30.750000	G6	91	49	425	33.749991	G6	91	96	
426	30.840000	C#6	85	46	426	33.835218	C#6	85	96	
427	30.890000	A5	81	82	427	33.920445	A5	81	96	
428	30.930000	E5	76	107	428	34.005673	E5	76	96	
429	31.020000	D2	38	49	430	34.090900	D2	38	96	
430	31.020000	D3	50	77	431	34.090900	D3	50	96	
431	31.020000	G6	91	81	429	34.090900	G6	91	96	
432	31.100000	C6	84	1	432	34.176127	C6	84	96	
433	31.180000	A5	81	75	433	34.261355	A5	81	96	
434	31.260000	E5	76	54	434	34.346582	E5	76	96	
435	31.350000	G5	79	103	435	34.431809	G5	79	96	
436	31.430000	C5	72	64	436	34.517036	C5	72	96	
437	31.520000	A4	69	65	437	34.602263	A4	69	96	
438	31.590000	E4	64	78	438	34.687491	E4	64	96	
439	31.660000	G4	67	83	439	34.772718	G4	67	96	
440	31.740000	C4	60	67	440	34.857945	C4	60	96	
441	31.820000	A3	57	77	441	34.943173	A3	57	96	
442	31.890000	E3	52	71	442	35.028400	E3	52	96	
443	31.980000	F#4	66	76	443	35.113627	F#4	66	96	
444	32.060000	C4	60	67	444	35.198854	C4	60	96	
445	32.150000	A3	57	77	445	35.284081	A3	57	96	
446	32.228000	D3	50	50	446	35.369309	D3	50	96	
447	32.320000	G1	31	3	447	35.454536	G1	31	96	
448	32.320000	G2	43	1	448	35.454536	G2	43	96	
449	32.400000	D3	50	46	449	35.539763	D3	50	96	
450	32.490000	G3	55	69	450	35.624991	G3	55	96	
451	32.580000	C4	60	68	451	35.710218	C4	60	96	
452	32.658000	F4	65	73	452	35.795445	F4	65	96	
453	32.750000	D4	62	74	453	35.880672	D4	62	96	
454	32.820000	G4	67	66	454	35.965899	G4	67	96	
455	32.910000	C5	72	69	455	36.051127	C5	72	96	
456	32.940000	F5	77	90	456	36.136354	F5	77	96	
457	33.030000	D5	74	68	457	36.221581	D5	74	96	
458	33.110000	G5	79	60	458	36.306809	G5	79	96	
459	33.180000	C6	84	9	459	36.392036	C6	84	96	
460	33.240000	F6	89	5	460	36.477263	F6	89	96	
461	33.330000	D6	86	83	461	36.562490	D6	86	96	
462	33.400000	G6	91	50	462	36.647717	G6	91	96	
463	33.440000	C7	96	59	463	36.732945	C7	96	96	
464	33.490000	F7	101	69	464	36.818172	F7	101	96	
465	33.580000	B6	95	92	465	36.903399	B6	95	96	
466	33.640000	G6	91	50	466	36.988627	G6	91	96	
467	33.730000	D6	86	83	467	37.073854	D6	86	96	
468	33.800000	F6	89	55	468	37.159081	F6	89	96	
469	33.880000	B5	83	85	469	37.244308	B5	83	96	
470	33.930000	G5	79	91	470	37.329535	G5	79	96	
471	34.020000	D5	74	73	471	37.414763	D5	74	96	
472	34.090000	F5	77	92	472	37.499990	F5	77	96	
473	34.180000	B4	71	78	473	37.585217	B4	71	96	
474	34.270000	G4	67	71	474	37.670445	G4	67	96	
475	34.350000	D4	62	67	475	37.755672	D4	62	96	
476	34.410000	F4	65	76	476	37.840899	F4	65	96	
477	34.490000	B3	59	49	477	37.926126	B3	59	96	
478	34.580000	G3	55	63	478	38.011353	G3	55	96	
479	34.660000	D3	50	63	479	38.096581	D3	50	96	
480	34.750000	C2	36	63	480	38.181808	C2	36	96	
481	34.750000	C3	48	59	481	38.181808	C3	48	96	
482	34.830000	C3	48	59	482	38.267035	C3	48	96	
483	34.910000	G3	55	63	483	38.352263	G3	55	96	
484	34.960000	Bb3	58	73	484	38.437490	Bb3	58	96	
485	35.030000	E4	64	68	485	38.522717	E4	64	96	
486	35.110000	C4	60	65	486	38.607944	C4	60	96	
487	35.200000	G4	67	63	487	38.693172	G4	67	96	
488	35.240000	Bb4	70	67	488	38.778399	Bb4	70	96	
489	35.320000	E5	76	103	489	38.863626	E5	76	96	
490	35.400000	C5	72	64	490	38.948853	C5	72	96	
491	35.470000	G5	79	89	491	39.034081	G5	79	96	
492	35.550000	Bb5	82	17	492	39.119308	Bb5	82	96	
493	35.640000	E6	88	40	493	39.204535	E6	88	96	
494	35.690000	C6	84	23	494	39.289762	C6	84	96	
495	35.740000	G6	91	50	495	39.374990	G6	91	96	
496	35.810000	C7	96	51	496	39.460217	C7	96	96	
497	35.890000	F#1	30	88	498	39.545444	F#1	30	96	
498	35.890000	F#2	42	73	499	39.545444	F#2	42	96	
499	35.890000	Eb7	99	94	497	39.545444	Eb7	99	96	
500	35.980000	Bb6	94	22	500	39.630671	Bb6	94	96	
501	36.060000	Eb6	87	33	501	39.715899	Eb6	87	96	
502	36.150000	C6	84	26	502	39.801126	C6	84	96	
503	36.230000	Eb6	87	33	503	39.886353	Eb6	87	96	
504	36.320000	Bb5	82	32	504	39.971580	Bb5	82	96	
505	36.380000	Eb5	75	89	505	40.056808	Eb5	75	96	
506	36.470000	C5	72	60	506	40.142035	C5	72	96	
507	36.550000	Eb5	75	89	507	40.227262	Eb5	75	96	
508	36.640000	Bb4	70	68	508	40.312489	Bb4	70	96	
509	36.720000	Eb4	63	75	509	40.397717	Eb4	63	96	
510	36.810000	C4	60	45	510	40.482944	C4	60	96	
511	36.890000	Eb4	63	75	511	40.568171	Eb4	63	96	
512	36.960000	Bb3	58	69	512	40.653398	Bb3	58	96	
513	37.040000	Eb3	51	75	513	40.738626	Eb3	51	96	
514	37.130000	C3	48	70	514	40.823853	C3	48	96	
515	37.210000	F1	29	72	515	40.909080	F1	29	96	
516	37.210000	F2	41	78	516	40.909080	F2	41	96	
517	37.300000	C3	48	70	517	40.994307	C3	48	96	
518	37.380000	Eb3	51	75	518	41.079535	Eb3	51	96	
519	37.470000	A3	57	77	519	41.164762	A3	57	96	
520	37.510000	Eb4	63	75	520	41.249989	Eb4	63	96	
521	37.540000	C4	60	74	521	41.335216	C4	60	96	
522	37.620000	Eb4	63	69	522	41.420444	Eb4	63	96	
523	37.700000	A4	69	67	523	41.505671	A4	69	96	
524	37.790000	Eb5	75	83	524	41.590898	Eb5	75	96	
525	37.870000	C5	72	63	525	41.676125	C5	72	96	
526	37.960000	Eb5	75	83	526	41.761353	Eb5	75	96	
527	38.040000	A5	81	79	527	41.846580	A5	81	96	
528	38.090000	Eb6	87	26	528	41.931807	Eb6	87	96	
529	38.170000	C6	84	20	529	42.017034	C6	84	96	
530	38.260000	Eb6	87	27	530	42.102262	Eb6	87	96	
531	38.320000	A6	93	3	531	42.187489	A6	93	96	
532	38.410000	B1	35	71	533	42.272716	B1	35	96	
533	38.410000	B2	47	90	534	42.272716	B2	47	96	
534	38.410000	Eb7	99	90	532	42.272716	Eb7	99	96	
535	38.490000	G#6	92	1	535	42.357943	G#6	92	96	
536	38.580000	Eb6	87	38	536	42.443171	Eb6	87	96	
537	38.660000	B5	83	82	537	42.528398	B5	83	96	
538	38.740000	Eb6	87	38	538	42.613625	Eb6	87	96	
539	38.800000	G#5	80	82	539	42.698852	G#5	80	96	
540	38.860000	Eb5	75	93	540	42.784080	Eb5	75	96	
541	38.930000	B4	71	62	541	42.869307	B4	71	96	
542	39.010000	Eb5	75	93	542	42.954534	Eb5	75	96	
543	39.090000	G#4	68	6	543	43.039761	G#4	68	96	
544	39.180000	Eb4	63	69	544	43.124989	Eb4	63	96	
545	39.270000	B3	59	43	545	43.210216	B3	59	96	
546	39.350000	Eb4	63	69	546	43.295443	Eb4	63	96	
547	39.440000	G#3	56	32	547	43.380670	G#3	56	96	
548	39.520000	Eb3	51	68	548	43.465898	Eb3	51	96	
549	39.610000	B2	47	71	549	43.551125	B2	47	96	
550	39.680000	Bb1	34	68	550	43.636352	Bb1	34	96	
551	39.770000	Bb2	46	81	551	43.721579	Bb2	46	96	
552	39.850000	F3	53	32	552	43.806807	F3	53	96	
553	39.940000	G#3	56	47	553	43.892034	G#3	56	96	
554	40.020000	D4	62	58	554	43.977261	D4	62	96	
555	40.100000	Bb3	58	71	555	44.062488	Bb3	58	97	
556	40.180000	F4	65	69	556	44.147716	F4	65	98	
557	40.250000	G#4	68	80	557	44.232943	G#4	68	98	
558	40.320000	D5	74	73	558	44.318170	D5	74	99	
559	40.410000	Bb4	70	69	559	44.403397	Bb4	70	99	
560	40.470000	F5	77	83	560	44.488625	F5	77	100	
561	40.560000	G#5	80	81	561	44.573852	G#5	80	101	
562	40.640000	D6	86	84	562	44.659079	D6	86	101	
563	40.720000	Bb5	82	37	563	44.744306	Bb5	82	102	
564	40.790000	F6	89	1	564	44.829534	F6	89	102	
565	40.840000	G#6	92	49	565	44.914761	G#6	92	103	
566	40.920000	Bb2	46	47	567	44.999988	Bb2	46	103	
567	40.920000	D7	98	120	566	44.999988	D7	98	103	
568	41.010000	G#6	92	49	568	45.085215	G#6	92	104	
569	41.100000	E6	88	38	569	45.170443	E6	88	105	
570	41.180000	Bb5	82	37	570	45.255670	Bb5	82	105	
571	41.230000	D6	86	88	571	45.340897	D6	86	106	
572	41.310000	G#5	80	74	572	45.426124	G#5	80	106	
573	41.400000	E5	76	72	573	45.511352	E5	76	107	
574	41.460000	Bb4	70	63	574	45.596579	Bb4	70	107	
575	41.550000	D5	74	84	575	45.681806	D5	74	108	
576	41.630000	G#4	68	73	576	45.767033	G#4	68	109	
577	41.720000	E4	64	68	577	45.852260	E4	64	109	
578	41.800000	Bb3	58	57	578	45.937488	Bb3	58	110	
579	41.890000	D4	62	66	579	46.022715	D4	62	110	
580	41.970000	G#3	56	51	580	46.107942	G#3	56	111	
581	42.060000	E3	52	75	581	46.193170	E3	52	111	
582	42.140000	Bb2	46	93	582	46.278397	Bb2	46	112	
583	42.230000	A1	33	72	583	46.363624	A1	33	96	
584	42.230000	A2	45	94	584	46.363624	A2	45	96	
585	42.310000	A2	45	94	585	46.448851	A2	45	96	
586	42.400000	E3	52	75	586	46.534078	E3	52	96	
587	42.480000	A3	57	79	587	46.619306	A3	57	96	
588	42.570000	C#4	61	51	588	46.704533	C#4	61	96	
589	42.650000	A3	57	79	589	46.789760	A3	57	96	
590	42.740000	E4	64	42	590	46.874988	E4	64	96	
591	42.830000	A4	69	63	591	46.960215	A4	69	96	
592	42.860000	C#5	73	75	592	47.045442	C#5	73	96	
593	42.930000	A4	69	63	593	47.130669	A4	69	96	
594	43.010000	E5	76	103	594	47.215896	E5	76	96	
595	43.100000	A5	81	78	595	47.301124	A5	81	96	
596	43.180000	C#6	85	48	596	47.386351	C#6	85	96	
597	43.240000	A5	81	78	597	47.471578	A5	81	96	
598	43.290000	E6	88	47	598	47.556806	E6	88	96	
599	43.380000	A6	93	6	599	47.642033	A6	93	96	
600	43.460000	C#7	97	8	600	47.727260	C#7	97	96	
601	43.550000	A6	93	6	601	47.812487	A6	93	96	
602	43.630000	E6	88	47	602	47.897714	E6	88	96	
603	43.720000	A5	81	72	603	47.982942	A5	81	96	
604	43.800000	C#6	85	48	604	48.068169	C#6	85	96	
605	43.860000	A5	81	72	605	48.153396	A5	81	95	
606	43.930000	E5	76	95	606	48.238624	E5	76	95	
607	44.020000	A4	69	60	607	48.323851	A4	69	95	
608	44.100000	C#5	73	69	608	48.409078	C#5	73	94	
609	44.190000	A4	69	60	609	48.494305	A4	69	94	
610	44.260000	E4	64	57	610	48.579532	E4	64	94	
611	44.350000	A3	57	65	611	48.664760	A3	57	93	
612	44.410000	C#4	61	60	612	48.749987	C#4	61	93	
613	44.500000	A3	57	65	613	48.835214	A3	57	93	
614	44.590000	E3	52	59	614	48.920442	E3	52	92	
615	44.670000	A2	45	66	615	49.005669	A2	45	92	
616	44.760000	D2	38	65	616	49.090896	D2	38	92	
617	44.840000	A2	45	66	617	49.176123	A2	45	92	
618	44.930000	D3	50	36	618	49.261351	D3	50	91	
619	45.010000	F#3	54	69	619	49.346578	F#3	54	91	
620	45.100000	C4	60	64	620	49.431805	C4	60	91	
621	45.180000	A3	57	53	621	49.517032	A3	57	90	
622	45.270000	D4	62	47	622	49.602260	D4	62	90	
623	45.350000	F#4	66	63	623	49.687487	F#4	66	90	
624	45.440000	C5	72	33	624	49.772714	C5	72	89	
625	45.520000	A4	69	32	625	49.857941	A4	69	89	
626	45.610000	D5	74	75	626	49.943169	D5	74	89	
627	45.660000	F#5	78	77	627	50.028396	F#5	78	88	
628	45.700000	C6	84	16	628	50.113623	C6	84	88	
629	45.760000	A5	81	79	629	50.198850	A5	81	88	
630	45.830000	D6	86	83	630	50.284078	D6	86	88	
631	45.880000	F#6	90	83	631	50.369305	F#6	90	87	
632	45.930000	G1	31	67	633	50.454532	G1	31	87	
633	45.930000	G2	43	23	634	50.454532	G2	43	87	
634	45.930000	C7	96	20	632	50.454532	C7	96	87	
635	46.010000	F6	89	62	635	50.539759	F6	89	87	
636	46.100000	D6	86	83	636	50.624987	D6	86	86	
637	46.190000	G5	79	82	637	50.710214	G5	79	86	
638	46.270000	C6	84	37	638	50.795441	C6	84	86	
639	46.360000	F5	77	81	639	50.880668	F5	77	85	
640	46.440000	D5	74	74	640	50.965896	D5	74	85	
641	46.530000	G4	67	42	641	51.051123	G4	67	85	
642	46.580000	C5	72	74	642	51.136350	C5	72	84	
643	46.660000	F4	65	72	643	51.221577	F4	65	84	
644	46.740000	D4	62	71	644	51.306805	D4	62	84	
645	46.830000	G3	55	59	645	51.392032	G3	55	83	
646	46.910000	B3	59	43	646	51.477259	B3	59	83	
647	47.000000	F3	53	1	647	51.562486	F3	53	83	
648	47.080000	D3	50	69	648	51.647714	D3	50	82	
649	47.170000	G2	43	1	649	51.732941	G2	43	82	
650	47.250000	C2	36	54	650	51.818168	C2	36	82	
651	47.340000	G2	43	1	651	51.903395	G2	43	82	
652	47.380000	C3	48	68	652	51.988623	C3	48	81	
653	47.450000	E3	52	75	653	52.073850	E3	52	81	
654	47.530000	B3	59	53	654	52.159077	B3	59	81	
655	47.620000	G3	55	59	655	52.244304	G3	55	80	
656	47.660000	C4	60	63	656	52.329532	C4	60	80	
657	47.740000	E4	64	79	657	52.414759	E4	64	80	
658	47.820000	B4	71	78	658	52.499986	B4	71	79	
659	47.910000	G4	67	61	659	52.585213	G4	67	79	
660	48.000000	C5	72	58	660	52.670441	C5	72	79	
661	48.040000	E5	76	100	661	52.755668	E5	76	78	
662	48.130000	B5	83	83	662	52.840895	B5	83	78	
663	48.170000	G5	79	91	663	52.926122	G5	79	78	
664	48.260000	C6	84	51	664	53.011350	C6	84	77	
665	48.340000	E6	88	47	665	53.096577	E6	88	77	
666	48.370000	F1	29	103	667	53.181804	F1	29	77	
667	48.370000	F2	41	71	668	53.181804	F2	41	77	
668	48.370000	B6	95	80	666	53.181804	B6	95	77	
669	48.450000	E6	88	47	669	53.267031	E6	88	76	
670	48.540000	C6	84	51	670	53.352259	C6	84	76	
671	48.590000	F5	77	92	671	53.437486	F5	77	76	
672	48.680000	B5	83	73	672	53.522713	B5	83	75	
673	48.760000	E5	76	105	673	53.607940	E5	76	75	
674	48.850000	C5	72	71	674	53.693168	C5	72	75	
675	48.930000	F4	65	57	675	53.778395	F4	65	74	
676	49.010000	B4	71	80	676	53.863622	B4	71	74	
677	49.090000	E4	64	74	677	53.948849	E4	64	74	
678	49.180000	C4	60	64	678	54.034077	C4	60	73	
679	49.260000	F3	53	15	679	54.119304	F3	53	73	
680	49.350000	A3	57	80	680	54.204531	A3	57	73	
681	49.390000	E3	52	66	681	54.289758	E3	52	72	
682	49.480000	C3	48	60	682	54.374986	C3	48	72	
683	49.570000	F2	41	77	683	54.460213	F2	41	72	
684	49.650000	B1	35	65	684	54.545440	B1	35	72	
685	49.720000	F2	41	71	685	54.630667	F2	41	72	
686	49.730000	B2	47	47	686	54.715895	B2	47	71	
687	49.820000	D3	50	68	687	54.801122	D3	50	71	
688	49.890000	A3	57	76	688	54.886349	A3	57	71	
689	49.960000	F3	53	22	689	54.971576	F3	53	70	
690	50.040000	B3	59	42	690	55.056804	B3	59	70	
691	50.120000	D4	62	63	691	55.142031	D4	62	70	
692	50.170000	A4	69	65	692	55.227258	A4	69	69	
693	50.260000	F4	65	72	693	55.312485	F4	65	69	
694	50.310000	B4	71	87	694	55.397713	B4	71	69	
695	50.400000	D5	74	75	695	55.482940	D5	74	68	
696	50.480000	A5	81	70	696	55.568167	A5	81	68	
697	50.520000	F5	77	94	697	55.653394	F5	77	68	
698	50.600000	B5	83	89	698	55.738622	B5	83	67	
699	50.690000	D6	86	84	699	55.823849	D6	86	67	
700	50.740000	E1	28	54	701	55.909076	E1	28	67	
701	50.740000	E2	40	61	702	55.909076	E2	40	67	
702	50.740000	G6	91	96	700	55.909076	G6	91	67	
703	50.800000	D6	86	84	703	55.994303	D6	86	66	
704	50.880000	B5	83	89	704	56.079531	B5	83	66	
705	50.960000	E5	76	101	705	56.164758	E5	76	66	
706	51.020000	G5	79	72	706	56.249985	G5	79	65	
707	51.110000	D5	74	81	707	56.335212	D5	74	65	
708	51.200000	B4	71	83	708	56.420440	B4	71	65	
709	51.280000	E4	64	77	709	56.505667	E4	64	64	
710	51.340000	A1	33	50	711	56.590894	A1	33	64	
711	51.340000	A2	45	63	712	56.590894	A2	45	64	
712	51.340000	A4	69	95	710	56.590894	A4	69	64	
713	51.420000	C5	72	52	713	56.676121	C5	72	66	
714	51.450000	G5	79	86	714	56.761349	G5	79	66	
715	51.520000	E5	76	110	715	56.846576	E5	76	67	
716	51.610000	A5	81	76	716	56.931803	A5	81	68	
717	51.690000	C6	84	28	717	57.017030	C6	84	69	
718	51.740000	G6	91	51	718	57.102258	G6	91	69	
719	51.820000	E6	88	51	719	57.187485	E6	88	70	
720	51.890000	D1	26	24	721	57.272712	D1	26	71	
721	51.890000	D2	38	127	722	57.272712	D2	38	71	
722	51.890000	F6	89	70	720	57.272712	F6	89	71	
723	51.970000	C6	84	28	723	57.357939	C6	84	72	
724	52.040000	A5	81	78	724	57.443167	A5	81	73	
725	52.100000	D5	74	80	725	57.528394	D5	74	73	
726	52.190000	F5	77	84	726	57.613621	F5	77	74	
727	52.270000	C5	72	68	727	57.698848	C5	72	75	
728	52.360000	A4	69	57	728	57.784076	A4	69	76	
729	52.440000	D4	62	77	729	57.869303	D4	62	76	
730	52.510000	G1	31	83	731	57.954530	G1	31	77	
731	52.510000	G2	43	67	732	57.954530	G2	43	77	
732	52.510000	B4	71	11	733	58.039757	B4	71	78	
733	52.590000	F5	77	85	734	58.124985	F5	77	79	
734	52.680000	D5	74	76	735	58.210212	D5	74	80	
735	52.760000	G5	79	87	736	58.295439	G5	79	80	
736	52.850000	B5	83	91	737	58.380666	B5	83	81	
737	52.930000	F6	89	64	738	58.465893	F6	89	82	
738	52.990000	D6	86	83	739	58.551121	D6	86	83	
739	53.070000	C1	24	42	741	58.636348	C1	24	84	
740	53.070000	C2	36	32	742	58.636348	C2	36	84	
741	53.070000	E6	88	76	740	58.636348	E6	88	84	
742	53.130000	B5	83	91	743	58.721575	B5	83	84	
743	53.180000	G5	79	92	744	58.806803	G5	79	85	
744	53.270000	C5	72	59	745	58.892030	C5	72	86	
745	53.350000	E5	76	98	746	58.977257	E5	76	87	
746	53.430000	B4	71	85	747	59.062484	B4	71	87	
747	53.510000	G4	67	79	748	59.147711	G4	67	88	
748	53.600000	C4	60	64	749	59.232939	C4	60	89	
749	53.640000	F1	29	69	751	59.318166	F1	29	90	
750	53.640000	F2	41	70	752	59.318166	F2	41	90	
751	53.640000	F4	65	69	750	59.318166	F4	65	90	
752	53.730000	A4	69	63	753	59.403393	A4	69	91	
753	53.810000	E5	76	98	754	59.488621	E5	76	91	
754	53.900000	C5	72	58	755	59.573848	C5	72	92	
755	53.910000	F5	77	81	756	59.659075	F5	77	93	
756	53.980000	A5	81	73	757	59.744302	A5	81	94	
757	54.060000	E6	88	37	758	59.829529	E6	88	94	
758	54.150000	C6	84	31	759	59.914757	C6	84	95	
759	54.200000	B1	35	83	761	59.999984	B1	35	96	
760	54.200000	B2	47	65	762	59.999984	B2	47	96	
761	54.200000	D6	86	72	760	59.999984	D6	86	96	
762	54.280000	A5	81	73	763	60.085211	A5	81	96	
763	54.370000	F5	77	89	764	60.170439	F5	77	96	
764	54.450000	B4	71	69	765	60.255666	B4	71	96	
765	54.540000	D5	74	80	766	60.340893	D5	74	96	
766	54.580000	A4	69	61	767	60.426120	A4	69	96	
767	54.630000	F4	65	74	768	60.511348	F4	65	96	
768	54.710000	B3	59	59	769	60.596575	B3	59	96	
769	54.800000	D4	62	63	770	60.681802	D4	62	96	
770	54.850000	A3	57	76	771	60.767029	A3	57	96	
771	54.930000	F3	53	49	772	60.852257	F3	53	96	
772	55.010000	B2	47	84	773	60.937484	B2	47	96	
773	55.100000	B1	35	83	774	61.022711	B1	35	96	
774	55.380000	B2	47	44	776	61.363620	B2	47	96	
775	55.380000	Eb6	87	85	775	61.363620	Eb6	87	96	
776	55.460000	A5	81	73	777	61.448847	A5	81	96	
777	55.550000	F#5	78	93	778	61.534075	F#5	78	96	
778	55.630000	B4	71	73	779	61.619302	B4	71	96	
779	55.720000	Eb5	75	32	780	61.704529	Eb5	75	96	
780	55.800000	A4	69	55	781	61.789756	A4	69	96	
781	55.890000	F#4	66	61	782	61.874984	F#4	66	96	
782	55.980000	B3	59	51	783	61.960211	B3	59	96	
783	56.060000	Eb4	63	88	784	62.045438	Eb4	63	96	
784	56.150000	A3	57	79	785	62.130665	A3	57	96	
785	56.230000	F#3	54	75	786	62.215893	F#3	54	96	
786	56.320000	B2	47	84	787	62.301120	B2	47	96	
787	56.460000	B1	35	91	788	62.386347	B1	35	96	
788	56.820000	E1	28	71	789	62.727256	E1	28	96	
789	56.820000	E2	40	107	790	62.727256	E2	40	96	
790	56.910000	B2	47	76	791	62.812483	B2	47	96	
791	57.110000	E3	52	80	792	62.897711	E3	52	96	
792	57.200000	G#3	56	71	793	62.982938	G#3	56	96	
793	57.280000	E4	64	84	794	63.068165	E4	64	96	
794	57.400000	B3	59	61	795	63.153392	B3	59	96	
795	57.480000	E4	64	84	796	63.238620	E4	64	96	
796	57.570000	G#4	68	82	797	63.323847	G#4	68	96	
797	57.650000	E5	76	107	798	63.409074	E5	76	96	
798	57.740000	B4	71	82	799	63.494301	B4	71	96	
799	57.820000	E5	76	107	800	63.579529	E5	76	96	
800	57.910000	G#5	80	81	801	63.664756	G#5	80	96	
801	57.990000	E6	88	50	802	63.749983	E6	88	96	
802	58.080000	B5	83	83	803	63.835210	B5	83	96	
803	58.170000	E6	88	56	804	63.920438	E6	88	96	
804	58.250000	G#6	92	57	805	64.005665	G#6	92	96	
805	58.340000	G#6	92	57	*	-1	*	-1	-1	
806	58.340000	E7	100	53	806	64.090892	E7	100	96	
807	58.410000	E6	88	56	808	64.261347	E6	88	96	
808	58.490000	B5	83	83	809	64.346574	B5	83	96	
809	58.580000	E6	88	56	810	64.431801	E6	88	96	
810	58.660000	G#5	80	81	811	64.517028	G#5	80	96	
811	58.750000	E5	76	109	812	64.602255	E5	76	96	
812	58.830000	B4	71	80	813	64.687483	B4	71	96	
813	58.920000	E5	76	109	814	64.772710	E5	76	96	
814	59.010000	G#4	68	75	815	64.857937	G#4	68	94	
815	59.110000	E4	64	67	816	64.943165	E4	64	92	
816	59.190000	B3	59	60	817	65.028392	B3	59	90	
817	59.300000	D1	26	86	819	65.113619	D1	26	87	
818	59.300000	D2	38	127	820	65.113619	D2	38	87	
819	59.300000	F4	65	51	818	65.113619	F4	65	87	
820	59.620000	B3	59	60	821	65.198846	B3	59	85	
821	59.720000	G3	55	64	822	65.284074	G3	55	83	
822	59.800000	D3	50	71	823	65.369301	D3	50	80	
823	59.890000	C1	24	48	824	65.454528	C1	24	80	
824	59.890000	C2	36	80	825	65.454528	C2	36	80	
825	59.980000	C3	48	56	826	65.539755	C3	48	80	
826	60.070000	G3	55	64	827	65.624983	G3	55	80	
827	60.160000	C4	60	61	828	65.710210	C4	60	80	
828	60.240000	E4	64	77	829	65.795437	E4	64	80	
829	60.330000	C4	60	61	830	65.880664	C4	60	80	
830	60.410000	G4	67	67	831	65.965891	G4	67	80	
831	60.500000	C5	72	68	832	66.051119	C5	72	80	
832	60.580000	E5	76	112	833	66.136346	E5	76	80	
833	60.670000	C5	72	68	834	66.221573	C5	72	80	
834	60.750000	G5	79	97	835	66.306801	G5	79	80	
835	60.900000	C6	84	19	836	66.392028	C6	84	80	
836	60.980000	E6	88	51	837	66.477255	E6	88	80	
837	61.070000	C6	84	28	838	66.562482	C6	84	80	
838	61.150000	G6	91	37	839	66.647710	G6	91	80	
839	61.240000	C7	96	40	840	66.732937	C7	96	80	
840	61.320000	C3	48	34	842	66.818164	C3	48	80	
841	61.320000	E7	100	91	841	66.818164	E7	100	80	
842	61.400000	G6	91	37	844	66.988619	G6	91	80	
843	61.400000	C7	96	40	*	-1	*	-1	-1	
844	61.410000	C6	84	28	845	67.073846	C6	84	80	
845	61.490000	E6	88	49	846	67.159073	E6	88	80	
846	61.570000	C6	84	28	847	67.244300	C6	84	80	
847	61.650000	G5	79	83	848	67.329527	G5	79	80	
848	61.740000	C5	72	58	849	67.414755	C5	72	80	
849	61.820000	E5	76	108	850	67.499982	E5	76	80	
850	61.910000	C5	72	58	851	67.585209	C5	72	80	
851	62.000000	G4	67	60	852	67.670437	G4	67	80	
852	62.080000	C4	60	73	853	67.755664	C4	60	80	
853	62.170000	E4	64	78	854	67.840891	E4	64	80	
854	62.250000	C4	60	73	855	67.926118	C4	60	80	
855	62.340000	G3	55	58	856	68.011346	G3	55	80	
856	62.420000	C3	48	68	857	68.096573	C3	48	80	
857	62.510000	F1	29	73	858	68.181800	F1	29	80	
858	62.510000	F2	41	79	859	68.181800	F2	41	80	
859	62.590000	C3	48	67	860	68.267027	C3	48	80	
860	62.680000	A3	57	71	861	68.352255	A3	57	80	
861	62.750000	C4	60	67	862	68.437482	C4	60	80	
862	62.770000	F4	65	70	863	68.522709	F4	65	80	
863	62.850000	C4	60	67	864	68.607936	C4	60	80	
864	62.940000	A4	69	66	865	68.693163	A4	69	80	
865	63.020000	C5	72	73	866	68.778391	C5	72	80	
866	63.080000	F5	77	99	867	68.863618	F5	77	80	
867	63.160000	C5	72	73	868	68.948845	C5	72	80	
868	63.250000	A5	81	65	869	69.034073	A5	81	80	
869	63.330000	C6	84	44	870	69.119300	C6	84	80	
870	63.420000	F6	89	1	871	69.204527	F6	89	80	
871	63.500000	C6	84	44	872	69.289754	C6	84	80	
872	63.590000	A6	93	12	873	69.374982	A6	93	80	
873	63.680000	C7	96	53	874	69.460209	C7	96	80	
874	63.760000	F#1	30	35	876	69.545436	F#1	30	80	
875	63.760000	F#2	42	78	877	69.545436	F#2	42	80	
876	63.760000	E7	100	98	875	69.545436	E7	100	80	
877	63.850000	C7	96	53	878	69.630663	C7	96	80	
878	63.930000	A6	93	12	879	69.715891	A6	93	80	
879	64.018000	C6	84	44	880	69.801118	C6	84	80	
880	64.098000	E6	88	53	881	69.886345	E6	88	80	
881	64.190000	C6	84	38	882	69.971572	C6	84	80	
882	64.268000	A5	81	70	883	70.056799	A5	81	80	
883	64.360000	C5	72	62	884	70.142027	C5	72	80	
884	64.440000	E5	76	112	885	70.227254	E5	76	80	
885	64.530000	C5	72	62	886	70.312481	C5	72	80	
886	64.610000	A4	69	56	887	70.397709	A4	69	80	
887	64.650000	C4	60	68	888	70.482936	C4	60	80	
888	64.700000	D4	62	86	889	70.568163	D4	62	80	
889	64.720000	C4	60	68	890	70.653390	C4	60	80	
890	64.780000	A3	57	67	891	70.738618	A3	57	80	
891	64.870000	C3	48	71	892	70.823845	C3	48	80	
892	64.950000	G1	31	44	893	70.909072	G1	31	80	
893	64.950000	G2	43	29	894	70.909072	G2	43	80	
894	65.040000	B2	47	70	895	70.994299	B2	47	80	
895	65.120000	G3	55	70	896	71.079527	G3	55	80	
896	65.208000	B3	59	57	897	71.164754	B3	59	80	
897	65.290000	D4	62	86	898	71.249981	D4	62	80	
898	65.510000	B3	59	57	899	71.335208	B3	59	80	
899	65.600000	G4	67	58	900	71.420436	G4	67	80	
900	65.680000	B4	71	83	901	71.505663	B4	71	80	
901	65.770000	F#1	30	72	903	71.590890	F#1	30	80	
902	65.770000	F#2	42	81	904	71.590890	F#2	42	80	
903	65.770000	D5	74	96	902	71.590890	D5	74	80	
904	65.850000	B4	71	83	905	71.676117	B4	71	80	
905	65.940000	G5	79	84	906	71.761345	G5	79	80	
906	66.020000	B5	83	86	907	71.846572	B5	83	80	
907	66.110000	E1	28	80	909	71.931799	E1	28	80	
908	66.110000	E2	40	66	910	71.931799	E2	40	80	
909	66.110000	D6	86	110	908	71.931799	D6	86	80	
910	66.190000	B5	83	86	911	72.017026	B5	83	80	
911	66.280000	G6	91	33	912	72.102254	G6	91	80	
912	66.360000	A6	93	7	913	72.187481	A6	93	80	
913	66.450000	D1	26	79	915	72.272708	D1	26	80	
914	66.450000	D2	38	127	916	72.272708	D2	38	80	
915	66.450000	D7	98	75	914	72.272708	D7	98	80	
916	66.530000	A6	93	7	917	72.357935	A6	93	80	
917	66.620000	F#6	90	93	918	72.443162	F#6	90	80	
918	66.700000	C6	84	25	919	72.528390	C6	84	80	
919	66.790000	D6	86	58	920	72.613617	D6	86	80	
920	66.870000	A5	81	77	921	72.698844	A5	81	80	
921	66.930000	F#5	78	93	922	72.784072	F#5	78	80	
922	67.010000	C5	72	51	923	72.869299	C5	72	80	
923	67.100000	D5	74	81	924	72.954526	D5	74	80	
924	67.180000	A4	69	68	925	73.039753	A4	69	80	
925	67.240000	F#4	66	72	926	73.124981	F#4	66	80	
926	67.330000	C4	60	60	927	73.210208	C4	60	80	
927	67.410000	D4	62	72	928	73.295435	D4	62	80	
928	67.500000	A3	57	68	929	73.380662	A3	57	80	
929	67.580000	F#3	54	70	930	73.465890	F#3	54	80	
930	67.670000	C3	48	68	931	73.551117	C3	48	80	
931	67.750000	G1	31	44	932	73.636344	G1	31	80	
932	67.750000	G2	43	59	933	73.636344	G2	43	80	
933	67.840000	C3	48	68	934	73.721571	C3	48	80	
934	67.920000	F3	53	58	935	73.806798	F3	53	80	
935	68.010000	G#3	56	50	936	73.892026	G#3	56	80	
936	68.090000	D4	62	76	937	73.977253	D4	62	80	
937	68.160000	C4	60	70	938	74.062480	C4	60	80	
938	68.240000	F4	65	76	939	74.147708	F4	65	80	
939	68.330000	G#4	68	73	940	74.232935	G#4	68	80	
940	68.410000	D5	74	77	941	74.318162	D5	74	80	
941	68.500000	C5	72	47	942	74.403389	C5	72	80	
942	68.520000	F5	77	89	943	74.488617	F5	77	80	
943	68.610000	G#5	80	82	944	74.573844	G#5	80	80	
944	68.690000	D6	86	83	945	74.659071	D6	86	80	
945	68.780000	C6	84	20	946	74.744298	C6	84	80	
946	68.840000	F6	89	68	947	74.829526	F6	89	80	
947	68.890000	G#6	92	50	948	74.914753	G#6	92	80	
948	68.960000	D7	98	72	949	74.999980	D7	98	80	
949	69.050000	G6	91	53	950	75.085207	G6	91	80	
950	69.110000	F6	89	68	951	75.170434	F6	89	80	
951	69.180000	B5	83	83	952	75.255662	B5	83	80	
952	69.270000	D6	86	96	953	75.340889	D6	86	80	
953	69.320000	G5	79	91	954	75.426116	G5	79	80	
954	69.410000	F5	77	84	955	75.511344	F5	77	80	
955	69.490000	B4	71	73	956	75.596571	B4	71	80	
956	69.580000	D5	74	87	957	75.681798	D5	74	80	
957	69.640000	G4	67	73	958	75.767025	G4	67	80	
958	69.730000	F4	65	71	959	75.852253	F4	65	80	
959	69.810000	B3	59	66	960	75.937480	B3	59	80	
960	69.900000	Eb4	63	84	961	76.022707	Eb4	63	96	
961	69.980000	G3	55	53	962	76.107934	G3	55	80	
962	70.070000	F3	53	41	963	76.193162	F3	53	80	
963	70.130000	B2	47	76	964	76.278389	B2	47	80	
964	70.220000	C2	36	77	965	76.363616	C2	36	80	
965	70.220000	C3	48	91	966	76.363616	C3	48	80	
966	70.300000	C3	48	91	967	76.448843	C3	48	80	
967	70.390000	G3	55	58	968	76.534070	G3	55	80	
968	70.470000	C4	60	68	969	76.619298	C4	60	80	
969	70.560000	E4	64	77	970	76.704525	E4	64	80	
970	70.640000	C4	60	68	971	76.789752	C4	60	80	
971	70.730000	G4	67	66	972	76.874980	G4	67	80	
972	70.820000	C5	72	52	973	76.960207	C5	72	80	
973	70.900000	E5	76	117	974	77.045434	E5	76	80	
974	70.990000	C5	72	57	975	77.130661	C5	72	80	
975	71.070000	G5	79	74	976	77.215889	G5	79	80	
976	71.160000	C6	84	11	977	77.301116	C6	84	80	
977	71.240000	E6	88	57	978	77.386343	E6	88	80	
978	71.320000	C6	84	28	979	77.471570	C6	84	80	
979	71.400000	G6	91	41	980	77.556798	G6	91	80	
980	71.490000	C7	96	56	981	77.642025	C7	96	80	
981	71.550000	E7	100	46	982	77.727252	E7	100	80	
982	71.560000	C7	96	56	983	77.812479	C7	96	80	
983	71.630000	G6	91	41	984	77.897706	G6	91	80	
984	71.720000	C6	84	29	985	77.982934	C6	84	80	
985	71.800000	E6	88	54	986	78.068161	E6	88	80	
986	71.890000	C6	84	29	987	78.153388	C6	84	80	
987	71.920000	G5	79	82	988	78.238616	G5	79	80	
988	72.010000	C5	72	61	989	78.323843	C5	72	80	
989	72.090000	E5	76	103	990	78.409070	E5	76	80	
990	72.180000	C5	72	61	991	78.494297	C5	72	80	
991	72.260000	G4	67	70	992	78.579525	G4	67	80	
992	72.350000	C4	60	68	993	78.664752	C4	60	80	
993	72.410000	E4	64	79	994	78.749979	E4	64	80	
994	72.500000	C4	60	68	995	78.835206	C4	60	80	
995	72.590000	G3	55	65	996	78.920434	G3	55	80	
996	72.640000	C3	48	61	997	79.005661	C3	48	80	
997	72.730000	A1	33	65	998	79.090888	A1	33	80	
998	72.730000	A2	45	99	999	79.090888	A2	45	80	
999	72.810000	C3	48	61	1000	79.176115	C3	48	80	
1000	72.900000	F3	53	40	1001	79.261342	F3	53	80	
1001	72.980000	C4	60	80	1002	79.346570	C4	60	80	
1002	73.040000	F4	65	76	1003	79.431797	F4	65	80	
1003	73.120000	C4	60	80	1004	79.517024	C4	60	80	
1004	73.210000	F4	65	76	1005	79.602252	F4	65	80	
1005	73.290000	C5	72	58	1006	79.687479	C5	72	80	
1006	73.310000	F5	77	99	1007	79.772706	F5	77	80	
1007	73.320000	C5	72	99	1008	79.857933	C5	72	80	
1008	73.320000	F5	77	59	1009	79.943161	F5	77	80	
1009	73.400000	C6	84	31	1010	80.028388	C6	84	80	
1010	73.490000	F6	89	90	1011	80.113615	F6	89	80	
1011	73.570000	C6	84	31	1012	80.198842	C6	84	80	
1012	73.630000	F6	89	90	1013	80.284070	F6	89	80	
1013	73.700000	C7	96	40	1014	80.369297	C7	96	80	
1014	73.790000	E7	100	32	1015	80.454524	E7	100	80	
1015	73.870000	C7	96	40	1016	80.539751	C7	96	80	
1016	73.960000	F#6	90	91	1017	80.624978	F#6	90	80	
1017	74.050000	C6	84	31	1018	80.710206	C6	84	80	
1018	74.130000	E6	88	1	1019	80.795433	E6	88	80	
1019	74.220000	C6	84	16	1020	80.880660	C6	84	80	
1020	74.300000	F#5	78	95	1021	80.965888	F#5	78	80	
1021	74.380000	C5	72	58	1022	81.051115	C5	72	80	
1022	74.450000	Eb5	75	92	1023	81.136342	Eb5	75	80	
1023	74.540000	C5	72	64	1024	81.221569	C5	72	80	
1024	74.600000	F#4	66	76	1025	81.306797	F#4	66	80	
1025	74.680000	C4	60	61	1026	81.392024	C4	60	80	
1026	74.760000	G#1	32	73	1028	81.477251	G#1	32	80	
1027	74.760000	G#2	44	53	1029	81.477251	G#2	44	80	
1028	74.760000	Eb4	63	95	1027	81.477251	Eb4	63	96	
1029	74.850000	C4	60	61	1030	81.562478	C4	60	80	
1030	74.930000	F#3	54	70	1031	81.647706	F#3	54	80	
1031	75.020000	C3	48	65	1032	81.732933	C3	48	80	
1032	75.100000	G1	31	42	1033	81.818160	G1	31	80	
1033	75.100000	G2	43	35	1034	81.818160	G2	43	80	
1034	75.190000	C3	48	65	1035	81.903387	C3	48	80	
1035	75.270000	G3	55	68	1036	81.988615	G3	55	80	
1036	75.350000	C4	60	70	1037	82.073842	C4	60	80	
1037	75.430000	D4	62	72	1038	82.159069	D4	62	80	
1038	75.520000	C4	60	70	1039	82.244296	C4	60	80	
1039	75.600000	G4	67	64	1040	82.329524	G4	67	80	
1040	75.690000	C5	72	70	1041	82.414751	C5	72	80	
1041	75.770000	D5	74	61	1042	82.499978	D5	74	80	
1042	75.820000	C5	72	72	1043	82.585205	C5	72	80	
1043	75.850000	G5	79	84	1044	82.670433	G5	79	80	
1044	75.930000	C6	84	20	1045	82.755660	C6	84	80	
1045	76.020000	D6	86	90	1046	82.840887	D6	86	80	
1046	76.100000	C6	84	27	1047	82.926114	C6	84	80	
1047	76.190000	G6	91	40	1048	83.011342	G6	91	80	
1048	76.270000	C7	96	62	1049	83.096569	C7	96	80	
1049	76.360000	D7	98	74	1050	83.181796	D7	98	80	
1050	76.440000	G6	91	40	*	-1	*	-1	-1	
1051	76.440000	B6	95	88	1051	83.267023	B6	95	80	
1052	76.460000	B5	83	89	1053	83.437478	B5	83	80	
1053	76.550000	D6	86	94	1054	83.522705	D6	86	80	
1054	76.600000	B5	83	89	1055	83.607932	B5	83	80	
1055	76.670000	G5	79	89	1056	83.693160	G5	79	80	
1056	76.750000	B4	71	88	1057	83.778387	B4	71	80	
1057	76.840000	D5	74	85	1058	83.863614	D5	74	80	
1058	76.890000	B4	71	88	1059	83.948841	B4	71	80	
1059	76.980000	G4	67	72	1060	84.034069	G4	67	80	
1060	77.060000	B3	59	49	1061	84.119296	B3	59	80	
1061	77.150000	D4	62	61	1062	84.204523	D4	62	80	
1062	77.190000	B3	59	49	1063	84.289750	B3	59	80	
1063	77.260000	G3	55	66	1064	84.374977	G3	55	80	
1064	77.350000	B2	47	77	1065	84.460205	B2	47	80	
1065	77.430000	F#1	30	75	1066	84.545432	F#1	30	80	
1066	77.430000	F#2	42	86	1067	84.545432	F#2	42	80	
1067	77.520000	C3	48	60	1068	84.630659	C3	48	80	
1068	77.600000	A3	57	72	1069	84.715887	A3	57	80	
1069	77.690000	C4	60	65	1070	84.801114	C4	60	80	
1070	77.770000	D4	62	58	1071	84.886341	D4	62	80	
1071	77.860000	C4	60	65	1072	84.971568	C4	60	80	
1072	77.940000	A4	69	65	1073	85.056796	A4	69	80	
1073	78.010000	C5	72	74	1074	85.142023	C5	72	80	
1074	78.090000	D5	74	79	1075	85.227250	D5	74	80	
1075	78.180000	C5	72	74	1076	85.312477	C5	72	80	
1076	78.260000	A5	81	73	1077	85.397705	A5	81	80	
1077	78.350000	C6	84	28	1078	85.482932	C6	84	80	
1078	78.430000	D6	86	87	1079	85.568159	D6	86	80	
1079	78.520000	C6	84	39	1080	85.653386	C6	84	80	
1080	78.600000	A6	93	19	1081	85.738613	A6	93	80	
1081	78.690000	C7	96	62	1082	85.823841	C7	96	80	
1082	78.770000	F1	29	92	1084	85.909068	F1	29	80	
1083	78.770000	F2	41	79	1085	85.909068	F2	41	80	
1084	78.770000	Eb7	99	83	1083	85.909068	Eb7	99	80	
1085	78.860000	C7	96	62	1086	85.994295	C7	96	80	
1086	78.910000	A6	93	19	1087	86.079523	A6	93	80	
1087	78.920000	C6	84	39	1088	86.164750	C6	84	80	
1088	78.990000	Eb6	87	30	1089	86.249977	Eb6	87	80	
1089	79.080000	C6	84	39	1090	86.335204	C6	84	80	
1090	79.170000	A5	81	74	1091	86.420432	A5	81	80	
1091	79.250000	C5	72	58	1092	86.505659	C5	72	80	
1092	79.340000	Eb5	75	95	1093	86.590886	Eb5	75	96	
1093	79.420000	B4	71	86	1094	86.676113	B4	71	80	
1094	79.510000	A4	69	58	1095	86.761341	A4	69	80	
1095	79.590000	B3	59	61	1096	86.846568	B3	59	80	
1096	79.680000	Eb4	63	88	1097	86.931795	Eb4	63	96	
1097	79.760000	B3	59	62	1098	87.017022	B3	59	80	
1098	79.850000	A3	57	69	1099	87.102249	A3	57	80	
1099	79.930000	B2	47	83	1100	87.187477	B2	47	80	
1100	80.020000	E1	28	74	1101	87.272704	E1	28	80	
1101	80.020000	E2	40	103	1102	87.272704	E2	40	80	
1102	80.100000	B2	47	83	1103	87.357931	B2	47	80	
1103	80.190000	G#3	56	57	1104	87.443159	G#3	56	80	
1104	80.270000	B3	59	62	1105	87.528386	B3	59	80	
1105	80.440000	E4	64	74	1106	87.613613	E4	64	80	
1106	80.520000	B3	59	59	1107	87.698840	B3	59	80	
1107	80.610000	G#4	68	69	1108	87.784068	G#4	68	80	
1108	80.690000	B4	71	89	1109	87.869295	B4	71	80	
1109	80.780000	E5	76	109	1110	87.954522	E5	76	80	
1110	80.860000	B4	71	89	1111	88.039749	B4	71	80	
1111	80.950000	G#5	80	74	1112	88.124977	G#5	80	80	
1112	81.040000	B5	83	92	1113	88.210204	B5	83	80	
1113	81.120000	E6	88	50	1114	88.295431	E6	88	80	
1114	81.210000	B5	83	92	1115	88.380658	B5	83	80	
1115	81.280000	G#6	92	56	1116	88.465885	G#6	92	80	
1116	81.330000	B6	95	80	1117	88.551113	B6	95	80	
1117	81.390000	E3	52	51	1119	88.636340	E3	52	80	
1118	81.390000	E7	100	91	1118	88.636340	E7	100	80	
1119	81.480000	B6	95	80	1120	88.721567	B6	95	80	
1120	81.560000	G#6	92	56	1121	88.806795	G#6	92	80	
1121	81.650000	B5	83	90	1122	88.892022	B5	83	80	
1122	81.730000	E6	88	46	1123	88.977249	E6	88	80	
1123	81.820000	B5	83	88	1124	89.062476	B5	83	80	
1124	81.900000	G#5	80	82	1125	89.147704	G#5	80	80	
1125	81.980000	B4	71	87	1126	89.232931	B4	71	80	
1126	82.060000	E5	76	101	1127	89.318158	E5	76	80	
1127	82.150000	B4	71	87	1128	89.403385	B4	71	80	
1128	82.230000	G#4	68	76	1129	89.488613	G#4	68	80	
1129	82.320000	B3	59	57	1130	89.573840	B3	59	80	
1130	82.400000	E4	64	86	1131	89.659067	E4	64	80	
1131	82.490000	B3	59	60	1132	89.744294	B3	59	80	
1132	82.570000	G#3	56	56	1133	89.829521	G#3	56	80	
1133	82.660000	B2	47	77	1134	89.914749	B2	47	80	
1134	82.740000	D2	38	84	1135	89.999976	D2	38	80	
1135	82.830000	D3	50	55	1136	90.085203	D3	50	80	
1136	82.920000	A3	57	54	1137	90.170431	A3	57	80	
1137	82.990000	C4	60	68	1138	90.255658	C4	60	80	
1138	83.070000	F4	65	77	1139	90.340885	F4	65	80	
1139	83.150000	D4	62	9	1140	90.426112	D4	62	80	
1140	83.240000	A4	69	59	1141	90.511340	A4	69	80	
1141	83.310000	C5	72	59	1142	90.596567	C5	72	80	
1142	83.370000	F5	77	95	1143	90.681794	F5	77	80	
1143	83.450000	D5	74	46	1144	90.767021	D5	74	80	
1144	83.540000	A5	81	67	1145	90.852249	A5	81	80	
1145	83.620000	C6	84	19	1146	90.937476	C6	84	80	
1146	83.710000	F6	89	28	1147	91.022703	F6	89	80	
1147	83.790000	D6	86	81	1148	91.107930	D6	86	80	
1148	83.880000	A6	93	1	1149	91.193157	A6	93	80	
1149	83.960000	C7	96	61	1150	91.278385	C7	96	80	
1150	84.050000	G1	31	76	1152	91.363612	G1	31	80	
1151	84.050000	G2	43	89	1153	91.363612	G2	43	80	
1152	84.050000	F7	101	60	1151	91.363612	F7	101	80	
1153	84.280000	B6	95	78	1154	91.448839	B6	95	80	
1154	84.370000	G6	91	41	1155	91.534067	G6	91	80	
1155	84.450000	D6	86	81	1156	91.619294	D6	86	80	
1156	84.540000	F6	89	29	1157	91.704521	F6	89	80	
1157	84.620000	B5	83	87	1158	91.789748	B5	83	80	
1158	85.100000	G5	79	71	1159	91.874976	G5	79	80	
1159	86.920000	D5	74	49	1160	91.960203	D5	74	80	
1160	87.000000	F5	77	100	1161	92.045430	F5	77	80	
1161	87.100000	B4	71	87	1162	92.130657	B4	71	80	
1162	87.640000	G4	67	74	1163	92.215885	G4	67	80	
1163	88.820000	D4	62	85	1164	92.301112	D4	62	80	
1164	88.940000	F4	65	63	1165	92.386339	F4	65	80	
1165	94.450000	B3	59	61	1166	92.471566	B3	59	80	
1166	94.960000	G3	55	65	1167	92.556793	G3	55	80	
1167	95.150000	D3	50	75	1168	92.642021	D3	50	80	
1168	95.230000	C2	36	83	1169	92.727248	C2	36	80	
1169	95.320000	C3	48	58	1170	92.812475	C3	48	80	
1170	95.400000	G3	55	65	1171	92.897703	G3	55	80	
1171	95.490000	C4	60	66	1172	92.982930	C4	60	80	
1172	95.790000	E4	64	65	1173	93.068157	E4	64	80	
1173	95.880000	C4	60	66	1174	93.153384	C4	60	80	
1174	95.960000	G4	67	86	1175	93.238612	G4	67	80	
1175	97.640000	C5	72	75	1176	93.323839	C5	72	80	
1176	97.720000	E5	76	74	1177	93.409066	E5	76	80	
1177	99.230000	C5	72	41	1178	93.494293	C5	72	80	
1178	99.310000	Bb5	82	93	1179	93.579521	Bb5	82	80	
1179	99.430000	C6	84	99	1180	93.664748	C6	84	80	
1180	99.510000	G6	91	31	1181	93.749975	G6	91	80	
1181	99.600000	C6	84	99	1182	93.835202	C6	84	80	
1182	99.770000	Bb5	82	93	1183	93.920430	Bb5	82	80	
1183	99.850000	E5	76	75	1184	94.005657	E5	76	80	
1184	99.940000	C3	48	98	1186	94.090884	C3	48	80	
1185	99.940000	F#6	90	30	1185	94.090884	F#6	90	80	
1186	100.020000	C6	84	99	1187	94.176111	C6	84	80	
1187	100.110000	A5	81	72	1188	94.261339	A5	81	80	
1188	100.190000	Eb5	75	58	1189	94.346566	Eb5	75	80	
1189	100.280000	F#5	78	90	1190	94.431793	F#5	78	80	
1190	100.360000	C5	72	67	1191	94.517020	C5	72	80	
1191	100.470000	A4	69	34	1192	94.602248	A4	69	80	
1192	100.630000	Eb4	63	47	1193	94.687475	Eb4	63	80	
1193	100.720000	F5	77	62	1194	94.772702	F5	77	80	
1194	100.800000	B4	71	46	1195	94.857929	B4	71	80	
1195	100.890000	G#4	68	31	1196	94.943157	G#4	68	80	
1196	100.970000	D4	62	40	1197	95.028384	D4	62	80	
1197	101.060000	F4	65	49	1198	95.113611	F4	65	80	
1198	101.140000	B3	59	96	1199	95.198838	B3	59	80	
1199	101.270000	G#3	56	120	1200	95.284066	G#3	56	80	
1200	101.350000	D3	50	84	1201	95.369293	D3	50	80	
1201	101.440000	C2	36	94	1202	95.454520	C2	36	80	
1202	101.520000	C3	48	7	1203	95.539747	C3	48	80	
1203	101.610000	G3	55	29	1204	95.624975	G3	55	80	
1204	101.700000	C4	60	24	1205	95.710202	C4	60	80	
1205	101.780000	E4	64	12	1206	95.795429	E4	64	80	
1206	101.870000	C4	60	24	1207	95.880656	C4	60	80	
1207	101.950000	G4	67	37	1208	95.965884	G4	67	80	
1208	102.040000	C5	72	59	1209	96.051111	C5	72	80	
1209	102.120000	E5	76	69	1210	96.136338	E5	76	80	
1210	102.210000	C5	72	59	1211	96.221565	C5	72	80	
1211	102.290000	G5	79	79	1212	96.306793	G5	79	80	
1212	102.380000	C6	84	113	1213	96.392020	C6	84	80	
1213	102.520000	E6	88	54	1214	96.477247	E6	88	80	
1214	102.610000	C6	84	113	1215	96.562474	C6	84	80	
1215	102.690000	G5	79	79	1216	96.647702	G5	79	80	
1216	102.790000	C5	72	66	1217	96.732929	C5	72	80	
1217	102.870000	G1	31	65	1219	96.818156	G1	31	80	
1218	102.870000	G2	43	84	1220	96.818156	G2	43	80	
1219	102.870000	Eb6	87	127	1218	96.818156	Eb6	87	80	
1220	105.400000	A5	81	50	1221	96.903383	A5	81	80	
1221	105.480000	F#5	78	94	1222	96.988611	F#5	78	80	
1222	105.570000	C5	72	61	1223	97.073838	C5	72	80	
1223	105.650000	Eb5	75	65	1224	97.159065	Eb5	75	80	
1224	105.740000	A4	69	35	1225	97.244292	A4	69	80	
1225	105.820000	F#4	66	40	1226	97.329520	F#4	66	80	
1226	105.910000	C4	60	41	1227	97.414747	C4	60	80	
1227	105.990000	D5	74	48	1228	97.499974	D5	74	80	
1228	106.080000	G#4	68	44	1229	97.585201	G#4	68	80	
1229	106.170000	F4	65	34	1230	97.670428	F4	65	80	
1230	106.250000	B3	59	85	1231	97.755656	B3	59	80	
1231	115.090000	D4	62	32	1232	97.840883	D4	62	80	
1232	115.170000	G#3	56	107	1233	97.926110	G#3	56	80	
1233	115.260000	F3	53	70	1234	98.011338	F3	53	80	
1234	115.340000	B2	47	45	1235	98.096565	B2	47	80	
1235	116.400000	G1	31	91	1236	98.181792	G1	31	80	
1236	116.400000	G2	43	127	1237	98.181792	G2	43	80	
1237	116.480000	Bb2	46	63	1238	98.267019	Bb2	46	80	
1238	116.570000	E3	52	57	1239	98.352247	E3	52	80	
1239	116.650000	G3	55	27	1240	98.437474	G3	55	80	
1240	116.740000	C#4	61	105	1241	98.522701	C#4	61	80	
1241	116.820000	Bb3	58	48	1242	98.607928	Bb3	58	80	
1242	116.910000	E4	64	31	1243	98.693156	E4	64	80	
1243	116.990000	G4	67	34	1244	98.778383	G4	67	80	
1244	117.080000	C#5	73	55	1245	98.863610	C#5	73	80	
1245	117.160000	Bb4	70	50	1246	98.948837	Bb4	70	80	
1246	117.250000	E5	76	59	1247	99.034064	E5	76	80	
1247	117.330000	G5	79	31	1248	99.119292	G5	79	80	
1248	117.420000	C#6	85	51	1249	99.204519	C#6	85	80	
1249	117.500000	Bb5	82	75	1250	99.289746	Bb5	82	80	
1250	117.590000	E6	88	36	1251	99.374974	E6	88	80	
1251	117.680000	G6	91	30	1252	99.460201	G6	91	80	
1252	117.760000	C#7	97	97	1253	99.545428	C#7	97	80	
1253	117.850000	F#6	90	89	1254	99.630655	F#6	90	80	
1254	117.930000	Eb6	87	45	1255	99.715883	Eb6	87	80	
1255	118.020000	A5	81	56	1256	99.801110	A5	81	80	
1256	118.100000	C#6	85	39	1257	99.886337	C#6	85	80	
1257	118.190000	F#5	78	69	1258	99.971564	F#5	78	80	
1258	118.270000	Eb5	75	56	1259	100.056792	Eb5	75	80	
1259	118.390000	A4	69	29	1260	100.142019	A4	69	80	
1260	118.470000	C#5	73	66	1261	100.227246	C#5	73	96	
1261	118.570000	F#4	66	39	1262	100.312473	F#4	66	80	
1262	118.710000	Eb4	63	38	1263	100.397700	Eb4	63	80	
1263	118.800000	A3	57	44	1264	100.482928	A3	57	80	
1264	118.880000	C5	72	54	1265	100.568155	C5	72	80	
1265	118.970000	F#4	66	39	1266	100.653382	F#4	66	80	
1266	119.050000	Eb4	63	46	1267	100.738610	Eb4	63	80	
1267	119.140000	A3	57	44	1268	100.823837	A3	57	80	
1268	119.220000	G1	31	86	1269	100.909064	G1	31	80	
1269	119.220000	G2	43	127	1270	100.909064	G2	43	80	
1270	119.310000	G#3	56	90	1271	100.994291	G#3	56	80	
1271	119.390000	D4	62	1	1272	101.079519	D4	62	80	
1272	119.480000	F4	65	44	1273	101.164746	F4	65	80	
1273	119.560000	C5	72	55	1274	101.249973	C5	72	80	
1274	119.650000	G#4	68	47	1275	101.335200	G#4	68	80	
1275	119.740000	D5	74	52	1276	101.420428	D5	74	80	
1276	119.820000	F5	77	32	1277	101.505655	F5	77	80	
1277	119.910000	C6	84	102	1278	101.590882	C6	84	80	
1278	120.020000	G#5	80	37	1279	101.676109	G#5	80	80	
1279	120.110000	D6	86	61	1280	101.761336	D6	86	80	
1280	120.190000	F6	89	1	1281	101.846564	F6	89	80	
1281	120.280000	C7	96	114	1282	101.931791	C7	96	80	
1282	120.360000	F6	89	1	1283	102.017018	F6	89	80	
1283	120.500000	D6	86	64	1284	102.102246	D6	86	80	
1284	120.580000	G#5	80	38	1285	102.187473	G#5	80	80	
1285	120.670000	B6	95	72	1286	102.272700	B6	95	80	
1286	120.750000	F6	89	1	1287	102.357927	F6	89	80	
1287	126.420000	D6	86	74	1288	102.443155	D6	86	80	
1288	128.940000	G5	79	56	1289	102.528382	G5	79	80	
1289	129.030000	B5	83	66	1290	102.613609	B5	83	80	
1290	129.110000	F5	77	75	1291	102.698836	F5	77	80	
1291	129.198000	D5	74	18	1292	102.784064	D5	74	80	
1292	129.280000	G4	67	58	1293	102.869291	G4	67	80	
1293	129.370000	B4	71	24	1294	102.954518	B4	71	80	
1294	129.448000	F4	65	46	1295	103.039745	F4	65	80	
1295	129.538000	D4	62	1	1296	103.124972	D4	62	80	
1296	129.630000	G3	55	1	1297	103.210200	G3	55	80	
1297	129.710000	B3	59	75	1298	103.295427	B3	59	80	
1298	129.800000	F3	53	99	1299	103.380654	F3	53	80	
1299	129.880000	D3	50	46	1300	103.465882	D3	50	80	
1300	129.970000	G2	43	127	1301	103.551109	G2	43	80	
1301	130.050000	C1	24	98	1302	103.636336	C1	24	80	
1302	130.050000	C2	36	75	1303	103.636336	C2	36	80	
1303	130.138000	G2	43	124	1304	103.721563	G2	43	80	
1304	130.220000	E3	52	35	1305	103.806791	E3	52	80	
1305	130.310000	G3	55	10	1306	103.892018	G3	55	80	
1306	130.388000	C4	60	29	1307	103.977245	C4	60	80	
1307	130.478000	G3	55	10	1308	104.062472	G3	55	80	
1308	130.560000	E4	64	35	1309	104.147700	E4	64	80	
1309	130.650000	G4	67	65	1310	104.232927	G4	67	80	
1310	130.728000	C5	72	71	1311	104.318154	C5	72	80	
1311	130.820000	G4	67	55	1312	104.403381	G4	67	80	
1312	130.900000	E5	76	94	1313	104.488609	E5	76	80	
1313	130.990000	G5	79	48	1314	104.573836	G5	79	80	
1314	131.070000	C6	84	113	1315	104.659063	C6	84	80	
1315	131.160000	G5	79	48	1316	104.744290	G5	79	80	
1316	131.240000	E6	88	56	1317	104.829518	E6	88	80	
1317	131.330000	G6	91	31	1318	104.914745	G6	91	80	
1318	131.410000	C7	96	104	1319	104.999972	C7	96	80	
1319	131.500000	G6	91	36	1320	105.085199	G6	91	80	
1320	131.590000	E6	88	44	1321	105.170427	E6	88	80	
1321	131.670000	G5	79	40	1322	105.255654	G5	79	80	
1322	131.760000	C6	84	111	1323	105.340881	C6	84	80	
1323	131.840000	G5	79	52	1324	105.426108	G5	79	80	
1324	131.930000	E5	76	90	1325	105.511336	E5	76	80	
1325	132.010000	G4	67	32	1326	105.596563	G4	67	80	
1326	132.100000	C5	72	51	1327	105.681790	C5	72	80	
1327	132.180000	G4	67	40	1328	105.767017	G4	67	80	
1328	132.270000	E4	64	21	1329	105.852245	E4	64	80	
1329	132.350000	G3	55	24	1330	105.937472	G3	55	80	
1330	132.440000	C4	60	37	1331	106.022699	C4	60	80	
1331	132.520000	G3	55	24	1332	106.107926	G3	55	80	
1332	132.610000	E3	52	28	1333	106.193154	E3	52	80	
1333	132.690000	G2	43	116	1334	106.278381	G2	43	80	
1334	132.780000	C1	24	96	1335	106.363608	C1	24	80	
1335	132.780000	C2	36	70	1336	106.363608	C2	36	80	
*	-1	*	-1	-1	183	14.403405	C5	72	96	
*	-1	*	-1	-1	368	29.062492	B5	83	96	
*	-1	*	-1	-1	730	57.954530	G4	67	77	
*	-1	*	-1	-1	807	64.176119	G#6	92	96	
*	-1	*	-1	-1	843	66.903391	C7	96	80	
*	-1	*	-1	-1	289	23.181812	F7	101	96	
*	-1	*	-1	-1	398	31.534083	G#6	92	96	
*	-1	*	-1	-1	1052	83.352251	G6	91	80	
