//Version: PianoRoll_v170101
0	0.000000	3.350000	C2	56	80	0
1	0.000000	0.090000	C3	1	-1	0
2	0.090000	0.500000	C3	1	80	0
3	0.510000	0.588000	G3	1	80	0
4	0.590000	0.680000	C4	41	80	0
5	0.680000	0.838000	E4	51	80	0
6	0.840000	0.938000	C4	51	80	0
7	0.940000	1.020000	G4	44	80	0
8	1.020000	1.110000	C5	41	80	0
9	1.110000	1.178000	E5	75	80	0
10	1.180000	1.270000	C5	45	80	0
11	1.270000	1.350000	G5	69	80	0
12	1.350000	1.438000	C6	57	80	0
13	1.440000	1.520000	E6	51	80	0
14	1.520000	1.610000	C6	57	80	0
15	1.610000	1.678000	G6	50	80	0
16	1.680000	1.760000	C7	1	80	0
17	1.760000	1.830000	E7	1	80	0
18	1.830000	1.908000	C7	1	80	0
19	1.910000	1.940000	G6	50	80	0
20	1.940000	2.028000	C6	57	80	0
21	2.028000	2.108000	E6	58	80	0
22	2.110000	2.200000	C6	57	80	0
23	2.200000	2.278000	G5	74	80	0
24	2.290000	2.370000	C5	45	80	0
25	2.370000	2.430000	E5	74	80	0
26	2.440000	2.520000	C5	54	80	0
27	2.520000	2.620000	G4	37	80	0
28	2.620000	2.700000	C4	58	80	0
29	2.700000	2.788000	E4	55	80	0
30	2.790000	3.180000	C4	58	80	0
31	3.180000	3.268000	G3	57	80	0
32	3.270000	3.350000	C3	68	80	0
33	3.350000	4.628000	F1	67	80	0
34	3.350000	4.628000	F2	76	80	0
35	3.470000	3.548000	C3	68	80	0
36	3.550000	3.640000	A3	51	80	0
37	3.640000	3.720000	C4	48	80	0
38	3.720000	3.808000	F4	35	80	0
39	3.810000	3.890000	C4	45	80	0
40	3.890000	3.978000	A4	48	80	0
41	3.980000	4.058000	C5	65	80	0
42	4.058000	4.148000	F5	54	80	0
43	4.150000	4.198000	C5	65	80	0
44	4.200000	4.240000	A5	77	80	0
45	4.240000	4.320000	C6	71	80	0
46	4.320000	4.408000	F6	1	80	0
47	4.410000	4.490000	C6	71	80	0
48	4.500000	4.570000	A6	53	80	0
49	4.570000	4.628000	C7	44	80	0
50	4.630000	5.950000	F#1	13	80	0
51	4.630000	5.950000	F#2	72	80	0
52	4.630000	4.710000	E7	106	80	0
53	4.710000	4.798000	C7	44	80	0
54	4.800000	4.848000	A6	53	80	0
55	4.850000	4.940000	C6	71	80	0
56	4.940000	5.018000	E6	76	80	0
57	5.020000	5.110000	C6	69	80	0
58	5.110000	5.178000	A5	71	80	0
59	5.180000	5.268000	C5	80	80	0
60	5.270000	5.350000	E5	89	80	0
61	5.350000	5.440000	C5	80	80	0
62	5.440000	5.518000	A4	52	80	0
63	5.520000	5.610000	C4	68	80	0
64	5.610000	5.690000	D4	61	80	0
65	5.690000	5.778000	C4	68	80	0
66	5.780000	5.860000	A3	57	80	0
67	5.860000	5.948000	C3	45	80	0
68	5.950000	6.628000	G1	67	80	0
69	5.950000	6.628000	G2	91	80	0
70	6.030000	6.118000	B2	57	80	0
71	6.120000	6.200000	G3	52	80	0
72	6.210000	6.290000	B3	61	80	0
73	6.290000	6.370000	D4	73	80	0
74	6.380000	6.460000	B3	61	80	0
75	6.460000	6.548000	G4	68	80	0
76	6.550000	6.630000	B4	75	80	0
77	6.630000	7.008000	F#1	106	80	0
78	6.630000	7.008000	F#2	60	80	0
79	6.630000	6.758000	D5	92	80	0
80	6.760000	6.840000	B4	75	80	0
81	6.840000	6.928000	G5	90	80	0
82	6.930000	7.010000	B5	83	80	0
83	7.010000	7.348000	E1	66	80	0
84	7.010000	7.348000	E2	57	80	0
85	7.010000	7.098000	D6	81	80	0
86	7.100000	7.180000	B5	83	80	0
87	7.180000	7.268000	G6	68	80	0
88	7.270000	7.350000	A6	62	80	0
89	7.350000	8.688000	D1	1	80	0
90	7.350000	8.688000	D2	114	80	0
91	7.350000	7.440000	D7	66	80	0
92	7.440000	7.518000	A6	62	80	0
93	7.520000	7.610000	F#6	106	80	0
94	7.610000	7.690000	C6	44	80	0
95	7.690000	7.778000	D6	59	80	0
96	7.780000	7.838000	A5	70	80	0
97	7.840000	7.928000	F#5	89	80	0
98	7.930000	8.010000	C5	53	80	0
99	8.010000	8.098000	D5	88	80	0
100	8.100000	8.180000	A4	53	80	0
101	8.188000	8.268000	F#4	54	80	0
102	8.270000	8.358000	C4	52	80	0
103	8.360000	8.440000	D4	58	80	0
104	8.440000	8.520000	A3	59	80	0
105	8.520000	8.600000	F#3	60	80	0
106	8.600000	8.688000	C3	59	80	0
107	8.690000	11.270000	G1	64	80	0
108	8.690000	11.270000	G2	98	80	0
109	8.770000	8.858000	C3	59	80	0
110	8.860000	8.940000	F3	50	80	0
111	8.940000	9.028000	G#3	73	80	0
112	9.030000	9.110000	D4	62	80	0
113	9.110000	9.180000	C4	59	80	0
114	9.180000	9.240000	F4	68	80	0
115	9.240000	9.300000	G#4	69	80	0
116	9.300000	9.380000	D5	107	80	0
117	9.380000	9.468000	C5	59	80	0
118	9.470000	9.550000	F5	59	80	0
119	9.550000	9.598000	G#5	98	80	0
120	9.600000	9.680000	D6	71	80	0
121	9.680000	9.768000	C6	72	80	0
122	9.770000	9.850000	F6	127	80	0
123	9.860000	9.940000	G#6	30	80	0
124	9.940000	9.990000	D7	22	80	0
125	10.000000	10.060000	G6	74	80	0
126	10.060000	10.148000	F6	127	80	0
127	10.150000	10.230000	B5	78	80	0
128	10.230000	10.310000	D6	75	80	0
129	10.310000	10.390000	G5	103	80	0
130	10.390000	10.478000	F5	58	80	0
131	10.480000	10.550000	B4	55	80	0
132	10.550000	10.638000	D5	111	80	0
133	10.640000	10.720000	G4	47	80	0
134	10.720000	10.808000	F4	63	80	0
135	10.810000	10.890000	B3	73	80	0
136	10.890000	11.018000	Eb4	85	80	0
137	11.020000	11.100000	G3	64	80	0
138	11.100000	11.188000	F3	60	80	0
139	11.190000	11.270000	B2	56	80	0
140	11.270000	13.860000	C2	87	80	0
141	11.270000	11.360000	C3	96	-1	0
142	11.360000	11.440000	C3	96	80	0
143	11.440000	11.528000	G3	64	80	0
144	11.530000	11.610000	C4	70	80	0
145	11.610000	11.698000	E4	70	80	0
146	11.700000	11.788000	C4	70	80	0
147	11.800000	11.880000	G4	50	80	0
148	11.880000	11.968000	C5	69	80	0
149	11.970000	12.008000	E5	96	80	0
150	12.010000	12.060000	C5	69	80	0
151	12.060000	12.140000	G5	108	80	0
152	12.140000	12.148000	C6	88	80	0
153	12.150000	12.168000	C6	88	80	0
154	12.150000	12.250000	E6	80	80	0
155	12.170000	12.240000	G6	80	80	0
156	12.240000	12.310000	C7	54	80	0
157	12.310000	12.390000	E7	16	80	0
158	12.390000	12.448000	C7	61	80	0
159	12.450000	12.500000	G6	80	80	0
160	12.500000	12.580000	C6	88	80	0
161	12.580000	12.660000	E6	87	80	0
162	12.660000	12.720000	C6	88	80	0
163	12.720000	12.800000	G5	102	80	0
164	12.800000	12.888000	C5	46	80	0
165	12.890000	12.970000	E5	94	80	0
166	12.970000	13.058000	C5	79	80	0
167	13.060000	13.140000	G4	66	80	0
168	13.150000	13.230000	C4	71	80	0
169	13.230000	13.310000	E4	75	80	0
170	13.320000	13.688000	C4	71	80	0
171	13.690000	13.778000	G3	73	80	0
172	13.780000	13.860000	C3	80	80	0
173	13.860000	16.460000	A1	68	80	0
174	13.860000	16.460000	A2	116	80	0
175	14.070000	14.150000	C3	80	80	0
176	14.150000	14.238000	F3	66	80	0
177	14.240000	14.320000	C4	72	80	0
178	14.320000	14.408000	F4	67	80	0
179	14.410000	14.490000	C4	68	80	0
180	14.490000	14.578000	F4	67	80	0
181	14.580000	14.660000	C5	74	80	0
182	14.660000	14.748000	F5	79	80	0
183	14.750000	14.830000	C5	74	80	0
184	14.830000	14.918000	F5	79	80	0
185	14.920000	15.000000	C6	84	80	0
186	15.000000	15.088000	F6	127	80	0
187	15.090000	15.190000	C6	73	80	0
188	15.090000	15.190000	F6	84	80	0
189	15.090000	15.160000	C7	127	80	0
190	15.160000	15.220000	E7	22	80	0
191	15.220000	15.278000	C7	73	80	0
192	15.290000	15.350000	F#6	127	80	0
193	15.350000	15.438000	C6	82	80	0
194	15.440000	15.520000	E6	88	80	0
195	15.520000	15.608000	C6	76	80	0
196	15.610000	15.690000	F#5	106	80	0
197	15.690000	15.778000	C5	46	80	0
198	15.780000	15.860000	E5	84	80	0
199	15.860000	15.948000	C5	46	80	0
200	15.950000	16.030000	F#4	33	80	0
201	16.030000	16.118000	C4	68	80	0
202	16.120000	16.198000	E4	25	80	0
203	16.200000	16.288000	C4	68	80	0
204	16.290000	16.370000	F#3	64	80	0
205	16.370000	16.458000	C3	59	80	0
206	16.460000	18.998000	G1	61	80	0
207	16.460000	18.998000	G2	98	80	0
208	16.540000	16.628000	C3	59	80	0
209	16.630000	16.710000	G3	61	80	0
210	16.710000	16.798000	C4	68	80	0
211	16.800000	16.878000	D4	69	80	0
212	16.880000	16.968000	C4	68	80	0
213	16.970000	17.050000	G4	42	80	0
214	17.050000	17.078000	C5	65	80	0
215	17.080000	17.160000	D5	106	80	0
216	17.170000	17.248000	C5	65	80	0
217	17.250000	17.338000	G5	92	80	0
218	17.340000	17.420000	C6	77	80	0
219	17.420000	17.508000	D6	71	80	0
220	17.510000	17.538000	C6	77	80	0
221	17.540000	17.628000	G6	75	80	0
222	17.630000	17.710000	C7	53	80	0
223	17.710000	17.788000	D7	12	80	0
224	17.790000	17.850000	B6	18	80	0
225	17.850000	17.938000	G6	75	80	0
226	17.940000	18.018000	B5	86	80	0
227	18.020000	18.100000	D6	90	80	0
228	18.100000	18.158000	B5	86	80	0
229	18.160000	18.248000	G5	98	80	0
230	18.250000	18.328000	B4	62	80	0
231	18.330000	18.420000	D5	106	80	0
232	18.420000	18.498000	B4	62	80	0
233	18.500000	18.588000	G4	62	80	0
234	18.590000	18.670000	B3	76	80	0
235	18.670000	18.738000	D4	71	80	0
236	18.740000	18.820000	B3	76	80	0
237	18.830000	18.910000	G3	59	80	0
238	18.910000	18.998000	B2	69	80	0
239	19.000000	21.670000	C2	81	80	0
240	19.000000	21.580000	C3	94	-1	0
241	19.080000	19.170000	D3	52	80	0
242	19.170000	19.248000	G3	60	80	0
243	19.250000	19.338000	D4	66	80	0
244	19.340000	19.420000	E4	71	80	0
245	19.420000	19.508000	D4	66	80	0
246	19.510000	19.588000	G4	54	80	0
247	19.590000	19.678000	D5	113	80	0
248	19.680000	19.760000	E5	70	80	0
249	19.760000	19.848000	D5	113	80	0
250	19.850000	19.928000	G5	105	80	0
251	19.930000	20.018000	D6	72	80	0
252	20.020000	20.100000	E6	66	80	0
253	20.100000	20.148000	D6	72	80	0
254	20.150000	20.210000	G6	81	80	0
255	20.210000	20.298000	D7	7	80	0
256	20.300000	20.378000	E7	13	80	0
257	20.380000	20.468000	C7	41	80	0
258	20.470000	20.540000	G6	81	80	0
259	20.550000	20.628000	C6	72	80	0
260	20.630000	20.710000	E6	73	80	0
261	20.720000	20.800000	C6	72	80	0
262	20.800000	20.888000	G5	83	80	0
263	20.890000	20.968000	C5	39	80	0
264	20.970000	21.058000	E5	69	80	0
265	21.060000	21.140000	C5	40	80	0
266	21.140000	21.228000	G4	53	80	0
267	21.230000	21.308000	C4	66	80	0
268	21.310000	21.398000	E4	64	80	0
269	21.400000	21.488000	C4	66	80	0
270	21.490000	21.578000	G3	64	80	0
271	21.580000	21.670000	C3	62	80	0
272	21.670000	23.038000	A1	48	80	0
273	21.670000	23.038000	A2	62	80	0
274	21.760000	21.858000	E3	28	80	0
275	21.860000	21.948000	C4	63	80	0
276	21.950000	22.030000	E4	64	80	0
277	22.030000	22.118000	F4	67	80	0
278	22.120000	22.198000	E4	64	80	0
279	22.200000	22.288000	C5	56	80	0
280	22.290000	22.370000	E5	97	80	0
281	22.370000	22.448000	F5	49	80	0
282	22.450000	22.520000	E5	97	80	0
283	22.530000	22.608000	C6	79	80	0
284	22.610000	22.698000	E6	65	80	0
285	22.700000	22.780000	F6	127	80	0
286	22.780000	22.868000	E6	65	80	0
287	22.870000	22.948000	C7	39	80	0
288	23.040000	23.700000	B1	1	80	0
289	23.040000	23.700000	B2	69	80	0
290	23.040000	23.120000	F7	80	80	0
291	23.120000	23.190000	D7	1	80	0
292	23.190000	23.268000	B6	1	80	0
293	23.270000	23.358000	D6	54	80	0
294	23.360000	23.440000	F6	107	80	0
295	23.440000	23.528000	D6	54	80	0
296	23.530000	23.608000	B5	89	80	0
297	23.610000	23.698000	D5	76	80	0
298	23.700000	24.410000	A1	52	80	0
299	23.700000	24.410000	A2	51	80	0
300	23.700000	23.780000	F5	105	80	0
301	23.780000	23.898000	D5	76	80	0
302	23.900000	23.980000	B4	57	80	0
303	23.980000	24.068000	D4	41	80	0
304	24.070000	24.148000	F4	56	80	0
305	24.150000	24.238000	D4	41	80	0
306	24.240000	24.320000	B3	61	80	0
307	24.330000	24.410000	D3	43	80	0
308	24.410000	25.730000	G#1	29	80	0
309	24.410000	25.730000	G#2	100	80	0
310	24.530000	24.608000	D3	43	80	0
311	24.610000	24.698000	B3	71	80	0
312	24.700000	24.780000	D4	58	80	0
313	24.780000	24.868000	E4	48	80	0
314	24.870000	24.948000	D4	58	80	0
315	24.950000	25.010000	B4	55	80	0
316	25.010000	25.088000	D5	112	80	0
317	25.090000	25.178000	E5	68	80	0
318	25.180000	25.260000	D5	112	80	0
319	25.260000	25.348000	B5	96	80	0
320	25.350000	25.428000	D6	72	80	0
321	25.430000	25.518000	E6	81	80	0
322	25.520000	25.600000	D6	72	80	0
323	25.600000	25.658000	B6	8	80	0
324	25.660000	25.730000	D7	1	80	0
325	25.730000	26.420000	A1	1	80	0
326	25.730000	26.420000	A2	59	80	0
327	25.730000	25.818000	E7	96	80	0
328	25.820000	25.898000	C7	63	80	0
329	25.900000	25.988000	A6	29	80	0
330	25.990000	26.070000	C6	67	80	0
331	26.070000	26.158000	E6	67	80	0
332	26.160000	26.238000	C6	67	80	0
333	26.250000	26.328000	A5	68	80	0
334	26.330000	26.420000	C5	37	80	0
335	26.420000	27.098000	G1	52	80	0
336	26.420000	27.098000	G2	65	80	0
337	26.420000	26.498000	E5	100	80	0
338	26.500000	26.588000	C5	37	80	0
339	26.590000	26.670000	A4	45	80	0
340	26.670000	26.758000	C4	58	80	0
341	26.760000	26.838000	E4	36	80	0
342	26.840000	26.928000	C4	58	80	0
343	26.930000	27.010000	A3	54	80	0
344	27.010000	27.098000	C3	49	80	0
345	27.100000	29.738000	F1	51	80	0
346	27.100000	29.738000	F2	72	80	0
347	27.180000	27.268000	C3	49	80	0
348	27.270000	27.350000	A3	59	80	0
349	27.350000	27.438000	C4	73	80	0
350	27.440000	27.518000	E4	49	80	0
351	27.520000	27.608000	C4	73	80	0
352	27.610000	27.690000	A4	52	80	0
353	27.690000	27.778000	C5	66	80	0
354	27.780000	27.850000	E5	49	80	0
355	27.850000	27.928000	C5	66	80	0
356	27.930000	27.988000	A5	87	80	0
357	28.000000	28.078000	C6	77	80	0
358	28.080000	28.160000	E6	78	80	0
359	28.170000	28.248000	C6	77	80	0
360	28.250000	28.338000	A6	70	80	0
361	28.340000	28.420000	C7	41	80	0
362	28.420000	28.458000	Eb7	40	80	0
363	28.460000	28.518000	B6	1	80	0
364	28.520000	28.608000	A6	70	80	0
365	28.610000	28.690000	B5	86	80	0
366	28.690000	28.778000	Eb6	11	80	0
367	28.780000	28.850000	B5	86	80	0
368	28.850000	28.938000	A5	79	80	0
369	28.940000	29.018000	B4	62	80	0
370	29.020000	29.120000	Eb5	91	80	0
371	29.120000	29.198000	B4	62	80	0
372	29.200000	29.288000	A4	61	80	0
373	29.290000	29.390000	B3	74	80	0
374	29.390000	29.488000	Eb4	89	80	0
375	29.490000	29.570000	B3	74	80	0
376	29.570000	29.658000	A3	57	80	0
377	29.660000	29.738000	B2	73	80	0
378	29.740000	32.408000	E1	66	80	0
379	29.740000	32.408000	E2	105	80	0
380	29.830000	29.910000	B2	73	80	0
381	29.920000	29.998000	A3	61	80	0
382	30.000000	30.088000	B3	74	80	0
383	30.090000	30.170000	E4	64	80	0
384	30.170000	30.258000	B3	61	80	0
385	30.260000	30.338000	A4	54	80	0
386	30.340000	30.428000	B4	64	80	0
387	30.430000	30.510000	E5	90	80	0
388	30.510000	30.598000	B4	64	80	0
389	30.600000	30.638000	A5	85	80	0
390	30.640000	30.728000	B5	97	80	0
391	30.730000	30.808000	E6	76	80	0
392	30.810000	30.898000	B5	97	80	0
393	30.900000	30.950000	A6	56	80	0
394	30.950000	31.020000	B6	21	80	0
395	31.020000	31.100000	E7	24	80	0
396	31.100000	31.188000	B6	21	80	0
397	31.190000	31.238000	G#6	51	80	0
398	31.240000	31.328000	B5	100	80	0
399	31.330000	31.410000	E6	89	80	0
400	31.410000	31.498000	B5	100	80	0
401	31.500000	31.578000	G#5	99	80	0
402	31.590000	31.660000	B4	57	80	0
403	31.660000	31.738000	E5	93	80	0
404	31.750000	31.828000	B4	69	80	0
405	31.830000	31.930000	G#4	81	80	0
406	31.930000	32.030000	B3	58	80	0
407	32.030000	32.158000	E4	45	80	0
408	32.158000	32.238000	B3	58	80	0
409	32.240000	32.328000	G#3	74	80	0
410	32.330000	32.408000	B2	52	80	0
411	32.408000	33.698000	A1	40	80	0
412	32.408000	33.698000	A2	58	80	0
413	32.500000	32.578000	E3	46	80	0
414	32.580000	32.670000	A3	42	80	0
415	32.670000	32.748000	C#4	52	80	0
416	32.750000	32.840000	G4	55	80	0
417	32.840000	32.918000	E4	58	80	0
418	32.920000	32.968000	A4	42	80	0
419	32.970000	33.048000	C#5	66	80	0
420	33.050000	33.140000	G5	74	80	0
421	33.140000	33.218000	E5	77	80	0
422	33.220000	33.280000	A5	79	80	0
423	33.280000	33.358000	C#6	59	80	0
424	33.360000	33.450000	G6	85	80	0
425	33.450000	33.528000	C#6	59	80	0
426	33.540000	33.610000	A5	79	80	0
427	33.610000	33.700000	E5	76	80	0
428	33.700000	35.058000	D2	85	80	0
429	33.700000	34.970000	D3	52	-1	0
430	33.700000	33.778000	G6	77	80	0
431	33.780000	33.868000	C6	74	80	0
432	33.870000	33.950000	A5	79	80	0
433	33.950000	34.038000	E5	76	80	0
434	34.040000	34.118000	G5	75	80	0
435	34.120000	34.210000	C5	70	80	0
436	34.210000	34.288000	A4	52	80	0
437	34.290000	34.380000	E4	43	80	0
438	34.380000	34.458000	G4	70	80	0
439	34.460000	34.548000	C4	78	80	0
440	34.550000	34.630000	A3	72	80	0
441	34.630000	34.718000	E3	60	80	0
442	34.720000	34.798000	F#4	79	80	0
443	34.800000	34.890000	C4	78	80	0
444	34.890000	34.968000	A3	72	80	0
445	34.970000	35.058000	D3	55	80	0
446	35.060000	37.578000	G1	77	80	0
447	35.060000	37.578000	G2	73	80	0
448	35.140000	35.228000	D3	55	80	0
449	35.230000	35.310000	G3	54	80	0
450	35.320000	35.398000	C4	61	80	0
451	35.400000	35.450000	F4	64	80	0
452	35.460000	35.538000	D4	65	80	0
453	35.540000	35.630000	G4	63	80	0
454	35.630000	35.708000	C5	41	80	0
455	35.710000	35.758000	F5	59	80	0
456	35.760000	35.840000	D5	73	80	0
457	35.840000	35.928000	G5	92	80	0
458	35.930000	36.008000	C6	70	80	0
459	36.010000	36.100000	F6	127	80	0
460	36.100000	36.158000	D6	48	80	0
461	36.160000	36.220000	G6	71	80	0
462	36.220000	36.298000	C7	50	80	0
463	36.300000	36.370000	F7	44	80	0
464	36.370000	36.420000	B6	25	80	0
465	36.420000	36.508000	G6	71	80	0
466	36.510000	36.580000	D6	65	80	0
467	36.580000	36.670000	F6	127	80	0
468	36.670000	36.748000	B5	94	80	0
469	36.750000	36.840000	G5	93	80	0
470	36.840000	36.918000	D5	97	80	0
471	36.920000	36.990000	F5	54	80	0
472	36.990000	37.060000	B4	61	80	0
473	37.070000	37.148000	G4	53	80	0
474	37.150000	37.240000	D4	50	80	0
475	37.240000	37.318000	F4	59	80	0
476	37.320000	37.408000	B3	72	80	0
477	37.410000	37.490000	G3	64	80	0
478	37.490000	37.578000	D3	62	80	0
479	37.580000	38.780000	C2	37	80	0
480	37.580000	37.660000	C3	54	-1	0
481	37.660000	37.750000	C3	54	80	0
482	37.750000	37.820000	G3	64	80	0
483	37.820000	37.898000	Bb3	64	80	0
484	37.900000	37.978000	E4	72	80	0
485	37.980000	38.070000	C4	68	80	0
486	38.070000	38.100000	G4	53	80	0
487	38.100000	38.188000	Bb4	75	80	0
488	38.190000	38.270000	E5	90	80	0
489	38.270000	38.328000	C5	64	80	0
490	38.330000	38.390000	G5	93	80	0
491	38.390000	38.478000	Bb5	75	80	0
492	38.480000	38.550000	E6	74	80	0
493	38.550000	38.610000	C6	59	80	0
494	38.610000	38.688000	G6	74	80	0
495	38.700000	38.778000	C7	33	80	0
496	38.780000	40.100000	F#1	17	80	0
497	38.780000	40.100000	F#2	66	80	0
498	38.780000	38.858000	Eb7	97	80	0
499	38.870000	38.950000	Bb6	9	80	0
500	38.950000	39.038000	Eb6	57	80	0
501	39.040000	39.110000	C6	64	80	0
502	39.110000	39.188000	Eb6	57	80	0
503	39.190000	39.260000	Bb5	85	80	0
504	39.260000	39.350000	Eb5	94	80	0
505	39.350000	39.428000	C5	37	80	0
506	39.430000	39.508000	Eb5	94	80	0
507	39.510000	39.590000	Bb4	76	80	0
508	39.590000	39.678000	Eb4	95	80	0
509	39.680000	39.758000	C4	63	80	0
510	39.760000	39.850000	Eb4	95	80	0
511	39.850000	39.928000	Bb3	70	80	0
512	39.930000	40.020000	Eb3	78	80	0
513	40.020000	40.098000	C3	49	80	0
514	40.100000	41.318000	F1	59	80	0
515	40.100000	41.318000	F2	76	80	0
516	40.190000	40.270000	C3	49	80	0
517	40.270000	40.348000	Eb3	78	80	0
518	40.350000	40.408000	A3	59	80	0
519	40.410000	40.500000	Eb4	88	80	0
520	40.500000	40.530000	C4	62	80	0
521	40.540000	40.618000	Eb4	88	80	0
522	40.620000	40.710000	A4	58	80	0
523	40.710000	40.788000	Eb5	92	80	0
524	40.790000	40.880000	C5	58	80	0
525	40.880000	40.938000	Eb5	92	80	0
526	40.940000	41.030000	A5	75	80	0
527	41.030000	41.068000	Eb6	57	80	0
528	41.070000	41.148000	C6	77	80	0
529	41.150000	41.228000	Eb6	58	80	0
530	41.230000	41.320000	A6	52	80	0
531	41.320000	42.600000	B1	52	80	0
532	41.320000	42.520000	B2	90	-1	0
533	41.320000	41.398000	Eb7	85	80	0
534	41.400000	41.490000	G#6	48	80	0
535	41.490000	41.568000	Eb6	58	80	0
536	41.570000	41.658000	B5	37	80	0
537	41.660000	41.710000	Eb6	58	80	0
538	41.710000	41.798000	G#5	102	80	0
539	41.800000	41.880000	Eb5	90	80	0
540	41.880000	41.968000	B4	52	80	0
541	41.970000	42.048000	Eb5	90	80	0
542	42.050000	42.140000	G#4	83	80	0
543	42.140000	42.218000	Eb4	93	80	0
544	42.230000	42.310000	B3	51	80	0
545	42.310000	42.388000	Eb4	93	80	0
546	42.400000	42.460000	G#3	78	80	0
547	42.460000	42.520000	Eb3	60	80	0
548	42.520000	42.598000	B2	68	80	0
549	42.600000	45.228000	Bb1	69	80	0
550	42.690000	42.770000	Bb2	80	80	0
551	42.770000	42.858000	F3	59	80	0
552	42.860000	42.938000	G#3	78	80	0
553	42.940000	43.030000	D4	68	80	0
554	43.030000	43.108000	Bb3	76	80	0
555	43.110000	43.200000	F4	67	80	0
556	43.200000	43.258000	G#4	81	80	0
557	43.260000	43.350000	D5	103	80	0
558	43.350000	43.428000	Bb4	81	80	0
559	43.430000	43.500000	F5	67	80	0
560	43.500000	43.570000	G#5	101	80	0
561	43.570000	43.658000	D6	78	80	0
562	43.660000	43.720000	Bb5	78	80	0
563	43.720000	43.810000	F6	127	80	0
564	43.810000	43.888000	G#6	49	80	0
565	43.890000	45.140000	Bb2	25	-1	0
566	43.890000	43.978000	D7	124	80	0
567	43.980000	44.060000	G#6	49	80	0
568	44.070000	44.108000	E6	69	80	0
569	44.110000	44.200000	Bb5	78	80	0
570	44.200000	44.278000	D6	73	80	0
571	44.280000	44.350000	G#5	100	80	0
572	44.350000	44.428000	E5	82	80	0
573	44.430000	44.520000	Bb4	77	80	0
574	44.520000	44.628000	D5	115	80	0
575	44.630000	44.718000	G#4	78	80	0
576	44.720000	44.798000	E4	53	80	0
577	44.800000	44.890000	Bb3	83	80	0
578	44.890000	44.968000	D4	66	80	0
579	44.970000	45.060000	G#3	80	80	0
580	45.060000	45.138000	E3	61	80	0
581	45.140000	45.228000	Bb2	88	80	0
582	45.230000	47.950000	A1	67	80	0
583	45.230000	45.310000	A2	94	-1	0
584	45.310000	45.398000	A2	94	80	0
585	45.400000	45.530000	E3	64	80	0
586	45.530000	45.618000	A3	53	80	0
587	45.620000	45.700000	C#4	58	80	0
588	45.700000	45.788000	A3	53	80	0
589	45.790000	45.868000	E4	64	80	0
590	45.880000	45.958000	A4	46	80	0
591	45.960000	46.038000	C#5	62	80	0
592	46.050000	46.130000	A4	46	80	0
593	46.130000	46.218000	E5	69	80	0
594	46.220000	46.298000	A5	57	80	0
595	46.300000	46.390000	C#6	42	80	0
596	46.390000	46.460000	A5	57	80	0
597	46.460000	46.548000	E6	67	80	0
598	46.550000	46.630000	A6	44	80	0
599	46.630000	46.700000	C#7	4	80	0
600	46.700000	46.748000	A6	44	80	0
601	46.750000	46.840000	E6	67	80	0
602	46.840000	46.918000	A5	60	80	0
603	46.920000	47.008000	C#6	62	80	0
604	47.010000	47.090000	A5	60	80	0
605	47.090000	47.178000	E5	55	80	0
606	47.180000	47.258000	A4	36	80	0
607	47.260000	47.350000	C#5	72	80	0
608	47.350000	47.428000	A4	36	80	0
609	47.430000	47.520000	E4	43	80	0
610	47.520000	47.598000	A3	35	80	0
611	47.600000	47.688000	C#4	53	80	0
612	47.690000	47.770000	A3	44	80	0
613	47.780000	47.858000	E3	6	80	0
614	47.860000	47.950000	A2	48	80	0
615	47.950000	49.238000	D2	59	80	0
616	48.030000	48.118000	A2	48	80	0
617	48.120000	48.210000	D3	29	80	0
618	48.210000	48.298000	F#3	54	80	0
619	48.300000	48.380000	C4	63	80	0
620	48.380000	48.468000	A3	63	80	0
621	48.470000	48.548000	D4	56	80	0
622	48.550000	48.640000	F#4	49	80	0
623	48.640000	48.718000	C5	59	80	0
624	48.720000	48.790000	A4	40	80	0
625	48.790000	48.868000	D5	87	80	0
626	48.870000	48.960000	F#5	34	80	0
627	48.960000	49.038000	C6	49	80	0
628	49.040000	49.100000	A5	52	80	0
629	49.100000	49.148000	D6	65	80	0
630	49.150000	49.240000	F#6	122	80	0
631	49.240000	50.598000	G1	70	80	0
632	49.240000	50.520000	G2	53	-1	0
633	49.240000	49.318000	C7	76	80	0
634	49.320000	49.408000	F6	127	80	0
635	49.410000	49.490000	D6	65	80	0
636	49.500000	49.578000	G5	85	80	0
637	49.580000	49.658000	C6	66	80	0
638	49.670000	49.748000	F5	73	80	0
639	49.750000	49.840000	D5	105	80	0
640	49.840000	49.918000	G4	49	80	0
641	49.920000	50.008000	C5	56	80	0
642	50.010000	50.090000	F4	68	80	0
643	50.090000	50.178000	D4	68	80	0
644	50.180000	50.258000	G3	29	80	0
645	50.260000	50.350000	B3	65	80	0
646	50.350000	50.428000	F3	47	80	0
647	50.430000	50.520000	D3	45	80	0
648	50.520000	50.598000	G2	39	80	0
649	50.600000	51.810000	C2	41	80	0
650	50.690000	50.740000	G2	37	80	0
651	50.740000	50.828000	C3	43	80	0
652	50.830000	50.908000	E3	59	80	0
653	50.910000	50.970000	B3	65	80	0
654	50.970000	51.048000	G3	65	80	0
655	51.050000	51.140000	C4	66	80	0
656	51.140000	51.218000	E4	52	80	0
657	51.220000	51.290000	B4	48	80	0
658	51.290000	51.328000	G4	64	80	0
659	51.340000	51.418000	C5	45	80	0
660	51.420000	51.508000	E5	89	80	0
661	51.510000	51.590000	B5	84	80	0
662	51.590000	51.678000	G5	1	80	0
663	51.680000	51.718000	C6	56	80	0
664	51.720000	51.810000	E6	84	80	0
665	51.810000	53.138000	F1	19	80	0
666	51.810000	53.060000	F2	55	-1	0
667	51.810000	51.888000	B6	76	80	0
668	51.890000	51.978000	E6	84	80	0
669	51.980000	52.060000	C6	56	80	0
670	52.060000	52.118000	F5	51	80	0
671	52.120000	52.200000	B5	93	80	0
672	52.200000	52.288000	E5	82	80	0
673	52.290000	52.368000	C5	36	80	0
674	52.370000	52.460000	F4	56	80	0
675	52.460000	52.538000	B4	50	80	0
676	52.540000	52.630000	E4	52	80	0
677	52.630000	52.708000	C4	62	80	0
678	52.710000	52.798000	F3	39	80	0
679	52.800000	52.880000	A3	55	80	0
680	52.880000	52.968000	E3	55	80	0
681	52.970000	53.048000	C3	52	80	0
682	53.060000	53.138000	F2	55	80	0
683	53.140000	54.358000	B1	74	80	0
684	53.230000	53.310000	F2	47	80	0
685	53.310000	53.398000	B2	57	80	0
686	53.400000	53.470000	D3	41	80	0
687	53.470000	53.560000	A3	57	80	0
688	53.560000	53.618000	F3	56	80	0
689	53.620000	53.700000	B3	62	80	0
690	53.700000	53.778000	D4	41	80	0
691	53.780000	53.850000	A4	1	80	0
692	53.850000	53.928000	F4	60	80	0
693	53.930000	54.008000	B4	36	80	0
694	54.010000	54.070000	D5	90	80	0
695	54.070000	54.158000	A5	64	80	0
696	54.160000	54.210000	F5	53	80	0
697	54.210000	54.298000	B5	87	80	0
698	54.300000	54.360000	D6	54	80	0
699	54.360000	55.020000	E1	61	80	0
700	54.360000	55.020000	E2	21	80	0
701	54.360000	54.450000	G6	73	80	0
702	54.450000	54.508000	D6	54	80	0
703	54.510000	54.600000	B5	87	80	0
704	54.600000	54.670000	E5	58	80	0
705	54.670000	54.758000	G5	87	80	0
706	54.760000	54.840000	D5	101	80	0
707	54.850000	54.928000	B4	46	80	0
708	54.930000	55.020000	E4	21	80	0
709	55.020000	55.608000	A1	54	80	0
710	55.020000	55.608000	A2	53	80	0
711	55.020000	55.098000	A4	74	80	0
712	55.100000	55.188000	C5	53	80	0
713	55.190000	55.228000	G5	62	80	0
714	55.230000	55.310000	E5	62	80	0
715	55.310000	55.348000	A5	77	80	0
716	55.350000	55.438000	C6	75	80	0
717	55.440000	55.520000	G6	63	80	0
718	55.520000	55.608000	E6	55	80	0
719	55.610000	56.250000	D1	127	80	0
720	55.610000	56.250000	D2	89	80	0
721	55.610000	55.688000	F6	68	80	0
722	55.690000	55.780000	C6	75	80	0
723	55.780000	55.850000	A5	73	80	0
724	55.850000	55.938000	D5	96	80	0
725	55.940000	56.020000	F5	59	80	0
726	56.020000	56.078000	C5	48	80	0
727	56.080000	56.158000	A4	46	80	0
728	56.160000	56.250000	D4	46	80	0
729	56.250000	56.840000	G1	46	80	0
730	56.250000	56.840000	G2	57	80	0
731	56.250000	56.328000	G4	73	80	0
732	56.330000	56.420000	B4	59	80	0
733	56.420000	56.438000	F5	56	80	0
734	56.450000	56.508000	D5	100	80	0
735	56.510000	56.590000	G5	91	80	0
736	56.600000	56.678000	B5	86	80	0
737	56.680000	56.770000	F6	119	80	0
738	56.770000	56.840000	D6	66	80	0
739	56.840000	57.488000	C1	65	80	0
740	56.840000	57.488000	C2	42	80	0
741	56.840000	56.928000	E6	61	80	0
742	56.930000	57.008000	B5	86	80	0
743	57.010000	57.100000	G5	82	80	0
744	57.100000	57.178000	C5	33	80	0
745	57.180000	57.258000	E5	78	80	0
746	57.260000	57.340000	B4	56	80	0
747	57.340000	57.408000	G4	55	80	0
748	57.410000	57.490000	C4	70	80	0
749	57.490000	58.130000	F1	63	80	0
750	57.490000	58.130000	F2	60	80	0
751	57.490000	57.578000	F4	62	80	0
752	57.580000	57.658000	A4	47	80	0
753	57.660000	57.720000	E5	65	80	0
754	57.720000	57.790000	C5	49	80	0
755	57.790000	57.880000	F5	64	80	0
756	57.880000	57.958000	A5	73	80	0
757	57.960000	58.048000	E6	65	80	0
758	58.050000	58.130000	C6	68	80	0
759	58.130000	59.188000	B1	76	80	0
760	58.130000	59.100000	B2	78	-1	0
761	58.130000	58.218000	D6	27	80	0
762	58.220000	58.298000	A5	73	80	0
763	58.310000	58.388000	F5	49	80	0
764	58.390000	58.478000	B4	48	80	0
765	58.480000	58.560000	D5	100	80	0
766	58.560000	58.648000	A4	45	80	0
767	58.650000	58.728000	F4	61	80	0
768	58.730000	58.850000	B3	63	80	0
769	58.850000	58.928000	D4	42	80	0
770	58.930000	59.020000	A3	50	80	0
771	59.020000	59.098000	F3	46	80	0
772	59.100000	59.188000	B2	60	80	0
773	59.190000	60.760000	B1	97	80	0
774	59.530000	60.680000	B2	53	-1	0
775	59.530000	59.608000	Eb6	68	80	0
776	59.610000	59.700000	A5	68	80	0
777	59.700000	59.778000	F#5	82	80	0
778	59.780000	59.868000	B4	40	80	0
779	59.870000	59.960000	Eb5	85	80	0
780	59.960000	60.048000	A4	46	80	0
781	60.050000	60.130000	F#4	63	80	0
782	60.140000	60.228000	B3	70	80	0
783	60.230000	60.400000	Eb4	86	80	0
784	60.420000	60.508000	A3	69	80	0
785	60.510000	60.680000	F#3	60	80	0
786	60.680000	60.758000	B2	73	80	0
787	60.760000	61.100000	B1	96	80	0
788	61.100000	63.688000	E1	68	80	0
789	61.100000	63.688000	E2	107	80	0
790	61.190000	61.320000	B2	73	80	0
791	61.320000	61.498000	E3	43	80	0
792	61.500000	61.578000	G#3	65	80	0
793	61.580000	61.670000	E4	66	80	0
794	61.670000	61.748000	B3	58	80	0
795	61.750000	61.840000	E4	66	80	0
796	61.840000	61.918000	G#4	77	80	0
797	61.920000	62.008000	E5	62	80	0
798	62.010000	62.090000	B4	75	80	0
799	62.090000	62.178000	E5	62	80	0
800	62.180000	62.258000	G#5	95	80	0
801	62.260000	62.350000	E6	67	80	0
802	62.350000	62.428000	B5	88	80	0
803	62.440000	62.520000	E6	72	80	0
804	62.520000	62.608000	G#6	42	80	0
805	62.610000	62.680000	E7	12	80	0
806	62.680000	62.758000	G#6	42	80	0
807	62.760000	62.840000	E6	72	80	0
808	62.840000	62.928000	B5	81	80	0
809	62.930000	63.008000	E6	72	80	0
810	63.010000	63.100000	G#5	90	80	0
811	63.100000	63.178000	E5	86	80	0
812	63.180000	63.280000	B4	52	80	0
813	63.280000	63.358000	E5	86	80	0
814	63.360000	63.478000	G#4	81	80	0
815	63.480000	63.580000	E4	35	80	0
816	63.580000	63.688000	B3	63	80	0
817	63.690000	64.200000	D1	71	80	0
818	63.690000	64.200000	D2	127	80	0
819	63.690000	63.900000	F4	84	80	0
820	63.900000	64.030000	B3	63	80	0
821	64.030000	64.108000	G3	65	80	0
822	64.110000	64.200000	D3	43	80	0
823	64.200000	65.628000	C1	59	80	0
824	64.200000	67.018000	C2	82	80	0
825	64.280000	64.370000	C3	53	80	0
826	64.370000	64.448000	G3	65	80	0
827	64.458000	64.538000	C4	71	80	0
828	64.540000	64.618000	E4	59	80	0
829	64.628000	64.798000	C4	72	80	0
830	64.800000	64.940000	G4	52	80	0
831	64.940000	65.018000	C5	65	80	0
832	65.018000	65.108000	E5	82	80	0
833	65.110000	65.188000	C5	65	80	0
834	65.190000	65.280000	G5	106	80	0
835	65.280000	65.358000	C6	77	80	0
836	65.360000	65.450000	E6	70	80	0
837	65.450000	65.510000	C6	77	80	0
838	65.510000	65.568000	G6	69	80	0
839	65.570000	65.630000	C7	39	80	0
840	65.630000	66.930000	C3	1	-1	0
841	65.630000	65.720000	E7	42	80	0
842	65.720000	65.798000	C7	39	80	0
843	65.800000	65.890000	G6	69	80	0
844	65.890000	65.968000	C6	70	80	0
845	65.970000	66.060000	E6	74	80	0
846	66.060000	66.138000	C6	70	80	0
847	66.140000	66.230000	G5	74	80	0
848	66.230000	66.308000	C5	47	80	0
849	66.310000	66.400000	E5	81	80	0
850	66.400000	66.478000	C5	47	80	0
851	66.490000	66.568000	G4	47	80	0
852	66.570000	66.660000	C4	59	80	0
853	66.660000	66.738000	E4	61	80	0
854	66.740000	66.848000	C4	59	80	0
855	66.850000	66.930000	G3	65	80	0
856	66.930000	67.018000	C3	50	80	0
857	67.020000	68.270000	F1	55	80	0
858	67.020000	68.270000	F2	72	80	0
859	67.100000	67.190000	C3	50	80	0
860	67.190000	67.268000	A3	44	80	0
861	67.270000	67.360000	C4	79	80	0
862	67.360000	67.438000	F4	56	80	0
863	67.440000	67.530000	C4	79	80	0
864	67.530000	67.608000	A4	49	80	0
865	67.610000	67.688000	C5	65	80	0
866	67.690000	67.768000	F5	69	80	0
867	67.770000	67.860000	C5	65	80	0
868	67.860000	67.900000	A5	83	80	0
869	67.900000	67.988000	C6	86	80	0
870	67.990000	68.068000	F6	100	80	0
871	68.070000	68.160000	C6	86	80	0
872	68.160000	68.208000	A6	41	80	0
873	68.220000	68.268000	C7	64	80	0
874	68.270000	69.650000	F#1	2	80	0
875	68.270000	69.650000	F#2	75	80	0
876	68.270000	68.348000	E7	102	80	0
877	68.360000	68.438000	C7	64	80	0
878	68.440000	68.510000	A6	41	80	0
879	68.510000	68.588000	C6	80	80	0
880	68.590000	68.680000	E6	74	80	0
881	68.680000	68.758000	C6	73	80	0
882	68.760000	68.848000	A5	75	80	0
883	68.850000	68.930000	C5	76	80	0
884	68.930000	69.018000	E5	86	80	0
885	69.020000	69.098000	C5	76	80	0
886	69.100000	69.190000	A4	49	80	0
887	69.190000	69.290000	C4	71	80	0
888	69.290000	69.388000	D4	59	80	0
889	69.390000	69.480000	C4	71	80	0
890	69.480000	69.568000	A3	60	80	0
891	69.570000	69.650000	C3	53	80	0
892	69.650000	70.430000	G1	72	80	0
893	69.650000	70.430000	G2	86	80	0
894	69.770000	69.910000	B2	47	80	0
895	69.910000	70.000000	G3	43	80	0
896	70.000000	70.078000	B3	64	80	0
897	70.080000	70.170000	D4	61	80	0
898	70.170000	70.248000	B3	64	80	0
899	70.260000	70.338000	G4	50	80	0
900	70.340000	70.430000	B4	64	80	0
901	70.430000	70.828000	F#1	96	80	0
902	70.430000	70.828000	F#2	43	80	0
903	70.430000	70.548000	D5	87	80	0
904	70.550000	70.640000	B4	64	80	0
905	70.640000	70.738000	G5	90	80	0
906	70.740000	70.830000	B5	76	80	0
907	70.830000	71.170000	E1	68	80	0
908	70.830000	71.170000	E2	60	80	0
909	70.830000	70.908000	D6	93	80	0
910	70.910000	71.000000	B5	76	80	0
911	71.000000	71.078000	G6	49	80	0
912	71.080000	71.170000	A6	48	80	0
913	71.170000	72.510000	D1	15	80	0
914	71.170000	72.510000	D2	124	80	0
915	71.170000	71.248000	D7	82	80	0
916	71.250000	71.328000	A6	48	80	0
917	71.330000	71.408000	F#6	114	80	0
918	71.410000	71.500000	C6	49	80	0
919	71.500000	71.578000	D6	74	80	0
920	71.580000	71.658000	A5	67	80	0
921	71.660000	71.738000	F#5	89	80	0
922	71.740000	71.830000	C5	48	80	0
923	71.830000	71.908000	D5	104	80	0
924	71.910000	72.000000	A4	49	80	0
925	72.000000	72.078000	F#4	40	80	0
926	72.090000	72.168000	C4	37	80	0
927	72.170000	72.248000	D4	51	80	0
928	72.260000	72.338000	A3	51	80	0
929	72.340000	72.430000	F#3	45	80	0
930	72.430000	72.508000	C3	41	80	0
931	72.510000	75.208000	G1	70	80	0
932	72.510000	75.208000	G2	81	80	0
933	72.670000	72.748000	C3	41	80	0
934	72.750000	72.840000	F3	45	80	0
935	72.840000	72.918000	G#3	53	80	0
936	72.920000	73.010000	D4	49	80	0
937	73.010000	73.088000	C4	39	80	0
938	73.090000	73.158000	F4	64	80	0
939	73.160000	73.238000	G#4	74	80	0
940	73.240000	73.330000	D5	110	80	0
941	73.330000	73.408000	C5	55	80	0
942	73.410000	73.458000	F5	57	80	0
943	73.460000	73.520000	G#5	87	80	0
944	73.520000	73.610000	D6	66	80	0
945	73.610000	73.688000	C6	67	80	0
946	73.690000	73.780000	F6	127	80	0
947	73.780000	73.858000	G#6	31	80	0
948	73.860000	73.908000	D7	15	80	0
949	73.910000	73.970000	G6	60	80	0
950	73.980000	74.058000	F6	127	80	0
951	74.060000	74.150000	B5	81	80	0
952	74.150000	74.218000	D6	68	80	0
953	74.220000	74.310000	G5	87	80	0
954	74.310000	74.388000	F5	58	80	0
955	74.390000	74.480000	B4	35	80	0
956	74.480000	74.558000	D5	103	80	0
957	74.560000	74.700000	G4	48	80	0
958	74.700000	74.778000	F4	50	80	0
959	74.780000	74.870000	B3	61	80	0
960	74.870000	74.948000	Eb4	78	80	0
961	74.950000	75.040000	G3	58	80	0
962	75.040000	75.118000	F3	41	80	0
963	75.120000	75.208000	B2	58	80	0
964	75.210000	77.850000	C2	80	80	0
965	75.210000	75.290000	C3	87	-1	0
966	75.290000	75.378000	C3	87	80	0
967	75.380000	75.458000	G3	58	80	0
968	75.460000	75.550000	C4	39	80	0
969	75.550000	75.628000	E4	67	80	0
970	75.630000	75.738000	C4	39	80	0
971	75.740000	75.818000	G4	33	80	0
972	75.830000	75.908000	C5	62	80	0
973	75.910000	76.000000	E5	95	80	0
974	76.010000	76.088000	C5	62	80	0
975	76.090000	76.168000	G5	86	80	0
976	76.170000	76.248000	C6	78	80	0
977	76.250000	76.340000	E6	77	80	0
978	76.340000	76.418000	C6	79	80	0
979	76.420000	76.488000	G6	64	80	0
980	76.490000	76.530000	C7	24	80	0
981	76.530000	76.598000	E7	12	80	0
982	76.600000	76.670000	C7	24	80	0
983	76.670000	76.760000	G6	64	80	0
984	76.760000	76.838000	C6	79	80	0
985	76.840000	76.930000	E6	77	80	0
986	76.930000	77.008000	C6	79	80	0
987	77.010000	77.098000	G5	69	80	0
988	77.100000	77.150000	C5	59	80	0
989	77.150000	77.238000	E5	78	80	0
990	77.240000	77.318000	C5	59	80	0
991	77.320000	77.410000	G4	48	80	0
992	77.410000	77.500000	C4	65	80	0
993	77.500000	77.590000	E4	51	80	0
994	77.590000	77.668000	C4	65	80	0
995	77.680000	77.758000	G3	53	80	0
996	77.760000	77.848000	C3	51	80	0
997	77.850000	80.010000	A1	56	80	0
998	77.850000	80.010000	A2	87	80	0
999	77.930000	78.018000	C3	51	80	0
1000	78.020000	78.098000	F3	55	80	0
1001	78.100000	78.190000	C4	65	80	0
1002	78.190000	78.268000	F4	62	80	0
1003	78.270000	78.340000	C4	65	80	0
1004	78.340000	78.418000	F4	62	80	0
1005	78.420000	78.480000	C5	56	80	0
1006	78.480000	78.510000	F5	59	80	0
1007	78.510000	78.588000	C5	56	80	0
1008	78.590000	78.668000	F5	59	80	0
1009	78.670000	78.760000	C6	78	80	0
1010	78.760000	78.818000	F6	127	80	0
1011	78.820000	78.900000	C6	78	80	0
1012	78.900000	78.978000	F6	127	80	0
1013	78.980000	79.068000	C7	49	80	0
1014	79.070000	79.110000	E7	10	80	0
1015	79.110000	79.170000	C7	49	80	0
1016	79.170000	79.230000	F#6	118	80	0
1017	79.240000	79.318000	C6	79	80	0
1018	79.320000	79.400000	E6	74	80	0
1019	79.410000	79.488000	C6	79	80	0
1020	79.490000	79.580000	F#5	98	80	0
1021	79.580000	79.658000	C5	43	80	0
1022	79.660000	79.760000	Eb5	95	80	0
1023	79.760000	79.838000	C5	43	80	0
1024	79.840000	79.930000	F#4	61	80	0
1025	79.930000	80.008000	C4	48	80	0
1026	80.010000	80.358000	G#1	57	80	0
1027	80.010000	80.358000	G#2	43	80	0
1028	80.010000	80.108000	Eb4	91	80	0
1029	80.110000	80.188000	C4	48	80	0
1030	80.190000	80.280000	F#3	58	80	0
1031	80.280000	80.358000	C3	37	80	0
1032	80.360000	83.000000	G1	57	80	0
1033	80.360000	83.000000	G2	79	80	0
1034	80.450000	80.528000	C3	37	80	0
1035	80.530000	80.620000	G3	52	80	0
1036	80.620000	80.698000	C4	71	80	0
1037	80.700000	80.790000	D4	71	80	0
1038	80.790000	80.868000	C4	71	80	0
1039	80.870000	80.958000	G4	49	80	0
1040	80.960000	81.040000	C5	59	80	0
1041	81.040000	81.118000	D5	99	80	0
1042	81.120000	81.198000	C5	59	80	0
1043	81.210000	81.290000	G5	94	80	0
1044	81.290000	81.378000	C6	79	80	0
1045	81.380000	81.458000	D6	68	80	0
1046	81.460000	81.510000	C6	79	80	0
1047	81.510000	81.578000	G6	69	80	0
1048	81.580000	81.658000	C7	44	80	0
1049	81.660000	81.730000	D7	1	80	0
1050	81.730000	81.818000	B6	4	80	0
1051	81.820000	81.900000	G6	69	80	0
1052	81.900000	81.988000	B5	70	80	0
1053	81.990000	82.050000	D6	58	80	0
1054	82.050000	82.120000	B5	70	80	0
1055	82.120000	82.198000	G5	86	80	0
1056	82.200000	82.290000	B4	54	80	0
1057	82.290000	82.378000	D5	107	80	0
1058	82.380000	82.470000	B4	54	80	0
1059	82.470000	82.548000	G4	46	80	0
1060	82.550000	82.640000	B3	71	80	0
1061	82.640000	82.718000	D4	67	80	0
1062	82.720000	82.828000	B3	71	80	0
1063	82.830000	82.908000	G3	57	80	0
1064	82.920000	82.998000	B2	58	80	0
1065	83.000000	84.280000	F#1	67	80	0
1066	83.000000	84.280000	F#2	85	80	0
1067	83.090000	83.168000	C3	37	80	0
1068	83.170000	83.260000	A3	58	80	0
1069	83.260000	83.338000	C4	65	80	0
1070	83.340000	83.388000	D4	57	80	0
1071	83.390000	83.468000	C4	65	80	0
1072	83.470000	83.560000	A4	49	80	0
1073	83.560000	83.638000	C5	50	80	0
1074	83.640000	83.730000	D5	107	80	0
1075	83.730000	83.808000	C5	50	80	0
1076	83.810000	83.888000	A5	75	80	0
1077	83.890000	83.968000	C6	72	80	0
1078	83.970000	84.048000	D6	78	80	0
1079	84.050000	84.128000	C6	72	80	0
1080	84.130000	84.200000	A6	46	80	0
1081	84.200000	84.278000	C7	32	80	0
1082	84.280000	85.930000	F1	27	80	0
1083	84.280000	85.930000	F2	62	80	0
1084	84.280000	84.370000	Eb7	72	80	0
1085	84.370000	84.448000	C7	32	80	0
1086	84.450000	84.528000	A6	46	80	0
1087	84.530000	84.608000	C6	62	80	0
1088	84.610000	84.700000	Eb6	45	80	0
1089	84.700000	84.778000	C6	62	80	0
1090	84.790000	84.868000	A5	80	80	0
1091	84.870000	84.958000	C5	60	80	0
1092	84.960000	85.068000	Eb5	99	80	0
1093	85.070000	85.160000	B4	65	80	0
1094	85.160000	85.238000	A4	55	80	0
1095	85.240000	85.360000	B3	79	80	0
1096	85.360000	85.620000	Eb4	79	80	0
1097	85.620000	85.760000	B3	79	80	0
1098	85.760000	85.838000	A3	58	80	0
1099	85.840000	85.930000	B2	78	80	0
1100	85.930000	87.318000	E1	76	80	0
1101	85.930000	88.798000	E2	108	80	0
1102	86.010000	86.098000	B2	78	80	0
1103	86.100000	86.200000	G#3	53	80	0
1104	86.200000	86.290000	B3	78	80	0
1105	86.290000	86.378000	E4	60	80	0
1106	86.380000	86.470000	B3	78	80	0
1107	86.470000	86.548000	G#4	70	80	0
1108	86.550000	86.640000	B4	77	80	0
1109	86.640000	86.718000	E5	102	80	0
1110	86.720000	86.810000	B4	77	80	0
1111	86.810000	86.888000	G#5	90	80	0
1112	86.900000	86.978000	B5	98	80	0
1113	86.980000	87.058000	E6	79	80	0
1114	87.070000	87.150000	B5	98	80	0
1115	87.150000	87.238000	G#6	42	80	0
1116	87.240000	87.318000	B6	19	80	0
1117	87.320000	88.800000	E3	31	80	0
1118	87.320000	87.410000	E7	105	80	0
1119	87.410000	87.488000	B6	19	80	0
1120	87.490000	87.580000	G#6	42	80	0
1121	87.580000	87.658000	B5	90	80	0
1122	87.660000	87.750000	E6	53	80	0
1123	87.750000	87.848000	B5	88	80	0
1124	87.850000	87.940000	G#5	93	80	0
1125	87.940000	88.018000	B4	64	80	0
1126	88.020000	88.128000	E5	91	80	0
1127	88.130000	88.208000	B4	64	80	0
1128	88.210000	88.310000	G#4	76	80	0
1129	88.310000	88.388000	B3	61	80	0
1130	88.390000	88.548000	E4	68	80	0
1131	88.550000	88.628000	B3	61	80	0
1132	88.630000	88.720000	G#3	85	80	0
1133	88.720000	88.798000	B2	57	80	0
1134	88.800000	90.208000	D2	92	80	0
1135	88.890000	88.968000	D3	45	80	0
1136	89.060000	89.208000	A3	50	80	0
1137	89.210000	89.300000	C4	68	80	0
1138	89.300000	89.378000	F4	59	80	0
1139	89.380000	89.450000	D4	65	80	0
1140	89.450000	89.518000	A4	53	80	0
1141	89.520000	89.610000	C5	54	80	0
1142	89.610000	89.680000	F5	70	80	0
1143	89.680000	89.768000	D5	110	80	0
1144	89.770000	89.848000	A5	81	80	0
1145	89.850000	89.920000	C6	63	80	0
1146	89.920000	89.998000	F6	127	80	0
1147	90.000000	90.078000	D6	77	80	0
1148	90.080000	90.120000	A6	53	80	0
1149	90.120000	90.208000	C7	40	80	0
1150	90.210000	91.600000	G1	27	80	0
1151	90.210000	91.600000	G2	75	80	0
1152	90.210000	90.290000	F7	106	80	0
1153	90.290000	90.378000	B6	1	80	0
1154	90.380000	90.458000	G6	50	80	0
1155	90.460000	90.550000	D6	76	80	0
1156	90.550000	90.628000	F6	127	80	0
1157	90.630000	90.720000	B5	78	80	0
1158	90.720000	90.798000	G5	80	80	0
1159	90.810000	90.888000	D5	91	80	0
1160	90.890000	90.980000	F5	68	80	0
1161	90.990000	91.068000	B4	56	80	0
1162	91.070000	91.160000	G4	52	80	0
1163	91.160000	91.238000	D4	59	80	0
1164	91.240000	91.348000	F4	57	80	0
1165	91.350000	91.430000	B3	68	80	0
1166	91.430000	91.518000	G3	56	80	0
1167	91.520000	91.598000	D3	59	80	0
1168	91.600000	94.250000	C2	85	80	0
1169	91.690000	91.768000	C3	58	80	0
1170	91.770000	91.860000	G3	58	80	0
1171	91.860000	91.938000	C4	62	80	0
1172	91.940000	92.010000	E4	53	80	0
1173	92.010000	92.058000	C4	62	80	0
1174	92.060000	92.150000	G4	44	80	0
1175	92.150000	92.228000	C5	53	80	0
1176	92.230000	92.318000	E5	66	80	0
1177	92.320000	92.400000	C5	53	80	0
1178	92.400000	92.438000	Bb5	73	80	0
1179	92.440000	92.518000	C6	86	80	0
1180	92.520000	92.610000	G6	77	80	0
1181	92.610000	92.688000	C6	86	80	0
1182	92.700000	92.760000	Bb5	73	80	0
1183	92.760000	92.848000	E5	47	80	0
1184	92.850000	94.250000	C3	127	80	0
1185	92.850000	92.930000	F#6	76	80	0
1186	92.930000	93.018000	C6	86	80	0
1187	93.020000	93.098000	A5	70	80	0
1188	93.100000	93.190000	Eb5	78	80	0
1189	93.190000	93.268000	F#5	105	80	0
1190	93.270000	93.360000	C5	40	80	0
1191	93.360000	93.438000	A4	50	80	0
1192	93.440000	93.518000	Eb4	79	80	0
1193	93.520000	93.598000	F5	68	80	0
1194	93.600000	93.690000	B4	68	80	0
1195	93.690000	93.768000	G#4	74	80	0
1196	93.770000	93.860000	D4	46	80	0
1197	93.860000	93.938000	F4	69	80	0
1198	93.940000	94.080000	B3	71	80	0
1199	94.080000	94.158000	G#3	67	80	0
1200	94.160000	94.250000	D3	45	80	0
1201	94.250000	95.378000	C2	65	80	0
1202	94.330000	94.420000	C3	46	80	0
1203	94.420000	94.498000	G3	60	80	0
1204	94.510000	94.578000	C4	57	80	0
1205	94.580000	94.598000	E4	34	80	0
1206	94.610000	94.650000	C4	57	80	0
1207	94.650000	94.738000	G4	35	80	0
1208	94.740000	94.810000	C5	69	80	0
1209	94.810000	94.878000	E5	69	80	0
1210	94.880000	94.930000	C5	69	80	0
1211	94.930000	94.988000	G5	83	80	0
1212	94.990000	95.068000	C6	83	80	0
1213	95.070000	95.160000	E6	85	80	0
1214	95.160000	95.238000	C6	83	80	0
1215	95.240000	95.330000	G5	83	80	0
1216	95.330000	95.378000	C5	62	80	0
1217	95.380000	96.680000	G1	49	80	0
1218	95.380000	96.680000	G2	69	80	0
1219	95.380000	95.470000	Eb6	82	80	0
1220	95.470000	95.540000	A5	58	80	0
1221	95.540000	95.628000	F#5	91	80	0
1222	95.630000	95.708000	C5	34	80	0
1223	95.710000	95.800000	Eb5	87	80	0
1224	95.800000	95.878000	A4	45	80	0
1225	95.880000	95.970000	F#4	47	80	0
1226	95.970000	96.030000	C4	48	80	0
1227	96.030000	96.120000	D5	114	80	0
1228	96.120000	96.198000	G#4	79	80	0
1229	96.210000	96.290000	F4	48	80	0
1230	96.290000	96.378000	B3	66	80	0
1231	96.380000	96.458000	D4	62	80	0
1232	96.460000	96.550000	G#3	76	80	0
1233	96.550000	96.620000	F3	41	80	0
1234	96.620000	96.680000	B2	50	80	0
1235	96.680000	99.180000	G1	77	80	0
1236	96.680000	99.180000	G2	66	80	0
1237	96.760000	96.848000	Bb2	61	80	0
1238	96.850000	96.930000	E3	52	80	0
1239	96.930000	97.018000	G3	50	80	0
1240	97.020000	97.098000	C#4	59	80	0
1241	97.100000	97.190000	Bb3	30	80	0
1242	97.190000	97.250000	E4	54	80	0
1243	97.250000	97.298000	G4	3	80	0
1244	97.300000	97.378000	C#5	56	80	0
1245	97.380000	97.470000	Bb4	19	80	0
1246	97.470000	97.548000	E5	52	80	0
1247	97.550000	97.640000	G5	83	80	0
1248	97.640000	97.718000	C#6	60	80	0
1249	97.720000	97.760000	Bb5	75	80	0
1250	97.760000	97.838000	E6	11	80	0
1251	97.850000	97.930000	G6	54	80	0
1252	97.930000	97.998000	C#7	36	80	0
1253	98.010000	98.088000	F#6	118	80	0
1254	98.090000	98.180000	Eb6	33	80	0
1255	98.180000	98.228000	A5	75	80	0
1256	98.230000	98.308000	C#6	54	80	0
1257	98.310000	98.388000	F#5	104	80	0
1258	98.390000	98.480000	Eb5	78	80	0
1259	98.480000	98.558000	A4	43	80	0
1260	98.560000	98.650000	C#5	72	80	0
1261	98.650000	98.728000	F#4	53	80	0
1262	98.730000	98.818000	Eb4	79	80	0
1263	98.820000	98.900000	A3	66	80	0
1264	98.900000	98.958000	C5	75	80	0
1265	98.960000	99.030000	F#4	53	80	0
1266	99.030000	99.108000	Eb4	79	80	0
1267	99.110000	99.180000	A3	66	80	0
1268	99.180000	102.028000	G1	63	80	0
1269	99.180000	101.950000	G2	75	-1	0
1270	99.270000	99.348000	G#3	63	80	0
1271	99.350000	99.440000	D4	64	80	0
1272	99.440000	99.518000	F4	55	80	0
1273	99.520000	99.610000	C5	54	80	0
1274	99.610000	99.688000	G#4	73	80	0
1275	99.690000	99.768000	D5	91	80	0
1276	99.770000	99.860000	F5	49	80	0
1277	99.860000	99.930000	C6	66	80	0
1278	99.930000	99.988000	G#5	92	80	0
1279	99.990000	100.068000	D6	54	80	0
1280	100.070000	100.160000	F6	127	80	0
1281	100.160000	100.208000	C7	40	80	0
1282	100.210000	100.290000	F6	127	80	0
1283	100.290000	100.368000	D6	54	80	0
1284	100.370000	100.458000	G#5	92	80	0
1285	100.460000	100.540000	B6	16	80	0
1286	100.540000	100.628000	F6	127	80	0
1287	100.630000	100.708000	D6	50	80	0
1288	100.710000	100.770000	G5	74	80	0
1289	100.770000	100.848000	B5	82	80	0
1290	100.850000	100.930000	F5	62	80	0
1291	100.930000	101.008000	D5	90	80	0
1292	101.010000	101.098000	G4	29	80	0
1293	101.100000	101.180000	B4	62	80	0
1294	101.180000	101.268000	F4	60	80	0
1295	101.270000	101.348000	D4	53	80	0
1296	101.360000	101.438000	G3	43	80	0
1297	101.440000	101.590000	B3	72	80	0
1298	101.780000	101.858000	F3	64	80	0
1299	101.860000	101.950000	D3	41	80	0
1300	101.950000	102.028000	G2	45	80	0
1301	102.030000	113.988000	C1	71	80	0
1302	102.030000	113.988000	C2	70	80	0
1303	102.120000	102.198000	G2	45	80	0
1304	102.200000	102.290000	E3	52	80	0
1305	102.290000	102.368000	G3	71	80	0
1306	102.370000	103.900000	C4	57	80	0
1307	103.900000	105.040000	G3	58	80	0
1308	105.040000	106.398000	E4	45	80	0
1309	106.400000	106.478000	G4	31	80	0
1310	106.480000	106.568000	C5	12	80	0
1311	106.570000	106.650000	G4	36	80	0
1312	106.650000	106.738000	E5	6	80	0
1313	106.740000	106.818000	G5	111	80	0
1314	106.820000	106.910000	C6	1	80	0
1315	106.910000	107.010000	G5	111	80	0
1316	107.010000	112.228000	E6	28	80	0
1317	112.230000	112.308000	G6	8	80	0
1318	112.310000	112.400000	C7	1	80	0
1319	112.400000	112.478000	G6	8	80	0
1320	112.490000	112.568000	E6	1	80	0
1321	112.570000	112.660000	G5	1	80	0
1322	112.660000	113.010000	C6	1	80	0
1323	113.010000	113.098000	G5	1	80	0
1324	113.100000	113.180000	E5	1	80	0
1325	113.180000	113.268000	G4	1	80	0
1326	113.270000	113.348000	C5	1	80	0
1327	113.350000	113.440000	G4	1	80	0
1328	113.440000	113.560000	E4	1	80	0
1329	113.560000	113.650000	G3	1	80	0
1330	113.650000	113.728000	C4	1	80	0
1331	113.730000	113.818000	G3	1	80	0
1332	113.820000	113.900000	E3	1	80	0
1333	113.900000	113.988000	G2	1	80	0
1334	113.990000	116.880000	C1	69	80	0
1335	113.990000	116.880000	C2	1	80	0
