// alignID alignOntime alignSitch alignPitch alignOnvel refID refOntime refSitch refPitch refOnvel
0	0.516026	C#4	61	39	4	0.5	C#4	61	80	
1	1.28098	A4	69	48	5	0.75	A4	69	80	
2	1.30769	F#4	66	37	6	0.75	F#4	66	80	
3	1.63889	G#3	56	37	8	0.875	G#3	56	80	
4	1.64316	B4	71	64	7	0.875	B4	71	80	
5	2.03953	A3	57	37	10	1	A3	57	80	
6	2.06838	C#5	73	63	9	1	C#5	73	80	
7	2.32372	B4	71	65	11	1.08333	B4	71	80	
8	2.52992	A4	69	64	12	1.16667	A4	69	80	
9	2.74359	B4	71	69	13	1.25	B4	71	80	
10	2.76603	C#4	61	50	15	1.25	C#4	61	80	
11	2.77244	F4	65	53	14	1.25	F4	65	80	
12	2.97543	A4	69	65	16	1.33333	A4	69	80	
13	3.19872	G#4	68	72	17	1.41667	G#4	68	80	
14	3.51817	A4	69	61	18	1.5	A4	69	80	
15	3.55022	F#4	66	50	19	1.5	F#4	66	80	
16	3.58441	F#3	54	32	20	1.5	F#3	54	80	
17	3.93483	B4	71	54	21	1.625	B4	71	80	
18	4.3312	C#4	61	49	23	1.75	C#4	61	80	
19	4.33334	A4	69	53	22	1.75	A4	69	80	
20	4.67415	G#4	68	52	24	1.875	G#4	68	80	
21	5.078	A4	69	52	25	2	A4	69	80	
22	5.45834	C#5	73	61	26	2.125	C#5	73	80	
23	5.82586	A3	57	33	28	2.25	A3	57	80	
24	5.83441	F#5	78	67	27	2.25	F#5	78	80	
25	6.19659	G#5	80	64	29	2.375	G#5	80	80	
26	6.21795	B3	59	48	30	2.375	B3	59	80	
27	6.58761	A5	81	57	31	2.5	A5	81	80	
28	6.6186	C#4	61	45	32	2.5	C#4	61	80	
29	6.83013	B3	59	44	34	2.58333	B3	59	80	
30	6.83761	G#5	80	57	33	2.58333	G#5	80	80	
31	7.05556	F#5	78	63	35	2.66667	F#5	78	80	
32	7.05984	A3	57	43	36	2.66667	A3	57	80	
33	7.26069	B3	59	47	38	2.75	B3	59	80	
34	7.28419	G#5	80	60	37	2.75	G#5	80	80	
35	7.47437	F#5	78	70	39	2.83333	F#5	78	80	
36	7.49894	A3	57	42	40	2.83333	A3	57	80	
37	7.69766	F5	77	65	41	2.91667	F5	77	80	
38	7.72223	G#3	56	46	42	2.91667	G#3	56	80	
39	8.01603	A3	57	46	44	3	A3	57	80	
40	8.03206	F#5	78	62	43	3	F#5	78	80	
41	8.43591	C#5	73	63	45	3.125	C#5	73	80	
42	8.82373	G#3	56	41	47	3.25	G#3	56	80	
43	8.82373	B3	59	44	46	3.25	B3	59	80	
44	9.2233	F5	77	53	48	3.375	F5	77	80	
45	9.59296	A3	57	39	51	3.5	A3	57	80	
46	9.59403	C#4	61	35	50	3.5	C#4	61	80	
47	9.60471	F#5	78	59	49	3.5	F#5	78	80	
48	10.0139	C#5	73	63	52	3.625	C#5	73	80	
49	10.3964	G#4	68	59	53	3.75	G#4	68	80	
50	10.4049	B3	59	51	54	3.75	B3	59	80	
51	10.7853	F5	77	68	55	3.875	F5	77	80	
52	11.1603	A3	57	50	58	4	A3	57	80	
53	11.1645	F#4	66	56	57	4	F#4	66	80	
54	11.1795	F#5	78	73	56	4	F#5	78	80	
55	11.5791	C#5	73	70	59	4.125	C#5	73	80	
56	11.9701	F#5	78	75	60	4.25	F#5	78	80	
57	11.9712	G#3	56	51	62	4.25	G#3	56	80	
58	11.9722	F4	65	56	61	4.25	F4	65	80	
59	12.3665	G#5	80	72	63	4.375	G#5	80	80	
60	12.7927	A5	81	66	64	4.5	A5	81	80	
61	12.8163	F#4	66	47	65	4.5	F#4	66	80	
62	12.8205	F#3	54	47	66	4.5	F#3	54	80	
63	13.2489	F5	77	55	67	4.625	F5	77	80	
64	13.6368	F#5	78	63	68	4.75	F#5	78	80	
65	13.6581	C#4	61	43	69	4.75	C#4	61	80	
66	13.6603	E3	52	46	70	4.75	E3	52	80	
67	14.0492	A5	81	60	71	4.875	A5	81	80	
68	14.469	F#3	54	45	73	5	F#3	54	80	
69	14.4861	D3	50	38	74	5	D3	50	80	
70	14.4883	B4	71	53	72	5	B4	71	80	
71	14.8836	A5	81	61	75	5.125	A5	81	80	
72	15.2778	F3	53	53	77	5.25	F3	53	80	
73	15.2863	G#5	80	64	76	5.25	G#5	80	80	
74	15.6624	A5	81	66	78	5.375	A5	81	80	
75	16.0663	B5	83	61	79	5.5	B5	83	80	
76	16.0801	F#3	54	46	80	5.5	F#3	54	80	
77	16.3408	A5	81	56	81	5.58333	A5	81	80	
78	16.5449	G#5	80	64	82	5.66667	G#5	80	80	
79	16.7746	B3	59	54	84	5.75	B3	59	80	
80	16.7831	A5	81	63	83	5.75	A5	81	80	
81	17.0171	G#5	80	66	85	5.83333	G#5	80	80	
82	17.2319	F#5	78	72	86	5.91667	F#5	78	80	
83	17.5353	C#3	49	50	88	6	C#3	49	80	
84	17.5353	F5	77	71	87	6	F5	77	80	
85	17.9434	C5	72	64	89	6.125	C5	72	80	
86	18.3291	G#3	56	61	90	6.25	G#3	56	80	
87	18.6742	C#5	73	70	91	6.375	C#5	73	80	
88	19.0716	A3	57	52	93	6.5	A3	57	80	
89	19.0769	F#5	78	65	92	6.5	F#5	78	80	
90	19.4551	C5	72	59	94	6.625	C5	72	80	
91	19.8195	F#3	54	51	95	6.75	F#3	54	80	
92	20.1539	C#5	73	58	96	6.875	C#5	73	80	
93	20.5406	F3	53	41	98	7	F3	53	80	
94	20.5406	G#5	80	59	97	7	G#5	80	80	
95	20.7628	B4	71	56	99	7.08333	B4	71	80	
96	20.9712	C#5	73	66	100	7.16667	C#5	73	80	
97	21.1923	D5	74	67	101	7.25	D5	74	80	
98	21.3889	C#5	73	65	102	7.33333	C#5	73	80	
99	21.5908	B4	71	64	103	7.41667	B4	71	80	
100	21.8462	A4	69	60	104	7.5	A4	69	80	
101	22.0609	F3	53	48	105	7.58333	F3	53	80	
102	22.2628	F#3	54	66	106	7.66667	F#3	54	80	
103	22.5011	G#3	56	66	107	7.75	G#3	56	80	
104	22.7094	F#3	54	65	108	7.83333	F#3	54	80	
105	22.937	F3	53	60	109	7.91667	F3	53	80	
106	23.171	F#3	54	61	110	8	F#3	54	80	
107	23.3814	G#3	56	52	112	8.08333	G#3	56	80	
108	23.391	G#4	68	64	111	8.08333	G#4	68	80	
109	23.6058	A3	57	56	114	8.16667	A3	57	80	
110	23.609	F#4	66	67	113	8.16667	F#4	66	80	
111	23.8366	F4	65	65	115	8.25	F4	65	80	
112	23.8387	B3	59	60	116	8.25	B3	59	80	
113	24.0641	A3	57	60	118	8.33333	A3	57	80	
114	24.0652	F#4	66	70	117	8.33333	F#4	66	80	
115	24.2981	G#4	68	69	119	8.41667	G#4	68	80	
116	24.3002	G#3	56	58	120	8.41667	G#3	56	80	
117	24.5353	F#4	66	64	121	8.5	F#4	66	80	
118	24.5684	A3	57	54	122	8.5	A3	57	80	
119	24.7842	F4	65	66	123	8.58333	F4	65	80	
120	25.031	F#4	66	71	124	8.66667	F#4	66	80	
121	25.4413	Eb5	75	75	125	8.75	Eb5	75	80	
122	25.4445	C3	48	38	126	8.75	C3	48	80	
123	26.0695	F#4	66	61	127	8.9375	F#4	66	80	
124	26.4861	C#3	49	47	129	9	C#3	49	80	
125	26.5107	F#4	66	62	128	9	F#4	66	80	
126	27.109	G#3	56	42	130	9.125	G#3	56	80	
127	27.2425	F#3	54	53	131	9.1875	F#3	54	80	
128	27.3825	G#3	56	59	132	9.25	G#3	56	80	
129	27.9552	F4	65	53	133	9.375	F4	65	80	
130	28.0802	Eb4	63	55	134	9.4375	Eb4	63	80	
131	28.1955	F4	65	49	135	9.5	F4	65	80	
132	28.4455	C#4	61	56	136	9.58333	C#4	61	80	
133	28.6763	Eb4	63	56	137	9.66667	Eb4	63	80	
134	28.9199	C#3	49	43	139	9.75	C#3	49	80	
135	28.9274	F4	65	52	138	9.75	F4	65	80	
136	29.1784	F#4	66	62	140	9.83333	F#4	66	80	
137	29.4049	G#4	68	65	141	9.91667	G#4	68	80	
138	29.656	Eb3	51	51	143	10	Eb3	51	80	
139	29.6624	F#4	66	64	142	10	F#4	66	80	
140	29.9071	F4	65	63	144	10.0833	F4	65	80	
141	30.1336	F#4	66	71	145	10.1667	F#4	66	80	
142	30.3846	G#4	68	71	146	10.25	G#4	68	80	
143	30.4124	F3	53	47	147	10.25	F3	53	80	
144	30.6357	A4	69	70	148	10.3333	A4	69	80	
145	30.8932	B4	71	69	149	10.4167	B4	71	80	
146	31.1859	A4	69	50	150	10.5	A4	69	80	
147	31.2105	F#3	54	49	151	10.5	F#3	54	80	
148	31.4562	G#4	68	49	152	10.5625	G#4	68	80	
149	31.6827	F#4	66	52	153	10.625	F#4	66	80	
150	31.9926	F#2	42	47	154	10.75	F#2	42	80	
151	32.4958	A4	69	52	155	10.875	A4	69	80	
152	32.6122	C#5	73	63	156	10.9375	C#5	73	80	
153	32.7682	F#5	78	62	157	11	F#5	78	80	
154	32.797	A2	45	51	158	11	A2	45	80	
155	33.0396	C#5	73	64	159	11.0833	C#5	73	80	
156	33.2372	Eb5	75	69	160	11.1667	Eb5	75	80	
157	33.4776	F5	77	69	161	11.25	F5	77	80	
158	33.5032	C#3	49	56	162	11.25	C#3	49	80	
159	33.7297	F#5	78	73	163	11.3333	F#5	78	80	
160	33.9723	G#5	80	76	164	11.4167	G#5	80	80	
161	34.2361	F#3	54	53	166	11.5	F#3	54	80	
162	34.2554	A5	81	75	165	11.5	A5	81	80	
163	34.4808	G#5	80	76	167	11.5833	G#5	80	80	
164	34.7201	F#5	78	72	168	11.6667	F#5	78	80	
165	34.9626	B3	59	59	170	11.75	A3	57	80	
166	34.9626	G#5	80	71	169	11.75	G#5	80	80	
167	35.203	F#5	78	66	171	11.8333	F#5	78	80	
168	35.3985	E5	76	68	172	11.9167	E5	76	80	
169	35.5823	Eb5	75	59	173	12	Eb5	75	80	
170	35.6635	E5	76	66	*	-1	*	-1	-1	
171	35.7148	A3	57	45	*	-1	*	-1	-1	
172	35.7383	Eb5	75	75	*	-1	*	-1	-1	
173	36.1443	E5	76	70	174	12.125	E5	76	80	
174	36.5267	Eb3	51	36	176	12.25	Eb3	51	80	
175	36.5428	F#5	78	74	175	12.25	F#5	78	80	
176	36.9188	A3	57	55	177	12.375	A3	57	80	
177	37.312	G#3	56	53	178	12.5	G#3	56	80	
178	37.3238	C3	48	41	179	12.5	C3	48	80	
179	37.7191	E5	76	56	180	12.625	E5	76	80	
180	38.0887	Eb5	75	60	181	12.75	Eb5	75	80	
181	38.0962	F#3	54	49	182	12.75	F#3	54	80	
182	38.4455	A5	81	58	183	12.875	A5	81	80	
183	38.8387	E3	52	51	185	13	E3	52	80	
184	38.8611	G#5	80	59	184	13	G#5	80	80	
185	39.1218	F#5	78	66	186	13.0833	F#5	78	80	
186	39.3494	E5	76	68	187	13.1667	E5	76	80	
187	39.5738	F#5	78	63	188	13.25	F#5	78	80	
188	39.5759	G#2	44	47	190	13.25	G#2	44	80	
189	39.5759	Eb3	51	47	189	13.25	Eb3	51	80	
190	39.8238	E5	76	64	191	13.3333	E5	76	80	
191	40.0588	Eb5	75	67	192	13.4167	Eb5	75	80	
192	40.3088	C#3	49	54	194	13.5	C#3	49	80	
193	40.3665	E5	76	58	193	13.5	E5	76	80	
194	40.7329	Eb5	75	60	196	13.625	Eb5	75	80	
195	41.0909	C#5	73	55	197	13.75	C#5	73	80	
196	41.4135	B2	47	45	198	13.875	B2	47	80	
197	41.8141	A2	45	53	199	14	A2	45	80	
198	42.2201	Eb5	75	61	200	14.125	Eb5	75	80	
199	42.5588	G#2	44	54	202	14.25	G#2	44	80	
200	42.5706	C#5	73	55	201	14.25	C#5	73	80	
201	42.9659	C5	72	65	203	14.375	C5	72	80	
202	43.3312	F#2	42	54	205	14.5	F#2	42	80	
203	43.3473	C#5	73	65	204	14.5	C#5	73	80	
204	43.7212	E5	76	67	206	14.625	E5	76	80	
205	44.1058	A4	69	55	207	14.75	A4	69	80	
206	44.1112	C#3	49	51	208	14.75	C#3	49	80	
207	44.4594	G#4	68	67	209	14.875	G#4	68	80	
208	44.8398	F#3	54	63	211	15	F#3	54	80	
209	44.8398	A4	69	65	210	15	A4	69	80	
210	45.2137	C5	72	67	212	15.125	C5	72	80	
211	45.5941	G#2	44	52	214	15.25	G#2	44	80	
212	45.6015	F#4	66	63	213	15.25	F#4	66	80	
213	45.984	E4	64	68	215	15.375	E4	64	80	
214	46.3515	A2	45	55	217	15.5	A2	45	80	
215	46.3665	F#4	66	57	216	15.5	F#4	66	80	
216	46.8013	C5	72	50	218	15.625	C5	72	80	
217	47.156	C#5	73	66	219	15.75	C#5	73	80	
218	47.1592	F#2	42	51	220	15.75	F#2	42	80	
219	47.5097	Eb5	75	73	221	15.875	Eb5	75	80	
220	47.9285	E5	76	61	222	16	E5	76	80	
221	47.9381	G#2	44	45	223	16	G#2	44	80	
222	48.2169	Eb5	75	69	224	16.0833	Eb5	75	80	
223	48.4413	C#5	73	67	225	16.1667	C#5	73	80	
224	48.6817	Eb5	75	67	226	16.25	Eb5	75	80	
225	48.6924	F#3	54	48	227	16.25	F#3	54	80	
226	48.9114	C#5	73	72	228	16.3333	C#5	73	80	
227	49.1624	C5	72	70	229	16.4167	C5	72	80	
228	49.5129	C#5	73	78	230	16.5	C#5	73	80	
229	49.5139	C#3	49	46	231	16.5	C#3	49	80	
230	50.3526	G#4	68	65	232	16.75	G#4	68	80	
231	50.3569	E3	52	33	233	16.75	E3	52	80	
232	51.1325	G#3	56	55	234	17	G#3	56	80	
233	51.89	E4	64	57	235	17.25	E4	64	80	
234	51.9167	C#4	61	51	236	17.25	C#4	61	80	
235	52.2468	F#4	66	70	237	17.375	F#4	66	80	
236	52.25	Eb3	51	44	238	17.375	Eb3	51	80	
237	52.6315	E3	52	46	240	17.5	E3	52	80	
238	52.6325	G#4	68	68	239	17.5	G#4	68	80	
239	52.9007	F#4	66	66	241	17.5833	F#4	66	80	
240	53.0994	E4	64	68	242	17.6667	E4	64	80	
241	53.312	G#3	56	54	245	17.75	G#3	56	80	
242	53.3216	C4	60	58	244	17.75	C4	60	80	
243	53.3238	F#4	66	70	243	17.75	F#4	66	80	
244	53.5663	E4	64	66	246	17.8333	E4	64	80	
245	53.7821	Eb4	63	69	247	17.9167	Eb4	63	80	
246	54.077	C#4	61	57	249	18	C#4	61	80	
247	54.0791	E4	64	69	248	18	E4	64	80	
248	54.0866	C#3	49	40	250	18	C#3	49	80	
249	54.4712	F#4	66	63	251	18.125	F#4	66	80	
250	54.8302	E4	64	52	252	18.25	E4	64	80	
251	54.8345	G#3	56	49	253	18.25	G#3	56	80	
252	55.2137	Eb4	63	56	254	18.375	Eb4	63	80	
253	55.5663	E4	64	50	255	18.5	E4	64	80	
254	55.9199	F#3	54	44	257	18.625	F#3	54	80	
255	55.9242	G#4	68	65	256	18.625	G#4	68	80	
256	56.2704	C#5	73	73	258	18.75	C#5	73	80	
257	56.2907	E3	52	55	259	18.75	E3	52	80	
258	56.6026	Eb5	75	75	260	18.875	Eb5	75	80	
259	56.6112	B2	47	62	261	18.875	B2	47	80	
260	56.999	Bb2	46	60	263	19	Bb2	46	80	
261	57.0086	E5	76	71	262	19	E5	76	80	
262	57.2543	G5	79	76	264	19.0833	G5	79	80	
263	57.453	F#5	78	79	265	19.1667	F#5	78	80	
264	57.6753	E5	76	77	266	19.25	E5	76	80	
265	57.7009	E3	52	57	267	19.25	E3	52	80	
266	57.703	C#3	49	56	268	19.25	C#3	49	80	
267	57.8986	D5	74	74	269	19.3333	D5	74	80	
268	58.124	C#5	73	77	270	19.4167	C#5	73	80	
269	58.3761	B4	71	73	271	19.5	B4	71	80	
270	58.3825	F#2	42	53	272	19.5	F#2	42	80	
271	58.6251	Bb4	70	70	273	19.5833	Bb4	70	80	
272	58.8398	C#5	73	78	274	19.6667	C#5	73	80	
273	59.1539	C#3	49	42	276	19.75	C#3	49	80	
274	59.203	E4	64	66	275	19.75	E4	64	80	
275	59.9199	F#3	54	44	277	20	F#3	54	80	
276	60.1101	F#4	66	50	278	20.0625	F#4	66	80	
277	60.265	E4	64	48	279	20.125	E4	64	80	
278	60.406	Eb4	63	58	280	20.1875	Eb4	63	80	
279	60.5855	E4	64	60	281	20.25	E4	64	80	
280	60.6069	C#3	49	45	282	20.25	C#3	49	80	
281	60.9701	E4	64	61	283	20.375	E4	64	80	
282	61.3238	Bb2	46	45	284	20.5	Bb2	46	80	
283	61.6731	Bb4	70	59	285	20.625	Bb4	70	80	
284	62.046	F#2	42	50	287	20.75	F#2	42	80	
285	62.0567	B4	71	68	286	20.75	B4	71	80	
286	62.4253	C#5	73	70	288	20.875	C#5	73	80	
287	62.7821	B2	47	42	290	21	B2	47	80	
288	62.7971	D4	62	56	289	21	D4	62	80	
289	63.1625	E4	64	62	291	21.125	E4	64	80	
290	63.5043	F#3	54	53	293	21.25	F#3	54	80	
291	63.5107	D4	62	53	292	21.25	D4	62	80	
292	63.8836	C#4	61	68	294	21.375	C#4	61	80	
293	64.2618	D4	62	60	295	21.5	D4	62	80	
294	64.2693	B3	59	49	296	21.5	B3	59	80	
295	64.5866	F#4	66	66	297	21.625	F#4	66	80	
296	64.5973	F#3	54	57	298	21.625	F#3	54	80	
297	64.9199	B4	71	75	299	21.75	B4	71	80	
298	64.9445	D3	50	58	300	21.75	D3	50	80	
299	65.249	C#5	73	84	301	21.875	C#5	73	80	
300	65.265	F#3	54	67	302	21.875	F#3	54	80	
301	65.6069	B2	47	63	304	22	B2	47	80	
302	65.624	D5	74	68	303	22	D5	74	80	
303	65.8377	F#5	78	77	305	22.0833	F#5	78	80	
304	65.9659	D3	50	64	306	22.125	D3	50	80	
305	66.0684	E5	76	75	308	22.1667	E5	76	80	
306	66.2672	G#2	44	72	310	22.25	G#2	44	80	
307	66.3078	D5	74	76	309	22.25	D5	74	80	
308	66.5481	C#5	73	73	311	22.3333	C#5	73	80	
309	66.6379	B2	47	62	312	22.375	B2	47	80	
310	66.7981	B4	71	82	313	22.4167	B4	71	80	
311	67.0663	E2	40	68	315	22.5	E2	40	80	
312	67.109	A4	69	68	314	22.5	A4	69	80	
313	67.327	G#4	68	73	316	22.5833	G#4	68	80	
314	67.5546	B4	71	77	317	22.6667	B4	71	80	
315	67.9199	D4	62	68	318	22.75	D4	62	80	
316	67.9488	B2	47	37	319	22.75	B2	47	80	
317	68.6892	E3	52	43	320	23	E3	52	80	
318	68.8601	E4	64	54	321	23.0625	E4	64	80	
319	69.0471	D4	62	59	322	23.125	D4	62	80	
320	69.2127	C#4	61	59	323	23.1875	C#4	61	80	
321	69.3922	B2	47	41	325	23.25	B2	47	80	
322	69.4028	D4	62	55	324	23.25	D4	62	80	
323	69.7533	D4	62	58	326	23.375	D4	62	80	
324	70.1486	G#2	44	48	327	23.5	G#2	44	80	
325	70.4969	G#4	68	58	328	23.625	G#4	68	80	
326	70.8868	E2	40	44	330	23.75	E2	40	80	
327	70.9028	A4	69	63	329	23.75	A4	69	80	
328	71.2533	B4	71	65	331	23.875	B4	71	80	
329	71.6229	C#4	61	56	332	24	C#4	61	80	
330	71.6336	A2	45	39	333	24	A2	45	80	
331	71.9766	D4	62	60	334	24.125	D4	62	80	
332	72.3516	E3	52	41	336	24.25	E3	52	80	
333	72.3644	C#4	61	58	335	24.25	C#4	61	80	
334	72.7415	B3	59	57	337	24.375	B3	59	80	
335	73.0866	A3	57	52	339	24.5	A3	57	80	
336	73.0962	C#4	61	57	338	24.5	C#4	61	80	
337	73.4552	E4	64	66	340	24.625	E4	64	80	
338	73.8046	A4	69	69	341	24.75	A4	69	80	
339	73.8313	G#3	56	49	342	24.75	G#3	56	80	
340	74.1432	B4	71	69	343	24.875	B4	71	80	
341	74.5652	A3	57	42	345	25	A3	57	80	
342	74.5727	C#5	73	66	344	25	C#5	73	80	
343	74.9734	E3	52	41	346	25.125	E3	52	80	
344	75.3163	C#3	49	50	347	25.25	C#3	49	80	
345	75.6721	A2	45	52	348	25.375	A2	45	80	
346	76.0855	D3	50	53	349	25.5	D3	50	80	
347	76.4199	G4	67	59	350	25.625	G4	67	80	
348	76.7789	F#4	66	63	351	25.75	F#4	66	80	
349	76.7949	A3	57	45	352	25.75	A3	57	80	
350	77.1411	E4	64	66	353	25.875	E4	64	80	
351	77.5033	F#4	66	64	354	26	F#4	66	80	
352	77.5204	D4	62	50	355	26	D4	62	80	
353	77.8473	A4	69	63	356	26.125	A4	69	80	
354	78.2137	D5	74	72	357	26.25	D5	74	80	
355	78.2191	A3	57	43	358	26.25	A3	57	80	
356	78.2308	F#3	54	45	359	26.25	F#3	54	80	
357	78.5588	E5	76	71	360	26.375	E5	76	80	
358	78.9627	Eb3	51	38	362	26.5	Eb3	51	80	
359	79.0076	F#5	78	78	361	26.5	F#5	78	80	
360	79.3783	A3	57	38	363	26.625	A3	57	80	
361	79.7287	B2	47	49	364	26.75	B2	47	80	
362	80.0866	Eb3	51	53	365	26.875	Eb3	51	80	
363	80.4787	E3	52	48	367	27	E3	52	80	
364	80.4841	G#3	56	53	366	27	G#3	56	80	
365	80.858	A4	69	54	368	27.125	A4	69	80	
366	81.2127	B3	59	52	370	27.25	B3	59	80	
367	81.2191	G#4	68	60	369	27.25	G#4	68	80	
368	81.5578	F#4	66	63	371	27.375	F#4	66	80	
369	81.9424	G#4	68	64	372	27.5	G#4	68	80	
370	81.9435	E4	64	55	373	27.5	E4	64	80	
371	82.2896	B4	71	72	374	27.625	B4	71	80	
372	82.6497	E5	76	71	375	27.75	E5	76	80	
373	82.6539	B3	59	46	376	27.75	B3	59	80	
374	83.0118	G#5	80	76	377	27.875	G#5	80	80	
375	83.3986	B5	83	71	378	28	B5	83	80	
376	83.4242	G#3	56	42	379	28	G#3	56	80	
377	83.7971	D5	74	56	380	28.125	D5	74	80	
378	84.155	E3	52	43	382	28.25	E3	52	80	
379	84.155	C#5	73	72	381	28.25	C#5	73	80	
380	84.5332	B4	71	72	383	28.375	B4	71	80	
381	84.8922	A3	57	50	385	28.5	A3	57	80	
382	84.8932	A2	45	47	386	28.5	A2	45	80	
383	84.9146	C#5	73	74	384	28.5	C#5	73	80	
384	85.2971	F#5	78	64	387	28.625	F#5	78	80	
385	85.6368	B2	47	42	390	28.75	B2	47	80	
386	85.639	G#3	56	51	389	28.75	G#3	56	80	
387	85.6518	E5	76	64	388	28.75	E5	76	80	
388	85.9969	Eb5	75	61	391	28.875	Eb5	75	80	
389	86.3815	C#3	49	46	393	29	C#3	49	80	
390	86.436	E5	76	64	392	29	E5	76	80	
391	86.7747	C#5	73	63	394	29.125	C#5	73	80	
392	86.7768	A3	57	41	395	29.125	A3	57	80	
393	87.1219	B4	71	67	396	29.25	B4	71	80	
394	87.1272	D3	50	47	397	29.25	D3	50	80	
395	87.4552	A4	69	51	398	29.375	A4	69	80	
396	87.5001	B3	59	38	399	29.375	B3	59	80	
397	87.8633	C#5	73	65	400	29.5	C#5	73	80	
398	87.8676	E3	52	42	401	29.5	E3	52	80	
399	88.2373	A3	57	37	403	29.625	A3	57	80	
400	88.2565	E4	64	50	402	29.625	E4	64	80	
401	88.593	E3	52	35	405	29.75	E3	52	80	
402	88.5994	B4	71	66	404	29.75	B4	71	80	
403	88.9595	G#3	56	47	407	29.875	G#3	56	80	
404	88.9723	D4	62	47	406	29.875	D4	62	80	
405	89.3943	A3	57	46	409	30	A3	57	80	
406	89.4135	C#4	61	60	408	30	C#4	61	80	
407	89.7554	E4	64	59	411	30.125	E4	64	80	
408	90.1432	A4	69	53	412	30.25	A4	69	80	
409	90.4734	E3	52	43	413	30.375	E3	52	80	
410	90.8398	C#3	49	48	414	30.5	C#3	49	80	
411	91.1967	E4	64	63	415	30.625	E4	64	80	
412	91.2009	A2	45	46	416	30.625	A2	45	80	
413	91.5482	C#3	49	58	418	30.75	C#3	49	80	
414	91.5588	A4	69	72	417	30.75	A4	69	80	
415	91.8997	B4	71	72	419	30.875	B4	71	80	
416	91.905	E3	52	58	420	30.875	E3	52	80	
417	92.2918	A3	57	64	422	31	A3	57	80	
418	92.3227	C#5	73	71	421	31	C#5	73	80	
419	92.6806	A4	69	66	423	31.125	A4	69	80	
420	93.0514	C4	60	44	425	31.25	C4	60	80	
421	93.0514	F#4	66	62	424	31.25	F#4	66	80	
422	93.4114	Eb5	75	71	426	31.375	Eb5	75	80	
423	93.8452	E5	76	64	427	31.5	E5	76	80	
424	93.8548	G3	55	48	429	31.5	G3	55	80	
425	93.8559	B3	59	42	428	31.5	B3	59	80	
426	94.2747	B4	71	62	430	31.625	B4	71	80	
427	94.6507	A3	57	51	431	31.75	A3	57	80	
428	94.6529	F#3	54	49	432	31.75	F#3	54	80	
429	94.9937	Eb5	75	67	433	31.875	Eb5	75	80	
430	95.358	E5	76	72	434	32	E5	76	80	
431	95.3687	E3	52	46	436	32	E3	52	80	
432	95.3772	G3	55	54	435	32	G3	55	80	
433	95.7373	B4	71	71	437	32.125	B4	71	80	
434	96.1144	B3	59	65	438	32.25	B3	59	80	
435	96.1208	G3	55	58	439	32.25	G3	55	80	
436	96.468	Eb5	75	74	440	32.375	Eb5	75	80	
437	96.8655	C#4	61	65	442	32.5	C#4	61	80	
438	96.8655	E5	76	71	441	32.5	E5	76	80	
439	96.8868	C#3	49	54	443	32.5	C#3	49	80	
440	97.2362	B4	71	67	444	32.625	B4	71	80	
441	97.5813	F#3	54	55	446	32.75	F#3	54	80	
442	97.6101	Bb4	70	58	445	32.75	Bb4	70	80	
443	97.9691	E5	76	57	447	32.875	E5	76	80	
444	98.2148	D5	74	28	*	-1	*	-1	-1	
445	98.2789	E5	76	62	*	-1	*	-1	-1	
446	98.3206	B3	59	53	449	33	B3	59	80	
447	98.343	D5	74	63	448	33	D5	74	80	
448	98.6539	C#5	73	67	451	33.125	C#5	73	80	
449	99.0054	B4	71	58	452	33.25	B4	71	80	
450	99.3409	F#3	54	46	453	33.375	F#3	54	80	
451	99.7202	D3	50	43	454	33.5	D3	50	80	
452	100.019	B2	47	48	456	33.625	B2	47	80	
453	100.063	F#4	66	64	455	33.625	F#4	66	80	
454	100.38	D3	50	57	458	33.75	D3	50	80	
455	100.404	B4	71	73	457	33.75	B4	71	80	
456	100.74	F#3	54	64	460	33.875	F#3	54	80	
457	100.754	C#5	73	74	459	33.875	C#5	73	80	
458	101.114	B3	59	64	462	34	B3	59	80	
459	101.114	D5	74	74	461	34	D5	74	80	
460	101.465	B4	71	77	463	34.125	B4	71	80	
461	101.817	D4	62	48	465	34.25	D4	62	80	
462	101.825	G#4	68	70	464	34.25	G#4	68	80	
463	102.196	F5	77	78	466	34.375	F5	77	80	
464	102.583	C#4	61	48	468	34.5	C#4	61	80	
465	102.599	A3	57	53	469	34.5	A3	57	80	
466	102.629	F#5	78	75	467	34.5	F#5	78	80	
467	103.044	C#5	73	65	470	34.625	C#5	73	80	
468	103.365	G#3	56	46	472	34.75	G#3	56	80	
469	103.369	B3	59	54	471	34.75	B3	59	80	
470	103.737	F5	77	64	473	34.875	F5	77	80	
471	104.135	F#3	54	55	476	35	F#3	54	80	
472	104.135	F#5	78	67	474	35	F#5	78	80	
473	104.145	A3	57	45	475	35	A3	57	80	
474	104.502	C#5	73	71	477	35.125	C#5	73	80	
475	104.862	C#4	61	66	478	35.25	C#4	61	80	
476	104.867	A3	57	62	479	35.25	A3	57	80	
477	105.214	F5	77	75	480	35.375	F5	77	80	
478	105.619	F#5	78	75	481	35.5	F#5	78	80	
479	105.62	Eb3	51	48	483	35.5	Eb3	51	80	
480	105.621	Eb4	63	56	482	35.5	Eb4	63	80	
481	105.979	C#5	73	65	484	35.625	C#5	73	80	
482	106.347	G#3	56	51	486	35.75	G#3	56	80	
483	106.351	C5	72	56	485	35.75	C5	72	80	
484	106.679	F#5	78	65	487	35.875	F#5	78	80	
485	106.932	E5	76	56	*	-1	*	-1	-1	
486	107.001	F#5	78	51	*	-1	*	-1	-1	
487	107.081	E5	76	66	488	36	E5	76	80	
488	107.097	C#4	61	55	489	36	C#4	61	80	
489	107.44	Eb5	75	55	491	36.125	Eb5	75	80	
490	107.778	C#5	73	63	492	36.25	C#5	73	80	
491	108.115	G#3	56	45	493	36.375	G#3	56	80	
492	108.495	E3	52	40	494	36.5	E3	52	80	
493	108.841	C#3	49	47	496	36.625	C#3	49	80	
494	108.841	G#4	68	59	495	36.625	G#4	68	80	
495	109.203	C#5	73	75	497	36.75	C#5	73	80	
496	109.216	E3	52	48	498	36.75	E3	52	80	
497	109.536	Eb5	75	72	499	36.875	Eb5	75	80	
498	109.539	G#3	56	62	500	36.875	G#3	56	80	
499	109.931	C#4	61	61	502	37	C#4	61	80	
500	109.936	E5	76	71	501	37	E5	76	80	
501	110.297	C#5	73	70	503	37.125	C#5	73	80	
502	110.664	Bb4	70	60	504	37.25	Bb4	70	80	
503	110.684	E3	52	42	505	37.25	E3	52	80	
504	111.042	G5	79	71	506	37.375	G5	79	80	
505	111.46	D3	50	46	508	37.5	D3	50	80	
506	111.469	F#5	78	70	507	37.5	F#5	78	80	
507	111.862	D5	74	58	509	37.625	D5	74	80	
508	112.227	F#3	54	51	511	37.75	F#3	54	80	
509	112.248	B4	71	58	510	37.75	B4	71	80	
510	112.608	Bb4	70	66	512	37.875	Bb4	70	80	
511	112.964	B4	71	64	513	38	B4	71	80	
512	112.997	D3	50	50	514	38	D3	50	80	
513	113.321	F#4	66	62	515	38.125	F#4	66	80	
514	113.337	B2	47	52	516	38.125	B2	47	80	
515	113.676	B4	71	74	517	38.25	B4	71	80	
516	113.684	D3	50	68	518	38.25	D3	50	80	
517	114.044	F#3	54	68	520	38.375	F#3	54	80	
518	114.05	D5	74	74	519	38.375	D5	74	80	
519	114.422	F#5	78	75	521	38.5	F#5	78	80	
520	114.434	B3	59	65	522	38.5	B3	59	80	
521	114.793	D5	74	74	523	38.625	D5	74	80	
522	114.801	E5	76	11	*	-1	*	-1	-1	
523	115.171	F#3	54	63	525	38.75	F#3	54	80	
524	115.172	Eb3	51	51	526	38.75	Eb3	51	80	
525	115.188	C5	72	71	524	38.75	C5	72	80	
526	115.529	A5	81	76	527	38.875	A5	81	80	
527	115.96	C#4	61	57	529	39	C#4	61	80	
528	115.973	E3	52	60	530	39	E3	52	80	
529	115.973	G#5	80	74	528	39	G#5	80	80	
530	116.346	E5	76	68	531	39.125	E5	76	80	
531	116.726	G#3	56	58	533	39.25	G#3	56	80	
532	116.734	C#5	73	69	532	39.25	C#5	73	80	
533	117.071	C5	72	63	534	39.375	C5	72	80	
534	117.477	E3	52	49	536	39.5	E3	52	80	
535	117.495	C#5	73	66	535	39.5	C#5	73	80	
536	117.836	G#4	68	65	537	39.625	G#4	68	80	
537	117.862	C#3	49	53	538	39.625	C#3	49	80	
538	118.206	C#5	73	76	539	39.75	C#5	73	80	
539	118.219	E3	52	66	540	39.75	E3	52	80	
540	118.546	G#3	56	69	542	39.875	G#3	56	80	
541	118.558	E5	76	76	541	39.875	E5	76	80	
542	118.972	C#4	61	67	544	40	C#4	61	80	
543	118.972	G#5	80	78	543	40	G#5	80	80	
544	119.327	E5	76	73	545	40.125	F5	77	80	
545	119.744	F3	53	44	548	40.25	F3	53	80	
546	119.745	G#3	56	54	547	40.25	G#3	56	80	
547	119.752	D5	74	72	546	40.25	D5	74	80	
548	120.198	B5	83	78	549	40.375	B5	83	80	
549	120.696	F#3	54	48	551	40.5	F#3	54	80	
550	120.732	A5	81	69	550	40.5	A5	81	80	
551	121.201	F#5	78	61	553	40.625	F#5	78	80	
552	121.571	G#3	56	50	554	40.75	G#3	56	80	
553	121.938	F5	77	64	555	40.875	F5	77	80	
554	122.338	F#5	78	62	556	41	F#5	78	80	
555	122.34	A3	57	46	557	41	A3	57	80	
556	122.734	D5	74	58	558	41.125	D5	74	80	
557	123.116	G#3	56	48	559	41.25	G#3	56	80	
558	123.128	E3	52	39	560	41.25	E3	52	80	
559	123.52	C#5	73	60	561	41.375	C#5	73	80	
560	123.958	C#5	73	58	562	41.5	C#5	73	80	
561	123.976	Eb3	51	38	564	41.5	Eb3	51	80	
562	123.984	F#3	54	48	563	41.5	F#3	54	80	
563	124.426	C5	72	54	565	41.625	C5	72	80	
564	124.848	G#3	56	45	566	41.75	G#3	56	80	
565	124.859	D3	50	44	567	41.75	D3	50	80	
566	125.302	F#5	78	66	568	41.875	F#5	78	80	
567	125.97	C#5	73	62	570	42	C#5	73	80	
568	125.97	F#5	78	67	569	42	F#5	78	80	
569	125.989	A3	57	42	571	42	A3	57	80	
570	125.993	C#3	49	43	572	42	C#3	49	80	
571	127.258	F5	77	56	573	42.25	F5	77	80	
572	127.26	G#3	56	37	574	42.25	G#3	56	80	
573	129.507	B2	47	35	575	42.75	B2	47	80	
574	129.788	C#3	49	49	576	42.8333	C#3	49	80	
575	130.051	D3	50	50	577	42.9167	D3	50	80	
576	130.294	C#3	49	49	578	43	C#3	49	80	
577	130.559	B2	47	45	579	43.0833	B2	47	80	
578	130.84	A2	45	46	580	43.1667	A2	45	80	
579	131.122	B2	47	43	581	43.25	B2	47	80	
580	131.4	A2	45	41	582	43.3333	A2	45	80	
581	131.675	G#2	44	50	583	43.4167	G#2	44	80	
582	132.11	F#5	78	66	584	43.5	F#5	78	80	
583	132.113	F#2	42	43	585	43.5	F#2	42	80	
584	132.949	A3	57	46	587	43.75	A3	57	80	
585	132.963	F#3	54	43	588	43.75	F#3	54	80	
586	132.964	C#5	73	69	586	43.75	C#5	73	80	
587	133.733	C#4	61	55	589	44	C#4	61	80	
588	134.525	F#4	66	49	591	44.25	F#4	66	80	
589	134.531	A4	69	51	590	44.25	A4	69	80	
590	134.915	B4	71	67	592	44.375	B4	71	80	
591	134.935	G#3	56	47	593	44.375	G#3	56	80	
592	135.3	C#5	73	68	594	44.5	C#5	73	80	
593	135.315	A3	57	46	595	44.5	A3	57	80	
594	135.556	B4	71	65	596	44.5833	B4	71	80	
595	135.802	A4	69	67	597	44.6667	A4	69	80	
596	136.035	B4	71	66	598	44.75	B4	71	80	
597	136.046	F4	65	63	599	44.75	F4	65	80	
598	136.054	C#4	61	57	600	44.75	C#4	61	80	
599	136.269	A4	69	66	601	44.8333	A4	69	80	
600	136.501	G#4	68	66	602	44.9167	G#4	68	80	
601	136.815	F#4	66	58	604	45	F#4	66	80	
602	136.817	A4	69	63	603	45	A4	69	80	
603	136.839	F#3	54	44	605	45	F#3	54	80	
604	137.215	B4	71	60	606	45.125	B4	71	80	
605	137.592	A4	69	46	607	45.25	A4	69	80	
606	137.611	C#4	61	49	608	45.25	C#4	61	80	
607	137.985	G#4	68	54	609	45.375	G#4	68	80	
608	138.375	A4	69	53	610	45.5	A4	69	80	
609	138.727	C#5	73	63	611	45.625	C#5	73	80	
610	139.111	F#5	78	64	612	45.75	F#5	78	80	
611	139.149	A3	57	23	613	45.75	A3	57	80	
612	139.472	G#5	80	64	614	45.875	G#5	80	80	
613	139.478	B3	59	50	615	45.875	B3	59	80	
614	139.828	A5	81	61	616	46	A5	81	80	
615	139.833	C#4	61	50	617	46	C#4	61	80	
616	140.079	B3	59	45	619	46.0833	B3	59	80	
617	140.079	G#5	80	60	618	46.0833	G#5	80	80	
618	140.279	F#5	78	67	620	46.1667	F#5	78	80	
619	140.298	A3	57	48	621	46.1667	A3	57	80	
620	140.496	B3	59	51	623	46.25	B3	59	80	
621	140.509	G#5	80	59	622	46.25	G#5	80	80	
622	140.715	F#5	78	61	624	46.3333	F#5	78	80	
623	140.721	A3	57	46	625	46.3333	A3	57	80	
624	140.945	F5	77	63	626	46.4167	F5	77	80	
625	140.946	G#3	56	45	627	46.4167	G#3	56	80	
626	141.229	A3	57	44	629	46.5	A3	57	80	
627	141.233	F#5	78	52	628	46.5	F#5	78	80	
628	141.63	C#5	73	65	630	46.625	C#5	73	80	
629	142.04	B3	59	47	631	46.75	B3	59	80	
630	142.041	G#3	56	41	632	46.75	G#3	56	80	
631	142.392	F5	77	58	633	46.875	F5	77	80	
632	142.798	C#4	61	41	635	47	C#4	61	80	
633	142.8	A3	57	39	636	47	A3	57	80	
634	142.802	F#5	78	58	634	47	F#5	78	80	
635	143.19	C#5	73	63	637	47.125	C#5	73	80	
636	143.577	G#3	56	51	639	47.25	G#3	56	80	
637	143.578	B3	59	54	638	47.25	B3	59	80	
638	143.947	F5	77	72	640	47.375	F5	77	80	
639	144.314	F#3	54	54	643	47.5	F#3	54	80	
640	144.322	A3	57	52	642	47.5	A3	57	80	
641	144.323	F#5	78	74	641	47.5	F#5	78	80	
642	144.689	D5	74	72	644	47.625	D5	74	80	
643	145.075	C#5	73	83	645	47.75	C#5	73	80	
644	145.08	G3	55	62	646	47.75	G3	55	80	
645	145.086	E3	52	63	647	47.75	E3	52	80	
646	145.41	Bb5	82	80	648	47.875	Bb5	82	80	
647	145.86	B5	83	84	649	48	B5	83	80	
648	145.887	F#3	54	64	650	48	F#3	54	80	
649	145.89	D3	50	56	651	48	D3	50	80	
650	146.281	F#5	78	75	652	48.125	F#5	78	80	
651	146.627	E3	52	54	653	48.25	E3	52	80	
652	146.634	C#3	49	58	654	48.25	C#3	49	80	
653	146.988	Bb5	82	76	655	48.375	Bb5	82	80	
654	147.354	F#3	54	61	657	48.5	F#3	54	80	
655	147.359	B5	83	79	656	48.5	B5	83	80	
656	147.36	D3	50	50	658	48.5	D3	50	80	
657	147.744	F#5	78	67	659	48.625	F#5	78	80	
658	148.116	C#4	61	62	660	48.75	C#4	61	80	
659	148.126	E3	52	55	661	48.75	E3	52	80	
660	148.457	Bb5	82	66	662	48.875	Bb5	82	80	
661	148.86	B5	83	62	663	49	B5	83	80	
662	148.878	F#3	54	49	664	49	F#3	54	80	
663	148.892	D3	50	47	665	49	D3	50	80	
664	149.155	A5	81	56	666	49.0833	A5	81	80	
665	149.354	G#5	80	61	667	49.1667	G#5	80	80	
666	149.614	A5	81	51	668	49.25	A5	81	80	
667	149.617	C#3	49	38	669	49.25	C#3	49	80	
668	149.844	G#5	80	60	670	49.3333	G#5	80	80	
669	150.097	F#5	78	59	671	49.4167	F#5	78	80	
670	150.425	G5	79	60	672	49.5	G5	79	80	
671	150.457	B3	59	36	673	49.5	B3	59	80	
672	150.461	B2	47	39	674	49.5	B2	47	80	
673	150.887	D5	74	46	675	49.625	D5	74	80	
674	151.273	B3	59	33	677	49.75	B3	59	80	
675	151.288	D4	62	43	676	49.75	D4	62	80	
676	151.656	F#5	78	56	678	49.875	F#5	78	80	
677	152.029	G5	79	63	679	50	G5	79	80	
678	152.041	B3	59	33	681	50	B3	59	80	
679	152.047	D4	62	31	680	50	D4	62	80	
680	152.426	D5	74	46	682	50.125	D5	74	80	
681	152.774	B3	59	36	684	50.25	B3	59	80	
682	152.786	D4	62	41	683	50.25	D4	62	80	
683	153.113	F#5	78	56	685	50.375	F#5	78	80	
684	153.473	G5	79	60	686	50.5	G5	79	80	
685	153.497	B3	59	33	688	50.5	B3	59	80	
686	153.51	D4	62	41	687	50.5	D4	62	80	
687	153.725	A5	81	60	689	50.5833	A5	81	80	
688	153.944	B5	83	71	690	50.6667	B5	83	80	
689	154.176	A5	81	64	691	50.75	A5	81	80	
690	154.184	D4	62	45	692	50.75	D4	62	80	
691	154.203	B3	59	34	693	50.75	B3	59	80	
692	154.407	G#5	80	65	694	50.8333	G#5	80	80	
693	154.621	F#5	78	71	695	50.9167	F#5	78	80	
694	154.892	F5	77	62	696	51	F5	77	80	
695	154.91	C#4	61	47	697	51	C#4	61	80	
696	154.913	B3	59	38	698	51	B3	59	80	
697	155.119	F#5	78	60	699	51.0833	F#5	78	80	
698	155.362	G#5	80	61	700	51.1667	G#5	80	80	
699	155.573	F#5	78	63	701	51.25	F#5	78	80	
700	155.791	F5	77	58	702	51.3333	F5	77	80	
701	156.014	Eb5	75	66	703	51.4167	Eb5	75	80	
702	156.238	C#5	73	66	704	51.5	C#5	73	80	
703	156.469	B4	71	66	705	51.5833	B4	71	80	
704	156.673	C#5	73	73	706	51.6667	C#5	73	80	
705	156.926	D5	74	65	707	51.75	D5	74	80	
706	156.93	F3	53	52	709	51.75	F3	53	80	
707	156.93	G#3	56	54	708	51.75	G#3	56	80	
708	157.145	C#5	73	73	710	51.8333	C#5	73	80	
709	157.366	B4	71	72	711	51.9167	B4	71	80	
710	157.616	C#4	61	57	713	52	C#4	61	80	
711	157.634	F#3	54	61	714	52	F#3	54	80	
712	157.639	A4	69	61	712	52	A4	69	80	
713	157.856	B4	71	74	715	52.0833	B4	71	80	
714	158.1	C#5	73	74	716	52.1667	C#5	73	80	
715	158.339	B4	71	66	717	52.25	B4	71	80	
716	158.353	C#3	49	59	718	52.25	C#3	49	80	
717	158.59	A4	69	70	719	52.3333	A4	69	80	
718	158.809	G#4	68	73	720	52.4167	G#4	68	80	
719	159.129	D3	50	57	722	52.5	D3	50	80	
720	159.159	F#4	66	61	721	52.5	F#4	66	80	
721	159.577	F5	77	78	723	52.625	F5	77	80	
722	159.937	C#4	61	70	724	52.75	C#4	61	80	
723	160.332	F#5	78	76	725	52.875	F#5	78	80	
724	160.712	G#4	68	67	726	53	G#4	68	80	
725	160.715	B3	59	63	727	53	B3	59	80	
726	161.117	F#5	78	68	728	53.125	F#5	78	80	
727	161.472	D3	50	49	729	53.25	D3	50	80	
728	161.806	F5	77	68	730	53.375	F5	77	80	
729	162.206	Bb4	70	64	731	53.5	Bb4	70	80	
730	162.22	C#3	49	48	732	53.5	C#3	49	80	
731	162.57	E5	76	70	733	53.625	E5	76	80	
732	162.925	Bb3	58	59	734	53.75	Bb3	58	80	
733	162.934	G3	55	46	735	53.75	G3	55	80	
734	163.283	Eb5	75	63	736	53.875	Eb5	75	80	
735	163.654	C4	60	56	738	54	C4	60	80	
736	163.665	Eb5	75	62	737	54	Eb5	75	80	
737	163.666	F#3	54	53	739	54	F#3	54	80	
738	163.91	E5	76	62	740	54.0833	E5	76	80	
739	164.134	F#5	78	75	741	54.1667	F#5	78	80	
740	164.35	E5	76	67	742	54.25	E5	76	80	
741	164.355	C#4	61	70	743	54.25	C#4	61	80	
742	164.542	Eb5	75	69	744	54.3333	Eb5	75	80	
743	164.765	C#5	73	71	745	54.4167	C#5	73	80	
744	165.012	Eb4	63	63	747	54.5	Eb4	63	80	
745	165.035	C5	72	60	746	54.5	C5	72	80	
746	165.254	C#5	73	64	748	54.5833	C#5	73	80	
747	165.458	Eb5	75	66	749	54.6667	Eb5	75	80	
748	165.685	G#3	56	57	751	54.75	G#3	56	80	
749	165.699	E3	52	49	752	54.75	E3	52	80	
750	165.712	C#5	73	65	750	54.75	C#5	73	80	
751	165.919	C5	72	64	753	54.8333	C5	72	80	
752	166.134	Bb4	70	66	754	54.9167	Bb4	70	80	
753	166.385	Bb3	58	65	756	55	Bb3	58	80	
754	166.388	G#4	68	66	755	55	G#4	68	80	
755	166.607	F#4	66	66	757	55.0833	F#4	66	80	
756	166.804	G#4	68	63	758	55.1667	G#4	68	80	
757	167.077	C4	60	58	760	55.25	C4	60	80	
758	167.083	A4	69	59	759	55.25	A4	69	80	
759	167.125	Eb3	51	30	761	55.25	Eb3	51	80	
760	167.325	G#4	68	55	762	55.3333	G#4	68	80	
761	167.53	F#4	66	59	763	55.4167	F#4	66	80	
762	167.806	F4	65	56	764	55.5	F4	65	80	
763	167.819	B3	59	50	765	55.5	B3	59	80	
764	167.827	C#3	49	44	766	55.5	C#3	49	80	
765	168.06	F#4	66	53	767	55.5833	F#4	66	80	
766	168.279	G#4	68	57	768	55.6667	G#4	68	80	
767	168.514	A3	57	47	770	55.75	A3	57	80	
768	168.522	F#4	66	59	769	55.75	F#4	66	80	
769	168.527	Eb3	51	43	771	55.75	Eb3	51	80	
770	168.764	F4	65	57	772	55.8333	F4	65	80	
771	168.984	Eb4	63	57	773	55.9167	Eb4	63	80	
772	169.264	C#4	61	63	774	56	C#4	61	80	
773	169.294	G#3	56	47	775	56	G#3	56	80	
774	169.299	F3	53	32	776	56	F3	53	80	
775	170.004	F#3	54	45	778	56.25	F#3	54	80	
776	170.014	A3	57	44	777	56.25	A3	57	80	
777	170.717	G#3	56	44	780	56.5	G#3	56	80	
778	170.725	B3	59	44	779	56.5	B3	59	80	
779	171.102	F4	65	54	781	56.625	F4	65	80	
780	171.257	G#4	68	64	782	56.6875	G#4	68	80	
781	171.44	G#2	44	48	785	56.75	G#2	44	80	
782	171.448	B4	71	67	783	56.75	B4	71	80	
783	171.451	F3	53	48	784	56.75	F3	53	80	
784	171.817	D5	74	70	786	56.875	D5	74	80	
785	172.2	F#3	54	48	788	57	F#3	54	80	
786	172.201	C#5	73	71	787	57	C#5	73	80	
787	172.211	A2	45	45	789	57	A2	45	80	
788	172.434	Eb5	75	71	790	57.0833	Eb5	75	80	
789	172.639	F5	77	75	791	57.1667	F5	77	80	
790	172.899	C#3	49	55	793	57.25	C#3	49	80	
791	172.901	F#5	78	68	792	57.25	F#5	78	80	
792	173.119	E5	76	71	794	57.3333	E5	76	80	
793	173.317	D5	74	71	795	57.4167	D5	74	80	
794	173.582	C#5	73	69	796	57.5	C#5	73	80	
795	173.609	F#3	54	56	797	57.5	F#3	54	80	
796	173.831	B4	71	69	798	57.5833	B4	71	80	
797	174.053	A4	69	61	799	57.6667	A4	69	80	
798	174.307	D5	74	56	800	57.75	D5	74	80	
799	174.314	B2	47	42	801	57.75	B2	47	80	
800	174.535	C#5	73	72	802	57.8333	C#5	73	80	
801	174.754	B4	71	74	803	57.9167	B4	71	80	
802	174.995	A4	69	70	804	58	A4	69	80	
803	175.01	C#3	49	58	805	58	C#3	49	80	
804	175.222	G#4	68	70	806	58.0833	G#4	68	80	
805	175.453	F#4	66	73	807	58.1667	F#4	66	80	
806	175.695	G#4	68	66	808	58.25	G#4	68	80	
807	175.699	F3	53	58	809	58.25	F3	53	80	
808	175.709	B2	47	54	810	58.25	B2	47	80	
809	175.929	F#4	66	71	811	58.3333	F#4	66	80	
810	176.152	F4	65	70	812	58.4167	F4	65	80	
811	176.46	Bb2	46	40	814	58.5	Bb2	46	80	
812	176.52	F#4	66	69	813	58.5	F#4	66	80	
813	176.807	E4	64	51	815	58.5833	E4	64	80	
814	177.014	D4	62	59	816	58.6667	D4	62	80	
815	177.244	C#4	61	65	817	58.75	C#4	61	80	
816	177.26	F#3	54	59	818	58.75	F#3	54	80	
817	177.468	D4	62	66	819	58.8333	D4	62	80	
818	177.686	E4	64	69	820	58.9167	E4	64	80	
819	177.937	D4	62	63	821	59	D4	62	80	
820	177.95	B2	47	48	822	59	B2	47	80	
821	178.147	C#4	61	64	823	59.0833	C#4	61	80	
822	178.363	B3	59	64	824	59.1667	B3	59	80	
823	178.6	Bb3	58	64	825	59.25	Bb3	58	80	
824	178.607	C#3	49	50	826	59.25	C#3	49	80	
825	178.807	B3	59	67	827	59.3333	B3	59	80	
826	179.074	C#4	61	68	828	59.4167	C#4	61	80	
827	179.33	B3	59	58	829	59.5	B3	59	80	
828	179.35	D3	50	55	830	59.5	D3	50	80	
829	179.697	F4	65	74	831	59.625	F4	65	80	
830	180.116	F#3	54	60	832	59.75	F#3	54	80	
831	180.119	B2	47	50	834	59.75	B2	47	80	
832	180.121	A3	57	57	833	59.75	A3	57	80	
833	180.485	F#4	66	81	835	59.875	F#4	66	80	
834	181.013	G#3	56	53	838	60	G#3	56	80	
835	181.016	F3	53	52	837	60	F3	53	80	
836	181.019	C#3	49	50	839	60	C#3	49	80	
837	181.02	D5	74	77	836	60	D5	74	80	
838	181.492	C5	72	74	840	60.125	C5	72	80	
839	181.844	A3	57	52	842	60.25	A3	57	80	
840	181.852	F#3	54	57	841	60.25	F#3	54	80	
841	182.2	C#5	73	71	843	60.375	C#5	73	80	
842	182.607	F4	65	62	844	60.5	F4	65	80	
843	182.627	B3	59	45	845	60.5	B3	59	80	
844	182.628	G#3	56	46	846	60.5	G#3	56	80	
845	182.985	B4	71	68	847	60.625	B4	71	80	
846	183.355	D3	50	43	849	60.75	D3	50	80	
847	183.355	F#3	54	53	848	60.75	F#3	54	80	
848	183.697	A4	69	58	850	60.875	A4	69	80	
849	184.056	G#4	68	62	851	61	G#4	68	80	
850	184.06	B2	47	43	852	61	B2	47	80	
851	184.29	B4	71	71	853	61.0833	B4	71	80	
852	184.518	A4	69	67	854	61.1667	A4	69	80	
853	184.734	G#4	68	67	855	61.25	G#4	68	80	
854	184.736	F3	53	53	856	61.25	F3	53	80	
855	184.759	C#3	49	59	857	61.25	C#3	49	80	
856	184.971	F#4	66	67	858	61.3333	F#4	66	80	
857	185.203	F4	65	71	859	61.4167	F4	65	80	
858	185.469	C#3	49	63	861	61.5	C#3	49	80	
859	185.469	F#4	66	74	860	61.5	F#4	66	80	
860	185.532	A2	45	25	862	61.5	A2	45	80	
861	185.717	G#4	68	73	863	61.5833	G#4	68	80	
862	185.947	A4	69	78	864	61.6667	A4	69	80	
863	186.174	G#2	44	62	867	61.75	G#2	44	80	
864	186.174	B4	71	81	865	61.75	B4	71	80	
865	186.403	C#5	73	79	868	61.8333	C#5	73	80	
866	186.631	D5	74	76	869	61.9167	D5	74	80	
867	186.914	A2	45	52	871	62	A2	45	80	
868	187.017	C#4	61	77	870	62	C#4	61	80	
869	187.274	F#3	54	60	872	62.0833	F#3	54	80	
870	187.499	E3	52	64	873	62.1667	E3	52	80	
871	187.805	F#4	66	73	874	62.25	F#4	66	80	
872	187.811	D3	50	59	876	62.25	D3	50	80	
873	187.822	G#3	56	52	875	62.25	G#3	56	80	
874	188.11	C#3	49	60	877	62.3333	C#3	49	80	
875	188.375	B2	47	56	878	62.4167	B2	47	80	
876	188.781	C#3	49	59	880	62.5	C#3	49	80	
877	188.785	A3	57	56	879	62.5	A3	57	80	
878	189.354	F#4	66	67	881	62.625	F#4	66	80	
879	189.983	C#2	37	52	883	62.75	C#2	37	80	
880	190.015	B3	59	50	882	62.75	B3	59	80	
881	190.824	F4	65	61	884	62.875	F4	65	80	
882	192.077	Bb3	58	48	886	63	Bb3	58	80	
883	192.093	F#2	42	43	887	63	F#2	42	80	
884	192.093	F#4	66	51	885	63	F#4	66	80	
*	-1	*	-1	-1	0	0	F#5	78	80	
*	-1	*	-1	-1	1	0	F#3	54	80	
*	-1	*	-1	-1	2	0.25	C#5	73	80	
*	-1	*	-1	-1	3	0.25	A3	57	80	
*	-1	*	-1	-1	195	13.5	C#3	49	80	
*	-1	*	-1	-1	307	22.125	D3	50	80	
*	-1	*	-1	-1	410	30	A3	57	80	
*	-1	*	-1	-1	450	33	B3	59	80	
*	-1	*	-1	-1	490	36	C#4	61	80	
*	-1	*	-1	-1	552	40.5	F#3	54	80	
*	-1	*	-1	-1	866	61.75	F3	53	80	
