// alignID alignOntime alignSitch alignPitch alignOnvel refID refOntime refSitch refPitch refOnvel
0	3.91133	E4	64	101	0	0.5	E4	64	80	
1	3.97009	Eb4	63	26	*	-1	*	-1	-1	
2	4.80342	C4	60	100	1	1	C4	60	80	
3	5.72223	F4	65	102	2	1.5	F4	65	80	
4	6.66026	G#3	56	98	3	2	G#3	56	80	
5	8.68591	D4	62	89	4	3.25	D4	62	80	
6	9.12715	B3	59	83	5	3.5	B3	59	80	
7	9.56625	E4	64	86	6	3.75	E4	64	80	
8	9.95514	C4	60	89	7	4	C4	60	80	
9	10.3515	A3	57	89	8	4.25	A3	57	80	
10	10.7457	A4	69	97	9	4.5	A4	69	80	
11	10.7671	F#3	54	79	10	4.5	F#3	54	80	
12	11.1848	Eb4	63	95	11	4.75	Eb4	63	80	
13	11.5962	G4	67	96	12	5	G4	67	80	
14	11.6122	E3	52	79	13	5	E3	52	80	
15	12.0299	E4	64	82	14	5.25	E4	64	80	
16	12.1304	D4	62	80	15	5.3125	D4	62	80	
17	12.2201	C4	60	86	16	5.375	C4	60	80	
18	12.312	B3	59	71	17	5.4375	B3	59	80	
19	12.4348	A3	57	89	19	5.5	A3	57	80	
20	12.4348	C5	72	100	18	5.5	C5	72	80	
21	12.8782	C4	60	84	20	5.75	C4	60	80	
22	12.969	B3	59	85	21	5.8125	B3	59	80	
23	13.0748	A3	57	84	22	5.875	A3	57	80	
24	13.1517	G3	55	77	23	5.9375	G3	55	80	
25	13.2863	F#3	54	72	25	6	F#3	54	80	
26	13.297	Eb4	63	100	24	6	Eb4	63	80	
27	13.4252	G3	55	77	26	6.0625	G3	55	80	
28	13.5214	A3	57	83	27	6.125	A3	57	80	
29	13.8793	G3	55	72	28	6.3125	G3	55	80	
30	13.984	F#3	54	84	29	6.375	F#3	54	80	
31	14.0663	E3	52	75	30	6.4375	E3	52	80	
32	14.1624	Eb3	51	81	31	6.5	Eb3	51	80	
33	14.3034	F3	53	63	*	-1	*	-1	-1	
34	14.3098	E3	52	60	32	6.5625	E3	52	80	
35	14.4348	F#3	54	86	33	6.625	F#3	54	80	
36	14.766	E3	52	72	34	6.8125	E3	52	80	
37	14.8697	Eb3	51	81	35	6.875	Eb3	51	80	
38	14.9722	C#3	49	74	36	6.9375	C#3	49	80	
39	15.0844	B2	47	85	37	7	B2	47	80	
40	15.5011	A4	69	97	38	7.25	A4	69	80	
41	15.7062	C#3	49	70	39	7.375	C#3	49	80	
42	15.8163	Eb3	51	79	40	7.4375	Eb3	51	80	
43	15.938	E3	52	74	43	7.56146	E3	52	80	
44	15.938	F#4	66	92	41	7.5	F#4	66	80	
45	16.0235	Eb3	51	74	44	7.62396	Eb3	51	80	
46	16.1368	E3	52	72	45	7.6875	E3	52	80	
47	16.219	Eb3	51	74	46	7.74896	Eb3	51	80	
48	16.3344	B4	71	89	47	7.75	B4	71	80	
49	16.344	E3	52	75	48	7.81146	E3	52	80	
50	16.4616	Eb3	51	80	*	-1	*	-1	-1	
51	16.5395	C#3	49	75	49	7.875	C#3	49	80	
52	16.6336	Eb3	51	75	50	7.9375	Eb3	51	80	
53	16.7586	G4	67	88	51	8	G4	67	80	
54	16.7682	E3	52	73	52	8	E3	52	80	
55	17.1891	E4	64	92	53	8.25	E4	64	80	
56	17.3066	E3	52	78	54	8.3125	E3	52	80	
57	17.3932	F3	53	80	55	8.375	F3	53	80	
58	17.5043	G3	55	79	56	8.4375	G3	55	80	
59	17.5962	C#4	61	98	57	8.5	C#4	61	80	
60	17.6133	A3	57	84	58	8.5	A3	57	80	
61	18.0342	A4	69	91	59	8.75	A4	69	80	
62	18.1357	G3	55	77	60	8.8125	G3	55	80	
63	18.2212	F3	53	76	61	8.875	F3	53	80	
64	18.3312	E3	52	79	62	8.9375	E3	52	80	
65	18.4455	F4	65	89	63	9	F4	65	80	
66	18.4541	D3	50	73	64	9	D3	50	80	
67	18.8472	D4	62	89	65	9.25	D4	62	80	
68	18.953	D3	50	78	66	9.3125	D3	50	80	
69	19.0524	E3	52	84	67	9.375	E3	52	80	
70	19.14	F3	53	81	68	9.4375	F3	53	80	
71	19.2522	G3	55	93	70	9.5	G3	55	80	
72	19.2522	B3	59	89	69	9.5	B3	59	80	
73	19.6795	G4	67	94	71	9.75	G4	67	80	
74	19.7917	F3	53	89	72	9.8125	F3	53	80	
75	19.8772	E3	52	81	73	9.875	E3	52	80	
76	19.9893	D3	50	84	74	9.9375	D3	50	80	
77	20.0908	C3	48	83	76	10	C3	48	80	
78	20.1101	E4	64	95	75	10	E4	64	80	
79	20.5011	A4	69	100	77	10.25	A4	69	80	
80	20.7372	D3	50	93	78	10.375	D3	50	80	
81	20.9594	E5	76	101	79	10.5	E5	76	80	
82	20.9658	E3	52	85	80	10.5	E3	52	80	
83	21.1624	F3	53	82	81	10.625	F3	53	80	
84	21.25	E3	52	78	82	10.6875	E3	52	80	
85	21.3451	G#4	68	94	83	10.75	G#4	68	80	
86	21.3558	D3	50	79	84	10.75	D3	50	80	
87	21.5342	E3	52	81	85	10.875	E3	52	80	
88	21.7885	C5	72	105	86	11	C5	72	80	
89	21.7928	F3	53	83	88	11	F3	53	80	
90	21.796	A3	57	80	87	11	A3	57	80	
91	22.1998	A4	69	86	89	11.25	A4	69	80	
92	22.3077	G4	67	84	90	11.3125	G4	67	80	
93	22.3707	F4	65	79	91	11.375	F4	65	80	
94	22.4658	E4	64	81	92	11.4375	E4	64	80	
95	22.5962	F5	77	104	93	11.5	F5	77	80	
96	22.6069	D4	62	87	94	11.5	D4	62	80	
97	23.0321	F4	65	89	95	11.75	F4	65	80	
98	23.1314	E4	64	82	96	11.8125	E4	64	80	
99	23.2201	D4	62	83	97	11.875	D4	62	80	
100	23.3173	C4	60	79	98	11.9375	C4	60	80	
101	23.4199	G#4	68	98	99	12	G#4	68	80	
102	23.4284	B3	59	91	100	12	B3	59	80	
103	23.5502	C4	60	88	101	12.0625	C4	60	80	
104	23.6517	D4	62	82	102	12.125	D4	62	80	
105	23.8686	F3	53	97	103	12.25	F3	53	80	
106	23.9957	C4	60	67	104	12.3125	C4	60	80	
107	24.0823	A3	57	63	105	12.375	B3	59	80	
108	24.1272	B3	59	12	106	12.4375	A3	57	80	
109	24.2821	G#3	56	59	107	12.5	G#3	56	80	
110	24.2853	B2	47	93	108	12.5	B2	47	80	
111	24.296	G3	55	78	*	-1	*	-1	-1	
112	24.39	A3	57	80	109	12.5625	A3	57	80	
113	24.5043	B3	59	86	110	12.625	B3	59	80	
114	24.7308	D3	50	99	111	12.75	D3	50	80	
115	24.8804	A3	57	83	112	12.8125	A3	57	80	
116	24.9669	G#3	56	86	113	12.875	G#3	56	80	
117	25.0588	F#3	54	79	114	12.9375	F#3	54	80	
118	25.171	G#2	44	93	116	13	G#2	44	80	
119	25.1742	E3	52	84	115	13	E3	52	80	
120	25.2233	D3	50	31	*	-1	*	-1	-1	
121	25.5759	D5	74	93	117	13.25	D5	74	80	
122	25.5887	B2	47	77	118	13.25	B2	47	80	
123	25.7863	F#3	54	83	119	13.375	F#3	54	80	
124	25.9017	G#3	56	71	120	13.4375	G#3	56	80	
125	25.9626	E3	52	61	123	13.5	E3	52	80	
126	26.0022	B4	71	81	121	13.5	B4	71	80	
127	26.031	A3	57	69	124	13.5615	A3	57	80	
128	26.1175	G#3	56	78	125	13.624	G#3	56	80	
129	26.2276	A3	57	77	126	13.6875	A3	57	80	
130	26.2992	G#3	56	75	127	13.749	G#3	56	80	
131	26.4007	E5	76	93	128	13.75	E5	76	80	
132	26.406	A3	57	80	129	13.8115	A3	57	80	
133	26.4893	G#3	56	81	*	-1	*	-1	-1	
134	26.5823	F#3	54	81	130	13.875	F#3	54	80	
135	26.6614	G#3	56	74	131	13.9375	G#3	56	80	
136	26.8013	A3	57	63	133	14	A3	57	80	
137	26.8141	C5	72	92	132	14	C5	72	80	
138	26.8163	A2	45	69	134	14	A2	45	80	
139	27.2158	A4	69	85	135	14.25	A4	69	80	
140	27.3163	A3	57	77	136	14.3125	A3	57	80	
141	27.4092	B3	59	82	137	14.375	B3	59	80	
142	27.5043	C4	60	82	138	14.4375	C4	60	80	
143	27.6175	F#4	66	88	139	14.5	F#4	66	80	
144	27.6378	D4	62	89	140	14.5	D4	62	80	
145	28.0331	D5	74	74	141	14.75	D5	74	80	
146	28.0438	F#3	54	65	142	14.75	F#3	54	80	
147	28.1411	C4	60	75	143	14.8125	C4	60	80	
148	28.2361	B3	59	66	144	14.875	B3	59	80	
149	28.3537	A3	57	60	145	14.9375	A3	57	80	
150	28.468	B4	71	76	146	15	B4	71	80	
151	28.4701	G3	55	59	147	15	G3	55	80	
152	28.8718	G4	67	81	149	15.25	G4	67	80	
153	28.9573	G3	55	56	150	15.3125	G3	55	80	
154	29.0364	A3	57	76	151	15.375	A3	57	80	
155	29.1464	B3	59	79	152	15.4375	B3	59	80	
156	29.2639	C4	60	76	154	15.5	C4	60	80	
157	29.2853	E4	64	87	153	15.5	E4	64	80	
158	29.6688	E3	52	56	156	15.75	E3	52	80	
159	29.6731	C5	72	75	155	15.75	C5	72	80	
160	29.7607	Bb3	58	65	157	15.8125	Bb3	58	80	
161	29.8814	A3	57	64	158	15.875	A3	57	80	
162	29.9904	G3	55	55	159	15.9375	G3	55	80	
163	30.0844	A4	69	68	160	16	A4	69	80	
164	30.1079	F3	53	53	161	16	F3	53	80	
165	30.3152	F4	65	75	163	16.125	F4	65	80	
166	30.5214	B4	71	87	164	16.25	B4	71	80	
167	30.5331	G3	55	61	165	16.25	G3	55	80	
168	30.6987	F4	65	77	166	16.375	F4	65	80	
169	30.9252	C5	72	92	167	16.5	C5	72	80	
170	30.9434	A3	57	74	168	16.5	A3	57	80	
171	31.0428	E4	64	77	169	16.5625	E4	64	80	
172	31.1368	F4	65	86	170	16.625	F4	65	80	
173	31.2329	G4	67	87	171	16.6875	G4	67	80	
174	31.3387	A4	69	84	172	16.75	A4	69	80	
175	31.344	G3	55	81	173	16.75	G3	55	80	
176	31.4359	G4	67	87	174	16.8125	G4	67	80	
177	31.5235	F4	65	88	175	16.875	F4	65	80	
178	31.6293	E4	64	87	176	16.9375	E4	64	80	
179	31.7351	D4	62	92	177	17	D4	62	80	
180	31.7372	F3	53	81	178	17	F3	53	80	
181	31.8163	C5	72	92	179	17.0625	C5	72	80	
182	31.9231	D5	74	90	180	17.125	D5	74	80	
183	32.0289	E5	76	90	181	17.1875	E5	76	80	
184	32.1261	D3	50	83	183	17.25	D3	50	80	
185	32.1453	F5	77	101	182	17.25	F5	77	80	
186	32.2629	E5	76	89	184	17.3125	E5	76	80	
187	32.3462	D5	74	86	185	17.375	D5	74	80	
188	32.4359	C5	72	91	186	17.4375	C5	72	80	
189	32.547	G3	55	94	188	17.5	G3	55	80	
190	32.5577	B4	71	99	187	17.5	B4	71	80	
191	32.6667	D4	62	86	189	17.5625	D4	62	80	
192	32.7714	E4	64	81	190	17.625	E4	64	80	
193	32.8505	F4	65	82	191	17.6875	F4	65	80	
194	32.9573	F3	53	98	193	17.75	F3	53	80	
195	32.9701	G4	67	84	192	17.75	G4	67	80	
196	33.0727	F4	65	88	194	17.8125	F4	65	80	
197	33.1475	E4	64	86	195	17.875	E4	64	80	
198	33.2511	D4	62	84	196	17.9375	D4	62	80	
199	33.3772	E3	52	100	198	18	E3	52	80	
200	33.3793	C4	60	96	197	18	C4	60	80	
201	33.8035	C6	84	89	199	18.25	C6	84	80	
202	33.8173	G3	55	85	200	18.25	G3	55	80	
203	33.9242	B5	83	89	201	18.3125	B5	83	80	
204	34.0203	A5	81	87	202	18.375	A5	81	80	
205	34.1186	G5	79	89	203	18.4375	G5	79	80	
206	34.2351	C4	60	97	205	18.5	C4	60	80	
207	34.2351	F5	77	105	204	18.5	F5	77	80	
208	34.2426	A3	57	94	206	18.5	A3	57	80	
209	34.2896	G3	55	46	*	-1	*	-1	-1	
210	34.6453	F4	65	96	208	18.75	F4	65	80	
211	34.656	A5	81	89	207	18.75	A5	81	80	
212	34.7735	G5	79	88	209	18.8125	G5	79	80	
213	34.8761	F5	77	97	210	18.875	F5	77	80	
214	34.9797	E5	76	92	211	18.9375	E5	76	80	
215	35.0684	B2	47	97	213	19	B2	47	80	
216	35.0898	D5	74	94	212	19	D5	74	80	
217	35.1902	E5	76	92	214	19.0625	E5	76	80	
218	35.3056	F5	77	98	215	19.125	F5	77	80	
219	35.5225	A4	69	90	216	19.25	A4	69	80	
220	35.6282	E5	76	82	217	19.3125	E5	76	80	
221	35.7062	D5	74	89	218	19.375	D5	74	80	
222	35.8024	C5	72	85	219	19.4375	C5	72	80	
223	35.9114	D4	62	80	221	19.5	D4	62	80	
224	35.9199	B4	71	85	220	19.5	B4	71	80	
225	36.0139	C5	72	85	222	19.5625	C5	72	80	
226	36.1154	D5	74	79	223	19.625	D5	74	80	
227	36.3366	F4	65	68	224	19.75	F4	65	80	
228	36.4349	C5	72	69	225	19.8125	C5	72	80	
229	36.5278	B4	71	70	226	19.875	B4	71	80	
230	36.6304	A4	69	68	227	19.9375	A4	69	80	
231	36.7447	B3	59	56	229	20	B3	59	80	
232	36.7586	G4	67	66	228	20	G4	67	80	
233	37.1913	F3	53	56	231	20.25	F3	53	80	
234	37.1934	D4	62	54	230	20.25	D4	62	80	
235	37.3804	A4	69	70	232	20.375	A4	69	80	
236	37.4669	B4	71	79	233	20.4375	B4	71	80	
237	37.5802	C5	72	88	*	-1	*	-1	-1	
238	37.5855	F4	65	77	235	20.5	F4	65	80	
239	37.5973	D3	50	66	236	20.5	D3	50	80	
240	37.6913	B4	71	85	234	20.5	B4	71	80	
241	37.7938	C5	72	84	237	20.5615	C5	72	80	
242	37.9039	B4	71	83	238	20.624	B4	71	80	
243	37.9808	G3	55	74	242	20.75	G3	55	80	
244	38.0086	C5	72	81	239	20.6875	C5	72	80	
245	38.1015	B4	71	81	240	20.749	B4	71	80	
246	38.1902	A4	69	81	244	20.875	A4	69	80	
247	38.3003	B4	71	81	245	20.9375	B4	71	80	
248	38.4114	E3	52	63	248	21	E3	52	80	
249	38.4114	G4	67	78	247	21	G4	67	80	
250	38.4146	C5	72	76	246	21	C5	72	80	
251	38.8205	C4	60	75	249	21.25	C4	60	80	
252	39.0267	E3	52	57	250	21.375	E3	52	80	
253	39.1336	F#3	54	74	251	21.4375	F#3	54	80	
254	39.2319	A3	57	80	252	21.5	A3	57	80	
255	39.2479	G3	55	74	254	21.5615	G3	55	80	
256	39.3494	F#3	54	67	255	21.624	F#3	54	80	
257	39.4434	G3	55	77	256	21.6875	G3	55	80	
258	39.5652	F#3	54	70	*	-1	*	-1	-1	
259	39.6272	D4	62	82	258	21.75	D4	62	80	
260	39.6517	G3	55	78	259	21.8115	G3	55	80	
261	39.7436	F#3	54	84	257	21.749	F#3	54	80	
262	39.8441	E3	52	75	260	21.875	E3	52	80	
263	39.9637	F#3	54	74	261	21.9375	F#3	54	80	
264	40.0641	G3	55	81	263	22	G3	55	80	
265	40.0706	B3	59	85	262	22	B3	59	80	
266	40.4626	G4	67	93	264	22.25	G4	67	80	
267	40.4733	E3	52	86	265	22.25	E3	52	80	
268	40.6656	B3	59	88	266	22.375	B3	59	80	
269	40.7586	C#4	61	81	267	22.4375	C#4	61	80	
270	40.875	A3	57	75	270	22.5	A3	57	80	
271	40.8847	D4	62	82	*	-1	*	-1	-1	
272	40.8868	E4	64	94	268	22.5	E4	64	80	
273	41.0022	C#4	61	83	269	22.5	C#4	61	80	
274	41.1058	D4	62	79	271	22.5615	D4	62	80	
275	41.1923	C#4	61	73	272	22.624	C#4	61	80	
276	41.2928	D4	62	79	273	22.6875	D4	62	80	
277	41.3024	A4	69	92	275	22.75	A4	69	80	
278	41.3312	G#4	68	42	274	22.749	C#4	61	80	
279	41.3975	C#4	61	79	276	22.8115	D4	62	80	
280	41.4883	B3	59	83	277	22.875	B3	59	80	
281	41.5738	C#4	61	75	278	22.9375	C#4	61	80	
282	41.7073	D4	62	83	280	23	D4	62	80	
283	41.7105	F#4	66	98	279	23	F#4	66	80	
284	42.124	D3	50	95	281	23.25	D3	50	80	
285	42.328	F#4	66	87	282	23.375	F#4	66	80	
286	42.4199	G#4	68	91	283	23.4375	G#4	68	80	
287	42.5267	A4	69	96	286	23.5615	A4	69	80	
288	42.531	B2	47	85	285	23.5	B2	47	80	
289	42.6368	G#4	68	87	287	23.624	G#4	68	80	
290	42.7383	A4	69	90	288	23.6875	A4	69	80	
291	42.8312	G#4	68	85	289	23.749	G#4	68	80	
292	42.9413	A4	69	88	291	23.8115	A4	69	80	
293	42.9573	E3	52	91	290	23.75	E3	52	80	
294	43.0353	G#4	68	86	*	-1	*	-1	-1	
295	43.1603	F#4	66	81	292	23.875	F#4	66	80	
296	43.2522	G#4	68	75	293	23.9375	G#4	68	80	
297	43.3633	C3	48	79	295	24	C3	48	80	
298	43.3686	A4	69	79	294	24	A4	69	80	
299	43.5738	B4	71	86	296	24.125	B4	71	80	
300	43.6785	C5	72	84	297	24.1875	C5	72	80	
301	43.7329	A2	45	82	299	24.25	A2	45	80	
302	43.7597	D5	74	90	298	24.25	D5	74	80	
303	43.8494	E5	76	93	300	24.3125	E5	76	80	
304	43.9562	F#5	78	87	301	24.375	F#5	78	80	
305	44.0438	G#5	80	84	302	24.4375	G#5	80	80	
306	44.1603	F#2	42	85	304	24.5	F#2	42	80	
307	44.1614	A5	81	104	303	24.5	A5	81	80	
308	44.3857	C5	72	75	305	24.625	C5	72	80	
309	44.5919	B4	71	76	306	24.75	B4	71	80	
310	44.5951	Eb3	51	81	307	24.75	Eb3	51	80	
311	44.7874	F#5	78	91	308	24.875	F#5	78	80	
312	44.9979	E2	40	83	310	25	E2	40	80	
313	45.0097	G5	79	98	309	25	G5	79	80	
314	45.249	B4	71	80	311	25.125	B4	71	80	
315	45.4285	E5	76	89	312	25.25	E5	76	80	
316	45.53	D5	74	92	313	25.3125	D5	74	80	
317	45.6443	C5	72	90	314	25.375	C5	72	80	
318	45.7404	B4	71	84	315	25.4375	B4	71	80	
319	45.8718	A4	69	88	317	25.5	A4	69	80	
320	45.8825	C6	84	107	316	25.5	C6	84	80	
321	46.2938	C5	72	90	318	25.75	C5	72	80	
322	46.406	B4	71	85	319	25.8125	B4	71	80	
323	46.5107	A4	69	90	320	25.875	A4	69	80	
324	46.6112	G4	67	78	321	25.9375	G4	67	80	
325	46.6913	F#4	66	93	323	26	F#4	66	80	
326	46.703	Eb5	75	91	322	26	Eb5	75	80	
327	46.8099	G4	67	93	324	26.0625	G4	67	80	
328	46.921	A4	69	84	325	26.125	A4	69	80	
329	47.1208	C4	60	97	326	26.25	C4	60	80	
330	47.2159	G4	67	84	327	26.3125	G4	67	80	
331	47.3163	F#4	66	81	328	26.375	F#4	66	80	
332	47.4178	E4	64	80	329	26.4375	E4	64	80	
333	47.5171	F#3	54	95	331	26.5	F#3	54	80	
334	47.5225	Eb4	63	86	330	26.5	Eb4	63	80	
335	47.6272	E4	64	92	332	26.5625	E4	64	80	
336	47.7415	F#4	66	87	333	26.625	F#4	66	80	
337	47.9573	A3	57	94	334	26.75	A3	57	80	
338	48.0492	E4	64	82	335	26.8125	E4	64	80	
339	48.1475	Eb4	63	84	336	26.875	Eb4	63	80	
340	48.2458	G#3	56	11	*	-1	*	-1	-1	
341	48.2639	C#4	61	82	337	26.9375	C#4	61	80	
342	48.3633	Eb3	51	87	339	27	Eb3	51	80	
343	48.3633	B3	59	89	338	27	B3	59	80	
344	48.7703	A5	81	93	340	27.25	A5	81	80	
345	48.7768	F#3	54	82	341	27.25	F#3	54	80	
346	48.983	C#4	61	78	342	27.375	C#4	61	80	
347	49.0844	Eb4	63	75	343	27.4375	Eb4	63	80	
348	49.1624	B3	59	58	346	27.5	B3	59	80	
349	49.1913	F#5	78	86	344	27.5	F#5	78	80	
350	49.2159	E4	64	76	347	27.5615	E4	64	80	
351	49.3013	Eb4	63	79	348	27.624	Eb4	63	80	
352	49.405	E4	64	75	349	27.6875	E4	64	80	
353	49.4776	Eb4	63	70	350	27.749	Eb4	63	80	
354	49.5812	E4	64	76	352	27.8115	E4	64	80	
355	49.5844	B5	83	86	351	27.75	B5	83	80	
356	49.6646	Eb4	63	81	*	-1	*	-1	-1	
357	49.765	C#4	61	80	353	27.875	C#4	61	80	
358	49.8398	Eb4	63	75	354	27.9375	Eb4	63	80	
359	49.9979	G5	79	89	355	28	G5	79	80	
360	49.999	E4	64	60	356	28	E4	64	80	
361	50.0203	E3	52	80	357	28	E3	52	80	
362	50.2447	F#3	54	44	*	-1	*	-1	-1	
363	50.3964	E5	76	73	358	28.25	E5	76	80	
364	50.5075	E2	40	77	359	28.3125	E2	40	80	
365	50.6133	F2	41	89	360	28.375	F2	41	80	
366	50.6977	G2	43	86	361	28.4375	G2	43	80	
367	50.8206	A2	45	95	363	28.5	A2	45	80	
368	50.8312	C#5	73	91	362	28.5	C#5	73	80	
369	51.2543	A5	81	87	364	28.75	A5	81	80	
370	51.3345	G2	43	83	365	28.8125	G2	43	80	
371	51.4156	F2	41	80	366	28.875	F2	41	80	
372	51.5171	E2	40	74	367	28.9375	E2	40	80	
373	51.6507	D2	38	66	369	29	D2	38	80	
374	51.6592	F5	77	95	368	29	F5	77	80	
375	52.0791	D4	62	75	370	29.25	D4	62	80	
376	52.1806	D5	74	82	371	29.3125	D5	74	80	
377	52.2533	E5	76	88	372	29.375	E5	76	80	
378	52.3548	F5	77	90	373	29.4375	F5	77	80	
379	52.4851	G5	79	95	374	29.5	G5	79	80	
380	52.5	B3	59	57	375	29.5	B3	59	80	
381	52.9071	G4	67	73	376	29.75	G4	67	80	
382	53.0033	F5	77	71	377	29.8125	F5	77	80	
383	53.0983	E5	76	71	378	29.875	E5	76	80	
384	53.1892	D5	74	72	379	29.9375	D5	74	80	
385	53.3152	E4	64	57	381	30	E4	64	80	
386	53.3312	C5	72	77	380	30	C5	72	80	
387	53.7351	A3	57	73	382	30.25	A3	57	80	
388	53.8409	E5	76	73	383	30.3125	E5	76	80	
389	53.9573	F5	77	76	384	30.375	F5	77	80	
390	54.0599	G5	79	63	385	30.4375	G5	79	80	
391	54.1379	A5	81	68	386	30.5	A5	81	80	
392	54.1518	F3	53	65	387	30.5	F3	53	80	
393	54.2394	Bb5	82	73	388	30.5625	Bb5	82	80	
394	54.3302	A5	81	69	389	30.625	A5	81	80	
395	54.4242	G5	79	78	390	30.6875	G5	79	80	
396	54.5385	F5	77	82	391	30.75	F5	77	80	
397	54.5567	D4	62	78	392	30.75	D4	62	80	
398	54.6251	E5	76	85	393	30.8125	E5	76	80	
399	54.7255	D5	74	84	394	30.875	D5	74	80	
400	54.8302	C5	72	80	395	30.9375	C5	72	80	
401	54.9424	B4	71	82	396	31	B4	71	80	
402	54.9466	G#3	56	83	397	31	G#3	56	80	
403	55.0374	C5	72	87	398	31.0625	C5	72	80	
404	55.1336	B4	71	86	399	31.125	B4	71	80	
405	55.234	A4	69	83	400	31.1875	A4	69	80	
406	55.3291	G#4	68	84	401	31.25	G#4	68	80	
407	55.3302	E3	52	82	402	31.25	E3	52	80	
408	55.4327	F#4	66	85	403	31.3125	F#4	66	80	
409	55.5182	E4	64	84	404	31.375	E4	64	80	
410	55.6197	D4	62	83	405	31.4375	D4	62	80	
411	55.7244	C4	60	86	406	31.5	C4	60	80	
412	55.7276	A3	57	81	407	31.5	A3	57	80	
413	55.843	E4	64	74	408	31.5625	E4	64	80	
414	55.9231	F4	65	84	409	31.625	F4	65	80	
415	56.0139	G4	67	89	410	31.6875	G4	67	80	
416	56.1261	A4	69	94	412	31.75	A4	69	80	
417	56.1368	C5	72	93	411	31.75	C5	72	80	
418	56.2447	G4	67	87	413	31.8125	G4	67	80	
419	56.3334	F4	65	88	414	31.875	F4	65	80	
420	56.436	E4	64	84	415	31.9375	E4	64	80	
421	56.5396	B4	71	102	416	32	B4	71	80	
422	56.5716	D4	62	83	417	32	D4	62	80	
423	56.6678	A3	57	77	418	32.0625	A3	57	80	
424	56.7586	B3	59	85	419	32.125	B3	59	80	
425	56.8494	C4	60	80	420	32.1875	C4	60	80	
426	56.9563	D4	62	81	422	32.25	D4	62	80	
427	56.9563	F4	65	96	421	32.25	F4	65	80	
428	57.0246	C4	60	71	423	32.3125	C4	60	80	
429	57.1411	B3	59	80	424	32.375	B3	59	80	
430	57.2319	A3	57	85	425	32.4375	A3	57	80	
431	57.3494	B3	59	94	426	32.5	B3	59	80	
432	57.3558	G#3	56	85	427	32.5	G#3	56	80	
433	57.4477	A3	57	80	428	32.5625	A3	57	80	
434	57.5321	G#3	56	73	429	32.625	G#3	56	80	
435	57.6272	F#3	54	78	430	32.6875	F#3	54	80	
436	57.7543	E3	52	81	432	32.75	E3	52	80	
437	57.7543	D4	62	97	431	32.75	D4	62	80	
438	57.8665	D3	50	76	433	32.8125	D3	50	80	
439	57.9445	C3	48	81	434	32.875	C3	48	80	
440	58.0011	B2	47	69	435	32.9375	B2	47	80	
441	58.1507	A2	45	84	437	33	A2	45	80	
442	58.1731	C4	60	106	436	33	C4	60	80	
443	58.4124	E4	64	79	438	33.125	E4	64	80	
444	58.5887	A4	69	92	439	33.25	A4	69	80	
445	58.6112	A3	57	83	440	33.25	A3	57	80	
446	58.7127	G3	55	81	441	33.3125	G3	55	80	
447	58.7928	F3	53	82	442	33.375	F3	53	80	
448	58.8793	E3	52	69	443	33.4375	E3	52	80	
449	58.9883	D3	50	89	445	33.5	D3	50	80	
450	58.9915	F4	65	99	444	33.5	F4	65	80	
451	59.2105	A3	57	73	446	33.625	A3	57	80	
452	59.4103	D4	62	86	447	33.75	D4	62	80	
453	59.4263	F3	53	91	448	33.75	F3	53	80	
454	59.5193	E3	52	82	449	33.8125	E3	52	80	
455	59.609	D3	50	74	450	33.875	D3	50	80	
456	59.7052	C3	48	65	451	33.9375	C3	48	80	
457	59.8077	G#3	56	99	452	34	G#3	56	80	
458	59.8195	B2	47	79	453	34	B2	47	80	
459	59.9349	C3	48	74	454	34.0625	C3	48	80	
460	60.0321	D3	50	79	455	34.125	D3	50	80	
461	60.0674	Eb3	51	29	*	-1	*	-1	-1	
462	60.2672	F5	77	102	456	34.25	F5	77	80	
463	60.3483	C3	48	71	457	34.3125	C3	48	80	
464	60.4573	B2	47	67	458	34.375	B2	47	80	
465	60.4958	A2	45	63	459	34.4375	A2	45	80	
466	60.6122	G#2	44	83	461	34.5	G#2	44	80	
467	60.64	B4	71	82	460	34.5	B4	71	80	
468	60.7159	A2	45	81	462	34.5625	A2	45	80	
469	60.8473	B2	47	86	463	34.625	B2	47	80	
470	61.061	D5	74	95	464	34.75	D5	74	80	
471	61.1849	A2	45	76	465	34.8125	A2	45	80	
472	61.2693	G#2	44	74	466	34.875	G#2	44	80	
473	61.3473	F#2	42	66	467	34.9375	F#2	42	80	
474	61.4755	G#4	68	91	468	35	G#4	68	80	
475	61.4776	E2	40	69	469	35	E2	40	80	
476	61.905	D4	62	73	470	35.25	D4	62	80	
477	62.0407	F#2	42	70	471	35.375	F#2	42	80	
478	62.1592	G#2	44	66	472	35.4375	G#2	44	80	
479	62.2639	B4	71	90	473	35.5	B4	71	80	
480	62.2746	B3	59	77	474	35.5	B3	59	80	
481	62.2864	A2	45	63	476	35.5615	A2	45	80	
482	62.3719	G#2	44	61	477	35.624	G#2	44	80	
483	62.499	A2	45	56	478	35.6875	A2	45	80	
484	62.5845	G#2	44	61	479	35.749	G#2	44	80	
485	62.6528	E4	64	69	480	35.75	E4	64	80	
486	62.6988	A2	45	58	481	35.8115	A2	45	80	
487	62.7981	G#2	44	60	*	-1	*	-1	-1	
488	62.8836	F#2	42	66	482	35.875	F#2	42	80	
489	62.9744	G#2	44	63	483	35.9375	G#2	44	80	
490	63.1016	C4	60	73	484	36	C4	60	80	
491	63.1101	A2	45	55	485	36	A2	45	80	
492	63.5481	E5	76	74	486	36.25	E5	76	80	
493	63.6261	D5	74	72	487	36.3125	D5	74	80	
494	63.6924	B2	47	54	489	36.375	B2	47	80	
495	63.7116	C5	72	84	488	36.375	C5	72	80	
496	63.8131	B4	71	77	490	36.4375	B4	71	80	
497	63.8174	C3	48	64	491	36.4375	C3	48	80	
498	63.937	D3	50	67	494	36.5615	D3	50	80	
499	63.937	A4	69	85	492	36.5	A4	69	80	
500	64.0471	C#3	49	61	495	36.624	C#3	49	80	
501	64.1443	C#5	73	75	496	36.625	C#5	73	80	
502	64.187	D3	50	62	498	36.6875	D3	50	80	
503	64.2426	E5	76	80	497	36.6875	E5	76	80	
504	64.2736	C#3	49	59	499	36.749	C#3	49	80	
505	64.3622	G5	79	82	500	36.75	G5	79	80	
506	64.3975	D3	50	63	501	36.8115	D3	50	80	
507	64.4766	C#3	49	59	*	-1	*	-1	-1	
508	64.5684	B2	47	64	502	36.875	B2	47	80	
509	64.6614	C#3	49	63	503	36.9375	C#3	49	80	
510	64.796	F5	77	74	504	37	F5	77	80	
511	64.8003	D3	50	46	505	37	D3	50	80	
512	65.1795	A4	69	73	506	37.25	A4	69	80	
513	65.2789	G4	67	81	507	37.3125	G4	67	80	
514	65.3484	E3	52	60	509	37.375	E3	52	80	
515	65.3569	F4	65	84	508	37.375	F4	65	80	
516	65.4498	E4	64	80	510	37.4375	E4	64	80	
517	65.4648	F3	53	69	511	37.4375	F3	53	80	
518	65.5535	D4	62	75	512	37.5	D4	62	80	
519	65.5759	G3	55	66	514	37.5615	G3	55	80	
520	65.6838	F#3	54	64	515	37.624	F#3	54	80	
521	65.7575	F#4	66	73	516	37.625	F#4	66	80	
522	65.8174	G3	55	60	518	37.6875	G3	55	80	
523	65.8526	A4	69	77	517	37.6875	G4	67	80	
524	65.8964	F#3	54	56	519	37.749	F#3	54	80	
525	65.968	C5	72	82	520	37.75	C5	72	80	
526	66.0075	G3	55	67	521	37.8115	G3	55	80	
527	66.0748	F#3	54	66	*	-1	*	-1	-1	
528	66.1657	E3	52	67	522	37.875	E3	52	80	
529	66.2607	F#3	54	61	523	37.9375	F#3	54	80	
530	66.3847	G3	55	62	525	38	G3	55	80	
531	66.3847	B4	71	67	524	38	B4	71	80	
532	66.6005	D5	74	80	526	38.125	D5	74	80	
533	66.6806	C5	72	85	527	38.1875	C5	72	80	
534	66.7789	B4	71	88	528	38.25	B4	71	80	
535	66.983	A3	57	61	530	38.375	A3	57	80	
536	67.0011	C5	72	78	529	38.375	C5	72	80	
537	67.0973	B3	59	74	532	38.4375	B3	59	80	
538	67.1293	D5	74	77	531	38.4375	D5	74	80	
539	67.2095	G4	67	84	533	38.5	G4	67	80	
540	67.218	C4	60	69	535	38.5615	C4	60	80	
541	67.3035	B3	59	59	536	38.624	B3	59	80	
542	67.4157	C4	60	71	537	38.6875	C4	60	80	
543	67.4872	B3	59	61	538	38.749	B3	59	80	
544	67.6133	C4	60	74	540	38.8115	C4	60	80	
545	67.6154	F5	77	95	539	38.75	F5	77	80	
546	67.6913	B3	59	71	*	-1	*	-1	-1	
547	67.7885	A3	57	78	541	38.875	A3	57	80	
548	67.906	B3	59	70	542	38.9375	B3	59	80	
549	68.0214	E5	76	80	543	39	E5	76	80	
550	68.0289	C4	60	89	544	39	C4	60	80	
551	68.2618	G4	67	76	545	39.125	G4	67	80	
552	68.3505	F4	65	93	546	39.1875	F4	65	80	
553	68.4274	E4	64	91	547	39.25	E4	64	80	
554	68.6368	D4	62	77	549	39.375	D4	62	80	
555	68.6496	F4	65	85	548	39.375	F4	65	80	
556	68.749	E4	64	72	551	39.4375	E4	64	80	
557	68.7672	G4	67	77	550	39.4375	G4	67	80	
558	68.8398	C4	60	83	552	39.5	C4	60	80	
559	68.8729	F4	65	78	*	-1	*	-1	-1	
560	68.9466	E4	64	63	553	39.5	E4	64	80	
561	69.0599	F4	65	84	554	39.5615	F4	65	80	
562	69.1432	E4	64	70	555	39.624	E4	64	80	
563	69.2266	Bb4	70	92	558	39.75	Bb4	70	80	
564	69.2565	F4	65	81	559	39.8115	F4	65	80	
565	69.3409	E4	64	77	557	39.749	E4	64	80	
566	69.4488	D4	62	79	560	39.875	D4	62	80	
567	69.5407	E4	64	80	561	39.9375	E4	64	80	
568	69.6219	A4	69	98	562	40	A4	69	80	
569	69.6528	F4	65	91	563	40	F4	65	80	
570	69.8772	B4	71	83	564	40.125	B4	71	80	
571	69.9563	C#5	73	91	565	40.1875	C#5	73	80	
572	70.046	D5	74	103	566	40.25	D5	74	80	
573	70.2629	G4	67	71	567	40.375	G4	67	80	
574	70.3462	A4	69	83	568	40.4375	A4	69	80	
575	70.4712	A5	81	98	569	40.5	A5	81	80	
576	70.4766	Bb4	70	94	*	-1	*	-1	-1	
577	70.5193	D5	74	33	*	-1	*	-1	-1	
578	70.577	A4	69	74	570	40.5	A4	69	80	
579	70.6902	Bb4	70	74	571	40.5615	B4	71	80	
580	70.8013	A4	69	64	572	40.624	A4	69	80	
581	70.8537	C#5	73	94	575	40.75	C#5	73	80	
582	70.9114	Bb4	70	72	573	40.6875	B4	71	80	
583	71.0054	A4	69	75	574	40.749	A4	69	80	
584	71.1144	G4	67	81	577	40.875	G4	67	80	
585	71.2234	A4	69	81	578	40.9375	A4	69	80	
586	71.3088	D5	74	103	580	41	D5	74	80	
587	71.312	F5	77	100	579	41	F5	77	80	
588	71.3174	Bb4	70	87	581	41	Bb4	70	80	
589	71.5375	Bb3	58	70	582	41.125	Bb3	58	80	
590	71.6304	C4	60	72	583	41.1875	C4	60	80	
591	71.7234	D4	62	85	584	41.25	D4	62	80	
592	71.7949	G3	55	22	*	-1	*	-1	-1	
593	71.796	A3	57	4	*	-1	*	-1	-1	
594	71.8206	C4	60	83	585	41.3125	C4	60	80	
595	71.9167	Bb3	58	87	586	41.375	Bb3	58	80	
596	72.0118	A3	57	78	587	41.4375	A3	57	80	
597	72.1432	Bb5	82	101	588	41.5	Bb5	82	80	
598	72.1464	G3	55	87	589	41.5	G3	55	80	
599	72.2276	F3	53	80	590	41.5625	F3	53	80	
600	72.3291	G3	55	83	591	41.625	G3	55	80	
601	72.4317	A3	57	83	592	41.6875	A3	57	80	
602	72.5353	Bb3	58	72	593	41.75	Bb3	58	80	
603	72.5919	B3	59	32	*	-1	*	-1	-1	
604	72.6155	A3	57	80	594	41.8125	A3	57	80	
605	72.702	G3	55	86	595	41.875	G3	55	80	
606	72.7939	F3	53	79	596	41.9375	F3	53	80	
607	72.8366	Bb4	70	25	*	-1	*	-1	-1	
608	72.9093	E3	52	73	598	42	E3	52	80	
609	72.9573	C#5	73	98	597	42	C#5	73	80	
610	73.0054	F3	53	82	599	42.0625	F3	53	80	
611	73.1368	G3	55	81	600	42.125	G3	55	80	
612	73.3387	Bb4	70	96	601	42.25	Bb4	70	80	
613	73.4274	F3	53	77	602	42.3125	F3	53	80	
614	73.5161	E3	52	81	603	42.375	E3	52	80	
615	73.6176	D3	50	74	604	42.4375	D3	50	80	
616	73.6999	C#3	49	78	606	42.5	C#3	49	80	
617	73.7319	E4	64	97	605	42.5	E4	64	80	
618	73.8259	D3	50	79	607	42.5625	D3	50	80	
619	73.9627	E3	52	88	608	42.625	E3	52	80	
620	74.1646	G4	67	95	609	42.75	G4	67	80	
621	74.2949	D3	50	79	610	42.8125	D3	50	80	
622	74.3783	C#3	49	68	611	42.875	C#3	49	80	
623	74.4702	B2	47	76	612	42.9375	B2	47	80	
624	74.5781	C#4	61	94	613	43	C#4	61	80	
625	74.592	A2	45	86	614	43	A2	45	80	
626	74.9958	G5	79	90	615	43.25	G5	79	80	
627	75.0033	E5	76	90	616	43.25	E5	76	80	
628	75.0759	F#5	78	36	*	-1	*	-1	-1	
629	75.1967	B2	47	77	617	43.375	B2	47	80	
630	75.3024	C#3	49	73	618	43.4375	C#3	49	80	
631	75.405	E5	76	87	619	43.5	E5	76	80	
632	75.4093	A4	69	93	620	43.5	A4	69	80	
633	75.4157	D3	50	79	622	43.5615	D3	50	80	
634	75.5011	C#3	49	75	623	43.624	C#3	49	80	
635	75.624	D3	50	82	624	43.6875	D3	50	80	
636	75.7244	C#3	49	73	625	43.749	C#3	49	80	
637	75.812	A5	81	90	626	43.75	A5	81	80	
638	75.842	D3	50	85	627	43.8115	D3	50	80	
639	75.936	C#3	49	77	*	-1	*	-1	-1	
640	76.0182	B2	47	81	628	43.875	B2	47	80	
641	76.1101	C#3	49	70	629	43.9375	C#3	49	80	
642	76.2298	D3	50	82	631	44	D3	50	80	
643	76.2319	F5	77	96	630	44	F5	77	80	
644	76.3355	E3	52	84	632	44.0625	E3	52	80	
645	76.4402	F3	53	90	633	44.125	F3	53	80	
646	76.6496	A4	69	91	635	44.25	A4	69	80	
647	76.655	D5	74	88	634	44.25	D5	74	80	
648	76.7725	E3	52	78	636	44.3125	E3	52	80	
649	76.8516	D3	50	81	637	44.375	D3	50	80	
650	76.9659	C3	48	78	638	44.4375	C3	48	80	
651	77.0471	B2	47	84	640	44.5	B2	47	80	
652	77.0524	D4	62	95	639	44.5	D4	62	80	
653	77.1422	C3	48	84	641	44.5625	C3	48	80	
654	77.264	D3	50	93	642	44.625	D3	50	80	
655	77.4734	F4	65	93	643	44.75	F4	65	80	
656	77.6229	C3	48	83	644	44.8125	C3	48	80	
657	77.7073	B2	47	79	645	44.875	B2	47	80	
658	77.7821	A2	45	75	646	44.9375	A2	45	80	
659	77.905	G2	43	90	648	45	G2	43	80	
660	77.905	B3	59	91	647	45	B3	59	80	
661	78.0086	A4	69	33	*	-1	*	-1	-1	
662	78.3217	F5	77	98	649	45.25	F5	77	80	
663	78.3227	D5	74	91	650	45.25	D5	74	80	
664	78.4969	A2	45	71	651	45.375	A2	45	80	
665	78.5898	B2	47	76	652	45.4375	B2	47	80	
666	78.6806	C3	48	68	*	-1	*	-1	-1	
667	78.7266	D5	74	77	653	45.5	D5	74	80	
668	78.733	G4	67	82	654	45.5	G4	67	80	
669	78.7821	B2	47	73	655	45.5	B2	47	80	
670	78.89	C3	48	73	656	45.5615	C3	48	80	
671	78.999	B2	47	68	657	45.624	B2	47	80	
672	79.1293	C3	48	77	658	45.6875	C3	48	80	
673	79.1379	G5	79	87	660	45.75	G5	79	80	
674	79.2426	B2	47	79	659	45.749	B2	47	80	
675	79.3366	A2	45	73	662	45.875	A2	45	80	
676	79.4264	B2	47	64	663	45.9375	B2	47	80	
677	79.5364	C3	48	78	665	46	C3	48	80	
678	79.5407	E5	76	84	664	46	E5	76	80	
679	79.5738	F5	77	47	*	-1	*	-1	-1	
680	79.967	C5	72	79	666	46.25	C5	72	80	
681	80.0706	C4	60	75	667	46.3125	C4	60	80	
682	80.1561	D4	62	84	668	46.375	D4	62	80	
683	80.2458	E4	64	87	669	46.4375	E4	64	80	
684	80.3676	A4	69	88	670	46.5	A4	69	80	
685	80.3751	F4	65	95	671	46.5	F4	65	80	
686	80.7704	F5	77	92	672	46.75	F5	77	80	
687	80.8879	E4	64	87	673	46.8125	E4	64	80	
688	80.9776	D4	62	78	674	46.875	D4	62	80	
689	81.0823	C4	60	78	675	46.9375	C4	60	80	
690	81.1849	D5	74	87	676	47	D5	74	80	
691	81.1967	B3	59	82	677	47	B3	59	80	
692	81.6005	D4	62	84	679	47.25	D4	62	80	
693	81.6016	B4	71	84	678	47.25	B4	71	80	
694	81.7041	B2	47	77	680	47.3125	B2	47	80	
695	81.7982	C3	48	84	681	47.375	C3	48	80	
696	81.8954	D3	50	87	682	47.4375	D3	50	80	
697	82.0065	E3	52	99	685	47.5	E3	52	80	
698	82.03	B3	59	94	684	47.5	B3	59	80	
699	82.0364	G#4	68	86	683	47.5	G#4	68	80	
700	82.4178	E5	76	88	686	47.75	E5	76	80	
701	82.4242	G#4	68	93	687	47.75	G#4	68	80	
702	82.5514	D3	50	83	688	47.8125	D3	50	80	
703	82.6315	C3	48	77	689	47.875	C3	48	80	
704	82.7063	B2	47	79	690	47.9375	B2	47	80	
705	82.8131	A4	69	94	692	48	A4	69	80	
706	82.8142	A2	45	88	693	48	A2	45	80	
707	82.8142	C5	72	94	691	48	C5	72	80	
708	83.062	B2	47	75	694	48.125	B2	47	80	
709	83.1443	C3	48	80	695	48.1875	C3	48	80	
710	83.2469	D3	50	83	696	48.25	D3	50	80	
711	83.3291	E3	52	83	697	48.3125	E3	52	80	
712	83.4413	F#3	54	83	698	48.375	F#3	54	80	
713	83.53	G#3	56	86	699	48.4375	G#3	56	80	
714	83.6486	A3	57	101	700	48.5	A3	57	80	
715	83.733	B4	71	85	701	48.5625	B4	71	80	
716	83.8441	A4	69	95	702	48.625	A4	69	80	
717	83.9531	G4	67	85	703	48.6875	G4	67	80	
718	84.0599	F4	65	90	704	48.75	F4	65	80	
719	84.1518	E4	64	89	705	48.8125	E4	64	80	
720	84.2618	D4	62	84	706	48.875	D4	62	80	
721	84.3484	C4	60	85	707	48.9375	C4	60	80	
722	84.4317	B3	59	19	*	-1	*	-1	-1	
723	84.4606	D4	62	94	708	49	D4	62	80	
724	84.5727	B4	71	92	709	49.0625	B4	71	80	
725	84.6689	C5	72	89	710	49.125	C5	72	80	
726	84.7576	D5	74	83	711	49.1875	D5	74	80	
727	84.8462	B3	59	96	713	49.25	B3	59	80	
728	84.8484	G#3	56	82	714	49.25	G#3	56	80	
729	84.8494	E5	76	93	712	49.25	E5	76	80	
730	84.8815	D3	50	65	*	-1	*	-1	-1	
731	84.9573	F#5	78	91	715	49.3125	F#5	78	80	
732	85.0599	G#5	80	91	716	49.375	G#5	80	80	
733	85.0631	A3	57	93	717	49.375	A3	57	80	
734	85.0674	F#3	54	95	718	49.375	F#3	54	80	
735	85.1614	A5	81	82	719	49.4375	A5	81	80	
736	85.2661	G#3	56	96	721	49.5	G#3	56	80	
737	85.2672	E3	52	84	722	49.5	E3	52	80	
738	85.2789	B5	83	96	720	49.5	B5	83	80	
739	85.3826	A5	81	79	723	49.5625	A5	81	80	
740	85.4744	G#5	80	86	724	49.625	G#5	80	80	
741	85.5653	F#5	78	89	725	49.6875	F#5	78	80	
742	85.687	E5	76	85	726	49.75	E5	76	80	
743	85.6977	D3	50	94	727	49.75	D3	50	80	
744	85.7896	D5	74	89	728	49.8125	D5	74	80	
745	85.9007	C5	72	88	729	49.875	C5	72	80	
746	85.9979	B4	71	83	730	49.9375	B4	71	80	
747	86.1304	C3	48	95	733	50	C3	48	80	
748	86.1411	E5	76	99	731	50	E5	76	80	
749	86.1432	A3	57	94	732	50	A3	57	80	
750	86.2811	D5	74	84	734	50.0625	D5	74	80	
751	86.389	C5	72	83	735	50.125	C5	72	80	
752	86.4744	B4	71	84	736	50.1875	B4	71	80	
753	86.5759	A4	69	87	737	50.25	A4	69	80	
754	86.6806	G#4	68	84	738	50.3125	G#4	68	80	
755	86.7885	F#4	66	82	739	50.375	F#4	66	80	
756	86.8858	E4	64	81	740	50.4375	E4	64	80	
757	86.9937	F3	53	106	742	50.5	F3	53	80	
758	87.0065	A4	69	101	741	50.5	A4	69	80	
759	87.1368	G4	67	85	743	50.5625	G4	67	80	
760	87.2373	F4	65	84	744	50.625	F4	65	80	
761	87.3163	E4	64	86	745	50.6875	E4	64	80	
762	87.4242	D4	62	85	746	50.75	D4	62	80	
763	87.5321	C4	60	87	747	50.8125	C4	60	80	
764	87.6347	B3	59	82	748	50.875	B3	59	80	
765	87.733	A3	57	83	749	50.9375	A3	57	80	
766	87.8526	F4	65	93	750	51	F4	65	80	
767	87.8687	G#2	44	100	751	51	G#2	44	80	
768	87.9979	E4	64	84	752	51.0625	E4	64	80	
769	88.093	D4	62	78	753	51.125	D4	62	80	
770	88.1764	C4	60	80	754	51.1875	C4	60	80	
771	88.2757	B3	59	81	755	51.25	B3	59	80	
772	88.3762	A3	57	76	756	51.3125	A3	57	80	
773	88.483	G#3	56	81	757	51.375	G#3	56	80	
774	88.5791	F#3	54	84	758	51.4375	F#3	54	80	
775	88.6967	D4	62	93	759	51.5	D4	62	80	
776	88.8099	C4	60	84	760	51.5625	C4	60	80	
777	88.8975	B3	59	87	761	51.625	B3	59	80	
778	89.0001	A3	57	78	762	51.6875	A3	57	80	
779	89.0962	G#3	56	81	763	51.75	G#3	56	80	
780	89.1828	F#3	54	86	764	51.8125	F#3	54	80	
781	89.2821	E3	52	82	765	51.875	E3	52	80	
782	89.3762	Eb3	51	86	766	51.9375	Eb3	51	80	
783	89.5225	E3	52	88	767	52	E3	52	80	
784	89.983	D3	50	75	768	52.25	D3	50	80	
785	90.0631	E4	64	72	769	52.3125	E4	64	80	
786	90.1657	F#4	66	83	770	52.375	F#4	66	80	
787	90.2576	G#4	68	88	771	52.4375	G#4	68	80	
788	90.3751	A4	69	91	774	52.5615	A4	69	80	
789	90.389	B2	47	74	773	52.5	B2	47	80	
790	90.4809	G#4	68	91	775	52.624	G#4	68	80	
791	90.5888	A4	69	91	776	52.6875	A4	69	80	
792	90.6838	G#4	68	86	777	52.749	G#4	68	80	
793	90.7971	A4	69	89	779	52.8115	A4	69	80	
794	90.8153	E3	52	83	778	52.75	E3	52	80	
795	90.9189	G#4	68	74	*	-1	*	-1	-1	
796	91.0289	F#4	66	78	780	52.875	F#4	66	80	
797	91.1486	G#4	68	75	781	52.9375	G#4	68	80	
798	91.2277	C3	48	79	783	53	C3	48	80	
799	91.2544	A4	69	80	782	53	A4	69	80	
800	91.6881	A2	45	86	784	53.25	A2	45	80	
801	91.7907	B3	59	79	785	53.3125	B3	59	80	
802	91.9018	C4	60	83	786	53.375	C4	60	80	
803	91.9969	D4	62	85	*	-1	*	-1	-1	
804	92.1294	D4	62	89	787	53.4375	D4	62	80	
805	92.14	E2	40	83	789	53.5	E2	40	80	
806	92.249	C#4	61	85	788	53.5	C#4	61	80	
807	92.3644	D4	62	88	790	53.5615	D4	62	80	
808	92.4798	C#4	61	84	791	53.624	C#4	61	80	
809	92.5909	G2	43	91	794	53.75	G2	43	80	
810	92.6155	D4	62	86	792	53.6875	D4	62	80	
811	92.7191	C#4	61	78	793	53.749	C#4	61	80	
812	92.8345	B3	59	81	796	53.875	B3	59	80	
813	92.9435	C#4	61	80	797	53.9375	C#4	61	80	
814	93.077	D4	62	87	798	54	D4	62	80	
815	93.1155	F2	41	79	799	54	F2	41	80	
816	93.233	E2	40	79	800	54.0625	E2	40	80	
817	93.3388	D2	38	81	801	54.125	D2	38	80	
818	93.639	B4	71	88	802	54.25	B4	71	80	
819	93.6518	F4	65	87	803	54.25	F4	65	80	
820	93.8997	E2	40	73	804	54.375	E2	40	80	
821	93.9798	F2	41	79	805	54.4375	F2	41	80	
822	94.1433	D2	38	69	808	54.5	D2	38	80	
823	94.1539	E4	64	78	806	54.5	E4	64	80	
824	94.1593	G#3	56	85	807	54.5	G#3	56	80	
825	94.2789	E2	40	76	809	54.5615	E2	40	80	
826	94.4082	F2	41	81	810	54.624	F2	41	80	
827	94.5022	E2	40	73	811	54.6875	E2	40	80	
828	94.6636	F2	41	77	812	54.749	F2	41	80	
829	94.67	G#4	68	90	813	54.75	G#4	68	80	
830	94.6806	B3	59	88	814	54.75	B3	59	80	
831	94.8249	E2	40	72	815	54.8115	E2	40	80	
832	94.999	D2	38	74	816	54.875	D2	38	80	
833	95.1603	E2	40	77	817	54.9375	E2	40	80	
834	95.6123	A4	69	72	818	55	A4	69	80	
835	95.6197	A3	57	63	822	55	A2	45	80	
836	95.6197	C#4	61	58	819	55	C4	60	80	
837	95.639	A1	33	46	821	55	A1	33	80	
*	-1	*	-1	-1	122	13.5	G#3	56	80	
*	-1	*	-1	-1	148	15	G3	55	80	
*	-1	*	-1	-1	162	16	F3	53	80	
*	-1	*	-1	-1	241	20.75	D4	62	80	
*	-1	*	-1	-1	253	21.5	F#3	54	80	
*	-1	*	-1	-1	345	27.5	Eb4	63	80	
*	-1	*	-1	-1	475	35.5	G#2	44	80	
*	-1	*	-1	-1	513	37.5	F#3	54	80	
*	-1	*	-1	-1	621	43.5	C#3	49	80	
*	-1	*	-1	-1	820	55	E4	64	80	
*	-1	*	-1	-1	42	7.5	Eb3	51	80	
*	-1	*	-1	-1	243	20.8115	C5	72	80	
*	-1	*	-1	-1	284	23.5	G#4	68	80	
*	-1	*	-1	-1	493	36.5	C#3	49	80	
*	-1	*	-1	-1	534	38.5	B3	59	80	
*	-1	*	-1	-1	556	39.6875	F4	65	80	
*	-1	*	-1	-1	576	40.8115	B4	71	80	
*	-1	*	-1	-1	661	45.8115	C3	48	80	
*	-1	*	-1	-1	772	52.5	G#4	68	80	
*	-1	*	-1	-1	795	53.8115	D4	62	80	
