//Version: PianoRoll_v170101
0	2.04914	2.09402	G#1	45	80	0
1	2.14637	2.21688	F#4	20	80	0
2	2.16346	2.39102	Eb5	43	80	0
3	2.41132	2.48504	C3	36	80	0
4	2.41666	2.55769	G#4	45	80	0
5	2.42094	2.58974	F5	49	80	0
6	2.4391	2.50854	G#3	30	80	0
7	2.57478	2.64209	F#4	55	80	0
8	2.58226	2.73183	Eb5	53	80	0
9	2.58654	2.61966	Eb3	21	80	0
10	2.7126	2.79914	G#3	50	80	0
11	2.74038	2.86538	G#4	65	80	0
12	2.74359	2.88568	F5	61	80	0
13	2.87607	2.92628	Eb3	24	80	0
14	2.88034	3.05235	F#4	69	80	0
15	2.90919	3.09081	Eb5	55	80	0
16	2.92414	2.99145	C4	24	80	0
17	3.02243	3.0673	C3	45	80	0
18	3.03419	3.06837	G#4	66	80	0
19	3.05128	3.11324	F5	58	80	0
20	3.21154	3.25213	C#2	41	80	0
21	3.22329	3.26602	C#5	65	80	0
22	3.22436	3.25641	F4	61	80	0
23	3.36431	3.50213	Eb5	56	80	0
24	3.3953	3.44124	G#3	49	80	0
25	3.51175	3.59936	G4	60	80	0
26	3.52136	3.65812	E5	65	80	0
27	3.54487	3.62713	F3	32	80	0
28	3.55128	3.60577	C#4	18	80	0
29	3.67628	3.77991	G#3	43	80	0
30	3.67735	3.72649	C#3	44	80	0
31	3.67735	3.8547	F#5	63	80	0
32	3.69871	3.75641	Bb4	55	80	0
33	3.80983	3.87393	C#4	47	80	0
34	3.83974	3.86859	G#4	50	80	0
35	3.84508	3.95833	F5	52	80	0
36	3.8547	3.97436	F3	42	80	0
37	3.98183	4.0235	C#3	64	80	0
38	3.99145	4.09935	F4	64	80	0
39	3.99359	4.17094	C#5	55	80	0
40	4.15705	4.20833	G#2	63	80	0
41	4.17841	4.40812	F5	62	80	0
42	4.1891	4.33333	G#4	55	80	0
43	4.3579	4.50106	Eb5	55	80	0
44	4.35897	4.42735	F#4	57	80	0
45	4.35897	4.42948	G#3	54	80	0
46	4.40171	4.45406	C3	25	80	0
47	4.48931	4.5235	Eb3	55	80	0
48	4.51709	4.58547	G#4	63	80	0
49	4.52564	4.72649	F5	55	80	0
50	4.6485	4.67841	Eb4	49	80	0
51	4.65277	4.70833	F#4	67	80	0
52	4.66025	4.72542	G#3	55	80	0
53	4.66987	4.78525	Eb5	64	80	0
54	4.78525	4.85683	Eb3	49	80	0
55	4.80555	4.88995	G#4	67	80	0
56	4.82478	5.01068	F5	52	80	0
57	4.83974	4.89529	C4	38	80	0
58	4.94764	4.98611	G#3	33	80	0
59	4.95726	4.99358	F#4	64	80	0
60	4.96047	5.00106	C3	43	80	0
61	4.97008	5.0235	Eb5	58	80	0
62	5.11645	5.15918	C#2	60	80	0
63	5.13888	5.16025	F4	66	80	0
64	5.14636	5.18696	C#5	63	80	0
65	5.28311	5.37713	Eb5	63	80	0
66	5.29273	5.31623	F#4	58	80	0
67	5.41239	5.46687	G4	73	80	0
68	5.42307	5.58119	E5	62	80	0
69	5.45405	5.54166	F3	13	80	0
70	5.55982	5.66773	G#3	60	80	0
71	5.55982	5.77136	F#5	71	80	0
72	5.57585	5.63354	C#3	52	80	0
73	5.57585	5.65811	Bb4	64	80	0
74	5.71901	5.76068	G#4	63	80	0
75	5.73076	5.8376	C#4	49	80	0
76	5.73717	5.84081	F5	54	80	0
77	5.74038	5.86858	F3	36	80	0
78	5.86752	5.90384	C#3	66	80	0
79	5.88354	5.92734	F4	66	80	0
80	5.88568	6.0641	C#5	62	80	0
81	6.03739	6.07799	Eb2	63	80	0
82	6.07905	6.1688	G4	64	80	0
83	6.0844	6.28205	Eb5	58	80	0
84	6.26709	6.30769	F5	69	80	0
85	6.27029	6.30448	G#4	71	80	0
86	6.297	6.35256	C#4	45	80	0
87	6.31196	6.36217	Eb3	24	80	0
88	6.40704	6.45192	A4	75	80	0
89	6.40918	6.57264	F#5	74	80	0
90	6.41132	6.47435	Bb3	51	80	0
91	6.51816	6.54914	G4	49	80	0
92	6.53739	6.58226	Bb4	76	80	0
93	6.5438	6.65918	C#4	53	80	0
94	6.54487	6.5844	G5	69	80	0
95	6.66345	6.77884	Bb3	53	80	0
96	6.67628	6.85042	C5	80	80	0
97	6.73717	6.79166	G5	28	80	0
98	6.797	6.84828	Eb3	31	80	0
99	6.8173	6.88354	C#5	81	80	0
100	6.82051	6.8985	Bb5	78	80	0
101	6.94551	6.98504	G#2	71	80	0
102	6.98397	7.05341	D5	73	80	0
103	6.99038	7.14957	B5	70	80	0
104	7.10683	7.16345	Eb5	80	80	0
105	7.11538	7.1688	C6	71	80	0
106	7.11858	7.18482	Eb4	62	80	0
107	7.24465	7.27563	C4	54	80	0
108	7.25747	7.33012	E5	81	80	0
109	7.25961	7.32585	C6	77	80	0
110	7.39743	7.44978	C#3	70	80	0
111	7.41025	7.5876	Eb6	76	80	0
112	7.41452	7.49679	G5	76	80	0
113	7.54807	7.58333	F5	66	80	0
114	7.54914	7.69444	C#6	75	80	0
115	7.56196	7.64422	C#4	62	80	0
116	7.69764	7.7329	G#3	65	80	0
117	7.69978	7.88995	G#5	72	80	0
118	7.70619	7.74038	C5	67	80	0
119	7.71901	7.77563	F4	23	80	0
120	7.89529	8.0438	C6	65	80	0
121	7.89636	7.94016	Eb3	64	80	0
122	7.91239	8.01388	Eb5	63	80	0
123	8.0438	8.18589	Bb5	69	80	0
124	8.0438	8.12392	Eb4	66	80	0
125	8.0438	8.1314	C#5	65	80	0
126	8.0673	8.11538	G3	37	80	0
127	8.17093	8.21794	Bb3	61	80	0
128	8.17307	8.35362	C6	75	80	0
129	8.17841	8.33119	Eb5	76	80	0
130	8.32264	8.46474	Bb5	80	80	0
131	8.32585	8.40597	C#5	74	80	0
132	8.32798	8.34828	Bb4	59	80	0
133	8.33333	8.55127	C#4	60	80	0
134	8.45405	8.55448	Eb5	81	80	0
135	8.47115	8.6314	C6	75	80	0
136	8.47542	8.56089	Bb3	46	80	0
137	8.52777	8.57371	G4	46	80	0
138	8.59401	8.66132	C#5	73	80	0
139	8.60042	8.72435	Eb4	63	80	0
140	8.60256	8.66986	Bb5	78	80	0
141	8.76815	8.93482	G#5	69	80	0
142	8.77456	8.88674	C5	70	80	0
143	8.78097	8.88674	G#4	61	80	0
144	8.78097	8.89636	C4	48	80	0
145	8.92841	8.99892	Bb5	67	80	0
146	8.93162	9.06516	C#5	69	80	0
147	8.93482	9.01281	F4	56	80	0
148	8.94764	8.98824	G#3	43	80	0
149	9.08119	9.15491	F#4	57	80	0
150	9.08119	9.21046	Bb4	69	80	0
151	9.08226	9.17841	F#5	64	80	0
152	9.09508	9.21473	Bb3	49	80	0
153	9.22542	9.33119	Eb4	55	80	0
154	9.22542	9.32691	G#5	57	80	0
155	9.2361	9.35362	C5	60	80	0
156	9.24572	9.3173	F#3	42	80	0
157	9.38247	9.49465	G#4	63	80	0
158	9.38354	9.56943	F5	60	80	0
159	9.4017	9.4658	F4	43	80	0
160	9.43482	9.50961	G#3	29	80	0
161	9.55127	9.58226	F3	51	80	0
162	9.55341	9.7329	F#5	53	80	0
163	9.55341	9.59508	C#4	35	80	0
164	9.56196	9.75213	Bb4	48	80	0
165	9.74679	9.85683	G#2	54	80	0
166	9.78845	9.93696	F#4	44	80	0
167	9.78952	9.99037	Eb5	53	80	0
168	10.0043	10.1132	G#4	55	80	0
169	10.0064	10.0855	G#3	51	80	0
170	10.0085	10.094	F5	55	80	0
171	10.0545	10.1132	C3	26	80	0
172	10.141	10.2126	F#4	65	80	0
173	10.1464	10.1859	Eb3	40	80	0
174	10.1538	10.2746	Eb5	63	80	0
175	10.2799	10.4327	F5	66	80	0
176	10.2831	10.36	G#3	54	80	0
177	10.2863	10.4316	G#4	69	80	0
178	10.4145	10.4861	Eb3	35	80	0
179	10.4209	10.5032	F#4	67	80	0
180	10.4402	10.6068	Eb5	64	80	0
181	10.4669	10.5182	C4	34	80	0
182	10.5609	10.5951	C3	55	80	0
183	10.5694	10.6036	F#4	21	80	0
184	10.5694	10.6207	G#3	22	80	0
185	10.5694	10.61	G#4	60	80	0
186	10.5833	10.6485	F5	66	80	0
187	10.734	10.7724	Eb2	42	80	0
188	10.7436	10.7692	F4	65	80	0
189	10.7446	10.7959	C#5	66	80	0
190	10.75	10.7511	C#2	29	80	0
191	10.9049	10.9968	Eb5	65	80	0
192	10.9199	10.954	G#3	49	80	0
193	11.0459	11.1528	E5	62	80	0
194	11.0481	11.0919	C#4	32	80	0
195	11.0513	11.1367	G4	64	80	0
196	11.0545	11.1496	F3	46	80	0
197	11.1784	11.2831	G#3	55	80	0
198	11.1944	11.3087	F#5	69	80	0
199	11.2126	11.2585	Bb4	60	80	0
200	11.2361	11.3141	C#3	12	80	0
201	11.3355	11.3942	C#4	53	80	0
202	11.3536	11.4936	F5	60	80	0
203	11.3568	11.3878	G#4	60	80	0
204	11.3932	11.4562	F3	32	80	0
205	11.454	11.4925	C#3	58	80	0
206	11.4989	11.6453	C#5	57	80	0
207	11.5075	11.6132	F4	61	80	0
208	11.6453	11.6891	G#2	63	80	0
209	11.6784	11.8493	F5	56	80	0
210	11.6795	11.8162	G#4	55	80	0
211	11.8312	11.8878	G#3	59	80	0
212	11.8408	11.9765	Eb5	61	80	0
213	11.8461	11.9081	F#4	55	80	0
214	11.8707	11.9209	C3	33	80	0
215	11.9658	12.0032	Eb3	54	80	0
216	11.985	12.0598	G#4	67	80	0
217	11.9882	12.0748	F5	66	80	0
218	12.1229	12.1464	Eb4	54	80	0
219	12.1239	12.1731	F#4	70	80	0
220	12.1271	12.1987	G#3	56	80	0
221	12.1325	12.2553	Eb5	69	80	0
222	12.2575	12.3184	Eb3	45	80	0
223	12.2617	12.4733	F5	66	80	0
224	12.2617	12.3365	G#4	68	80	0
225	12.2927	12.3547	C4	46	80	0
226	12.3964	12.4295	G#3	35	80	0
227	12.4028	12.4434	F#4	64	80	0
228	12.4124	12.4594	C3	31	80	0
229	12.4156	12.4519	Eb5	66	80	0
230	12.5523	12.5972	C#2	60	80	0
231	12.5577	12.609	C#5	64	80	0
232	12.5694	12.6004	F4	51	80	0
233	12.7094	12.7703	Eb5	62	80	0
234	12.7233	12.7778	G#3	58	80	0
235	12.734	12.7746	G4	38	80	0
236	12.8387	12.8974	G4	49	80	0
237	12.8461	12.9872	E5	62	80	0
238	12.8803	12.9241	C#4	32	80	0
239	12.8814	12.9359	F3	29	80	0
240	12.9797	13.0673	G#3	55	80	0
241	12.9893	13.1015	F#5	66	80	0
242	13.0064	13.0395	Bb4	54	80	0
243	13.0331	13.0865	C#3	24	80	0
244	13.1303	13.204	C#4	47	80	0
245	13.1357	13.2286	F5	61	80	0
246	13.1378	13.1634	G#4	56	80	0
247	13.1859	13.2596	F3	29	80	0
248	13.2724	13.3045	C#3	46	80	0
249	13.3002	13.3344	F4	59	80	0
250	13.3023	13.3771	C#5	57	80	0
251	13.4391	13.4861	F#2	61	80	0
252	13.485	13.5363	Eb5	58	80	0
253	13.4914	13.5214	F#4	55	80	0
254	13.625	13.6966	E5	65	80	0
255	13.6303	13.6667	G4	66	80	0
256	13.656	13.7617	C#4	61	80	0
257	13.7489	13.8344	F5	64	80	0
258	13.7703	13.8184	G#4	74	80	0
259	13.7874	13.8654	Bb3	54	80	0
260	13.8205	13.8974	Eb4	13	80	0
261	13.9113	13.9669	F#5	67	80	0
262	13.9209	13.9444	A4	70	80	0
263	13.9466	14.0053	C#4	51	80	0
264	13.9562	13.9925	F#4	34	80	0
265	14.0534	14.1026	G5	72	80	0
266	14.062	14.0823	Bb4	69	80	0
267	14.0737	14.2019	Bb3	50	80	0
268	14.079	14.1506	Eb4	51	80	0
269	14.1752	14.1923	Bb4	75	80	0
270	14.1891	14.2553	G#5	71	80	0
271	14.2008	14.2436	C#4	31	80	0
272	14.2094	14.2436	F#3	51	80	0
273	14.2222	14.2585	B4	44	80	0
274	14.3184	14.3921	A5	68	80	0
275	14.3344	14.3707	F#2	71	80	0
276	14.3355	14.3771	C5	71	80	0
277	14.3931	14.4519	G#2	22	80	0
278	14.4658	14.531	Bb5	77	80	0
279	14.4733	14.5085	C#5	76	80	0
280	14.5107	14.5502	Eb4	68	80	0
281	14.6025	14.7201	B5	77	80	0
282	14.61	14.6581	D5	81	80	0
283	14.6239	14.7254	C#4	66	80	0
284	14.7457	14.8654	C6	76	80	0
285	14.7478	14.8579	Eb4	67	80	0
286	14.7521	14.829	Eb5	84	80	0
287	14.8803	15.0128	C#4	71	80	0
288	14.8878	14.9925	C#6	80	80	0
289	14.8964	14.9573	E5	81	80	0
290	15.0149	15.0502	F#3	66	80	0
291	15.0342	15.2617	D6	81	80	0
292	15.0395	15.0983	F5	80	80	0
293	15.1934	15.2575	G#2	71	80	0
294	15.2639	15.3964	Eb6	68	80	0
295	15.2649	15.3461	F#5	70	80	0
296	15.4733	15.5812	Bb6	77	80	0
297	15.4754	15.5812	F#4	63	80	0
298	15.4786	15.5609	C#6	69	80	0
299	15.5011	15.547	G#3	46	80	0
300	15.6132	15.6667	G6	72	80	0
301	15.6154	15.7126	Eb4	57	80	0
302	15.6175	15.6496	G#4	41	80	0
303	15.6186	15.7799	B5	74	80	0
304	15.7489	15.7746	C5	69	80	0
305	15.7521	15.875	C6	81	80	0
306	15.7585	15.891	G#6	78	80	0
307	15.7671	15.8696	F#4	59	80	0
308	15.9049	16.0384	Eb4	59	80	0
309	15.9081	16.0075	F6	75	80	0
310	15.9124	16.0822	A5	79	80	0
311	15.9348	16.0053	G#4	58	80	0
312	16.0417	16.063	G#3	62	80	0
313	16.0523	16.1528	F#6	78	80	0
314	16.0523	16.1773	Bb5	80	80	0
315	16.1816	16.2137	C#3	72	80	0
316	16.2062	16.2874	E6	70	80	0
317	16.2094	16.2842	G5	78	80	0
318	16.3493	16.3899	F6	72	80	0
319	16.3558	16.4209	F4	61	80	0
320	16.3558	16.453	G#5	71	80	0
321	16.5021	16.6335	F5	73	80	0
322	16.5064	16.5673	C#4	57	80	0
323	16.5128	16.5652	D6	63	80	0
324	16.6378	16.7671	F4	51	80	0
325	16.6506	16.7543	F#5	69	80	0
326	16.6528	16.8269	Eb6	65	80	0
327	16.8002	16.9017	E5	60	80	0
328	16.8087	16.9701	C#4	51	80	0
329	16.8397	16.9861	C6	53	80	0
330	16.9733	17.1934	C#6	60	80	0
331	16.9797	17.0107	G#3	54	80	0
332	16.9914	17.1421	F5	47	80	0
333	17.1955	17.3184	Bb2	54	80	0
334	17.2115	17.4028	C#5	49	80	0
335	17.2243	17.4348	Bb5	46	80	0
336	17.4818	17.5502	Eb6	58	80	0
337	17.4957	17.6058	C#4	53	80	0
338	17.5	17.5769	F#5	54	80	0
339	17.5064	17.5897	F3	49	80	0
340	17.6378	17.703	C6	58	80	0
341	17.6389	17.6912	Bb3	47	80	0
342	17.6474	17.6891	E5	60	80	0
343	17.7724	17.8921	C#6	64	80	0
344	17.7788	17.8761	C#4	62	80	0
345	17.782	17.8889	F5	65	80	0
346	17.8205	17.8504	Bb4	14	80	0
347	17.9134	18.032	Bb3	47	80	0
348	17.9391	18.0331	C#5	66	80	0
349	17.9444	18.0577	Bb5	61	80	0
350	17.9882	18.0299	F4	33	80	0
351	18.0684	18.1036	F3	40	80	0
352	18.0716	18.2329	C#6	59	80	0
353	18.0758	18.2275	F5	59	80	0
354	18.2147	18.25	F2	66	80	0
355	18.2671	18.4124	C6	59	80	0
356	18.2681	18.3483	Eb5	58	80	0
357	18.4145	18.609	C#6	65	80	0
358	18.4295	18.5213	F5	64	80	0
359	18.4337	18.5075	C4	56	80	0
360	18.5502	18.6058	A3	49	80	0
361	18.5555	18.5961	Eb5	74	80	0
362	18.5566	18.5929	C6	66	80	0
363	18.6891	18.7361	A4	32	80	0
364	18.6976	18.7788	C#5	73	80	0
365	18.7008	18.7778	C4	52	80	0
366	18.703	18.7628	Bb5	64	80	0
367	18.8013	18.9316	A3	42	80	0
368	18.8483	18.938	C5	69	80	0
369	18.8493	18.9818	A5	61	80	0
370	18.969	19.0502	F3	10	80	0
371	18.9808	19.1528	C6	74	80	0
372	19.0075	19.1218	Eb5	60	80	0
373	19.1004	19.1367	F#2	68	80	0
374	19.1399	19.2756	Bb5	63	80	0
375	19.1474	19.2243	C#5	63	80	0
376	19.2916	19.3408	C6	66	80	0
377	19.2938	19.3707	Eb5	67	80	0
378	19.297	19.329	C#3	54	80	0
379	19.3034	19.3942	Bb3	51	80	0
380	19.4166	19.4936	F#3	57	80	0
381	19.4263	19.4861	C#5	72	80	0
382	19.4273	19.4658	Bb5	64	80	0
383	19.5577	19.579	F#4	62	80	0
384	19.5758	19.7201	G#5	67	80	0
385	19.5822	19.6549	C5	71	80	0
386	19.5876	19.6816	Bb3	52	80	0
387	19.6955	19.8365	F#3	55	80	0
388	19.7169	19.8034	Bb4	69	80	0
389	19.7201	19.8654	F#5	67	80	0
390	19.7404	19.7959	C#4	55	80	0
391	19.8408	19.8686	C#3	59	80	0
392	19.8654	19.9754	Bb5	75	80	0
393	19.8728	19.9936	C#5	69	80	0
394	20.0032	20.0331	D2	66	80	0
395	20.0374	20.1763	G#5	63	80	0
396	20.0384	20.1207	B4	67	80	0
397	20.1741	20.2713	Bb5	69	80	0
398	20.1784	20.25	C#5	67	80	0
399	20.1805	20.2575	G#3	63	80	0
400	20.3034	20.3696	F3	44	80	0
401	20.3141	20.359	G5	69	80	0
402	20.3205	20.3632	Bb4	70	80	0
403	20.4604	20.5684	B4	68	80	0
404	20.4626	20.5716	G#5	69	80	0
405	20.4733	20.5299	D4	26	80	0
406	20.4733	20.5619	G#3	48	80	0
407	20.6047	20.7008	F3	47	80	0
408	20.6068	20.6891	G#4	68	80	0
409	20.6143	20.7414	F5	65	80	0
410	20.6549	20.7008	B3	32	80	0
411	20.7126	20.7478	D3	53	80	0
412	20.7393	20.8803	G#5	70	80	0
413	20.7446	20.8814	B4	64	80	0
414	20.8942	20.9391	Eb2	64	80	0
415	20.9316	21.0246	Bb4	66	80	0
416	20.9348	21.0684	F#5	65	80	0
417	21.0748	21.2158	G#5	66	80	0
418	21.0801	21.1688	Bb3	58	80	0
419	21.0822	21.2094	C5	71	80	0
420	21.1666	21.1912	F#3	62	80	0
421	21.2137	21.2585	Bb4	76	80	0
422	21.219	21.251	F#5	65	80	0
423	21.3322	21.3803	G#2	71	80	0
424	21.359	21.4273	F5	60	80	0
425	21.3814	21.4476	G#4	60	80	0
426	21.5043	21.5887	G#3	62	80	0
427	21.5064	21.5844	Eb5	65	80	0
428	21.5107	21.5972	F#4	66	80	0
429	21.6036	21.6314	Eb3	56	80	0
430	21.6378	21.7404	F#5	74	80	0
431	21.6389	21.7083	Bb4	66	80	0
432	21.7607	21.8184	C#2	66	80	0
433	21.7874	21.9284	F5	69	80	0
434	21.797	21.8739	G#4	61	80	0
435	21.9284	22.0267	F#5	67	80	0
436	21.9337	22.0246	Bb4	67	80	0
437	21.9498	22.0171	G#3	53	80	0
438	22.0374	22.0684	F3	58	80	0
439	22.0694	22.1132	F5	69	80	0
440	22.079	22.1282	G#4	71	80	0
441	22.204	22.2393	Bb1	70	80	0
442	22.2307	22.2724	F#4	65	80	0
443	22.2393	22.3557	Eb5	62	80	0
444	22.3654	22.453	F4	66	80	0
445	22.3675	22.4797	C#5	62	80	0
446	22.3707	22.4594	F3	60	80	0
447	22.4904	22.516	C#3	60	80	0
448	22.5107	22.6677	F5	65	80	0
449	22.5213	22.625	G#4	60	80	0
450	22.6624	22.7169	Eb2	65	80	0
451	22.6827	22.7863	G4	63	80	0
452	22.6859	22.8184	Eb5	61	80	0
453	22.829	22.9188	F5	66	80	0
454	22.8312	22.8995	Eb3	65	80	0
455	22.8344	22.9604	G#4	62	80	0
456	22.8825	22.9401	G2	27	80	0
457	22.9604	23.0171	Bb2	54	80	0
458	22.9722	23.0203	G4	68	80	0
459	22.9904	23.0224	Eb5	50	80	0
460	23.1143	23.1944	Eb3	63	80	0
461	23.1314	23.2169	F4	63	80	0
462	23.1346	23.2575	C#5	57	80	0
463	23.2649	23.4006	Bb2	47	80	0
464	23.2713	23.3408	C#4	61	80	0
465	23.2778	23.3205	G3	42	80	0
466	23.281	23.4263	Bb4	54	80	0
467	23.4391	23.5545	C5	60	80	0
468	23.4412	23.6025	Eb4	54	80	0
469	23.5812	23.6367	G#1	54	80	0
470	23.6357	23.8237	G#4	49	80	0
471	23.6367	23.7703	C4	45	80	0
472	23.8483	23.9359	C#4	54	80	0
473	23.8557	23.984	Bb4	46	80	0
474	23.9519	24.0171	G#3	41	80	0
475	23.9572	24.0972	G#2	40	80	0
476	24.001	24.1431	G#4	58	80	0
477	24.0107	24.0897	C4	54	80	0
478	24.1196	24.1976	C3	39	80	0
479	24.1218	24.1698	Eb3	38	80	0
480	24.141	24.2436	C#4	57	80	0
481	24.1495	24.2607	Bb4	57	80	0
482	24.2404	24.3162	G#3	44	80	0
483	24.2735	24.3472	G#2	40	80	0
484	24.2981	24.4177	C4	59	80	0
485	24.328	24.4156	G#4	53	80	0
486	24.3814	24.5139	Eb3	35	80	0
487	24.4028	24.5299	C3	33	80	0
488	24.4476	24.6057	C5	63	80	0
489	24.4733	24.579	Eb4	46	80	0
490	24.5545	24.7211	G#2	43	80	0
491	24.5705	24.719	G3	42	80	0
492	24.6196	24.7094	C#4	54	80	0
493	24.626	24.7596	Bb4	53	80	0
494	24.7521	24.8921	Eb3	40	80	0
495	24.7628	24.8921	C#3	45	80	0
496	24.7735	24.9049	C5	59	80	0
497	24.7767	24.8963	Eb4	58	80	0
498	24.9134	25.0032	C#4	63	80	0
499	24.922	25.0384	G3	51	80	0
500	24.9284	25.0481	Bb4	60	80	0
501	24.9316	25.0416	G#2	45	80	0
502	25.0545	25.1827	C5	70	80	0
503	25.0587	25.1709	Eb4	67	80	0
504	25.079	25.1602	Eb3	48	80	0
505	25.0801	25.1752	C#3	50	80	0
506	25.1934	25.2863	C#4	65	80	0
507	25.2051	25.3333	Bb4	63	80	0
508	25.2094	25.2575	G3	60	80	0
509	25.2233	25.3216	G#2	54	80	0
510	25.3419	25.3995	Eb4	67	80	0
511	25.3451	25.4166	C5	60	80	0
512	25.3504	25.4711	Eb3	51	80	0
513	25.36	25.4604	C#3	48	80	0
514	25.4978	25.625	G#2	53	80	0
515	25.501	25.5406	C4	65	80	0
516	25.5128	25.5716	G#4	56	80	0
517	25.5278	25.5951	G#3	39	80	0
518	25.6602	25.7008	Bb4	59	80	0
519	25.6624	25.7532	Eb3	49	80	0
520	25.6666	25.6901	C#4	59	80	0
521	25.6773	25.7767	C3	34	80	0
522	25.797	25.8995	D4	63	80	0
523	25.797	25.907	G#3	51	80	0
524	25.8023	25.9508	B4	62	80	0
525	25.8226	25.9369	G#2	54	80	0
526	25.9466	26.0951	C#5	66	80	0
527	25.9551	26.0534	Eb3	50	80	0
528	25.9658	26.0278	F4	50	80	0
529	25.969	26.0619	C3	46	80	0
530	26.0972	26.1827	C5	54	80	0
531	26.0993	26.1763	G#3	51	80	0
532	26.1036	26.1325	Eb4	52	80	0
533	26.1132	26.1923	G#2	48	80	0
534	26.2254	26.3728	G#4	54	80	0
535	26.2457	26.3696	C3	44	80	0
536	26.2575	26.3696	Eb3	42	80	0
537	26.2617	26.3451	C4	47	80	0
538	26.3953	26.5534	G#2	45	80	0
539	26.4081	26.5545	C5	49	80	0
540	26.4092	26.5342	G3	42	80	0
541	26.4177	26.5427	Eb4	55	80	0
542	26.5694	26.6923	C#4	55	80	0
543	26.5694	26.6998	Bb4	55	80	0
544	26.5726	26.6795	Eb3	47	80	0
545	26.5769	26.6891	C#3	49	80	0
546	26.7083	26.8258	G3	55	80	0
547	26.7094	26.8429	Eb4	65	80	0
548	26.7136	26.8504	C5	69	80	0
549	26.7297	26.8451	G#2	54	80	0
550	26.8579	26.9711	C#4	69	80	0
551	26.8664	26.9882	Bb4	68	80	0
552	26.8686	26.9636	Eb3	55	80	0
553	26.8728	26.9754	C#3	55	80	0
554	26.9957	27.079	G3	58	80	0
555	26.9989	27.1228	C5	68	80	0
556	27	27.125	Eb4	68	80	0
557	27.0213	27.1239	G#2	56	80	0
558	27.1335	27.1848	C#4	68	80	0
559	27.1463	27.2019	Bb4	63	80	0
560	27.1485	27.2585	Eb3	52	80	0
561	27.1549	27.2564	C#3	51	80	0
562	27.2959	27.3461	G#4	62	80	0
563	27.298	27.4156	G#2	57	80	0
564	27.298	27.3344	C4	68	80	0
565	27.3066	27.3707	G#3	51	80	0
566	27.4359	27.5545	C3	51	80	0
567	27.4401	27.547	Eb3	51	80	0
568	27.4455	27.4968	Bb4	60	80	0
569	27.4487	27.4882	C#4	67	80	0
570	27.5865	27.6816	G#3	56	80	0
571	27.5908	27.7329	B4	66	80	0
572	27.5919	27.6837	D4	63	80	0
573	27.5983	27.7254	G#2	49	80	0
574	27.7254	27.8963	C#5	66	80	0
575	27.7382	27.8408	Eb3	53	80	0
576	27.7404	27.8216	F4	56	80	0
577	27.7414	27.8493	C3	50	80	0
578	27.875	27.9433	G#3	57	80	0
579	27.8899	28.032	C5	60	80	0
580	27.8921	27.922	Eb4	56	80	0
581	27.8974	27.9807	G#2	49	80	0
582	28.032	28.0651	G#4	55	80	0
583	28.0395	28.1795	Eb3	46	80	0
584	28.0395	28.079	C4	48	80	0
585	28.0406	28.1784	C3	42	80	0
586	28.2169	28.3846	G#2	50	80	0
587	28.2307	28.3803	G#3	41	80	0
588	28.2585	28.4166	Eb5	57	80	0
589	28.2788	28.3611	F#4	33	80	0
590	28.407	28.5277	Eb3	48	80	0
591	28.4145	28.4957	F#3	50	80	0
592	28.4188	28.5256	E5	64	80	0
593	28.4284	28.5288	G#4	60	80	0
594	28.5577	28.6763	G#2	54	80	0
595	28.5598	28.673	F#4	66	80	0
596	28.5651	28.6463	G#3	51	80	0
597	28.5662	28.6912	Eb5	66	80	0
598	28.6805	28.7788	F#3	54	80	0
599	28.6816	28.7906	E5	69	80	0
600	28.6901	28.7948	Eb3	57	80	0
601	28.6944	28.8248	G#4	69	80	0
602	28.8258	28.9369	G#3	61	80	0
603	28.8429	28.9893	Eb5	66	80	0
604	28.8461	29.0021	F#4	70	80	0
605	28.8547	28.9594	G#2	48	80	0
606	28.9658	29.0812	F#3	58	80	0
607	28.9765	29.0854	Eb3	59	80	0
608	28.9775	29.0566	E5	65	80	0
609	28.9872	29.0331	G#4	69	80	0
610	29.1207	29.2521	G#2	58	80	0
611	29.1271	29.219	G#3	56	80	0
612	29.141	29.1773	E4	70	80	0
613	29.1431	29.1966	C#5	65	80	0
614	29.2713	29.3782	E3	55	80	0
615	29.2724	29.3921	C#3	53	80	0
616	29.2767	29.3386	D5	71	80	0
617	29.2948	29.3183	F4	65	80	0
618	29.4092	29.5267	G#3	62	80	0
619	29.4102	29.5459	F#4	76	80	0
620	29.4177	29.4519	Eb5	66	80	0
621	29.4188	29.5406	G#2	61	80	0
622	29.5513	29.6314	A4	67	80	0
623	29.5513	29.7489	F#5	69	80	0
624	29.5577	29.672	E3	54	80	0
625	29.5683	29.6741	C#3	54	80	0
626	29.6901	29.7393	G#4	71	80	0
627	29.7019	29.8066	G#3	62	80	0
628	29.7072	29.7489	E5	60	80	0
629	29.7126	29.8055	G#2	50	80	0
630	29.8461	29.9615	C#5	63	80	0
631	29.8504	30.0021	C#3	52	80	0
632	29.8579	29.9017	E4	68	80	0
633	29.8664	29.9989	E3	48	80	0
634	30.0181	30.1859	G#2	51	80	0
635	30.0245	30.1763	G#3	46	80	0
636	30.0395	30.1933	E5	62	80	0
637	30.0523	30.1784	G#4	54	80	0
638	30.1955	30.3045	Eb3	53	80	0
639	30.1955	30.3419	Eb5	65	80	0
640	30.1966	30.2906	F#4	63	80	0
641	30.2169	30.2906	F#3	50	80	0
642	30.3376	30.4198	G#3	58	80	0
643	30.3419	30.4487	E5	70	80	0
644	30.3472	30.4797	G#4	70	80	0
645	30.3493	30.4668	G#2	59	80	0
646	30.4668	30.5844	F#3	59	80	0
647	30.4754	30.5918	Eb3	61	80	0
648	30.4786	30.6143	Eb5	73	80	0
649	30.4797	30.5683	F#4	73	80	0
650	30.6057	30.7233	G#3	62	80	0
651	30.6164	30.7425	E5	65	80	0
652	30.6186	30.7062	G#4	76	80	0
653	30.6207	30.7446	G#2	62	80	0
654	30.7478	30.8034	F#4	75	80	0
655	30.75	30.8686	F#3	64	80	0
656	30.7553	30.8643	Eb3	62	80	0
657	30.7574	30.8269	Eb5	71	80	0
658	30.906	31.0021	G#3	62	80	0
659	30.9102	31.0342	G#2	56	80	0
660	30.9145	30.9594	C#5	65	80	0
661	30.9156	30.953	E4	75	80	0
662	31.0438	31.1624	E3	62	80	0
663	31.048	31.1741	C#3	57	80	0
664	31.0502	31.1175	D5	74	80	0
665	31.078	31.0972	F4	66	80	0
666	31.1805	31.2745	F#4	79	80	0
667	31.1869	31.3045	G#3	65	80	0
668	31.1901	31.2414	Eb5	71	80	0
669	31.1987	31.3226	G#2	61	80	0
670	31.3258	31.5192	F#5	68	80	0
671	31.3312	31.3621	G#4	54	80	0
672	31.3344	31.4594	E3	60	80	0
673	31.3451	31.4594	C#3	56	80	0
674	31.3654	31.4508	A4	62	80	0
675	31.469	31.5107	G#4	73	80	0
676	31.4754	31.5256	E5	60	80	0
677	31.4829	31.5822	G#3	65	80	0
678	31.4946	31.6015	G#2	56	80	0
679	31.6228	31.7468	C#5	56	80	0
680	31.6228	31.781	E3	59	80	0
681	31.6389	31.6709	E4	55	80	0
682	31.6442	31.798	C#3	49	80	0
683	31.8098	31.9957	G#2	49	80	0
684	31.8269	31.9508	E5	59	80	0
685	31.8418	31.9871	G3	43	80	0
686	31.844	31.922	G#4	51	80	0
687	32.0021	32.1367	C#3	53	80	0
688	32.0064	32.0609	Eb5	63	80	0
689	32.0096	32.063	G4	64	80	0
690	32.0245	32.1367	Eb3	52	80	0
691	32.1453	32.2553	G5	73	80	0
692	32.1581	32.2617	G3	57	80	0
693	32.1613	32.1848	Bb4	57	80	0
694	32.1645	32.298	G#2	60	80	0
695	32.266	32.266	G5	6	80	0
696	32.2906	32.375	F5	65	80	0
697	32.3012	32.4252	C#3	61	80	0
698	32.3023	32.3654	G#4	70	80	0
699	32.3098	32.4145	Eb3	59	80	0
700	32.4284	32.548	G3	66	80	0
701	32.4295	32.5374	G#5	68	80	0
702	32.4508	32.4839	C5	46	80	0
703	32.4519	32.578	G#2	65	80	0
704	32.5737	32.7019	C#3	66	80	0
705	32.579	32.7158	G5	68	80	0
706	32.5812	32.6965	Eb3	64	80	0
707	32.5908	32.641	Bb4	59	80	0
708	32.7094	32.8344	G3	65	80	0
709	32.7254	32.8525	G#2	67	80	0
710	32.7254	32.8333	Bb5	77	80	0
711	32.7339	32.7906	C#5	69	80	0
712	32.8675	32.9957	C#3	66	80	0
713	32.8718	32.9925	Eb3	64	80	0
714	32.8814	32.9626	C5	70	80	0
715	32.8814	32.9604	G#5	68	80	0
716	33.0064	33.1292	G3	66	80	0
717	33.0149	33.0662	Eb5	64	80	0
718	33.016	33.1463	G#2	68	80	0
719	33.0171	33.0801	C6	73	80	0
720	33.1463	33.2863	C#3	71	80	0
721	33.1527	33.2831	Eb3	69	80	0
722	33.157	33.2724	C#5	74	80	0
723	33.1581	33.2874	Bb5	70	80	0
724	33.2735	33.3739	C#6	78	80	0
725	33.2852	33.3215	F5	63	80	0
726	33.2863	33.4124	G3	72	80	0
727	33.2948	33.4316	G#2	74	80	0
728	33.4145	33.5683	C6	76	80	0
729	33.423	33.5587	C#3	75	80	0
730	33.4241	33.5053	Eb5	79	80	0
731	33.4305	33.5598	Eb3	72	80	0
732	33.5566	33.626	G5	79	80	0
733	33.5609	33.6987	Eb6	78	80	0
734	33.5651	33.688	G3	71	80	0
735	33.5715	33.7062	G#2	75	80	0
736	33.6955	33.8493	C#3	75	80	0
737	33.704	33.798	F5	77	80	0
738	33.7051	33.8504	C#6	80	80	0
739	33.7094	33.8418	Eb3	70	80	0
740	33.8429	33.954	G#5	80	80	0
741	33.8504	33.9839	F6	82	80	0
742	33.8536	33.9818	G3	73	80	0
743	33.8568	33.9893	G#2	77	80	0
744	33.9807	34.1175	C#3	77	80	0
745	33.985	34.1079	G5	81	80	0
746	33.9904	34.094	Eb6	81	80	0
747	33.9914	34.1175	Eb3	73	80	0
748	34.1154	34.1848	Bb5	80	80	0
749	34.1218	34.2532	G3	77	80	0
750	34.1228	34.2414	G6	85	80	0
751	34.1228	34.2649	G#2	78	80	0
752	34.251	34.4027	C#3	78	80	0
753	34.2564	34.3974	F6	74	80	0
754	34.2628	34.4081	Eb3	72	80	0
755	34.2681	34.3589	G#5	81	80	0
756	34.3995	34.4647	C6	81	80	0
757	34.4059	34.5609	G#2	79	80	0
758	34.4059	34.5416	G#6	85	80	0
759	34.4102	34.5374	G3	74	80	0
760	34.5395	34.6901	C#3	77	80	0
761	34.5534	34.6805	Eb3	70	80	0
762	34.5534	34.7104	G6	81	80	0
763	34.5587	34.7286	Bb5	86	80	0
764	34.6891	34.8707	G3	74	80	0
765	34.6965	34.7959	C#6	86	80	0
766	34.6998	34.8365	Bb6	87	80	0
767	34.704	34.8696	G#2	74	80	0
768	34.8461	34.9946	G#6	86	80	0
769	34.8483	35.0128	C6	86	80	0
770	34.8515	34.9701	C#3	73	80	0
771	34.8557	34.9701	Eb3	71	80	0
772	34.9583	35.0395	G3	60	80	0
773	34.9786	35.078	Eb6	83	80	0
774	34.9882	35.1784	C7	90	80	0
775	35.0245	35.0972	G#2	48	80	0
776	35.1196	35.3066	C#3	66	80	0
777	35.1303	35.2446	C#6	88	80	0
778	35.1314	35.3151	Eb3	59	80	0
779	35.1324	35.251	Bb6	84	80	0
780	35.3215	35.453	G#2	73	80	0
781	35.3226	35.4658	G#3	75	80	0
782	35.3824	35.5598	C6	75	80	0
783	35.3835	35.6453	G#6	81	80	0
784	35.626	35.7371	Bb6	78	80	0
785	35.6282	35.7906	C#6	76	80	0
786	35.7777	35.9252	Bb5	80	80	0
787	35.7863	35.9359	F#6	75	80	0
788	35.7895	35.9198	Eb5	77	80	0
789	35.7991	35.922	F#4	66	80	0
790	35.9295	36.0288	C6	77	80	0
791	35.9295	36.0459	G#6	77	80	0
792	35.9423	36.0502	G#4	64	80	0
793	35.9465	35.9936	F5	72	80	0
794	36.0587	36.1399	F6	74	80	0
795	36.0662	36.1613	C#5	66	80	0
796	36.0705	36.2275	G#5	85	80	0
797	36.0726	36.1976	F4	66	80	0
798	36.1965	36.3504	Bb5	83	80	0
799	36.1987	36.345	F#6	79	80	0
800	36.2019	36.2799	Eb5	70	80	0
801	36.3344	36.423	C5	71	80	0
802	36.3365	36.4786	Eb6	73	80	0
803	36.3376	36.4092	F#5	81	80	0
804	36.3589	36.4583	Eb4	67	80	0
805	36.4743	36.5491	F6	77	80	0
806	36.4797	36.5545	C#5	79	80	0
807	36.4871	36.6324	G#5	80	80	0
808	36.5277	36.6399	E4	40	80	0
809	36.547	36.5908	F4	45	80	0
810	36.6239	36.7222	Bb4	74	80	0
811	36.625	36.7104	F5	80	80	0
812	36.625	36.8547	C#6	77	80	0
813	36.6741	36.7617	C#4	51	80	0
814	36.7532	36.8483	Eb6	71	80	0
815	36.7553	36.8803	F#5	75	80	0
816	36.7617	36.876	C5	74	80	0
817	36.7799	36.8931	Eb4	59	80	0
818	36.8824	36.9829	G#4	73	80	0
819	36.8835	36.9572	C6	70	80	0
820	36.8899	37.0149	Eb5	82	80	0
821	36.9305	37.0406	C4	53	80	0
822	37.0117	37.1549	C#6	75	80	0
823	37.0192	37.1453	F5	76	80	0
824	37.0374	37.1453	Bb4	74	80	0
825	37.0384	37.1271	C#4	67	80	0
826	37.1538	37.2254	C#5	78	80	0
827	37.157	37.3002	Bb5	73	80	0
828	37.1688	37.2671	F#4	71	80	0
829	37.1912	37.3109	Bb3	66	80	0
830	37.2959	37.3889	C6	72	80	0
831	37.3066	37.3408	C#4	39	80	0
832	37.3098	37.438	Eb5	67	80	0
833	37.3301	37.4166	C4	61	80	0
834	37.3312	37.4198	G#4	67	80	0
835	37.4359	37.5331	C5	75	80	0
836	37.4369	37.595	G#5	68	80	0
837	37.4433	37.5438	F4	62	80	0
838	37.4786	37.5683	G#3	55	80	0
839	37.578	37.673	Bb5	72	80	0
840	37.5844	37.7286	C#5	72	80	0
841	37.5972	37.688	Bb3	53	80	0
842	37.6025	37.703	F#4	67	80	0
843	37.7286	37.8397	Eb4	63	80	0
844	37.7318	37.8814	F#5	67	80	0
845	37.7339	37.8803	Bb4	74	80	0
846	37.7414	37.8418	F#3	56	80	0
847	37.875	38.016	C5	70	80	0
848	37.8782	37.9754	G#5	70	80	0
849	37.8867	37.9903	F4	67	80	0
850	37.891	37.9797	G#3	54	80	0
851	38.0149	38.1175	F3	61	80	0
852	38.0213	38.1314	C#4	56	80	0
853	38.0235	38.1794	F5	63	80	0
854	38.0384	38.1901	G#4	66	80	0
855	38.1666	38.2628	F#3	47	80	0
856	38.1709	38.2361	F#5	64	80	0
857	38.1794	38.2585	Eb4	58	80	0
858	38.188	38.3141	Bb4	64	80	0
859	38.3023	38.4091	C4	54	80	0
860	38.3258	38.4871	Eb5	59	80	0
861	38.3301	38.4198	F#4	62	80	0
862	38.3589	38.47	Eb3	42	80	0
863	38.4903	38.6378	C#4	53	80	0
864	38.4957	38.6837	F5	56	80	0
865	38.5053	38.6463	G#4	53	80	0
866	38.5181	38.6132	F3	47	80	0
867	38.6965	38.8397	Bb3	49	80	0
868	38.6997	38.8333	C#3	51	80	0
869	38.703	38.923	C#5	49	80	0
870	38.7062	38.9508	F4	54	80	0
871	38.9209	39.204	G#4	49	80	0
872	38.9284	38.9647	F3	46	80	0
873	38.9294	39.235	F5	49	80	0
874	38.9294	38.9658	C#4	42	80	0
875	39.1837	39.3183	G#2	52	80	0
876	39.2542	39.5064	F#4	49	80	0
877	39.2606	39.5299	Eb5	49	80	0
878	39.5598	39.6848	G#4	47	80	0
879	39.5619	39.703	F5	49	80	0
880	39.5662	39.6335	G#3	43	80	0
881	39.578	39.6282	C3	30	80	0
882	39.6645	39.7179	Eb3	55	80	0
883	39.7083	39.8002	F#4	52	80	0
884	39.7094	39.8536	Eb5	55	80	0
885	39.8376	39.9102	G#3	54	80	0
886	39.8504	39.9743	F5	62	80	0
887	39.8718	39.9433	G#4	61	80	0
888	39.9562	40.0374	Eb3	41	80	0
889	40.0032	40.1805	F#4	65	80	0
890	40.0181	40.203	Eb5	63	80	0
891	40.0427	40.1015	C4	31	80	0
892	40.1378	40.1794	C3	39	80	0
893	40.1378	40.1656	G#4	53	80	0
894	40.1495	40.2179	F5	58	80	0
895	40.3044	40.3461	C#2	56	80	0
896	40.3344	40.3739	C#5	63	80	0
897	40.3525	40.3878	F4	42	80	0
898	40.4829	40.5566	Eb5	56	80	0
899	40.4861	40.548	G#3	55	80	0
900	40.594	40.626	C#4	47	80	0
901	40.6132	40.7072	F3	50	80	0
902	40.6153	40.6837	G4	30	80	0
903	40.6207	40.7425	E5	57	80	0
904	40.7403	40.9284	F#5	64	80	0
905	40.75	40.7863	C#3	45	80	0
906	40.7553	40.8301	G#3	49	80	0
907	40.7745	40.8151	Bb4	49	80	0
908	40.9017	40.9732	C#4	45	80	0
909	40.922	41	F3	42	80	0
910	40.9241	41.0096	F5	59	80	0
911	40.9359	40.9604	G#4	49	80	0
912	41.0021	41.0309	C#3	54	80	0
913	41.0747	41.1901	C#5	58	80	0
914	41.1987	41.2564	G#2	62	80	0
915	41.2403	41.3867	F5	58	80	0
916	41.2489	41.3632	G#4	51	80	0
917	41.3985	41.5299	Eb5	61	80	0
918	41.4006	41.485	G#3	57	80	0
919	41.4252	41.4636	F#4	54	80	0
920	41.4455	41.4978	C3	28	80	0
921	41.5299	41.5801	Eb3	57	80	0
922	41.5395	41.7094	F#5	66	80	0
923	41.5491	41.6421	G#4	59	80	0
924	41.6709	41.7521	G#3	62	80	0
925	41.6923	41.7553	F#4	74	80	0
926	41.704	41.7703	Eb5	64	80	0
927	41.8012	41.8653	Eb3	47	80	0
928	41.8472	41.9583	G#4	64	80	0
929	41.8739	41.9198	C4	33	80	0
930	41.8942	41.9594	F5	25	80	0
931	41.9679	42.0235	G#3	19	80	0
932	41.9711	42.0544	Eb5	63	80	0
933	41.9722	42.0277	F#4	63	80	0
934	42.1314	42.1752	C#2	60	80	0
935	42.157	42.1923	F4	62	80	0
936	42.1645	42.204	C#5	58	80	0
937	42.2916	42.3921	Eb5	66	80	0
938	42.3066	42.3312	F#4	56	80	0
939	42.3247	42.391	G#3	48	80	0
940	42.4134	42.4529	C#4	50	80	0
941	42.4273	42.5213	F3	53	80	0
942	42.4284	42.5673	E5	64	80	0
943	42.4294	42.4871	G4	71	80	0
944	42.5598	42.6292	G#3	61	80	0
945	42.5619	42.7168	F#5	71	80	0
946	42.5726	42.6132	Bb4	67	80	0
947	42.5833	42.6207	C#3	45	80	0
948	42.7083	42.7489	C#4	53	80	0
949	42.7094	42.7489	G#4	65	80	0
950	42.7136	42.8504	F3	49	80	0
951	42.72	42.8835	F5	56	80	0
952	42.8536	42.9871	C#5	67	80	0
953	42.8568	42.8974	C#3	60	80	0
954	42.8664	42.8931	F4	59	80	0
955	43.0213	43.0673	Bb2	62	80	0
956	43.0352	43.2062	F5	55	80	0
957	43.0598	43.1239	G#4	55	80	0
958	43.2019	43.3162	F#5	68	80	0
959	43.2094	43.2692	Bb4	64	80	0
960	43.235	43.3012	Bb3	50	80	0
961	43.3493	43.4209	G#3	54	80	0
962	43.3547	43.4978	F5	70	80	0
963	43.3579	43.4102	G#4	69	80	0
964	43.4754	43.5534	Bb4	70	80	0
965	43.4786	43.5929	F#5	67	80	0
966	43.4786	43.5053	F4	58	80	0
967	43.485	43.6004	Bb3	55	80	0
968	43.6143	43.7799	G#4	74	80	0
969	43.6153	43.719	G#3	47	80	0
970	43.6239	43.8418	F5	63	80	0
971	43.6666	43.719	D4	55	80	0
972	43.7457	43.7948	Bb4	64	80	0
973	43.7532	43.8643	F#5	67	80	0
974	43.7564	43.7916	F3	61	80	0
975	43.9091	43.9487	F#4	65	80	0
976	43.9123	44.0171	Eb5	61	80	0
977	43.9177	44.0341	Eb3	62	80	0
978	44.048	44.2072	F5	65	80	0
979	44.0502	44.1752	Bb3	56	80	0
980	44.0555	44.1581	G#4	68	80	0
981	44.1869	44.2265	F#3	66	80	0
982	44.1869	44.2403	F#5	74	80	0
983	44.1869	44.2094	Bb4	64	80	0
984	44.2072	44.2425	Eb4	39	80	0
985	44.3301	44.3803	C#3	73	80	0
986	44.3429	44.4658	G#5	71	80	0
987	44.344	44.4123	B4	72	80	0
988	44.4636	44.5683	Bb5	70	80	0
989	44.4797	44.5609	C#5	67	80	0
990	44.4893	44.594	C#4	68	80	0
991	44.6164	44.6602	G#3	60	80	0
992	44.6218	44.7051	G#5	71	80	0
993	44.6218	44.657	B4	78	80	0
994	44.6292	44.657	F4	51	80	0
995	44.7457	44.9284	F#3	77	80	0
996	44.7553	44.8493	F#5	77	80	0
997	44.767	44.7991	Bb4	74	80	0
998	44.9017	45.0715	G#5	71	80	0
999	44.9049	44.9316	Bb4	76	80	0
1000	44.9198	45.0192	C#4	67	80	0
1001	44.9455	44.9711	B4	57	80	0
1002	45.0235	45.0737	Bb3	70	80	0
1003	45.0288	45.0715	F#4	60	80	0
1004	45.0373	45.0673	C#5	75	80	0
1005	45.0502	45.0822	Bb5	70	80	0
1006	45.1741	45.1987	F3	67	80	0
1007	45.1837	45.2713	Eb5	77	80	0
1008	45.1848	45.3322	C6	71	80	0
1009	45.3162	45.3953	F5	71	80	0
1010	45.3376	45.3653	F4	56	80	0
1011	45.3429	45.4946	C#6	54	80	0
1012	45.4294	45.4594	A4	62	80	0
1013	45.4305	45.4818	C4	71	80	0
1014	45.4455	45.4711	C#4	34	80	0
1015	45.4465	45.5117	Eb5	82	80	0
1016	45.4711	45.625	C6	72	80	0
1017	45.5918	45.7553	Bb3	72	80	0
1018	45.595	45.735	Bb5	77	80	0
1019	45.6047	45.6474	C#5	76	80	0
1020	45.719	45.8312	F4	71	80	0
1021	45.7211	45.9049	C6	72	80	0
1022	45.7339	45.8856	Eb5	74	80	0
1023	45.86	45.8953	Bb4	65	80	0
1024	45.8653	45.9583	C#4	61	80	0
1025	45.8664	45.8974	F5	79	80	0
1026	45.8739	45.9433	C#6	77	80	0
1027	46.0053	46.1709	A3	68	80	0
1028	46.0149	46.172	Eb6	78	80	0
1029	46.016	46.1666	G5	81	80	0
1030	46.1485	46.3076	Eb4	74	80	0
1031	46.1517	46.345	F6	77	80	0
1032	46.1623	46.3151	G#5	77	80	0
1033	46.2873	46.3365	C#4	69	80	0
1034	46.3002	46.5074	Eb6	82	80	0
1035	46.3023	46.5128	G5	85	80	0
1036	46.3034	46.3504	G4	77	80	0
1037	46.4764	46.5203	C#5	86	80	0
1038	46.4818	46.6517	F6	74	80	0
1039	46.4839	46.5064	Eb4	64	80	0
1040	46.4861	46.6688	G#5	80	80	0
1041	46.6581	46.8311	Eb6	73	80	0
1042	46.6581	46.8397	G5	81	80	0
1043	46.7916	46.9732	F6	80	80	0
1044	46.7991	46.9508	G#5	84	80	0
1045	46.9423	47.0854	G5	82	80	0
1046	46.9433	47.1089	Eb6	76	80	0
1047	47.0694	47.2339	G#5	85	80	0
1048	47.0833	47.2425	F6	77	80	0
1049	47.204	47.3867	Eb6	75	80	0
1050	47.2126	47.3707	G5	86	80	0
1051	47.344	47.5085	G#5	86	80	0
1052	47.3472	47.5106	F6	82	80	0
1053	47.4882	47.6314	G5	86	80	0
1054	47.4893	47.6623	Eb6	79	80	0
1055	47.6121	47.7767	G#5	85	80	0
1056	47.6228	47.782	F6	81	80	0
1057	47.751	47.9177	A2	73	80	0
1058	47.7553	48.2083	A1	67	80	0
1059	47.7564	47.9433	Eb6	76	80	0
1060	47.7596	47.9284	G5	87	80	0
1061	47.9081	48.0662	G#5	84	80	0
1062	47.9198	48.0844	F6	77	80	0
1063	48.0534	48.1955	G5	84	80	0
1064	48.0598	48.3119	Eb6	78	80	0
1065	48.2104	48.3985	G#2	61	80	0
1066	48.2115	48.3536	G#1	60	80	0
1067	48.2756	48.4497	G#5	71	80	0
1068	48.2799	48.4743	F6	69	80	0
1069	48.4487	48.6014	Eb6	74	80	0
1070	48.4529	48.5694	F#5	72	80	0
1071	48.5908	48.7361	G#5	72	80	0
1072	48.595	48.7467	F6	71	80	0
1073	48.72	48.8461	Bb4	61	80	0
1074	48.7264	48.8525	F#4	54	80	0
1075	48.7297	48.8953	F#5	73	80	0
1076	48.735	48.892	Eb6	72	80	0
1077	48.8771	48.985	C4	52	80	0
1078	48.8792	49.0096	G#4	57	80	0
1079	48.8824	49.0405	G#5	77	80	0
1080	48.8878	49.0405	F6	75	80	0
1081	49.016	49.1559	Bb4	70	80	0
1082	49.0256	49.1901	Eb6	75	80	0
1083	49.0256	49.1762	F#5	79	80	0
1084	49.032	49.1559	F#4	58	80	0
1085	49.1591	49.282	C4	64	80	0
1086	49.1623	49.3183	F6	80	80	0
1087	49.1634	49.3151	G#5	81	80	0
1088	49.172	49.297	G#4	63	80	0
1089	49.2991	49.4754	Eb6	75	80	0
1090	49.3076	49.4412	F#5	79	80	0
1091	49.3087	49.4155	Bb4	70	80	0
1092	49.3194	49.4358	F#4	62	80	0
1093	49.4316	49.5886	G#5	82	80	0
1094	49.438	49.6004	F6	80	80	0
1095	49.4391	49.5502	C4	69	80	0
1096	49.4561	49.5918	G#4	66	80	0
1097	49.563	49.7467	Eb6	69	80	0
1098	49.5769	49.7403	F#5	82	80	0
1099	49.5769	49.6955	Bb4	79	80	0
1100	49.61	49.735	F#4	62	80	0
1101	49.7136	49.9027	G#5	84	80	0
1102	49.719	49.8461	C4	63	80	0
1103	49.72	49.8963	F6	80	80	0
1104	49.7318	49.8611	G#4	64	80	0
1105	49.8717	49.9455	F#5	81	80	0
1106	49.875	49.9081	C5	69	80	0
1107	49.8814	49.9572	Eb6	76	80	0
1108	49.891	50.0587	Eb4	59	80	0
1109	50.095	50.3055	F#4	42	80	0
1110	50.1025	50.2393	Eb5	55	80	0
1111	50.1164	50.2905	Eb6	62	80	0
1112	50.1207	50.2532	F#5	53	80	0
1113	50.2895	50.3611	Bb5	62	80	0
1114	50.2895	50.4423	F#6	65	80	0
1115	50.4177	50.4647	F6	67	80	0
1116	50.4305	50.4935	G#5	75	80	0
1117	50.5662	50.7072	Eb6	77	80	0
1118	50.5737	50.6933	F#5	72	80	0
1119	50.5908	50.6249	G#2	47	80	0
1120	50.6068	50.657	Bb2	34	80	0
1121	50.7061	50.8867	F5	76	80	0
1122	50.7094	50.7393	C#6	54	80	0
1123	50.7467	50.7788	G#3	51	80	0
1124	50.8493	50.9594	C#5	74	80	0
1125	50.8504	50.9999	Bb5	73	80	0
1126	50.8557	50.9732	Eb3	59	80	0
1127	51.0117	51.3012	F#3	47	80	0
1128	51.017	51.141	G#5	61	80	0
1129	51.0235	51.219	Eb4	41	80	0
1130	51.032	51.1688	C5	56	80	0
1131	51.1709	51.2841	Eb5	62	80	0
1132	51.1794	51.282	C6	60	80	0
1133	51.3183	51.344	Bb5	53	80	0
1134	51.3376	51.4358	C#5	60	80	0
1135	51.4754	51.5822	C5	66	80	0
1136	51.485	51.6196	G#5	60	80	0
1137	51.6292	51.7019	Bb4	69	80	0
1138	51.6452	51.6784	F#5	41	80	0
1139	51.797	51.9764	F#4	57	80	0
1140	51.7991	51.9861	Eb5	57	80	0
1141	52.0267	52.2093	C#2	41	80	0
1142	52.0448	52.3354	C#5	43	80	0
1143	52.063	52.2852	F4	34	80	0
1144	52.548	52.6698	F4	36	80	0
1145	52.579	52.6314	G#3	40	80	0
1146	52.7104	52.7831	C#4	51	80	0
1147	52.7211	52.767	F5	60	80	0
1148	52.7243	52.8514	C#6	59	80	0
1149	52.8557	52.8856	C#5	50	80	0
1150	52.8589	52.9487	F4	50	80	0
1151	52.8685	53.0299	Eb6	59	80	0
1152	52.8728	52.9326	F#5	58	80	0
1153	52.9935	53.1549	C#4	46	80	0
1154	52.9999	53.0267	F5	64	80	0
1155	53.0021	53.0662	C#6	61	80	0
1156	53.0384	53.0865	G#4	29	80	0
1157	53.1431	53.3482	Bb5	62	80	0
1158	53.1442	53.1805	G#3	64	80	0
1159	53.1784	53.2318	C#5	51	80	0
1160	53.3226	53.3835	C#3	65	80	0
1161	53.3792	53.5801	Eb5	57	80	0
1162	53.3803	53.5929	B5	62	80	0
1163	53.5769	53.6495	F4	58	80	0
1164	53.5833	53.7093	C#6	64	80	0
1165	53.5918	53.6527	F5	62	80	0
1166	53.6153	53.6581	G#3	38	80	0
1167	53.7115	53.7382	G#4	54	80	0
1168	53.7329	53.8066	C#4	47	80	0
1169	53.7339	53.797	Eb5	73	80	0
1170	53.7382	53.8931	B5	68	80	0
1171	53.8653	53.938	F4	51	80	0
1172	53.8696	54.0096	C#6	65	80	0
1173	53.8728	53.8995	B4	54	80	0
1174	53.8792	54.0117	F5	65	80	0
1175	54.0096	54.1452	C#4	41	80	0
1176	54.0117	54.0982	Eb5	69	80	0
1177	54.0181	54.1549	B5	63	80	0
1178	54.0373	54.0683	G#4	55	80	0
1179	54.1292	54.1538	G#3	67	80	0
1180	54.157	54.2713	C#6	66	80	0
1181	54.1613	54.2756	F5	68	80	0
1182	54.3076	54.3365	C#2	64	80	0
1183	54.3311	54.4807	B5	61	80	0
1184	54.3343	54.4166	Eb5	65	80	0
1185	54.3611	54.4273	Eb2	14	80	0
1186	54.4764	54.6185	F5	64	80	0
1187	54.4807	54.5502	C#6	55	80	0
1188	54.4946	54.5277	C#4	48	80	0
1189	54.6282	54.6837	G#3	60	80	0
1190	54.6303	54.6869	Eb5	65	80	0
1191	54.6324	54.798	B5	67	80	0
1192	54.7467	54.8824	C#6	63	80	0
1193	54.751	54.8931	F5	69	80	0
1194	54.7606	54.8514	C#4	67	80	0
1195	54.8835	54.9091	Eb5	62	80	0
1196	54.8835	54.9166	B5	48	80	0
1197	54.8974	54.9561	G#3	46	80	0
1198	54.9273	54.9871	F4	54	80	0
1199	55.032	55.2264	G#5	71	80	0
1200	55.0373	55.1292	B4	69	80	0
1201	55.1997	55.2329	F#2	71	80	0
1202	55.2104	55.2734	Bb5	71	80	0
1203	55.2179	55.3568	C#5	68	80	0
1204	55.3675	55.4519	Bb4	71	80	0
1205	55.3685	55.4796	F#5	64	80	0
1206	55.3942	55.4903	C#4	58	80	0
1207	55.4893	55.5299	Bb3	63	80	0
1208	55.4967	55.6217	Bb5	68	80	0
1209	55.5031	55.6249	C#5	70	80	0
1210	55.6153	55.6506	C5	69	80	0
1211	55.6249	55.6623	G#5	59	80	0
1212	55.6506	55.6869	G#2	66	80	0
1213	55.7724	55.9903	Eb5	62	80	0
1214	55.7745	55.8952	F#4	65	80	0
1215	55.9006	55.9871	G#3	51	80	0
1216	55.9935	56.0256	Eb3	59	80	0
1217	55.9935	56.0715	F5	66	80	0
1218	56.0299	56.1634	G#4	49	80	0
1219	56.1687	56.2136	C#2	62	80	0
1220	56.1773	56.3226	C#5	60	80	0
1221	56.1837	56.3867	F4	62	80	0
1222	56.3504	56.4262	Eb5	63	80	0
1223	56.3546	56.4252	F#4	62	80	0
1224	56.3685	56.4348	F3	58	80	0
1225	56.4861	56.5459	C#3	51	80	0
1226	56.4967	56.5576	C#5	64	80	0
1227	56.5181	56.5705	F4	65	80	0
1228	56.6046	56.6378	C#4	54	80	0
1229	56.6057	56.7029	F3	62	80	0
1230	56.6164	56.7649	Eb5	66	80	0
1231	56.6217	56.688	F#4	69	80	0
1232	56.7478	56.8942	C#3	45	80	0
1233	56.7628	56.7927	F4	60	80	0
1234	56.7638	56.8098	C#5	61	80	0
1235	56.7638	56.8183	G#3	54	80	0
1236	56.8942	56.9209	G#2	57	80	0
1237	56.9017	57.0106	Bb4	63	80	0
1238	56.9123	56.9861	C#4	70	80	0
1239	57.0523	57.1068	C#2	67	80	0
1240	57.0811	57.2692	B4	66	80	0
1241	57.0918	57.2873	Eb4	60	80	0
1242	57.2745	57.3974	C#5	65	80	0
1243	57.2831	57.3514	F4	51	80	0
1244	57.2841	57.3846	F3	53	80	0
1245	57.3183	57.36	G#2	35	80	0
1246	57.4027	57.4273	G#3	58	80	0
1247	57.4187	57.4903	C#3	51	80	0
1248	57.4241	57.5534	B4	65	80	0
1249	57.4284	57.485	Eb4	63	80	0
1250	57.5416	57.5662	B3	64	80	0
1251	57.5512	57.6698	F4	65	80	0
1252	57.5534	57.6527	C#5	68	80	0
1253	57.5598	57.6175	F3	50	80	0
1254	57.6933	57.8108	C#3	48	80	0
1255	57.6955	57.8514	B4	63	80	0
1256	57.7029	57.7617	Eb4	65	80	0
1257	57.7125	57.7617	G#3	63	80	0
1258	57.797	57.8461	F3	37	80	0
1259	57.8151	57.8504	G#2	63	80	0
1260	57.8365	57.9422	C#5	62	80	0
1261	57.8408	57.97	F4	68	80	0
1262	57.97	58.017	C#2	65	80	0
1263	57.9882	58.1143	Eb4	65	80	0
1264	57.9935	58.1378	B4	65	80	0
1265	58.1175	58.2211	C#5	63	80	0
1266	58.1249	58.2457	F4	67	80	0
1267	58.1303	58.2008	C#3	62	80	0
1268	58.2393	58.2873	G#2	62	80	0
1269	58.2617	58.3343	Eb4	76	80	0
1270	58.2692	58.3888	B4	58	80	0
1271	58.3792	58.4636	C#3	64	80	0
1272	58.3846	58.5202	C#5	63	80	0
1273	58.3888	58.5074	F4	69	80	0
1274	58.3974	58.4444	G#3	34	80	0
1275	58.5224	58.5448	Eb4	63	80	0
1276	58.5299	58.6452	G#2	45	80	0
1277	58.5405	58.5843	F3	51	80	0
1278	58.548	58.5843	B4	44	80	0
1279	58.6452	58.6976	F2	37	80	0
1280	58.6752	58.7724	B3	73	80	0
1281	58.6794	58.845	G#4	64	80	0
1282	58.8034	58.8514	F#1	67	80	0
1283	58.844	58.8867	Bb4	71	80	0
1284	58.8504	58.9412	C#4	66	80	0
1285	59.001	59.1281	F#4	63	80	0
1286	59.0021	59.0961	Bb3	71	80	0
1287	59.0074	59.0929	C#3	52	80	0
1288	59.1132	59.173	B2	25	80	0
1289	59.1356	59.2083	C#4	69	80	0
1290	59.1399	59.2574	Bb4	66	80	0
1291	59.2574	59.2948	G#1	70	80	0
1292	59.2649	59.298	C4	72	80	0
1293	59.2831	59.3055	G#4	54	80	0
1294	59.4262	59.5683	Eb4	65	80	0
1295	59.4348	59.4754	F#3	65	80	0
1296	59.438	59.5053	G#2	55	80	0
1297	59.5672	59.6025	Eb2	51	80	0
1298	59.5683	59.6581	F4	67	80	0
1299	59.5737	59.6292	C3	28	80	0
1300	59.5993	59.7307	G#3	55	80	0
1301	59.7232	59.9401	C#2	53	80	0
1302	59.7307	59.9679	C#3	51	80	0
1303	59.7564	59.8792	F3	62	80	0
1304	59.7617	59.9433	C#4	58	80	0
1305	59.9369	59.9615	D4	58	80	0
1306	59.9401	59.9636	F#3	60	80	0
1307	60.0737	60.1185	G3	70	80	0
1308	60.0833	60.1143	Eb4	58	80	0
1309	60.2029	60.2403	G#3	68	80	0
1310	60.2093	60.2403	E4	62	80	0
1311	60.3461	60.3728	F4	68	80	0
1312	60.3504	60.3878	A3	68	80	0
1313	60.4807	60.5202	F#4	59	80	0
1314	60.4839	60.5117	Bb3	63	80	0
1315	60.6004	60.7393	G#2	60	80	0
1316	60.6068	60.7115	G#3	51	80	0
1317	60.6111	60.6474	G4	67	80	0
1318	60.6153	60.6495	B3	73	80	0
1319	60.7489	60.7937	G#4	70	80	0
1320	60.7563	60.7969	C4	71	80	0
1321	60.7574	60.8846	Eb3	57	80	0
1322	60.766	60.8771	F#3	49	80	0
1323	60.8835	60.9166	C#4	75	80	0
1324	60.8984	60.9401	A4	65	80	0
1325	60.907	61.0277	G#3	57	80	0
1326	60.9155	61.0331	G#2	54	80	0
1327	61.0245	61.0822	D4	75	80	0
1328	61.0384	61.0747	Bb4	65	80	0
1329	61.0523	61.1687	F#3	57	80	0
1330	61.0523	61.173	Eb3	62	80	0
1331	61.1613	61.1965	Eb4	68	80	0
1332	61.1677	61.2115	B4	63	80	0
1333	61.1987	61.3044	G#2	63	80	0
1334	61.1997	61.298	G#3	59	80	0
1335	61.2916	61.3258	C5	69	80	0
1336	61.2937	61.3354	E4	65	80	0
1337	61.3333	61.4433	Eb3	62	80	0
1338	61.345	61.4412	F#3	56	80	0
1339	61.4369	61.4893	F4	69	80	0
1340	61.438	61.5234	C#5	68	80	0
1341	61.4658	61.5737	G#2	62	80	0
1342	61.4668	61.5683	G#3	60	80	0
1343	61.5608	61.6036	D5	64	80	0
1344	61.5651	61.595	F#4	64	80	0
1345	61.5929	61.7051	Eb3	62	80	0
1346	61.6004	61.6997	F#3	60	80	0
1347	61.6965	61.7435	G4	70	80	0
1348	61.6976	61.7371	Eb5	68	80	0
1349	61.7307	61.8162	G#3	57	80	0
1350	61.735	61.8472	G#2	57	80	0
1351	61.813	61.8504	Eb5	23	80	0
1352	61.8151	61.8664	G#4	65	80	0
1353	61.8429	61.8781	E5	43	80	0
1354	61.861	61.9711	Eb3	62	80	0
1355	61.8664	61.9583	F#3	60	80	0
1356	61.9583	61.9925	F5	73	80	0
1357	61.9647	62.001	A4	67	80	0
1358	61.985	62.0779	G#3	58	80	0
1359	61.9957	62.095	G#2	63	80	0
1360	62.0961	62.1346	F#5	68	80	0
1361	62.1014	62.2275	Eb3	66	80	0
1362	62.1036	62.1292	Bb4	51	80	0
1363	62.1207	62.2275	F#3	60	80	0
1364	62.2328	62.2799	B4	78	80	0
1365	62.236	62.2713	G5	74	80	0
1366	62.2414	62.3365	G#3	66	80	0
1367	62.2467	62.3568	G#2	66	80	0
1368	62.3557	62.4818	Eb3	66	80	0
1369	62.3675	62.4219	G#5	74	80	0
1370	62.3781	62.4241	C5	75	80	0
1371	62.3835	62.4657	F#3	56	80	0
1372	62.4935	62.5833	G#3	62	80	0
1373	62.4957	62.5256	C#5	75	80	0
1374	62.4999	62.5363	A5	64	80	0
1375	62.501	62.5437	G#5	31	80	0
1376	62.5063	62.6228	G#2	62	80	0
1377	62.6228	62.7328	F#3	63	80	0
1378	62.6271	62.6901	D5	81	80	0
1379	62.6281	62.7467	Eb3	68	80	0
1380	62.6313	62.6784	Bb5	73	80	0
1381	62.7499	62.8664	G#3	70	80	0
1382	62.7521	62.7863	Eb5	76	80	0
1383	62.7563	62.7948	B5	72	80	0
1384	62.7617	62.7937	Bb5	32	80	0
1385	62.7777	62.9027	G#2	62	80	0
1386	62.892	62.938	E5	81	80	0
1387	62.8942	62.9284	C6	79	80	0
1388	62.8974	63.017	Eb3	69	80	0
1389	62.9006	63.0074	F#3	65	80	0
1390	63.0234	63.1378	G#3	69	80	0
1391	63.0266	63.1794	C#6	80	80	0
1392	63.0266	63.0907	F5	85	80	0
1393	63.0352	63.1645	G#2	70	80	0
1394	63.1463	63.2841	Eb3	73	80	0
1395	63.1549	63.1826	F#5	77	80	0
1396	63.157	63.1912	D6	71	80	0
1397	63.1591	63.2692	F#3	68	80	0
1398	63.2777	63.3386	G5	87	80	0
1399	63.2841	63.3418	Eb6	78	80	0
1400	63.2884	63.3931	G#3	66	80	0
1401	63.2937	63.4177	G#2	64	80	0
1402	63.3952	63.5277	Eb3	70	80	0
1403	63.3963	63.4284	Eb6	37	80	0
1404	63.4006	63.4454	G#5	82	80	0
1405	63.4059	63.4358	E6	73	80	0
1406	63.4155	63.5181	F#3	70	80	0
1407	63.5309	63.5651	F6	84	80	0
1408	63.5309	63.5822	A5	85	80	0
1409	63.5341	63.6388	G#3	74	80	0
1410	63.548	63.6677	G#2	72	80	0
1411	63.6431	63.782	Eb3	72	80	0
1412	63.6484	63.7083	Bb5	89	80	0
1413	63.657	63.704	F#6	78	80	0
1414	63.6613	63.7756	F#3	70	80	0
1415	63.7841	63.8461	G6	89	80	0
1416	63.7852	63.9038	G#3	77	80	0
1417	63.7863	63.845	B5	88	80	0
1418	63.7937	63.9326	G#2	75	80	0
1419	63.9059	64.0288	Eb3	74	80	0
1420	63.9273	64.017	F#3	69	80	0
1421	63.9305	63.9946	G#6	86	80	0
1422	63.9305	63.9914	C6	82	80	0
1423	64.0437	64.1356	G#3	76	80	0
1424	64.048	64.0897	G#6	56	80	0
1425	64.0523	64.111	C#6	87	80	0
1426	64.0587	64.0961	A6	79	80	0
1427	64.0608	64.4294	G#2	74	80	0
1428	64.0672	64.11	C6	39	80	0
1429	64.1613	64.2371	Eb3	79	80	0
1430	64.1698	64.2008	F#3	70	80	0
1431	64.1794	64.2435	D6	92	80	0
1432	64.1869	64.2393	Bb6	82	80	0
1433	64.2008	64.2318	Eb6	55	80	0
1434	64.2628	64.3749	G#3	72	80	0
1435	64.3098	64.3536	Eb6	86	80	0
1436	64.314	64.3397	Bb6	49	80	0
1437	64.314	64.345	B6	76	80	0
1438	64.3279	64.3888	D6	30	80	0
1439	64.36	64.4764	F#3	73	80	0
1440	64.3643	64.4433	Eb3	75	80	0
1441	64.4305	64.4903	C7	80	80	0
1442	64.4732	64.4732	B6	45	80	0
1443	64.5544	64.6313	F3	78	80	0
1444	64.5566	64.6367	C#3	77	80	0
1445	64.5619	64.6677	F6	94	80	0
1446	64.5651	64.6816	C#7	93	80	0
1447	65.0192	65.0694	F#4	84	80	0
1448	65.0266	65.0726	C4	73	80	0
1449	65.0266	65.1164	G#5	91	80	0
1450	65.032	65.1057	G#4	89	80	0
1451	65.0341	65.0886	G#3	75	80	0
1452	65.0587	65.0865	Eb5	54	80	0
1453	65.4647	65.5021	C#4	81	80	0
1454	65.47	65.5384	G#4	69	80	0
1455	65.4711	65.5138	G#3	75	80	0
1456	65.4732	65.5288	C#5	76	80	0
1457	65.4732	65.5416	F4	86	80	0
1458	65.4743	65.5363	C#3	71	80	0
1459	65.4754	65.5213	F5	82	80	0
1460	65.9102	66.1271	F#4	77	80	0
1461	65.9113	66.0149	F#3	74	80	0
1462	65.9113	66.1078	Bb3	85	80	0
1463	65.9134	66.017	C#3	71	80	0
1464	65.9134	66.1313	Bb4	84	80	0
1465	65.9187	66.111	C#4	28	80	0
1466	65.9241	66.0309	F#2	65	80	0
1467	66.1719	66.4262	C#2	67	80	0
1468	66.3226	66.5897	G#2	67	80	0
1469	66.5181	69.0042	C#4	75	80	0
1470	66.5181	66.5865	F3	76	80	0
1471	66.5202	68.9871	C#5	88	80	0
1472	66.5234	69.0021	G#4	77	80	0
#SusPed	0.212607	15	0
#SofPed	0.212607	15	0
#SusPed	0.416666	31	0
#SofPed	0.416666	31	0
#SusPed	0.620726	45	0
#SofPed	0.620726	45	0
#SusPed	0.824786	63	0
#SofPed	0.824786	63	0
#SusPed	1.02885	75	0
#SofPed	1.02885	75	0
#SusPed	1.2329	93	0
#SofPed	1.2329	93	0
#SusPed	1.43696	105	0
#SofPed	1.43696	105	0
#SusPed	1.64102	126	0
#SofPed	1.64102	127	0
#SusPed	3.04166	116	0
#SusPed	3.06089	89	0
#SusPed	3.08333	69	0
#SusPed	3.10256	65	0
#SusPed	3.12179	69	0
#SusPed	3.14316	75	0
#SusPed	3.16346	86	0
#SusPed	3.18376	101	0
#SusPed	3.20299	112	0
#SusPed	3.22329	118	0
#SusPed	3.24252	124	0
#SusPed	3.59936	120	0
#SusPed	3.69978	116	0
#SusPed	3.81944	112	0
#SusPed	4.04914	104	0
#SusPed	4.06944	89	0
#SusPed	4.0876	68	0
#SusPed	4.10577	52	0
#SusPed	4.16559	60	0
#SusPed	4.18589	68	0
#SusPed	4.20619	76	0
#SusPed	4.22756	84	0
#SusPed	4.24572	91	0
#SusPed	4.26602	95	0
#SusPed	4.30341	101	0
#SusPed	4.96688	106	0
#SusPed	5.00747	99	0
#SusPed	5.02777	80	0
#SusPed	5.04807	62	0
#SusPed	5.06837	60	0
#SusPed	5.0876	65	0
#SusPed	5.1079	73	0
#SusPed	5.12927	86	0
#SusPed	5.1485	102	0
#SusPed	5.16452	110	0
#SusPed	5.93162	97	0
#SusPed	5.95085	75	0
#SusPed	5.97115	52	0
#SusPed	5.99038	43	0
#SusPed	6.01068	47	0
#SusPed	6.03098	57	0
#SusPed	6.04593	68	0
#SusPed	6.06837	77	0
#SusPed	6.0876	87	0
#SusPed	6.11004	94	0
#SusPed	6.12927	100	0
#SusPed	6.22863	104	0
#SusPed	6.87179	83	0
#SusPed	6.89209	61	0
#SusPed	6.91132	51	0
#SusPed	6.93162	56	0
#SusPed	6.94978	65	0
#SusPed	6.97115	76	0
#SusPed	6.99145	89	0
#SusPed	7.01068	99	0
#SusPed	7.24679	105	0
#SusPed	7.26709	110	0
#SusPed	7.30662	104	0
#SusPed	7.32585	82	0
#SusPed	7.34721	60	0
#SusPed	7.36645	51	0
#SusPed	7.38781	55	0
#SusPed	7.40704	64	0
#SusPed	7.42734	76	0
#SusPed	7.44657	89	0
#SusPed	7.46687	101	0
#SusPed	7.4861	105	0
#SusPed	7.76602	98	0
#SusPed	7.78525	79	0
#SusPed	7.80448	52	0
#SusPed	7.82371	12	0
#SusPed	7.85469	0	0
#SusPed	7.89529	26	0
#SusPed	7.91345	52	0
#SusPed	7.93482	69	0
#SusPed	7.95405	77	0
#SusPed	7.97328	81	0
#SusPed	7.99145	83	0
#SusPed	8.67521	81	0
#SusPed	8.69657	73	0
#SusPed	8.71687	64	0
#SusPed	8.7361	59	0
#SusPed	8.797	63	0
#SusPed	8.82691	67	0
#SusPed	8.84508	72	0
#SusPed	8.86431	76	0
#SusPed	8.88461	78	0
#SusPed	9.08439	80	0
#SusPed	9.10362	78	0
#SusPed	9.12285	72	0
#SusPed	9.14315	62	0
#SusPed	9.16345	56	0
#SusPed	9.20298	60	0
#SusPed	9.21901	67	0
#SusPed	9.23931	75	0
#SusPed	9.26067	82	0
#SusPed	9.27991	87	0
#SusPed	9.63781	74	0
#SusPed	9.66025	58	0
#SusPed	9.67734	45	0
#SusPed	9.69657	40	0
#SusPed	9.71687	44	0
#SusPed	9.7361	54	0
#SusPed	9.7564	65	0
#SusPed	9.7767	72	0
#SusPed	9.80555	77	0
#SusPed	9.82584	81	0
#SusPed	9.84721	84	0
#SusPed	10.5385	87	0
#SusPed	10.6186	74	0
#SusPed	10.6389	61	0
#SusPed	10.6581	58	0
#SusPed	10.6784	61	0
#SusPed	10.6987	68	0
#SusPed	10.719	76	0
#SusPed	10.734	83	0
#SusPed	10.7553	89	0
#SusPed	11.5214	86	0
#SusPed	11.5406	72	0
#SusPed	11.5598	53	0
#SusPed	11.5812	37	0
#SusPed	11.6175	42	0
#SusPed	11.6378	55	0
#SusPed	11.6592	67	0
#SusPed	11.6784	74	0
#SusPed	11.6976	79	0
#SusPed	11.719	81	0
#SusPed	11.7575	83	0
#SusPed	12.3825	85	0
#SusPed	12.4423	78	0
#SusPed	12.4615	65	0
#SusPed	12.4776	59	0
#SusPed	12.4989	60	0
#SusPed	12.5203	64	0
#SusPed	12.5384	70	0
#SusPed	12.5577	79	0
#SusPed	12.579	88	0
#SusPed	12.5993	94	0
#SusPed	13.3248	88	0
#SusPed	13.3419	72	0
#SusPed	13.3632	55	0
#SusPed	13.4028	61	0
#SusPed	13.4241	71	0
#SusPed	13.4434	82	0
#SusPed	13.4637	93	0
#SusPed	13.484	100	0
#SusPed	13.5235	104	0
#SusPed	14.1464	109	0
#SusPed	14.1688	113	0
#SusPed	14.2051	109	0
#SusPed	14.2243	91	0
#SusPed	14.2478	76	0
#SusPed	14.2671	72	0
#SusPed	14.2852	77	0
#SusPed	14.3045	87	0
#SusPed	14.3226	103	0
#SusPed	14.3429	109	0
#SusPed	14.3835	104	0
#SusPed	14.4231	100	0
#SusPed	14.6431	104	0
#SusPed	15.1464	88	0
#SusPed	15.1677	59	0
#SusPed	15.187	0	0
#SusPed	15.2468	17	0
#SusPed	15.2681	46	0
#SusPed	15.2874	69	0
#SusPed	15.3066	82	0
#SusPed	15.328	97	0
#SusPed	15.3461	109	0
#SusPed	15.3675	114	0
#SusPed	16.0908	107	0
#SusPed	16.1122	85	0
#SusPed	16.1314	57	0
#SusPed	16.1485	25	0
#SusPed	16.1688	17	0
#SusPed	16.1891	24	0
#SusPed	16.2083	44	0
#SusPed	16.2286	65	0
#SusPed	16.25	77	0
#SusPed	16.2692	87	0
#SusPed	16.2874	92	0
#SusPed	17.1122	86	0
#SusPed	17.1325	75	0
#SusPed	17.1528	57	0
#SusPed	17.1731	29	0
#SusPed	17.1934	0	0
#SusPed	17.2724	24	0
#SusPed	17.2895	50	0
#SusPed	17.3109	68	0
#SusPed	17.3312	79	0
#SusPed	17.3515	87	0
#SusPed	17.3707	92	0
#SusPed	17.4113	97	0
#SusPed	18.0716	101	0
#SusPed	18.1132	91	0
#SusPed	18.1325	68	0
#SusPed	18.1517	33	0
#SusPed	18.172	0	0
#SusPed	18.2318	35	0
#SusPed	18.2532	61	0
#SusPed	18.2713	77	0
#SusPed	18.2927	90	0
#SusPed	18.313	100	0
#SusPed	18.938	104	0
#SusPed	18.9754	109	0
#SusPed	19.0374	83	0
#SusPed	19.0566	52	0
#SusPed	19.0758	0	0
#SusPed	19.1154	10	0
#SusPed	19.1357	41	0
#SusPed	19.156	67	0
#SusPed	19.1773	81	0
#SusPed	19.1955	95	0
#SusPed	19.2147	104	0
#SusPed	19.5331	108	0
#SusPed	19.8365	112	0
#SusPed	19.8793	117	0
#SusPed	19.9177	94	0
#SusPed	19.9391	61	0
#SusPed	19.9594	0	0
#SusPed	20.0374	39	0
#SusPed	20.0566	63	0
#SusPed	20.0769	75	0
#SusPed	20.0972	83	0
#SusPed	20.1164	88	0
#SusPed	20.7927	66	0
#SusPed	20.8216	26	0
#SusPed	20.8429	0	0
#SusPed	20.8985	18	0
#SusPed	20.9209	48	0
#SusPed	20.9402	69	0
#SusPed	20.9604	80	0
#SusPed	20.9797	90	0
#SusPed	21	94	0
#SusPed	21.1592	99	0
#SusPed	21.1784	105	0
#SusPed	21.1966	117	0
#SusPed	21.2179	127	0
#SusPed	21.2575	101	0
#SusPed	21.2788	68	0
#SusPed	21.2981	36	0
#SusPed	21.3194	25	0
#SusPed	21.3365	32	0
#SusPed	21.3557	52	0
#SusPed	21.3771	73	0
#SusPed	21.3963	88	0
#SusPed	21.4156	103	0
#SusPed	21.4359	112	0
#SusPed	21.5545	117	0
#SusPed	21.5929	125	0
#SusPed	21.7137	93	0
#SusPed	21.735	57	0
#SusPed	21.7521	23	0
#SusPed	21.7916	35	0
#SusPed	21.8216	62	0
#SusPed	21.8419	82	0
#SusPed	21.8632	102	0
#SusPed	21.8814	124	0
#SusPed	22.141	87	0
#SusPed	22.1602	54	0
#SusPed	22.1795	38	0
#SusPed	22.1998	45	0
#SusPed	22.2179	63	0
#SusPed	22.2404	83	0
#SusPed	22.2585	109	0
#SusPed	22.2767	127	0
#SusPed	22.5758	94	0
#SusPed	22.5972	60	0
#SusPed	22.6154	20	0
#SusPed	22.6549	15	0
#SusPed	22.6752	42	0
#SusPed	22.6944	66	0
#SusPed	22.7137	77	0
#SusPed	22.7361	85	0
#SusPed	22.7553	88	0
#SusPed	23.4775	84	0
#SusPed	23.4968	70	0
#SusPed	23.5171	48	0
#SusPed	23.5363	14	0
#SusPed	23.5555	0	0
#SusPed	23.5961	28	0
#SusPed	23.6164	53	0
#SusPed	23.6346	71	0
#SusPed	23.657	80	0
#SusPed	23.6763	88	0
#SusPed	23.7137	92	0
#SusPed	24.5021	87	0
#SusPed	24.5203	77	0
#SusPed	24.5384	63	0
#SusPed	24.5566	58	0
#SusPed	24.578	61	0
#SusPed	24.5983	68	0
#SusPed	24.6196	76	0
#SusPed	24.6378	83	0
#SusPed	24.6613	86	0
#SusPed	24.906	84	0
#SusPed	25.125	82	0
#SusPed	25.1848	79	0
#SusPed	25.4626	74	0
#SusPed	25.4797	63	0
#SusPed	25.4989	56	0
#SusPed	25.5395	60	0
#SusPed	25.5598	67	0
#SusPed	25.579	74	0
#SusPed	25.6004	78	0
#SusPed	25.6784	76	0
#SusPed	25.9466	73	0
#SusPed	25.9658	66	0
#SusPed	25.9861	59	0
#SusPed	26.0064	57	0
#SusPed	26.0459	62	0
#SusPed	26.0662	68	0
#SusPed	26.0844	72	0
#SusPed	26.1036	75	0
#SusPed	26.3419	69	0
#SusPed	26.3622	63	0
#SusPed	26.3814	60	0
#SusPed	26.422	63	0
#SusPed	26.4423	67	0
#SusPed	26.4615	71	0
#SusPed	26.4829	73	0
#SusPed	27.2436	70	0
#SusPed	27.2628	64	0
#SusPed	27.2842	61	0
#SusPed	27.3034	63	0
#SusPed	27.3226	68	0
#SusPed	27.344	74	0
#SusPed	27.3643	76	0
#SusPed	27.6602	71	0
#SusPed	27.6795	61	0
#SusPed	27.6987	45	0
#SusPed	27.7201	24	0
#SusPed	27.7404	19	0
#SusPed	27.7596	26	0
#SusPed	27.781	44	0
#SusPed	27.8002	63	0
#SusPed	27.8258	72	0
#SusPed	27.8461	74	0
#SusPed	28.1463	69	0
#SusPed	28.1656	60	0
#SusPed	28.1848	52	0
#SusPed	28.2062	50	0
#SusPed	28.2254	52	0
#SusPed	28.2457	59	0
#SusPed	28.2681	67	0
#SusPed	28.282	72	0
#SusPed	28.3034	76	0
#SusPed	29.0288	72	0
#SusPed	29.048	64	0
#SusPed	29.0683	58	0
#SusPed	29.1079	62	0
#SusPed	29.1271	68	0
#SusPed	29.1463	73	0
#SusPed	29.1656	76	0
#SusPed	29.4829	72	0
#SusPed	29.5042	65	0
#SusPed	29.5235	52	0
#SusPed	29.5438	35	0
#SusPed	29.5609	20	0
#SusPed	29.6015	25	0
#SusPed	29.6207	42	0
#SusPed	29.641	61	0
#SusPed	29.6624	70	0
#SusPed	29.6805	74	0
#SusPed	29.7019	76	0
#SusPed	29.7211	78	0
#SusPed	29.9498	72	0
#SusPed	29.9701	63	0
#SusPed	29.9893	55	0
#SusPed	30.0096	48	0
#SusPed	30.0277	44	0
#SusPed	30.0683	48	0
#SusPed	30.0876	56	0
#SusPed	30.1089	65	0
#SusPed	30.1271	69	0
#SusPed	30.2681	71	0
#SusPed	30.3055	73	0
#SusPed	30.3504	70	0
#SusPed	30.3664	67	0
#SusPed	30.407	68	0
#SusPed	30.4252	70	0
#SusPed	30.4455	74	0
#SusPed	30.4658	77	0
#SusPed	30.8322	71	0
#SusPed	30.8536	63	0
#SusPed	30.8728	58	0
#SusPed	30.9124	61	0
#SusPed	30.9305	65	0
#SusPed	30.9519	70	0
#SusPed	30.9733	73	0
#SusPed	31.0107	76	0
#SusPed	31.1891	78	0
#SusPed	31.2297	81	0
#SusPed	31.2874	71	0
#SusPed	31.3045	58	0
#SusPed	31.329	48	0
#SusPed	31.3493	45	0
#SusPed	31.3686	49	0
#SusPed	31.3867	59	0
#SusPed	31.4081	68	0
#SusPed	31.4273	75	0
#SusPed	31.4476	80	0
#SusPed	31.4679	83	0
#SusPed	31.5064	85	0
#SusPed	31.7254	82	0
#SusPed	31.7457	72	0
#SusPed	31.7628	58	0
#SusPed	31.7831	49	0
#SusPed	31.8023	46	0
#SusPed	31.8322	48	0
#SusPed	31.8525	55	0
#SusPed	31.8728	65	0
#SusPed	31.8942	72	0
#SusPed	31.9124	76	0
#SusPed	31.9327	80	0
#SusPed	31.9519	84	0
#SusPed	31.9711	88	0
#SusPed	32.0513	93	0
#SusPed	32.1517	97	0
#SusPed	32.1923	102	0
#SusPed	32.2713	106	0
#SusPed	32.3312	110	0
#SusPed	32.3899	114	0
#SusPed	32.4284	119	0
#SusPed	32.5096	125	0
#SofPed	32.9359	123	0
#SofPed	33.0566	118	0
#SofPed	33.2147	114	0
#SofPed	33.313	110	0
#SofPed	33.3525	106	0
#SofPed	33.3931	101	0
#SofPed	33.532	97	0
#SusPed	35.2553	107	0
#SusPed	35.2756	72	0
#SusPed	35.2959	30	0
#SusPed	35.3162	0	0
#SusPed	35.4166	25	0
#SusPed	35.4337	55	0
#SusPed	35.453	74	0
#SusPed	35.4743	85	0
#SusPed	35.4936	96	0
#SusPed	35.5139	103	0
#SusPed	35.5545	108	0
#SofPed	35.5555	101	0
#SusPed	35.9786	104	0
#SusPed	36.1773	100	0
#SusPed	36.1976	82	0
#SusPed	36.219	63	0
#SusPed	36.2382	57	0
#SusPed	36.2574	59	0
#SusPed	36.2777	64	0
#SusPed	36.2959	69	0
#SusPed	36.3162	74	0
#SusPed	36.3365	78	0
#SusPed	36.3579	83	0
#SusPed	36.3771	86	0
#SusPed	36.6752	81	0
#SusPed	36.6933	69	0
#SusPed	36.7136	63	0
#SusPed	36.7564	65	0
#SusPed	36.7617	67	0
#SusPed	36.7959	69	0
#SusPed	36.907	72	0
#SusPed	36.9262	75	0
#SusPed	36.9444	78	0
#SusPed	36.9839	80	0
#SusPed	37.0235	75	0
#SusPed	37.047	64	0
#SusPed	37.0651	54	0
#SusPed	37.0844	51	0
#SusPed	37.125	58	0
#SusPed	37.1431	63	0
#SusPed	37.1624	68	0
#SusPed	37.1827	70	0
#SusPed	37.204	72	0
#SusPed	37.2425	75	0
#SusPed	37.2628	77	0
#SusPed	37.2831	81	0
#SusPed	37.3023	88	0
#SusPed	37.3621	76	0
#SusPed	37.3814	63	0
#SusPed	37.4006	57	0
#SusPed	37.4401	63	0
#SusPed	37.4604	69	0
#SusPed	37.4807	74	0
#SusPed	37.501	76	0
#SusPed	37.5993	80	0
#SusPed	37.6186	86	0
#SusPed	37.6389	92	0
#SusPed	37.6784	83	0
#SusPed	37.6997	67	0
#SusPed	37.72	56	0
#SusPed	37.7777	62	0
#SusPed	37.7991	68	0
#SusPed	37.8269	73	0
#SusPed	37.8461	77	0
#SusPed	37.8664	80	0
#SusPed	37.8867	83	0
#SusPed	37.9273	79	0
#SusPed	37.9465	67	0
#SusPed	37.9668	55	0
#SusPed	37.9871	49	0
#SusPed	38.0256	53	0
#SusPed	38.0448	61	0
#SusPed	38.0651	67	0
#SusPed	38.0844	72	0
#SusPed	38.1057	74	0
#SofPed	38.1068	105	0
#SusPed	38.1645	76	0
#SusPed	38.2222	69	0
#SusPed	38.2414	59	0
#SusPed	38.2617	57	0
#SusPed	38.3023	63	0
#SusPed	38.3215	69	0
#SusPed	38.3429	74	0
#SusPed	38.3611	79	0
#SusPed	38.3814	81	0
#SusPed	38.4604	83	0
#SusPed	38.4978	80	0
#SusPed	38.5181	70	0
#SofPed	38.5213	109	0
#SusPed	38.5406	58	0
#SusPed	38.5609	53	0
#SusPed	38.6004	58	0
#SusPed	38.6186	65	0
#SusPed	38.6399	72	0
#SofPed	38.641	113	0
#SusPed	38.6624	78	0
#SusPed	38.6794	84	0
#SusPed	38.6997	89	0
#SusPed	38.7211	93	0
#SofPed	38.7393	117	0
#SusPed	38.7788	99	0
#SusPed	38.7991	104	0
#SusPed	38.829	109	0
#SofPed	38.8493	123	0
#SofPed	38.9273	127	0
#SusPed	39.1453	89	0
#SusPed	39.1645	65	0
#SusPed	39.1837	36	0
#SusPed	39.2446	22	0
#SusPed	39.2638	48	0
#SusPed	39.2841	68	0
#SusPed	39.3034	80	0
#SusPed	39.3226	92	0
#SusPed	39.3429	102	0
#SusPed	39.3621	110	0
#SusPed	39.3814	115	0
#SusPed	39.4829	119	0
#SusPed	39.6004	124	0
#SusPed	40.1645	119	0
#SusPed	40.1859	97	0
#SusPed	40.2072	71	0
#SusPed	40.2243	56	0
#SusPed	40.2446	59	0
#SusPed	40.266	65	0
#SusPed	40.2874	74	0
#SusPed	40.3055	86	0
#SusPed	40.3247	101	0
#SusPed	40.344	111	0
#SusPed	40.4433	107	0
#SusPed	41.0876	88	0
#SusPed	41.1068	67	0
#SusPed	41.1271	48	0
#SusPed	41.1474	45	0
#SusPed	41.1666	49	0
#SusPed	41.188	58	0
#SusPed	41.2083	67	0
#SusPed	41.2265	74	0
#SusPed	41.2468	82	0
#SusPed	41.2681	88	0
#SusPed	41.2874	94	0
#SusPed	41.3643	98	0
#SusPed	42.0299	102	0
#SusPed	42.0502	94	0
#SusPed	42.0694	75	0
#SusPed	42.0865	56	0
#SusPed	42.1089	53	0
#SusPed	42.1271	59	0
#SusPed	42.1463	69	0
#SusPed	42.1666	79	0
#SusPed	42.188	91	0
#SusPed	42.891	86	0
#SusPed	42.9124	73	0
#SusPed	42.9305	55	0
#SusPed	42.9508	41	0
#SusPed	42.9903	48	0
#SusPed	43.0117	60	0
#SusPed	43.0288	70	0
#SusPed	43.0502	78	0
#SusPed	43.0705	84	0
#SusPed	43.0886	87	0
#SusPed	43.1688	91	0
#SusPed	43.8034	76	0
#SusPed	43.8344	58	0
#SusPed	43.8547	42	0
#SusPed	43.9113	51	0
#SusPed	43.9326	64	0
#SusPed	43.9519	72	0
#SusPed	43.9732	80	0
#SusPed	43.9935	87	0
#SusPed	44.0128	94	0
#SusPed	44.0331	100	0
#SusPed	44.1912	105	0
#SusPed	44.25	90	0
#SusPed	44.2713	66	0
#SusPed	44.2884	39	0
#SusPed	44.3087	28	0
#SusPed	44.3279	33	0
#SusPed	44.3482	49	0
#SusPed	44.3685	67	0
#SusPed	44.3878	78	0
#SusPed	44.4113	87	0
#SusPed	44.4284	96	0
#SusPed	44.4487	101	0
#SusPed	44.6485	105	0
#SusPed	44.7286	94	0
#SusPed	44.7457	70	0
#SusPed	44.7681	46	0
#SusPed	44.7873	38	0
#SusPed	44.8173	43	0
#SusPed	44.8354	56	0
#SusPed	44.8557	69	0
#SusPed	44.8782	77	0
#SusPed	44.8985	84	0
#SusPed	44.9188	90	0
#SusPed	44.9551	94	0
#SusPed	45.0363	101	0
#SusPed	45.0544	107	0
#SusPed	45.095	89	0
#SusPed	45.1153	63	0
#SusPed	45.1346	36	0
#SusPed	45.1517	30	0
#SusPed	45.173	38	0
#SusPed	45.1933	58	0
#SusPed	45.2126	74	0
#SusPed	45.2329	85	0
#SusPed	45.2553	97	0
#SusPed	45.2713	103	0
#SusPed	45.3685	107	0
#SusPed	45.4711	116	0
#SusPed	45.4903	124	0
#SusPed	45.5309	116	0
#SusPed	45.5502	87	0
#SusPed	45.5683	58	0
#SusPed	45.5897	35	0
#SusPed	45.6292	48	0
#SusPed	45.6474	66	0
#SusPed	45.6698	78	0
#SusPed	45.6891	88	0
#SusPed	45.7094	97	0
#SusPed	45.7286	104	0
#SusPed	45.8173	109	0
#SusPed	45.8568	115	0
#SusPed	45.8963	121	0
#SusPed	45.938	114	0
#SusPed	45.9572	90	0
#SusPed	45.9786	60	0
#SusPed	45.9957	15	0
#SusPed	46.0138	0	0
#SusPed	46.0747	25	0
#SusPed	46.094	47	0
#SusPed	46.1153	63	0
#SusPed	46.1335	70	0
#SusPed	46.157	75	0
#SusPed	46.1762	79	0
#SusPed	46.1955	83	0
#SusPed	46.2126	86	0
#SusPed	46.2318	90	0
#SusPed	46.2735	98	0
#SusPed	46.313	104	0
#SusPed	46.3514	109	0
#SusPed	46.3931	113	0
#SusPed	46.4935	118	0
#SusPed	46.5117	122	0
#SusPed	46.532	127	0
#SofPed	47.3162	123	0
#SofPed	47.3953	119	0
#SofPed	47.4754	114	0
#SofPed	47.517	109	0
#SofPed	47.6335	105	0
#SofPed	47.7361	101	0
#SusPed	48.1826	103	0
#SusPed	48.2008	69	0
#SusPed	48.2414	0	0
#SusPed	48.3429	36	0
#SusPed	48.3611	61	0
#SusPed	48.3824	74	0
#SusPed	48.4017	85	0
#SusPed	48.4198	95	0
#SusPed	48.4412	104	0
#SusPed	48.4604	112	0
#SusPed	48.4786	121	0
#SusPed	48.5	127	0
#SofPed	48.5608	105	0
#SofPed	49.4626	109	0
#SofPed	49.829	113	0
#SofPed	49.9284	117	0
#SofPed	49.9861	122	0
#SofPed	50.0256	126	0
#SusPed	50.0662	100	0
#SusPed	50.0854	71	0
#SusPed	50.1047	36	0
#SusPed	50.1249	0	0
#SusPed	50.204	23	0
#SusPed	50.2254	48	0
#SusPed	50.2435	66	0
#SusPed	50.2638	76	0
#SusPed	50.2852	85	0
#SusPed	50.3034	93	0
#SusPed	50.3237	99	0
#SusPed	50.344	104	0
#SusPed	50.3611	110	0
#SusPed	50.3814	116	0
#SusPed	50.4027	122	0
#SusPed	50.4209	127	0
#SusPed	50.9091	119	0
#SusPed	50.9487	111	0
#SusPed	50.969	97	0
#SusPed	50.9893	75	0
#SusPed	51.0074	49	0
#SusPed	51.0245	9	0
#SusPed	51.0459	0	0
#SusPed	51.0865	11	0
#SusPed	51.1057	35	0
#SusPed	51.1271	56	0
#SusPed	51.1452	69	0
#SusPed	51.1655	77	0
#SusPed	51.1837	81	0
#SusPed	51.2072	84	0
#SusPed	51.2232	86	0
#SusPed	51.2649	91	0
#SusPed	51.3044	95	0
#SusPed	51.9284	88	0
#SusPed	51.9476	83	0
#SusPed	51.969	79	0
#SusPed	51.9893	73	0
#SusPed	52.0074	65	0
#SusPed	52.0277	53	0
#SusPed	52.048	31	0
#SusPed	52.0683	0	0
#SusPed	52.188	33	0
#SusPed	52.2061	54	0
#SusPed	52.2254	69	0
#SusPed	52.2467	78	0
#SusPed	52.266	85	0
#SusPed	52.2863	90	0
#SusPed	52.3034	96	0
#SusPed	52.3237	102	0
#SusPed	52.3429	106	0
#SusPed	53.2264	100	0
#SusPed	53.2467	81	0
#SusPed	53.266	55	0
#SusPed	53.2863	26	0
#SusPed	53.3076	20	0
#SusPed	53.3247	29	0
#SusPed	53.3482	51	0
#SusPed	53.3653	71	0
#SusPed	53.3835	84	0
#SusPed	53.4038	99	0
#SusPed	53.4241	111	0
#SusPed	53.4433	117	0
#SusPed	54.1314	122	0
#SusPed	54.172	127	0
#SusPed	55.0929	116	0
#SusPed	55.1121	85	0
#SusPed	55.1324	50	0
#SusPed	55.1517	0	0
#SusPed	55.1933	9	0
#SusPed	55.2104	39	0
#SusPed	55.2307	65	0
#SusPed	55.2521	80	0
#SusPed	55.2713	95	0
#SusPed	55.2927	110	0
#SusPed	55.3119	119	0
#SusPed	55.469	127	0
#SusPed	55.5673	87	0
#SusPed	55.5876	60	0
#SusPed	55.6079	55	0
#SusPed	55.6271	62	0
#SusPed	55.6474	73	0
#SusPed	55.6666	89	0
#SusPed	55.688	112	0
#SusPed	55.7083	127	0
#SusPed	56.0822	120	0
#SusPed	56.1014	86	0
#SusPed	56.1228	57	0
#SusPed	56.142	39	0
#SusPed	56.1613	42	0
#SusPed	56.1805	55	0
#SusPed	56.2019	72	0
#SusPed	56.2211	84	0
#SusPed	56.2414	96	0
#SusPed	56.2617	104	0
#SusPed	56.9241	109	0
#SusPed	56.985	91	0
#SusPed	57.0053	65	0
#SusPed	57.0245	35	0
#SusPed	57.0448	27	0
#SusPed	57.0662	37	0
#SusPed	57.0843	57	0
#SusPed	57.1046	74	0
#SusPed	57.1239	87	0
#SusPed	57.1431	101	0
#SusPed	57.1623	110	0
#SusPed	58.6196	114	0
#SusPed	58.6784	105	0
#SusPed	58.6997	80	0
#SusPed	58.719	49	0
#SusPed	58.7585	0	0
#SusPed	58.7777	18	0
#SusPed	58.7991	45	0
#SusPed	58.8183	68	0
#SusPed	58.8461	84	0
#SusPed	58.8664	103	0
#SusPed	58.8856	123	0
#SusPed	58.9059	127	0
#SusPed	59.1463	113	0
#SusPed	59.1666	83	0
#SusPed	59.1858	63	0
#SusPed	59.2061	62	0
#SusPed	59.2264	66	0
#SusPed	59.2457	77	0
#SusPed	59.2638	93	0
#SusPed	59.2852	114	0
#SusPed	59.3034	127	0
#SusPed	59.6613	119	0
#SusPed	59.6826	95	0
#SusPed	59.7008	69	0
#SusPed	59.7211	42	0
#SusPed	59.7403	19	0
#SusPed	59.7809	23	0
#SusPed	59.8002	42	0
#SusPed	59.8205	62	0
#SusPed	59.8504	73	0
#SusPed	59.8707	82	0
#SusPed	59.891	88	0
#SusPed	59.9305	92	0
#SusPed	60.0288	96	0
#SusPed	60.2264	100	0
#SusPed	60.4647	104	0
#SusPed	60.5437	92	0
#SusPed	60.563	86	0
#SusPed	60.6036	92	0
#SusPed	60.6239	99	0
#SusPed	60.6431	106	0
#SusPed	61.5266	111	0
#SusPed	61.5683	115	0
#SusPed	61.6078	120	0
#SusPed	61.6655	124	0
#SofPed	63.8728	119	0
#SofPed	63.9123	112	0
#SofPed	63.9722	106	0
#SofPed	63.9914	100	0
#SofPed	64.0128	95	0
#SofPed	64.0523	91	0
#SofPed	64.0918	83	0
#SofPed	64.11	77	0
#SofPed	64.1303	73	0
#SofPed	64.1698	67	0
#SofPed	64.189	61	0
#SofPed	64.2083	53	0
#SofPed	64.2307	47	0
#SofPed	64.2499	40	0
#SofPed	64.2681	32	0
#SofPed	64.2905	24	0
#SofPed	64.3098	15	0
#SofPed	64.3493	0	0
#SusPed	64.5875	111	0
#SusPed	64.6078	65	0
#SusPed	64.626	0	0
#SusPed	65.111	68	0
#SusPed	65.1313	107	0
#SusPed	65.1516	127	0
#SusPed	65.4497	91	0
#SusPed	65.47	52	0
#SusPed	65.4796	25	0
#SusPed	65.4796	30	0
#SusPed	65.4999	50	0
#SusPed	65.5181	80	0
#SusPed	65.5363	127	0
#SusPed	65.9059	88	0
#SusPed	65.9251	33	0
#SusPed	65.9476	0	0
#SusPed	66.0053	23	0
#SusPed	66.0245	78	0
#SusPed	66.0459	127	0
#SusPed	66.2649	115	0
#SusPed	66.2841	58	0
#SusPed	66.3034	0	0
#SusPed	66.3835	27	0
#SusPed	66.4006	70	0
#SusPed	66.4219	96	0
#SusPed	66.4412	127	0
#SusPed	69.0063	99	0
#SusPed	69.0277	53	0
#SusPed	69.0469	0	0
