//Version: ScorePerfmMatch_v170104
// Score: ./score_hmm.txt
// Perfm: ./infer_spr.txt
// fmt3x: ./score_fmt3x.txt
0	0.507479	0.575855	D3	77	63	0	0	0	P1-1-1	0	0
1	0.519231	0.826924	D5	90	59	0	0	0	P1-1-0	0	-
2	0.564103	0.662394	C#3	78	64	0	0	62	P1-1-2	1	-
3	0.650642	1.02564	D3	73	58	0	0	125	P1-1-3	0	-
4	0.793804	0.933762	C5	85	62	0	0	250	P1-1-4	0	-
5	0.913462	1.06838	Bb4	79	60	0	0	375	P1-1-5	0	-
6	1.03633	1.14851	A4	77	64	0	0	500	P1-1-6	0	-
7	1.04487	1.57051	D2	77	63	0	0	500	P1-1-7	0	-
8	1.15171	1.2906	G4	78	61	0	0	625	P1-1-8	0	-
9	1.2703	1.40812	F4	82	60	0	0	750	P1-1-9	0	-
10	1.38462	1.49893	E4	81	62	0	0	875	P1-1-10	0	-
11	1.49466	1.61966	D4	81	56	0	0	1000	P1-1-11	0	-
12	1.60257	1.72116	F4	78	62	0	0	1125	P1-1-12	0	-
13	1.71475	1.80342	E4	76	62	0	0	1250	P1-1-13	0	-
14	1.81624	1.92842	D4	76	55	0	0	1375	P1-1-14	0	-
15	1.93804	2.02778	Bb4	66	63	0	0	1500	P1-1-15	0	-
16	2.05235	2.12714	G4	59	58	0	0	1625	P1-1-16	0	-
17	2.17735	2.29487	D4	64	55	0	0	1750	P1-1-17	0	-
18	2.19872	2.25214	D2	62	61	0	0	1750	P1-1-18	0	-
19	2.30128	2.39423	G4	55	57	0	0	1875	P1-1-19	0	-
20	2.42415	2.51496	Bb4	68	62	0	0	2000	P1-1-20	0	-
21	2.43483	2.47222	G2	69	66	0	0	2000	P1-1-21	0	-
22	2.54915	2.63355	G4	61	61	0	0	2125	P1-1-22	0	-
23	2.65812	2.70193	Bb2	75	66	0	0	2250	P1-1-24	0	-
24	2.65812	2.75534	D4	61	54	0	0	2250	P1-1-23	0	-
25	2.77137	2.85684	G4	50	50	0	0	2375	P1-1-25	0	-
26	2.88355	2.95406	D3	79	64	0	0	2500	P1-1-27	0	-
27	2.90492	2.99787	Bb4	74	63	0	0	2500	P1-1-26	0	-
28	2.94658	3.03953	C#3	74	63	0	0	2500	*	3	-
29	3.00321	3.1015	G4	74	61	0	0	2625	P1-1-28	0	-
30	3.04274	3.3109	D3	75	64	0	0	2750	*	3	-
31	3.11966	3.26817	D4	67	58	0	0	2750	P1-1-29	0	-
32	3.26496	3.36539	G4	64	62	0	0	2875	P1-1-30	0	-
33	3.36859	3.48932	A4	68	60	0	0	3000	P1-1-31	0	-
34	3.49893	3.59295	G4	66	61	0	0	3125	P1-1-32	0	-
35	3.60043	3.65278	D2	70	64	0	0	3250	P1-1-34	0	-
36	3.61646	3.74252	D4	68	59	0	0	3250	P1-1-33	0	-
37	3.74466	3.85043	G4	64	62	0	0	3375	P1-1-35	0	-
38	3.83334	3.88355	F2	87	65	0	0	3500	P1-1-37	0	-
39	3.8515	3.95193	A4	79	63	0	0	3500	P1-1-36	0	-
40	3.95727	4.05449	F4	72	62	0	0	3625	P1-1-38	0	-
41	4.06624	4.10898	A2	84	69	0	0	3750	P1-1-40	0	-
42	4.07372	4.19124	D4	68	61	0	0	3750	P1-1-39	0	-
43	4.19124	4.28953	F4	63	56	0	0	3875	P1-1-41	0	-
44	4.31197	4.38355	D3	83	62	0	0	4000	P1-1-43	0	-
45	4.31411	4.41667	A4	76	63	0	0	4000	P1-1-42	0	-
46	4.37287	4.4765	C#3	77	63	0	0	4000	*	3	-
47	4.4124	4.52458	F4	75	61	0	0	4125	P1-1-44	0	-
48	4.46475	4.77137	D3	81	65	0	0	4250	*	3	-
49	4.53419	4.67201	D4	71	58	0	0	4250	P1-1-45	0	-
50	4.64637	4.75535	F4	78	56	0	0	4375	P1-1-46	0	-
51	4.76817	4.88569	G4	85	62	0	0	4500	P1-1-47	0	-
52	4.87073	4.98184	E4	78	61	0	0	4625	P1-1-48	0	-
53	4.99787	5.07265	Bb3	94	64	0	0	4750	P1-1-50	0	-
54	5.00642	5.11646	D4	75	59	0	0	4750	P1-1-49	0	-
55	5.11005	5.23291	E4	72	63	0	0	4875	P1-1-51	0	-
56	5.22543	5.33975	G4	77	62	0	0	5000	P1-1-52	0	-
57	5.22757	5.28419	E3	82	64	0	0	5000	P1-1-53	0	-
58	5.36432	5.45513	E4	66	63	0	0	5125	P1-1-54	0	-
59	5.46048	5.52458	G3	86	61	0	0	5250	P1-1-56	0	-
60	5.47116	5.55877	C#4	70	61	0	0	5250	P1-1-55	0	-
61	5.58013	5.71048	E4	68	63	0	0	5375	P1-1-57	0	-
62	5.70834	5.81518	G4	72	61	0	0	5500	P1-1-58	0	-
63	5.70941	5.75748	C#3	69	65	0	0	5500	P1-1-59	0	-
64	5.84295	5.93377	E4	65	62	0	0	5625	P1-1-60	0	-
65	5.94018	5.98612	A3	69	66	0	0	5750	P1-1-62	0	-
66	5.96154	6.00535	C#4	64	65	0	0	5750	P1-1-61	0	-
67	6.0577	6.13783	E4	67	60	0	0	5875	P1-1-63	0	-
68	6.18377	6.87394	F4	82	55	0	0	6000	P1-1-64	0	-
69	6.18483	6.63035	D3	66	63	0	0	6000	P1-1-65	0	-
70	6.29167	6.43056	D4	85	61	0	0	6125	P1-1-66	0	-
71	6.4156	6.54915	C4	76	61	0	0	6250	P1-1-67	0	-
72	6.52885	6.63996	Bb3	81	63	0	0	6375	P1-1-68	0	-
73	6.64317	6.76176	A3	79	63	0	0	6500	P1-1-69	0	-
74	6.75321	6.88996	G3	73	60	0	0	6625	P1-1-70	0	-
75	6.86966	7.02885	F3	72	62	0	0	6750	P1-1-71	0	-
76	6.98291	7.18484	E3	63	61	0	0	6875	P1-1-72	0	-
77	7.11005	7.22757	D3	61	62	0	0	7000	P1-1-73	0	-
78	7.25214	7.38676	F3	63	56	0	0	7125	P1-1-74	0	-
79	7.35578	7.46155	E3	53	59	0	0	7250	P1-1-75	0	-
80	7.46155	7.55984	D3	61	63	0	0	7375	P1-1-76	0	-
81	7.59937	7.68056	Bb3	67	60	0	0	7500	P1-1-77	0	-
82	7.70727	7.82159	G3	55	62	0	0	7625	P1-1-78	0	-
83	7.83655	7.94125	D3	61	60	0	0	7750	P1-1-80	0	-
84	7.84616	7.88249	D4	73	68	0	0	7750	P1-1-79	0	-
85	7.9968	8.07159	G3	49	62	0	0	7875	P1-1-81	0	-
86	8.09296	8.12821	G4	73	67	0	0	8000	P1-1-82	0	-
87	8.0983	8.1827	Bb3	61	54	0	0	8000	P1-1-83	0	-
88	8.24787	8.32266	G3	44	61	0	0	8125	P1-1-84	0	-
89	8.3312	8.37073	Bb4	74	63	0	0	8250	P1-1-85	0	-
90	8.3483	8.45727	D3	58	59	0	0	8250	P1-1-86	0	-
91	8.50749	8.57159	G3	40	63	0	0	8375	P1-1-87	0	-
92	8.58334	8.62073	D5	70	67	0	0	8500	P1-1-88	0	-
93	8.5983	8.6592	Bb3	57	58	0	0	8500	P1-1-89	0	-
94	8.6389	8.7062	C#5	73	62	0	0	8500	*	3	-
95	8.70834	9.01283	D5	77	61	0	0	8500	*	3	-
96	8.71689	8.80343	G3	52	59	0	0	8625	P1-1-90	0	-
97	8.83014	8.96796	D3	60	65	0	0	8750	P1-1-91	0	-
98	8.96903	9.06625	G3	58	63	0	0	8875	P1-1-92	0	-
99	9.07907	9.20193	A3	65	60	0	0	9000	P1-1-93	0	-
100	9.20941	9.30984	G3	60	63	0	0	9125	P1-1-94	0	-
101	9.33655	9.45514	D3	60	62	0	0	9250	P1-1-96	0	-
102	9.33655	9.37394	D4	78	66	0	0	9250	P1-1-95	0	-
103	9.48078	9.56518	G3	59	62	0	0	9375	P1-1-97	0	-
104	9.58334	9.68911	A3	69	62	0	0	9500	P1-1-99	0	-
105	9.59189	9.63462	F4	90	63	0	0	9500	P1-1-98	0	-
106	9.71155	9.81091	F3	59	63	0	0	9625	P1-1-100	0	-
107	9.81839	9.93163	D3	69	63	0	0	9750	P1-1-102	0	-
108	9.82159	9.86646	A4	86	66	0	0	9750	P1-1-101	0	-
109	9.96262	10.016	F3	57	65	0	0	9875	P1-1-103	0	-
110	10.0374	10.1421	A3	66	62	0	0	10000	P1-1-105	0	-
111	10.0684	10.1207	D5	81	63	0	0	10000	P1-1-104	0	-
112	10.1175	10.2276	C#5	85	63	0	0	-1	*	3	-
113	10.1271	10.2682	F3	72	63	0	0	10125	P1-1-106	0	-
114	10.2019	10.4487	D5	86	62	0	0	-1	*	3	-
115	10.265	10.3985	D3	69	64	0	0	10250	P1-1-107	0	-
116	10.3932	10.4904	F3	76	64	0	0	10375	P1-1-108	0	-
117	10.5021	10.625	G3	84	62	0	0	10500	P1-1-109	0	-
118	10.6101	10.7297	E3	78	64	0	0	10625	P1-1-110	0	-
119	10.7308	10.875	D3	69	63	0	0	10750	P1-1-112	0	-
120	10.7746	10.8387	G4	90	65	0	0	10750	P1-1-111	0	-
121	10.8804	10.9925	E3	62	65	0	0	10875	P1-1-113	0	-
122	11.0021	11.062	C#5	97	66	0	0	11000	P1-1-114	0	-
123	11.0054	11.1432	G3	69	60	0	0	11000	P1-1-115	0	-
124	11.1442	11.2799	E3	64	65	0	0	11125	P1-1-116	0	-
125	11.2596	11.3227	E5	99	66	0	0	11250	P1-1-117	0	-
126	11.2767	11.4188	C#3	67	63	0	0	11250	P1-1-118	0	-
127	11.4252	11.5128	E3	68	65	0	0	11375	P1-1-119	0	-
128	11.5107	11.5705	C#5	94	66	0	0	11500	P1-1-120	0	-
129	11.5267	11.6752	G3	68	57	0	0	11500	P1-1-121	0	-
130	11.6624	11.7564	E3	66	64	0	0	11625	P1-1-122	0	-
131	11.7618	11.8173	A4	83	63	0	0	11750	P1-1-123	0	-
132	11.7639	11.9124	C#3	65	63	0	0	11750	P1-1-124	0	-
133	11.9124	12.0011	E3	61	65	0	0	11875	P1-1-125	0	-
134	11.9989	12.3184	D5	85	61	0	0	12000	P1-1-126	0	-
135	12.0171	12.1806	F3	69	57	0	0	12000	P1-1-127	0	-
136	12.1432	12.3173	D3	64	61	0	0	12125	P1-1-128	0	-
137	12.2789	12.4295	C5	81	63	0	0	12250	P1-1-129	0	-
138	12.2799	12.4284	E3	69	63	0	0	12250	P1-1-130	0	-
139	12.3985	12.5438	F3	67	63	0	0	12375	P1-1-132	0	-
140	12.3985	12.5524	Bb4	79	62	0	0	12375	P1-1-131	0	-
141	12.5139	12.6261	A4	84	64	0	0	12500	P1-1-133	0	-
142	12.5214	12.6186	G3	70	64	0	0	12500	P1-1-134	0	-
143	12.6271	12.7703	G4	87	61	0	0	12625	P1-1-135	0	-
144	12.6336	12.7618	A3	72	60	0	0	12625	P1-1-136	0	-
145	12.7393	12.8643	F4	85	61	0	0	12750	P1-1-137	0	-
146	12.7543	12.8729	B3	70	63	0	0	12750	P1-1-138	0	-
147	12.8472	12.9551	E4	81	57	0	0	12875	P1-1-139	0	-
148	12.8782	12.9658	C#4	64	62	0	0	12875	P1-1-140	0	-
149	12.9712	13.0214	F4	91	66	0	0	13000	P1-1-141	0	-
150	12.9904	13.1143	D4	71	60	0	0	13000	P1-1-142	0	-
151	13.1197	13.2618	C4	69	61	0	0	13125	P1-1-143	0	-
152	13.2489	13.5801	A4	94	60	0	0	13250	P1-1-144	0	-
153	13.2521	13.3771	B3	68	63	0	0	13250	P1-1-145	0	-
154	13.3814	13.5128	A3	70	64	0	0	13375	P1-1-146	0	-
155	13.5075	13.5994	B3	73	61	0	0	13500	P1-1-147	0	-
156	13.6069	13.7607	G4	80	60	0	0	13625	P1-1-148	0	-
157	13.6122	13.7532	C4	68	60	0	0	13625	P1-1-149	0	-
158	13.7297	13.8825	A4	82	62	0	0	13750	P1-1-150	0	-
159	13.7393	13.9007	B3	71	48	0	0	13750	P1-1-151	0	-
160	13.8419	13.922	A3	75	65	0	0	13875	P1-1-153	0	-
161	13.8462	13.9413	B4	87	64	0	0	13875	P1-1-152	0	-
162	13.9466	14.0866	G3	72	60	0	0	14000	P1-1-155	0	-
163	13.9583	14.0983	C5	93	62	0	0	14000	P1-1-154	0	-
164	14.063	14.2073	F3	72	62	0	0	14125	P1-1-157	0	-
165	14.0759	14.234	D5	92	59	0	0	14125	P1-1-156	0	-
166	14.1891	14.3622	E5	88	61	0	0	14250	P1-1-158	0	-
167	14.1923	14.3195	E3	69	65	0	0	14250	P1-1-159	0	-
168	14.3002	14.4284	F5	90	65	0	0	14375	P1-1-160	0	-
169	14.3216	14.4402	D3	74	61	0	0	14375	P1-1-161	0	-
170	14.421	14.5844	G5	89	64	0	0	14500	P1-1-162	0	-
171	14.4445	14.4797	E3	79	70	0	0	14500	P1-1-163	0	-
172	14.5524	14.6902	F5	84	61	0	0	14625	P1-1-164	0	-
173	14.6742	14.7169	G3	78	66	0	0	14750	P1-1-166	0	-
174	14.6752	14.796	E5	75	62	0	0	14750	P1-1-165	0	-
175	14.8034	14.9348	D5	72	58	0	0	14875	P1-1-167	0	-
176	14.9156	15.2286	C3	80	57	0	0	15000	P1-1-169	0	-
177	14.9231	15.0331	E5	84	64	0	0	15000	P1-1-168	0	-
178	15.0577	15.1752	C5	75	80	0	0	15125	P1-1-170	0	-
179	15.2019	15.3419	D3	71	63	0	0	15250	P1-1-172	0	-
180	15.2019	15.3408	Bb4	80	60	0	0	15250	P1-1-171	0	-
181	15.313	15.4498	A4	79	62	0	0	15375	P1-1-173	0	-
182	15.3237	15.469	E3	67	65	0	0	15375	P1-1-174	0	-
183	15.4413	15.5502	G4	80	59	0	0	15500	P1-1-175	0	-
184	15.4583	15.5534	F3	68	64	0	0	15500	P1-1-176	0	-
185	15.5652	15.6848	F4	76	39	0	0	15625	P1-1-177	0	-
186	15.5705	15.7137	G3	68	48	0	0	15625	P1-1-178	0	-
187	15.6816	15.781	E4	75	61	0	0	15750	P1-1-179	0	-
188	15.6902	15.7917	A3	65	63	0	0	15750	P1-1-180	0	-
189	15.7906	15.8772	D4	72	62	0	0	15875	P1-1-181	0	-
190	15.8013	15.8814	B3	66	64	0	0	15875	P1-1-182	1	-
191	15.9135	15.9455	E4	81	68	0	0	16000	P1-1-183	0	-
192	15.9145	16.0502	C4	64	55	0	0	16000	P1-1-184	0	-
193	16.0428	16.1848	Bb3	56	60	0	0	16125	P1-1-185	0	-
194	16.1528	16.5225	G4	71	60	0	0	16250	P1-1-186	0	-
195	16.1848	16.2692	A3	59	61	0	0	16250	P1-1-187	0	-
196	16.2831	16.4167	G3	57	63	0	0	16375	P1-1-188	0	-
197	16.4316	16.5363	A3	61	64	0	0	16500	P1-1-189	0	-
198	16.5363	16.6389	F4	70	62	0	0	16625	P1-1-190	0	-
199	16.5545	16.6592	Bb3	68	61	0	0	16625	P1-1-191	0	-
200	16.6613	16.8793	G4	79	59	0	0	16750	P1-1-192	0	-
201	16.6624	16.7297	A3	67	63	0	0	16750	P1-1-193	0	-
202	16.7671	16.8975	A4	79	60	0	0	16875	P1-1-194	0	-
203	16.7767	16.8975	G3	71	62	0	0	16875	P1-1-195	0	-
204	16.8921	16.9722	Bb4	73	63	0	0	17000	P1-1-196	0	-
205	16.9103	17.0011	F3	61	62	0	0	17000	P1-1-197	0	-
206	17.0011	17.1239	C5	73	61	0	0	17125	P1-1-198	0	-
207	17.0043	17.1218	Eb3	67	60	0	0	17125	P1-1-199	0	-
208	17.1218	17.2233	D5	66	61	0	0	17250	P1-1-200	0	-
209	17.1314	17.2575	D3	59	62	0	0	17250	P1-1-201	0	-
210	17.2319	17.3323	Eb5	70	56	0	0	17375	P1-1-202	0	-
211	17.2682	17.3857	C3	58	63	0	0	17375	P1-1-203	0	-
212	17.3622	17.4605	F5	72	59	0	0	17500	P1-1-204	0	-
213	17.4092	17.4413	D3	55	59	0	0	17500	P1-1-205	0	-
214	17.4883	17.6069	Eb5	64	59	0	0	17625	P1-1-206	0	-
215	17.6218	17.6613	F3	62	65	0	0	17750	P1-1-208	0	-
216	17.6218	17.6966	D5	62	61	0	0	17750	P1-1-207	0	-
217	17.7436	17.8034	C5	57	57	0	0	17875	P1-1-209	0	-
218	17.8622	17.9584	D5	63	56	0	0	18000	P1-1-210	0	-
219	17.8633	17.9156	Bb2	62	64	0	0	18000	P1-1-211	0	-
220	17.9915	18.0652	F5	60	53	0	0	18125	P1-1-212	0	-
221	18.1207	18.2051	Bb3	68	58	0	0	18250	P1-1-214	0	-
222	18.1239	18.2148	D5	59	62	0	0	18250	P1-1-213	0	-
223	18.2468	18.3504	C5	61	48	0	0	18375	P1-1-215	0	-
224	18.2692	18.3398	C4	67	63	0	0	18375	P1-1-216	0	-
225	18.3857	18.4626	Bb4	60	53	0	0	18500	P1-1-217	0	-
226	18.3985	18.4359	D4	66	66	0	0	18500	P1-1-218	0	-
227	18.5086	18.5951	D5	58	55	0	0	18625	P1-1-219	0	-
228	18.6325	18.7212	Bb4	59	61	0	0	18750	P1-1-220	0	-
229	18.641	18.6763	F4	72	67	0	0	18750	P1-1-221	0	-
230	18.7703	18.8237	A4	51	60	0	0	18875	P1-1-222	0	-
231	18.8814	18.9188	Bb3	64	65	0	0	19000	P1-1-224	0	-
232	18.8921	18.9434	G4	62	59	0	0	19000	P1-1-223	0	-
233	18.9989	19.0855	Bb4	59	54	0	0	19125	P1-1-225	0	-
234	19.1293	19.1806	D4	66	65	0	0	19250	P1-1-227	0	-
235	19.1442	19.2084	G4	61	64	0	0	19250	P1-1-226	0	-
236	19.2628	19.3173	F4	56	60	0	0	19375	P1-1-228	0	-
237	19.3857	19.422	E4	67	67	0	0	19500	P1-1-229	0	-
238	19.3964	19.4851	G3	50	57	0	0	19500	P1-1-230	0	-
239	19.5235	19.624	Bb3	61	59	0	0	19625	P1-1-231	0	-
240	19.6378	19.6966	E5	76	61	0	0	19750	P1-1-232	0	-
241	19.641	19.7714	G3	61	58	0	0	19750	P1-1-233	0	-
242	19.7522	19.8131	F5	83	63	0	0	19875	P1-1-234	0	-
243	19.7692	19.8985	F3	59	61	0	0	19875	P1-1-235	0	-
244	19.8643	19.9178	G5	86	66	0	0	20000	P1-1-236	0	-
245	19.8804	19.9722	E3	70	62	0	0	20000	P1-1-237	0	-
246	20.0257	20.1346	G3	64	61	0	0	20125	P1-1-238	0	-
247	20.1111	20.1859	Bb5	92	63	0	0	20250	P1-1-239	0	-
248	20.1261	20.2682	E3	67	60	0	0	20250	P1-1-240	0	-
249	20.2628	20.3836	D3	61	64	0	0	20375	P1-1-241	0	-
250	20.3772	20.4263	E5	82	65	0	0	20500	P1-1-242	0	-
251	20.3793	20.4466	C#3	61	62	0	0	20500	P1-1-243	0	-
252	20.484	20.6122	E3	55	62	0	0	20625	P1-1-244	0	-
253	20.5994	20.7116	C#3	64	62	0	0	20750	P1-1-246	0	-
254	20.6122	20.6517	G5	72	64	0	0	20750	P1-1-245	0	-
255	20.7425	20.8387	B2	54	60	0	0	20875	P1-1-247	0	-
256	20.859	20.9124	A2	66	65	0	0	21000	P1-1-249	0	-
257	20.8665	20.9551	C#5	67	56	0	0	21000	P1-1-248	0	-
258	20.9936	21.109	G5	55	59	0	0	21125	P1-1-250	0	-
259	21.1165	21.218	C#5	65	64	0	0	21250	P1-1-251	0	-
260	21.1229	21.218	A3	72	61	0	0	21250	P1-1-252	0	-
261	21.2586	21.3462	B3	72	62	0	0	21375	P1-1-254	0	-
262	21.2596	21.2981	B4	42	54	0	0	21375	P1-1-253	0	-
263	21.374	21.4541	A4	63	57	0	0	21500	P1-1-255	0	-
264	21.3889	21.4274	C#4	70	65	0	0	21500	P1-1-256	0	-
265	21.4883	21.6229	E5	57	61	0	0	21625	P1-1-257	0	-
266	21.6346	21.7137	A4	62	63	0	0	21750	P1-1-258	0	-
267	21.6603	21.6987	E4	41	52	0	0	21750	P1-1-259	0	-
268	21.6646	21.7094	F4	28	32	0	0	21750	*	3	-
269	21.7532	21.8633	G4	63	38	0	0	21875	P1-1-260	0	-
270	21.8836	21.9284	A3	69	66	0	0	22000	P1-1-262	0	-
271	21.8836	21.9658	F4	64	61	0	0	22000	P1-1-261	0	-
272	22.0022	22.1314	C#5	70	63	0	0	22125	P1-1-263	0	-
273	22.125	22.1752	G3	71	68	0	0	22250	P1-1-265	0	-
274	22.1272	22.2308	F4	67	62	0	0	22250	P1-1-264	0	-
275	22.2479	22.3173	E4	73	62	0	0	22375	P1-1-266	0	-
276	22.375	22.4733	F3	74	63	0	0	22500	P1-1-268	0	-
277	22.3825	22.4349	D4	87	63	0	0	22500	P1-1-267	0	-
278	22.531	22.624	D4	69	60	0	0	22625	P1-1-269	0	-
279	22.6336	22.6934	D5	88	64	0	0	22750	P1-1-270	0	-
280	22.6421	22.7778	F3	73	53	0	0	22750	P1-1-271	0	-
281	22.7564	22.8216	E5	84	64	0	0	22875	P1-1-272	0	-
282	22.7607	22.9231	E3	66	64	0	0	22875	P1-1-273	0	-
283	22.8686	22.9316	F5	96	66	0	0	23000	P1-1-274	0	-
284	22.8846	22.969	D3	71	64	0	0	23000	P1-1-275	0	-
285	23.0054	23.1282	A3	77	58	0	0	23125	P1-1-276	0	-
286	23.1261	23.203	A5	97	65	0	0	23250	P1-1-277	0	-
287	23.1282	23.2746	D3	76	62	0	0	23250	P1-1-278	0	-
288	23.2618	23.3964	C3	70	63	0	0	23375	P1-1-279	0	-
289	23.3814	23.4936	Bb2	79	63	0	0	23500	P1-1-281	0	-
290	23.39	23.4434	D5	97	66	0	0	23500	P1-1-280	0	-
291	23.5193	23.641	F3	79	63	0	0	23625	P1-1-282	0	-
292	23.625	23.7714	Bb2	79	59	0	0	23750	P1-1-284	0	-
293	23.6357	23.7019	C5	91	65	0	0	23750	P1-1-283	0	-
294	23.749	23.89	A2	74	47	0	0	23875	P1-1-285	0	-
295	23.8943	23.9797	G2	87	64	0	0	24000	P1-1-287	0	-
296	23.8953	24.0203	Bb4	97	54	0	0	24000	P1-1-286	0	-
297	24.0363	24.187	G5	84	60	0	0	24125	P1-1-288	0	-
298	24.1827	24.3066	G3	93	59	0	0	24250	P1-1-290	0	-
299	24.187	24.3002	Bb4	85	62	0	0	24250	P1-1-289	0	-
300	24.2938	24.3964	A4	85	80	0	0	24375	P1-1-291	0	-
301	24.3216	24.4391	A3	81	64	0	0	24375	P1-1-292	0	-
302	24.4231	24.5406	G4	89	60	0	0	24500	P1-1-293	0	-
303	24.4423	24.499	Bb3	94	67	0	0	24500	P1-1-294	0	-
304	24.5524	24.6849	Bb4	82	61	0	0	24625	P1-1-295	0	-
305	24.6784	24.7628	G4	85	62	0	0	24750	P1-1-296	0	-
306	24.6849	24.7425	D4	91	66	0	0	24750	P1-1-297	0	-
307	24.8056	24.8836	F4	76	60	0	0	24875	P1-1-298	0	-
308	24.9284	24.9947	G3	82	64	0	0	25000	P1-1-300	0	-
309	24.937	25.0577	Eb4	87	61	0	0	25000	P1-1-299	0	-
310	25.0566	25.2094	Bb4	82	62	0	0	25125	P1-1-301	0	-
311	25.1902	25.234	Bb3	83	64	0	0	25250	P1-1-303	0	-
312	25.2019	25.2842	Eb4	79	62	0	0	25250	P1-1-302	0	-
313	25.3034	25.374	D4	76	60	0	0	25375	P1-1-304	0	-
314	25.437	25.5566	C#4	89	54	0	0	25500	P1-1-305	0	-
315	25.4487	25.5054	A3	83	63	0	0	25500	P1-1-306	0	-
316	25.5641	25.7169	A4	85	58	0	0	25625	P1-1-307	0	-
317	25.7062	25.8269	C#4	76	58	0	0	25750	P1-1-308	0	-
318	25.7201	25.7671	E4	78	65	0	0	25750	P1-1-309	0	-
319	25.8387	25.9861	B3	77	57	0	0	25875	P1-1-310	0	-
320	25.9658	26.078	C#4	82	59	0	0	26000	P1-1-311	0	-
321	25.9712	26.015	A3	81	65	0	0	26000	P1-1-312	0	-
322	26.0908	26.2212	A4	80	62	0	0	26125	P1-1-313	0	-
323	26.2233	26.2799	E4	79	65	0	0	26250	P1-1-315	0	-
324	26.2276	26.3472	C#4	81	52	0	0	26250	P1-1-314	0	-
325	26.3622	26.4562	A4	80	61	0	0	26375	P1-1-316	0	-
326	26.4755	26.5342	A3	81	65	0	0	26500	P1-1-318	0	-
327	26.4755	26.6037	C#4	85	58	0	0	26500	P1-1-317	0	-
328	26.6026	26.7148	A4	81	63	0	0	26625	P1-1-319	0	-
329	26.718	26.7693	E4	80	63	0	0	26750	P1-1-321	0	-
330	26.7265	26.8259	C#4	83	59	0	0	26750	P1-1-320	0	-
331	26.8579	26.9402	A4	70	61	0	0	26875	P1-1-322	0	-
332	26.9829	27.0876	C#4	62	56	0	0	27000	P1-1-323	0	-
333	26.9883	27.0513	G3	59	61	0	0	27000	P1-1-324	0	-
334	27.1165	27.2308	A4	53	59	0	0	27125	P1-1-325	0	-
335	27.2554	27.3077	E4	59	62	0	0	27250	P1-1-327	0	-
336	27.2693	27.328	C#4	51	61	0	0	27250	P1-1-326	0	-
337	27.3782	27.5171	B3	57	41	0	0	27375	P1-1-328	0	-
338	27.5107	27.6005	C#4	58	61	0	0	27500	P1-1-329	0	-
339	27.5171	27.5673	G3	49	62	0	0	27500	P1-1-330	0	-
340	27.6378	27.7169	A4	51	51	0	0	27625	P1-1-331	0	-
341	27.7607	27.8045	E4	60	64	0	0	27750	P1-1-333	0	-
342	27.7703	27.8366	C#4	58	57	0	0	27750	P1-1-332	0	-
343	27.8932	28.0032	A4	53	60	0	0	27875	P1-1-334	0	-
344	28.0182	28.0641	G3	47	60	0	0	28000	P1-1-336	0	-
345	28.0193	28.0887	C#4	52	57	0	0	28000	P1-1-335	0	-
346	28.1528	28.2372	A4	50	58	0	0	28125	P1-1-337	0	-
347	28.2628	28.3024	E4	57	64	0	0	28250	P1-1-339	0	-
348	28.2671	28.343	C#4	55	58	0	0	28250	P1-1-338	0	-
349	28.3878	28.4861	A4	62	59	0	0	28375	P1-1-340	0	-
350	28.5139	28.5823	F3	52	59	0	0	28500	P1-1-342	0	-
351	28.5182	28.5962	D4	61	55	0	0	28500	P1-1-341	0	-
352	28.6646	28.7244	A4	40	55	0	0	28625	P1-1-343	0	-
353	28.7586	28.8152	F4	51	60	0	0	28750	P1-1-345	0	-
354	28.7693	28.8494	D4	50	59	0	0	28750	P1-1-344	0	-
355	28.8932	28.9936	C#4	54	54	0	0	28875	P1-1-346	0	-
356	29.0171	29.1015	D4	55	53	0	0	29000	P1-1-347	0	-
357	29.0182	29.077	F3	54	61	0	0	29000	P1-1-348	0	-
358	29.1464	29.2244	A4	57	53	0	0	29125	P1-1-349	0	-
359	29.2842	29.3376	D4	55	62	0	0	29250	P1-1-350	0	-
360	29.2938	29.3302	F4	52	61	0	0	29250	P1-1-351	0	-
361	29.39	29.4744	A4	62	55	0	0	29375	P1-1-352	0	-
362	29.5289	29.5834	D4	57	63	0	0	29500	P1-1-353	0	-
363	29.5438	29.594	F3	46	63	0	0	29500	P1-1-354	0	-
364	29.64	29.7201	A4	54	53	0	0	29625	P1-1-355	0	-
365	29.7799	29.843	D4	40	46	0	0	29750	P1-1-356	0	-
366	29.7928	29.8323	F4	45	58	0	0	29750	P1-1-357	0	-
367	29.8825	29.9787	A4	56	52	0	0	29875	P1-1-358	0	-
368	30.0193	30.0834	E4	58	57	0	0	30000	P1-1-359	0	-
369	30.031	30.0748	C#4	49	64	0	0	30000	P1-1-360	0	-
370	30.1453	30.2628	A4	55	58	0	0	30125	P1-1-361	0	-
371	30.2885	30.3259	G4	48	61	0	0	30250	P1-1-363	0	-
372	30.4124	30.4797	D4	51	54	0	0	30375	P1-1-364	0	-
373	30.5193	30.6122	E4	59	57	0	0	30500	P1-1-365	0	-
374	30.5331	30.5876	C#4	54	61	0	0	30500	P1-1-366	0	-
375	30.6581	30.719	A4	56	56	0	0	30625	P1-1-367	0	-
376	30.7789	30.8227	G4	52	60	0	0	30750	P1-1-369	0	-
377	30.7831	30.8398	E4	55	62	0	0	30750	P1-1-368	0	-
378	30.906	30.9658	A4	49	60	0	0	30875	P1-1-370	0	-
379	31.0321	31.094	C#4	50	59	0	0	31000	P1-1-372	0	-
380	31.0406	31.0983	E4	50	62	0	0	31000	P1-1-371	0	-
381	31.1411	31.2116	A4	49	60	0	0	31125	P1-1-373	0	-
382	31.2853	31.3494	E4	48	59	0	0	31250	P1-1-374	0	-
383	31.2928	31.328	G4	43	58	0	0	31250	P1-1-375	0	-
384	31.3921	31.4413	A4	55	65	0	0	31375	P1-1-376	0	-
385	31.5129	31.6614	F4	55	61	0	0	31500	P1-1-377	0	-
386	31.5791	31.6731	A4	70	60	0	0	31562	P1-1-379	0	-
387	31.6966	31.7393	B4	34	54	0	0	31625	P1-1-380	0	-
388	31.702	31.796	C#5	64	59	0	0	31687	P1-1-381	0	-
389	31.7821	31.8943	D5	64	61	0	0	31750	P1-1-382	0	-
390	31.8537	31.8868	F4	37	56	0	0	31750	P1-1-383	0	-
391	31.906	31.9755	A4	67	62	0	0	31875	P1-1-384	0	-
392	32.0203	32.1325	F4	57	56	0	0	32000	P1-1-385	0	-
393	32.0417	32.0844	D4	49	64	0	0	32000	P1-1-386	0	-
394	32.1314	32.2116	A4	67	57	0	0	32125	P1-1-387	0	-
395	32.2821	32.3547	D5	63	55	0	0	32250	P1-1-388	0	-
396	32.3195	32.3643	F4	33	47	0	0	32250	P1-1-389	0	-
397	32.4028	32.4669	A4	59	60	0	0	32375	P1-1-390	0	-
398	32.5332	32.5812	D4	52	65	0	0	32500	P1-1-392	0	-
399	32.5353	32.5973	F4	50	57	0	0	32500	P1-1-391	0	-
400	32.6443	32.703	A4	62	60	0	0	32625	P1-1-393	0	-
401	32.781	32.9039	D5	66	61	0	0	32750	P1-1-394	0	-
402	32.7821	32.8248	F4	55	65	0	0	32750	P1-1-395	0	-
403	32.9071	32.953	A4	55	65	0	0	32875	P1-1-396	0	-
404	33.0513	33.1037	C4	59	63	0	0	33000	P1-1-398	0	-
405	33.062	33.1496	F#4	70	57	0	0	33000	P1-1-397	0	-
406	33.1977	33.2949	D5	66	62	0	0	33125	P1-1-399	0	-
407	33.312	33.3558	A4	58	66	0	0	33250	P1-1-401	0	-
408	33.3184	33.4124	F#4	68	59	0	0	33250	P1-1-400	0	-
409	33.4455	33.5353	E4	63	54	0	0	33375	P1-1-402	0	-
410	33.5663	33.6154	C4	62	62	0	0	33500	P1-1-404	0	-
411	33.5716	33.6528	F#4	68	61	0	0	33500	P1-1-403	0	-
412	33.703	33.7543	D5	64	56	0	0	33625	P1-1-405	0	-
413	33.8248	33.8761	A4	70	59	0	0	33750	P1-1-407	0	-
414	33.828	33.8772	F#4	73	60	0	0	33750	P1-1-406	0	-
415	33.9594	34.0161	D5	66	61	0	0	33875	P1-1-408	0	-
416	34.077	34.1272	C4	67	65	0	0	34000	P1-1-410	0	-
417	34.0898	34.1496	F#4	73	56	0	0	34000	P1-1-409	0	-
418	34.2308	34.3099	D5	69	58	0	0	34125	P1-1-411	0	-
419	34.3419	34.39	A4	71	59	0	0	34250	P1-1-413	0	-
420	34.3494	34.453	F#4	71	59	0	0	34250	P1-1-412	0	-
421	34.4648	34.5609	D5	72	58	0	0	34375	P1-1-414	0	-
422	34.5684	34.6752	G4	72	58	0	0	34500	P1-1-415	0	-
423	34.5823	34.6582	B3	63	57	0	0	34500	P1-1-416	0	-
424	34.6517	34.7436	A4	71	61	0	0	34562	P1-1-417	0	-
425	34.718	34.8195	B4	74	64	0	0	34625	P1-1-418	0	-
426	34.7757	34.8569	C5	68	64	0	0	34687	P1-1-419	0	-
427	34.8227	34.8611	G4	68	65	0	0	34750	P1-1-421	0	-
428	34.828	34.8985	D5	85	64	0	0	34750	P1-1-420	0	-
429	34.9776	35.031	B4	74	62	0	0	34875	P1-1-422	0	-
430	35.0855	35.1453	G4	68	60	0	0	35000	P1-1-423	0	-
431	35.2126	35.2725	B4	76	58	0	0	35125	P1-1-425	0	-
432	35.3344	35.4285	D5	83	58	0	0	35250	P1-1-426	0	-
433	35.3419	35.3889	G4	73	65	0	0	35250	P1-1-427	0	-
434	35.4541	35.5353	B4	75	62	0	0	35375	P1-1-428	0	-
435	35.5855	35.6582	B3	75	63	0	0	35500	P1-1-430	0	-
436	35.5919	35.656	G4	79	61	0	0	35500	P1-1-429	0	-
437	35.7052	35.8013	B4	83	59	0	0	35625	P1-1-431	0	-
438	35.827	35.8825	G4	81	63	0	0	35750	P1-1-433	0	-
439	35.8473	35.9648	D5	85	61	0	0	35750	P1-1-432	0	-
440	35.952	36.046	B4	72	59	0	0	35875	P1-1-434	0	-
441	36.0695	36.1496	E4	83	62	0	0	36000	P1-1-436	0	-
442	36.0823	36.1998	G#4	91	60	0	0	36000	P1-1-435	0	-
443	36.1998	36.3441	D5	84	61	0	0	36125	P1-1-437	0	-
444	36.3291	36.3953	B4	85	63	0	0	36250	P1-1-439	0	-
445	36.3398	36.4359	G#4	81	57	0	0	36250	P1-1-438	0	-
446	36.4423	36.5428	F#4	79	53	0	0	36375	P1-1-440	0	-
447	36.5716	36.6646	G#4	83	39	0	0	36500	P1-1-441	0	-
448	36.5791	36.6304	E4	67	66	0	0	36500	P1-1-442	0	-
449	36.5823	36.6186	F4	72	67	0	0	36500	*	3	-
450	36.6817	36.7885	D5	82	46	0	0	36625	P1-1-443	0	-
451	36.812	36.8601	B4	82	64	0	0	36750	P1-1-445	0	-
452	36.8141	36.8921	G#4	87	58	0	0	36750	P1-1-444	0	-
453	36.937	37.0203	D5	81	56	0	0	36875	P1-1-446	0	-
454	37.0577	37.1517	G#4	90	59	0	0	37000	P1-1-447	0	-
455	37.0609	37.1293	E4	78	64	0	0	37000	P1-1-448	0	-
456	37.1785	37.2799	D5	85	53	0	0	37125	P1-1-449	0	-
457	37.3002	37.359	B4	89	63	0	0	37250	P1-1-451	0	-
458	37.3035	37.4252	G#4	83	60	0	0	37250	P1-1-450	0	-
459	37.4188	37.5641	D5	77	58	0	0	37375	P1-1-452	0	-
460	37.5438	37.9968	A3	75	64	0	0	37500	P1-1-454	0	-
461	37.547	38.1475	C5	90	58	0	0	37500	P1-1-453	0	-
462	37.6688	37.8024	A4	91	62	0	0	37625	P1-1-455	0	-
463	37.8002	37.9423	G4	78	62	0	0	37750	P1-1-456	0	-
464	37.921	38.0235	F4	77	64	0	0	37875	P1-1-457	0	-
465	38.0246	38.1517	E4	70	63	0	0	38000	P1-1-458	0	-
466	38.1667	38.3216	D4	70	57	0	0	38125	P1-1-459	0	-
467	38.2864	38.4402	C4	66	58	0	0	38250	P1-1-460	0	-
468	38.3964	38.5962	B3	67	58	0	0	38375	P1-1-461	0	-
469	38.5289	38.6443	A3	66	62	0	0	38500	P1-1-462	0	-
470	38.6753	38.8141	C4	59	55	0	0	38625	P1-1-463	0	-
471	38.8099	38.9253	B3	45	54	0	0	38750	P1-1-464	0	-
472	38.9167	38.9776	A3	60	63	0	0	38875	P1-1-465	0	-
473	39.0396	39.125	F4	58	47	0	0	39000	P1-1-466	0	-
474	39.1667	39.2693	D4	56	63	0	0	39125	P1-1-467	0	-
475	39.2821	39.3152	A4	71	69	0	0	39250	P1-1-468	0	-
476	39.296	39.3644	A3	58	60	0	0	39250	P1-1-469	0	-
477	39.4445	39.5139	D4	52	60	0	0	39375	P1-1-470	0	-
478	39.5342	39.5716	D5	68	67	0	0	39500	P1-1-471	0	-
479	39.5492	39.6218	F4	58	55	0	0	39500	P1-1-472	0	-
480	39.6913	39.7629	D4	50	60	0	0	39625	P1-1-473	0	-
481	39.7842	39.8216	F5	75	65	0	0	39750	P1-1-474	0	-
482	39.796	39.8622	A3	58	60	0	0	39750	P1-1-475	0	-
483	39.9456	40	D4	47	64	0	0	39875	P1-1-476	0	-
484	40.0385	40.0812	A5	67	64	0	0	40000	P1-1-477	0	-
485	40.0438	40.1122	F4	49	59	0	0	40000	P1-1-478	0	-
486	40.0994	40.1913	G#5	75	62	0	0	40000	*	3	-
487	40.1421	40.2682	D4	52	62	0	0	40125	P1-1-479	0	-
488	40.1881	40.4466	A5	71	63	0	0	40250	*	3	-
489	40.2938	40.4092	A3	54	61	0	0	40250	P1-1-480	0	-
490	40.4327	40.5118	D4	58	61	0	0	40375	P1-1-481	0	-
491	40.5353	40.6496	E4	62	60	0	0	40500	P1-1-482	0	-
492	40.6795	40.7703	D4	53	61	0	0	40625	P1-1-483	0	-
493	40.7789	40.8184	A4	79	63	0	0	40750	P1-1-484	0	-
494	40.796	40.9028	A3	56	58	0	0	40750	P1-1-485	0	-
495	40.9434	41.0022	D4	55	64	0	0	40875	P1-1-486	0	-
496	41.03	41.0855	C5	90	65	0	0	41000	P1-1-487	0	-
497	41.0374	41.125	E4	59	57	0	0	41000	P1-1-488	0	-
498	41.1806	41.2778	C4	50	64	0	0	41125	P1-1-489	0	-
499	41.281	41.3302	E5	87	66	0	0	41250	P1-1-490	0	-
500	41.2853	41.3836	A3	68	62	0	0	41250	P1-1-491	0	-
501	41.3996	41.4883	C4	52	59	0	0	41375	P1-1-492	0	-
502	41.5161	41.6229	E4	62	62	0	0	41500	P1-1-494	0	-
503	41.5396	41.6069	A5	85	67	0	0	41500	P1-1-493	0	-
504	41.6079	41.7073	G#5	81	65	0	0	-1	*	3	-
505	41.6389	41.7447	C4	64	64	0	0	41625	P1-1-495	0	-
506	41.672	41.9498	A5	80	65	0	0	-1	*	3	-
507	41.75	41.8868	A3	66	63	0	0	41750	P1-1-496	0	-
508	41.8953	41.9968	C4	67	64	0	0	41875	P1-1-497	0	-
509	42.0182	42.1517	D4	83	59	0	0	42000	P1-1-498	0	-
510	42.1475	42.2767	B3	73	63	0	0	42125	P1-1-499	0	-
511	42.2693	42.3291	D5	88	64	0	0	42250	P1-1-500	0	-
512	42.28	42.4146	A3	66	64	0	0	42250	P1-1-501	0	-
513	42.4359	42.5225	B3	66	63	0	0	42375	P1-1-502	0	-
514	42.5267	42.5898	G#5	94	66	0	0	42500	P1-1-503	0	-
515	42.5385	42.6688	D4	68	58	0	0	42500	P1-1-504	0	-
516	42.6827	42.797	B3	67	63	0	0	42625	P1-1-505	0	-
517	42.797	42.8569	B5	99	67	0	0	42750	P1-1-506	0	-
518	42.8024	42.9391	G#3	69	63	0	0	42750	P1-1-507	0	-
519	42.9573	43.03	B3	65	61	0	0	42875	P1-1-508	0	-
520	43.0545	43.1154	G#5	92	64	0	0	43000	P1-1-509	0	-
521	43.0599	43.2159	D4	65	56	0	0	43000	P1-1-510	0	-
522	43.1998	43.2938	B3	64	63	0	0	43125	P1-1-511	0	-
523	43.3024	43.4338	G#3	73	62	0	0	43250	P1-1-513	0	-
524	43.3077	43.3697	E5	85	64	0	0	43250	P1-1-512	0	-
525	43.4573	43.546	B3	62	64	0	0	43375	P1-1-514	0	-
526	43.5503	43.8451	A5	88	59	0	0	43500	P1-1-515	0	-
527	43.5663	43.6047	C4	83	69	0	0	43500	P1-1-516	0	-
528	43.8334	43.9103	A2	80	64	0	0	43750	P1-1-518	0	-
529	43.8355	43.9637	G5	82	63	0	0	43750	P1-1-517	0	-
530	43.9573	44.0973	F5	73	61	0	0	43875	P1-1-519	0	-
531	44.0791	44.2094	E5	80	64	0	0	44000	P1-1-520	0	-
532	44.0812	44.14	C3	80	60	0	0	44000	P1-1-521	0	-
533	44.2233	44.3409	D5	74	41	0	0	44125	P1-1-522	0	-
534	44.3248	44.3654	E3	79	67	0	0	44250	P1-1-524	0	-
535	44.3334	44.4659	C5	85	63	0	0	44250	P1-1-523	0	-
536	44.4594	44.5674	B4	83	59	0	0	44375	P1-1-525	0	-
537	44.5652	44.625	A3	84	62	0	0	44500	P1-1-527	0	-
538	44.5812	44.6945	A4	84	60	0	0	44500	P1-1-526	0	-
539	44.6849	44.8163	C5	77	59	0	0	44625	P1-1-528	0	-
540	44.8035	44.8975	B4	76	61	0	0	44750	P1-1-529	0	-
541	44.8088	44.859	C4	80	63	0	0	44750	P1-1-530	0	-
542	44.921	45.0438	A4	74	55	0	0	44875	P1-1-531	0	-
543	45.0471	45.1817	F5	83	62	0	0	45000	P1-1-532	0	-
544	45.0524	45.1058	D4	84	64	0	0	45000	P1-1-533	0	-
545	45.1774	45.2949	D5	73	60	0	0	45125	P1-1-534	0	-
546	45.3045	45.3804	F4	79	59	0	0	45250	P1-1-536	0	-
547	45.3056	45.4253	A4	73	60	0	0	45250	P1-1-535	0	-
548	45.4274	45.5556	D5	72	58	0	0	45375	P1-1-537	0	-
549	45.5513	45.5941	A3	69	68	0	0	45500	P1-1-539	0	-
550	45.5513	45.6635	F5	85	63	0	0	45500	P1-1-538	0	-
551	45.6721	45.7842	D5	75	61	0	0	45625	P1-1-540	0	-
552	45.7992	45.8441	D4	79	60	0	0	45750	P1-1-542	0	-
553	45.7992	45.9114	A4	72	61	0	0	45750	P1-1-541	0	-
554	45.9114	46.0396	D5	72	59	0	0	45875	P1-1-543	0	-
555	46.031	46.0834	D3	77	65	0	0	46000	P1-1-545	0	-
556	46.0342	46.1763	F5	86	59	0	0	46000	P1-1-544	0	-
557	46.1763	46.2885	D5	76	59	0	0	46125	P1-1-546	0	-
558	46.2874	46.3462	B3	94	66	0	0	46250	P1-1-548	0	-
559	46.2981	46.4253	A4	78	60	0	0	46250	P1-1-547	0	-
560	46.4114	46.5075	D5	76	57	0	0	46375	P1-1-549	0	-
561	46.5364	46.5802	C4	74	67	0	0	46500	P1-1-551	0	-
562	46.5374	46.6411	E5	72	62	0	0	46500	P1-1-550	0	-
563	46.6507	46.75	D5	67	59	0	0	46625	P1-1-552	0	-
564	46.7928	46.937	A4	57	48	0	0	46750	P1-1-553	0	-
565	46.8013	46.8537	E4	59	60	0	0	46750	P1-1-554	0	-
566	46.9263	47.0129	D5	52	50	0	0	46875	P1-1-555	0	-
567	47.0353	47.1379	E5	59	60	0	0	47000	P1-1-556	0	-
568	47.0396	47.0834	A3	58	64	0	0	47000	P1-1-557	0	-
569	47.1699	47.265	C5	58	62	0	0	47125	P1-1-558	0	-
570	47.296	47.3344	C4	65	66	0	0	47250	P1-1-560	0	-
571	47.3035	47.405	A4	56	51	0	0	47250	P1-1-559	0	-
572	47.421	47.4904	C5	58	54	0	0	47375	P1-1-561	0	-
573	47.5492	47.656	E5	57	59	0	0	47500	P1-1-562	0	-
574	47.5524	47.5973	C3	52	64	0	0	47500	P1-1-563	0	-
575	47.6774	47.781	C5	52	61	0	0	47625	P1-1-564	0	-
576	47.7864	47.8323	A3	69	65	0	0	47750	P1-1-566	0	-
577	47.8045	47.89	A4	59	46	0	0	47750	P1-1-565	0	-
578	47.9285	47.9872	C5	58	60	0	0	47875	P1-1-567	0	-
579	48.0268	48.0695	B3	64	64	0	0	48000	P1-1-569	0	-
580	48.046	48.1518	D5	66	61	0	0	48000	P1-1-568	0	-
581	48.1827	48.2703	B4	62	61	0	0	48125	P1-1-570	0	-
582	48.2896	48.3387	D4	58	62	0	0	48250	P1-1-572	0	-
583	48.3067	48.3718	A4	59	55	0	0	48250	P1-1-571	0	-
584	48.4092	48.5054	B4	58	61	0	0	48375	P1-1-573	0	-
585	48.5214	48.6229	D5	61	62	0	0	48500	P1-1-574	0	-
586	48.5342	48.5791	G#3	59	65	0	0	48500	P1-1-575	0	-
587	48.6475	48.7394	B4	57	58	0	0	48625	P1-1-576	0	-
588	48.78	48.8515	G#4	53	59	0	0	48750	P1-1-577	0	-
589	48.7906	48.8238	B3	51	61	0	0	48750	P1-1-578	0	-
590	48.8783	48.968	B4	50	45	0	0	48875	P1-1-579	0	-
591	49.0129	49.1112	D5	65	62	0	0	49000	P1-1-580	0	-
592	49.0182	49.0663	E4	58	64	0	0	49000	P1-1-581	0	-
593	49.1486	49.2372	B4	59	60	0	0	49125	P1-1-582	0	-
594	49.2639	49.3174	E3	55	66	0	0	49250	P1-1-584	0	-
595	49.2746	49.3377	G#4	59	61	0	0	49250	P1-1-583	0	-
596	49.3975	49.4488	B4	57	62	0	0	49375	P1-1-585	0	-
597	49.5182	51.062	C5	65	38	0	0	49500	P1-1-586	0	-
598	49.5193	49.6144	A3	63	64	0	0	49500	P1-1-587	0	-
599	49.6464	49.7597	A4	74	59	0	0	49625	P1-1-588	0	-
600	49.749	49.9071	G4	72	58	0	0	49750	P1-1-589	0	-
601	49.8676	50.0107	F4	82	60	0	0	49875	P1-1-590	0	-
602	49.9787	50.0545	E4	74	64	0	0	50000	P1-1-591	0	-
603	50.0834	50.218	D4	77	61	0	0	50125	P1-1-592	0	-
604	50.2276	50.3526	C4	66	57	0	0	50250	P1-1-593	0	-
605	50.3195	50.4498	B3	64	61	0	0	50375	P1-1-594	0	-
606	50.4552	50.5268	A3	64	61	0	0	50500	P1-1-595	0	-
607	50.5716	50.6977	C4	59	59	0	0	50625	P1-1-596	0	-
608	50.7041	50.812	E3	60	62	0	0	50750	P1-1-597	0	-
609	50.827	50.9392	G3	54	60	0	0	50875	P1-1-598	0	-
610	50.952	51.0257	F#3	62	64	0	0	51000	P1-1-599	0	-
611	51.0823	51.2159	Eb5	59	53	0	0	51125	P1-1-600	0	-
612	51.2233	51.312	D5	57	60	0	0	51250	P1-1-601	0	-
613	51.2276	51.2693	A4	62	66	0	0	51250	P1-1-602	0	-
614	51.3441	51.3953	C5	56	64	0	0	51375	P1-1-603	0	-
615	51.4648	51.5545	F#5	63	59	0	0	51500	P1-1-604	0	-
616	51.484	51.5236	C5	42	49	0	0	51500	P1-1-605	0	-
617	51.6112	51.6913	Eb5	41	55	0	0	51625	P1-1-606	0	-
618	51.718	51.7789	D5	51	60	0	0	51750	P1-1-607	0	-
619	51.7201	51.7639	A4	57	65	0	0	51750	P1-1-608	0	-
620	51.828	51.89	C5	53	60	0	0	51875	P1-1-609	0	-
621	51.9498	52.0471	A5	69	62	0	0	52000	P1-1-610	0	-
622	51.9669	52.0086	F#4	55	64	0	0	52000	P1-1-611	0	-
623	52.0983	52.1934	Eb5	42	56	0	0	52125	P1-1-612	0	-
624	52.2447	52.2981	D4	56	66	0	0	52250	P1-1-614	0	-
625	52.3441	52.4156	C5	43	52	0	0	52375	P1-1-615	0	-
626	52.4573	52.515	Bb4	62	65	0	0	52500	P1-1-616	0	-
627	52.4765	52.515	G4	64	66	0	0	52500	P1-1-617	0	-
628	52.5855	52.7095	G5	59	61	0	0	52625	P1-1-618	0	-
629	52.7148	52.8248	F5	65	60	0	0	52750	P1-1-619	0	-
630	52.7244	52.781	G3	64	61	0	0	52750	P1-1-620	0	-
631	52.8451	52.9958	Eb5	64	56	0	0	52875	P1-1-621	0	-
632	52.9648	53.0193	Bb3	70	60	0	0	53000	P1-1-623	0	-
633	52.9819	53.0759	D5	58	63	0	0	53000	P1-1-622	0	-
634	53.1069	53.2137	C5	56	41	0	0	53125	P1-1-624	0	-
635	53.2383	53.2832	D4	61	64	0	0	53250	P1-1-626	0	-
636	53.2436	53.327	Bb4	55	58	0	0	53250	P1-1-625	0	-
637	53.343	53.4178	A4	65	57	0	0	53375	P1-1-627	0	-
638	53.4819	53.578	C5	67	61	0	0	53500	P1-1-628	0	-
639	53.4862	53.5364	G4	66	61	0	0	53500	P1-1-629	0	-
640	53.6037	53.7223	Bb4	59	59	0	0	53625	P1-1-630	0	-
641	53.7223	53.8088	A4	64	62	0	0	53750	P1-1-631	0	-
642	53.7404	53.7821	F4	55	65	0	0	53750	P1-1-632	0	-
643	53.8312	53.9274	G4	60	60	0	0	53875	P1-1-633	0	-
644	53.9562	53.999	C5	73	65	0	0	54000	P1-1-634	0	-
645	53.9595	54.1197	E4	59	54	0	0	54000	P1-1-635	0	-
646	54.0973	54.3216	C#4	57	55	0	0	54125	P1-1-636	0	-
647	54.2244	54.3537	C4	57	59	0	0	54250	P1-1-638	0	-
648	54.2244	54.2736	E5	78	65	0	0	54250	P1-1-637	0	-
649	54.3548	54.4616	Bb3	63	62	0	0	54375	P1-1-639	0	-
650	54.4765	54.6368	F4	73	54	0	0	54500	P1-1-641	0	-
651	54.4883	54.5492	B4	86	63	0	0	54500	P1-1-640	0	-
652	54.6251	54.8077	C#4	68	54	0	0	54625	P1-1-642	0	-
653	54.7276	54.796	F5	93	65	0	0	54750	P1-1-643	0	-
654	54.7468	54.8986	C4	70	60	0	0	54750	P1-1-644	0	-
655	54.8868	55.0001	Bb3	68	61	0	0	54875	P1-1-645	0	-
656	54.9894	55.0492	Bb4	94	66	0	0	55000	P1-1-646	0	-
657	55.015	55.1475	G4	76	59	0	0	55000	P1-1-647	0	-
658	55.1421	55.3451	C#4	69	58	0	0	55125	P1-1-648	0	-
659	55.2661	55.421	C4	66	63	0	0	55250	P1-1-650	0	-
660	55.2768	55.6763	G5	89	60	0	0	55250	P1-1-649	0	-
661	55.3644	55.5759	Bb3	74	61	0	0	55375	P1-1-651	0	-
662	55.5054	55.6411	A3	73	61	0	0	55500	P1-1-652	0	-
663	55.64	55.749	D5	73	65	0	0	55625	P1-1-653	0	-
664	55.6443	55.7575	F4	75	62	0	0	55625	P1-1-654	0	-
665	55.7586	55.8654	E4	73	63	0	0	55750	P1-1-656	0	-
666	55.765	55.8825	C5	83	64	0	0	55750	P1-1-655	0	-
667	55.8793	56.0043	Bb4	85	60	0	0	55875	P1-1-657	0	-
668	55.8879	56.0182	D4	78	60	0	0	55875	P1-1-658	0	-
669	55.999	56.1101	A4	86	63	0	0	56000	P1-1-659	0	-
670	56.015	56.1528	C4	70	59	0	0	56000	P1-1-660	0	-
671	56.1165	56.2832	G5	89	63	0	0	56125	P1-1-661	0	-
672	56.1208	56.2907	Bb3	73	62	0	0	56125	P1-1-662	0	-
673	56.2458	56.452	A3	73	56	0	0	56250	P1-1-664	0	-
674	56.2501	56.4082	F5	86	63	0	0	56250	P1-1-663	0	-
675	56.3633	56.5075	E5	87	62	0	0	56375	P1-1-665	0	-
676	56.3793	56.4958	G3	72	63	0	0	56375	P1-1-666	0	-
677	56.483	56.5813	Bb3	75	63	0	0	56500	P1-1-668	0	-
678	56.4851	56.6122	D5	88	63	0	0	56500	P1-1-667	0	-
679	56.5951	56.7298	A3	83	62	0	0	56625	P1-1-670	0	-
680	56.5983	56.7447	F5	94	62	0	0	56625	P1-1-669	1	-
681	56.7244	56.8548	G3	72	63	0	0	56750	P1-1-672	0	-
682	56.7265	56.8334	E5	89	65	0	0	56750	P1-1-671	0	-
683	56.8441	56.9637	D5	87	80	0	0	56875	P1-1-673	0	-
684	56.8537	56.9541	F3	76	62	0	0	56875	P1-1-674	0	-
685	56.9808	57.1005	C#5	86	63	0	0	57000	P1-1-675	0	-
686	56.9862	57.061	E3	79	66	0	0	57000	P1-1-676	0	-
687	57.1165	57.2436	Bb4	77	60	0	0	57125	P1-1-677	0	-
688	57.1518	57.2554	G4	71	42	0	0	57125	P1-1-678	0	-
689	57.265	57.3238	A4	58	62	0	0	57250	P1-1-679	0	-
690	57.3003	57.4103	F4	59	59	0	0	57250	P1-1-680	0	-
691	57.3601	57.4178	G4	51	61	0	0	57375	P1-1-681	0	-
692	57.4178	57.4904	E4	48	57	0	0	57375	P1-1-682	0	-
693	57.5043	57.5855	D5	58	59	0	0	57500	P1-1-683	0	-
694	57.531	57.5887	D4	54	64	0	0	57500	P1-1-684	0	-
695	57.6176	57.734	Bb4	52	57	0	0	57625	P1-1-685	0	-
696	57.6614	57.733	G4	58	53	0	0	57625	P1-1-686	0	-
697	57.7629	57.8206	A4	47	63	0	0	57750	P1-1-687	0	-
698	57.7874	57.8889	F4	55	58	0	0	57750	P1-1-688	0	-
699	57.8644	57.9253	G4	53	57	0	0	57875	P1-1-689	0	-
700	57.9103	57.9968	E4	49	58	0	0	57875	P1-1-690	0	-
701	57.9947	58.1037	E5	65	60	0	0	58000	P1-1-691	0	-
702	58.0385	58.0994	C#4	55	60	0	0	58000	P1-1-692	0	-
703	58.14	58.2575	Bb4	51	57	0	0	58125	P1-1-693	0	-
704	58.1475	58.2479	G4	55	55	0	0	58125	P1-1-694	0	-
705	58.2832	58.3473	A4	52	63	0	0	58250	P1-1-695	0	-
706	58.2907	58.3387	F4	50	64	0	0	58250	P1-1-696	0	-
707	58.3986	58.4445	G4	59	63	0	0	58375	P1-1-697	0	-
708	58.4039	58.436	E4	49	59	0	0	58375	P1-1-698	0	-
709	58.5075	58.5738	D3	74	62	0	0	58500	P1-1-700	1	-
710	58.5139	58.5577	F4	57	65	0	0	58500	P1-1-699	0	-
711	58.6635	58.7543	Eb4	75	61	0	0	58625	P1-1-701	0	-
712	58.7778	58.8152	F#4	57	63	0	0	58750	P1-1-702	0	-
713	58.781	58.8996	D4	68	59	0	0	58750	P1-1-703	0	-
714	58.906	59.0161	C4	62	64	0	0	58875	P1-1-704	0	-
715	59.031	59.0663	G4	58	64	0	0	59000	P1-1-705	0	-
716	59.0332	59.0951	Bb3	58	62	0	0	59000	P1-1-706	0	-
717	59.1827	59.2832	C4	50	55	0	0	59125	P1-1-707	0	-
718	59.28	59.3964	Bb3	56	58	0	0	59250	P1-1-709	0	-
719	59.3088	59.3387	A4	48	59	0	0	59250	P1-1-708	0	-
720	59.4285	59.5086	A3	45	54	0	0	59375	P1-1-710	0	-
721	59.5289	59.6518	G3	57	61	0	0	59500	P1-1-712	0	-
722	59.5417	59.5887	Bb4	57	65	0	0	59500	P1-1-711	0	-
723	59.686	59.7917	A3	60	59	0	0	59625	P1-1-713	0	-
724	59.7842	59.8184	B4	70	66	0	0	59750	P1-1-714	0	-
725	59.8056	59.9295	G3	61	59	0	0	59750	P1-1-715	0	-
726	59.937	60.0695	F3	56	62	0	0	59875	P1-1-716	0	-
727	60.0332	60.0887	C5	76	61	0	0	60000	P1-1-717	0	-
728	60.0353	60.1208	E3	63	65	0	0	60000	P1-1-718	0	-
729	60.1689	60.2629	Bb3	76	63	0	0	60125	P1-1-719	0	-
730	60.2821	60.4199	A3	75	62	0	0	60250	P1-1-721	0	-
731	60.2821	60.343	C#5	83	62	0	0	60250	P1-1-720	0	-
732	60.4157	60.5332	G3	69	62	0	0	60375	P1-1-722	0	-
733	60.5268	60.6357	F3	75	63	0	0	60500	P1-1-724	0	-
734	60.5353	60.5855	D5	87	65	0	0	60500	P1-1-723	0	-
735	60.6475	60.7832	G3	77	58	0	0	60625	P1-1-725	0	-
736	60.7693	60.9231	F3	80	56	0	0	60750	P1-1-727	0	-
737	60.7896	60.8526	E5	103	66	0	0	60750	P1-1-726	0	-
738	60.906	61.0449	E3	74	65	0	0	60875	P1-1-728	0	-
739	61.0407	61.1902	D3	78	64	0	0	61000	P1-1-730	0	-
740	61.046	61.1016	F5	104	66	0	0	61000	P1-1-729	0	-
741	61.1806	61.2853	Eb3	86	64	0	0	61125	P1-1-731	0	-
742	61.3035	61.4595	D3	88	58	0	0	61250	P1-1-733	0	-
743	61.3131	61.3825	F#5	104	66	0	0	61250	P1-1-732	0	-
744	61.4349	61.608	C3	81	59	0	0	61375	P1-1-734	0	-
745	61.593	61.656	Bb2	92	65	0	0	61500	P1-1-736	0	-
746	61.5962	61.734	G5	100	55	0	0	61500	P1-1-735	0	-
747	61.7554	61.9114	D5	84	59	0	0	61625	P1-1-737	0	-
748	61.9189	61.9979	G2	82	63	0	0	61750	P1-1-739	0	-
749	61.9274	62.0973	Bb5	99	64	0	0	61750	P1-1-738	0	-
750	62.0727	62.2415	A5	85	65	0	0	61875	P1-1-740	0	-
751	62.2212	62.2949	Bb2	84	64	0	0	62000	P1-1-742	0	-
752	62.2223	62.343	G5	90	64	0	0	62000	P1-1-741	0	-
753	62.3505	62.4263	F5	88	64	0	0	62125	P1-1-743	0	-
754	62.4669	62.5225	D3	84	64	0	0	62250	P1-1-745	0	-
755	62.4712	62.5941	E5	87	65	0	0	62250	P1-1-744	0	-
756	62.5919	62.7383	D5	80	59	0	0	62375	P1-1-746	0	-
757	62.7255	63.1977	G3	87	58	0	0	62500	P1-1-748	0	-
758	62.7255	62.8484	C#5	91	60	0	0	62500	P1-1-747	0	-
759	62.8473	63.0161	D5	86	58	0	0	62625	P1-1-749	0	-
760	62.968	63.1122	E5	87	62	0	0	62750	P1-1-750	0	-
761	63.093	63.2191	C#5	85	62	0	0	62875	P1-1-751	0	-
762	63.2308	63.2917	A4	95	66	0	0	63000	P1-1-752	0	-
763	63.3644	63.4862	G3	75	64	0	0	63125	P1-1-753	0	-
764	63.4862	63.6069	A2	76	63	0	0	63250	P1-1-755	0	-
765	63.4915	63.5417	E4	88	62	0	0	63250	P1-1-754	0	-
766	63.6443	63.7511	G2	73	64	0	0	63375	P1-1-756	0	-
767	63.733	63.7821	A4	90	65	0	0	63500	P1-1-757	0	-
768	63.7404	63.8355	A2	73	63	0	0	63500	P1-1-758	0	-
769	63.8633	63.9723	G3	73	60	0	0	63625	P1-1-759	0	-
770	63.983	64.0866	A2	69	61	0	0	63750	P1-1-761	0	-
771	64.0043	64.0492	C#5	87	65	0	0	63750	P1-1-760	0	-
772	64.1122	64.2308	G3	71	59	0	0	63875	P1-1-762	0	-
773	64.2479	64.3419	A2	71	64	0	0	64000	P1-1-764	0	-
774	64.2661	64.3195	E5	83	65	0	0	64000	P1-1-763	0	-
775	64.3227	64.4114	Eb5	84	63	0	0	-1	*	3	-
776	64.3654	64.4766	G3	71	62	0	0	64125	P1-1-765	0	-
777	64.3943	64.8868	E5	82	58	0	0	-1	*	3	-
778	64.4862	64.5834	A2	69	63	0	0	64250	P1-1-766	0	-
779	64.6101	64.7234	G3	74	59	0	0	64375	P1-1-767	0	-
780	64.7394	64.8409	A2	74	63	0	0	64500	P1-1-768	0	-
781	64.8622	64.999	F3	72	62	0	0	64625	P1-1-770	0	-
782	64.8665	64.9937	A4	61	63	0	0	64625	P1-1-769	0	-
783	64.8729	64.9627	B4	65	60	0	0	-1	*	3	-
784	64.9798	65.1069	A2	72	64	0	0	64750	P1-1-772	0	-
785	64.999	65.1219	F4	75	63	0	0	64750	P1-1-771	0	-
786	65.1133	65.2554	G2	75	62	0	0	64875	P1-1-774	0	-
787	65.1133	65.2469	A4	86	54	0	0	64875	P1-1-773	0	-
788	65.2469	65.3612	A2	78	63	0	0	65000	P1-1-776	0	-
789	65.2543	65.3751	D5	87	63	0	0	65000	P1-1-775	0	-
790	65.3783	65.4701	A4	85	62	0	0	65125	P1-1-777	0	-
791	65.3804	65.4904	F3	69	60	0	0	65125	P1-1-778	0	-
792	65.5022	65.6026	A2	74	64	0	0	65250	P1-1-780	0	-
793	65.5065	65.5877	F4	77	62	0	0	65250	P1-1-779	0	-
794	65.6037	65.6614	A4	83	63	0	0	65375	P1-1-781	0	-
795	65.6357	65.7308	F3	70	61	0	0	65375	P1-1-782	0	-
796	65.7426	65.811	D5	80	63	0	0	65500	P1-1-783	0	-
797	65.7511	65.8441	A2	77	64	0	0	65500	P1-1-784	0	-
798	65.8067	65.8954	C#5	85	64	0	0	-1	*	3	-
799	65.8708	65.9872	F3	75	62	0	0	65625	P1-1-785	0	-
800	65.8761	66.3783	D5	78	58	0	0	-1	*	3	-
801	65.9872	66.0941	A2	70	64	0	0	65750	P1-1-786	0	-
802	66.1165	66.2394	F3	70	61	0	0	65875	P1-1-787	0	-
803	66.2501	66.3473	A2	74	63	0	0	66000	P1-1-788	0	-
804	66.3601	66.484	G4	73	61	0	0	66125	P1-1-789	0	-
805	66.3676	66.4947	E3	74	61	0	0	66125	P1-1-790	0	-
806	66.4808	66.624	A2	70	63	0	0	66250	P1-1-792	0	-
807	66.4947	66.6187	E4	75	63	0	0	66250	P1-1-791	0	-
808	66.6112	66.7191	G4	87	56	0	0	66375	P1-1-793	0	-
809	66.6187	66.7618	G2	75	62	0	0	66375	P1-1-794	0	-
810	66.7415	66.8622	C5	91	64	0	0	66500	P1-1-795	0	-
811	66.7522	66.8569	A2	75	63	0	0	66500	P1-1-796	0	-
812	66.8676	66.9701	G4	80	61	0	0	66625	P1-1-797	0	-
813	66.8783	66.9937	E3	66	60	0	0	66625	P1-1-798	0	-
814	67.0022	67.1026	E4	75	62	0	0	66750	P1-1-799	0	-
815	67.0065	67.109	A2	72	63	0	0	66750	P1-1-800	0	-
816	67.0994	67.1731	G4	84	62	0	0	66875	P1-1-801	0	-
817	67.1368	67.2394	E3	69	61	0	0	66875	P1-1-802	0	-
818	67.2447	67.3195	C5	84	64	0	0	67000	P1-1-803	0	-
819	67.2607	67.3505	A2	74	63	0	0	67000	P1-1-804	0	-
820	67.3238	67.3986	B4	84	65	0	0	-1	*	3	-
821	67.3676	67.4776	E3	69	62	0	0	67125	P1-1-805	0	-
822	67.3932	67.9659	C5	77	61	0	0	-1	*	3	-
823	67.4894	67.5887	A2	66	63	0	0	67250	P1-1-806	0	-
824	67.624	67.7736	E3	64	61	0	0	67375	P1-1-807	0	-
825	67.7682	67.9413	A2	53	61	0	0	67500	P1-1-808	0	-
826	67.8986	68.0246	F4	56	61	0	0	67625	P1-1-809	0	-
827	67.9103	68.0332	D3	52	63	0	0	67625	P1-1-810	0	-
828	68.0385	68.1828	D4	63	56	0	0	67750	P1-1-811	0	-
829	68.0588	68.1945	F3	57	57	0	0	67750	P1-1-812	0	-
830	68.1763	68.3003	F4	67	54	0	0	67875	P1-1-813	0	-
831	68.2031	68.2778	D3	55	60	0	0	67875	P1-1-814	0	-
832	68.3056	68.4456	A2	61	64	0	0	68000	P1-1-816	0	-
833	68.311	68.4563	Bb4	74	58	0	0	68000	P1-1-815	0	-
834	68.436	68.562	D3	68	63	0	0	68125	P1-1-818	0	-
835	68.4456	68.5503	F4	74	61	0	0	68125	P1-1-817	0	-
836	68.5663	68.6678	F3	64	63	0	0	68250	P1-1-820	0	-
837	68.5738	68.7116	D4	68	58	0	0	68250	P1-1-819	0	-
838	68.6603	68.7586	A3	68	64	0	0	68375	P1-1-822	0	-
839	68.6731	68.781	F4	71	59	0	0	68375	P1-1-821	0	-
840	68.7885	68.9114	Bb4	82	60	0	0	68500	P1-1-823	0	-
841	68.7907	68.9274	G2	70	62	0	0	68500	P1-1-824	0	-
842	68.9039	69.0129	G4	77	62	0	0	68625	P1-1-825	0	-
843	68.9402	69.0204	E3	71	64	0	0	68625	P1-1-826	0	-
844	69.031	69.1678	G3	74	63	0	0	68750	P1-1-828	0	-
845	69.0343	69.1187	E4	69	57	0	0	68750	P1-1-827	0	-
846	69.1454	69.2554	G4	73	62	0	0	68875	P1-1-829	0	-
847	69.171	69.2725	Bb3	76	63	0	0	68875	P1-1-830	0	-
848	69.2778	69.3857	C#4	78	60	0	0	69000	P1-1-831	0	-
849	69.2896	69.3259	G3	75	66	0	0	69000	P1-1-832	0	-
850	69.4125	69.5385	A4	72	54	0	0	69125	P1-1-833	0	-
851	69.5407	69.5813	C#3	69	63	0	0	69250	P1-1-835	0	-
852	69.5492	69.6507	Bb4	71	57	0	0	69250	P1-1-834	0	-
853	69.6838	69.7704	A4	72	62	0	0	69375	P1-1-836	0	-
854	69.7928	69.8302	E3	73	67	0	0	69500	P1-1-838	0	-
855	69.8078	69.8708	C#4	69	54	0	0	69500	P1-1-837	0	-
856	69.936	70.0845	A4	67	49	0	0	69625	P1-1-839	0	-
857	70.0428	70.0813	G2	77	67	0	0	69750	P1-1-841	0	-
858	70.0674	70.1977	Bb4	79	62	0	0	69750	P1-1-840	0	-
859	70.2063	70.2864	A4	69	65	0	0	69875	P1-1-842	0	-
860	70.3088	70.3687	C#4	87	60	0	0	70000	P1-1-843	0	-
861	70.4488	70.5973	Bb2	73	60	0	0	70125	P1-1-844	0	-
862	70.5855	70.7383	A2	73	60	0	0	70250	P1-1-846	0	-
863	70.5909	70.9723	E4	87	60	0	0	70250	P1-1-845	0	-
864	70.7255	70.8537	G2	69	59	0	0	70375	P1-1-847	0	-
865	70.8419	70.9434	F2	76	62	0	0	70500	P1-1-848	0	-
866	70.9894	71.1005	F3	65	60	0	0	70625	P1-1-850	0	-
867	70.9937	71.0984	A4	70	63	0	0	70625	P1-1-849	0	-
868	71.1101	71.2372	Bb4	71	63	0	0	70750	P1-1-851	0	-
869	71.1144	71.2191	E3	63	64	0	0	70750	P1-1-852	0	-
870	71.2533	71.3601	A4	69	63	0	0	70875	P1-1-853	0	-
871	71.2586	71.3548	F3	65	62	0	0	70875	P1-1-854	0	-
872	71.3772	71.499	D4	79	58	0	0	71000	P1-1-855	0	-
873	71.3793	71.4691	F2	73	64	0	0	71000	P1-1-856	0	-
874	71.515	71.6283	A4	74	62	0	0	71125	P1-1-857	0	-
875	71.5257	71.6304	F3	60	62	0	0	71125	P1-1-858	0	-
876	71.64	71.7458	E3	61	64	0	0	71250	P1-1-860	0	-
877	71.6507	71.7672	Bb4	73	61	0	0	71250	P1-1-859	0	-
878	71.7736	71.8783	A4	71	63	0	0	71375	P1-1-861	0	-
879	71.7875	71.8783	F3	63	61	0	0	71375	P1-1-862	0	-
880	71.8868	71.9445	D4	87	65	0	0	71500	P1-1-863	0	-
881	71.8954	71.9937	F2	74	63	0	0	71500	P1-1-864	0	-
882	72.0311	72.1721	F3	72	63	0	0	71625	P1-1-865	0	-
883	72.1561	72.28	E3	71	64	0	0	71750	P1-1-867	0	-
884	72.1742	72.5353	F4	86	55	0	0	71750	P1-1-866	0	-
885	72.296	72.4264	D3	72	64	0	0	71875	P1-1-868	0	-
886	72.421	72.4669	C#3	87	65	0	0	72000	P1-1-869	0	-
887	72.5471	72.64	G4	72	60	0	0	72125	P1-1-870	0	-
888	72.6657	72.7127	E2	81	68	0	0	72250	P1-1-872	0	-
889	72.686	72.8024	A4	79	61	0	0	72250	P1-1-871	0	-
890	72.8078	72.9071	G4	75	61	0	0	72375	P1-1-873	0	-
891	72.9317	72.9808	G2	80	63	0	0	72500	P1-1-875	0	-
892	72.9381	73.0225	E4	82	59	0	0	72500	P1-1-874	0	-
893	73.0546	73.1454	G4	78	59	0	0	72625	P1-1-876	0	-
894	73.1988	73.2362	C#2	84	68	0	0	72750	P1-1-878	0	-
895	73.2031	73.3067	A4	82	63	0	0	72750	P1-1-877	0	-
896	73.3003	73.3644	G4	77	64	0	0	72875	P1-1-879	0	-
897	73.4381	73.4937	A3	90	64	0	0	73000	P1-1-880	0	-
898	73.5887	73.7319	C#3	80	63	0	0	73125	P1-1-881	0	-
899	73.7137	73.8954	B2	77	58	0	0	73250	P1-1-883	0	-
900	73.7159	74.0791	G4	92	58	0	0	73250	P1-1-882	0	-
901	73.8473	73.968	A2	76	64	0	0	73375	P1-1-884	0	-
902	73.9755	74.0375	D3	89	66	0	0	73500	P1-1-885	0	-
903	74.0054	74.0065	C3	48	127	0	0	73500	*	3	-
904	74.1016	74.2298	Bb3	76	62	0	0	73625	P1-1-886	0	-
905	74.2469	74.3623	A3	79	51	0	0	73750	P1-1-887	0	-
906	74.2661	74.3302	D2	79	61	0	0	73750	P1-1-888	0	-
907	74.3014	74.3569	E2	31	31	0	0	73750	*	3	-
908	74.3954	74.5182	G3	75	62	0	0	73875	P1-1-889	0	-
909	74.5257	74.577	F2	89	65	0	0	74000	P1-1-891	0	-
910	74.5449	74.6411	A3	77	62	0	0	74000	P1-1-890	0	-
911	74.6689	74.8516	E4	81	57	0	0	74125	P1-1-892	0	-
912	74.8174	74.8708	A2	89	63	0	0	74250	P1-1-894	0	-
913	74.8302	74.9691	D4	80	60	0	0	74250	P1-1-893	0	-
914	74.9723	75.1336	C#4	78	59	0	0	74375	P1-1-895	0	-
915	75.1283	75.2362	D3	83	64	0	0	74500	P1-1-897	0	-
916	75.1422	75.2917	D4	81	61	0	0	74500	P1-1-896	0	-
917	75.2191	75.3323	C#3	82	63	0	0	74500	*	3	-
918	75.2778	75.4167	G4	80	61	0	0	74625	P1-1-898	0	-
919	75.3291	75.874	D3	71	63	0	0	74750	*	3	-
920	75.4167	75.5503	F4	70	59	0	0	74750	P1-1-899	0	-
921	75.5535	75.6956	E4	65	61	0	0	74875	P1-1-900	0	-
922	75.6999	75.8174	F4	66	62	0	0	75000	P1-1-901	0	-
923	75.843	75.9776	Bb3	65	58	0	0	75125	P1-1-902	0	-
924	75.8804	75.9894	G3	50	62	0	0	75125	P1-1-903	0	-
925	75.9766	76.1016	C4	60	62	0	0	75250	P1-1-904	0	-
926	75.999	76.1005	A3	58	63	0	0	75250	P1-1-905	0	-
927	76.1208	76.2287	D4	55	57	0	0	75375	P1-1-906	0	-
928	76.1422	76.2511	Bb3	52	54	0	0	75375	P1-1-907	0	-
929	76.2693	76.3687	Eb4	54	58	0	0	75500	P1-1-908	0	-
930	76.2907	76.4157	C3	55	61	0	0	75500	P1-1-909	0	-
931	76.3815	76.5321	A3	58	49	0	0	75625	P1-1-910	0	-
932	76.4317	76.5535	F#3	58	62	0	0	75625	P1-1-911	0	-
933	76.5268	76.6507	Bb3	59	60	0	0	75750	P1-1-912	0	-
934	76.5706	76.6496	G3	49	60	0	0	75750	P1-1-913	0	-
935	76.6657	76.8313	C4	53	35	0	0	75875	P1-1-914	0	-
936	76.702	76.7789	A3	50	55	0	0	75875	P1-1-915	0	-
937	76.8046	76.9392	D4	56	59	0	0	76000	P1-1-916	0	-
938	76.8249	76.9648	Bb2	55	56	0	0	76000	P1-1-917	0	-
939	76.9488	77.0567	Bb3	61	62	0	0	76125	P1-1-918	0	-
940	76.9531	77.0257	G3	52	62	0	0	76125	P1-1-919	0	-
941	77.077	77.234	A3	57	56	0	0	76250	P1-1-921	0	-
942	77.0845	77.2437	C4	60	49	0	0	76250	P1-1-920	0	-
943	77.2116	77.3537	D4	64	60	0	0	76375	P1-1-922	0	-
944	77.2234	77.3355	Bb3	64	62	0	0	76375	P1-1-923	0	-
945	77.343	77.4402	Eb4	75	63	0	0	76500	P1-1-924	0	-
946	77.3505	77.5001	C3	62	62	0	0	76500	P1-1-925	0	-
947	77.468	77.5962	A3	76	49	0	0	76625	P1-1-926	0	-
948	77.4905	77.6123	F#3	66	61	0	0	76625	P1-1-927	0	-
949	77.5994	77.717	Bb3	80	62	0	0	76750	P1-1-928	0	-
950	77.6123	77.7244	G3	63	62	0	0	76750	P1-1-929	0	-
951	77.7116	77.8847	C4	78	51	0	0	76875	P1-1-930	0	-
952	77.7394	77.8537	A3	72	55	0	0	76875	P1-1-931	0	-
953	77.8526	77.9862	D4	85	62	0	0	77000	P1-1-932	0	-
954	77.8537	78.0108	Bb2	73	61	0	0	77000	P1-1-933	0	-
955	77.9766	78.092	Bb3	88	57	0	0	77125	P1-1-934	0	-
956	77.9851	78.0994	G3	77	64	0	0	77125	P1-1-935	0	-
957	78.108	78.2629	C4	89	58	0	0	77250	P1-1-936	0	-
958	78.1144	78.2618	A3	82	64	0	0	77250	P1-1-937	0	-
959	78.2426	78.312	Bb3	82	65	0	0	77375	P1-1-939	0	-
960	78.2458	78.4007	D4	88	59	0	0	77375	P1-1-938	0	-
961	78.3847	78.5022	C4	90	65	0	0	77500	P1-1-940	0	-
962	78.3975	78.577	A2	74	63	0	0	77500	P1-1-941	0	-
963	78.5182	78.6475	F#3	84	61	0	0	77625	P1-1-942	0	-
964	78.5471	78.6838	D3	69	62	0	0	77625	P1-1-943	0	-
965	78.6689	78.8388	G3	80	62	0	0	77750	P1-1-944	0	-
966	78.686	78.8249	E3	80	64	0	0	77750	P1-1-945	0	-
967	78.8281	79.0791	A3	87	45	0	0	77875	P1-1-946	0	-
968	78.8334	79.0161	F#3	81	63	0	0	77875	P1-1-947	0	-
969	79.0556	79.2982	Bb3	90	59	0	0	78000	P1-1-948	0	-
970	79.0642	79.8996	G2	79	61	0	0	78000	P1-1-949	0	-
971	79.2885	79.499	D3	78	59	0	0	78125	P1-1-950	0	-
972	79.4499	79.593	E3	71	64	0	0	78250	P1-1-951	0	-
973	79.5877	79.6849	F#3	78	65	0	0	78375	P1-1-952	0	-
974	79.7063	79.8548	G3	82	61	0	0	78500	P1-1-953	0	-
975	79.8227	79.9552	A3	82	61	0	0	78625	P1-1-954	0	-
976	79.9392	80.0364	Bb3	84	64	0	0	78750	P1-1-955	0	-
977	80.0588	80.2095	C4	86	62	0	0	78875	P1-1-956	0	-
978	80.1902	80.3099	D4	86	59	0	0	79000	P1-1-957	0	-
979	80.3206	80.4199	Bb3	90	66	0	0	79125	P1-1-958	0	-
980	80.4605	80.5984	G4	90	62	0	0	79250	P1-1-959	0	-
981	80.6155	80.7992	D4	85	52	0	0	79375	P1-1-960	0	-
982	80.7971	80.983	Bb4	85	60	0	0	79500	P1-1-961	0	-
983	80.9734	81.1058	G4	83	61	0	0	79625	P1-1-962	0	-
984	81.1144	81.2458	F4	78	63	0	0	79750	P1-1-963	0	-
985	81.2383	81.3772	Eb4	79	62	0	0	79875	P1-1-964	0	-
986	81.3516	81.4595	D4	82	62	0	0	80000	P1-1-965	0	-
987	81.4584	81.6058	C4	81	62	0	0	80125	P1-1-966	0	-
988	81.5791	81.702	Bb3	80	63	0	0	80250	P1-1-967	0	-
989	81.686	81.8099	A3	82	62	0	0	80375	P1-1-968	0	-
990	81.8088	81.9456	G3	80	61	0	0	80500	P1-1-969	0	-
991	81.9264	82.0332	Bb3	84	64	0	0	80625	P1-1-970	0	-
992	82.0727	82.2373	E3	83	65	0	0	80750	P1-1-971	0	-
993	82.2319	82.4605	G3	86	62	0	0	80875	P1-1-972	0	-
994	82.4296	82.9734	C#3	87	63	0	0	81000	P1-1-973	0	-
995	82.5866	82.7511	Bb4	74	57	0	0	81125	P1-1-974	0	-
996	82.7223	82.8249	A4	74	61	0	0	81250	P1-1-975	0	-
997	82.8484	82.9413	G4	68	58	0	0	81375	P1-1-976	0	-
998	82.9755	83.1197	E5	76	59	0	0	81500	P1-1-977	0	-
999	83.1123	83.2383	D5	61	61	0	0	81625	P1-1-978	0	-
1000	83.2308	83.2864	A2	60	66	0	0	81750	P1-1-980	0	-
1001	83.2415	83.3772	C#5	67	61	0	0	81750	P1-1-979	0	-
1002	83.3826	83.4702	B4	63	63	0	0	81875	P1-1-981	0	-
1003	83.4926	83.5343	B2	65	63	0	0	82000	P1-1-983	0	-
1004	83.499	83.562	A4	64	53	0	0	82000	P1-1-982	0	-
1005	83.6176	83.7244	G4	57	62	0	0	82125	P1-1-984	0	-
1006	83.7373	83.8099	F4	64	57	0	0	82250	P1-1-985	0	-
1007	83.7533	83.7939	C#3	60	65	0	0	82250	P1-1-986	0	-
1008	83.8729	83.9264	E4	56	62	0	0	82375	P1-1-987	0	-
1009	83.9915	84.0279	D3	65	66	0	0	82500	P1-1-989	0	-
1010	83.9947	84.0813	F4	67	58	0	0	82500	P1-1-988	0	-
1011	84.1187	84.186	D4	60	60	0	0	82625	P1-1-990	0	-
1012	84.2469	84.2907	E3	72	66	0	0	82750	P1-1-992	0	-
1013	84.2511	84.3537	G4	73	59	0	0	82750	P1-1-991	0	-
1014	84.3794	84.4755	D4	63	56	0	0	82875	P1-1-993	0	-
1015	84.4926	84.5289	F3	80	68	0	0	83000	P1-1-995	0	-
1016	84.4926	84.5898	A4	84	63	0	0	83000	P1-1-994	0	-
1017	84.6261	84.7308	D4	74	62	0	0	83125	P1-1-996	0	-
1018	84.7362	84.7843	G3	82	62	0	0	83250	P1-1-998	0	-
1019	84.7533	84.8484	Bb4	85	57	0	0	83250	P1-1-997	0	-
1020	84.8601	84.8975	D4	72	67	0	0	83375	P1-1-999	0	-
1021	84.9798	85.0407	A3	90	64	0	0	83500	P1-1-1000	0	-
1022	85.0674	85.1774	D4	73	61	0	0	83625	P1-1-1001	0	-
1023	85.2276	85.3452	E4	76	59	0	0	83750	P1-1-1002	0	-
1024	85.2298	85.2811	A2	76	65	0	0	83750	P1-1-1003	0	-
1025	85.3569	85.4894	C#4	73	60	0	0	83875	P1-1-1004	0	-
1026	85.4926	85.6048	D4	81	63	0	0	84000	P1-1-1005	0	-
1027	85.5076	85.5439	C3	58	66	0	0	84000	*	3	-
1028	85.5214	85.5535	D3	59	59	0	0	84000	P1-1-1006	0	-
1029	85.6091	85.7383	C4	78	59	0	0	84125	P1-1-1007	0	-
1030	85.7362	85.8526	F#3	72	64	0	0	84250	P1-1-1008	0	-
1031	85.7458	85.7907	A3	71	66	0	0	84250	P1-1-1009	0	-
1032	85.8751	85.9862	C4	64	62	0	0	84375	P1-1-1010	0	-
1033	85.9841	86.0962	D4	78	63	0	0	84500	P1-1-1011	0	-
1034	85.9883	86.03	D3	76	69	0	0	84500	P1-1-1012	0	-
1035	86.0984	86.2287	C4	63	61	0	0	84625	P1-1-1013	0	-
1036	86.2298	86.3473	F#3	75	62	0	0	84750	P1-1-1014	0	-
1037	86.2426	86.2832	A3	70	66	0	0	84750	P1-1-1015	0	-
1038	86.3623	86.4477	C4	66	50	0	0	84875	P1-1-1016	0	-
1039	86.4787	86.5952	D4	79	62	0	0	85000	P1-1-1017	0	-
1040	86.4798	86.5343	D3	77	63	0	0	85000	P1-1-1018	0	-
1041	86.6026	86.7159	C4	76	61	0	0	85125	P1-1-1019	0	-
1042	86.7212	86.8259	F#3	72	64	0	0	85250	P1-1-1020	0	-
1043	86.7266	86.7682	A3	73	66	0	0	85250	P1-1-1021	0	-
1044	86.8334	86.9584	C4	65	59	0	0	85375	P1-1-1022	0	-
1045	86.9819	87.0364	D3	63	63	0	0	85500	P1-1-1024	0	-
1046	86.9883	87.0898	Bb3	61	60	0	0	85500	P1-1-1023	0	-
1047	87.1144	87.2362	D4	55	60	0	0	85625	P1-1-1025	0	-
1048	87.2479	87.295	G3	51	64	0	0	85750	P1-1-1027	0	-
1049	87.2629	87.3281	Bb3	59	57	0	0	85750	P1-1-1026	0	-
1050	87.3697	87.4873	F#3	54	60	0	0	85875	P1-1-1028	0	-
1051	87.4873	87.5952	Bb3	60	62	0	0	86000	P1-1-1029	0	-
1052	87.5033	87.5546	D3	50	63	0	0	86000	P1-1-1030	0	-
1053	87.6187	87.7415	D4	53	62	0	0	86125	P1-1-1031	0	-
1054	87.7522	87.7918	G3	38	55	0	0	86250	P1-1-1033	0	-
1055	87.7661	87.8206	Bb3	54	63	0	0	86250	P1-1-1032	0	-
1056	87.8484	87.936	F#3	58	58	0	0	86375	P1-1-1034	0	-
1057	87.9798	88.0856	Bb3	59	60	0	0	86500	P1-1-1035	0	-
1058	87.9979	88.0514	D3	45	59	0	0	86500	P1-1-1036	0	-
1059	88.1155	88.2298	D4	52	58	0	0	86625	P1-1-1037	0	-
1060	88.2351	88.2885	G3	60	63	0	0	86750	P1-1-1039	0	-
1061	88.2533	88.3046	Bb3	57	65	0	0	86750	P1-1-1038	0	-
1062	88.3377	88.4648	E3	67	61	0	0	86875	P1-1-1040	1	-
1063	88.4627	88.5535	F3	69	62	0	0	87000	P1-1-1041	0	-
1064	88.4766	88.5503	D3	55	59	0	0	87000	P1-1-1042	0	-
1065	88.5984	88.6689	D4	54	60	0	0	87125	P1-1-1043	0	-
1066	88.717	88.7715	A3	54	61	0	0	87250	P1-1-1045	0	-
1067	88.7223	88.8206	F3	58	51	0	0	87250	P1-1-1044	0	-
1068	88.8526	88.9274	D4	48	58	0	0	87375	P1-1-1046	0	-
1069	88.968	89.0321	D3	50	60	0	0	87500	P1-1-1048	0	-
1070	88.9798	89.0471	F3	56	60	0	0	87500	P1-1-1047	0	-
1071	89.1026	89.1785	D4	51	60	0	0	87625	P1-1-1049	0	-
1072	89.2266	89.2896	F3	50	60	0	0	87750	P1-1-1050	0	-
1073	89.2298	89.2821	A3	49	62	0	0	87750	P1-1-1051	0	-
1074	89.3473	89.4061	D4	52	61	0	0	87875	P1-1-1052	0	-
1075	89.4616	89.5364	F3	46	58	0	0	88000	P1-1-1053	0	-
1076	89.4926	89.5599	D3	45	58	0	0	88000	P1-1-1054	0	-
1077	89.5727	89.64	D4	49	60	0	0	88125	P1-1-1055	0	-
1078	89.7074	89.7896	F3	46	56	0	0	88250	P1-1-1056	0	-
1079	89.7266	89.7736	A3	40	56	0	0	88250	P1-1-1057	0	-
1080	89.8249	89.9103	D4	49	60	0	0	88375	P1-1-1058	0	-
1081	89.952	90.0471	G3	55	56	0	0	88500	P1-1-1059	0	-
1082	89.968	90.0247	D3	41	57	0	0	88500	P1-1-1060	0	-
1083	90.1016	90.2298	C#4	45	53	0	0	88625	P1-1-1061	0	-
1084	90.202	90.2544	Bb3	50	62	0	0	88750	P1-1-1063	0	-
1085	90.2469	90.3409	G3	40	59	0	0	88750	P1-1-1062	0	-
1086	90.374	90.5482	E3	37	41	0	0	88875	P1-1-1064	0	-
1087	90.4691	90.53	D3	42	60	0	0	89000	P1-1-1066	0	-
1088	90.5033	90.5834	G3	50	57	0	0	89000	P1-1-1065	0	-
1089	90.6304	90.7736	C#4	50	46	0	0	89125	P1-1-1067	0	-
1090	90.7704	90.843	Bb3	49	58	0	0	89250	P1-1-1069	0	-
1091	90.7832	90.9093	G3	48	55	0	0	89250	P1-1-1068	0	-
1092	90.9381	91.1903	E3	42	34	0	0	89375	P1-1-1070	0	-
1093	91.1059	91.1871	D3	39	59	0	0	89500	P1-1-1072	0	-
1094	91.1101	91.2725	G3	40	56	0	0	89500	P1-1-1071	0	-
1095	91.3067	91.5663	C#4	45	36	0	0	89625	P1-1-1073	0	-
1096	91.5482	91.67	Bb3	45	51	0	0	89750	P1-1-1075	0	-
1097	91.5631	91.8762	G3	36	55	0	0	89750	P1-1-1074	0	-
1098	91.8687	92.5781	E3	40	40	0	0	89875	P1-1-1076	0	-
1099	92.5225	95.4862	D4	46	36	0	0	90000	P1-1-1078	0	-
1100	92.53	94.1326	A3	34	34	0	0	90000	P1-1-1080	0	-
1101	92.5321	94.311	F#3	37	39	0	0	90000	P1-1-1077	0	-
1102	92.5364	95.6315	D3	21	31	0	0	90000	P1-1-1079	0	-
//Missing 30250	P1-1-362
//Missing 31500	P1-1-378
//Missing 35000	P1-1-424
//Missing 52250	P1-1-613
