//Version: ScorePerfmMatch_v170104
// Score: ./score_hmm.txt
// Perfm: ./infer_spr.txt
// fmt3x: ./score_fmt3x.txt
0	0.51	0.57375	F3	44	61	0	0	0	P1-1-1	0	0
1	0.52375	0.66	F5	57	60	0	0	0	P1-1-0	0	-
2	0.6675	0.768437	C5	57	62	0	0	125	P1-1-2	0	-
3	0.763125	0.801875	A3	58	67	0	0	250	P1-1-4	0	-
4	0.78	0.874687	A4	57	62	0	0	250	P1-1-3	0	-
5	0.899687	1.01125	G4	56	61	0	0	375	P1-1-5	0	-
6	1.01625	1.05812	C4	53	66	0	0	500	P1-1-7	0	-
7	1.02062	1.105	A4	64	64	0	0	500	P1-1-6	0	-
8	1.13094	1.23937	C5	69	64	0	0	625	P1-1-8	0	-
9	1.24875	1.2925	A3	57	66	0	0	750	P1-1-10	0	-
10	1.25594	1.36437	F4	59	62	0	0	750	P1-1-9	0	-
11	1.355	1.46219	A4	61	62	0	0	875	P1-1-11	0	-
12	1.47469	1.57062	C5	68	64	0	0	1000	P1-1-12	0	-
13	1.4975	1.54437	F3	54	65	0	0	1000	P1-1-13	0	-
14	1.57781	1.64875	Eb5	72	66	0	0	1125	P1-1-14	0	-
15	1.72156	1.82469	D5	68	64	0	0	1250	P1-1-15	0	-
16	1.72687	1.77156	A3	64	68	0	0	1250	P1-1-16	0	-
17	1.82875	1.935	C5	72	64	0	0	1375	P1-1-17	0	-
18	1.95906	2.08406	D5	74	64	0	0	1500	P1-1-18	0	-
19	1.96844	2.01	Bb3	59	67	0	0	1500	P1-1-19	0	-
20	2.08406	2.18625	Bb4	70	64	0	0	1625	P1-1-20	0	-
21	2.1975	2.29656	F4	68	64	0	0	1750	P1-1-21	0	-
22	2.20688	2.24875	D4	59	67	0	0	1750	P1-1-22	0	-
23	2.31844	2.43937	E4	70	63	0	0	1875	P1-1-23	0	-
24	2.4175	2.45687	Bb3	60	67	0	0	2000	P1-1-25	0	-
25	2.44344	2.53187	F4	69	65	0	0	2000	P1-1-24	0	-
26	2.55281	2.73187	Bb4	68	61	0	0	2125	P1-1-26	0	-
27	2.69031	2.80594	D4	60	61	0	0	2250	P1-1-27	0	-
28	2.72062	3.05687	F2	36	49	0	0	2250	P1-1-28	0	-
29	2.80187	2.94875	F4	61	60	0	0	2375	P1-1-29	0	-
30	2.93	3.02875	A4	65	63	0	0	2500	P1-1-30	0	-
31	3.03625	3.17687	C5	72	63	0	0	2625	P1-1-31	0	-
32	3.16312	3.27687	Bb4	68	63	0	0	2750	P1-1-32	0	-
33	3.27156	3.38812	A4	61	62	0	0	2875	P1-1-33	0	-
34	3.39969	3.44437	F3	60	67	0	0	3000	P1-1-35	0	-
35	3.41219	3.56219	Bb4	62	60	0	0	3000	P1-1-34	0	-
36	3.51844	3.64438	G4	63	62	0	0	3125	P1-1-36	0	-
37	3.64969	3.74031	E4	57	62	0	0	3250	P1-1-37	0	-
38	3.65187	3.69437	G3	61	67	0	0	3250	P1-1-38	0	-
39	3.75187	3.91438	D4	58	59	0	0	3375	P1-1-39	0	-
40	3.88094	3.93	Bb3	67	68	0	0	3500	P1-1-41	0	-
41	3.90062	3.98719	E4	63	64	0	0	3500	P1-1-40	0	-
42	3.99562	4.12469	G4	65	62	0	0	3625	P1-1-42	0	-
43	4.12875	4.1675	G3	60	68	0	0	3750	P1-1-44	0	-
44	4.13938	4.23313	C4	60	63	0	0	3750	P1-1-43	0	-
45	4.23813	4.37469	E4	65	62	0	0	3875	P1-1-45	0	-
46	4.36437	4.41219	E3	64	67	0	0	4000	P1-1-47	0	-
47	4.36937	4.47063	G4	63	63	0	0	4000	P1-1-46	0	-
48	4.46844	4.6425	Bb4	71	61	0	0	4125	P1-1-48	0	-
49	4.59563	4.64437	C3	62	67	0	0	4250	P1-1-50	0	-
50	4.5975	4.73625	A4	65	61	0	0	4250	P1-1-49	0	-
51	4.72156	4.85375	G4	66	62	0	0	4375	P1-1-51	0	-
52	4.8475	4.88625	F3	63	68	0	0	4500	P1-1-53	0	-
53	4.85688	5.00187	A4	63	61	0	0	4500	P1-1-52	0	-
54	4.9725	5.09031	G4	63	62	0	0	4625	P1-1-54	0	-
55	5.085	5.18625	F4	68	64	0	0	4750	P1-1-55	0	-
56	5.10188	5.14656	A3	59	67	0	0	4750	P1-1-56	0	-
57	5.205	5.32156	E4	62	62	0	0	4875	P1-1-57	0	-
58	5.32156	5.36437	F3	59	67	0	0	5000	P1-1-59	0	-
59	5.33188	5.43719	F4	67	63	0	0	5000	P1-1-58	0	-
60	5.45062	5.69562	A4	56	56	0	0	5125	P1-1-60	0	-
61	5.58813	5.97875	F2	51	53	0	0	5250	P1-1-62	0	-
62	5.58813	5.70688	C4	56	60	0	0	5250	P1-1-61	0	-
63	5.70281	5.84344	E4	62	61	0	0	5375	P1-1-63	0	-
64	5.83406	5.92062	F4	62	63	0	0	5500	P1-1-64	0	-
65	5.93187	6.08812	A4	68	61	0	0	5625	P1-1-65	0	-
66	6.0475	6.1725	G4	64	62	0	0	5750	P1-1-66	0	-
67	6.16312	6.19875	F4	60	68	0	0	5875	P1-1-67	0	-
68	6.305	6.41312	F3	53	60	0	0	6000	P1-1-70	0	-
69	6.31219	6.37062	A4	61	65	0	0	6000	P1-1-68	0	-
70	6.37781	6.43813	B4	63	66	0	0	6124	P1-1-72	0	-
71	6.43094	6.54344	D3	52	60	0	0	6124	P1-1-74	0	-
72	6.45063	6.51312	C5	64	66	0	0	6249	P1-1-76	0	-
73	6.53812	6.59437	B4	58	65	0	0	6375	P1-1-80	0	-
74	6.55687	6.64344	B2	58	63	0	0	6249	P1-1-78	0	-
75	6.60906	6.65906	C5	61	66	0	0	6499	P1-1-84	0	-
76	6.66437	6.77375	A2	55	61	0	0	6375	P1-1-82	0	-
77	6.68406	6.73719	B4	61	66	0	0	6562	P1-1-87	0	-
78	6.75594	6.80594	C5	66	67	0	0	6624	P1-1-89	0	-
79	6.7925	6.86125	B2	62	65	0	0	6499	P1-1-86	0	-
80	6.82563	6.88	B4	64	66	0	0	6687	P1-1-91	0	-
81	6.89125	6.94437	C5	70	68	0	0	6750	P1-1-92	0	-
82	6.89562	7.04125	D3	60	60	0	0	6624	P1-1-90	0	-
83	6.9675	7.03719	B4	65	65	0	0	6812	P1-1-95	0	-
84	7.03719	7.09031	C5	69	68	0	0	6874	P1-1-97	0	-
85	7.05687	7.19437	G2	62	61	0	0	6750	P1-1-94	0	-
86	7.10906	7.18094	B4	63	65	0	0	6937	P1-1-99	0	-
87	7.1725	7.235	C5	65	66	0	0	6999	P1-1-100	0	-
88	7.19031	7.29344	B2	62	62	0	0	6874	P1-1-98	0	-
89	7.24344	7.3225	B4	61	64	0	0	7062	P1-1-103	0	-
90	7.30187	7.3925	D3	69	65	0	0	6999	P1-1-102	0	-
91	7.31125	7.35906	C5	66	68	0	0	7125	P1-1-105	0	-
92	7.385	7.45375	B4	62	65	0	0	7187	P1-1-107	0	-
93	7.41125	7.53094	F3	69	63	0	0	7125	P1-1-106	0	-
94	7.44125	7.49344	C5	68	67	0	0	7249	P1-1-108	0	-
95	7.51625	7.5925	B4	60	64	0	0	7312	P1-1-111	0	-
96	7.52062	7.60375	E3	65	64	0	0	7249	P1-1-110	0	-
97	7.60812	7.68094	A4	62	64	0	0	7374	P1-1-113	0	-
98	7.61125	7.64969	D3	54	66	0	0	7374	P1-1-114	0	-
99	7.66938	7.77469	B4	67	63	0	0	7437	P1-1-115	0	-
100	7.7675	7.84969	D3	65	64	0	0	7500	P1-1-117	0	-
101	7.78406	7.91625	C5	79	64	0	0	7500	P1-1-116	0	-
102	7.8675	7.93187	E3	61	65	0	0	7624	P1-1-120	0	-
103	7.92062	8.03406	G4	69	63	0	0	7624	P1-1-121	0	-
104	7.96219	8.04969	F3	56	62	0	0	7749	P1-1-124	0	-
105	8.03625	8.15594	E4	78	64	0	0	7749	P1-1-125	0	-
106	8.04969	8.12562	E3	59	64	0	0	7875	P1-1-129	0	-
107	8.1475	8.23813	F3	54	62	0	0	7999	P1-1-132	0	-
108	8.16531	8.29438	D4	74	63	0	0	7875	P1-1-128	0	-
109	8.23094	8.29969	E3	57	64	0	0	8124	P1-1-136	0	-
110	8.29438	8.3925	E4	78	66	0	0	7999	P1-1-133	0	-
111	8.33406	8.41844	F3	55	62	0	0	8250	P1-1-141	0	-
112	8.40687	8.47875	E3	54	63	0	0	8374	P1-1-144	0	-
113	8.41844	8.54125	G4	70	63	0	0	8124	P1-1-137	0	-
114	8.505	8.59344	F3	58	63	0	0	8499	P1-1-148	0	-
115	8.5475	8.66125	C4	68	63	0	0	8250	P1-1-140	0	-
116	8.58	8.6425	E3	56	64	0	0	8562	P1-1-151	0	-
117	8.66125	8.79344	E4	72	63	0	0	8374	P1-1-145	0	-
118	8.67062	8.76125	F3	54	62	0	0	8625	P1-1-154	0	-
119	8.76125	8.89656	E3	58	60	0	0	8687	P1-1-155	0	-
120	8.78187	8.88937	G4	72	64	0	0	8499	P1-1-149	0	-
121	8.83812	9.08312	F3	36	51	0	0	8749	P1-1-156	0	-
122	8.89656	8.99562	Bb4	74	65	0	0	8625	P1-1-152	0	-
123	8.99031	9.12156	D3	50	59	0	0	8874	P1-1-162	0	-
124	9.00375	9.155	A4	69	62	0	0	8749	P1-1-157	0	-
125	9.0975	9.23406	E3	59	60	0	0	8937	P1-1-163	0	-
126	9.12375	9.15906	G4	74	71	0	0	8874	P1-1-161	0	-
127	9.25062	9.37562	G3	64	62	0	0	9000	P1-1-166	0	-
128	9.29125	9.35062	D5	71	67	0	0	9000	P1-1-164	0	-
129	9.34344	9.41625	C#5	71	66	0	0	9062	P1-1-167	0	-
130	9.38312	9.50375	E3	73	64	0	0	9125	P1-1-169	0	-
131	9.41625	9.485	B4	77	67	0	0	9125	P1-1-168	0	-
132	9.48094	9.54438	C#5	64	66	0	0	9187	P1-1-170	0	-
133	9.50812	9.64562	C#3	71	63	0	0	9250	P1-1-172	0	-
134	9.55375	9.64125	D5	70	65	0	0	9250	P1-1-171	0	-
135	9.63625	9.68813	C#5	73	68	0	0	9375	P1-1-174	0	-
136	9.64562	9.77875	B2	69	62	0	0	9375	P1-1-176	0	-
137	9.71125	9.785	D5	53	62	0	0	9499	P1-1-178	0	-
138	9.76531	9.88312	C#3	71	63	0	0	9499	P1-1-180	0	-
139	9.77875	9.82562	C#5	70	68	0	0	9624	P1-1-182	0	-
140	9.85375	9.92875	D5	62	64	0	0	9750	P1-1-186	0	-
141	9.8925	10.0319	E3	71	62	0	0	9624	P1-1-184	0	-
142	9.92875	9.97687	C#5	77	69	0	0	9812	P1-1-189	0	-
143	10.0069	10.0778	D5	66	65	0	0	9874	P1-1-191	0	-
144	10.0456	10.1747	A2	69	63	0	0	9750	P1-1-188	0	-
145	10.0706	10.1184	C#5	73	69	0	0	9937	P1-1-193	0	-
146	10.1466	10.2216	D5	60	64	0	0	9999	P1-1-194	0	-
147	10.1694	10.2819	C#3	66	63	0	0	9874	P1-1-192	0	-
148	10.2184	10.2684	C#5	76	69	0	0	10062	P1-1-197	0	-
149	10.2778	10.3809	E3	73	65	0	0	9999	P1-1-196	0	-
150	10.2956	10.4987	D5	59	58	0	0	10125	P1-1-199	0	-
151	10.3653	10.4122	C#5	69	68	0	0	10187	P1-1-201	0	-
152	10.3925	10.5091	G3	75	64	0	0	10125	P1-1-200	0	-
153	10.4881	10.5644	C#5	78	67	0	0	10312	P1-1-205	0	-
154	10.5006	10.6059	F3	71	64	0	0	10249	P1-1-204	0	-
155	10.5737	10.66	B4	74	66	0	0	10374	P1-1-207	0	-
156	10.61	10.6487	E3	64	68	0	0	10374	P1-1-208	0	-
157	10.6528	10.7537	C#5	75	65	0	0	10437	P1-1-209	0	-
158	10.7487	10.8519	E3	63	63	0	0	10500	P1-1-211	0	-
159	10.7537	10.8903	D5	78	64	0	0	10500	P1-1-210	0	-
160	10.8403	10.9175	F3	63	64	0	0	10562	P1-1-213	0	-
161	10.8903	11.0144	A4	68	63	0	0	10624	P1-1-215	0	-
162	10.9412	11.0288	G3	61	63	0	0	10624	P1-1-216	0	-
163	11.005	11.1319	F4	74	64	0	0	10749	P1-1-219	0	-
164	11.0216	11.1113	F3	63	63	0	0	10687	P1-1-217	0	-
165	11.1362	11.2175	G3	60	63	0	0	10749	P1-1-218	0	-
166	11.1413	11.2819	E4	77	63	0	0	10875	P1-1-222	0	-
167	11.21	11.2944	F3	59	63	0	0	10812	P1-1-221	0	-
168	11.2631	11.3903	F4	75	64	0	0	10999	P1-1-227	0	-
169	11.3194	11.4038	G3	58	63	0	0	10875	P1-1-224	0	-
170	11.3903	11.4737	F3	51	61	0	0	10937	P1-1-225	0	-
171	11.3903	11.5362	A4	70	62	0	0	11124	P1-1-231	0	-
172	11.4997	11.5809	G3	60	63	0	0	10999	P1-1-226	0	-
173	11.5319	11.6466	D4	75	64	0	0	11250	P1-1-234	0	-
174	11.5716	11.6519	F3	55	62	0	0	11062	P1-1-229	0	-
175	11.6466	11.8059	F4	70	62	0	0	11374	P1-1-239	0	-
176	11.6756	11.7487	G3	54	63	0	0	11124	P1-1-232	0	-
177	11.7434	11.8163	F3	55	63	0	0	11187	P1-1-233	0	-
178	11.78	11.8841	A4	72	64	0	0	11499	P1-1-243	0	-
179	11.8403	11.9225	G3	55	62	0	0	11250	P1-1-235	0	-
180	11.8913	12.0278	C5	75	63	0	0	11625	P1-1-246	0	-
181	11.9184	12.01	F3	59	63	0	0	11312	P1-1-237	0	-
182	12.0184	12.1131	G3	60	63	0	0	11374	P1-1-240	0	-
183	12.0225	12.1403	Bb4	73	64	0	0	11749	P1-1-251	0	-
184	12.0975	12.1988	E3	43	58	0	0	11437	P1-1-241	1	-
185	12.1456	12.2631	A4	63	62	0	0	11874	P1-1-255	0	-
186	12.1559	12.2862	F3	63	61	0	0	11562	P1-1-245	0	-
187	12.2769	12.3225	G3	66	68	0	0	11625	P1-1-248	0	-
188	12.2809	12.4247	Bb4	69	62	0	0	12000	P1-1-258	0	-
189	12.4153	12.5434	G4	64	62	0	0	12125	P1-1-260	0	-
190	12.5341	12.6466	E4	71	64	0	0	12250	P1-1-261	0	-
191	12.5528	12.5975	Bb3	68	68	0	0	12250	P1-1-262	0	-
192	12.6706	12.8122	D4	64	61	0	0	12375	P1-1-263	0	-
193	12.8069	12.8466	G3	62	68	0	0	12500	P1-1-265	0	-
194	12.8069	12.9225	E4	71	64	0	0	12500	P1-1-264	0	-
195	12.9403	13.0497	G4	61	62	0	0	12625	P1-1-266	0	-
196	13.0653	13.1069	E3	64	68	0	0	12750	P1-1-268	0	-
197	13.08	13.1966	C4	62	62	0	0	12750	P1-1-267	0	-
198	13.1925	13.3466	E4	67	61	0	0	12875	P1-1-269	0	-
199	13.3091	13.3506	C3	68	69	0	0	13000	P1-1-271	0	-
200	13.3206	13.4362	G4	70	63	0	0	13000	P1-1-270	0	-
201	13.4413	13.6184	Bb4	68	61	0	0	13125	P1-1-272	0	-
202	13.555	13.5997	E3	75	69	0	0	13250	P1-1-274	0	-
203	13.5622	13.7091	A4	68	62	0	0	13250	P1-1-273	0	-
204	13.6934	13.8319	G4	69	62	0	0	13375	P1-1-275	0	-
205	13.8319	13.8778	F3	72	69	0	0	13500	P1-1-277	0	-
206	13.8413	13.9675	A4	72	63	0	0	13500	P1-1-276	0	-
207	13.9675	14.1019	F4	62	61	0	0	13625	P1-1-278	0	-
208	14.1059	14.1497	A3	69	69	0	0	13750	P1-1-280	0	-
209	14.1059	14.2144	D4	66	63	0	0	13750	P1-1-279	0	-
210	14.2238	14.3537	C#4	67	62	0	0	13875	P1-1-281	0	-
211	14.3506	14.3903	F3	67	69	0	0	14000	P1-1-283	0	-
212	14.3591	14.4497	D4	73	65	0	0	14000	P1-1-282	0	-
213	14.4675	14.6162	F4	72	62	0	0	14125	P1-1-284	0	-
214	14.6122	14.6622	D3	66	67	0	0	14250	P1-1-286	0	-
215	14.6237	14.6987	Bb3	67	65	0	0	14250	P1-1-285	0	-
216	14.7331	14.8675	D4	65	62	0	0	14375	P1-1-287	0	-
217	14.8716	14.9131	Bb2	63	68	0	0	14500	P1-1-289	0	-
218	14.8716	14.98	F4	69	64	0	0	14500	P1-1-288	0	-
219	14.9819	15.13	A4	66	61	0	0	14625	P1-1-290	0	-
220	15.1184	15.2412	G4	70	63	0	0	14750	P1-1-291	0	-
221	15.1225	15.1631	D3	64	68	0	0	14750	P1-1-292	0	-
222	15.2412	15.3819	F4	66	62	0	0	14875	P1-1-293	0	-
223	15.3863	15.4403	E3	64	66	0	0	15000	P1-1-295	0	-
224	15.3863	15.5122	G4	68	63	0	0	15000	P1-1-294	0	-
225	15.5069	15.6331	E4	68	63	0	0	15125	P1-1-296	0	-
226	15.6331	15.7519	C#4	65	62	0	0	15250	P1-1-297	0	-
227	15.6466	15.6975	G3	63	67	0	0	15250	P1-1-298	0	-
228	15.7706	15.9112	B3	63	61	0	0	15375	P1-1-299	0	-
229	15.8841	15.9206	E3	69	70	0	0	15500	P1-1-301	0	-
230	15.8975	16.0112	C#4	66	63	0	0	15500	P1-1-300	0	-
231	16.0206	16.1256	E4	69	64	0	0	15625	P1-1-302	0	-
232	16.1475	16.2028	C#3	63	66	0	0	15750	P1-1-304	0	-
233	16.1675	16.2809	A3	65	63	0	0	15750	P1-1-303	0	-
234	16.2769	16.4019	C#4	59	61	0	0	15875	P1-1-305	0	-
235	16.4059	16.4466	A2	57	67	0	0	16000	P1-1-307	0	-
236	16.4059	16.5081	E4	72	64	0	0	16000	P1-1-306	0	-
237	16.5144	16.6966	G4	68	60	0	0	16125	P1-1-308	0	-
238	16.6662	16.7019	C#3	60	68	0	0	16250	P1-1-310	0	-
239	16.6662	16.7912	F4	61	61	0	0	16250	P1-1-309	0	-
240	16.7819	16.9194	E4	65	61	0	0	16375	P1-1-311	0	-
241	16.9331	17.055	D3	52	59	0	0	16500	P1-1-313	0	-
242	16.9425	17.0069	F4	60	65	0	0	16500	P1-1-312	0	-
243	17.0894	17.1988	A2	43	58	0	0	16625	P1-1-314	0	-
244	17.2028	17.2444	A4	65	68	0	0	16750	P1-1-315	0	-
245	17.2081	17.3175	F2	61	62	0	0	16750	P1-1-316	0	-
246	17.3403	17.4475	E2	46	59	0	0	16875	P1-1-317	0	-
247	17.4537	17.5372	F2	57	63	0	0	17000	P1-1-319	0	-
248	17.4622	17.5006	D5	71	70	0	0	17000	P1-1-318	0	-
249	17.5644	17.6997	A2	55	60	0	0	17125	P1-1-320	0	-
250	17.7091	17.755	A4	69	68	0	0	17250	P1-1-321	0	-
251	17.7131	17.8184	D2	51	60	0	0	17250	P1-1-322	0	-
252	17.8225	17.9269	F2	55	61	0	0	17375	P1-1-323	0	-
253	17.9341	18.0309	A2	55	61	0	0	17500	P1-1-325	0	-
254	17.9644	18.0144	F4	70	68	0	0	17500	P1-1-324	0	-
255	18.0581	18.1881	C3	57	60	0	0	17625	P1-1-326	0	-
256	18.1997	18.3059	Bb2	60	62	0	0	17750	P1-1-328	0	-
257	18.21	18.2506	D4	68	69	0	0	17750	P1-1-327	0	-
258	18.3194	18.4362	A2	56	61	0	0	17875	P1-1-329	0	-
259	18.4622	18.5622	D3	55	61	0	0	18000	P1-1-331	0	-
260	18.4725	18.5216	G4	71	68	0	0	18000	P1-1-330	0	-
261	18.5872	18.7059	Bb2	60	61	0	0	18125	P1-1-332	0	-
262	18.7144	18.8412	G2	66	62	0	0	18250	P1-1-334	0	-
263	18.7287	18.7747	Bb4	78	70	0	0	18250	P1-1-333	0	-
264	18.8331	18.9769	F#2	61	60	0	0	18375	P1-1-335	0	-
265	18.9716	19.085	G2	61	62	0	0	18500	P1-1-337	0	-
266	18.9913	19.0569	D5	78	68	0	0	18500	P1-1-336	0	-
267	19.0987	19.23	Bb2	64	62	0	0	18625	P1-1-338	0	-
268	19.2381	19.3644	D2	63	62	0	0	18750	P1-1-340	0	-
269	19.2475	19.3194	Bb4	81	68	0	0	18750	P1-1-339	0	-
270	19.3684	19.5287	G2	60	60	0	0	18875	P1-1-341	0	-
271	19.5081	19.555	G4	81	70	0	0	19000	P1-1-342	0	-
272	19.5122	19.6037	Bb2	67	64	0	0	19000	P1-1-343	0	-
273	19.6194	19.7444	D3	64	62	0	0	19125	P1-1-344	0	-
274	19.7487	19.8653	C#3	63	62	0	0	19250	P1-1-346	0	-
275	19.7675	19.8153	D4	75	69	0	0	19250	P1-1-345	0	-
276	19.8569	19.9841	B2	65	62	0	0	19375	P1-1-347	0	-
277	20.0162	20.1444	C#3	64	62	0	0	19500	P1-1-349	0	-
278	20.03	20.0944	G4	78	68	0	0	19500	P1-1-348	0	-
279	20.1537	20.2725	Bb2	68	63	0	0	19625	P1-1-350	0	-
280	20.2725	20.4069	G#2	74	63	0	0	19750	P1-1-352	1	-
281	20.2925	20.3675	C#5	85	68	0	0	19750	P1-1-351	0	-
282	20.3975	20.5247	F#2	65	62	0	0	19875	P1-1-353	0	-
283	20.5216	20.635	G2	55	60	0	0	20000	P1-1-355	0	-
284	20.5394	20.6153	E5	82	68	0	0	20000	P1-1-354	0	-
285	20.6497	20.7747	Bb2	65	62	0	0	20125	P1-1-356	0	-
286	20.7903	20.8747	C#5	83	67	0	0	20250	P1-1-357	0	-
287	20.7975	20.9081	D2	62	62	0	0	20250	P1-1-358	0	-
288	20.9144	21.0684	G2	65	61	0	0	20375	P1-1-359	0	-
289	21.0644	21.1216	G4	83	69	0	0	20500	P1-1-360	0	-
290	21.0684	21.1591	C#3	66	64	0	0	20500	P1-1-361	0	-
291	21.1631	21.36	E3	64	59	0	0	20625	P1-1-362	0	-
292	21.31	21.4237	D3	65	63	0	0	20750	P1-1-364	0	-
293	21.3319	21.3706	E4	79	71	0	0	20750	P1-1-363	0	-
294	21.3653	21.4131	E3	17	51	0	0	20750	*	3	-
295	21.4278	21.5903	C#3	65	61	0	0	20875	P1-1-365	0	-
296	21.5944	21.6319	D3	67	69	0	0	21000	P1-1-367	0	-
297	21.6019	21.7225	D5	68	63	0	0	21000	P1-1-366	0	-
298	21.7287	21.8519	A4	61	61	0	0	21125	P1-1-368	0	-
299	21.8519	21.9819	F4	67	62	0	0	21250	P1-1-369	0	-
300	21.8675	21.9059	F3	66	69	0	0	21250	P1-1-370	0	-
301	21.9819	22.1184	E4	71	63	0	0	21375	P1-1-371	0	-
302	22.1091	22.2206	F4	76	65	0	0	21500	P1-1-372	0	-
303	22.1162	22.1591	A3	75	70	0	0	21500	P1-1-373	0	-
304	22.2206	22.3747	A4	72	62	0	0	21625	P1-1-374	0	-
305	22.3725	22.4153	F3	77	70	0	0	21750	P1-1-376	0	-
306	22.3725	22.4912	D4	72	64	0	0	21750	P1-1-375	0	-
307	22.4769	22.6363	F4	73	62	0	0	21875	P1-1-377	0	-
308	22.6131	22.7216	A4	77	65	0	0	22000	P1-1-378	0	-
309	22.6309	22.6769	D3	73	69	0	0	22000	P1-1-379	0	-
310	22.7269	22.8725	C5	78	63	0	0	22125	P1-1-380	0	-
311	22.8684	22.9122	F3	76	70	0	0	22250	P1-1-382	0	-
312	22.8725	22.9684	Bb4	76	65	0	0	22250	P1-1-381	0	-
313	22.9819	23.1206	A4	73	63	0	0	22375	P1-1-383	0	-
314	23.1372	23.2987	F5	74	62	0	0	22500	P1-1-384	0	-
315	23.1412	23.1966	D2	69	67	0	0	22500	P1-1-385	0	-
316	23.2675	23.4019	D5	77	64	0	0	22625	P1-1-386	0	-
317	23.3831	23.4381	F2	81	69	0	0	22750	P1-1-388	0	-
318	23.4069	23.5381	Bb4	82	65	0	0	22750	P1-1-387	0	-
319	23.5247	23.6778	A4	74	62	0	0	22875	P1-1-389	0	-
320	23.6403	23.7006	Bb2	81	69	0	0	23000	P1-1-391	0	-
321	23.6644	23.7737	Bb4	83	66	0	0	23000	P1-1-390	0	-
322	23.7872	23.9684	D5	74	62	0	0	23125	P1-1-392	0	-
323	23.9184	24.33	D3	75	57	0	0	23250	P1-1-394	0	-
324	23.9394	24.0819	F4	71	62	0	0	23250	P1-1-393	0	-
325	24.0612	24.1809	Bb4	79	65	0	0	23375	P1-1-395	0	-
326	24.1881	24.3153	D5	84	65	0	0	23500	P1-1-396	0	-
327	24.3059	24.4622	F5	86	64	0	0	23625	P1-1-397	0	-
328	24.4381	24.5622	E5	80	65	0	0	23750	P1-1-398	0	-
329	24.5381	24.5756	D5	81	71	0	0	23875	P1-1-399	0	-
330	24.6997	24.8372	D4	67	62	0	0	24000	P1-1-402	0	-
331	24.7162	24.76	A5	71	69	0	0	24000	P1-1-400	0	-
332	24.7488	24.8331	G#5	74	66	0	0	24062	P1-1-403	0	-
333	24.8372	24.9372	B3	62	63	0	0	24125	P1-1-405	0	-
334	24.8372	24.9091	F#5	78	67	0	0	24125	P1-1-404	0	-
335	24.8934	24.96	G#5	75	67	0	0	24187	P1-1-406	0	-
336	24.9506	25.0475	G#3	68	64	0	0	24250	P1-1-408	0	-
337	24.9769	25.0569	A5	71	66	0	0	24250	P1-1-407	0	-
338	25.0519	25.1934	F#3	66	61	0	0	24375	P1-1-412	0	-
339	25.0519	25.0975	G#5	79	70	0	0	24375	P1-1-410	0	-
340	25.1309	25.1862	A5	60	66	0	0	24499	P1-1-414	0	-
341	25.1675	25.2631	G#3	67	64	0	0	24499	P1-1-416	0	-
342	25.1841	25.2287	G#5	79	70	0	0	24624	P1-1-418	0	-
343	25.2675	25.3225	A5	67	67	0	0	24750	P1-1-422	0	-
344	25.2747	25.3819	B3	68	63	0	0	24624	P1-1-420	0	-
345	25.3278	25.3725	G#5	83	71	0	0	24812	P1-1-425	0	-
346	25.4122	25.4591	A5	65	67	0	0	24874	P1-1-427	0	-
347	25.4269	25.5559	E3	73	63	0	0	24750	P1-1-424	0	-
348	25.4684	25.5081	G#5	79	71	0	0	24937	P1-1-429	0	-
349	25.5444	25.6037	A5	64	66	0	0	24999	P1-1-430	0	-
350	25.5559	25.6725	G#3	61	62	0	0	24874	P1-1-428	0	-
351	25.6037	25.6475	G#5	85	71	0	0	25062	P1-1-433	0	-
352	25.6519	25.735	B3	64	64	0	0	24999	P1-1-432	0	-
353	25.685	25.8966	A5	62	58	0	0	25125	P1-1-435	0	-
354	25.7394	25.785	G#5	77	70	0	0	25187	P1-1-437	0	-
355	25.7613	25.8581	D4	70	64	0	0	25125	P1-1-436	0	-
356	25.8622	25.955	C#4	65	64	0	0	25249	P1-1-440	0	-
357	25.8778	25.9559	G#5	77	67	0	0	25312	P1-1-441	0	-
358	25.96	25.9987	B3	62	68	0	0	25374	P1-1-444	0	-
359	25.9653	26.0528	F#5	74	66	0	0	25374	P1-1-443	0	-
360	26.0381	26.1225	G#5	74	66	0	0	25437	P1-1-445	0	-
361	26.1038	26.1819	B3	62	64	0	0	25500	P1-1-447	0	-
362	26.1309	26.2684	A5	75	63	0	0	25500	P1-1-446	0	-
363	26.1872	26.2778	C#4	57	62	0	0	25624	P1-1-450	0	-
364	26.2725	26.3925	E5	72	63	0	0	25624	P1-1-451	0	-
365	26.2934	26.3925	D4	64	63	0	0	25749	P1-1-454	0	-
366	26.3756	26.5006	C#5	80	65	0	0	25749	P1-1-455	0	-
367	26.3925	26.4684	C#4	61	64	0	0	25875	P1-1-459	0	-
368	26.4925	26.5778	D4	63	64	0	0	25999	P1-1-462	0	-
369	26.5122	26.6569	B4	75	63	0	0	25875	P1-1-458	0	-
370	26.5756	26.6519	C#4	61	64	0	0	26124	P1-1-466	0	-
371	26.6309	26.7644	C#5	83	65	0	0	25999	P1-1-463	0	-
372	26.6675	26.7581	D4	62	63	0	0	26250	P1-1-471	0	-
373	26.7466	26.8287	C#4	60	63	0	0	26312	P1-1-473	0	-
374	26.7581	26.8903	E5	82	65	0	0	26124	P1-1-467	0	-
375	26.8487	26.93	D4	59	63	0	0	26374	P1-1-476	0	-
376	26.8997	27.0206	A4	76	64	0	0	26250	P1-1-470	0	-
377	26.9131	26.9872	C#4	58	64	0	0	26437	P1-1-477	0	-
378	27.0059	27.1475	C#5	78	64	0	0	26374	P1-1-475	0	-
379	27.0112	27.0819	D4	54	63	0	0	26499	P1-1-478	0	-
380	27.0684	27.1403	C#4	55	63	0	0	26562	P1-1-481	0	-
381	27.1256	27.2475	E5	81	65	0	0	26499	P1-1-479	0	-
382	27.1787	27.2381	D4	54	64	0	0	26625	P1-1-484	0	-
383	27.2381	27.2912	C#4	48	63	0	0	26687	P1-1-485	0	-
384	27.2403	27.3997	G5	83	64	0	0	26625	P1-1-482	0	-
385	27.3184	27.4144	D4	61	63	0	0	26749	P1-1-486	0	-
386	27.3706	27.5131	F#5	79	64	0	0	26749	P1-1-487	0	-
387	27.4497	27.5934	C#4	51	58	0	0	26812	P1-1-489	0	-
388	27.4559	27.5131	B3	51	63	0	0	26874	P1-1-492	0	-
389	27.4913	27.5372	E5	79	70	0	0	26874	P1-1-491	0	-
390	27.6081	27.7466	C4	63	61	0	0	27000	P1-1-496	0	-
391	27.6319	27.7019	E5	69	66	0	0	27000	P1-1-494	0	-
392	27.6716	27.7519	F#5	72	66	0	0	27124	P1-1-498	0	-
393	27.7631	27.8912	A3	65	62	0	0	27124	P1-1-500	0	-
394	27.7631	27.8425	G5	74	66	0	0	27249	P1-1-502	0	-
395	27.8444	27.9247	F#5	74	66	0	0	27375	P1-1-506	0	-
396	27.8966	28.0113	F#3	68	63	0	0	27249	P1-1-504	0	-
397	27.9247	27.9987	G5	69	66	0	0	27499	P1-1-510	0	-
398	27.9987	28.0684	F#5	69	66	0	0	27562	P1-1-513	0	-
399	28.0184	28.1569	E3	70	62	0	0	27375	P1-1-508	0	-
400	28.0725	28.1456	G5	62	64	0	0	27624	P1-1-515	0	-
401	28.1456	28.2519	F#3	75	65	0	0	27499	P1-1-512	0	-
402	28.1456	28.205	F#5	68	67	0	0	27687	P1-1-517	0	-
403	28.2091	28.285	G5	59	64	0	0	27750	P1-1-518	0	-
404	28.2591	28.3956	A3	72	63	0	0	27624	P1-1-516	0	-
405	28.28	28.3506	F#5	69	66	0	0	27812	P1-1-521	0	-
406	28.355	28.4247	G5	62	65	0	0	27874	P1-1-523	0	-
407	28.405	28.5466	D3	70	62	0	0	27750	P1-1-520	0	-
408	28.4206	28.4925	F#5	67	65	0	0	27937	P1-1-525	0	-
409	28.4966	28.56	G5	61	65	0	0	27999	P1-1-526	0	-
410	28.53	28.6694	F#3	67	62	0	0	27874	P1-1-524	0	-
411	28.56	28.63	F#5	68	66	0	0	28062	P1-1-529	0	-
412	28.6403	28.6934	G5	59	66	0	0	28125	P1-1-531	0	-
413	28.66	28.7622	A3	71	64	0	0	27999	P1-1-528	0	-
414	28.6872	28.7559	F#5	64	65	0	0	28187	P1-1-533	0	-
415	28.7694	28.8506	G5	67	65	0	0	28249	P1-1-534	0	-
416	28.7737	28.8925	C4	64	62	0	0	28125	P1-1-532	0	-
417	28.8372	28.9269	F#5	65	64	0	0	28312	P1-1-537	0	-
418	28.8997	28.9881	B3	61	63	0	0	28249	P1-1-536	0	-
419	28.9456	29.0456	E5	72	65	0	0	28374	P1-1-539	0	-
420	29.0037	29.0362	A3	52	67	0	0	28374	P1-1-540	0	-
421	29.0412	29.1412	F#5	65	63	0	0	28437	P1-1-541	0	-
422	29.135	29.2778	G5	73	63	0	0	28500	P1-1-542	0	-
423	29.1394	29.2403	A3	61	62	0	0	28500	P1-1-543	0	-
424	29.2319	29.2956	B3	59	65	0	0	28562	P1-1-545	0	-
425	29.2862	29.4081	D5	69	63	0	0	28624	P1-1-547	0	-
426	29.3216	29.4131	C4	58	62	0	0	28624	P1-1-548	0	-
427	29.4131	29.4747	B3	60	65	0	0	28687	P1-1-549	0	-
428	29.4131	29.5237	B4	73	64	0	0	28749	P1-1-551	0	-
429	29.5059	29.5894	C4	54	62	0	0	28749	P1-1-550	0	-
430	29.5331	29.6778	A4	68	62	0	0	28875	P1-1-554	0	-
431	29.5894	29.6537	B3	61	65	0	0	28812	P1-1-553	0	-
432	29.6591	29.7725	B4	77	65	0	0	28999	P1-1-559	0	-
433	29.6903	29.7675	C4	57	63	0	0	28875	P1-1-556	0	-
434	29.7725	29.8269	B3	58	65	0	0	28937	P1-1-557	0	-
435	29.7819	29.9122	D5	71	63	0	0	29124	P1-1-563	0	-
436	29.8581	29.9394	C4	55	62	0	0	28999	P1-1-558	0	-
437	29.9162	30.0381	G4	72	63	0	0	29250	P1-1-566	0	-
438	29.9341	29.9881	B3	57	65	0	0	29062	P1-1-561	0	-
439	30.0194	30.1019	C4	52	62	0	0	29124	P1-1-564	0	-
440	30.0381	30.1756	B4	72	63	0	0	29374	P1-1-571	0	-
441	30.1019	30.16	B3	62	66	0	0	29187	P1-1-565	0	-
442	30.1706	30.2716	D5	74	65	0	0	29499	P1-1-575	0	-
443	30.1903	30.2662	C4	52	62	0	0	29250	P1-1-567	0	-
444	30.2662	30.3612	B3	56	62	0	0	29312	P1-1-569	0	-
445	30.2756	30.4194	F5	72	62	0	0	29625	P1-1-578	0	-
446	30.3778	30.4725	C4	56	62	0	0	29374	P1-1-572	0	-
447	30.4019	30.5256	Eb5	71	63	0	0	29749	P1-1-583	0	-
448	30.46	30.5663	A3	58	62	0	0	29437	P1-1-573	1	-
449	30.5225	30.6444	D5	68	63	0	0	29874	P1-1-587	0	-
450	30.5725	30.6559	B3	60	63	0	0	29562	P1-1-577	0	-
451	30.6519	30.6966	C4	68	68	0	0	29625	P1-1-580	0	-
452	30.6631	30.8122	Eb5	70	62	0	0	30000	P1-1-590	0	-
453	30.7975	30.935	C5	67	62	0	0	30125	P1-1-592	0	-
454	30.9309	31.0403	A4	64	63	0	0	30250	P1-1-593	0	-
455	30.9425	30.985	Eb4	65	68	0	0	30250	P1-1-594	0	-
456	31.0662	31.2184	G4	55	59	0	0	30375	P1-1-595	0	-
457	31.1925	31.2319	C4	65	68	0	0	30500	P1-1-597	0	-
458	31.1944	31.31	A4	60	61	0	0	30500	P1-1-596	0	-
459	31.3184	31.4278	C5	70	64	0	0	30625	P1-1-598	0	-
460	31.4559	31.4975	A3	69	69	0	0	30750	P1-1-600	0	-
461	31.4684	31.5881	F4	59	61	0	0	30750	P1-1-599	0	-
462	31.5809	31.7256	A4	61	60	0	0	30875	P1-1-601	0	-
463	31.71	31.8403	C5	72	63	0	0	31000	P1-1-602	0	-
464	31.7175	31.7591	F3	64	68	0	0	31000	P1-1-603	0	-
465	31.8487	32.0122	Eb5	67	61	0	0	31125	P1-1-604	0	-
466	31.9631	32.1037	D5	70	62	0	0	31250	P1-1-605	0	-
467	31.9769	32.0184	A3	73	70	0	0	31250	P1-1-606	0	-
468	32.0956	32.2175	C5	71	63	0	0	31375	P1-1-607	0	-
469	32.2269	32.2694	Bb3	71	69	0	0	31500	P1-1-609	0	-
470	32.2413	32.3487	D5	71	64	0	0	31500	P1-1-608	0	-
471	32.3412	32.4738	Bb4	72	63	0	0	31625	P1-1-610	0	-
472	32.4787	32.5913	G4	69	63	0	0	31750	P1-1-611	0	-
473	32.4944	32.5381	D4	62	67	0	0	31750	P1-1-612	0	-
474	32.605	32.7487	F#4	74	63	0	0	31875	P1-1-613	0	-
475	32.7331	32.8569	G4	72	63	0	0	32000	P1-1-614	0	-
476	32.7394	32.7778	Bb3	70	69	0	0	32000	P1-1-615	0	-
477	32.8569	33.0269	Bb4	74	62	0	0	32125	P1-1-616	0	-
478	32.9925	33.0363	G3	67	68	0	0	32250	P1-1-618	0	-
479	33.0019	33.0819	Eb4	69	65	0	0	32250	P1-1-617	0	-
480	33.1194	33.2684	G4	65	61	0	0	32375	P1-1-619	0	-
481	33.2497	33.3769	Bb4	76	64	0	0	32500	P1-1-620	0	-
482	33.2591	33.3028	Eb3	64	68	0	0	32500	P1-1-621	0	-
483	33.3675	33.555	D5	71	61	0	0	32625	P1-1-622	0	-
484	33.5069	33.6184	C5	67	63	0	0	32750	P1-1-623	0	-
485	33.5112	33.5591	G3	63	67	0	0	32750	P1-1-624	0	-
486	33.6162	33.755	Bb4	62	61	0	0	32875	P1-1-625	0	-
487	33.7612	33.8028	A3	67	68	0	0	33000	P1-1-627	0	-
488	33.7612	33.9112	C5	73	62	0	0	33000	P1-1-626	0	-
489	33.905	34.0237	A4	61	62	0	0	33125	P1-1-628	0	-
490	34.0184	34.1372	F#4	70	63	0	0	33250	P1-1-629	0	-
491	34.0528	34.0831	C4	49	66	0	0	33250	P1-1-630	0	-
492	34.1487	34.2862	E4	63	61	0	0	33375	P1-1-631	0	-
493	34.2756	34.3162	A3	59	67	0	0	33500	P1-1-633	0	-
494	34.2778	34.4037	F#4	70	63	0	0	33500	P1-1-632	0	-
495	34.4037	34.5131	A4	61	62	0	0	33625	P1-1-634	0	-
496	34.5112	34.5537	F#3	65	68	0	0	33750	P1-1-636	0	-
497	34.5319	34.6394	D4	61	62	0	0	33750	P1-1-635	0	-
498	34.6434	34.8153	F#4	67	61	0	0	33875	P1-1-637	0	-
499	34.78	34.8881	A4	64	63	0	0	34000	P1-1-638	0	-
500	34.785	34.8247	D3	60	67	0	0	34000	P1-1-639	0	-
501	34.8925	35.06	C5	72	62	0	0	34125	P1-1-640	0	-
502	35.035	35.0716	F#3	66	69	0	0	34250	P1-1-642	0	-
503	35.0403	35.1706	Bb4	58	60	0	0	34937	P1-1-659	0	-
504	35.1528	35.1925	A4	58	67	0	0	35062	P1-1-663	1	-
505	35.285	35.3956	G3	59	62	0	0	34500	P1-1-646	0	-
506	35.285	35.3591	A4	61	64	0	0	35124	P1-1-664	1	-
507	35.3425	35.4206	Bb4	62	64	0	0	35187	P1-1-667	0	-
508	35.4206	35.5194	D3	57	62	0	0	34624	P1-1-650	0	-
509	35.4247	35.51	C5	63	64	0	0	35250	P1-1-668	0	-
510	35.5037	35.5831	Bb4	65	65	0	0	35312	P1-1-671	0	-
511	35.5362	35.6403	Bb2	63	63	0	0	34749	P1-1-654	0	-
512	35.5925	35.6675	C5	65	65	0	0	35374	P1-1-673	0	-
513	35.6581	35.7894	A2	57	60	0	0	34875	P1-1-658	0	-
514	35.6622	35.7403	Bb4	63	64	0	0	35437	P1-1-675	0	-
515	35.7506	35.8069	C5	62	66	0	0	35499	P1-1-676	0	-
516	35.7912	35.8912	Bb2	63	63	0	0	34999	P1-1-662	0	-
517	35.8069	35.8841	Bb4	60	64	0	0	35562	P1-1-679	0	-
518	35.8912	35.9631	C5	69	66	0	0	35625	P1-1-681	0	-
519	35.9006	36.0225	D3	61	61	0	0	35124	P1-1-666	0	-
520	35.9591	36.0403	Bb4	63	64	0	0	35687	P1-1-683	0	-
521	36.0403	36.1069	C5	63	65	0	0	35749	P1-1-684	0	-
522	36.0475	36.2175	G2	62	60	0	0	35250	P1-1-670	0	-
523	36.1028	36.1863	Bb4	60	63	0	0	35812	P1-1-687	0	-
524	36.1809	36.3194	Bb2	65	61	0	0	35374	P1-1-674	0	-
525	36.1863	36.2559	C5	64	65	0	0	35874	P1-1-689	0	-
526	36.2581	36.3425	Bb4	66	64	0	0	35937	P1-1-691	0	-
527	36.3038	36.4247	D3	63	62	0	0	35499	P1-1-678	0	-
528	36.3528	36.4194	C5	63	65	0	0	36000	P1-1-692	0	-
529	36.4153	36.4966	Bb4	63	64	0	0	36062	P1-1-696	0	-
530	36.4381	36.56	F3	68	63	0	0	35625	P1-1-682	0	-
531	36.5059	36.5881	C5	63	64	0	0	36124	P1-1-698	0	-
532	36.5528	36.6862	E3	76	64	0	0	35749	P1-1-686	0	-
533	36.5881	36.6769	Bb4	67	64	0	0	36187	P1-1-700	0	-
534	36.6725	36.7622	D3	75	66	0	0	35874	P1-1-690	0	-
535	36.7153	36.7706	C5	59	65	0	0	36249	P1-1-701	0	-
536	36.7591	38.0331	E4	71	50	0	0	36312	P1-1-704	1	-
537	36.7925	36.9269	C3	71	63	0	0	36000	P1-1-695	0	-
538	36.7925	36.8737	Bb4	63	64	0	0	36375	P1-1-705	0	-
539	36.8966	36.9475	C5	65	67	0	0	36499	P1-1-709	0	-
540	36.9381	37.0394	G2	67	64	0	0	36124	P1-1-699	0	-
541	36.9528	37.0184	Bb4	56	64	0	0	36562	P1-1-712	0	-
542	37.0487	37.1569	E2	64	63	0	0	36249	P1-1-703	0	-
543	37.0487	37.1037	C5	69	67	0	0	36624	P1-1-714	0	-
544	37.1091	37.1778	Bb4	64	65	0	0	36687	P1-1-716	0	-
545	37.1684	37.3091	D2	63	61	0	0	36375	P1-1-707	0	-
546	37.2091	37.2612	C5	62	66	0	0	36750	P1-1-717	0	-
547	37.2559	37.3162	Bb4	63	66	0	0	36812	P1-1-720	0	-
548	37.28	37.3747	E2	62	63	0	0	36499	P1-1-711	0	-
549	37.3528	37.4019	C5	68	68	0	0	36874	P1-1-722	0	-
550	37.3881	37.5122	G2	68	63	0	0	36624	P1-1-715	0	-
551	37.4059	37.4663	Bb4	58	65	0	0	36937	P1-1-724	0	-
552	37.5006	37.5559	C5	64	66	0	0	36999	P1-1-725	0	-
553	37.5341	37.6612	C2	71	63	0	0	36750	P1-1-719	0	-
554	37.5591	37.6153	Bb4	65	66	0	0	37062	P1-1-728	0	-
555	37.6612	37.9506	C5	56	55	0	0	37125	P1-1-730	0	-
556	37.6653	37.7372	G2	71	66	0	0	36874	P1-1-723	0	-
557	37.7256	37.7747	Bb4	56	65	0	0	37187	P1-1-732	0	-
558	37.76	37.8653	C3	62	62	0	0	36999	P1-1-727	0	-
559	37.8831	38.005	E3	59	61	0	0	37125	P1-1-731	0	-
560	37.8831	37.9778	Bb4	53	61	0	0	37312	P1-1-736	0	-
561	37.9903	38.1175	D3	47	58	0	0	37249	P1-1-735	0	-
562	37.9903	38.0988	A4	54	61	0	0	37374	P1-1-737	1	-
563	38.0613	38.1269	Bb4	63	65	0	0	37437	P1-1-740	0	-
564	38.1131	38.2237	C3	63	62	0	0	37374	P1-1-739	0	-
565	38.1987	39.6809	A4	63	48	0	0	37500	P1-1-741	0	-
566	38.2237	38.2756	Eb4	67	67	0	0	37562	P1-1-746	0	-
567	38.2528	38.3569	F3	63	63	0	0	37500	P1-1-744	0	-
568	38.2934	38.3809	F4	60	63	0	0	37624	P1-1-748	0	-
569	38.385	38.4706	C3	63	64	0	0	37624	P1-1-749	0	-
570	38.4028	38.4528	Eb4	65	67	0	0	37687	P1-1-750	0	-
571	38.4622	38.5278	F4	55	64	0	0	37750	P1-1-751	0	-
572	38.4925	38.5903	A2	60	62	0	0	37750	P1-1-752	0	-
573	38.5591	38.605	Eb4	65	68	0	0	37812	P1-1-753	0	-
574	38.6131	38.73	G2	56	61	0	0	37875	P1-1-755	0	-
575	38.6131	38.6725	F4	53	64	0	0	37875	P1-1-754	0	-
576	38.6975	38.7497	Eb4	65	67	0	0	37937	P1-1-756	0	-
577	38.7278	38.8131	A2	56	62	0	0	38000	P1-1-758	0	-
578	38.7591	38.8175	F4	56	64	0	0	38125	P1-1-760	0	-
579	38.8425	38.8925	Eb4	65	67	0	0	38187	P1-1-762	0	-
580	38.8475	38.9675	C3	59	61	0	0	38125	P1-1-761	0	-
581	38.9038	38.9675	F4	59	65	0	0	38250	P1-1-763	0	-
582	38.9881	39.0444	Eb4	69	67	0	0	38312	P1-1-765	0	-
583	39.0019	39.1331	F2	64	62	0	0	38250	P1-1-764	0	-
584	39.0487	39.11	F4	61	65	0	0	38375	P1-1-766	0	-
585	39.1331	39.2269	C3	64	63	0	0	38375	P1-1-767	0	-
586	39.1372	39.1975	Eb4	63	66	0	0	38437	P1-1-768	0	-
587	39.1975	39.2528	F4	59	65	0	0	38500	P1-1-769	0	-
588	39.2581	39.3769	F3	60	61	0	0	38500	P1-1-770	0	-
589	39.2737	39.3394	Eb4	58	64	0	0	38562	P1-1-771	0	-
590	39.335	39.3944	F4	60	65	0	0	38625	P1-1-772	0	-
591	39.3872	39.4925	A3	68	64	0	0	38625	P1-1-773	0	-
592	39.4225	39.4881	Eb4	61	65	0	0	38687	P1-1-774	0	-
593	39.4787	39.5381	F4	56	64	0	0	38750	P1-1-775	0	-
594	39.4987	39.6069	G3	63	62	0	0	38750	P1-1-776	0	-
595	39.5631	39.5934	Eb4	51	67	0	0	38812	P1-1-777	0	-
596	39.6028	39.66	F3	61	66	0	0	38875	P1-1-779	0	-
597	39.6069	39.71	D4	65	63	0	0	38875	P1-1-778	1	-
598	39.685	39.7716	Eb4	63	64	0	0	38937	P1-1-780	0	-
599	39.7809	39.8475	A3	64	65	0	0	39000	P1-1-783	1	-
600	39.7809	39.9612	D4	57	58	0	0	39000	P1-1-781	0	-
601	39.8631	39.9372	Bb3	66	65	0	0	39062	P1-1-784	0	-
602	39.9412	40.0569	A4	63	62	0	0	39125	P1-1-785	0	-
603	39.9684	40.0569	C4	55	62	0	0	39250	P1-1-789	0	-
604	40.0434	40.1653	F4	65	62	0	0	39250	P1-1-788	0	-
605	40.0738	40.1487	Bb3	60	64	0	0	39312	P1-1-790	0	-
606	40.1653	40.31	E4	69	62	0	0	39375	P1-1-791	0	-
607	40.1944	40.2622	C4	56	64	0	0	39375	P1-1-793	0	-
608	40.2934	40.3537	Bb3	61	65	0	0	39437	P1-1-794	0	-
609	40.3028	40.4309	F4	67	62	0	0	39499	P1-1-796	0	-
610	40.4028	40.4881	C4	60	63	0	0	39499	P1-1-795	0	-
611	40.4256	40.5581	A4	69	62	0	0	39624	P1-1-800	0	-
612	40.5153	40.5819	Bb3	57	64	0	0	39562	P1-1-798	0	-
613	40.5538	40.6831	D4	73	63	0	0	39750	P1-1-803	0	-
614	40.6225	40.6987	C4	51	62	0	0	39624	P1-1-801	0	-
615	40.6831	40.8394	F4	67	61	0	0	39874	P1-1-808	0	-
616	40.7238	40.7956	Bb3	54	63	0	0	39687	P1-1-802	0	-
617	40.8069	40.9225	A4	73	64	0	0	39999	P1-1-812	0	-
618	40.8394	40.9131	C4	60	64	0	0	39750	P1-1-804	0	-
619	40.9206	41.0706	C5	75	63	0	0	40125	P1-1-815	0	-
620	40.9319	41.0038	Bb3	58	64	0	0	39812	P1-1-806	0	-
621	41.0381	41.1216	C4	59	63	0	0	39874	P1-1-809	0	-
622	41.0538	41.2059	Bb4	76	63	0	0	40249	P1-1-820	0	-
623	41.1278	41.21	Bb3	56	63	0	0	39937	P1-1-810	0	-
624	41.1706	41.3162	A4	76	63	0	0	40374	P1-1-824	0	-
625	41.2403	41.3331	C4	56	62	0	0	39999	P1-1-811	0	-
626	41.3184	41.4537	G4	75	63	0	0	40500	P1-1-827	0	-
627	41.335	41.4112	Bb3	59	64	0	0	40062	P1-1-814	0	-
628	41.4309	41.5225	C4	55	62	0	0	40125	P1-1-817	0	-
629	41.4381	41.6184	D5	77	62	0	0	40624	P1-1-832	0	-
630	41.5319	41.6006	Bb3	55	63	0	0	40187	P1-1-818	0	-
631	41.5663	41.7037	Bb4	73	63	0	0	40749	P1-1-836	0	-
632	41.6225	41.7122	C4	52	61	0	0	40249	P1-1-819	0	-
633	41.6747	41.8559	A4	74	62	0	0	40875	P1-1-839	0	-
634	41.7122	41.7809	Bb3	57	64	0	0	40312	P1-1-822	0	-
635	41.805	41.905	C4	58	62	0	0	40374	P1-1-825	0	-
636	41.8162	41.9434	Bb4	81	65	0	0	40999	P1-1-844	0	-
637	41.9028	41.9684	Bb3	61	65	0	0	40437	P1-1-826	0	-
638	41.9331	42.1037	D5	75	62	0	0	41124	P1-1-848	0	-
639	41.9863	42.0894	C4	51	60	0	0	40500	P1-1-828	0	-
640	42.06	42.2225	G4	76	62	0	0	41250	P1-1-851	0	-
641	42.0756	42.1622	Bb3	63	64	0	0	40562	P1-1-830	0	-
642	42.1738	42.2694	C4	53	61	0	0	40624	P1-1-833	0	-
643	42.1831	42.3475	Bb4	80	63	0	0	41374	P1-1-856	0	-
644	42.2569	42.3394	Bb3	54	62	0	0	40687	P1-1-834	0	-
645	42.3144	42.4506	D5	80	64	0	0	41499	P1-1-860	0	-
646	42.3569	42.46	C4	54	61	0	0	40749	P1-1-835	0	-
647	42.435	42.5997	F5	87	64	0	0	41625	P1-1-863	0	-
648	42.4466	42.5309	Bb3	60	63	0	0	40812	P1-1-838	0	-
649	42.5506	42.6487	C4	58	62	0	0	40875	P1-1-841	0	-
650	42.5716	42.7341	E5	87	64	0	0	41749	P1-1-868	0	-
651	42.6394	42.7287	Bb3	57	62	0	0	40937	P1-1-842	0	-
652	42.6966	42.8894	D5	90	64	0	0	41874	P1-1-872	0	-
653	42.7497	42.8434	C4	59	62	0	0	40999	P1-1-843	0	-
654	42.8287	42.9216	Bb3	61	63	0	0	41062	P1-1-846	0	-
655	42.8434	42.9913	E5	89	65	0	0	42000	P1-1-875	0	-
656	42.9363	43.03	C4	59	62	0	0	41124	P1-1-849	0	-
657	42.9569	43.1362	G5	86	63	0	0	42124	P1-1-880	0	-
658	43.0184	43.1006	Bb3	55	62	0	0	41187	P1-1-850	0	-
659	43.0966	43.2287	E5	90	66	0	0	42249	P1-1-884	0	-
660	43.1216	43.2131	C4	57	62	0	0	41250	P1-1-852	0	-
661	43.2037	43.285	Bb3	62	64	0	0	41312	P1-1-854	0	-
662	43.2037	43.3894	D5	86	63	0	0	42375	P1-1-887	0	-
663	43.3081	43.3934	C4	57	63	0	0	41374	P1-1-857	0	-
664	43.3456	43.4863	E5	87	65	0	0	42499	P1-1-892	0	-
665	43.3706	43.4581	Bb3	58	63	0	0	41437	P1-1-858	0	-
666	43.4537	43.5975	G5	87	65	0	0	42624	P1-1-896	0	-
667	43.4737	43.5756	C4	55	61	0	0	41499	P1-1-859	0	-
668	43.56	43.6394	Bb3	57	63	0	0	41562	P1-1-862	0	-
669	43.5956	43.7466	C5	87	65	0	0	42750	P1-1-899	0	-
670	43.6519	43.7559	C4	55	61	0	0	41625	P1-1-865	0	-
671	43.7247	43.8862	E5	85	64	0	0	42874	P1-1-904	0	-
672	43.7394	43.805	Bb3	58	64	0	0	41687	P1-1-866	0	-
673	43.8319	43.9153	C4	54	62	0	0	41749	P1-1-867	0	-
674	43.8497	43.9778	G5	81	65	0	0	42999	P1-1-908	0	-
675	43.9113	43.9987	Bb3	64	64	0	0	41812	P1-1-870	0	-
676	43.9694	44.1238	Bb5	82	64	0	0	43125	P1-1-911	0	-
677	44.0091	44.1028	C4	62	63	0	0	41874	P1-1-873	0	-
678	44.0903	44.2444	A5	78	63	0	0	43249	P1-1-916	0	-
679	44.1091	44.21	Bb3	58	62	0	0	41937	P1-1-874	0	-
680	44.205	44.3644	G5	81	63	0	0	43374	P1-1-920	0	-
681	44.21	44.2809	A3	71	66	0	0	42062	P1-1-878	1	-
682	44.2966	44.3528	Bb3	63	66	0	0	42124	P1-1-879	0	-
683	44.3528	44.5394	C6	74	61	0	0	43500	P1-1-923	0	-
684	44.3581	44.3997	A3	67	68	0	0	42187	P1-1-882	1	-
685	44.4956	44.6341	A5	70	62	0	0	43625	P1-1-925	0	-
686	44.6206	44.6644	C4	71	69	0	0	43750	P1-1-927	0	-
687	44.6309	44.7644	F5	80	64	0	0	43750	P1-1-926	0	-
688	44.76	44.9122	E5	78	63	0	0	43875	P1-1-928	0	-
689	44.88	44.9184	A3	78	71	0	0	44000	P1-1-930	0	-
690	44.8872	45.01	F5	84	65	0	0	44000	P1-1-929	0	-
691	45.01	45.1644	A5	74	62	0	0	44125	P1-1-931	0	-
692	45.1381	45.1881	F3	71	68	0	0	44250	P1-1-933	0	-
693	45.1444	45.2809	D5	76	63	0	0	44250	P1-1-932	0	-
694	45.2519	45.4528	F5	81	62	0	0	44375	P1-1-934	0	-
695	45.4059	45.5269	A5	76	64	0	0	44500	P1-1-935	0	-
696	45.4091	45.46	D3	71	68	0	0	44500	P1-1-936	0	-
697	45.5206	45.7091	C6	70	61	0	0	44625	P1-1-937	0	-
698	45.6559	45.705	F3	76	69	0	0	44750	P1-1-939	0	-
699	45.6653	45.8069	Bb5	75	63	0	0	44750	P1-1-938	0	-
700	45.7987	45.9537	A5	72	62	0	0	44875	P1-1-940	0	-
701	45.9269	45.9631	G3	71	70	0	0	45000	P1-1-942	0	-
702	45.9381	46.1487	Bb5	75	61	0	0	45000	P1-1-941	0	-
703	46.0778	46.2144	G5	74	63	0	0	45125	P1-1-943	0	-
704	46.1944	46.3216	E5	75	64	0	0	45250	P1-1-944	0	-
705	46.1987	46.2487	Bb3	65	67	0	0	45250	P1-1-945	0	-
706	46.3341	46.4622	D5	70	63	0	0	45375	P1-1-946	0	-
707	46.4362	46.4787	G3	72	69	0	0	45500	P1-1-948	0	-
708	46.455	46.5716	E5	78	65	0	0	45500	P1-1-947	0	-
709	46.5737	46.6966	G5	75	64	0	0	45625	P1-1-949	0	-
710	46.6925	46.7362	E3	74	69	0	0	45750	P1-1-951	0	-
711	46.7091	46.835	C5	75	64	0	0	45750	P1-1-950	0	-
712	46.8309	46.9694	E5	73	63	0	0	45875	P1-1-952	0	-
713	46.9497	46.9881	C3	72	70	0	0	46000	P1-1-954	0	-
714	46.955	47.0881	G5	74	63	0	0	46000	P1-1-953	0	-
715	47.0841	47.3006	Bb5	69	60	0	0	46125	P1-1-955	0	-
716	47.2006	47.2413	E3	74	70	0	0	46250	P1-1-957	0	-
717	47.2122	47.3331	A5	67	63	0	0	46250	P1-1-956	0	-
718	47.3372	47.4684	G5	71	63	0	0	46375	P1-1-958	0	-
719	47.4537	47.5903	F3	63	61	0	0	46500	P1-1-960	0	-
720	47.48	47.6163	A5	71	63	0	0	46500	P1-1-959	0	-
721	47.5903	47.7091	C3	60	61	0	0	46625	P1-1-962	0	-
722	47.6122	47.7225	F5	77	65	0	0	46625	P1-1-961	0	-
723	47.7225	47.8466	A2	67	62	0	0	46750	P1-1-964	0	-
724	47.7278	47.8663	C5	77	64	0	0	46750	P1-1-963	0	-
725	47.8506	47.9863	G2	62	61	0	0	46875	P1-1-966	0	-
726	47.8612	48.0028	Bb4	83	64	0	0	46875	P1-1-965	0	-
727	47.9716	48.0819	A2	68	63	0	0	47000	P1-1-968	0	-
728	47.9863	48.1153	C5	79	64	0	0	47000	P1-1-967	0	-
729	48.0975	48.2112	C3	67	63	0	0	47125	P1-1-970	0	-
730	48.1112	48.3163	F5	77	61	0	0	47125	P1-1-969	0	-
731	48.2381	48.4059	F2	68	61	0	0	47250	P1-1-972	0	-
732	48.2425	48.3809	A4	77	64	0	0	47250	P1-1-971	0	-
733	48.3663	48.5425	C5	82	63	0	0	47375	P1-1-973	0	-
734	48.3769	48.4894	A2	64	62	0	0	47375	P1-1-974	0	-
735	48.4944	48.5841	C3	71	65	0	0	47500	P1-1-976	0	-
736	48.4987	48.6425	Eb5	81	64	0	0	47500	P1-1-975	0	-
737	48.61	48.7444	Eb3	76	64	0	0	47625	P1-1-978	0	-
738	48.6269	48.81	G5	82	63	0	0	47625	P1-1-977	0	-
739	48.755	48.8809	D3	66	62	0	0	47750	P1-1-980	0	-
740	48.7591	48.8987	F5	85	65	0	0	47750	P1-1-979	0	-
741	48.8716	49.0144	C3	67	62	0	0	47875	P1-1-982	0	-
742	48.8716	48.9403	Eb5	81	68	0	0	47875	P1-1-981	0	-
743	49.0256	49.1238	F3	66	64	0	0	48000	P1-1-985	0	-
744	49.0309	49.0862	Eb5	79	69	0	0	48000	P1-1-984	0	-
745	49.0944	49.16	D5	77	68	0	0	48000	P1-1-983	0	-
746	49.1362	49.2444	D3	65	63	0	0	48124	P1-1-990	0	-
747	49.1581	49.2216	Eb5	71	67	0	0	-1	*	3	-
748	49.2381	49.31	D5	72	66	0	0	48062	P1-1-987	0	-
749	49.2581	49.3684	Bb2	66	63	0	0	48250	P1-1-993	0	-
750	49.3144	49.3591	Eb5	71	69	0	0	48124	P1-1-989	0	-
751	49.3747	49.4444	D5	70	66	0	0	48187	P1-1-991	0	-
752	49.3819	49.4913	A2	61	62	0	0	48375	P1-1-996	0	-
753	49.4331	49.485	Eb5	73	68	0	0	48250	P1-1-992	0	-
754	49.4913	49.5925	Bb2	64	63	0	0	48500	P1-1-998	0	-
755	49.5006	49.56	D5	68	67	0	0	48312	P1-1-994	0	-
756	49.5538	49.6341	Eb5	75	66	0	0	48375	P1-1-995	0	-
757	49.6131	49.7341	D3	60	61	0	0	48625	P1-1-999	0	-
758	49.6153	49.9912	D5	70	57	0	0	48437	P1-1-997	0	-
759	49.7863	49.9456	F2	63	60	0	0	48750	P1-1-1000	0	-
760	49.9309	50.0988	Bb2	56	59	0	0	48875	P1-1-1002	0	-
761	49.9569	50.1081	C5	74	63	0	0	48875	P1-1-1001	0	-
762	50.0653	50.2019	Bb4	78	64	0	0	49000	P1-1-1003	0	-
763	50.08	50.1944	D3	59	61	0	0	49000	P1-1-1004	0	-
764	50.1894	50.3519	A4	80	63	0	0	49125	P1-1-1005	0	-
765	50.2112	50.3466	F3	63	61	0	0	49125	P1-1-1006	0	-
766	50.3287	50.4631	G4	86	65	0	0	49250	P1-1-1007	0	-
767	50.3466	50.4747	E3	69	63	0	0	49250	P1-1-1008	0	-
768	50.4591	50.5028	F4	78	70	0	0	49375	P1-1-1009	0	-
769	50.4706	50.5769	D3	70	64	0	0	49375	P1-1-1010	0	-
770	50.6028	50.7184	E3	70	63	0	0	49500	P1-1-1012	0	-
771	50.61	50.6769	Bb4	88	69	0	0	49500	P1-1-1011	0	-
772	50.7225	50.8622	C3	68	62	0	0	49625	P1-1-1013	0	-
773	50.8581	50.9809	Bb2	69	63	0	0	49750	P1-1-1015	0	-
774	50.8787	50.9559	G5	92	69	0	0	49750	P1-1-1014	0	-
775	50.9881	51.1341	A2	62	61	0	0	49875	P1-1-1016	0	-
776	51.1341	51.2309	Bb2	69	64	0	0	50000	P1-1-1018	0	-
777	51.1434	51.2162	E5	91	69	0	0	50000	P1-1-1017	0	-
778	51.2488	51.3809	E3	61	61	0	0	50125	P1-1-1019	0	-
779	51.3997	51.5559	G2	63	60	0	0	50250	P1-1-1021	0	-
780	51.4059	51.4684	C5	91	70	0	0	50250	P1-1-1020	0	-
781	51.535	51.6872	Bb2	65	61	0	0	50375	P1-1-1022	0	-
782	51.68	51.7247	Bb4	86	71	0	0	50500	P1-1-1023	0	-
783	51.6819	51.7944	E3	68	63	0	0	50500	P1-1-1024	0	-
784	51.8069	51.9559	G3	66	61	0	0	50625	P1-1-1025	0	-
785	51.9519	52.08	F3	73	63	0	0	50750	P1-1-1027	0	-
786	51.9559	52.0194	G5	82	69	0	0	50750	P1-1-1026	0	-
787	52.08	52.2372	E3	72	62	0	0	50875	P1-1-1028	0	-
788	52.2394	52.3175	F3	72	66	0	0	51000	P1-1-1030	0	-
789	52.2506	52.4413	A4	70	61	0	0	51000	P1-1-1029	0	-
790	52.3881	52.5591	G4	72	62	0	0	51125	P1-1-1031	0	-
791	52.5269	52.6769	F4	79	63	0	0	51250	P1-1-1032	0	-
792	52.5319	52.5841	A2	76	69	0	0	51250	P1-1-1033	0	-
793	52.6675	52.8278	E4	78	63	0	0	51375	P1-1-1034	0	-
794	52.8122	52.9372	F4	77	64	0	0	51500	P1-1-1035	0	-
795	52.8163	52.8613	D3	75	69	0	0	51500	P1-1-1036	0	-
796	52.9412	53.0912	A4	70	62	0	0	51625	P1-1-1037	0	-
797	53.0894	53.1519	A2	67	66	0	0	51750	P1-1-1039	1	-
798	53.1175	53.235	D4	77	64	0	0	51750	P1-1-1038	0	-
799	53.1341	53.2112	Bb2	72	66	0	0	51812	P1-1-1042	0	-
800	53.2206	53.3113	C3	67	64	0	0	51874	P1-1-1045	0	-
801	53.2309	53.3694	F4	71	63	0	0	51874	P1-1-1044	0	-
802	53.305	53.3863	Bb2	66	65	0	0	51937	P1-1-1047	0	-
803	53.3819	53.5841	D4	72	61	0	0	51999	P1-1-1049	0	-
804	53.3863	53.58	C3	58	58	0	0	51999	P1-1-1050	0	-
805	53.4528	53.5456	Bb2	56	62	0	0	52062	P1-1-1052	0	-
806	53.53	53.7175	Bb3	77	62	0	0	52125	P1-1-1053	0	-
807	53.5372	53.6362	A2	67	64	0	0	52125	P1-1-1054	0	-
808	53.6194	53.6894	Bb2	51	62	0	0	52187	P1-1-1055	0	-
809	53.6716	54.0622	C3	62	55	0	0	52250	P1-1-1057	0	-
810	53.6894	53.955	G3	74	59	0	0	52250	P1-1-1056	0	-
811	53.86	54.0716	E4	81	62	0	0	52375	P1-1-1058	0	-
812	54.0591	55.5153	F2	67	49	0	0	52500	P1-1-1060	0	-
813	54.0662	54.4591	F4	73	57	0	0	52500	P1-1-1059	0	-
814	54.2506	54.4456	Bb3	73	61	0	0	52625	P1-1-1061	0	-
815	54.4456	54.6528	A3	80	62	0	0	52750	P1-1-1062	0	-
816	54.6331	54.8644	G3	73	60	0	0	52875	P1-1-1063	0	-
817	54.835	55.0559	A3	70	60	0	0	53000	P1-1-1064	0	-
818	55.0559	55.3956	C4	64	56	0	0	53125	P1-1-1065	0	-
819	55.3113	56.5372	F3	58	48	0	0	53250	*	3	-
820	55.5363	55.7925	C3	51	55	0	0	53375	*	3	-
821	55.785	56.0894	A2	51	54	0	0	53500	*	3	-
822	56.085	56.5497	C3	47	51	0	0	53625	*	3	-
823	56.5019	57.5434	F2	50	47	0	0	53375	*	3	-
824	59.4706	59.5269	C4	64	66	0	0	53125	*	3	-
825	59.8331	60.1997	D4	70	57	0	0	53000	*	3	-
826	60.1841	60.2319	C4	66	68	0	0	53125	*	3	-
827	60.4934	60.5475	Bb3	65	67	0	0	53000	*	3	-
828	60.8237	60.93	C4	59	62	0	0	53125	*	3	-
829	61.1537	61.2819	E3	56	60	0	0	52875	*	3	-
830	61.3006	61.4675	F3	59	59	0	0	52875	*	3	-
831	61.4675	61.585	G3	68	63	0	0	52875	*	3	-
832	61.6037	61.6569	A3	69	68	0	0	53000	*	3	-
833	61.7894	61.8497	Bb3	68	67	0	0	53125	*	3	-
834	62.1225	62.2591	C4	61	61	0	0	11250	*	3	-
835	62.255	62.4144	Bb3	66	61	0	0	11312	*	3	-
836	62.4069	62.5394	A3	73	63	0	0	11374	*	3	-
837	62.5434	62.6162	G3	70	66	0	0	11374	*	3	-
838	62.7153	62.8466	A3	63	61	0	0	11437	*	3	-
839	62.8612	63.0153	G3	67	61	0	0	11499	*	3	-
840	63.0112	63.1444	F3	69	62	0	0	11562	*	3	-
841	63.1559	63.2778	G3	63	62	0	0	11625	*	3	-
842	63.3081	63.385	F4	78	67	0	0	11687	*	3	-
843	63.3131	63.4237	A3	65	63	0	0	11749	*	3	-
844	63.4528	63.6019	Bb3	60	60	0	0	11812	*	3	-
845	63.6091	63.7434	C4	60	61	0	0	11874	*	3	-
846	63.6256	63.9694	A4	78	59	0	0	11874	*	3	-
847	63.7631	63.9122	Bb3	63	61	0	0	11937	*	3	-
848	63.9309	64.0559	A3	61	61	0	0	12000	*	3	-
849	63.9309	64.0225	G4	78	66	0	0	12125	*	3	-
850	64.0631	64.2506	Bb3	65	60	0	0	12250	*	3	-
851	64.2237	64.2966	F4	72	66	0	0	12250	*	3	-
852	64.2287	64.3309	C4	61	62	0	0	12250	*	3	-
853	64.3653	64.5122	D4	62	61	0	0	12375	*	3	-
854	64.5341	64.5925	G4	76	68	0	0	12500	*	3	-
855	64.5412	64.6425	E4	65	63	0	0	12500	*	3	-
856	64.6769	64.8091	G4	59	61	0	0	12625	*	3	-
857	64.8278	64.9831	F4	63	60	0	0	12625	*	3	-
858	64.8456	64.9787	B3	72	63	0	0	12625	*	3	-
859	64.9831	65.18	C4	69	60	0	0	12750	*	3	-
860	64.9988	65.1425	E4	64	61	0	0	12875	*	3	-
861	65.1331	65.2756	D4	80	64	0	0	12875	*	3	-
862	65.2716	65.31	E4	81	71	0	0	12875	*	3	-
863	65.2809	65.3238	C4	56	66	0	0	12875	*	3	-
864	65.4194	65.4862	C4	69	66	0	0	13000	*	3	-
865	65.4434	65.4956	F4	69	68	0	0	13000	*	3	-
866	65.4862	65.5519	B3	73	67	0	0	13125	*	3	-
867	65.5747	65.6559	C4	52	62	0	0	13125	*	3	-
868	65.6456	65.7247	B3	56	63	0	0	13250	*	3	-
869	65.7206	65.8769	G4	76	63	0	0	13375	*	3	-
870	65.7434	65.8331	C4	57	62	0	0	13375	*	3	-
871	65.8287	65.8881	B3	62	66	0	0	13500	*	3	-
872	65.8716	66.0122	F4	70	62	0	0	13625	*	3	-
873	65.93	66.1162	C4	57	-1	0	0	13750	*	3	-
874	66.0069	66.0819	B3	59	64	0	0	13750	*	3	-
875	66.0122	66.1841	E4	79	63	0	0	13750	*	3	-
876	66.1162	66.2372	A3	56	60	0	0	13750	*	3	-
877	66.1162	66.1162	C4	22	58	0	0	13750	*	3	-
878	66.1403	66.2144	D4	73	66	0	0	13750	*	3	-
879	66.2081	66.3144	B3	66	63	0	0	13875	*	3	-
880	66.3238	66.3675	C4	71	69	0	0	14000	*	3	-
881	66.3238	66.4622	E4	78	64	0	0	14000	*	3	-
882	66.455	66.6112	D4	68	61	0	0	14125	*	3	-
883	66.6069	66.6778	Bb3	74	67	0	0	14250	*	3	-
884	66.6112	66.7506	C4	70	62	0	0	14250	*	3	-
885	66.7456	66.9975	D4	75	60	0	0	14375	*	3	-
886	66.9153	67.0675	E4	79	63	0	0	14500	*	3	-
887	66.9175	66.9569	A3	77	70	0	0	14625	*	3	-
888	67.0403	67.2662	F4	73	60	0	0	14875	*	3	-
889	67.2163	67.3081	G4	78	66	0	0	15000	*	3	-
890	67.2216	67.3434	Bb3	66	62	0	0	15000	*	3	-
891	67.3363	67.5162	A3	69	61	0	0	15125	*	3	-
892	67.5037	67.6175	G3	70	63	0	0	15250	*	3	-
893	67.5256	67.6019	F4	80	67	0	0	15250	*	3	-
894	67.6412	67.8206	A3	67	60	0	0	15375	*	3	-
895	67.8206	67.8684	C3	75	69	0	0	15500	*	3	-
896	67.8247	67.9684	Bb3	67	62	0	0	15500	*	3	-
897	67.8287	67.9725	E4	73	63	0	0	15625	*	3	-
898	67.9569	68.13	C4	68	61	0	0	15625	*	3	-
899	68.1444	68.4684	D3	77	59	0	0	15750	*	3	-
900	68.1487	68.3569	F4	66	59	0	0	15750	*	3	-
901	68.1559	68.3091	A3	65	61	0	0	15750	*	3	-
902	68.3019	68.4394	E4	75	63	0	0	15875	*	3	-
903	68.4559	68.5028	C3	74	69	0	0	16000	*	3	-
904	68.4559	68.5881	D4	75	63	0	0	16000	*	3	-
905	68.5841	68.7497	E4	79	63	0	0	16000	*	3	-
906	68.7425	68.8006	Bb2	74	68	0	0	16000	*	3	-
907	68.7425	68.8903	F4	74	63	0	0	16000	*	3	-
908	68.8662	68.9309	G4	76	68	0	0	16125	*	3	-
909	69.0331	69.0841	C3	67	67	0	0	16250	*	3	-
910	69.0372	69.0944	A4	77	68	0	0	16250	*	3	-
911	69.0506	69.0925	E4	62	68	0	0	16375	*	3	-
912	69.1631	69.3256	C5	76	62	0	0	16500	*	3	-
913	69.3162	69.4537	E2	65	61	0	0	16625	*	3	-
914	69.3287	69.4997	Bb4	73	62	0	0	16750	*	3	-
915	69.3372	69.4997	G4	63	60	0	0	16750	*	3	-
916	69.4631	69.6225	F2	70	62	0	0	17000	*	3	-
917	69.4631	69.5069	A4	74	69	0	0	17250	*	3	-
918	69.6091	69.7403	G2	74	63	0	0	17375	*	3	-
919	69.6278	69.7756	G4	81	64	0	0	17500	*	3	-
920	69.6444	69.705	C4	70	67	0	0	17500	*	3	-
921	69.7497	69.9225	A2	66	60	0	0	17500	*	3	-
922	69.7569	69.8225	F4	73	67	0	0	17500	*	3	-
923	69.9184	69.9613	Bb2	72	69	0	0	17500	*	3	-
924	69.9225	69.9944	F4	75	67	0	0	17500	*	3	-
925	69.9394	70.2131	C4	63	57	0	0	17500	*	3	-
926	69.9831	70.0613	E4	72	66	0	0	17500	*	3	-
927	70.0787	70.1412	F4	58	64	0	0	17500	*	3	-
928	70.1341	70.2175	E4	66	64	0	0	17500	*	3	-
929	70.2381	70.3466	C3	64	63	0	0	17500	*	3	-
930	70.2434	70.3037	F4	62	65	0	0	17500	*	3	-
931	70.2944	70.3787	E4	65	64	0	0	17500	*	3	-
932	70.3537	70.4819	Bb2	64	62	0	0	17500	*	3	-
933	70.3944	70.4653	F4	61	64	0	0	17500	*	3	-
934	70.4653	70.5256	E4	59	65	0	0	17500	*	3	-
935	70.4841	70.5925	A2	63	62	0	0	17500	*	3	-
936	70.555	70.6037	F4	34	59	0	0	17500	*	3	-
937	70.5925	70.6528	E4	44	61	0	0	17500	*	3	-
938	70.63	70.76	G2	59	61	0	0	17500	*	3	-
939	70.6675	70.7488	D4	65	64	0	0	17500	*	3	-
940	70.735	70.83	E4	58	62	0	0	17500	*	3	-
941	70.7925	70.91	A2	49	59	0	0	17500	*	3	-
942	70.8162	70.8862	F4	60	64	0	0	17500	*	3	-
943	70.8444	71.3309	C4	21	41	0	0	17500	*	3	-
944	70.9319	71.0778	G2	52	58	0	0	17500	*	3	-
945	71.0966	71.2394	F2	56	59	0	0	17250	*	3	-
946	71.1059	71.7131	A4	62	53	0	0	17250	*	3	-
947	71.2488	71.36	G2	56	61	0	0	17375	*	3	-
948	71.4037	71.4894	F4	61	63	0	0	17500	*	3	-
949	71.4091	71.5144	A2	53	60	0	0	17500	*	3	-
950	71.5381	71.6831	Bb2	57	60	0	0	17500	*	3	-
951	71.7019	71.7694	G4	69	66	0	0	17500	*	3	-
952	71.7081	72.1841	E4	59	53	0	0	17500	*	3	-
953	71.7131	71.8319	C3	50	59	0	0	17625	*	3	-
954	71.8559	71.9997	B2	54	59	0	0	17625	*	3	-
955	72.0256	72.1466	A2	52	59	0	0	17750	*	3	-
956	72.0256	72.6144	C5	79	56	0	0	17750	*	3	-
957	72.1612	72.3162	B2	57	59	0	0	17875	*	3	-
958	72.3206	72.4091	C3	59	63	0	0	18000	*	3	-
959	72.3206	72.3903	A4	68	66	0	0	18000	*	3	-
960	72.4331	72.555	D3	57	61	0	0	18000	*	3	-
961	72.6028	72.7175	E3	64	62	0	0	18000	*	3	-
962	72.61	72.6725	B4	73	67	0	0	18000	*	3	-
963	72.6144	73.01	G4	65	56	0	0	18000	*	3	-
964	72.7519	72.8997	G3	59	60	0	0	3750	*	3	-
965	72.9225	73.0537	F3	62	61	0	0	3875	*	3	-
966	72.9225	73.6309	E5	84	55	0	0	3875	*	3	-
967	73.0569	73.1612	E3	64	63	0	0	4000	*	3	-
968	73.1944	73.3162	D3	61	61	0	0	4000	*	3	-
969	73.2175	73.3113	C5	75	65	0	0	4125	*	3	-
970	73.3287	73.3716	C3	58	67	0	0	4250	*	3	-
971	73.5006	73.5591	C3	50	63	0	0	4250	*	3	-
972	73.5475	73.8738	D5	68	57	0	0	4250	*	3	-
973	73.5675	73.6238	B2	67	67	0	0	4250	*	3	-
974	73.6716	73.7247	C3	54	64	0	0	4250	*	3	-
975	73.6894	73.8475	C5	68	61	0	0	4250	*	3	-
976	73.7362	73.7975	B2	61	65	0	0	4250	*	3	-
977	73.8225	73.9591	B4	76	63	0	0	4250	*	3	-
978	73.8319	73.9038	C3	65	65	0	0	4250	*	3	-
979	73.8997	73.9944	B2	60	63	0	0	4250	*	3	-
980	73.955	74.0362	A4	70	65	0	0	4250	*	3	-
981	73.9997	74.1706	C3	57	59	0	0	4250	*	3	-
982	74.0809	74.23	G4	80	64	0	0	4250	*	3	-
983	74.0881	74.2247	A2	55	59	0	0	4250	*	3	-
984	74.1831	74.3309	B2	63	61	0	0	4250	*	3	-
985	74.2091	74.2738	F4	72	67	0	0	4250	*	3	-
986	74.3372	74.3912	C3	70	68	0	0	4250	*	3	-
987	74.3675	74.4747	E4	78	65	0	0	4250	*	3	-
988	74.5006	74.6966	D5	72	61	0	0	4375	*	3	-
989	74.6238	74.7444	D3	72	63	0	0	4500	*	3	-
990	74.6475	74.8175	C5	78	63	0	0	4500	*	3	-
991	74.7622	74.8925	E3	73	63	0	0	4500	*	3	-
992	74.7653	74.8537	Bb4	76	66	0	0	4500	*	3	-
993	74.9112	74.96	F3	81	70	0	0	4500	*	3	-
994	74.9394	75.0684	A4	72	63	0	0	4500	*	3	-
995	74.9434	75.0591	C5	81	65	0	0	4500	*	3	-
996	75.0684	75.1872	G4	67	63	0	0	4625	*	3	-
997	75.2475	76.1831	Bb3	83	54	0	0	4750	*	3	-
998	75.2528	75.4175	F4	71	62	0	0	4750	*	3	-
999	75.2528	75.4091	D5	75	63	0	0	4750	*	3	-
1000	75.3966	75.4425	E4	72	69	0	0	4875	*	3	-
1001	75.5487	75.6519	C5	76	65	0	0	4875	*	3	-
1002	75.5519	75.5966	D4	75	69	0	0	4875	*	3	-
1003	75.6662	75.7122	E4	74	69	0	0	4875	*	3	-
1004	75.8287	75.8706	F4	69	69	0	0	5000	*	3	-
1005	75.8331	75.8778	Bb4	73	69	0	0	5000	*	3	-
1006	75.9528	76.0006	G4	73	69	0	0	5125	*	3	-
1007	76.13	76.2216	A4	66	64	0	0	5125	*	3	-
1008	76.1362	76.2694	A3	63	61	0	0	5125	*	3	-
1009	76.1394	76.2216	C5	70	65	0	0	5125	*	3	-
1010	76.2894	76.4309	C4	56	59	0	0	5250	*	3	-
1011	76.4278	76.5403	E4	72	64	0	0	5375	*	3	-
1012	76.4425	76.5934	Bb3	61	60	0	0	5375	*	3	-
1013	76.5694	76.7412	F4	69	61	0	0	5500	*	3	-
1014	76.5787	76.6831	A3	71	64	0	0	5625	*	3	-
1015	76.7069	76.8403	G3	64	61	0	0	5750	*	3	-
1016	76.7237	76.8694	G4	75	63	0	0	5875	*	3	-
1017	76.8403	76.8863	F3	66	68	0	0	6000	*	3	-
1018	76.8466	76.9038	A4	73	68	0	0	6000	*	3	-
1019	76.9912	77.0506	F3	62	66	0	0	6000	*	3	-
1020	77.0269	77.1184	Bb4	73	65	0	0	6000	*	3	-
1021	77.0487	77.1184	E3	64	65	0	0	6000	*	3	-
1022	77.1412	77.2247	F3	56	62	0	0	6000	*	3	-
1023	77.2144	77.2831	E3	60	64	0	0	6000	*	3	-
1024	77.3153	77.3894	F3	52	62	0	0	6000	*	3	-
1025	77.3175	77.4644	C5	79	64	0	0	6000	*	3	-
1026	77.3716	77.455	E3	57	63	0	0	6000	*	3	-
1027	77.4644	77.6184	Bb4	76	63	0	0	6000	*	3	-
1028	77.4894	77.7716	F3	65	57	0	0	6000	*	3	-
1029	77.5537	77.6684	E3	53	60	0	0	6000	*	3	-
1030	77.6059	77.7519	A4	71	62	0	0	6000	*	3	-
1031	77.6725	77.7769	D3	56	61	0	0	6000	*	3	-
1032	77.7331	77.7944	G4	67	66	0	0	6000	*	3	-
1033	77.7787	77.8747	E3	55	61	0	0	6000	*	3	-
1034	77.8903	78.1569	F3	57	56	0	0	6000	*	3	-
1035	77.8975	78.0341	A4	61	61	0	0	6000	*	3	-
1036	78.0412	78.1903	G4	59	60	0	0	5750	*	3	-
1037	78.1956	78.3081	F4	64	62	0	0	5875	*	3	-
1038	78.3331	78.4831	G4	71	62	0	0	5875	*	3	-
1039	78.4788	78.6153	A4	74	63	0	0	6000	*	3	-
1040	78.4881	78.5434	F4	78	69	0	0	6000	*	3	-
1041	78.6081	78.71	Bb4	76	65	0	0	6062	*	3	-
1042	78.7841	79.0194	A4	79	61	0	0	6124	*	3	-
1043	78.7903	78.9675	C5	79	62	0	0	6124	*	3	-
1044	78.935	79.1081	Bb4	76	62	0	0	6187	*	3	-
1045	79.0975	79.2475	A4	66	61	0	0	6249	*	3	-
1046	79.1028	79.1684	G4	82	68	0	0	6249	*	3	-
1047	79.2381	79.38	Bb4	75	63	0	0	6312	*	3	-
1048	79.3841	79.4934	C5	71	64	0	0	6375	*	3	-
1049	79.3956	79.4506	F4	76	68	0	0	6375	*	3	-
1050	79.5216	79.6019	D5	70	65	0	0	6437	*	3	-
1051	79.6841	79.7466	E5	78	68	0	0	6499	*	3	-
1052	79.6934	79.7412	G4	71	68	0	0	6499	*	3	-
1053	79.8206	80.1006	G5	72	59	0	0	6562	*	3	-
1054	79.9716	80.1206	B3	65	61	0	0	6624	*	3	-
1055	79.9894	80.1694	F5	75	62	0	0	6624	*	3	-
1056	80.1162	80.2662	C4	68	62	0	0	6687	*	3	-
1057	80.1162	80.2894	E5	77	62	0	0	6687	*	3	-
1058	80.2475	80.3809	D4	77	64	0	0	6750	*	3	-
1059	80.255	80.3934	D5	77	64	0	0	6750	*	3	-
1060	80.3841	80.4497	C5	78	68	0	0	6750	*	3	-
1061	80.3881	80.5591	E4	76	62	0	0	6750	*	3	-
1062	80.5372	80.5872	C5	71	68	0	0	6750	*	3	-
1063	80.5456	80.5925	F4	73	69	0	0	6750	*	3	-
1064	80.5925	80.6684	B4	71	66	0	0	6812	*	3	-
1065	80.6894	80.7444	C5	74	68	0	0	6874	*	3	-
1066	80.76	80.8175	B4	68	67	0	0	6937	*	3	-
1067	80.835	80.8966	C5	66	66	0	0	6999	*	3	-
1068	80.8694	80.9975	G4	73	63	0	0	6999	*	3	-
1069	80.8966	80.9559	B4	68	67	0	0	7062	*	3	-
1070	80.98	81.0269	C5	56	66	0	0	7125	*	3	-
1071	81.0019	81.1466	F4	67	62	0	0	7125	*	3	-
1072	81.0225	81.0778	B4	66	67	0	0	7187	*	3	-
1073	81.11	81.155	C5	67	68	0	0	7249	*	3	-
1074	81.1256	81.2644	E4	76	63	0	0	7249	*	3	-
1075	81.1591	81.2331	B4	70	66	0	0	7312	*	3	-
1076	81.2694	81.3206	A4	60	66	0	0	7374	*	3	-
1077	81.2738	81.4269	D4	64	61	0	0	7374	*	3	-
1078	81.3278	81.4488	B4	63	62	0	0	7437	*	3	-
1079	81.4488	81.5738	E4	65	62	0	0	7500	*	3	-
1080	81.4537	81.5644	C5	75	64	0	0	7500	*	3	-
1081	81.5862	81.7381	D5	69	62	0	0	7500	*	3	-
1082	81.5913	81.7225	D4	71	63	0	0	7500	*	3	-
1083	81.73	81.8747	C4	72	62	0	0	43750	*	3	-
1084	81.7341	81.9006	E5	72	62	0	0	43750	*	3	-
1085	81.86	81.9475	D4	82	67	0	0	43750	*	3	-
1086	81.8644	82.0288	F5	79	63	0	0	43750	*	3	-
1087	82.005	82.0519	E4	78	70	0	0	43750	*	3	-
1088	82.0081	82.0613	C4	77	69	0	0	43750	*	3	-
1089	82.0216	82.1394	G5	79	65	0	0	43750	*	3	-
1090	82.1506	82.2466	A5	72	65	0	0	43750	*	3	-
1091	82.1591	82.3537	C4	83	63	0	0	43750	*	3	-
1092	82.3081	83.1925	F4	76	53	0	0	43750	*	3	-
1093	82.3175	82.6309	D4	79	59	0	0	43750	*	3	-
1094	82.3403	82.4287	Bb4	73	65	0	0	43750	*	3	-
1095	82.4684	82.6944	C5	72	60	0	0	43750	*	3	-
1096	82.6238	82.6831	C4	72	67	0	0	43750	*	3	-
1097	82.635	82.8069	D5	75	62	0	0	43750	*	3	-
1098	82.7756	82.8381	E5	75	68	0	0	43875	*	3	-
1099	82.9131	82.9559	Bb3	70	69	0	0	44000	*	3	-
1100	82.9153	83.0153	F5	74	65	0	0	44000	*	3	-
1101	83.0394	83.1069	G5	73	67	0	0	44125	*	3	-
1102	83.1881	83.2403	C4	63	66	0	0	44250	*	3	-
1103	83.2069	83.3019	A5	76	65	0	0	44500	*	3	-
1104	83.3394	83.5278	C6	63	59	0	0	44625	*	3	-
1105	83.4684	83.6059	E3	65	61	0	0	44750	*	3	-
1106	83.4778	83.5662	Bb5	69	65	0	0	44750	*	3	-
1107	83.6059	83.7612	F3	69	62	0	0	44750	*	3	-
1108	83.6175	83.6581	A5	65	68	0	0	44875	*	3	-
1109	83.7488	83.8653	G3	72	64	0	0	45000	*	3	-
1110	83.7778	83.8653	C5	80	67	0	0	45000	*	3	-
1111	83.7872	83.9425	G5	76	63	0	0	45125	*	3	-
1112	83.8881	84.0787	A3	71	61	0	0	45250	*	3	-
1113	83.9059	83.9612	F5	81	69	0	0	45250	*	3	-
1114	84.0872	84.4194	Bb3	68	57	0	0	45250	*	3	-
1115	84.0872	84.3247	D5	85	62	0	0	45250	*	3	-
1116	84.0966	84.2819	F5	76	62	0	0	45250	*	3	-
1117	84.4194	84.4675	C5	75	69	0	0	30000	*	3	-
1118	84.4269	84.5278	C4	63	63	0	0	30000	*	3	-
1119	84.4269	84.4725	F5	71	69	0	0	30000	*	3	-
1120	84.4569	84.4956	E5	67	69	0	0	30000	*	3	-
1121	84.5372	84.6966	Bb3	63	60	0	0	30000	*	3	-
1122	84.58	84.6497	E5	73	67	0	0	30125	*	3	-
1123	84.6966	84.8256	Bb4	76	64	0	0	30250	*	3	-
1124	84.7037	84.8309	A3	64	62	0	0	30250	*	3	-
1125	84.8487	85.0059	G3	57	59	0	0	30375	*	3	-
1126	84.9966	85.1059	C5	68	63	0	0	30500	*	3	-
1127	84.9966	85.1006	F5	70	64	0	0	30500	*	3	-
1128	85.0019	85.1444	A3	55	59	0	0	30500	*	3	-
1129	85.1675	85.31	C4	61	60	0	0	30625	*	3	-
1130	85.3006	85.435	E4	76	64	0	0	30750	*	3	-
1131	85.3194	85.4444	Bb3	61	61	0	0	30750	*	3	-
1132	85.4444	85.6206	F4	71	61	0	0	30750	*	3	-
1133	85.4537	85.56	A3	73	64	0	0	30750	*	3	-
1134	85.5913	85.7412	G4	81	64	0	0	30750	*	3	-
1135	85.5987	85.7331	G3	65	62	0	0	30750	*	3	-
1136	85.7256	85.7716	F3	70	69	0	0	30750	*	3	-
1137	85.7256	85.7684	A4	78	70	0	0	30875	*	3	-
1138	85.8903	85.9569	F3	66	66	0	0	31000	*	3	-
1139	85.9175	86.5059	G5	82	56	0	0	31000	*	3	-
1140	85.9269	85.9912	Bb4	73	67	0	0	31000	*	3	-
1141	85.9456	86.0216	E3	66	65	0	0	31000	*	3	-
1142	86.0381	86.1269	F3	59	63	0	0	31000	*	3	-
1143	86.1225	86.2019	E3	56	63	0	0	31000	*	3	-
1144	86.23	86.3091	F3	60	64	0	0	31000	*	3	-
1145	86.2319	86.3644	C5	75	63	0	0	31000	*	3	-
1146	86.2872	86.3872	E3	58	62	0	0	31000	*	3	-
1147	86.3644	86.4341	Bb4	81	68	0	0	31000	*	3	-
1148	86.4037	86.5912	F3	60	59	0	0	31000	*	3	-
1149	86.4925	86.6756	A4	74	61	0	0	31000	*	3	-
1150	86.5519	86.6225	D3	57	64	0	0	31000	*	3	-
1151	86.5966	86.7756	E3	63	60	0	0	31000	*	3	-
1152	86.6341	86.685	G4	74	69	0	0	31000	*	3	-
1153	86.7644	86.8256	F3	65	66	0	0	31000	*	3	-
1154	86.7913	87.9631	A4	73	51	0	0	31000	*	3	-
1155	86.9256	87.1675	G5	77	60	0	0	31125	*	3	-
1156	87.085	87.13	G3	73	69	0	0	31250	*	3	-
1157	87.085	87.2622	F5	81	63	0	0	31250	*	3	-
1158	87.2144	87.2934	E5	76	66	0	0	31250	*	3	-
1159	87.3769	87.4225	A3	67	68	0	0	31250	*	3	-
1160	87.3872	87.5631	D5	58	59	0	0	31250	*	3	-
1161	87.3975	87.5413	E5	72	62	0	0	31250	*	3	-
1162	87.5162	87.71	C5	81	62	0	0	31375	*	3	-
1163	87.7028	88.3788	F5	83	56	0	0	31500	*	3	-
1164	87.7144	88.3019	D3	55	51	0	0	31500	*	3	-
1165	88.0019	88.1175	Bb4	63	62	0	0	31625	*	3	-
1166	88.1287	88.2559	A4	58	61	0	0	31625	*	3	-
1167	88.2769	88.4434	G4	60	59	0	0	31750	*	3	-
1168	88.4131	88.455	F4	58	67	0	0	31875	*	3	-
1169	88.5644	88.6194	E3	62	66	0	0	32000	*	3	-
1170	88.5913	89.6381	G4	57	49	0	0	32000	*	3	-
1171	88.7112	88.9716	F5	55	56	0	0	32125	*	3	-
1172	88.8684	89.0394	E5	65	60	0	0	32375	*	3	-
1173	88.8725	88.9162	F3	62	67	0	0	32500	*	3	-
1174	88.9841	89.0466	D5	64	66	0	0	32625	*	3	-
1175	89.1644	89.2059	G3	59	67	0	0	32750	*	3	-
1176	89.1737	89.3194	C#5	73	63	0	0	32750	*	3	-
1177	89.2912	89.4831	B4	66	60	0	0	32875	*	3	-
1178	89.5019	90.1059	C#3	51	50	0	0	33000	*	3	-
1179	89.5019	89.9747	E5	68	55	0	0	33000	*	3	-
1180	89.8091	89.9363	A4	56	60	0	0	33125	*	3	-
1181	89.9412	90.0903	G4	64	61	0	0	33125	*	3	-
1182	90.1028	90.2497	F4	68	62	0	0	33250	*	3	-
1183	90.1059	90.1841	C#4	85	68	0	0	33250	*	3	-
1184	90.2456	90.3528	E4	72	64	0	0	33375	*	3	-
1185	90.4162	90.56	F4	68	62	0	0	33375	*	3	-
1186	90.4278	90.7309	D4	80	60	0	0	33375	*	3	-
1187	90.5372	90.6037	E4	73	67	0	0	33375	*	3	-
1188	90.7112	90.7537	C4	74	70	0	0	33500	*	3	-
1189	90.7112	90.8319	F4	67	63	0	0	33500	*	3	-
1190	90.7112	90.8269	A4	70	63	0	0	33625	*	3	-
1191	90.8269	90.9091	G4	70	65	0	0	33625	*	3	-
1192	90.9881	91.0644	A4	69	66	0	0	33625	*	3	-
1193	91.0069	91.06	Bb3	75	69	0	0	33750	*	3	-
1194	91.0122	91.4175	D5	64	55	0	0	33750	*	3	-
1195	91.1091	91.3216	G4	68	60	0	0	33875	*	3	-
1196	91.2913	91.3631	A4	69	66	0	0	34000	*	3	-
1197	91.31	95.2631	A3	76	45	0	0	34000	*	3	-
1198	91.31	91.5175	C#5	68	60	0	0	34125	*	3	-
1199	91.4528	91.6122	Bb4	76	63	0	0	34250	*	3	-
1200	91.5872	91.7019	A4	82	65	0	0	34375	*	3	-
1201	91.71	91.76	G4	80	70	0	0	34500	*	3	-
1202	91.8778	92.03	F4	68	61	0	0	42999	*	3	-
1203	91.8872	91.9591	A5	92	69	0	0	42999	*	3	-
1204	92.0144	92.2112	E4	73	61	0	0	43062	*	3	-
1205	92.1975	92.5537	Bb5	92	60	0	0	43125	*	3	-
1206	92.2069	92.3256	D4	72	64	0	0	43125	*	3	-
1207	92.33	92.5444	C#4	64	59	0	0	43187	*	3	-
1208	92.4944	92.605	D4	69	63	0	0	43249	*	3	-
1209	92.5069	92.5841	A5	81	67	0	0	43249	*	3	-
1210	92.6278	92.7716	F4	55	59	0	0	43312	*	3	-
1211	92.7819	92.9341	E4	68	61	0	0	43374	*	3	-
1212	92.7872	92.8581	G5	85	68	0	0	43374	*	3	-
1213	92.9341	93.105	D4	61	59	0	0	43437	*	3	-
1214	93.0903	93.3997	C#4	60	56	0	0	43500	*	3	-
1215	93.1069	93.2434	A5	69	62	0	0	43625	*	3	-
1216	93.3956	93.4706	C#5	77	67	0	0	43750	*	3	-
1217	93.5278	93.8175	D5	75	59	0	0	43875	*	3	-
1218	93.6809	93.7788	A4	84	67	0	0	43875	*	3	-
1219	93.6881	93.8591	E5	85	64	0	0	43875	*	3	-
1220	93.8287	93.8912	F5	79	68	0	0	44000	*	3	-
1221	93.9997	94.3381	G5	85	60	0	0	44000	*	3	-
1222	94.0081	94.2653	Bb4	88	62	0	0	44000	*	3	-
1223	94.3216	94.5144	A5	70	61	0	0	44125	*	3	-
1224	94.3341	94.3881	A4	69	67	0	0	44125	*	3	-
1225	94.4675	94.6381	G5	73	62	0	0	44125	*	3	-
1226	94.6122	94.6569	G4	70	69	0	0	44250	*	3	-
1227	94.6153	94.7653	F5	78	63	0	0	44375	*	3	-
1228	94.7381	94.7956	E5	76	68	0	0	44375	*	3	-
1229	94.8912	94.9341	A4	67	68	0	0	44500	*	3	-
1230	94.9006	94.9475	F5	79	70	0	0	44625	*	3	-
1231	95.0247	95.2862	A5	69	59	0	0	44875	*	3	-
1232	95.1787	95.3934	C#4	67	59	0	0	45000	*	3	-
1233	95.1831	95.355	G5	78	62	0	0	45125	*	3	-
1234	95.3144	95.5028	F5	83	63	0	0	45250	*	3	-
1235	95.3278	95.4663	D4	70	62	0	0	45250	*	3	-
1236	95.4725	95.5944	E4	80	65	0	0	45250	*	3	-
1237	95.4778	95.6153	E5	91	66	0	0	45250	*	3	-
1238	95.4831	95.8519	A3	62	55	0	0	45250	*	3	-
1239	95.6153	95.7756	F4	71	62	0	0	45375	*	3	-
1240	95.6153	95.6675	D5	85	70	0	0	45375	*	3	-
1241	95.8019	96.1256	Bb3	73	58	0	0	45500	*	3	-
1242	95.8059	96.71	C#5	88	55	0	0	45500	*	3	-
1243	95.81	95.9028	G4	76	66	0	0	45500	*	3	-
1244	96.1162	96.2519	A4	72	63	0	0	12000	*	3	-
1245	96.1381	96.185	A3	66	68	0	0	12000	*	3	-
1246	96.2444	96.3663	G4	72	63	0	0	12125	*	3	-
1247	96.4081	96.5341	F4	61	61	0	0	12250	*	3	-
1248	96.41	96.4537	G3	66	68	0	0	12250	*	3	-
1249	96.5434	96.6694	E4	67	62	0	0	12375	*	3	-
1250	96.6831	96.9425	A3	64	58	0	0	12500	*	3	-
1251	96.6863	96.8987	F4	69	60	0	0	12500	*	3	-
1252	96.8569	96.9987	D5	74	63	0	0	12625	*	3	-
1253	96.9256	97.2131	C5	72	59	0	0	12750	*	3	-
1254	96.9466	97.1319	C#3	57	58	0	0	13000	*	3	-
1255	97.0028	97.2403	Bb4	73	60	0	0	13125	*	3	-
1256	97.1269	97.2706	D3	74	63	0	0	13250	*	3	-
1257	97.1425	97.2747	A4	77	64	0	0	13250	*	3	-
1258	97.2706	97.4059	E3	75	63	0	0	13250	*	3	-
1259	97.28	97.3497	G4	83	68	0	0	13375	*	3	-
1260	97.3966	97.5872	F4	78	62	0	0	13500	*	3	-
1261	97.4153	97.5831	F3	70	61	0	0	13500	*	3	-
1262	97.5778	97.8987	Bb4	85	60	0	0	13500	*	3	-
1263	97.5872	98.2434	C#4	75	55	0	0	13500	*	3	-
1264	97.5934	97.8769	G3	59	56	0	0	13500	*	3	-
1265	97.8278	97.8944	F4	23	53	0	0	13500	*	3	-
1266	97.8809	97.9631	A4	70	65	0	0	13500	*	3	-
1267	97.8894	98.0028	A3	62	62	0	0	13500	*	3	-
1268	98.0403	98.18	G3	60	60	0	0	13500	*	3	-
1269	98.18	98.3153	F3	67	62	0	0	13500	*	3	-
1270	98.1841	98.2559	G4	69	66	0	0	13500	*	3	-
1271	98.3184	98.4747	E3	62	60	0	0	13500	*	3	-
1272	98.4653	98.8881	F3	63	55	0	0	13500	*	3	-
1273	98.5091	99.1038	A4	68	54	0	0	13500	*	3	-
1274	98.6506	98.7362	A3	59	63	0	0	13750	*	3	-
1275	98.7913	98.9069	B3	66	63	0	0	13875	*	3	-
1276	98.9028	99.0497	G3	73	63	0	0	13875	*	3	-
1277	98.9206	99.0091	C#4	66	64	0	0	13875	*	3	-
1278	99.0497	99.1944	F3	74	63	0	0	14000	*	3	-
1279	99.0612	99.1487	D4	83	67	0	0	14000	*	3	-
1280	99.1881	99.3331	E3	73	63	0	0	14250	*	3	-
1281	99.1997	99.2747	E4	87	68	0	0	14375	*	3	-
1282	99.3331	99.4966	D3	71	62	0	0	14500	*	3	-
1283	99.3456	99.4988	A4	79	63	0	0	14625	*	3	-
1284	99.355	99.4809	F4	70	63	0	0	14875	*	3	-
1285	99.4831	99.5247	Bb4	80	71	0	0	15000	*	3	-
1286	99.4872	99.5247	E4	74	70	0	0	15125	*	3	-
1287	99.5059	99.6894	G3	71	61	0	0	15250	*	3	-
1288	99.6756	99.7309	F4	78	69	0	0	15375	*	3	-
1289	99.7059	99.7903	A3	74	66	0	0	15500	*	3	-
1290	99.7059	100.023	C#4	69	58	0	0	15500	*	3	-
1291	99.7309	99.7925	E4	78	68	0	0	15625	*	3	-
1292	99.8081	99.8925	F4	59	63	0	0	15625	*	3	-
1293	99.8569	100.166	E4	70	58	0	0	15625	*	3	-
1294	99.9925	100.038	A2	64	67	0	0	15750	*	3	-
1295	100.122	100.199	D4	74	66	0	0	15875	*	3	-
1296	100.307	100.597	D2	52	55	0	0	16000	*	3	-
1297	100.322	100.456	D4	51	59	0	0	16000	*	3	-
1298	100.456	100.588	E4	55	60	0	0	16000	*	3	-
1299	100.597	100.66	F4	55	64	0	0	16125	*	3	-
1300	100.844	100.988	A4	54	59	0	0	16250	*	3	-
1301	100.863	100.922	D3	56	64	0	0	16250	*	3	-
1302	100.974	101.105	Bb4	56	60	0	0	16375	*	3	-
1303	101.127	101.289	C5	59	59	0	0	16500	*	3	-
1304	101.15	101.415	Eb3	61	57	0	0	16625	*	3	-
1305	101.279	101.384	Bb4	55	61	0	0	16750	*	3	-
1306	101.418	101.46	D3	58	67	0	0	16875	*	3	-
1307	101.432	101.531	C5	65	63	0	0	17000	*	3	-
1308	101.568	101.719	D5	50	58	0	0	17000	*	3	-
1309	101.719	101.758	C3	64	68	0	0	17000	*	3	-
1310	101.731	101.859	Eb5	61	61	0	0	17000	*	3	-
1311	101.852	101.886	D5	70	70	0	0	17000	*	3	-
1312	101.991	102.042	D3	59	66	0	0	17125	*	3	-
1313	102.034	102.213	F#4	64	60	0	0	17250	*	3	-
1314	102.151	102.285	E4	71	63	0	0	17250	*	3	-
1315	102.277	102.399	F#2	62	62	0	0	17375	*	3	-
1316	102.299	102.421	D4	64	62	0	0	17500	*	3	-
1317	102.421	102.563	G2	61	60	0	0	17500	*	3	-
1318	102.425	102.53	E4	72	64	0	0	17500	*	3	-
1319	102.582	102.689	A2	59	62	0	0	17500	*	3	-
1320	102.585	102.648	D4	60	65	0	0	17500	*	3	-
1321	102.585	102.734	F#4	71	62	0	0	17500	*	3	-
1322	102.713	102.897	G4	73	61	0	0	17500	*	3	-
1323	102.719	102.759	Bb2	64	68	0	0	17500	*	3	-
1324	102.902	103.112	Eb4	66	59	0	0	17500	*	3	-
1325	102.906	103.772	A4	63	51	0	0	17500	*	3	-
1326	102.911	103.021	C3	56	61	0	0	17625	*	3	-
1327	103.043	103.181	Bb2	56	60	0	0	17750	*	3	-
1328	103.208	103.306	D3	57	62	0	0	17750	*	3	-
1329	103.208	103.255	D4	67	68	0	0	17750	*	3	-
1330	103.334	103.472	C3	53	59	0	0	17750	*	3	-
1331	103.497	103.579	Bb2	56	63	0	0	17750	*	3	-
1332	103.522	103.565	C4	61	67	0	0	17750	*	3	-
1333	103.618	103.797	A2	54	58	0	0	17750	*	3	-
1334	103.797	103.915	Bb2	56	61	0	0	17750	*	3	-
1335	103.81	103.943	D4	58	60	0	0	17750	*	3	-
1336	103.954	104.11	G4	72	62	0	0	18000	*	3	-
1337	104.089	104.253	A4	70	61	0	0	18000	*	3	-
1338	104.106	104.181	F#3	63	64	0	0	18125	*	3	-
1339	104.231	104.391	G3	64	60	0	0	18250	*	3	-
1340	104.231	104.307	Bb4	72	66	0	0	18250	*	3	-
1341	104.36	104.511	C5	83	64	0	0	31375	*	3	-
1342	104.387	104.505	A3	65	62	0	0	31500	*	3	-
1343	104.505	104.659	Bb3	66	61	0	0	31500	*	3	-
1344	104.505	104.7	D5	75	61	0	0	31500	*	3	-
1345	104.675	104.766	C4	58	62	0	0	31500	*	3	-
1346	104.675	105.027	Eb5	81	59	0	0	31500	*	3	-
1347	104.68	105.029	F#3	58	55	0	0	31500	*	3	-
1348	104.825	104.95	Bb3	59	61	0	0	31500	*	3	-
1349	104.974	105.086	D4	57	61	0	0	31500	*	3	-
1350	104.974	105.044	D5	73	67	0	0	31500	*	3	-
1351	105.112	105.276	C4	55	58	0	0	31500	*	3	-
1352	105.266	105.341	Bb3	59	64	0	0	31500	*	3	-
1353	105.268	105.336	C5	79	68	0	0	31500	*	3	-
1354	105.38	105.607	A3	59	57	0	0	31500	*	3	-
1355	105.55	105.69	Bb3	51	58	0	0	31500	*	3	-
1356	105.563	105.639	D5	74	66	0	0	31500	*	3	-
1357	105.6	105.851	G3	43	53	0	0	31500	*	3	-
1358	105.707	105.839	D4	54	59	0	0	31750	*	3	-
1359	105.841	105.948	F#4	78	65	0	0	31875	*	3	-
1360	105.853	105.977	C4	60	61	0	0	31875	*	3	-
1361	105.982	106.19	G4	76	61	0	0	32000	*	3	-
1362	105.991	106.101	Bb3	68	63	0	0	32000	*	3	-
1363	106.13	106.255	A3	66	62	0	0	32000	*	3	-
1364	106.142	106.301	A4	78	63	0	0	32000	*	3	-
1365	106.268	106.34	Bb4	82	68	0	0	32125	*	3	-
1366	106.278	106.422	G3	63	61	0	0	32250	*	3	-
1367	106.437	106.95	F#3	60	53	0	0	32500	*	3	-
1368	106.452	106.954	Eb3	56	52	0	0	32500	*	3	-
1369	106.452	106.615	C5	77	63	0	0	32500	*	3	-
1370	106.599	106.774	Bb4	72	61	0	0	32500	*	3	-
1371	106.756	106.886	D5	75	64	0	0	32625	*	3	-
1372	106.891	107.097	C5	81	62	0	0	32750	*	3	-
1373	107.033	107.193	Bb4	83	64	0	0	32875	*	3	-
1374	107.158	107.33	A4	72	61	0	0	33125	*	3	-
1375	107.309	107.693	D3	58	54	0	0	33250	*	3	-
1376	107.309	107.429	G3	66	62	0	0	33250	*	3	-
1377	107.314	107.389	Bb4	82	68	0	0	33375	*	3	-
1378	107.461	107.578	A3	69	63	0	0	33500	*	3	-
1379	107.463	107.562	F#4	80	66	0	0	33500	*	3	-
1380	107.605	107.74	Bb3	67	62	0	0	33500	*	3	-
1381	107.609	107.771	G4	84	64	0	0	33500	*	3	-
1382	107.74	107.799	C4	74	68	0	0	33625	*	3	-
1383	107.749	107.902	A4	81	64	0	0	33625	*	3	-
1384	107.886	108.071	Bb4	86	63	0	0	33750	*	3	-
1385	107.892	108.002	D4	77	65	0	0	33750	*	3	-
1386	108.019	108.063	A3	78	70	0	0	33750	*	3	-
1387	108.024	108.101	C#5	88	68	0	0	33750	*	3	-
1388	108.171	108.289	Bb3	72	64	0	0	33875	*	3	-
1389	108.18	108.333	D5	83	64	0	0	33875	*	3	-
1390	108.312	108.359	G5	83	70	0	0	34000	*	3	-
1391	108.317	108.381	C3	63	65	0	0	34000	*	3	-
1392	108.488	108.585	C5	76	65	0	0	34125	*	3	-
1393	108.509	108.589	D3	64	64	0	0	34250	*	3	-
1394	108.509	108.552	G3	64	68	0	0	34250	*	3	-
1395	108.532	108.599	Bb4	75	67	0	0	34250	*	3	-
1396	108.589	108.697	C5	63	62	0	0	34250	*	3	-
1397	108.659	108.843	Bb4	68	60	0	0	34250	*	3	-
1398	108.781	108.827	F#3	62	67	0	0	34250	*	3	-
1399	108.785	108.827	D3	63	68	0	0	34250	*	3	-
1400	108.8	108.931	A4	74	63	0	0	34375	*	3	-
1401	108.944	108.991	G4	70	68	0	0	34375	*	3	-
1402	109.087	109.158	G2	50	62	0	0	34500	*	3	-
1403	109.087	109.997	G3	50	48	0	0	34500	*	3	-
1404	109.097	109.308	G4	70	60	0	0	34500	*	3	-
1405	109.24	109.303	D4	56	64	0	0	34562	*	3	-
1406	109.391	109.933	Bb4	67	54	0	0	12000	*	3	-
1407	109.399	109.437	A2	44	64	0	0	12000	*	3	-
1408	109.535	109.6	F4	55	64	0	0	12125	*	3	-
1409	109.672	109.718	Bb2	53	65	0	0	12250	*	3	-
1410	109.686	109.832	E4	62	61	0	0	12250	*	3	-
1411	109.832	109.872	D4	56	67	0	0	12375	*	3	-
1412	109.968	110.014	C3	61	67	0	0	12500	*	3	-
1413	109.976	110.742	E4	70	53	0	0	12500	*	3	-
1414	110.119	110.18	G4	61	65	0	0	12625	*	3	-
1415	110.262	110.425	C5	72	62	0	0	12750	*	3	-
1416	110.274	110.318	D3	60	67	0	0	13000	*	3	-
1417	110.39	110.514	Bb4	66	62	0	0	13125	*	3	-
1418	110.549	110.698	A4	63	61	0	0	13250	*	3	-
1419	110.551	110.602	E3	72	68	0	0	13250	*	3	-
1420	110.675	110.735	G4	67	66	0	0	13375	*	3	-
1421	110.839	110.885	F3	76	70	0	0	13500	*	3	-
1422	110.853	111.663	A4	72	53	0	0	13500	*	3	-
1423	110.979	111.031	C4	68	67	0	0	13625	*	3	-
1424	111.133	111.229	F4	67	64	0	0	13625	*	3	-
1425	111.14	111.198	G3	74	68	0	0	13750	*	3	-
1426	111.257	111.568	Eb4	70	58	0	0	13875	*	3	-
1427	111.425	111.464	A3	76	70	0	0	14000	*	3	-
1428	111.434	111.568	D4	76	64	0	0	14000	*	3	-
1429	111.568	111.612	C4	74	69	0	0	14125	*	3	-
1430	111.726	112.725	Bb3	78	53	0	0	14250	*	3	-
1431	111.728	112.281	D4	72	55	0	0	14375	*	3	-
1432	111.867	111.961	F4	63	63	0	0	14500	*	3	-
1433	112.024	112.165	Bb4	78	64	0	0	14625	*	3	-
1434	112.158	112.4	A4	70	59	0	0	14625	*	3	-
1435	112.299	112.434	G4	72	63	0	0	14750	*	3	-
1436	112.415	112.478	F4	73	67	0	0	14875	*	3	-
1437	112.593	112.665	E4	77	67	0	0	15125	*	3	-
1438	112.597	112.644	C4	66	68	0	0	15125	*	3	-
1439	112.718	112.899	G3	56	58	0	0	15250	*	3	-
1440	112.887	112.949	F4	71	67	0	0	33250	*	3	-
1441	112.891	112.922	D4	75	71	0	0	33250	*	3	-
1442	112.897	113.021	C4	64	62	0	0	33250	*	3	-
1443	113.012	113.185	Bb3	67	61	0	0	33375	*	3	-
1444	113.161	113.229	G4	82	68	0	0	33500	*	3	-
1445	113.165	113.207	E4	75	70	0	0	33500	*	3	-
1446	113.176	113.309	A3	75	63	0	0	33500	*	3	-
1447	113.318	113.439	G3	70	63	0	0	33500	*	3	-
1448	113.451	113.534	A4	81	67	0	0	33625	*	3	-
1449	113.458	113.505	F4	75	69	0	0	33750	*	3	-
1450	113.469	113.636	F3	76	62	0	0	33750	*	3	-
1451	113.613	113.741	C3	71	63	0	0	34000	*	3	-
1452	113.747	113.831	Bb4	86	68	0	0	34250	*	3	-
1453	113.75	113.796	G4	81	70	0	0	34375	*	3	-
1454	113.764	113.9	F3	82	64	0	0	34500	*	3	-
1455	113.883	114.047	Eb3	78	63	0	0	34562	*	3	-
1456	114.032	114.166	D3	78	64	0	0	34624	*	3	-
1457	114.037	114.078	A4	74	70	0	0	34624	*	3	-
1458	114.037	114.107	C5	94	70	0	0	34624	*	3	-
1459	114.164	114.327	C3	75	62	0	0	34687	*	3	-
1460	114.31	114.422	Bb2	76	65	0	0	34749	*	3	-
1461	114.316	114.413	D5	90	67	0	0	34749	*	3	-
1462	114.327	114.941	Bb4	87	57	0	0	34749	*	3	-
1463	114.45	114.625	C3	65	60	0	0	34749	*	3	-
1464	114.611	114.739	Bb2	74	63	0	0	34749	*	3	-
1465	114.621	114.716	E5	95	68	0	0	34812	*	3	-
1466	114.735	114.863	A2	71	63	0	0	34875	*	3	-
1467	114.89	115.025	G2	70	63	0	0	34875	*	3	-
1468	114.912	114.997	F5	94	69	0	0	34875	*	3	-
1469	115.03	115.211	F2	73	61	0	0	34875	*	3	-
1470	115.204	116.065	E2	69	52	0	0	34875	*	3	-
1471	115.208	116.085	G5	86	55	0	0	34875	*	3	-
1472	115.347	115.384	G4	71	70	0	0	34937	*	3	-
1473	115.521	115.651	C5	84	65	0	0	34999	*	3	-
1474	115.656	115.704	Bb4	78	70	0	0	35062	*	3	-
1475	115.787	115.955	A4	75	62	0	0	35124	*	3	-
1476	115.906	115.958	G4	77	69	0	0	35187	*	3	-
1477	116.065	116.122	F2	78	69	0	0	35250	*	3	-
1478	116.078	117.459	A4	74	50	0	0	35250	*	3	-
1479	116.209	116.306	C5	73	65	0	0	35250	*	3	-
1480	116.355	116.535	F5	79	62	0	0	35250	*	3	-
1481	116.358	116.41	G2	79	69	0	0	35250	*	3	-
1482	116.481	116.576	Eb5	74	65	0	0	35312	*	3	-
1483	116.627	116.677	A2	76	69	0	0	35374	*	3	-
1484	116.65	116.781	D5	79	64	0	0	35374	*	3	-
1485	116.765	116.951	C5	77	62	0	0	35374	*	3	-
1486	116.927	117.561	Bb2	78	55	0	0	35374	*	3	-
1487	116.933	117.114	D5	81	63	0	0	35374	*	3	-
1488	117.085	117.238	C5	82	64	0	0	35437	*	3	-
1489	117.215	117.262	D3	75	69	0	0	35499	*	3	-
1490	117.229	117.304	Eb5	78	67	0	0	35499	*	3	-
1491	117.358	117.546	D5	76	62	0	0	35562	*	3	-
1492	117.514	117.674	C5	87	64	0	0	35625	*	3	-
1493	117.518	117.793	G3	76	60	0	0	35625	*	3	-
1494	117.643	117.853	Bb4	86	63	0	0	35687	*	3	-
1495	117.803	118.199	A2	59	54	0	0	35749	*	3	-
1496	117.816	118.292	C5	84	58	0	0	35749	*	3	-
1497	117.962	118.039	F3	66	65	0	0	35874	*	3	-
1498	118.129	118.197	Bb3	71	67	0	0	35937	*	3	-
1499	118.129	118.292	E4	80	63	0	0	36000	*	3	-
1500	118.254	118.408	A3	72	62	0	0	36000	*	3	-
1501	118.254	118.475	F4	77	61	0	0	36000	*	3	-
1502	118.406	118.534	G3	70	63	0	0	36000	*	3	-
1503	118.414	118.581	G4	78	63	0	0	36000	*	3	-
1504	118.528	118.569	F3	72	69	0	0	36000	*	3	-
1505	118.546	118.616	A4	76	67	0	0	36062	*	3	-
1506	118.698	118.764	G3	66	66	0	0	36124	*	3	-
1507	118.704	119.057	G2	70	57	0	0	36124	*	3	-
1508	118.709	118.85	Bb4	78	64	0	0	36124	*	3	-
1509	118.85	119	A4	70	62	0	0	36187	*	3	-
1510	118.983	119.139	Bb2	68	61	0	0	36249	*	3	-
1511	118.994	119.147	C5	81	64	0	0	36249	*	3	-
1512	119.115	119.272	C3	68	61	0	0	36249	*	3	-
1513	119.129	119.303	Bb4	77	62	0	0	36312	*	3	-
1514	119.281	119.364	D3	65	64	0	0	36375	*	3	-
1515	119.291	119.428	A4	73	63	0	0	36437	*	3	-
1516	119.393	119.433	E3	51	65	0	0	36499	*	3	-
1517	119.418	119.474	G4	68	67	0	0	36562	*	3	-
1518	119.564	119.615	F2	60	66	0	0	36624	*	3	-
1519	119.569	120.784	F3	60	48	0	0	36624	*	3	-
1520	119.569	119.696	A4	68	63	0	0	36624	*	3	-
1521	119.721	119.771	G4	59	66	0	0	36624	*	3	-
1522	119.853	119.914	G2	66	66	0	0	36624	*	3	-
1523	119.867	120.007	Bb4	74	63	0	0	36624	*	3	-
1524	120.003	120.055	A4	69	68	0	0	36687	*	3	-
1525	120.143	120.201	A2	68	67	0	0	36750	*	3	-
1526	120.143	120.293	C5	88	65	0	0	36750	*	3	-
1527	120.262	120.346	Bb4	87	68	0	0	36812	*	3	-
1528	120.427	120.526	Bb2	75	65	0	0	36874	*	3	-
1529	120.43	120.574	D5	86	65	0	0	36874	*	3	-
1530	120.553	120.629	C5	84	68	0	0	36937	*	3	-
1531	120.704	120.784	C3	73	66	0	0	36999	*	3	-
1532	120.708	120.884	E5	94	65	0	0	36999	*	3	-
1533	120.839	120.918	D5	90	69	0	0	37062	*	3	-
1534	121.001	121.671	Bb3	77	55	0	0	37125	*	3	-
1535	121.001	121.093	F5	95	68	0	0	37125	*	3	-
1536	121.015	121.083	D3	65	65	0	0	37125	*	3	-
1537	121.129	121.202	E5	93	69	0	0	37187	*	3	-
1538	121.283	121.347	E3	73	67	0	0	37249	*	3	-
1539	121.309	121.392	G5	91	68	0	0	37249	*	3	-
1540	121.455	121.507	A4	83	70	0	0	37312	*	3	-
1541	121.625	121.729	C3	71	64	0	0	37374	*	3	-
1542	121.637	121.729	Bb4	87	67	0	0	37374	*	3	-
1543	121.646	121.688	E4	84	71	0	0	37374	*	3	-
1544	121.807	121.894	G4	90	68	0	0	37437	*	3	-
1545	122.017	122.646	A4	89	57	0	0	37500	*	3	-
1546	122.022	122.093	F3	70	66	0	0	37500	*	3	-
1547	122.041	122.715	F4	70	54	0	0	37500	*	3	-
1548	122.382	122.88	Bb2	74	56	0	0	37374	*	3	-
1549	122.572	122.718	Bb4	87	65	0	0	37437	*	3	-
1550	122.832	123.397	C3	59	52	0	0	37500	*	3	-
1551	122.852	122.929	A4	74	66	0	0	37500	*	3	-
1552	122.861	123.154	E4	73	-1	0	0	37500	*	3	-
1553	122.924	123.005	G4	74	66	0	0	37500	*	3	-
1554	123.014	123.082	A4	65	65	0	0	37500	*	3	-
1555	123.059	123.154	G4	70	64	0	0	37500	*	3	-
1556	123.151	123.258	A4	68	63	0	0	37500	*	3	-
1557	123.154	123.154	E4	18	59	0	0	37500	*	3	-
1558	123.204	123.937	G4	71	53	0	0	37500	*	3	-
1559	123.288	123.288	E4	22	46	0	0	37562	*	3	-
1560	123.45	124.636	C2	65	49	0	0	37624	*	3	-
1561	123.885	124.428	F4	76	56	0	0	37687	*	3	-
1562	124.584	127.15	F4	78	47	0	0	37750	*	3	-
1563	124.586	127.123	F2	65	45	0	0	37750	*	3	-
//Missing 6000	P1-1-69
//Missing 6249	P1-1-77
//Missing 6375	P1-1-81
//Missing 6499	P1-1-85
//Missing 6624	P1-1-88
//Missing 6750	P1-1-93
//Missing 6874	P1-1-96
//Missing 6999	P1-1-101
//Missing 7125	P1-1-104
//Missing 7249	P1-1-109
//Missing 7374	P1-1-112
//Missing 7500	P1-1-118
//Missing 7624	P1-1-122
//Missing 7749	P1-1-126
//Missing 7999	P1-1-134
//Missing 8124	P1-1-138
//Missing 8250	P1-1-142
//Missing 8499	P1-1-150
//Missing 8625	P1-1-153
//Missing 8749	P1-1-158
//Missing 8874	P1-1-160
//Missing 9000	P1-1-165
//Missing 9375	P1-1-175
//Missing 9499	P1-1-179
//Missing 9750	P1-1-187
//Missing 9874	P1-1-190
//Missing 9999	P1-1-195
//Missing 10125	P1-1-198
//Missing 10249	P1-1-202
//Missing 10249	P1-1-203
//Missing 10374	P1-1-206
//Missing 10500	P1-1-212
//Missing 10624	P1-1-214
//Missing 10749	P1-1-220
//Missing 10875	P1-1-223
//Missing 10999	P1-1-228
//Missing 11250	P1-1-236
//Missing 11374	P1-1-238
//Missing 11499	P1-1-242
//Missing 11499	P1-1-244
//Missing 11625	P1-1-247
//Missing 11749	P1-1-252
//Missing 11874	P1-1-254
//Missing 11874	P1-1-256
//Missing 24000	P1-1-401
//Missing 24312	P1-1-409
//Missing 24375	P1-1-411
//Missing 24499	P1-1-415
//Missing 24750	P1-1-423
//Missing 24874	P1-1-426
//Missing 24999	P1-1-431
//Missing 25125	P1-1-434
//Missing 25249	P1-1-438
//Missing 25249	P1-1-439
//Missing 25374	P1-1-442
//Missing 25500	P1-1-448
//Missing 25687	P1-1-453
//Missing 25749	P1-1-456
//Missing 25999	P1-1-464
//Missing 26124	P1-1-468
//Missing 26250	P1-1-472
//Missing 26374	P1-1-474
//Missing 26499	P1-1-480
//Missing 26625	P1-1-483
//Missing 26749	P1-1-488
//Missing 26874	P1-1-490
//Missing 26937	P1-1-493
//Missing 27000	P1-1-495
//Missing 27249	P1-1-503
//Missing 27375	P1-1-507
//Missing 27499	P1-1-511
//Missing 27624	P1-1-514
//Missing 27750	P1-1-519
//Missing 27874	P1-1-522
//Missing 27999	P1-1-527
//Missing 28125	P1-1-530
//Missing 28249	P1-1-535
//Missing 28374	P1-1-538
//Missing 28500	P1-1-544
//Missing 28624	P1-1-546
//Missing 28749	P1-1-552
//Missing 28875	P1-1-555
//Missing 28999	P1-1-560
//Missing 29124	P1-1-562
//Missing 29250	P1-1-568
//Missing 29374	P1-1-570
//Missing 29499	P1-1-576
//Missing 29625	P1-1-579
//Missing 29687	P1-1-581
//Missing 29749	P1-1-584
//Missing 29874	P1-1-586
//Missing 29874	P1-1-588
//Missing 34500	P1-1-645
//Missing 34624	P1-1-648
//Missing 34749	P1-1-652
//Missing 34749	P1-1-653
//Missing 34875	P1-1-656
//Missing 34875	P1-1-657
//Missing 34999	P1-1-661
//Missing 35250	P1-1-669
//Missing 35374	P1-1-672
//Missing 35499	P1-1-677
//Missing 35625	P1-1-680
//Missing 35749	P1-1-685
//Missing 35874	P1-1-688
//Missing 36000	P1-1-693
//Missing 36124	P1-1-697
//Missing 36249	P1-1-702
//Missing 36499	P1-1-710
//Missing 36624	P1-1-713
//Missing 36750	P1-1-718
//Missing 36874	P1-1-721
//Missing 36999	P1-1-726
//Missing 37125	P1-1-729
//Missing 37249	P1-1-733
//Missing 37374	P1-1-738
//Missing 37500	P1-1-742
//Missing 37624	P1-1-747
//Missing 39000	P1-1-782
//Missing 39125	P1-1-786
//Missing 39375	P1-1-792
//Missing 39499	P1-1-797
//Missing 39624	P1-1-799
//Missing 39750	P1-1-805
//Missing 39874	P1-1-807
//Missing 39999	P1-1-813
//Missing 40125	P1-1-816
//Missing 40249	P1-1-821
//Missing 40374	P1-1-823
//Missing 40500	P1-1-829
//Missing 40624	P1-1-831
//Missing 40749	P1-1-837
//Missing 40875	P1-1-840
//Missing 40999	P1-1-845
//Missing 41124	P1-1-847
//Missing 41250	P1-1-853
//Missing 41374	P1-1-855
//Missing 41499	P1-1-861
//Missing 41625	P1-1-864
//Missing 41749	P1-1-869
//Missing 41874	P1-1-871
//Missing 42000	P1-1-876
//Missing 42000	P1-1-877
//Missing 42249	P1-1-885
//Missing 42375	P1-1-888
//Missing 42375	P1-1-889
//Missing 42499	P1-1-891
//Missing 42499	P1-1-893
//Missing 42624	P1-1-895
//Missing 42750	P1-1-900
//Missing 42750	P1-1-901
//Missing 42874	P1-1-903
//Missing 42874	P1-1-905
//Missing 42999	P1-1-909
//Missing 43125	P1-1-912
//Missing 43125	P1-1-913
//Missing 43249	P1-1-915
//Missing 43249	P1-1-917
//Missing 43374	P1-1-921
//Missing 48062	P1-1-986
//Missing 48124	P1-1-988
//Missing 51750	P1-1-1040
//Missing 51812	P1-1-1041
//Missing 51874	P1-1-1043
//Missing 51937	P1-1-1046
//Missing 51999	P1-1-1048
//Missing 52062	P1-1-1051
//Missing 53250	P1-1-1066
//Missing 53375	P1-1-1067
//Missing 53500	P1-1-1068
//Missing 53625	P1-1-1069
//Missing 53750	P1-1-1070
//Missing 6062	P1-1-71
//Missing 6124	P1-1-73
//Missing 6187	P1-1-75
//Missing 6312	P1-1-79
//Missing 6437	P1-1-83
//Missing 7562	P1-1-119
//Missing 7687	P1-1-123
//Missing 7812	P1-1-127
//Missing 7875	P1-1-130
//Missing 7937	P1-1-131
//Missing 8062	P1-1-135
//Missing 8187	P1-1-139
//Missing 8312	P1-1-143
//Missing 8374	P1-1-146
//Missing 8437	P1-1-147
//Missing 8812	P1-1-159
//Missing 9312	P1-1-173
//Missing 9437	P1-1-177
//Missing 9562	P1-1-181
//Missing 9624	P1-1-183
//Missing 9687	P1-1-185
//Missing 11124	P1-1-230
//Missing 11687	P1-1-249
//Missing 11749	P1-1-250
//Missing 11812	P1-1-253
//Missing 11937	P1-1-257
//Missing 12000	P1-1-259
//Missing 24437	P1-1-413
//Missing 24562	P1-1-417
//Missing 24624	P1-1-419
//Missing 24687	P1-1-421
//Missing 25562	P1-1-449
//Missing 25624	P1-1-452
//Missing 25812	P1-1-457
//Missing 25875	P1-1-460
//Missing 25937	P1-1-461
//Missing 26062	P1-1-465
//Missing 26187	P1-1-469
//Missing 27062	P1-1-497
//Missing 27124	P1-1-499
//Missing 27187	P1-1-501
//Missing 27312	P1-1-505
//Missing 27437	P1-1-509
//Missing 29499	P1-1-574
//Missing 29749	P1-1-582
//Missing 29812	P1-1-585
//Missing 29937	P1-1-589
//Missing 30000	P1-1-591
//Missing 34250	P1-1-641
//Missing 34375	P1-1-643
//Missing 34500	P1-1-644
//Missing 34562	P1-1-647
//Missing 34624	P1-1-649
//Missing 34687	P1-1-651
//Missing 34812	P1-1-655
//Missing 34999	P1-1-660
//Missing 35124	P1-1-665
//Missing 36000	P1-1-694
//Missing 36375	P1-1-706
//Missing 36437	P1-1-708
//Missing 37249	P1-1-734
//Missing 37500	P1-1-743
//Missing 37562	P1-1-745
//Missing 38000	P1-1-757
//Missing 38062	P1-1-759
//Missing 39187	P1-1-787
//Missing 42124	P1-1-881
//Missing 42249	P1-1-883
//Missing 42312	P1-1-886
//Missing 42437	P1-1-890
//Missing 42562	P1-1-894
//Missing 42624	P1-1-897
//Missing 42687	P1-1-898
//Missing 42812	P1-1-902
//Missing 42937	P1-1-906
//Missing 42999	P1-1-907
//Missing 43062	P1-1-910
//Missing 43187	P1-1-914
//Missing 43312	P1-1-918
//Missing 43374	P1-1-919
//Missing 43437	P1-1-922
//Missing 43500	P1-1-924
