//Version: ScorePerfmMatch_v170104
// Score: ./score_hmm.txt
// Perfm: ./infer_spr.txt
// fmt3x: ./score_fmt3x.txt
0	6.30555	7.76922	D4	32	25	0	0	0	P1-1-0	0	0
1	6.7564	7.14102	G4	35	30	0	0	150	P1-1-2	0	-
2	7.11538	7.49465	B4	35	30	0	0	300	P1-1-3	0	-
3	7.3611	7.64957	G4	32	36	0	0	450	P1-1-4	0	-
4	7.57371	7.86858	B3	38	31	0	0	600	P1-1-5	0	-
5	7.82371	8.65063	E4	40	25	0	0	750	P1-1-6	0	-
6	8.03632	8.24465	G4	38	54	0	0	900	P1-1-8	0	-
7	8.26281	8.50961	B4	40	32	0	0	1050	P1-1-9	0	-
8	8.43909	8.6923	G4	41	39	0	0	1200	P1-1-10	0	-
9	8.60469	8.79273	B3	36	36	0	0	1350	P1-1-11	0	-
10	8.79807	9.60362	D4	41	22	0	0	1500	P1-1-12	0	-
11	8.97862	9.14422	G4	42	54	0	0	1650	P1-1-14	0	-
12	9.17307	9.34828	B4	41	38	0	0	1800	P1-1-15	0	-
13	9.34935	9.45298	G4	34	45	0	0	1950	P1-1-16	0	-
14	9.4829	9.69978	B3	37	33	0	0	2100	P1-1-17	0	-
15	9.66559	10.3643	E4	44	31	0	0	2250	P1-1-18	0	-
16	9.8611	10.0011	G4	43	55	0	0	2400	P1-1-20	0	-
17	10.032	10.2158	B4	40	37	0	0	2550	P1-1-21	0	-
18	10.203	10.3932	G4	37	31	0	0	2700	P1-1-22	0	-
19	10.3451	10.5246	B3	33	35	0	0	2850	P1-1-23	0	-
20	10.5438	11.5705	D4	34	19	0	0	3000	P1-1-24	0	-
21	10.7265	10.937	G4	28	35	0	0	3150	P1-1-26	0	-
22	10.9113	11.125	B4	31	32	0	0	3300	P1-1-27	0	-
23	11.109	11.1976	G4	32	46	0	0	3450	P1-1-28	0	-
24	11.2382	11.4776	B3	28	30	0	0	3600	P1-1-29	0	-
25	11.4615	12.297	E4	35	29	0	0	3750	P1-1-30	0	-
26	11.6528	11.8579	G4	35	64	0	0	3900	P1-1-32	0	-
27	11.8472	12.0513	B4	35	32	0	0	4050	P1-1-33	0	-
28	11.8579	11.859	G4	38	34	0	0	-1	*	3	-
29	12.0267	12.2446	G4	36	28	0	0	4200	P1-1-34	0	-
30	12.1891	12.5342	B3	31	25	0	0	4350	P1-1-35	0	-
31	12.4583	13.6891	D4	28	19	0	0	4500	P1-1-36	0	-
32	12.7051	12.9914	G4	28	36	0	0	4650	P1-1-38	0	-
33	12.9391	13.3696	B4	30	32	0	0	4800	P1-1-39	0	-
34	13.0844	13.969	F#5	62	58	0	0	4875	P1-1-40	0	-
35	13.2895	13.5641	G4	40	39	0	0	4950	P1-1-41	0	-
36	13.5171	14.3141	B3	35	19	0	0	5100	P1-1-42	0	-
37	13.7585	14.6581	E5	56	32	0	0	5250	P1-1-43	0	-
38	13.8355	14.6047	E4	36	19	0	0	5250	P1-1-44	0	-
39	14.1132	14.3782	G4	36	41	0	0	5400	P1-1-46	0	-
40	14.3857	14.6314	B4	36	30	0	0	5550	P1-1-47	0	-
41	14.5513	14.8365	G4	31	35	0	0	5700	P1-1-48	0	-
42	14.6025	15.1891	D5	56	49	0	0	5750	P1-1-49	0	-
43	14.7831	15.9327	B3	34	20	0	0	5850	P1-1-50	0	-
44	15.0908	15.7532	G5	61	44	0	0	6000	P1-1-51	0	-
45	15.1987	16.11	D4	35	33	0	0	6000	P1-1-52	0	-
46	15.5427	15.813	G4	31	40	0	0	6150	P1-1-54	0	-
47	15.8258	16.0673	B4	32	38	0	0	6300	P1-1-55	0	-
48	16.0128	16.2799	G4	30	33	0	0	6450	P1-1-56	0	-
49	16.0523	16.3023	G5	53	48	0	0	6500	P1-1-57	0	-
50	16.2211	16.6261	B3	31	27	0	0	6600	P1-1-58	0	-
51	16.5107	19.25	G5	51	35	0	0	6750	P1-1-59	0	-
52	16.5929	17.4936	E4	29	30	0	0	6750	P1-1-60	0	-
53	16.8429	17.0726	G4	28	39	0	0	6900	P1-1-62	0	-
54	17.0641	17.2756	B4	35	32	0	0	7050	P1-1-63	0	-
55	17.2393	17.4444	G4	35	33	0	0	7200	P1-1-64	0	-
56	17.3921	17.6357	B3	32	32	0	0	7350	P1-1-65	0	-
57	17.6122	18.6047	D4	25	21	0	0	7500	P1-1-66	0	-
58	17.7831	18.0085	G4	31	35	0	0	7650	P1-1-68	0	-
59	17.9754	18.1741	B4	35	35	0	0	7800	P1-1-69	0	-
60	18.1645	18.2671	G4	41	45	0	0	7950	P1-1-70	0	-
61	18.2949	18.5449	B3	40	32	0	0	8100	P1-1-71	0	-
62	18.4711	19.2105	E4	37	33	0	0	8250	P1-1-72	0	-
63	18.6474	18.8098	G4	40	53	0	0	8400	P1-1-74	0	-
64	18.8301	19.0107	B4	41	37	0	0	8550	P1-1-75	0	-
65	19.0075	19.1207	G4	38	43	0	0	8700	P1-1-76	0	-
66	19.0619	19.5961	A5	60	55	0	0	8750	P1-1-77	0	-
67	19.1699	19.4049	B3	31	36	0	0	8850	P1-1-78	0	-
68	19.3643	20.4637	D4	34	19	0	0	9000	P1-1-80	0	-
69	19.4241	20.125	B5	66	53	0	0	9000	P1-1-79	0	-
70	19.6282	19.7532	G4	33	52	0	0	9150	P1-1-82	0	-
71	19.7831	19.9775	B4	34	33	0	0	9300	P1-1-83	0	-
72	19.9391	20.5513	C6	73	52	0	0	9500	P1-1-85	0	-
73	19.9423	20.0438	G4	39	49	0	0	9450	P1-1-84	0	-
74	20.0951	20.375	B3	39	26	0	0	9600	P1-1-86	0	-
75	20.2927	21.126	E4	39	31	0	0	9750	P1-1-88	0	-
76	20.3803	21.2724	D6	78	60	0	0	9750	P1-1-87	0	-
77	20.5662	20.7275	G4	38	50	0	0	9900	P1-1-90	0	-
78	20.7521	20.9295	B4	36	37	0	0	10050	P1-1-91	0	-
79	20.9145	21.0416	G4	42	42	0	0	10200	P1-1-92	0	-
80	21.0641	21.3974	B3	35	29	0	0	10350	P1-1-93	0	-
81	21.2585	22.5352	D4	36	19	0	0	10500	P1-1-94	0	-
82	21.485	21.625	G4	34	50	0	0	10650	P1-1-96	0	-
83	21.6431	21.8696	B4	38	34	0	0	10800	P1-1-97	0	-
84	21.7414	23.6581	E6	77	50	0	0	10875	P1-1-98	0	-
85	21.8354	22	G4	37	49	0	0	10950	P1-1-99	0	-
86	22.0203	23.0673	B3	39	32	0	0	11100	P1-1-100	0	-
87	22.2607	23.0651	E4	39	49	0	0	11250	P1-1-101	0	-
88	22.5427	22.7799	G4	37	36	0	0	11400	P1-1-103	0	-
89	22.7703	22.9241	B4	40	43	0	0	11550	P1-1-104	0	-
90	22.9583	23.0406	G4	37	56	0	0	11700	P1-1-106	0	-
91	23.2446	23.3654	B3	49	50	0	0	11850	P1-1-107	0	-
92	23.4508	24.1453	D6	57	46	0	0	11625	P1-1-105	0	-
93	23.6463	23.9124	G2	41	38	0	0	12000	P1-1-108	0	-
94	23.875	24.0042	D3	37	51	0	0	12250	P1-1-109	0	-
95	24.0737	24.1848	B3	46	56	0	0	12500	P1-1-110	0	-
96	24.3643	26.2126	D6	59	36	0	0	12750	P1-1-111	0	-
97	24.4904	25.9658	D4	29	23	0	0	12750	P1-1-112	0	-
98	24.8985	25.1773	G4	29	38	0	0	12900	P1-1-114	0	-
99	25.1795	25.4626	B4	28	34	0	0	13050	P1-1-115	0	-
100	25.3867	25.6442	G4	31	35	0	0	13200	P1-1-116	0	-
101	25.6079	26.0395	B3	40	29	0	0	13350	P1-1-117	0	-
102	25.8974	28.6987	B5	48	54	0	0	13500	P1-1-118	0	-
103	25.9807	26.9369	E4	32	25	0	0	13500	P1-1-119	0	-
104	26.2617	26.4839	G4	27	38	0	0	13650	P1-1-121	0	-
105	26.4701	26.6923	B4	35	34	0	0	13800	P1-1-122	0	-
106	26.6613	26.8664	G4	32	32	0	0	13950	P1-1-123	0	-
107	26.8419	27.0448	B3	33	32	0	0	14100	P1-1-124	0	-
108	27.0448	27.985	D4	25	30	0	0	14250	P1-1-125	0	-
109	27.2372	27.4455	G4	31	35	0	0	14400	P1-1-127	0	-
110	27.4455	27.563	B4	32	49	0	0	14550	P1-1-128	0	-
111	27.6154	27.7051	G4	35	50	0	0	14700	P1-1-129	0	-
112	27.7596	27.9733	B3	31	30	0	0	14850	P1-1-130	0	-
113	27.9433	28.7329	E4	29	30	0	0	15000	P1-1-131	0	-
114	28.1613	28.2617	G4	27	51	0	0	15150	P1-1-133	0	-
115	28.3066	28.4636	B4	31	37	0	0	15300	P1-1-134	0	-
116	28.4615	28.6474	G4	30	33	0	0	15450	P1-1-135	0	-
117	28.5406	29.1827	A5	55	49	0	0	15500	P1-1-136	0	-
118	28.6453	29.5865	B3	29	26	0	0	15600	P1-1-137	0	-
119	28.9081	29.7094	D4	33	33	0	0	15750	P1-1-139	0	-
120	29.0213	29.7874	B5	60	52	0	0	15750	P1-1-138	0	-
121	29.2532	29.4733	G4	35	35	0	0	15900	P1-1-141	0	-
122	29.4658	29.6666	B4	36	32	0	0	16050	P1-1-142	0	-
123	29.6367	29.8151	G4	39	31	0	0	16200	P1-1-143	0	-
124	29.7008	30.2948	C6	63	56	0	0	16250	P1-1-144	0	-
125	29.8098	30.6869	B3	32	19	0	0	16350	P1-1-145	0	-
126	30.141	30.9893	E4	30	22	0	0	16500	P1-1-147	0	-
127	30.1453	32.5459	B5	59	40	0	0	16500	P1-1-146	0	-
128	30.4401	30.6656	G4	33	33	0	0	16650	P1-1-149	0	-
129	30.6527	30.8547	B4	33	33	0	0	16800	P1-1-150	0	-
130	30.8408	30.9498	G4	30	37	0	0	16950	P1-1-151	0	-
131	30.9775	31.2478	B3	32	34	0	0	17100	P1-1-152	0	-
132	31.1795	32.0513	D4	33	19	0	0	17250	P1-1-153	0	-
133	31.3568	31.5021	G4	32	50	0	0	17400	P1-1-155	0	-
134	31.5491	31.7062	B4	35	37	0	0	17550	P1-1-156	0	-
135	31.6987	31.8215	G4	39	49	0	0	17700	P1-1-157	0	-
136	31.8664	32.1346	B3	35	29	0	0	17850	P1-1-158	0	-
137	32.0812	32.8354	E4	40	39	0	0	18000	P1-1-159	0	-
138	32.2831	32.5032	G4	43	38	0	0	18150	P1-1-161	0	-
139	32.4038	32.7831	D5	53	53	0	0	18290	P1-1-162	0	-
140	32.5192	32.6357	B4	40	46	0	0	18290	P1-1-163	0	-
141	32.6506	32.8386	G4	46	34	0	0	18459	P1-1-165	0	-
142	32.7681	32.8611	B5	53	60	0	0	18375	P1-1-164	0	-
143	32.8012	32.8899	B3	42	50	0	0	18600	P1-1-168	0	-
144	32.8867	32.954	G5	55	55	0	0	18459	P1-1-166	0	-
145	32.9829	33.0491	F#5	62	53	0	0	18562	P1-1-167	0	-
146	33.094	33.1666	G5	59	54	0	0	18656	P1-1-169	0	-
147	33.1581	33.3525	D4	33	55	0	0	18750	P1-1-171	0	-
148	33.1698	33.4391	F#4	37	37	0	0	18750	P1-1-172	0	-
149	33.1891	33.4754	F#5	62	32	0	0	18750	P1-1-170	0	-
150	33.4316	33.6656	B4	46	38	0	0	18937	P1-1-173	0	-
151	33.563	33.6592	C5	47	49	0	0	19031	P1-1-174	0	-
152	33.6891	33.7745	B5	49	58	0	0	19125	P1-1-175	0	-
153	33.7062	33.8461	E4	34	51	0	0	19125	P1-1-177	0	-
154	33.7179	33.8579	C4	40	55	0	0	19125	P1-1-176	0	-
155	33.7938	33.8771	F#5	61	59	0	0	19218	P1-1-178	0	-
156	33.9006	33.9701	E5	61	57	0	0	19312	P1-1-179	0	-
157	33.9113	34.063	G3	39	26	0	0	19312	P1-1-180	0	-
158	34.0064	34.0758	F#5	60	58	0	0	19406	P1-1-181	0	-
159	34.0833	34.2179	C4	44	58	0	0	19500	P1-1-183	0	-
160	34.0961	34.1869	E5	64	58	0	0	19500	P1-1-182	0	-
161	34.1111	34.2297	E4	41	61	0	0	19500	P1-1-184	0	-
162	34.3162	34.4262	B4	43	64	0	0	19687	P1-1-185	0	-
163	34.4262	34.469	B4	26	59	0	0	19781	P1-1-186	0	-
164	34.4839	34.5662	B5	62	60	0	0	19875	P1-1-187	0	-
165	34.4968	34.6602	B3	42	52	0	0	19875	P1-1-188	0	-
166	34.5171	34.6634	D4	46	57	0	0	19875	P1-1-189	0	-
167	34.5801	34.6581	E5	63	62	0	0	19968	P1-1-190	0	-
168	34.6795	34.8632	F#3	47	55	0	0	20062	P1-1-192	0	-
169	34.688	34.7329	D5	65	60	0	0	20062	P1-1-191	0	-
170	34.7671	34.8301	E5	63	56	0	0	20156	P1-1-193	0	-
171	34.86	35.0171	D5	71	50	0	0	20250	P1-1-194	0	-
172	34.8664	34.9626	D4	43	62	0	0	20250	P1-1-196	0	-
173	34.8921	35.0331	B3	41	51	0	0	20250	P1-1-195	0	-
174	35.0844	35.2361	B4	51	53	0	0	20437	P1-1-197	0	-
175	35.1485	35.2136	C5	56	54	0	0	20531	P1-1-198	0	-
176	35.2446	35.3322	B5	63	60	0	0	20625	P1-1-199	0	-
177	35.2991	35.4433	E4	49	58	0	0	20625	P1-1-201	0	-
178	35.3023	35.4284	C4	47	59	0	0	20625	P1-1-200	0	-
179	35.3322	35.4124	F#5	68	63	0	0	20718	P1-1-202	0	-
180	35.4316	35.4818	E5	65	55	0	0	20812	P1-1-203	0	-
181	35.4701	35.6517	G3	46	38	0	0	20812	P1-1-204	0	-
182	35.5267	35.5918	F#5	67	59	0	0	20906	P1-1-205	0	-
183	35.6089	35.7371	E5	71	51	0	0	21000	P1-1-206	0	-
184	35.6356	35.8376	C4	45	37	0	0	21000	P1-1-207	0	-
185	35.6421	35.7799	E4	45	61	0	0	21000	P1-1-208	0	-
186	35.8301	36.0021	B4	53	55	0	0	21187	P1-1-209	0	-
187	35.8985	35.9551	D5	57	60	0	0	21281	P1-1-210	0	-
188	35.9711	36.0502	B5	63	61	0	0	21375	P1-1-211	0	-
189	36.0139	36.1399	F#4	56	59	0	0	21375	P1-1-213	0	-
190	36.0342	36.1324	D4	41	46	0	0	21375	P1-1-212	0	-
191	36.0598	36.1356	G5	66	59	0	0	21468	P1-1-214	0	-
192	36.1474	36.2158	F#5	66	57	0	0	21562	P1-1-215	0	-
193	36.1795	36.3248	A3	51	55	0	0	21562	P1-1-216	0	-
194	36.2403	36.3226	G5	62	60	0	0	21656	P1-1-217	0	-
195	36.3215	36.4134	F#5	73	62	0	0	21750	P1-1-218	0	-
196	36.329	36.5064	F#4	52	57	0	0	21750	P1-1-220	0	-
197	36.3344	36.5277	D4	44	46	0	0	21750	P1-1-219	0	-
198	36.5224	36.6656	B4	60	39	0	0	21937	P1-1-221	0	-
199	36.6143	36.673	C5	56	57	0	0	22031	P1-1-222	0	-
200	36.6912	36.7799	B5	64	60	0	0	22125	P1-1-223	0	-
201	36.72	36.8515	E4	51	59	0	0	22125	P1-1-225	0	-
202	36.7254	36.8493	C4	45	53	0	0	22125	P1-1-224	0	-
203	36.7863	36.8525	F#5	66	58	0	0	22218	P1-1-226	0	-
204	36.875	36.9166	E5	63	62	0	0	22312	P1-1-227	0	-
205	36.8963	37.0619	G3	49	38	0	0	22312	P1-1-228	0	-
206	36.9551	37.032	F#5	65	62	0	0	22406	P1-1-229	0	-
207	37.0406	37.0886	E5	71	55	0	0	22500	P1-1-230	0	-
208	37.0545	37.1837	E4	46	60	0	0	22500	P1-1-232	0	-
209	37.0619	37.1762	C4	40	58	0	0	22500	P1-1-231	0	-
210	37.235	37.3867	B4	57	59	0	0	22687	P1-1-233	0	-
211	37.3931	37.4722	B5	64	61	0	0	22875	P1-1-235	0	-
212	37.438	37.5641	B3	42	57	0	0	22875	P1-1-236	0	-
213	37.4391	37.5812	D4	49	59	0	0	22875	P1-1-237	0	-
214	37.4839	37.5587	E5	69	63	0	0	22968	P1-1-238	0	-
215	37.578	37.6335	D5	66	54	0	0	23062	P1-1-239	0	-
216	37.5908	37.8023	F#3	54	56	0	0	23062	P1-1-240	0	-
217	37.6581	37.751	E5	63	61	0	0	23156	P1-1-241	0	-
218	37.7606	37.9113	D5	74	60	0	0	23250	P1-1-242	0	-
219	37.766	37.8889	D4	48	57	0	0	23250	P1-1-244	0	-
220	37.7703	37.9006	B3	43	61	0	0	23250	P1-1-243	0	-
221	37.9551	38.1399	F#4	57	56	0	0	23437	P1-1-245	0	-
222	38.1517	38.1923	G#3	44	63	0	0	23625	*	3	-
223	38.1741	38.2403	A4	59	53	0	0	23625	P1-1-246	0	-
224	38.1987	38.4252	C4	42	58	0	0	23625	P1-1-248	0	-
225	38.2574	38.423	A3	39	50	0	0	23625	P1-1-247	0	-
226	38.297	38.3824	D5	58	59	0	0	23718	P1-1-249	0	-
227	38.3995	38.4946	C5	61	59	0	0	23812	P1-1-250	0	-
228	38.4198	38.6324	E3	54	51	0	0	23812	P1-1-251	0	-
229	38.5171	38.6153	D5	60	56	0	0	23906	P1-1-252	0	-
230	38.6282	38.9594	C5	61	32	0	0	24000	P1-1-253	0	-
231	38.6517	38.8664	C4	40	58	0	0	24000	P1-1-255	0	-
232	38.6538	38.8461	A3	45	59	0	0	24000	P1-1-254	0	-
233	38.8782	38.9871	F#4	51	62	0	0	24187	P1-1-256	0	-
234	38.9882	39.3835	D4	55	36	0	0	24281	P1-1-257	0	-
235	39.0908	39.4359	B3	51	53	0	0	24375	P1-1-260	0	-
236	39.1388	39.4946	G3	38	56	0	0	24375	P1-1-259	0	-
237	39.2938	39.532	D5	54	35	0	0	24375	P1-1-258	0	-
238	39.4391	39.5544	C5	53	56	0	0	24468	P1-1-261	0	-
239	39.4765	39.5395	D3	32	62	0	0	24562	P1-1-263	0	-
240	39.5651	39.6741	B4	54	58	0	0	24562	P1-1-262	0	-
241	39.7051	40.1047	C5	56	51	0	0	24656	P1-1-264	0	-
242	39.7863	40.4348	G2	46	58	0	0	24750	P1-1-267	0	-
243	39.9145	40.4893	D3	34	42	0	0	24750	*	3	-
244	40.11	40.6314	B4	41	37	0	0	24750	P1-1-265	0	-
245	40.2874	40.6442	B3	62	61	0	0	24750	P1-1-266	0	-
246	40.9433	41.2211	G4	34	40	0	0	24900	P1-1-268	0	-
247	41.2542	41.4754	B4	31	40	0	0	25050	P1-1-269	0	-
248	41.4775	41.657	G4	30	35	0	0	25200	P1-1-271	0	-
249	41.657	42.2297	B3	33	27	0	0	25350	P1-1-272	0	-
250	41.9401	42.8205	E4	36	31	0	0	25500	P1-1-274	0	-
251	42.2008	42.4241	G4	30	38	0	0	25650	P1-1-276	0	-
252	42.3771	43.1292	A3	53	50	0	0	25875	P1-1-278	0	-
253	42.4102	42.6762	B4	34	37	0	0	25800	P1-1-277	0	-
254	42.5918	42.8301	G4	37	42	0	0	25950	P1-1-279	0	-
255	42.7852	43.6335	B3	37	34	0	0	26100	P1-1-280	0	-
256	42.9615	44.2991	G3	53	49	0	0	26250	P1-1-281	0	-
257	43.0406	43.7735	D4	39	28	0	0	26250	P1-1-282	0	-
258	43.2489	43.4508	G4	38	52	0	0	26400	P1-1-284	0	-
259	43.4658	43.7446	B4	41	29	0	0	26550	P1-1-285	0	-
260	43.6549	43.8974	G4	38	33	0	0	26700	P1-1-286	0	-
261	43.8269	44.6271	B3	41	27	0	0	26850	P1-1-287	0	-
262	44.0844	44.5373	F#3	46	58	0	0	27000	P1-1-288	0	-
263	44.1324	44.9914	E4	37	38	0	0	27000	P1-1-289	0	-
264	44.376	44.5918	G4	35	45	0	0	27150	P1-1-291	0	-
265	44.4497	44.7521	E3	53	54	0	0	27250	P1-1-292	0	-
266	44.5972	44.7692	B4	40	35	0	0	27300	P1-1-293	0	-
267	44.7521	44.8963	D3	54	56	0	0	27500	P1-1-295	0	-
268	44.8034	44.9337	G4	30	38	0	0	27450	P1-1-294	0	-
269	44.8953	44.9871	B3	38	44	0	0	27600	P1-1-296	0	-
270	45.2478	46.891	G2	41	38	0	0	27750	P1-1-297	0	-
271	45.2564	46.9861	D3	40	38	0	0	27750	P1-1-298	0	-
272	45.3226	46.7799	D4	39	19	0	0	27750	P1-1-299	0	-
273	45.7179	45.9775	G4	34	36	0	0	27900	P1-1-301	0	-
274	45.9914	46.2553	B4	37	32	0	0	28050	P1-1-302	0	-
275	46.1784	46.3963	G4	30	31	0	0	28200	P1-1-303	0	-
276	46.3611	46.7564	B3	35	34	0	0	28350	P1-1-304	0	-
277	46.6111	48.095	E4	36	19	0	0	28500	P1-1-305	0	-
278	46.8611	47.0886	G4	28	44	0	0	28650	P1-1-307	0	-
279	47.0865	47.375	B4	38	28	0	0	28800	P1-1-308	0	-
280	47.2606	47.5128	G4	30	39	0	0	28950	P1-1-309	0	-
281	47.4861	48.4177	B3	30	19	0	0	29100	P1-1-310	0	-
282	47.7435	48.5438	D4	25	31	0	0	29250	P1-1-311	0	-
283	47.9668	48.2382	G4	31	40	0	0	29400	P1-1-313	0	-
284	48.2019	48.5918	B4	29	29	0	0	29550	P1-1-314	0	-
285	48.3151	49.0961	F#5	52	38	0	0	29625	P1-1-315	0	-
286	48.516	48.7596	G4	29	39	0	0	29700	P1-1-316	0	-
287	48.6784	49.0769	B3	27	29	0	0	29850	P1-1-317	0	-
288	48.8557	49.6463	E5	49	38	0	0	30000	P1-1-318	0	-
289	48.9337	49.7361	E4	33	33	0	0	30000	P1-1-319	0	-
290	49.1581	49.375	G4	33	35	0	0	30150	P1-1-321	0	-
291	49.3461	49.563	B4	41	32	0	0	30300	P1-1-322	0	-
292	49.5181	50.0021	D5	60	58	0	0	30500	P1-1-324	0	-
293	49.5448	49.6463	G4	33	48	0	0	30450	P1-1-323	0	-
294	49.6891	50.1324	B3	33	25	0	0	30600	P1-1-325	0	-
295	49.8974	50.3237	G5	61	36	0	0	30750	P1-1-326	0	-
296	49.9412	50.6837	D4	26	28	0	0	30750	P1-1-327	0	-
297	50.204	50.3771	G4	31	37	0	0	30900	P1-1-329	0	-
298	50.4049	50.6452	B4	32	28	0	0	31050	P1-1-330	0	-
299	50.5747	50.8119	G4	33	31	0	0	31200	P1-1-331	0	-
300	50.6036	50.8162	G5	51	51	0	0	31250	P1-1-332	0	-
301	50.7489	51.1442	B3	36	31	0	0	31350	P1-1-333	0	-
302	51.0245	53.626	G5	50	34	0	0	31500	P1-1-334	0	-
303	51.0705	51.9145	E4	38	31	0	0	31500	P1-1-335	0	-
304	51.3376	51.5053	G4	21	37	0	0	31650	P1-1-337	0	-
305	51.5427	51.6891	B4	34	37	0	0	31800	P1-1-338	0	-
306	51.6987	51.8632	G4	27	34	0	0	31950	P1-1-339	0	-
307	51.8237	52.063	B3	37	35	0	0	32100	P1-1-340	0	-
308	52.0491	53.0534	D4	40	32	0	0	32250	P1-1-341	0	-
309	52.2553	52.4177	G4	28	38	0	0	32400	P1-1-343	0	-
310	52.4241	52.6153	B4	33	33	0	0	32550	P1-1-344	0	-
311	52.5908	52.7051	G4	39	42	0	0	32700	P1-1-345	0	-
312	52.7232	52.9647	B3	36	40	0	0	32850	P1-1-346	0	-
313	52.891	53.5833	E4	38	36	0	0	33000	P1-1-347	0	-
314	53.0918	53.2126	G4	31	54	0	0	33150	P1-1-349	0	-
315	53.2574	53.4081	B4	32	35	0	0	33300	P1-1-350	0	-
316	53.3985	54.0042	A5	60	46	0	0	33500	P1-1-352	0	-
317	53.3995	53.516	G4	38	43	0	0	33450	P1-1-351	0	-
318	53.5512	53.7991	B3	38	32	0	0	33600	P1-1-353	0	-
319	53.7542	54.485	B5	71	56	0	0	33750	P1-1-354	0	-
320	53.7585	54.9583	D4	33	22	0	0	33750	P1-1-355	0	-
321	53.9935	54.1346	G4	37	51	0	0	33900	P1-1-357	0	-
322	54.1549	54.3408	B4	39	35	0	0	34050	P1-1-358	0	-
323	54.2895	54.8557	C6	79	56	0	0	34250	P1-1-360	0	-
324	54.3333	54.4476	G4	38	48	0	0	34200	P1-1-359	0	-
325	54.4882	54.8429	B3	36	27	0	0	34350	P1-1-361	0	-
326	54.7051	56.3076	D6	78	47	0	0	34500	P1-1-362	0	-
327	54.7307	55.4861	E4	39	19	0	0	34500	P1-1-363	0	-
328	54.9935	55.2179	G4	34	36	0	0	34650	P1-1-365	0	-
329	55.1912	55.344	B4	40	44	0	0	34800	P1-1-366	0	-
330	55.3653	55.5822	G4	47	32	0	0	34950	P1-1-367	0	-
331	55.4935	55.7606	B3	40	39	0	0	35100	P1-1-368	0	-
332	55.6784	56.2638	D4	39	34	0	0	35250	P1-1-369	0	-
333	55.8504	56.0502	G4	39	35	0	0	35400	P1-1-371	0	-
334	56.0299	56.1677	B4	43	49	0	0	35550	P1-1-372	0	-
335	56.189	56.9027	E6	75	57	0	0	35750	P1-1-374	0	-
336	56.1933	56.3771	G4	48	35	0	0	35700	P1-1-373	0	-
337	56.3835	56.829	B3	39	19	0	0	35850	P1-1-375	0	-
338	56.6591	57.3995	E4	38	42	0	0	36000	P1-1-377	0	-
339	56.7734	57.5299	F#6	78	38	0	0	36000	P1-1-376	0	-
340	57.0021	57.1356	G4	41	54	0	0	36150	P1-1-379	0	-
341	57.1976	57.2542	B4	38	60	0	0	36300	P1-1-381	0	-
342	57.3365	57.3771	G4	47	63	0	0	36450	P1-1-382	0	-
343	57.3461	57.7873	E6	67	56	0	0	36250	P1-1-380	0	-
344	57.5662	57.6228	B3	48	60	0	0	36600	P1-1-384	0	-
345	57.7115	58.0769	D6	64	55	0	0	36500	P1-1-383	0	-
346	57.876	57.9839	E2	36	55	0	0	36750	P1-1-385	0	-
347	58.0031	58.0566	B2	40	59	0	0	37000	P1-1-386	0	-
348	58.1132	58.1687	G3	47	62	0	0	37250	P1-1-387	0	-
349	58.2574	59.9861	D6	61	37	0	0	37500	P1-1-388	0	-
350	58.4529	59.3824	D4	42	25	0	0	37500	P1-1-389	0	-
351	58.8365	59.0865	G4	32	42	0	0	37650	P1-1-391	0	-
352	59.1057	59.3269	B4	27	37	0	0	37800	P1-1-392	0	-
353	59.3002	59.4861	G4	21	33	0	0	37950	P1-1-393	0	-
354	59.4957	59.9134	B3	31	24	0	0	38100	P1-1-394	0	-
355	59.7361	61.7254	B5	50	27	0	0	38250	P1-1-395	0	-
356	59.8237	60.5811	E4	32	29	0	0	38250	P1-1-396	0	-
357	60.0908	60.2884	G4	27	35	0	0	38400	P1-1-398	0	-
358	60.2969	60.4647	B4	31	35	0	0	38550	P1-1-399	0	-
359	60.4636	60.6111	G4	33	33	0	0	38700	P1-1-400	0	-
360	60.6207	60.8258	B3	34	32	0	0	38850	P1-1-401	0	-
361	60.8162	61.4348	D4	35	27	0	0	39000	P1-1-402	0	-
362	61.0224	61.157	G4	30	49	0	0	39150	P1-1-404	0	-
363	61.2083	61.3739	B4	34	38	0	0	39300	P1-1-405	0	-
364	61.3546	61.5534	G4	37	35	0	0	39450	P1-1-406	0	-
365	61.5502	61.8835	B3	26	28	0	0	39600	P1-1-407	0	-
366	61.7521	62.7168	G5	50	33	0	0	39750	P1-1-408	0	-
367	61.8664	62.7766	E4	29	26	0	0	39750	P1-1-409	0	-
368	62.1175	62.3333	G4	27	39	0	0	39900	P1-1-411	0	-
369	62.3482	62.5384	B4	31	34	0	0	40050	P1-1-412	0	-
370	62.5128	62.6901	G4	29	33	0	0	40200	P1-1-413	0	-
371	62.5972	63.1591	A5	54	52	0	0	40250	P1-1-414	0	-
372	62.7104	63.7008	B3	27	19	0	0	40350	P1-1-415	0	-
373	63.032	64.0843	B5	52	40	0	0	40500	P1-1-416	0	-
374	63.0683	63.8984	D4	31	28	0	0	40500	P1-1-417	0	-
375	63.4027	63.6078	G4	24	41	0	0	40650	P1-1-419	0	-
376	63.626	63.8183	B4	32	31	0	0	40800	P1-1-420	0	-
377	63.7895	63.9935	G4	31	34	0	0	40959	P1-1-421	0	-
378	63.9593	64.5758	B3	29	31	0	0	41100	P1-1-424	0	-
379	64.0993	64.2243	A5	42	51	0	0	40959	P1-1-422	0	-
380	64.2307	64.2831	B5	49	63	0	0	41062	P1-1-423	0	-
381	64.3194	64.4284	C6	59	56	0	0	41156	P1-1-425	0	-
382	64.438	66.8963	B5	54	27	0	0	41250	P1-1-426	0	-
383	64.4508	65.3407	E4	32	32	0	0	41250	P1-1-427	0	-
384	64.7521	64.9743	G4	28	43	0	0	41400	P1-1-429	0	-
385	64.9743	65.1837	B4	31	33	0	0	41550	P1-1-430	0	-
386	65.1613	65.3557	G4	26	29	0	0	41700	P1-1-431	0	-
387	65.3044	65.5298	B3	27	38	0	0	41850	P1-1-432	0	-
388	65.5651	66.6645	D4	26	19	0	0	42000	P1-1-433	0	-
389	65.8418	66.0427	G4	22	34	0	0	42150	P1-1-435	0	-
390	66.0117	66.2093	B4	19	34	0	0	42300	P1-1-436	0	-
391	66.2157	66.2937	G4	35	44	0	0	42450	P1-1-437	0	-
392	66.3418	66.5961	B3	30	36	0	0	42600	P1-1-438	0	-
393	66.5309	67.2927	E4	35	37	0	0	42750	P1-1-439	0	-
394	66.7446	66.8845	G4	30	47	0	0	42900	P1-1-441	0	-
395	66.8397	67.2542	D5	46	37	0	0	43040	P1-1-442	0	-
396	66.9348	67.1442	B4	39	32	0	0	43040	P1-1-443	0	-
397	67.094	67.2745	G4	31	36	0	0	43209	P1-1-445	0	-
398	67.2019	67.3044	B5	51	57	0	0	43125	P1-1-444	0	-
399	67.2307	67.3504	B3	40	46	0	0	43350	P1-1-448	0	-
400	67.3301	67.3835	G5	51	59	0	0	43209	P1-1-446	0	-
401	67.4241	67.4764	F#5	54	62	0	0	43312	P1-1-447	0	-
402	67.5331	67.5843	G5	51	63	0	0	43406	P1-1-449	0	-
403	67.5972	67.7959	D4	35	49	0	0	43500	P1-1-451	0	-
404	67.5993	67.8439	F#4	41	44	0	0	43500	P1-1-452	0	-
405	67.6153	67.9038	F#5	60	37	0	0	43500	P1-1-450	0	-
406	67.8397	67.9967	B4	45	29	0	0	43687	P1-1-453	0	-
407	67.9572	68.0448	C5	50	50	0	0	43781	P1-1-454	0	-
408	68.0801	68.1602	B5	48	56	0	0	43875	P1-1-455	0	-
409	68.1121	68.2371	E4	34	47	0	0	43875	P1-1-457	0	-
410	68.1271	68.2617	C4	41	51	0	0	43875	P1-1-456	0	-
411	68.1794	68.2446	F#5	57	55	0	0	43968	P1-1-458	0	-
412	68.2831	68.4497	G3	38	42	0	0	44062	P1-1-460	0	-
413	68.2852	68.3333	E5	54	62	0	0	44062	P1-1-459	0	-
414	68.3878	68.4422	F#5	58	62	0	0	44156	P1-1-461	0	-
415	68.4711	68.5865	E5	61	57	0	0	44250	P1-1-462	0	-
416	68.4796	68.6004	C4	44	53	0	0	44250	P1-1-463	0	-
417	68.4892	68.6025	E4	39	62	0	0	44250	P1-1-464	0	-
418	68.6816	68.7211	B4	53	52	0	0	44437	P1-1-465	0	-
419	68.7884	68.8525	B4	46	58	0	0	44531	P1-1-466	0	-
420	68.8675	69.0063	B3	45	54	0	0	44625	P1-1-468	0	-
421	68.8728	68.9689	B5	60	58	0	0	44625	P1-1-467	0	-
422	68.8771	69.0117	D4	46	57	0	0	44625	P1-1-469	0	-
423	68.9711	69.0405	E5	60	59	0	0	44718	P1-1-470	0	-
424	69.032	69.2072	F#3	47	54	0	0	44812	P1-1-472	0	-
425	69.0726	69.1207	D5	55	63	0	0	44812	P1-1-471	0	-
426	69.1548	69.2072	E5	53	63	0	0	44906	P1-1-473	0	-
427	69.2243	69.3311	D4	38	62	0	0	45000	P1-1-476	0	-
428	69.2286	69.3888	D5	66	47	0	0	45000	P1-1-474	0	-
429	69.2296	69.3642	B3	37	50	0	0	45000	P1-1-475	0	-
430	69.4476	69.5801	B4	47	52	0	0	45187	P1-1-477	0	-
431	69.5352	69.5961	C5	50	58	0	0	45281	P1-1-478	0	-
432	69.6196	69.6986	B5	60	58	0	0	45375	P1-1-479	0	-
433	69.6463	69.7905	C4	47	53	0	0	45375	P1-1-480	0	-
434	69.6687	69.7766	E4	41	50	0	0	45375	P1-1-481	0	-
435	69.7136	69.783	F#5	63	58	0	0	45468	P1-1-482	0	-
436	69.8162	69.8589	E5	56	62	0	0	45562	P1-1-483	0	-
437	69.8322	70.0095	G3	40	37	0	0	45562	P1-1-484	0	-
438	69.8867	69.9551	F#5	62	60	0	0	45656	P1-1-485	0	-
439	69.9764	70.1196	E5	70	53	0	0	45750	P1-1-486	0	-
440	69.9967	70.1431	E4	42	59	0	0	45750	P1-1-488	0	-
441	70.0085	70.1655	C4	38	47	0	0	45750	P1-1-487	0	-
442	70.2072	70.3621	B4	51	50	0	0	45937	P1-1-489	0	-
443	70.282	70.3397	D5	51	60	0	0	46031	P1-1-490	0	-
444	70.361	70.4283	B5	58	57	0	0	46125	P1-1-491	0	-
445	70.4006	70.5202	F#4	53	57	0	0	46125	P1-1-493	0	-
446	70.4198	70.5395	D4	38	56	0	0	46125	P1-1-492	0	-
447	70.4401	70.5138	G5	64	59	0	0	46218	P1-1-494	0	-
448	70.5266	70.5801	F#5	65	56	0	0	46312	P1-1-495	0	-
449	70.5672	70.7392	A3	51	38	0	0	46312	P1-1-496	0	-
450	70.6185	70.6922	G5	63	61	0	0	46406	P1-1-497	0	-
451	70.6965	70.8183	F#5	76	56	0	0	46500	P1-1-498	0	-
452	70.7008	70.8781	F#4	52	59	0	0	46500	P1-1-500	0	-
453	70.7318	70.9454	D4	39	34	0	0	46500	P1-1-499	0	-
454	70.9006	71.0021	B4	58	50	0	0	46687	P1-1-501	0	-
455	70.9978	71.0598	C5	58	55	0	0	46781	P1-1-502	0	-
456	71.0704	71.1506	B5	65	61	0	0	46875	P1-1-503	0	-
457	71.079	71.2189	E4	49	58	0	0	46875	P1-1-505	0	-
458	71.1057	71.2125	C4	43	39	0	0	46875	P1-1-504	0	-
459	71.157	71.2307	F#5	68	62	0	0	46968	P1-1-506	0	-
460	71.2435	71.2905	E5	61	60	0	0	47062	P1-1-507	0	-
461	71.2574	71.4166	G3	54	38	0	0	47062	P1-1-508	0	-
462	71.3183	71.3942	F#5	61	64	0	0	47156	P1-1-509	0	-
463	71.4016	71.486	E5	71	60	0	0	47250	P1-1-510	0	-
464	71.4145	71.5352	E4	42	60	0	0	47250	P1-1-512	0	-
465	71.4241	71.5384	C4	45	57	0	0	47250	P1-1-511	0	-
466	71.6046	71.7371	B4	53	63	0	0	47531	P1-1-514	0	-
467	71.7649	71.845	B5	64	61	0	0	47625	P1-1-515	0	-
468	71.8066	71.9326	D4	44	56	0	0	47625	P1-1-517	0	-
469	71.8151	71.9251	B3	46	60	0	0	47625	P1-1-516	0	-
470	71.8439	71.9187	E5	70	62	0	0	47718	P1-1-518	0	-
471	71.9401	71.9871	D5	67	57	0	0	47812	P1-1-519	0	-
472	71.9657	72.1239	F#3	48	57	0	0	47812	P1-1-520	0	-
473	72.0245	72.1025	E5	62	62	0	0	47906	P1-1-521	0	-
474	72.1057	72.2521	D5	79	59	0	0	48000	P1-1-522	0	-
475	72.1207	72.2382	D4	47	60	0	0	48000	P1-1-524	0	-
476	72.1367	72.2713	B3	45	51	0	0	48000	P1-1-523	0	-
477	72.3354	72.4038	B4	48	40	0	0	48187	P1-1-525	0	-
478	72.5053	72.61	D4	49	58	0	0	48375	P1-1-528	0	-
479	72.5181	72.5694	A4	54	59	0	0	48375	P1-1-526	0	-
480	72.5352	72.5993	B3	32	49	0	0	48375	P1-1-527	0	-
481	72.6121	72.6901	E5	63	59	0	0	48468	P1-1-529	0	-
482	72.641	72.8685	F#3	53	53	0	0	48562	P1-1-531	0	-
483	72.7147	72.7937	D5	65	60	0	0	48562	P1-1-530	0	-
484	72.8279	72.8899	E5	60	59	0	0	48656	P1-1-532	0	-
485	72.9134	73.3055	D5	61	54	0	0	48750	P1-1-533	0	-
486	72.9241	73.1591	A3	42	43	0	0	48750	P1-1-534	0	-
487	72.9283	73.157	C4	48	52	0	0	48750	P1-1-535	0	-
488	73.1431	73.2382	G4	53	55	0	0	48937	P1-1-536	0	-
489	73.3226	73.4145	C4	39	55	0	0	49125	P1-1-539	0	-
490	73.3461	73.439	E4	53	52	0	0	49125	P1-1-537	0	-
491	73.3504	73.439	A3	42	52	0	0	49125	P1-1-538	0	-
492	73.4561	73.5395	D5	66	60	0	0	49218	P1-1-540	0	-
493	73.4764	73.533	E3	56	62	0	0	49312	P1-1-542	0	-
494	73.5651	73.6677	C5	60	56	0	0	49312	P1-1-541	0	-
495	73.6826	74.0651	D5	66	48	0	0	49406	P1-1-543	0	-
496	73.767	74.2435	D2	53	25	0	0	49500	P1-1-545	0	-
497	73.9027	74.3279	A2	48	61	0	0	49598	P1-1-546	0	-
498	74.0373	74.6324	C5	61	27	0	0	49500	P1-1-544	0	-
499	74.1602	74.6452	F#3	56	34	0	0	49698	P1-1-547	0	-
500	74.5672	74.7927	D4	49	37	0	0	49781	P1-1-548	0	-
501	74.7093	74.8493	A2	49	52	0	0	49875	P1-1-550	0	-
502	74.7489	74.9241	D5	53	37	0	0	49875	P1-1-549	0	-
503	74.876	74.9721	C5	60	58	0	0	49984	P1-1-551	0	-
504	74.8952	75.0138	F#3	53	61	0	0	49984	P1-1-552	0	-
505	74.9775	75.0779	B4	57	59	0	0	50062	P1-1-553	0	-
506	75.0747	75.1217	C4	55	65	0	0	50140	P1-1-554	0	-
507	75.095	75.3301	C5	59	54	0	0	50140	P1-1-555	0	-
508	75.3536	75.5095	B4	49	56	0	0	50250	P1-1-556	0	-
509	75.4551	75.6271	F#4	64	57	0	0	50250	P1-1-557	0	-
510	75.8771	75.9754	C4	45	56	0	0	50531	P1-1-558	0	-
511	76.0074	76.111	D5	53	60	0	0	50625	P1-1-559	0	-
512	76.1271	76.1826	B4	54	60	0	0	50718	P1-1-560	0	-
513	76.2221	76.2702	A4	56	60	0	0	50812	P1-1-561	0	-
514	76.3311	76.3824	B4	51	62	0	0	50906	P1-1-562	0	-
515	76.408	76.5021	A4	64	57	0	0	51000	P1-1-563	0	-
516	76.6837	76.7542	D4	52	54	0	0	51281	P1-1-564	0	-
517	76.7798	76.8813	D5	64	53	0	0	51375	P1-1-565	0	-
518	76.8845	76.9721	C5	61	58	0	0	51484	P1-1-566	0	-
519	76.9465	77.0886	E4	60	56	0	0	51484	P1-1-567	0	-
520	76.9935	77.0619	B4	54	51	0	0	51562	P1-1-568	0	-
521	77.1121	77.329	C5	53	38	0	0	51656	P1-1-569	0	-
522	77.3194	77.7895	B4	54	27	0	0	51750	P1-1-570	0	-
523	77.3674	77.6612	D4	56	62	0	0	51750	P1-1-573	0	-
524	77.4091	77.6976	E3	37	57	0	0	51750	P1-1-571	0	-
525	77.4294	77.6901	G3	24	58	0	0	51750	P1-1-572	0	-
526	77.8397	77.9177	E4	49	49	0	0	52125	P1-1-574	0	-
527	77.9572	78.0608	D5	55	56	0	0	52239	P1-1-575	0	-
528	78.0053	78.1986	E3	49	56	0	0	52239	P1-1-577	0	-
529	78.079	78.9903	A2	46	58	0	0	52239	P1-1-576	0	-
530	78.0918	78.2371	C5	53	55	0	0	52312	P1-1-578	0	-
531	78.2189	78.9027	D2	51	37	0	0	-1	*	3	-
532	78.2392	78.5437	D5	55	52	0	0	52406	P1-1-579	0	-
533	78.5437	79.1249	C5	52	32	0	0	52500	P1-1-580	0	-
534	78.6506	79.0833	F#3	48	60	0	0	52500	P1-1-582	0	-
535	79.0854	79.2083	D4	43	50	0	0	52781	P1-1-583	0	-
536	79.2157	79.361	D5	57	39	0	0	52875	P1-1-584	0	-
537	79.3354	79.4145	C5	52	49	0	0	52984	P1-1-585	0	-
538	79.407	80.1954	F#3	53	51	0	0	52984	P1-1-586	0	-
539	79.4604	79.5341	B4	46	53	0	0	53062	P1-1-587	0	-
540	79.5897	79.7895	C5	54	56	0	0	53156	P1-1-588	0	-
541	79.8215	80.1602	B4	49	35	0	0	53250	P1-1-589	0	-
542	79.8877	80.2264	E4	55	60	0	0	53250	P1-1-591	0	-
543	79.9444	80.2991	C4	39	34	0	0	53531	P1-1-592	0	-
544	80.5042	80.5597	D5	54	57	0	0	53625	P1-1-593	0	-
545	80.6046	80.6634	B4	49	60	0	0	53718	P1-1-594	0	-
546	80.705	80.7585	A4	52	60	0	0	53812	P1-1-595	0	-
547	80.8333	80.8781	B4	33	47	0	0	53906	P1-1-596	0	-
548	80.8824	80.9593	A4	58	59	0	0	54000	P1-1-597	0	-
549	81.189	81.2296	B3	44	53	0	0	54281	P1-1-598	0	-
550	81.2873	81.3792	D5	60	58	0	0	54375	P1-1-599	0	-
551	81.3984	81.4454	A4	57	58	0	0	54484	P1-1-600	0	-
552	81.4187	81.5384	D4	50	53	0	0	54484	P1-1-601	0	-
553	81.486	81.5587	G4	57	49	0	0	54562	P1-1-602	0	-
554	81.5971	81.7499	A4	59	55	0	0	54656	P1-1-603	0	-
555	81.7499	82.0597	B3	48	60	0	0	54750	P1-1-606	0	-
556	81.7531	82.0961	G4	46	36	0	0	54750	P1-1-604	0	-
557	81.7927	82.1046	E3	38	59	0	0	54750	P1-1-605	0	-
558	82.1997	82.2852	C#4	45	55	0	0	55031	P1-1-607	0	-
559	82.3151	82.4059	A4	53	60	0	0	55125	P1-1-608	0	-
560	82.4283	82.5341	G4	55	60	0	0	55242	P1-1-609	0	-
561	82.4775	82.5726	A3	34	58	0	0	55242	P1-1-612	0	-
562	82.4828	82.5886	G3	34	54	0	0	55242	P1-1-611	0	-
563	82.4978	82.8771	A2	30	34	0	0	55242	P1-1-610	0	-
564	82.564	82.6741	F#4	52	56	0	0	55312	P1-1-613	0	-
565	82.7157	82.8557	G4	46	49	0	0	55406	P1-1-614	0	-
566	82.8589	83.2093	F#4	52	43	0	0	55500	P1-1-615	0	-
567	82.8888	83.1121	D2	43	60	0	0	55500	P1-1-616	0	-
568	83.2606	83.3354	B3	45	53	0	0	55781	P1-1-617	0	-
569	83.3771	83.4433	A4	44	55	0	0	55875	P1-1-618	0	-
570	83.4828	83.5427	F#4	50	57	0	0	55984	P1-1-619	0	-
571	83.5576	85.9647	A2	44	35	0	0	55984	P1-1-620	0	-
572	83.6121	83.673	E4	42	61	0	0	56062	P1-1-621	0	-
573	83.7061	83.9091	F#4	51	36	0	0	56156	P1-1-622	0	-
574	83.8642	84.1976	E4	38	29	0	0	56250	P1-1-623	0	-
575	83.9497	85.142	G3	58	53	0	0	56250	P1-1-624	0	-
576	84.3247	84.4198	A3	42	54	0	0	56531	P1-1-625	0	-
577	84.4412	84.4882	A4	44	61	0	0	56625	P1-1-626	0	-
578	84.5181	84.5779	E4	53	59	0	0	56718	P1-1-627	0	-
579	84.6271	84.6805	D4	49	62	0	0	56812	P1-1-628	0	-
580	84.7318	84.7894	E4	51	54	0	0	56906	P1-1-629	0	-
581	84.8055	85.032	D4	56	52	0	0	57000	P1-1-630	0	-
582	85.0779	85.1441	B3	53	53	0	0	57281	P1-1-631	0	-
583	85.1869	85.235	A4	53	61	0	0	57375	P1-1-632	0	-
584	85.2585	85.3461	F#4	59	62	0	0	57484	P1-1-633	0	-
585	85.3332	85.5298	F#3	60	49	0	0	57484	P1-1-634	0	-
586	85.3664	85.4625	E4	57	59	0	0	57562	P1-1-635	0	-
587	85.4946	85.5843	F#4	55	42	0	0	57656	P1-1-636	0	-
588	85.6377	85.9144	G3	61	57	0	0	57750	P1-1-638	0	-
589	85.6388	85.9209	E4	51	37	0	0	57750	P1-1-637	0	-
590	86.0063	86.0704	C#4	54	56	0	0	58031	P1-1-639	0	-
591	86.1121	86.1762	A4	51	57	0	0	58125	P1-1-640	0	-
592	86.1698	86.2862	A2	49	54	0	0	58234	P1-1-642	0	-
593	86.1922	86.2798	G4	54	60	0	0	58234	P1-1-641	0	-
594	86.2959	86.3749	F#4	60	59	0	0	58312	P1-1-643	0	-
595	86.3952	86.4871	G4	52	58	0	0	58406	P1-1-644	0	-
596	86.4785	86.5875	D2	46	61	0	0	58500	P1-1-646	0	-
597	86.4967	86.6174	F#4	61	54	0	0	58500	P1-1-645	0	-
598	86.7884	86.8578	B3	56	52	0	0	58781	P1-1-647	0	-
599	86.8952	86.9454	A4	53	61	0	0	58875	P1-1-648	0	-
600	86.9636	87.033	F#4	56	59	0	0	58984	P1-1-649	0	-
601	86.9903	89.1335	A2	55	21	0	0	58984	P1-1-650	0	-
602	87.0576	87.1142	E4	55	59	0	0	59062	P1-1-651	0	-
603	87.1655	87.2382	F#4	55	48	0	0	59156	P1-1-652	0	-
604	87.2809	87.5234	E4	55	48	0	0	59250	P1-1-653	0	-
605	87.3429	88.3941	G3	63	48	0	0	59250	P1-1-654	0	-
606	87.658	87.7403	A3	51	50	0	0	59531	P1-1-655	0	-
607	87.7542	87.8076	A4	56	58	0	0	59625	P1-1-656	0	-
608	87.8439	87.8963	E4	55	60	0	0	59718	P1-1-657	0	-
609	87.939	87.9903	D4	51	62	0	0	59812	P1-1-658	0	-
610	88.0341	88.095	E4	55	59	0	0	59906	P1-1-659	0	-
611	88.1303	88.3375	D4	54	38	0	0	60000	P1-1-660	0	-
612	88.3856	88.454	B3	47	52	0	0	60281	P1-1-661	0	-
613	88.4903	88.5394	A4	55	62	0	0	60375	P1-1-662	0	-
614	88.5683	88.6335	F#4	55	58	0	0	60484	P1-1-663	0	-
615	88.6388	88.7553	F#3	47	44	0	0	60484	P1-1-664	0	-
616	88.6783	88.7702	E4	42	51	0	0	60562	P1-1-665	0	-
617	88.7841	88.8813	F#4	56	55	0	0	60656	P1-1-666	0	-
618	88.9187	89.1922	E4	46	36	0	0	60750	P1-1-667	0	-
619	88.9401	89.189	G3	43	51	0	0	60750	P1-1-668	0	-
620	89.2873	89.3525	C#4	51	58	0	0	61031	P1-1-669	0	-
621	89.3931	89.454	A4	52	56	0	0	61125	P1-1-670	0	-
622	89.4839	89.5651	G4	50	59	0	0	61234	P1-1-671	0	-
623	89.4871	89.6035	A2	44	51	0	0	61234	P1-1-672	0	-
624	89.5907	89.6516	F#4	55	55	0	0	61312	P1-1-673	0	-
625	89.7061	89.7841	G4	49	51	0	0	61406	P1-1-674	0	-
626	89.8065	89.9241	D2	38	61	0	0	61500	P1-1-676	0	-
627	89.8119	90.0555	F#4	54	29	0	0	61500	P1-1-675	0	-
628	90.0993	90.1676	D4	45	58	0	0	61781	P1-1-677	0	-
629	90.1815	90.236	B4	51	60	0	0	61875	P1-1-678	0	-
630	90.2766	90.3567	G4	50	59	0	0	61984	P1-1-679	0	-
631	90.2991	90.8386	A2	41	19	0	0	61984	P1-1-680	0	-
632	90.3792	90.4315	F#4	53	60	0	0	62062	P1-1-681	0	-
633	90.4914	90.5982	G4	39	54	0	0	62156	P1-1-682	0	-
634	90.6164	90.9689	F#4	48	44	0	0	62250	P1-1-683	0	-
635	90.657	90.8503	B3	55	61	0	0	62250	P1-1-685	0	-
636	90.6676	90.8984	G3	41	62	0	0	62250	P1-1-684	0	-
637	90.9775	91.0384	C#4	50	59	0	0	62531	P1-1-686	0	-
638	91.0864	91.1431	A4	53	56	0	0	62625	P1-1-687	0	-
639	91.1644	91.251	G4	57	61	0	0	62734	P1-1-688	0	-
640	91.2008	91.329	A2	48	39	0	0	62734	P1-1-689	0	-
641	91.2702	91.3332	F#4	57	58	0	0	62812	P1-1-690	0	-
642	91.376	91.4454	G4	46	57	0	0	62906	P1-1-691	0	-
643	91.4518	91.5629	D2	37	60	0	0	63000	P1-1-693	0	-
644	91.4721	91.6901	F#4	55	34	0	0	63000	P1-1-692	0	-
645	91.7392	91.8055	D4	49	56	0	0	63281	P1-1-694	0	-
646	91.8279	91.8835	B4	55	60	0	0	63375	P1-1-695	0	-
647	91.9198	91.9914	G4	52	59	0	0	63484	P1-1-696	0	-
648	91.9476	92.5822	A2	49	19	0	0	63484	P1-1-697	0	-
649	92.017	92.0704	F#4	50	60	0	0	63562	P1-1-698	0	-
650	92.1409	92.2285	G4	40	41	0	0	63656	P1-1-699	0	-
651	92.2734	92.673	F#4	42	38	0	0	63750	P1-1-700	0	-
652	92.3097	92.4572	B3	46	57	0	0	63750	P1-1-702	0	-
653	92.3226	92.5266	G3	35	61	0	0	63750	P1-1-701	0	-
654	92.6591	92.782	C#4	45	51	0	0	65500	P1-1-711	1	-
655	92.814	92.8952	A4	44	56	0	0	-1	*	3	-
656	92.9091	93.001	G4	47	59	0	0	-1	*	3	-
657	92.9732	93.0832	A2	42	53	0	0	-1	*	3	-
658	93.0341	93.0971	F#4	48	59	0	0	-1	*	3	-
659	93.173	93.3161	G4	44	50	0	0	-1	*	3	-
660	93.3236	93.5437	F#4	47	45	0	0	-1	*	3	-
661	93.3471	93.5822	D2	36	58	0	0	-1	*	3	-
662	93.5373	93.6313	D4	38	54	0	0	-1	*	3	-
663	93.6516	93.72	B4	47	55	0	0	-1	*	3	-
664	93.7595	93.8503	G4	47	59	0	0	-1	*	3	-
665	93.8792	93.9411	F#4	48	61	0	0	-1	*	3	-
666	94.0052	94.0565	G4	41	51	0	0	-1	*	3	-
667	94.0448	95.7264	A2	36	34	0	0	-1	*	3	-
668	94.0982	94.2104	F#4	52	54	0	0	-1	*	3	-
669	94.2424	94.4144	C#4	44	37	0	0	66350	P1-1-721	0	-
670	94.4123	94.5448	A4	47	56	0	0	-1	*	3	-
671	94.4411	96.2168	A3	42	38	0	0	-1	*	3	-
672	94.5597	94.6431	G4	42	58	0	0	-1	*	3	-
673	94.6655	94.7307	F#4	47	58	0	0	-1	*	3	-
674	94.7884	94.8621	G4	49	57	0	0	-1	*	3	-
675	94.8813	94.9497	F#4	56	50	0	0	-1	*	3	-
676	94.9871	95.0533	C#4	57	51	0	0	-1	*	3	-
677	95.1046	95.2072	B4	56	49	0	0	-1	*	3	-
678	95.1901	95.3065	G4	55	58	0	0	-1	*	3	-
679	95.3087	95.3696	F#4	52	59	0	0	-1	*	3	-
680	95.3792	95.4582	D4	54	50	0	0	-1	*	3	-
681	95.4604	95.5512	C#5	67	60	0	0	-1	*	3	-
682	95.5704	95.6762	G4	52	46	0	0	-1	*	3	-
683	95.6399	95.7894	F#4	54	39	0	0	-1	*	3	-
684	95.7275	95.8268	E4	59	58	0	0	-1	*	3	-
685	95.8097	95.907	D5	68	57	0	0	-1	*	3	-
686	95.9005	95.9903	G4	60	60	0	0	-1	*	3	-
687	95.9721	96.0779	F#4	61	60	0	0	-1	*	3	-
688	96.0661	96.157	F4	61	61	0	0	66350	P1-1-742	0	-
689	96.1313	96.2275	D5	71	61	0	0	-1	*	3	-
690	96.2168	96.3065	A4	66	58	0	0	-1	*	3	-
691	96.2766	96.3642	F#4	67	64	0	0	66350	P1-1-712	0	-
692	96.3632	96.4465	G4	71	57	0	0	66350	P1-1-716	0	-
693	96.4347	96.5437	D5	74	63	0	0	-1	*	3	-
694	96.5298	96.6089	B4	69	59	0	0	-1	*	3	-
695	96.5939	96.6815	G#4	75	64	0	0	66350	P1-1-750	0	-
696	96.6783	96.7542	A4	75	56	0	0	66350	P1-1-722	0	-
697	96.7542	96.9059	D5	73	61	0	0	66350	P1-1-713	0	-
698	96.8653	96.9561	C5	73	60	0	0	66350	P1-1-754	0	-
699	96.9411	97.0843	Bb4	79	64	0	0	66350	P1-1-755	0	-
700	97.0533	97.1837	B4	79	58	0	0	66350	P1-1-715	0	-
701	97.1634	97.3268	D5	79	62	0	0	-1	*	3	-
702	97.2841	97.3931	C#5	78	62	0	0	66350	P1-1-734	0	-
703	97.3995	97.5234	C5	80	56	0	0	-1	*	3	-
704	97.5063	97.642	C#5	86	63	0	0	-1	*	3	-
705	97.6174	97.767	E5	81	62	0	0	66350	P1-1-719	0	-
706	97.7371	97.9283	Eb5	84	63	0	0	66350	P1-1-763	0	-
707	97.9134	98.1559	D5	81	62	0	0	-1	*	3	-
708	98.127	98.2734	E5	75	64	0	0	67029	P1-1-767	0	-
709	98.2745	98.3557	D5	80	64	0	0	67125	P1-1-768	0	-
710	98.3984	98.4593	E5	77	57	0	0	67217	P1-1-769	0	-
711	98.4839	98.5245	D5	76	60	0	0	67217	*	3	-
712	98.579	98.6067	E5	68	69	0	0	67217	*	3	-
713	98.6399	98.6773	D5	77	67	0	0	67312	P1-1-770	0	-
714	98.7082	98.7414	E5	80	62	0	0	67404	P1-1-771	0	-
715	98.7841	98.8129	D5	72	71	0	0	67500	P1-1-772	0	-
716	98.8482	98.8749	E5	82	70	0	0	67592	P1-1-773	0	-
717	98.9176	98.9465	D5	77	71	0	0	67686	P1-1-774	0	-
718	98.9817	99.0117	E5	82	69	0	0	67778	P1-1-775	0	-
719	99.0544	99.0843	D5	76	71	0	0	67875	P1-1-776	0	-
720	99.1164	99.1409	E5	80	66	0	0	67967	P1-1-777	0	-
721	99.1879	99.2168	D5	75	70	0	0	68061	P1-1-778	0	-
722	99.2381	99.299	E5	79	48	0	0	68153	P1-1-779	0	-
723	99.3097	99.3407	D5	79	68	0	0	68250	P1-1-780	0	-
724	99.376	99.4251	E5	74	49	0	0	68342	P1-1-781	0	-
725	99.4401	99.4646	D5	79	65	0	0	68436	P1-1-782	0	-
726	99.502	99.5501	E5	75	52	0	0	68528	P1-1-783	0	-
727	99.564	99.5961	D5	83	64	0	0	68625	P1-1-784	0	-
728	99.6431	99.6783	E5	70	60	0	0	68717	P1-1-785	0	-
729	99.6911	99.7211	D5	82	63	0	0	-1	*	3	-
730	99.767	99.8268	E5	71	62	0	0	-1	*	3	-
731	99.8258	99.8535	D5	82	68	0	0	-1	*	3	-
732	99.8899	99.9486	E5	67	64	0	0	-1	*	3	-
733	99.9369	99.9796	D5	87	60	0	0	-1	*	3	-
734	100.037	100.177	D5	89	61	0	0	68811	P1-1-786	0	-
735	100.25	100.326	Eb5	82	61	0	0	68903	P1-1-787	1	-
736	100.352	100.41	D5	80	60	0	0	69000	P1-1-788	0	-
737	100.451	100.476	Eb5	79	69	0	0	-1	*	3	-
738	100.534	100.564	D5	72	70	0	0	-1	*	3	-
739	100.598	100.632	Eb5	80	58	0	0	-1	*	3	-
740	100.677	100.706	D5	79	70	0	0	-1	*	3	-
741	100.75	100.786	Eb5	76	58	0	0	-1	*	3	-
742	100.818	100.846	D5	77	69	0	0	-1	*	3	-
743	100.892	100.936	Eb5	76	58	0	0	-1	*	3	-
744	100.963	100.992	D5	77	69	0	0	-1	*	3	-
745	101.028	101.077	Eb5	74	54	0	0	-1	*	3	-
746	101.109	101.137	D5	72	69	0	0	-1	*	3	-
747	101.161	101.218	Eb5	76	53	0	0	-1	*	3	-
748	101.246	101.279	D5	74	68	0	0	69375	P1-1-793	1	-
749	101.312	101.348	Eb5	71	60	0	0	69092	P1-1-789	1	-
750	101.393	101.433	D5	71	67	0	0	69186	P1-1-790	0	-
751	101.463	101.493	Eb5	71	58	0	0	69278	P1-1-791	1	-
752	101.539	102.374	F4	71	49	0	0	-1	*	3	-
753	101.547	101.577	D5	65	62	0	0	69375	P1-1-792	0	-
754	101.611	101.658	Eb5	57	63	0	0	-1	*	3	-
755	101.68	101.724	D5	68	63	0	0	-1	*	3	-
756	101.75	101.803	Eb5	74	55	0	0	69467	P1-1-794	1	-
757	101.831	101.87	D5	67	63	0	0	69561	P1-1-795	0	-
758	101.909	101.942	Eb5	65	55	0	0	69653	P1-1-796	1	-
759	101.981	102.011	D5	64	62	0	0	-1	*	3	-
760	102.037	102.08	Eb5	67	58	0	0	-1	*	3	-
761	102.11	102.159	D5	65	62	0	0	69750	P1-1-797	0	-
762	102.183	102.223	Eb5	69	53	0	0	-1	*	3	-
763	102.252	102.289	D5	59	60	0	0	69842	P1-1-799	1	-
764	102.289	103.458	Eb4	50	37	0	0	69750	P1-1-798	0	-
765	102.32	102.356	Eb5	65	55	0	0	-1	*	3	-
766	102.391	102.433	D5	62	55	0	0	-1	*	3	-
767	102.454	102.495	Eb5	64	51	0	0	-1	*	3	-
768	102.53	102.561	D5	56	58	0	0	69936	P1-1-800	0	-
769	102.596	102.629	Eb5	59	58	0	0	-1	*	3	-
770	102.66	102.703	D5	60	62	0	0	-1	*	3	-
771	102.73	102.76	Eb5	60	55	0	0	-1	*	3	-
772	102.798	102.832	D5	57	54	0	0	-1	*	3	-
773	102.863	102.894	Eb5	56	56	0	0	-1	*	3	-
774	102.927	102.968	D5	54	53	0	0	-1	*	3	-
775	103.002	103.029	Eb5	53	62	0	0	-1	*	3	-
776	103.061	103.097	D5	51	55	0	0	-1	*	3	-
777	103.128	103.159	Eb5	57	54	0	0	-1	*	3	-
778	103.196	103.236	D5	51	57	0	0	-1	*	3	-
779	103.261	103.3	Eb5	60	52	0	0	70028	P1-1-801	1	-
780	103.34	103.376	D5	49	58	0	0	70125	P1-1-802	0	-
781	103.399	103.44	Eb5	60	52	0	0	-1	*	3	-
782	103.482	103.518	D5	51	56	0	0	-1	*	3	-
783	103.512	105.207	D4	38	38	0	0	70233	P1-1-804	0	-
784	103.544	103.583	Eb5	59	54	0	0	70233	P1-1-803	1	-
785	103.627	103.661	D5	49	55	0	0	70311	P1-1-805	0	-
786	103.685	103.717	Eb5	58	57	0	0	-1	*	3	-
787	103.761	103.799	D5	44	56	0	0	-1	*	3	-
788	103.82	103.857	Eb5	59	53	0	0	-1	*	3	-
789	103.889	103.94	D5	49	48	0	0	-1	*	3	-
790	103.966	103.999	Eb5	51	58	0	0	-1	*	3	-
791	104.018	104.068	D5	50	52	0	0	-1	*	3	-
792	104.1	104.133	Eb5	50	58	0	0	-1	*	3	-
793	104.161	104.208	D5	52	51	0	0	-1	*	3	-
794	104.237	104.276	Eb5	49	57	0	0	70403	P1-1-806	1	-
795	104.302	104.344	D5	49	53	0	0	70500	P1-1-809	1	-
796	104.343	105.03	G4	30	41	0	0	70500	P1-1-808	0	-
797	104.378	104.409	Eb5	50	57	0	0	-1	*	3	-
798	104.446	104.488	D5	48	54	0	0	70500	P1-1-807	0	-
799	104.507	104.544	Eb5	59	53	0	0	-1	*	3	-
800	104.578	104.628	D5	49	50	0	0	-1	*	3	-
801	104.646	104.684	Eb5	57	53	0	0	-1	*	3	-
802	104.711	104.757	D5	46	55	0	0	-1	*	3	-
803	104.786	104.825	Eb5	53	53	0	0	70592	P1-1-810	1	-
804	104.861	104.905	D5	47	52	0	0	70687	P1-1-812	0	-
805	104.915	105.495	Bb4	32	37	0	0	70650	P1-1-811	0	-
806	104.933	104.971	Eb5	52	53	0	0	-1	*	3	-
807	105.019	105.061	D5	41	54	0	0	70790	P1-1-813	1	-
808	105.073	105.112	Eb5	59	53	0	0	-1	*	3	-
809	105.159	105.198	D5	47	53	0	0	70875	P1-1-815	0	-
810	105.22	105.253	Eb5	56	56	0	0	-1	*	3	-
811	105.266	106.017	G4	25	30	0	0	70790	P1-1-814	0	-
812	105.292	105.347	D5	49	48	0	0	-1	*	3	-
813	105.362	105.409	Eb5	50	49	0	0	-1	*	3	-
814	105.424	105.49	D5	46	58	0	0	-1	*	3	-
815	105.524	105.564	Eb5	43	54	0	0	70958	P1-1-817	1	-
816	105.557	106.117	D4	30	19	0	0	70958	P1-1-816	0	-
817	105.567	105.637	D5	47	57	0	0	-1	*	3	-
818	105.678	105.722	Eb5	41	53	0	0	-1	*	3	-
819	105.725	105.787	D5	47	60	0	0	71062	P1-1-818	0	-
820	105.78	106.192	Bb3	34	36	0	0	71100	P1-1-819	0	-
821	105.827	105.866	Eb5	42	56	0	0	71154	P1-1-820	1	-
822	105.877	105.93	D5	48	61	0	0	71250	P1-1-821	0	-
823	105.967	106.003	Eb5	50	55	0	0	71342	P1-1-824	1	-
824	106.026	106.076	D5	49	51	0	0	71437	P1-1-826	0	-
825	106.059	107.299	Eb4	40	30	0	0	71250	P1-1-822	0	-
826	106.108	106.143	Eb5	48	58	0	0	71540	P1-1-827	1	-
827	106.169	106.209	D5	53	54	0	0	-1	*	3	-
828	106.241	106.277	Eb5	47	57	0	0	-1	*	3	-
829	106.302	106.343	D5	53	55	0	0	71625	P1-1-829	0	-
830	106.317	106.588	G4	35	35	0	0	71400	P1-1-825	0	-
831	106.373	106.406	Eb5	52	58	0	0	71708	P1-1-831	1	-
832	106.442	106.472	D5	49	58	0	0	-1	*	3	-
833	106.502	106.534	Eb5	52	58	0	0	-1	*	3	-
834	106.565	106.604	D5	51	53	0	0	-1	*	3	-
835	106.582	106.785	Bb4	32	43	0	0	71540	P1-1-828	0	-
836	106.638	106.671	Eb5	42	59	0	0	-1	*	3	-
837	106.693	106.736	D5	51	52	0	0	-1	*	3	-
838	106.763	106.815	Eb5	38	47	0	0	-1	*	3	-
839	106.779	107.12	G4	36	42	0	0	71708	P1-1-830	0	-
840	106.82	106.862	D5	51	50	0	0	-1	*	3	-
841	106.877	107.026	Eb5	27	64	0	0	-1	*	3	-
842	106.941	106.991	D5	49	50	0	0	71812	P1-1-832	0	-
843	106.948	107.211	Bb3	32	37	0	0	71850	P1-1-833	0	-
844	107.026	107.362	Eb5	14	30	0	0	71904	P1-1-834	1	-
845	107.152	108.677	D4	41	31	0	0	72000	P1-1-836	0	-
846	107.285	107.655	D5	49	41	0	0	72000	P1-1-835	0	-
847	107.553	107.888	G4	28	40	0	0	72150	P1-1-838	0	-
848	107.813	108.224	Bb4	34	36	0	0	72300	P1-1-839	0	-
849	107.934	108.644	F5	61	53	0	0	72375	P1-1-840	0	-
850	108.085	108.535	G4	27	35	0	0	72450	P1-1-841	0	-
851	108.263	108.66	Bb3	25	38	0	0	72600	P1-1-842	0	-
852	108.439	109.187	Eb5	63	59	0	0	72750	P1-1-843	0	-
853	108.507	109.51	Eb4	37	37	0	0	72750	P1-1-844	0	-
854	108.708	108.891	G4	37	54	0	0	72900	P1-1-846	0	-
855	108.899	109.084	Bb4	42	35	0	0	73050	P1-1-847	0	-
856	109.076	109.81	D5	58	60	0	0	73250	P1-1-849	0	-
857	109.089	109.406	G4	36	31	0	0	73200	P1-1-848	0	-
858	109.247	110.221	Bb3	39	39	0	0	73350	P1-1-850	0	-
859	109.452	110.81	D4	38	23	0	0	73500	P1-1-854	0	-
860	109.579	111.152	G5	70	40	0	0	73500	P1-1-852	0	-
861	109.85	109.92	Eb5	50	54	0	0	73592	P1-1-857	1	-
862	109.895	110.125	G4	32	38	0	0	73650	P1-1-858	0	-
863	109.968	110.007	D5	51	55	0	0	73687	P1-1-859	0	-
864	110.068	110.101	Eb5	52	61	0	0	73786	P1-1-862	1	-
865	110.106	110.3	Bb4	39	34	0	0	73786	P1-1-863	0	-
866	110.132	110.171	D5	47	56	0	0	73875	P1-1-864	0	-
867	110.209	110.245	Eb5	62	63	0	0	73961	P1-1-868	1	-
868	110.277	110.505	G4	39	31	0	0	73961	P1-1-866	0	-
869	110.287	110.319	D5	53	58	0	0	74062	P1-1-869	0	-
870	110.343	110.377	Eb5	65	68	0	0	74154	P1-1-873	1	-
871	110.409	110.798	Bb3	35	35	0	0	74100	P1-1-871	0	-
872	110.415	110.448	D5	53	60	0	0	74250	P1-1-874	0	-
873	110.484	110.512	Eb5	57	65	0	0	74342	P1-1-879	1	-
874	110.555	110.585	D5	49	60	0	0	74437	P1-1-881	0	-
875	110.605	110.641	Eb5	65	61	0	0	74437	P1-1-882	1	-
876	110.685	110.846	D5	37	46	0	0	74250	P1-1-877	1	-
877	110.69	112.164	Eb4	37	26	0	0	74250	P1-1-876	0	-
878	110.732	110.766	Eb5	62	58	0	0	74536	P1-1-884	1	-
879	110.925	111.125	G4	32	54	0	0	74400	P1-1-880	0	-
880	110.933	111.357	D5	13	50	0	0	74625	P1-1-886	0	-
881	111.149	111.357	Bb4	39	32	0	0	74536	P1-1-885	0	-
882	111.242	111.579	G5	63	59	0	0	74721	P1-1-891	0	-
883	111.326	111.612	G4	34	35	0	0	74721	P1-1-888	0	-
884	111.375	111.41	Eb5	46	56	0	0	74812	P1-1-893	1	-
885	111.454	111.508	D5	41	47	0	0	74812	P1-1-892	0	-
886	111.522	111.761	Eb5	52	45	0	0	74904	P1-1-896	1	-
887	111.527	111.881	Bb3	29	40	0	0	74850	P1-1-894	0	-
888	111.613	111.691	D5	23	43	0	0	75000	P1-1-898	0	-
889	111.696	112.12	G5	53	56	0	0	75000	P1-1-897	0	-
890	111.811	112.877	D4	35	30	0	0	75000	P1-1-899	0	-
891	111.892	111.927	Eb5	46	57	0	0	75094	P1-1-901	0	-
892	111.957	112.003	D5	39	53	0	0	75187	P1-1-903	0	-
893	112.02	112.24	G4	36	43	0	0	75150	P1-1-902	0	-
894	112.036	112.094	Eb5	48	44	0	0	75290	P1-1-904	0	-
895	112.093	112.132	D5	41	54	0	0	75375	P1-1-906	0	-
896	112.226	112.487	Bb4	43	31	0	0	75290	P1-1-905	0	-
897	112.419	112.67	G4	44	50	0	0	75450	P1-1-907	0	-
898	112.651	113.389	Bb3	45	34	0	0	75600	P1-1-908	0	-
899	112.993	113.401	D3	57	59	0	0	75750	P1-1-909	0	-
900	113.059	113.819	Eb4	37	39	0	0	75750	P1-1-910	0	-
901	113.32	113.762	G4	35	31	0	0	75900	P1-1-912	0	-
902	113.345	113.704	C3	64	56	0	0	76000	P1-1-913	0	-
903	113.52	113.679	Bb4	30	32	0	0	76050	P1-1-914	0	-
904	113.627	113.835	Bb2	68	59	0	0	76250	P1-1-916	0	-
905	113.677	113.849	Bb3	38	37	0	0	76350	P1-1-917	0	-
906	113.998	115.815	Bb2	57	38	0	0	76500	P1-1-918	0	-
907	114.031	115.194	D4	38	29	0	0	76500	P1-1-919	0	-
908	114.302	114.581	G4	31	39	0	0	76650	P1-1-921	0	-
909	114.54	114.769	Bb4	31	40	0	0	76800	P1-1-922	0	-
910	114.731	115.127	G4	44	29	0	0	76950	P1-1-923	0	-
911	114.906	115.292	Bb3	36	36	0	0	77100	P1-1-924	0	-
912	115.104	116.185	Eb4	50	36	0	0	77250	P1-1-925	0	-
913	115.331	115.558	G4	35	47	0	0	77400	P1-1-927	0	-
914	115.57	115.801	Bb4	35	40	0	0	77550	P1-1-928	0	-
915	115.756	116.143	G4	36	40	0	0	77700	P1-1-929	0	-
916	115.833	116.017	A2	53	55	0	0	77750	P1-1-930	0	-
917	116.052	116.182	Bb3	42	50	0	0	77850	P1-1-931	0	-
918	116.527	117.272	G2	44	29	0	0	78000	P1-1-932	0	-
919	116.532	118.528	C2	45	32	0	0	78000	P1-1-933	0	-
920	116.577	118.293	D4	37	19	0	0	78000	P1-1-934	0	-
921	117.028	117.324	G4	28	42	0	0	78150	P1-1-936	0	-
922	117.303	117.566	Bb4	34	38	0	0	78300	P1-1-937	0	-
923	117.499	118.076	G4	30	33	0	0	78450	P1-1-938	0	-
924	117.546	117.782	G2	36	45	0	0	78500	P1-1-939	0	-
925	117.696	118.845	Bb3	35	34	0	0	78600	P1-1-940	0	-
926	118.007	118.569	G2	36	52	0	0	78750	P1-1-941	0	-
927	118.051	119.269	Eb4	39	25	0	0	78750	P1-1-942	0	-
928	118.352	118.655	G4	28	41	0	0	78900	P1-1-944	0	-
929	118.605	118.928	Bb4	40	25	0	0	79050	P1-1-945	0	-
930	118.817	119.154	G4	36	29	0	0	79200	P1-1-946	0	-
931	119.024	119.434	Bb3	48	26	0	0	79350	P1-1-947	0	-
932	119.269	120.774	D4	36	32	0	0	79500	P1-1-948	0	-
933	119.521	119.811	G4	32	36	0	0	79650	P1-1-950	0	-
934	119.765	120.098	Bb4	38	36	0	0	79800	P1-1-951	0	-
935	119.872	120.72	F5	55	38	0	0	79875	P1-1-952	0	-
936	120.013	120.428	G4	31	35	0	0	79950	P1-1-953	0	-
937	120.212	120.605	Bb3	36	30	0	0	80100	P1-1-954	0	-
938	120.409	121.176	Eb5	53	54	0	0	80250	P1-1-955	0	-
939	120.464	121.483	Eb4	30	39	0	0	80250	P1-1-956	0	-
940	120.644	120.863	G4	27	41	0	0	80400	P1-1-958	0	-
941	120.833	121.031	Bb4	35	31	0	0	80550	P1-1-959	0	-
942	121.031	121.399	G4	33	32	0	0	80700	P1-1-960	0	-
943	121.086	121.731	D5	53	57	0	0	80750	P1-1-961	0	-
944	121.208	122.14	Bb3	21	38	0	0	80850	P1-1-962	0	-
945	121.412	122.622	D4	37	30	0	0	81000	P1-1-966	0	-
946	121.569	123.081	G5	57	38	0	0	81000	P1-1-964	0	-
947	121.796	121.854	Eb5	43	61	0	0	81092	P1-1-968	0	-
948	121.829	122.05	G4	25	38	0	0	81150	P1-1-970	0	-
949	121.902	121.943	D5	49	53	0	0	81187	P1-1-971	0	-
950	121.993	122.03	Eb5	48	59	0	0	81286	P1-1-973	0	-
951	121.999	122.165	Bb4	28	43	0	0	81286	P1-1-975	0	-
952	122.066	122.104	D5	44	55	0	0	81375	P1-1-976	0	-
953	122.136	122.165	Eb5	56	63	0	0	-1	*	3	-
954	122.14	122.409	G4	23	32	0	0	81461	P1-1-978	0	-
955	122.222	122.263	D5	41	53	0	0	-1	*	3	-
956	122.266	122.305	Eb5	65	65	0	0	81461	P1-1-979	0	-
957	122.305	122.581	Bb3	42	36	0	0	81600	P1-1-983	0	-
958	122.391	122.46	D5	11	64	0	0	81562	P1-1-981	0	-
959	122.421	122.452	Eb5	48	59	0	0	81562	P1-1-982	1	-
960	122.46	122.545	D5	36	38	0	0	-1	*	3	-
961	122.498	123.727	Eb4	41	19	0	0	81750	P1-1-988	0	-
962	122.568	122.777	Eb5	30	64	0	0	81654	P1-1-984	0	-
963	122.596	122.719	D5	37	64	0	0	-1	*	3	-
964	122.719	122.747	D5	28	62	0	0	81750	P1-1-986	0	-
965	122.731	122.894	G4	39	53	0	0	81900	P1-1-992	0	-
966	122.777	122.808	Eb5	29	60	0	0	81750	P1-1-987	1	-
967	122.826	122.866	D5	50	57	0	0	-1	*	3	-
968	122.886	122.925	Eb5	54	62	0	0	81842	P1-1-990	0	-
969	122.933	123.05	Bb4	42	49	0	0	82036	P1-1-997	0	-
970	122.954	122.992	D5	53	57	0	0	81937	P1-1-993	0	-
971	123.027	123.068	Eb5	57	59	0	0	82036	P1-1-995	0	-
972	123.09	123.256	G4	35	34	0	0	82221	P1-1-1000	0	-
973	123.116	123.177	D5	25	44	0	0	82125	P1-1-998	0	-
974	123.221	123.502	G5	64	54	0	0	82221	P1-1-1003	0	-
975	123.281	123.515	Bb3	23	37	0	0	82350	P1-1-1006	0	-
976	123.357	123.396	Eb5	46	57	0	0	82312	P1-1-1005	1	-
977	123.507	123.605	Eb5	57	58	0	0	82404	P1-1-1007	0	-
978	123.518	124.577	D4	36	30	0	0	82500	P1-1-1011	0	-
979	123.604	125.127	G5	52	41	0	0	82500	P1-1-1009	0	-
980	123.731	123.769	Eb5	37	58	0	0	82594	P1-1-1013	1	-
981	123.748	123.969	G4	32	36	0	0	82650	P1-1-1014	0	-
982	123.877	123.905	Eb5	54	62	0	0	82687	P1-1-1015	1	-
983	123.93	124.108	Bb4	35	36	0	0	82790	P1-1-1017	0	-
984	124.004	124.033	Eb5	61	63	0	0	82790	P1-1-1016	1	-
985	124.101	124.38	G4	35	35	0	0	82959	P1-1-1019	0	-
986	124.129	124.159	Eb5	62	61	0	0	-1	*	3	-
987	124.199	124.237	D5	44	56	0	0	82875	P1-1-1018	0	-
988	124.265	124.294	Eb5	49	62	0	0	82959	P1-1-1020	1	-
989	124.276	124.633	Bb3	33	28	0	0	83100	P1-1-1022	0	-
990	124.318	124.36	D5	42	54	0	0	83062	P1-1-1021	0	-
991	124.439	124.928	D5	41	43	0	0	83156	P1-1-1023	1	-
992	124.54	125.922	Eb4	37	32	0	0	83250	P1-1-1025	0	-
993	124.842	125.33	G4	31	39	0	0	83400	P1-1-1028	0	-
994	124.975	125.125	D5	39	26	0	0	83437	P1-1-1029	0	-
995	125.028	125.122	Eb5	30	37	0	0	83540	P1-1-1030	1	-
996	125.226	125.823	Bb4	35	40	0	0	83540	P1-1-1031	0	-
997	125.72	125.957	G4	29	41	0	0	83700	P1-1-1032	0	-
998	125.905	126.206	D3	37	51	0	0	83750	P1-1-1033	0	-
999	126.186	126.371	Bb3	28	34	0	0	83850	P1-1-1034	0	-
1000	126.824	127.6	D3	27	41	0	0	84000	P1-1-1036	0	-
1001	126.832	127.534	G2	29	39	0	0	84000	P1-1-1035	0	-
1002	126.891	128.878	D4	27	29	0	0	84000	P1-1-1037	0	-
1003	127.449	128.27	G4	30	38	0	0	84150	P1-1-1039	0	-
1004	128.098	128.86	B4	28	35	0	0	84300	P1-1-1040	0	-
1005	128.644	129.068	G4	30	35	0	0	84375	P1-1-1041	1	-
1006	128.823	129.753	F#5	44	35	0	0	84450	P1-1-1042	1	-
1007	129.05	129.678	B3	31	21	0	0	84600	P1-1-1043	0	-
1008	129.475	130.501	E5	47	39	0	0	84750	P1-1-1044	0	-
1009	129.571	130.654	E4	26	29	0	0	84750	P1-1-1045	0	-
1010	129.878	130.159	G4	23	38	0	0	84900	P1-1-1047	0	-
1011	130.143	130.379	B4	33	39	0	0	85050	P1-1-1048	0	-
1012	130.328	130.534	G4	36	32	0	0	85200	P1-1-1049	0	-
1013	130.374	131.008	D5	49	37	0	0	85250	P1-1-1050	0	-
1014	130.559	130.861	B3	37	32	0	0	85350	P1-1-1051	0	-
1015	130.789	131.624	D4	34	29	0	0	85500	P1-1-1053	0	-
1016	130.875	131.313	G5	54	45	0	0	85500	P1-1-1052	0	-
1017	131.105	131.34	G4	36	38	0	0	85650	P1-1-1055	0	-
1018	131.325	131.516	B4	34	33	0	0	85800	P1-1-1056	0	-
1019	131.5	131.661	G4	37	33	0	0	85950	P1-1-1057	0	-
1020	131.579	131.77	G5	49	55	0	0	86000	P1-1-1058	0	-
1021	131.718	131.988	B3	28	34	0	0	86100	P1-1-1059	0	-
1022	131.964	134.704	G5	49	36	0	0	86250	P1-1-1060	0	-
1023	132.016	132.856	E4	33	30	0	0	86250	P1-1-1061	0	-
1024	132.265	132.449	G4	32	51	0	0	86400	P1-1-1063	0	-
1025	132.491	132.681	B4	25	34	0	0	86550	P1-1-1064	0	-
1026	132.646	132.847	G4	38	32	0	0	86700	P1-1-1065	0	-
1027	132.837	132.97	B3	32	36	0	0	86850	P1-1-1066	0	-
1028	132.998	133.937	D4	30	25	0	0	87000	P1-1-1067	0	-
1029	133.185	133.39	G4	31	34	0	0	87150	P1-1-1069	0	-
1030	133.353	133.551	B4	34	35	0	0	87300	P1-1-1070	0	-
1031	133.563	133.639	G4	31	44	0	0	87450	P1-1-1071	0	-
1032	133.69	133.931	B3	31	27	0	0	87600	P1-1-1072	0	-
1033	133.847	134.465	E4	40	23	0	0	87750	P1-1-1073	0	-
1034	134.037	134.179	G4	35	51	0	0	87900	P1-1-1075	0	-
1035	134.193	134.318	B4	39	49	0	0	88050	P1-1-1076	0	-
1036	134.387	134.47	G4	30	43	0	0	88200	P1-1-1077	0	-
1037	134.428	135.112	A5	62	36	0	0	88250	P1-1-1078	0	-
1038	134.52	134.741	B3	28	31	0	0	88350	P1-1-1079	0	-
1039	134.683	135.395	D4	35	22	0	0	88500	P1-1-1081	0	-
1040	134.794	135.495	B5	67	54	0	0	88500	P1-1-1080	0	-
1041	134.898	135.05	G4	31	46	0	0	88650	P1-1-1083	0	-
1042	135.068	135.199	B4	39	47	0	0	88800	P1-1-1084	0	-
1043	135.245	135.315	G4	34	50	0	0	88950	P1-1-1085	0	-
1044	135.314	135.871	C6	75	52	0	0	89000	P1-1-1086	0	-
1045	135.37	135.623	B3	35	30	0	0	89100	P1-1-1087	0	-
1046	135.573	136.31	E4	36	30	0	0	89250	P1-1-1089	0	-
1047	135.699	137.214	D6	74	38	0	0	89250	P1-1-1088	0	-
1048	135.853	136.022	G4	33	41	0	0	89400	P1-1-1091	0	-
1049	136.022	136.167	B4	40	50	0	0	89550	P1-1-1092	0	-
1050	136.196	136.274	G4	44	50	0	0	89700	P1-1-1093	0	-
1051	136.32	136.544	B3	37	31	0	0	89850	P1-1-1094	0	-
1052	136.483	137.289	D4	42	22	0	0	90000	P1-1-1095	0	-
1053	136.669	136.784	G4	40	55	0	0	90150	P1-1-1097	0	-
1054	136.809	136.94	B4	45	49	0	0	90300	P1-1-1098	0	-
1055	136.968	137.052	G4	43	50	0	0	90450	P1-1-1100	0	-
1056	137.016	137.638	E6	75	54	0	0	90375	P1-1-1099	0	-
1057	137.102	137.357	B3	35	34	0	0	90600	P1-1-1101	0	-
1058	137.302	138.147	E4	42	32	0	0	90750	P1-1-1103	0	-
1059	137.428	137.877	F#6	80	62	0	0	90750	P1-1-1102	0	-
1060	137.592	137.761	G4	37	51	0	0	90900	P1-1-1105	0	-
1061	137.77	138.146	A6	79	62	0	0	91000	P1-1-1106	0	-
1062	137.782	138.001	B4	37	35	0	0	91050	P1-1-1107	0	-
1063	137.967	138.153	G4	42	35	0	0	91200	P1-1-1108	0	-
1064	138.064	138.201	G6	75	62	0	0	91250	P1-1-1109	0	-
1065	138.125	138.233	B3	35	47	0	0	91350	P1-1-1110	0	-
1066	138.33	138.387	F#6	25	44	0	0	91500	P1-1-1111	0	-
1067	138.39	138.507	G6	60	61	0	0	91637	P1-1-1114	0	-
1068	138.467	139.422	F#6	66	53	0	0	91750	P1-1-1116	0	-
1069	138.493	139.417	D4	32	31	0	0	91500	P1-1-1112	0	-
1070	138.835	139.106	G4	32	39	0	0	91950	P1-1-1118	0	-
1071	139.12	139.375	B4	36	40	0	0	92000	P1-1-1119	1	-
1072	139.347	140.086	E6	54	39	0	0	-1	*	3	-
1073	139.355	139.586	G4	24	33	0	0	-1	*	3	-
1074	139.569	139.91	B3	30	26	0	0	92100	P1-1-1120	0	-
1075	139.873	141.518	G5	53	29	0	0	92250	P1-1-1121	0	-
1076	139.972	140.864	E4	34	28	0	0	92250	P1-1-1122	0	-
1077	140.243	140.436	G4	33	51	0	0	92400	P1-1-1124	0	-
1078	140.465	140.688	B4	33	33	0	0	92550	P1-1-1125	0	-
1079	140.644	140.818	G4	33	35	0	0	92700	P1-1-1126	0	-
1080	140.825	141.047	B3	26	29	0	0	92850	P1-1-1127	0	-
1081	141.015	142.003	D4	33	19	0	0	93000	P1-1-1128	0	-
1082	141.214	141.45	G4	36	36	0	0	93150	P1-1-1130	0	-
1083	141.282	142.161	A5	62	34	0	0	93300	P1-1-1131	1	-
1084	141.43	141.63	B4	40	38	0	0	93375	P1-1-1132	1	-
1085	141.613	141.714	G4	42	48	0	0	93450	P1-1-1133	0	-
1086	141.785	142.016	B3	31	33	0	0	93600	P1-1-1134	0	-
1087	141.918	142.549	B5	61	57	0	0	93750	P1-1-1135	0	-
1088	142.019	142.786	E4	34	31	0	0	93750	P1-1-1136	0	-
1089	142.206	142.397	G4	36	50	0	0	93900	P1-1-1138	0	-
1090	142.425	142.576	B4	29	36	0	0	94050	P1-1-1139	0	-
1091	142.594	142.725	G4	40	35	0	0	94200	P1-1-1140	0	-
1092	142.602	142.739	C6	67	55	0	0	94250	P1-1-1141	0	-
1093	142.762	142.852	B3	33	42	0	0	94350	P1-1-1142	0	-
1094	142.9	142.955	C6	60	55	0	0	94500	P1-1-1143	0	-
1095	142.992	143.074	D6	63	60	0	0	94637	P1-1-1146	0	-
1096	143.074	144.042	C6	66	35	0	0	94750	P1-1-1148	0	-
1097	143.112	143.978	D4	31	24	0	0	94500	P1-1-1144	0	-
1098	143.374	143.613	G4	32	36	0	0	94637	P1-1-1147	0	-
1099	143.613	143.83	B4	30	36	0	0	94800	P1-1-1149	0	-
1100	143.8	144.033	G4	32	33	0	0	94950	P1-1-1150	0	-
1101	143.842	144.58	B5	51	47	0	0	95000	P1-1-1151	0	-
1102	144.012	144.269	B3	32	29	0	0	95100	P1-1-1152	0	-
1103	144.273	145.923	D5	50	35	0	0	95250	P1-1-1153	0	-
1104	144.367	145.159	E4	31	32	0	0	95250	P1-1-1154	0	-
1105	144.589	144.828	G4	29	39	0	0	95400	P1-1-1156	0	-
1106	144.816	144.988	B4	33	35	0	0	95550	P1-1-1157	0	-
1107	144.988	145.112	G4	37	42	0	0	95700	P1-1-1158	0	-
1108	145.168	145.269	B3	26	42	0	0	95850	P1-1-1159	0	-
1109	145.346	146.265	D4	30	26	0	0	96000	P1-1-1160	0	-
1110	145.524	145.716	G4	29	35	0	0	96150	P1-1-1162	0	-
1111	145.683	146.389	E5	55	54	0	0	96375	P1-1-1164	0	-
1112	145.692	145.911	B4	31	34	0	0	-1	*	3	-
1113	145.878	145.998	G4	41	36	0	0	96450	P1-1-1165	0	-
1114	146.029	146.193	B3	28	32	0	0	96600	P1-1-1166	0	-
1115	146.186	146.785	F#5	66	63	0	0	96750	P1-1-1167	0	-
1116	146.212	146.928	E4	38	31	0	0	96750	P1-1-1168	0	-
1117	146.408	146.563	G4	37	48	0	0	96900	P1-1-1170	0	-
1118	146.577	146.71	B4	39	49	0	0	97050	P1-1-1171	0	-
1119	146.747	146.847	G4	38	45	0	0	97200	P1-1-1172	0	-
1120	146.8	146.941	G5	64	54	0	0	97250	P1-1-1173	0	-
1121	146.874	146.959	B3	26	38	0	0	97350	P1-1-1174	0	-
1122	147.051	147.096	A5	53	65	0	0	97500	P1-1-1175	0	-
1123	147.138	147.217	B5	60	58	0	0	97637	P1-1-1178	0	-
1124	147.212	147.966	D4	33	29	0	0	97500	P1-1-1176	0	-
1125	147.212	148.064	A5	63	33	0	0	97750	P1-1-1180	0	-
1126	147.457	147.676	G4	31	37	0	0	97637	P1-1-1179	0	-
1127	147.669	147.888	B4	36	35	0	0	97800	P1-1-1181	0	-
1128	147.85	148.061	G4	37	33	0	0	97950	P1-1-1182	0	-
1129	147.882	148.533	G5	53	45	0	0	-1	*	3	-
1130	148.042	148.466	B3	33	20	0	0	98100	P1-1-1184	0	-
1131	148.319	151.091	B4	52	31	0	0	98250	P1-1-1185	0	-
1132	148.39	149.187	E4	34	35	0	0	98250	P1-1-1186	0	-
1133	148.623	148.802	G4	36	50	0	0	98400	P1-1-1188	0	-
1134	148.828	148.995	A4	39	45	0	0	98550	P1-1-1189	0	-
1135	149.001	149.139	G4	40	49	0	0	98700	P1-1-1190	0	-
1136	149.186	149.313	B3	40	52	0	0	98850	P1-1-1191	0	-
1137	149.355	150.368	D4	41	30	0	0	99000	P1-1-1192	0	-
1138	149.554	149.691	F#4	37	51	0	0	99150	P1-1-1194	0	-
1139	149.731	149.977	G4	36	33	0	0	99300	P1-1-1195	0	-
1140	149.907	150.009	F#4	34	49	0	0	99450	P1-1-1196	0	-
1141	150.096	150.333	B3	35	30	0	0	99600	P1-1-1197	0	-
1142	150.282	151.149	E4	42	35	0	0	99750	P1-1-1198	0	-
1143	150.485	150.674	G4	34	35	0	0	99900	P1-1-1200	0	-
1144	150.665	150.886	A4	38	36	0	0	100050	P1-1-1201	0	-
1145	150.863	151.048	G4	29	36	0	0	100200	P1-1-1202	0	-
1146	150.894	151.53	C5	56	52	0	0	100250	P1-1-1203	0	-
1147	151.09	152.257	B3	35	35	0	0	100350	P1-1-1204	0	-
1148	151.38	152.871	D5	59	52	0	0	100500	P1-1-1205	0	-
1149	151.488	152.382	D4	37	32	0	0	100500	P1-1-1206	0	-
1150	151.864	152.112	F#4	22	42	0	0	100650	P1-1-1208	0	-
1151	152.091	152.408	G4	32	42	0	0	100800	P1-1-1209	0	-
1152	152.28	152.436	F#4	33	42	0	0	100950	P1-1-1210	0	-
1153	152.459	152.742	B3	33	32	0	0	101100	P1-1-1211	0	-
1154	152.68	153.686	E4	38	38	0	0	101250	P1-1-1212	0	-
1155	152.891	153.11	G4	32	46	0	0	101400	P1-1-1214	0	-
1156	153.14	153.366	A4	31	38	0	0	101550	P1-1-1215	0	-
1157	153.328	153.605	G4	31	37	0	0	101700	P1-1-1216	0	-
1158	153.583	153.68	B3	36	51	0	0	101850	P1-1-1217	0	-
1159	153.988	156.091	F#3	49	28	0	0	102000	P1-1-1218	0	-
1160	154.037	154.836	D4	38	38	0	0	102000	P1-1-1219	0	-
1161	154.436	154.837	F#4	36	41	0	0	102150	P1-1-1221	0	-
1162	154.753	155.159	C5	38	29	0	0	102300	P1-1-1222	0	-
1163	154.996	155.298	F#4	41	28	0	0	102450	P1-1-1223	0	-
1164	155.215	155.456	D4	26	29	0	0	102600	P1-1-1224	0	-
1165	155.412	156.058	C4	37	38	0	0	102750	P1-1-1225	0	-
1166	155.612	155.843	E4	33	46	0	0	102875	P1-1-1227	0	-
1167	155.79	156.352	E3	52	37	0	0	103000	P1-1-1228	0	-
1168	155.849	156.052	C5	32	33	0	0	103000	P1-1-1229	0	-
1169	156.03	156.259	E4	31	44	0	0	103125	P1-1-1230	0	-
1170	156.245	156.531	D3	48	48	0	0	103250	P1-1-1231	0	-
1171	156.268	156.58	D4	37	32	0	0	103250	P1-1-1232	0	-
1172	156.488	156.595	B3	40	47	0	0	103375	P1-1-1233	0	-
1173	156.872	157.509	D3	40	37	0	0	103500	P1-1-1236	0	-
1174	156.888	157.486	G2	38	34	0	0	103500	P1-1-1235	0	-
1175	156.925	157.719	B3	35	38	0	0	103500	P1-1-1237	0	-
1176	157.273	157.599	D4	31	35	0	0	103650	P1-1-1238	0	-
1177	157.621	157.944	B4	34	33	0	0	103800	P1-1-1239	0	-
1178	157.915	158.187	D4	38	40	0	0	103950	P1-1-1240	0	-
1179	158.17	158.447	G3	35	36	0	0	104100	P1-1-1241	0	-
1180	158.506	158.715	D4	33	35	0	0	104250	P1-1-1242	0	-
1181	158.814	159.131	C5	27	37	0	0	104400	P1-1-1243	0	-
1182	158.904	159.376	F#5	56	43	0	0	104438	P1-1-1244	0	-
1183	158.959	159.202	D5	36	41	0	0	104438	P1-1-1245	0	-
1184	159.13	159.24	F#4	37	47	0	0	104550	P1-1-1246	0	-
1185	159.247	159.614	E5	60	40	0	0	104625	P1-1-1247	0	-
1186	159.25	159.525	C#5	51	45	0	0	104625	P1-1-1248	0	-
1187	159.345	159.584	D4	26	36	0	0	104700	P1-1-1249	0	-
1188	159.504	160.036	D5	64	50	0	0	104813	P1-1-1250	0	-
1189	159.55	160.512	G3	38	27	0	0	104850	P1-1-1252	0	-
1190	159.58	159.637	C5	30	48	0	0	104813	P1-1-1251	0	-
1191	159.863	160.386	D4	38	39	0	0	105000	P1-1-1255	0	-
1192	159.921	161.228	G5	60	53	0	0	105000	P1-1-1253	0	-
1193	160.025	160.396	B4	28	34	0	0	105000	P1-1-1254	0	-
1194	160.211	160.567	G4	38	29	0	0	105150	P1-1-1256	0	-
1195	160.34	160.706	C5	46	31	0	0	105188	P1-1-1257	0	-
1196	160.475	160.692	E4	29	41	0	0	105300	P1-1-1258	0	-
1197	160.61	160.86	D5	53	53	0	0	105375	P1-1-1259	0	-
1198	160.716	160.892	D4	30	37	0	0	105450	P1-1-1260	0	-
1199	160.858	160.97	E5	53	60	0	0	105563	P1-1-1261	0	-
1200	160.915	161.121	G3	35	36	0	0	105600	P1-1-1262	0	-
1201	161.113	161.298	F5	58	57	0	0	105750	P1-1-1263	0	-
1202	161.141	161.389	Eb4	37	33	0	0	105750	P1-1-1264	0	-
1203	161.334	161.59	G#5	59	39	0	0	105938	P1-1-1266	0	-
1204	161.337	161.679	F#5	56	32	0	0	105938	P1-1-1267	0	-
1205	161.368	161.503	C5	40	52	0	0	-1	*	3	-
1206	161.548	161.607	F#4	39	62	0	0	106050	P1-1-1268	0	-
1207	161.554	161.762	A5	65	54	0	0	106125	P1-1-1269	0	-
1208	161.602	161.653	Eb5	48	59	0	0	106125	P1-1-1270	0	-
1209	161.643	161.811	D4	47	55	0	0	106200	P1-1-1271	0	-
1210	161.779	161.926	Bb5	69	60	0	0	106313	P1-1-1272	0	-
1211	161.789	161.849	D5	52	55	0	0	106313	P1-1-1273	0	-
1212	161.83	162.015	G3	45	49	0	0	106350	P1-1-1274	0	-
1213	161.993	162.228	B5	66	59	0	0	106500	P1-1-1276	0	-
1214	162.003	162.199	D4	43	38	0	0	106500	P1-1-1277	0	-
1215	162.008	162.216	G5	58	36	0	0	106500	P1-1-1275	0	-
1216	162.196	162.435	C6	78	61	0	0	106688	P1-1-1280	0	-
1217	162.211	162.347	B4	40	49	0	0	106650	P1-1-1278	0	-
1218	162.237	162.402	A5	57	55	0	0	106688	P1-1-1279	0	-
1219	162.376	162.472	G4	47	59	0	0	106800	P1-1-1281	0	-
1220	162.404	162.628	C#6	73	61	0	0	106875	P1-1-1283	0	-
1221	162.422	162.636	Bb5	64	57	0	0	106875	P1-1-1282	0	-
1222	162.499	162.628	D4	46	54	0	0	106950	P1-1-1284	0	-
1223	162.613	162.923	D6	75	59	0	0	107063	P1-1-1286	0	-
1224	162.642	162.927	B5	59	39	0	0	107063	P1-1-1285	0	-
1225	162.657	162.847	G3	47	56	0	0	107100	P1-1-1287	0	-
1226	162.878	162.973	E6	62	63	0	0	107250	P1-1-1289	0	-
1227	162.903	162.985	C6	56	61	0	0	107250	P1-1-1288	0	-
1228	162.905	163.176	E4	41	31	0	0	107250	P1-1-1290	0	-
1229	163.184	163.363	C5	44	36	0	0	107400	P1-1-1291	0	-
1230	163.231	163.585	F#5	62	36	0	0	107438	P1-1-1292	0	-
1231	163.242	163.456	D5	44	34	0	0	107438	P1-1-1293	0	-
1232	163.414	163.511	F#4	34	59	0	0	107550	P1-1-1294	0	-
1233	163.477	163.753	E5	60	48	0	0	107625	P1-1-1295	0	-
1234	163.484	163.755	C#5	52	37	0	0	107625	P1-1-1296	0	-
1235	163.582	163.754	D4	34	37	0	0	107700	P1-1-1297	0	-
1236	163.721	164.153	D5	57	50	0	0	107813	P1-1-1298	0	-
1237	163.751	163.828	C5	36	51	0	0	107813	P1-1-1299	0	-
1238	163.77	164.664	G3	36	32	0	0	107850	P1-1-1300	0	-
1239	164.061	164.583	D4	33	37	0	0	108000	P1-1-1303	0	-
1240	164.085	165.369	G5	56	50	0	0	108000	P1-1-1301	0	-
1241	164.148	164.6	B4	36	35	0	0	108000	P1-1-1302	0	-
1242	164.419	164.748	G4	31	26	0	0	108150	P1-1-1304	0	-
1243	164.488	164.859	C5	39	30	0	0	108188	P1-1-1305	0	-
1244	164.65	164.853	E4	37	34	0	0	108300	P1-1-1306	0	-
1245	164.74	164.959	D5	47	54	0	0	108375	P1-1-1307	0	-
1246	164.871	164.991	D4	29	52	0	0	108450	P1-1-1308	0	-
1247	164.959	165.051	E5	50	59	0	0	108563	P1-1-1309	0	-
1248	165.038	165.274	G3	32	35	0	0	108600	P1-1-1310	0	-
1249	165.217	165.411	F5	48	54	0	0	108750	P1-1-1311	0	-
1250	165.272	165.563	Eb4	46	37	0	0	108750	P1-1-1312	0	-
1251	165.443	165.668	G#5	48	54	0	0	108938	P1-1-1314	0	-
1252	165.456	165.738	F#5	45	31	0	0	108938	P1-1-1315	0	-
1253	165.505	165.655	C5	41	53	0	0	-1	*	3	-
1254	165.662	165.849	A5	59	62	0	0	109125	P1-1-1317	0	-
1255	165.711	165.765	F#4	35	58	0	0	109050	P1-1-1316	0	-
1256	165.744	165.816	Eb5	16	37	0	0	109125	P1-1-1318	0	-
1257	165.82	165.952	D4	35	51	0	0	109200	P1-1-1319	0	-
1258	165.873	165.996	Bb5	64	63	0	0	109313	P1-1-1320	0	-
1259	165.875	165.929	D5	50	59	0	0	109313	P1-1-1321	0	-
1260	166.02	166.155	G3	30	48	0	0	109350	P1-1-1322	0	-
1261	166.102	166.297	B5	57	59	0	0	109500	P1-1-1324	0	-
1262	166.113	166.288	G5	49	43	0	0	109500	P1-1-1323	0	-
1263	166.153	166.349	D4	41	38	0	0	109500	P1-1-1325	0	-
1264	166.3	166.508	C6	67	60	0	0	109688	P1-1-1328	0	-
1265	166.341	166.506	A5	46	51	0	0	109688	P1-1-1327	0	-
1266	166.359	166.453	B4	47	45	0	0	109650	P1-1-1326	0	-
1267	166.513	166.715	C#6	63	62	0	0	109875	P1-1-1331	0	-
1268	166.52	166.581	G4	44	60	0	0	109800	P1-1-1329	0	-
1269	166.538	166.737	Bb5	56	47	0	0	109875	P1-1-1330	0	-
1270	166.628	166.757	D4	46	50	0	0	109950	P1-1-1332	0	-
1271	166.733	166.934	D6	55	52	0	0	110063	P1-1-1334	0	-
1272	166.736	166.878	B5	51	47	0	0	110063	P1-1-1333	0	-
1273	166.785	166.926	G3	43	48	0	0	110100	P1-1-1335	0	-
1274	166.97	167.189	E6	56	56	0	0	110250	P1-1-1337	0	-
1275	166.99	167.228	C6	49	43	0	0	110250	P1-1-1336	0	-
1276	166.997	167.216	E4	40	33	0	0	110250	P1-1-1338	0	-
1277	167.185	167.521	F#6	71	35	0	0	110438	P1-1-1341	0	-
1278	167.21	167.324	C5	46	54	0	0	110400	P1-1-1339	0	-
1279	167.222	167.379	G#5	43	49	0	0	110438	P1-1-1340	0	-
1280	167.376	167.442	F#4	47	57	0	0	110550	P1-1-1342	0	-
1281	167.387	167.693	E6	61	37	0	0	110625	P1-1-1344	0	-
1282	167.441	167.636	A5	42	23	0	0	110625	P1-1-1343	0	-
1283	167.504	167.629	D4	42	51	0	0	110700	P1-1-1345	0	-
1284	167.582	168.061	D6	70	42	0	0	110813	P1-1-1347	0	-
1285	167.615	167.747	Bb5	50	48	0	0	110813	P1-1-1346	0	-
1286	167.65	167.834	G3	42	37	0	0	110850	P1-1-1348	0	-
1287	167.828	167.913	G6	66	65	0	0	111000	P1-1-1350	0	-
1288	167.832	167.985	D4	44	51	0	0	111000	P1-1-1351	0	-
1289	167.835	168.005	B5	48	56	0	0	111000	P1-1-1349	0	-
1290	168.028	168.142	B4	44	39	0	0	111150	P1-1-1352	0	-
1291	168.033	168.273	F#6	72	56	0	0	111188	P1-1-1354	0	-
1292	168.045	168.148	A5	49	34	0	0	111188	P1-1-1353	0	-
1293	168.196	168.266	G4	43	56	0	0	111300	P1-1-1355	0	-
1294	168.227	168.464	E6	64	51	0	0	111375	P1-1-1357	0	-
1295	168.239	168.433	Bb5	57	35	0	0	111375	P1-1-1356	0	-
1296	168.298	168.407	D4	39	48	0	0	111450	P1-1-1358	0	-
1297	168.413	168.899	D6	69	45	0	0	111563	P1-1-1360	0	-
1298	168.436	168.532	B5	51	50	0	0	111563	P1-1-1359	0	-
1299	168.441	168.555	G3	43	49	0	0	111600	P1-1-1361	0	-
1300	168.627	168.709	G6	67	64	0	0	111750	P1-1-1363	0	-
1301	168.643	168.857	E4	46	31	0	0	111750	P1-1-1364	0	-
1302	168.65	168.875	C6	49	58	0	0	111750	P1-1-1362	0	-
1303	168.846	169.107	F#6	66	32	0	0	111938	P1-1-1367	0	-
1304	168.85	168.946	C5	46	54	0	0	111900	P1-1-1365	0	-
1305	168.913	168.96	G#5	28	52	0	0	111938	P1-1-1366	0	-
1306	169.004	169.076	F#4	43	60	0	0	112050	P1-1-1368	0	-
1307	169.049	169.233	E6	58	52	0	0	112125	P1-1-1370	0	-
1308	169.091	169.242	A5	32	27	0	0	112125	P1-1-1369	0	-
1309	169.144	169.232	D4	36	51	0	0	112200	P1-1-1371	0	-
1310	169.237	169.702	D6	55	19	0	0	112313	P1-1-1373	0	-
1311	169.271	169.351	Bb5	42	53	0	0	112313	P1-1-1372	0	-
1312	169.275	169.47	G3	37	36	0	0	112350	P1-1-1374	0	-
1313	169.47	169.625	D4	36	50	0	0	112500	P1-1-1377	0	-
1314	169.492	169.71	B5	44	35	0	0	112500	P1-1-1375	0	-
1315	169.494	169.561	G6	50	62	0	0	112500	P1-1-1376	0	-
1316	169.687	169.769	B4	34	51	0	0	112650	P1-1-1378	0	-
1317	169.707	169.988	F#6	58	37	0	0	112688	P1-1-1380	0	-
1318	169.724	169.871	A5	35	31	0	0	112688	P1-1-1379	0	-
1319	169.832	169.9	G4	39	57	0	0	112800	P1-1-1381	0	-
1320	169.93	170.18	E6	49	34	0	0	112875	P1-1-1383	0	-
1321	169.943	170.031	D4	38	48	0	0	112950	P1-1-1384	0	-
1322	169.946	170.063	Bb5	46	36	0	0	112875	P1-1-1382	0	-
1323	170.1	170.237	G3	38	46	0	0	113100	P1-1-1387	0	-
1324	170.132	170.672	D6	55	39	0	0	113063	P1-1-1386	0	-
1325	170.158	170.241	B5	31	42	0	0	113063	P1-1-1385	0	-
1326	170.349	170.422	G6	55	56	0	0	113250	P1-1-1389	0	-
1327	170.366	170.597	E4	36	32	0	0	113250	P1-1-1390	0	-
1328	170.386	170.675	C6	45	32	0	0	113250	P1-1-1388	0	-
1329	170.591	170.701	C5	40	54	0	0	113400	P1-1-1391	0	-
1330	170.599	171.02	F#6	59	30	0	0	113438	P1-1-1393	0	-
1331	170.669	170.796	G#5	20	31	0	0	113438	P1-1-1392	0	-
1332	170.766	170.86	F#4	39	57	0	0	113550	P1-1-1394	0	-
1333	170.841	171.144	E6	52	35	0	0	113625	P1-1-1396	0	-
1334	170.91	171.1	A5	23	39	0	0	113625	P1-1-1395	0	-
1335	170.926	171.059	D4	39	50	0	0	113700	P1-1-1397	0	-
1336	171.077	171.324	D6	52	50	0	0	113813	P1-1-1399	0	-
1337	171.095	171.315	G3	30	35	0	0	113850	P1-1-1400	0	-
1338	171.097	171.273	Bb5	46	34	0	0	113813	P1-1-1398	0	-
1339	171.396	171.733	G6	54	51	0	0	-1	*	3	-
1340	171.443	171.692	B5	25	42	0	0	114000	P1-1-1402	0	-
1341	171.445	171.905	D4	37	40	0	0	114000	P1-1-1403	0	-
1342	171.686	171.795	A6	53	59	0	0	-1	*	3	-
1343	171.822	171.883	G6	44	60	0	0	114000	P1-1-1401	0	-
1344	171.849	172.095	B4	39	36	0	0	-1	*	3	-
1345	171.926	171.959	A6	56	55	0	0	-1	*	3	-
1346	172.008	172.04	G6	49	59	0	0	-1	*	3	-
1347	172.054	172.101	A6	68	59	0	0	-1	*	3	-
1348	172.098	172.298	E4	35	35	0	0	114300	P1-1-1405	0	-
1349	172.132	172.169	G6	54	58	0	0	-1	*	3	-
1350	172.196	172.24	A6	58	58	0	0	-1	*	3	-
1351	172.249	172.296	G6	63	63	0	0	-1	*	3	-
1352	172.274	172.507	D4	42	33	0	0	114450	P1-1-1406	0	-
1353	172.315	172.501	A6	61	58	0	0	-1	*	3	-
1354	172.376	172.43	G6	60	59	0	0	-1	*	3	-
1355	172.472	172.671	G3	43	34	0	0	114600	P1-1-1407	0	-
1356	172.492	172.558	G6	52	62	0	0	-1	*	3	-
1357	172.638	172.689	G6	53	60	0	0	-1	*	3	-
1358	172.709	172.766	A6	55	57	0	0	-1	*	3	-
1359	172.78	172.826	G6	53	61	0	0	-1	*	3	-
1360	172.79	172.922	B3	40	60	0	0	114750	P1-1-1408	0	-
1361	172.85	172.893	A6	54	51	0	0	-1	*	3	-
1362	172.918	172.96	G6	64	63	0	0	-1	*	3	-
1363	172.983	173.043	A6	69	60	0	0	-1	*	3	-
1364	173.05	173.116	G6	66	62	0	0	-1	*	3	-
1365	173.103	173.263	D5	46	36	0	0	-1	*	3	-
1366	173.127	173.183	A6	63	56	0	0	-1	*	3	-
1367	173.192	173.264	G6	60	62	0	0	-1	*	3	-
1368	173.279	173.327	A6	60	50	0	0	-1	*	3	-
1369	173.327	173.546	F#4	46	37	0	0	115050	P1-1-1410	0	-
1370	173.331	173.399	G6	53	62	0	0	-1	*	3	-
1371	173.413	173.465	A6	60	50	0	0	-1	*	3	-
1372	173.469	173.535	G6	51	62	0	0	-1	*	3	-
1373	173.546	173.602	A6	55	48	0	0	-1	*	3	-
1374	173.567	173.787	E4	44	42	0	0	115200	P1-1-1411	0	-
1375	173.612	173.676	G6	55	62	0	0	-1	*	3	-
1376	173.685	173.748	A6	65	58	0	0	-1	*	3	-
1377	173.763	173.824	G6	59	59	0	0	-1	*	3	-
1378	173.774	174.029	B3	38	32	0	0	115350	P1-1-1412	0	-
1379	173.843	173.894	A6	57	51	0	0	-1	*	3	-
1380	173.91	173.972	G6	61	61	0	0	-1	*	3	-
1381	173.999	174.039	A6	50	53	0	0	-1	*	3	-
1382	174.029	174.097	D4	44	60	0	0	115500	P1-1-1413	0	-
1383	174.049	174.109	G6	60	61	0	0	-1	*	3	-
1384	174.14	174.189	A6	54	49	0	0	-1	*	3	-
1385	174.203	174.264	G6	63	60	0	0	-1	*	3	-
1386	174.29	174.33	A6	56	52	0	0	-1	*	3	-
1387	174.344	174.536	G5	32	40	0	0	-1	*	3	-
1388	174.35	174.405	G6	64	59	0	0	-1	*	3	-
1389	174.433	174.474	A6	56	50	0	0	-1	*	3	-
1390	174.493	174.554	G6	63	61	0	0	-1	*	3	-
1391	174.581	174.623	A6	54	50	0	0	-1	*	3	-
1392	174.607	174.827	C5	39	36	0	0	-1	*	3	-
1393	174.625	174.699	G6	55	63	0	0	-1	*	3	-
1394	174.714	174.769	A6	53	49	0	0	-1	*	3	-
1395	174.769	174.847	G6	53	64	0	0	-1	*	3	-
1396	174.847	175.006	B4	42	34	0	0	-1	*	3	-
1397	174.863	174.91	A6	54	49	0	0	-1	*	3	-
1398	174.918	174.985	G6	53	62	0	0	-1	*	3	-
1399	175.002	175.052	A6	55	49	0	0	-1	*	3	-
1400	175.061	175.214	D4	29	35	0	0	116100	P1-1-1417	0	-
1401	175.061	175.129	G6	56	62	0	0	-1	*	3	-
1402	175.157	175.191	A6	49	56	0	0	-1	*	3	-
1403	175.201	175.269	G6	57	62	0	0	-1	*	3	-
1404	175.295	175.341	A6	53	47	0	0	-1	*	3	-
1405	175.319	175.394	G4	43	61	0	0	116250	P1-1-1418	0	-
1406	175.346	175.408	G6	53	61	0	0	-1	*	3	-
1407	175.441	175.497	A6	39	48	0	0	-1	*	3	-
1408	175.49	175.551	G6	56	60	0	0	-1	*	3	-
1409	175.571	175.628	A6	40	47	0	0	-1	*	3	-
1410	175.623	175.688	G6	49	59	0	0	-1	*	3	-
1411	175.646	176.06	B5	44	29	0	0	-1	*	3	-
1412	175.699	175.763	A6	49	45	0	0	-1	*	3	-
1413	175.747	175.89	G6	44	64	0	0	-1	*	3	-
1414	175.819	175.977	A6	50	64	0	0	-1	*	3	-
1415	175.89	176.017	G6	31	64	0	0	-1	*	3	-
1416	175.977	176.029	A6	28	41	0	0	-1	*	3	-
1417	176.004	176.375	F#5	44	42	0	0	-1	*	3	-
1418	176.017	176.156	G6	21	64	0	0	-1	*	3	-
1419	176.077	176.147	A6	46	46	0	0	-1	*	3	-
1420	176.156	176.206	G6	26	60	0	0	-1	*	3	-
1421	176.217	176.268	A6	42	48	0	0	-1	*	3	-
1422	176.273	176.329	G6	43	59	0	0	-1	*	3	-
1423	176.343	176.394	A6	50	50	0	0	-1	*	3	-
1424	176.382	177.082	E5	44	41	0	0	-1	*	3	-
1425	176.4	176.458	G6	50	58	0	0	-1	*	3	-
1426	176.477	176.524	A6	45	50	0	0	-1	*	3	-
1427	176.524	176.594	G6	51	61	0	0	-1	*	3	-
1428	176.626	176.669	A6	43	52	0	0	-1	*	3	-
1429	176.665	176.732	G6	48	61	0	0	-1	*	3	-
1430	176.763	176.808	A6	42	51	0	0	-1	*	3	-
1431	176.806	176.877	G6	49	60	0	0	-1	*	3	-
1432	176.906	176.954	A6	39	48	0	0	-1	*	3	-
1433	176.947	177.013	G6	44	59	0	0	-1	*	3	-
1434	177.02	177.087	A6	45	49	0	0	-1	*	3	-
1435	177.094	177.153	G6	44	59	0	0	-1	*	3	-
1436	177.176	177.218	A6	53	50	0	0	-1	*	3	-
1437	177.233	177.274	G6	52	57	0	0	-1	*	3	-
1438	177.311	177.348	A6	51	54	0	0	-1	*	3	-
1439	177.368	177.411	G6	64	54	0	0	-1	*	3	-
1440	177.46	177.5	A6	43	55	0	0	-1	*	3	-
1441	177.508	177.544	G6	60	57	0	0	-1	*	3	-
1442	177.597	177.631	A6	46	55	0	0	-1	*	3	-
1443	177.643	177.689	G6	65	59	0	0	-1	*	3	-
1444	177.737	177.846	A6	42	64	0	0	-1	*	3	-
1445	177.771	177.824	G6	57	59	0	0	-1	*	3	-
1446	177.846	177.873	A6	38	63	0	0	-1	*	3	-
1447	177.943	178.178	D5	43	57	0	0	-1	*	3	-
1448	178.103	178.297	G5	41	50	0	0	-1	*	3	-
1449	178.128	178.202	B5	54	57	0	0	-1	*	3	-
1450	178.266	178.326	G6	65	61	0	0	-1	*	3	-
1451	178.359	178.434	D6	54	50	0	0	-1	*	3	-
1452	182.106	183.937	G4	38	34	0	0	118500	P1-1-1429	0	-
1453	182.118	183.834	B3	29	29	0	0	118500	P1-1-1428	0	-
1454	182.145	184.028	D3	23	27	0	0	118500	P1-1-1430	0	-
1455	182.148	184.208	G2	25	31	0	0	118500	P1-1-1431	0	-
1456	184.687	185.301	B4	29	30	0	0	119625	P1-1-1433	0	-
1457	184.717	185.105	D4	22	34	0	0	119625	P1-1-1432	0	-
1458	184.723	185.108	D2	21	37	0	0	119625	P1-1-1434	0	-
1459	186.124	191.703	G4	33	28	0	0	120000	P1-1-1436	0	-
1460	186.145	191.532	B3	27	19	0	0	120000	P1-1-1435	0	-
1461	186.158	191.435	D3	15	19	0	0	120000	P1-1-1438	0	-
1462	186.162	191.629	G2	25	19	0	0	120000	P1-1-1437	0	-
//Missing 0	P1-1-1
//Missing 750	P1-1-7
//Missing 1500	P1-1-13
//Missing 2250	P1-1-19
//Missing 3000	P1-1-25
//Missing 3750	P1-1-31
//Missing 4500	P1-1-37
//Missing 5250	P1-1-45
//Missing 6000	P1-1-53
//Missing 6750	P1-1-61
//Missing 7500	P1-1-67
//Missing 8250	P1-1-73
//Missing 9000	P1-1-81
//Missing 9750	P1-1-89
//Missing 10500	P1-1-95
//Missing 11250	P1-1-102
//Missing 12750	P1-1-113
//Missing 13500	P1-1-120
//Missing 14250	P1-1-126
//Missing 15000	P1-1-132
//Missing 15750	P1-1-140
//Missing 16500	P1-1-148
//Missing 17250	P1-1-154
//Missing 18000	P1-1-160
//Missing 25123	P1-1-270
//Missing 25500	P1-1-273
//Missing 25500	P1-1-275
//Missing 26250	P1-1-283
//Missing 27000	P1-1-290
//Missing 27750	P1-1-300
//Missing 28500	P1-1-306
//Missing 29250	P1-1-312
//Missing 30000	P1-1-320
//Missing 30750	P1-1-328
//Missing 31500	P1-1-336
//Missing 32250	P1-1-342
//Missing 33000	P1-1-348
//Missing 33750	P1-1-356
//Missing 34500	P1-1-364
//Missing 35250	P1-1-370
//Missing 36000	P1-1-378
//Missing 37500	P1-1-390
//Missing 38250	P1-1-397
//Missing 39000	P1-1-403
//Missing 39750	P1-1-410
//Missing 40500	P1-1-418
//Missing 41250	P1-1-428
//Missing 42000	P1-1-434
//Missing 42750	P1-1-440
//Missing 47437	P1-1-513
//Missing 53250	P1-1-590
//Missing 64234	P1-1-706
//Missing 65250	P1-1-710
//Missing 66350	P1-1-714
//Missing 66350	P1-1-717
//Missing 66350	P1-1-718
//Missing 66350	P1-1-720
//Missing 66350	P1-1-723
//Missing 66350	P1-1-724
//Missing 66350	P1-1-725
//Missing 66350	P1-1-726
//Missing 66350	P1-1-727
//Missing 66350	P1-1-728
//Missing 66350	P1-1-729
//Missing 66350	P1-1-730
//Missing 66350	P1-1-731
//Missing 66350	P1-1-732
//Missing 66350	P1-1-733
//Missing 66350	P1-1-735
//Missing 66350	P1-1-736
//Missing 66350	P1-1-737
//Missing 66350	P1-1-738
//Missing 66350	P1-1-739
//Missing 66350	P1-1-740
//Missing 66350	P1-1-741
//Missing 66350	P1-1-743
//Missing 66350	P1-1-744
//Missing 66350	P1-1-745
//Missing 66350	P1-1-746
//Missing 66350	P1-1-747
//Missing 66350	P1-1-748
//Missing 66350	P1-1-749
//Missing 66350	P1-1-751
//Missing 66350	P1-1-752
//Missing 66350	P1-1-753
//Missing 66350	P1-1-756
//Missing 66350	P1-1-757
//Missing 66350	P1-1-758
//Missing 66350	P1-1-759
//Missing 66350	P1-1-760
//Missing 66350	P1-1-761
//Missing 66350	P1-1-762
//Missing 71250	P1-1-823
//Missing 72000	P1-1-837
//Missing 72750	P1-1-845
//Missing 73500	P1-1-851
//Missing 73500	P1-1-853
//Missing 73500	P1-1-855
//Missing 73592	P1-1-856
//Missing 73687	P1-1-860
//Missing 73786	P1-1-861
//Missing 73961	P1-1-867
//Missing 74342	P1-1-878
//Missing 74536	P1-1-883
//Missing 74721	P1-1-890
//Missing 74904	P1-1-895
//Missing 75000	P1-1-900
//Missing 75750	P1-1-911
//Missing 76200	P1-1-915
//Missing 76500	P1-1-920
//Missing 77250	P1-1-926
//Missing 78000	P1-1-935
//Missing 78750	P1-1-943
//Missing 79500	P1-1-949
//Missing 80250	P1-1-957
//Missing 81000	P1-1-963
//Missing 81000	P1-1-965
//Missing 81000	P1-1-967
//Missing 81092	P1-1-969
//Missing 81187	P1-1-972
//Missing 81286	P1-1-974
//Missing 81375	P1-1-977
//Missing 81461	P1-1-980
//Missing 81654	P1-1-985
//Missing 81750	P1-1-989
//Missing 82036	P1-1-996
//Missing 82125	P1-1-999
//Missing 82221	P1-1-1002
//Missing 82404	P1-1-1008
//Missing 82500	P1-1-1012
//Missing 83250	P1-1-1026
//Missing 83344	P1-1-1027
//Missing 84000	P1-1-1038
//Missing 84750	P1-1-1046
//Missing 85500	P1-1-1054
//Missing 86250	P1-1-1062
//Missing 87000	P1-1-1068
//Missing 87750	P1-1-1074
//Missing 88500	P1-1-1082
//Missing 89250	P1-1-1090
//Missing 90000	P1-1-1096
//Missing 90750	P1-1-1104
//Missing 91500	P1-1-1113
//Missing 91637	P1-1-1115
//Missing 92250	P1-1-1123
//Missing 93000	P1-1-1129
//Missing 93750	P1-1-1137
//Missing 94500	P1-1-1145
//Missing 95250	P1-1-1155
//Missing 96000	P1-1-1161
//Missing 96750	P1-1-1169
//Missing 97500	P1-1-1177
//Missing 98250	P1-1-1187
//Missing 99000	P1-1-1193
//Missing 99750	P1-1-1199
//Missing 100500	P1-1-1207
//Missing 101250	P1-1-1213
//Missing 102000	P1-1-1220
//Missing 102750	P1-1-1226
//Missing 103375	P1-1-1234
//Missing 105900	P1-1-1265
//Missing 114150	P1-1-1404
//Missing 114900	P1-1-1409
//Missing 115650	P1-1-1414
//Missing 115800	P1-1-1415
//Missing 115950	P1-1-1416
//Missing 116400	P1-1-1419
//Missing 116550	P1-1-1420
//Missing 116700	P1-1-1421
//Missing 116850	P1-1-1422
//Missing 22781	P1-1-234
//Missing 52500	P1-1-581
//Missing 64031	P1-1-703
//Missing 64125	P1-1-704
//Missing 64234	P1-1-705
//Missing 64312	P1-1-707
//Missing 64406	P1-1-708
//Missing 64500	P1-1-709
//Missing 66750	P1-1-764
//Missing 66842	P1-1-765
//Missing 66937	P1-1-766
//Missing 73875	P1-1-865
//Missing 74062	P1-1-870
//Missing 74154	P1-1-872
//Missing 74250	P1-1-875
//Missing 74625	P1-1-887
//Missing 74721	P1-1-889
//Missing 81842	P1-1-991
//Missing 81937	P1-1-994
//Missing 82221	P1-1-1001
//Missing 82312	P1-1-1004
//Missing 82500	P1-1-1010
//Missing 83250	P1-1-1024
//Missing 91800	P1-1-1117
//Missing 96300	P1-1-1163
//Missing 98000	P1-1-1183
//Missing 108900	P1-1-1313
//Missing 117000	P1-1-1424
//Missing 117000	P1-1-1423
//Missing 117066	P1-1-1425
//Missing 117132	P1-1-1426
//Missing 117197	P1-1-1427
