// alignID alignOntime alignSitch alignPitch alignOnvel refID refOntime refSitch refPitch refOnvel
0	0.51125	C#2	37	34	0	0	C#2	37	25	
1	1.43406	G#3	56	39	1	0.5	G#3	56	25	
2	2.00812	F4	65	40	3	1	F4	65	25	
3	2.0175	C#4	61	41	2	1	C#4	61	25	
4	2.59031	F#4	66	43	5	1.5	F#4	66	25	
5	2.6425	C4	60	35	4	1.5	C4	60	25	
6	3.17687	G#3	56	43	6	2	G#3	56	25	
7	4.56125	C#2	37	41	7	3	C#2	37	25	
8	5.30594	G#3	56	41	8	3.5	G#3	56	25	
9	5.86437	F4	65	46	10	4	F4	65	25	
10	5.885	C#4	61	41	9	4	C#4	61	25	
11	6.50813	F#4	66	43	12	4.5	F#4	66	25	
12	6.54969	C4	60	34	11	4.5	C4	60	25	
13	7.14562	G#3	56	38	13	5	G#3	56	25	
14	8.57375	C#2	37	37	15	6	C#2	37	25	
15	8.69031	F5	77	70	14	6	F5	77	33	
16	9.55375	G#3	56	38	16	6.5	G#3	56	25	
17	10.1144	F4	65	33	18	7	F4	65	25	
18	10.135	C#4	61	34	17	7	C#4	61	25	
19	10.7434	F#4	66	38	21	7.5	F#4	66	25	
20	10.7694	C4	60	35	20	7.5	C4	60	25	
21	10.7769	Eb5	75	59	19	7.5	Eb5	75	33	
22	11.4778	G#3	56	41	23	8	G#3	56	25	
23	11.4819	G#5	80	62	22	8	G#5	80	33	
24	12.0247	F5	77	64	24	8.5	F5	77	33	
25	12.5216	C#2	37	38	26	9	C#2	37	25	
26	12.6069	Eb5	75	59	25	9	Eb5	75	33	
27	13.2112	F5	77	63	27	9.5	F5	77	33	
28	13.2581	G#3	56	41	28	9.5	G#3	56	25	
29	13.7412	C#5	73	66	29	10	C#5	73	33	
30	13.7631	C#4	61	36	30	10	C#4	61	25	
31	13.7675	F4	65	34	31	10	F4	65	25	
32	14.2737	F#4	66	46	34	10.5	F#4	66	25	
33	14.2778	Bb4	70	61	32	10.5	Bb4	70	33	
34	14.3019	Eb4	63	39	33	10.5	C4	60	25	
35	14.8216	C5	72	65	35	11	C5	72	33	
36	14.8425	G#3	56	43	36	11	G#3	56	25	
37	15.38	Eb5	75	64	37	11.5	Eb5	75	33	
38	15.9319	C#2	37	40	39	12	C#2	37	25	
39	16.01	G#4	68	63	38	12	G#4	68	33	
40	16.6278	C#5	73	68	40	12.5	C#5	73	33	
41	16.6831	G#3	56	36	41	12.5	G#3	56	25	
42	17.1456	F4	65	43	43	13	F4	65	25	
43	17.1559	C#4	61	41	42	13	C#4	61	25	
44	17.6778	F#4	66	43	46	13.5	F#4	66	25	
45	17.6841	Eb5	75	66	44	13.5	Eb5	75	33	
46	17.7006	C4	60	38	45	13.5	C4	60	25	
47	18.1997	F#5	78	74	47	14	F#5	78	33	
48	18.2278	G#3	56	46	48	14	G#3	56	25	
49	18.7247	Bb5	82	71	49	14.5	Bb5	82	33	
50	19.2287	C#2	37	39	51	15	C#2	37	25	
51	19.3319	G#5	80	66	50	15	G#5	80	33	
52	19.9519	F#5	78	64	52	15.5	F#5	78	33	
53	19.9863	G#3	56	33	53	15.5	G#3	56	25	
54	20.455	F5	77	60	54	16	F5	77	33	
55	20.4809	F4	65	35	56	16	F4	65	25	
56	20.4934	C#4	61	35	55	16	C#4	61	25	
57	21.005	F#4	66	40	59	16.5	F#4	66	25	
58	21.0206	C4	60	30	58	16.5	C4	60	25	
59	21.0247	Eb5	75	52	57	16.5	Eb5	75	33	
60	21.6131	C#5	73	53	60	17	C#5	73	33	
61	21.6237	G#3	56	40	61	17	G#3	56	25	
62	22.2144	Eb5	75	51	62	17.5	Eb5	75	33	
63	22.23	C5	72	48	63	17.5	C5	72	33	
64	22.8756	C#2	37	32	66	18	C#2	37	25	
65	22.9894	F5	77	50	64	18	F5	77	33	
66	23.01	C#5	73	45	65	18	C#5	73	33	
67	23.7966	C5	72	45	67	18.5	C5	72	33	
68	23.8037	G#3	56	27	68	18.5	G#3	56	25	
69	24.3644	Bb4	70	51	69	19	Bb4	70	33	
70	24.3756	C#4	61	34	70	19	C#4	61	25	
71	24.3975	F4	65	35	71	19	F4	65	25	
72	24.9194	F#4	66	45	75	19.5	F#4	66	25	
73	24.9778	Eb5	75	63	72	19.5	Eb5	75	33	
74	24.9912	Eb4	63	32	74	19.5	Eb4	63	25	
75	25.0184	C5	72	51	73	19.5	C5	72	33	
76	25.6475	G#5	80	69	76	20	G#5	80	33	
77	25.6662	Bb4	70	53	77	20	Bb4	70	33	
78	25.6706	G#3	56	42	78	20	G#3	56	25	
79	26.1819	F5	77	70	79	20.5	F5	77	33	
80	26.1997	G#4	68	54	80	20.5	G#4	68	33	
81	26.6988	C#2	37	45	83	21	C#2	37	25	
82	26.8059	Eb5	75	65	81	21	Eb5	75	33	
83	26.8131	Bb4	70	55	82	21	Bb4	70	33	
84	27.3894	F5	77	71	84	21.5	F5	77	33	
85	27.4091	G#4	68	57	85	21.5	G#4	68	33	
86	27.4184	G#3	56	41	86	21.5	G#3	56	25	
87	27.9006	C#5	73	72	87	22	C#5	73	33	
88	27.9237	C#4	61	42	89	22	C#4	61	25	
89	27.9309	F4	65	48	88	22	F4	65	33	
90	28.435	Bb4	70	69	90	22.5	Bb4	70	33	
91	28.4537	Eb4	63	47	92	22.5	Eb4	63	25	
92	28.4787	F#4	66	48	91	22.5	F#4	66	33	
93	29.0194	C5	72	64	93	23	C5	72	33	
94	29.0256	F4	65	49	94	23	F4	65	33	
95	29.0425	G#3	56	42	95	23	G#3	56	25	
96	29.5519	Eb5	75	60	96	23.5	Eb5	75	33	
97	29.5862	Eb4	63	43	97	23.5	Eb4	63	33	
98	30.1278	C#2	37	40	100	24	C#2	37	25	
99	30.2122	G#4	68	63	98	24	G#4	68	33	
100	30.2403	F#4	66	46	99	24	F#4	66	33	
101	30.8581	C#5	73	68	101	24.5	C#5	73	33	
102	30.9028	G#3	56	36	103	24.5	G#3	56	25	
103	30.9069	F4	65	33	102	24.5	F4	65	33	
104	31.3756	Bb4	70	56	104	25	Bb4	70	33	
105	31.3987	C#4	61	37	105	25	C#4	61	25	
106	31.4037	F4	65	37	106	25	F4	65	25	
107	31.9194	Eb5	75	64	107	25.5	Eb5	75	33	
108	31.9403	F#4	66	51	110	25.5	F#4	66	25	
109	31.9403	C5	72	54	108	25.5	C5	72	33	
110	31.9956	Eb4	63	31	109	25.5	Eb4	63	25	
111	32.4456	F#5	78	70	111	26	F#5	78	33	
112	32.4684	Bb4	70	58	112	26	Bb4	70	33	
113	32.4925	G#3	56	44	113	26	G#3	56	25	
114	32.9809	Bb5	82	75	114	26.5	Bb5	82	33	
115	32.9862	G#4	68	67	115	26.5	G#4	68	33	
116	33.0131	G#5	80	34	*	-1	*	-1	-1	
117	33.4841	C#2	37	56	118	27	C#2	37	25	
118	33.5631	G#5	80	73	116	27	G#5	80	33	
119	33.58	F5	77	60	117	27	F5	77	33	
120	34.2256	C#6	85	74	119	27.5	C#6	85	33	
121	34.2487	C5	72	58	120	27.5	C5	72	33	
122	34.2644	G#3	56	49	121	27.5	G#3	56	25	
123	34.7519	Bb5	82	72	122	28	Bb5	82	33	
124	34.7831	C#4	61	38	124	28	C#4	61	25	
125	34.7831	C#5	73	55	123	28	C#5	73	33	
126	34.7872	F4	65	33	125	28	F4	65	25	
127	35.2694	F#4	66	48	129	28.5	F#4	66	25	
128	35.2694	F#5	78	71	126	28.5	F#5	78	33	
129	35.2881	Eb4	63	36	128	28.5	Eb4	63	25	
130	35.3122	Eb5	75	43	127	28.5	Eb5	75	33	
131	35.6278	Bb4	70	58	131	29	Bb4	70	33	
132	35.7694	C6	84	64	130	29	C6	84	33	
133	35.7737	G#3	56	49	132	29	G#3	56	25	
134	36.3122	G#5	80	60	133	29.5	G#5	80	33	
135	36.3528	C5	72	46	134	29.5	C5	72	33	
136	36.9038	C#2	37	39	137	30	C#2	37	25	
137	36.9934	F5	77	65	135	30	F5	77	33	
138	37.0269	C#5	73	44	136	30	C#5	73	33	
139	37.7059	Bb5	82	36	138	30.5	Bb5	82	33	
140	37.7287	G#3	56	40	140	30.5	G#3	56	25	
141	37.7331	G#4	68	47	139	30.5	G#4	68	33	
142	38.2591	F#5	78	56	141	31	F#5	78	33	
143	38.2725	Bb4	70	49	142	31	Bb4	70	33	
144	38.3122	C#4	61	31	143	31	C#4	61	25	
145	38.3256	F4	65	30	144	31	F4	65	25	
146	38.8319	F#4	66	46	148	31.5	F#4	66	25	
147	38.8319	Eb5	75	58	145	31.5	Eb5	75	33	
148	38.8497	C5	72	48	146	31.5	C5	72	33	
149	38.8819	Eb4	63	24	147	31.5	Eb4	63	25	
150	39.4269	G#5	80	59	149	32	G#5	80	33	
151	39.4537	F#4	66	29	150	32	F#4	66	33	
152	39.4747	G#3	56	43	151	32	G#3	56	25	
153	39.9372	F5	77	65	152	32.5	F5	77	33	
154	39.9631	G#4	68	47	153	32.5	G#4	68	33	
155	40.4653	C#2	37	37	156	33	C#2	37	25	
156	40.5591	Eb5	75	62	154	33	Eb5	75	33	
157	40.5756	Bb4	70	47	155	33	Bb4	70	33	
158	41.1613	F5	77	66	157	33.5	F5	77	33	
159	41.1778	F4	65	40	158	33.5	F4	65	33	
160	41.2028	G#3	56	41	159	33.5	G#3	56	25	
161	41.6831	C#4	61	40	162	34	C#4	61	25	
162	41.6872	C#5	73	64	160	34	C#5	73	33	
163	41.705	F4	65	24	163	34	F4	65	25	
164	41.7091	G#4	68	55	161	34	G#4	68	33	
165	42.2653	Bb4	70	58	164	34.5	Bb4	70	33	
166	42.2863	Eb4	63	39	165	34.5	Eb4	63	25	
167	42.8319	C5	72	53	166	35	C5	72	33	
168	42.8612	G#3	56	37	168	35	G#3	56	25	
169	42.8684	G4	67	41	167	35	G4	67	33	
170	43.4091	Eb5	75	53	169	35.5	Eb5	75	33	
171	43.435	F#4	66	42	170	35.5	F#4	66	33	
172	43.9872	C#2	37	38	172	36	C#2	37	25	
173	44.1122	G#4	68	55	171	36	G#4	68	33	
174	44.4716	F4	65	29	173	36.25	F4	65	33	
175	44.7631	C#5	73	60	174	36.5	C#5	73	33	
176	44.7912	G#3	56	33	175	36.5	G#3	56	25	
177	45.01	Eb4	63	55	176	36.75	Eb4	63	33	
178	45.2747	F4	65	36	179	37	F4	65	25	
179	45.2809	C#4	61	46	177	37	C#4	61	33	
180	45.5122	Bb4	70	59	180	37.25	Bb4	70	33	
181	45.7903	Eb5	75	64	181	37.5	Eb5	75	33	
182	45.8206	F#4	66	47	184	37.5	F#4	66	25	
183	45.8206	C#5	73	45	182	37.5	C#5	73	33	
184	45.8287	Eb4	63	45	183	37.5	Eb4	63	25	
185	46.0559	C5	72	63	185	37.75	C5	72	33	
186	46.3081	F#5	78	70	186	38	F#5	78	33	
187	46.335	G#3	56	44	187	38	G#3	56	25	
188	46.5559	Bb4	70	59	188	38.25	Bb4	70	33	
189	46.8256	G#4	68	52	190	38.5	G#4	68	33	
190	46.8256	Bb5	82	76	189	38.5	Bb5	82	33	
191	46.8362	G#5	80	43	*	-1	*	-1	-1	
192	47.0975	F#5	78	62	191	38.75	F#5	78	33	
193	47.3175	C#2	37	53	194	39	C#2	37	25	
194	47.405	G#5	80	73	192	39	G#5	80	33	
195	47.7153	F5	77	56	195	39.25	F5	77	33	
196	47.9988	C#6	85	76	196	39.5	C#6	85	33	
197	48.0162	G#3	56	46	197	39.5	G#3	56	25	
198	48.2497	Eb5	75	56	198	39.75	Eb5	75	33	
199	48.4997	Bb5	82	78	199	40	Bb5	82	33	
200	48.5153	F4	65	49	202	40	F4	65	25	
201	48.5569	C#4	61	42	201	40	C#4	61	25	
202	48.5569	F5	77	43	200	40	F5	77	33	
203	48.7425	C#5	73	64	203	40.25	C#5	73	33	
204	49.0153	F#5	78	76	204	40.5	F#5	78	33	
205	49.0412	F#4	66	49	207	40.5	F#4	66	25	
206	49.0559	Eb4	63	43	206	40.5	Eb4	63	25	
207	49.2809	D5	74	52	208	40.75	D5	74	33	
208	49.5434	C6	84	68	209	41	C6	84	33	
209	49.5694	G#3	56	51	211	41	G#3	56	25	
210	49.5737	Eb5	75	56	210	41	Eb5	75	33	
211	49.8184	G#4	68	53	212	41.25	G#4	68	33	
212	50.1112	G#5	80	65	213	41.5	G#5	80	33	
213	50.1381	E5	76	56	214	41.5	E5	76	33	
214	50.4528	G#4	68	54	215	41.75	G#4	68	33	
215	50.8787	C#2	37	37	218	42	C#2	37	25	
216	50.9831	F5	77	60	216	42	F5	77	33	
217	50.9903	G#5	80	53	217	42	G#5	80	33	
218	51.1653	G#4	68	45	219	42.0625	G#4	68	33	
219	51.8872	G#3	56	33	220	42.5	G#3	56	25	
220	52.4269	F4	65	35	222	43	F4	65	25	
221	52.4394	C#4	61	36	221	43	C#4	61	25	
222	52.9663	Eb5	75	54	223	43.5	Eb5	75	33	
223	52.98	G#5	80	53	224	43.5	G#5	80	33	
224	52.9912	C4	60	33	225	43.5	C4	60	25	
225	53.0059	F#4	66	45	226	43.5	F#4	66	25	
226	53.1381	G#4	68	50	227	43.5646	G#4	68	33	
227	53.6037	G#5	80	60	228	44	G#5	80	33	
228	53.6475	G#3	56	43	229	44	G#3	56	25	
229	53.7528	G#4	68	59	230	44.0646	G#4	68	33	
230	54.1131	F5	77	67	231	44.5	F5	77	33	
231	54.1309	G#5	80	58	232	44.5	G#5	80	33	
232	54.2612	G#4	68	57	233	44.5646	G#4	68	33	
233	54.6559	C#2	37	42	236	45	C#2	37	25	
234	54.7019	Eb5	75	53	234	45	Eb5	75	33	
235	54.7278	G#5	80	42	235	45	G#5	80	33	
236	54.8403	G#4	68	53	237	45.0646	G#4	68	33	
237	55.3381	F5	77	60	238	45.5	F5	77	33	
238	55.3569	G#5	80	53	239	45.5	G#5	80	33	
239	55.4319	G#3	56	36	240	45.5	G#3	56	25	
240	55.4725	G#4	68	55	241	45.5646	G#4	68	33	
241	55.8537	C#5	73	65	242	46	C#5	73	33	
242	55.8537	G#5	80	68	243	46	G#5	80	33	
243	55.8987	C#4	61	44	244	46	C#4	61	25	
244	55.9028	F4	65	42	245	46	F4	65	25	
245	55.9912	G#4	68	66	246	46.0646	G#4	68	33	
246	56.3631	Bb4	70	66	247	46.5	Bb4	70	33	
247	56.3934	G#5	80	51	248	46.5	G#5	80	33	
248	56.4028	F#4	66	49	250	46.5	F#4	66	25	
249	56.4206	Eb4	63	30	249	46.5	Eb4	63	25	
250	56.4694	G#4	68	57	251	46.5646	G#4	68	33	
251	56.8725	G#5	80	53	253	47	G#5	80	33	
252	56.8912	C5	72	53	252	47	C5	72	33	
253	56.93	G#3	56	37	254	47	G#3	56	25	
254	57.0225	G#4	68	54	255	47.0646	G#4	68	33	
255	57.4162	Eb5	75	53	256	47.5	Eb5	75	33	
256	57.4372	G#5	80	44	257	47.5	G#5	80	33	
257	57.5319	G#4	68	54	258	47.5646	G#4	68	33	
258	57.9903	G#5	80	49	259	48	G#5	80	33	
259	58.0144	C#2	37	37	260	48	C#2	37	25	
260	58.1216	G#4	68	51	261	48.0646	G#4	68	33	
261	58.6819	G#5	80	46	263	48.5	G#5	80	33	
262	58.6912	C5	72	51	262	48.5	C5	72	33	
263	58.7841	G#4	68	55	*	-1	*	-1	-1	
264	58.7881	G#3	56	40	264	48.5	G#3	56	25	
265	59.2091	C#5	73	69	266	49	C#5	73	33	
266	59.2278	G#5	80	62	267	49	G#5	80	33	
267	59.2912	F4	65	41	269	49	F4	65	25	
268	59.3019	C#4	61	37	268	49	C#4	61	25	
269	59.3331	G#4	68	60	270	49.0646	G#4	68	33	
270	59.7194	D5	74	65	271	49.5	D5	74	33	
271	59.7381	G#5	80	64	272	49.5	G#5	80	33	
272	59.7966	C4	60	41	273	49.5	C4	60	25	
273	59.7997	F#4	66	50	274	49.5	F#4	66	25	
274	59.8319	G#4	68	62	275	49.5646	G#4	68	33	
275	60.2381	Eb5	75	69	276	50	Eb5	75	33	
276	60.2475	G#5	80	61	277	50	G#5	80	33	
277	60.2809	G#3	56	50	278	50	G#3	56	25	
278	60.3644	G#4	68	63	279	50.0646	G#4	68	33	
279	60.7269	E5	76	68	280	50.5	E5	76	33	
280	60.7287	G#5	80	65	281	50.5	G#5	80	33	
281	60.8622	G#4	68	66	282	50.5646	G#4	68	33	
282	61.2706	C#2	37	45	285	51	C#2	37	25	
283	61.3028	G#5	80	63	284	51	G#5	80	33	
284	61.3372	F5	77	55	283	51	F5	77	33	
285	61.455	G#4	68	60	286	51.0646	G#4	68	33	
286	61.8738	Bb5	82	72	288	51.5	Bb5	82	33	
287	61.9216	F5	77	55	287	51.5	F5	77	33	
288	61.9631	G#3	56	48	289	51.5	G#3	56	25	
289	62.0341	G#4	68	65	290	51.5646	G#4	68	33	
290	62.3706	G5	79	79	292	52	G5	79	33	
291	62.4069	F5	77	51	291	52	F5	77	33	
292	62.4287	F4	65	45	294	52	F4	65	25	
293	62.4341	C#4	61	42	293	52	C#4	61	25	
294	62.5162	G#4	68	66	295	52.0646	G#4	68	33	
295	62.8987	G#5	80	72	297	52.5	G#5	80	33	
296	62.9184	F#5	78	62	296	52.5	F#5	78	33	
297	62.9403	F#4	66	49	299	52.5	F#4	66	25	
298	62.9475	C4	60	40	298	52.5	C4	60	25	
299	63.0613	G#4	68	64	300	52.5646	G#4	68	33	
300	63.4591	Bb5	82	68	302	53	Bb5	82	33	
301	63.4725	F#5	78	52	301	53	F#5	78	33	
302	63.4925	G#3	56	45	303	53	G#3	56	25	
303	63.6278	G#4	68	61	304	53.0646	G#4	68	33	
304	64.0519	F#5	78	59	305	53.5	F#5	78	33	
305	64.0537	G5	79	62	306	53.5	G5	79	33	
306	64.2569	G#4	68	51	307	53.5646	G#4	68	33	
307	64.8278	C#2	37	40	310	54	C#2	37	25	
308	64.9519	F5	77	50	309	54	F5	77	33	
309	65.0381	G#5	80	59	315	54.125	G#5	80	33	
310	65.2278	Bb5	82	54	316	54.1875	Bb5	82	33	
311	65.3519	G#5	80	64	317	54.25	G#5	80	33	
312	65.4725	Bb5	82	63	318	54.3125	Bb5	82	33	
313	65.5653	G#5	80	61	319	54.375	G#5	80	33	
314	65.6475	Bb5	82	67	320	54.4375	Bb5	82	33	
315	65.7237	G#3	56	39	322	54.5	G#3	56	25	
316	65.7425	G#5	80	57	321	54.5	G#5	80	33	
317	65.81	Bb5	82	61	323	54.5625	Bb5	82	33	
318	65.8912	G#5	80	67	324	54.625	G#5	80	33	
319	65.98	Bb5	82	62	325	54.6875	Bb5	82	33	
320	66.0631	G#5	80	55	326	54.75	G#5	80	33	
321	66.1475	Bb5	82	58	327	54.8125	Bb5	82	33	
322	66.2341	G#5	80	62	328	54.875	G#5	80	33	
323	66.3162	C#4	61	36	331	55	C#4	61	25	
324	66.3256	F4	65	33	332	55	F4	65	25	
325	66.3787	G5	79	61	330	55	G5	79	33	
326	66.5184	G#5	80	64	333	55.125	G#5	80	33	
327	66.6581	C#6	85	67	334	55.25	C#6	85	33	
328	66.7997	Bb5	82	61	335	55.375	Bb5	82	33	
329	66.9309	F#4	66	43	338	55.5	F#4	66	25	
330	66.96	F5	77	59	336	55.5	F5	77	33	
331	66.9787	Eb4	63	37	337	55.5	Eb4	63	25	
332	67.1006	F#5	78	56	339	55.625	F#5	78	33	
333	67.2122	C6	84	55	340	55.75	C6	84	33	
334	67.3475	G#5	80	54	341	55.875	G#5	80	33	
335	67.485	G#3	56	43	343	56	G#3	56	25	
336	67.485	E5	76	56	342	56	E5	76	33	
337	67.6131	F5	77	55	344	56.125	F5	77	33	
338	67.7278	Bb5	82	62	345	56.25	Bb5	82	33	
339	67.8569	F#5	78	57	346	56.375	F#5	78	33	
340	67.9831	D5	74	56	347	56.5	D5	74	33	
341	68.105	Eb5	75	55	348	56.625	Eb5	75	33	
342	68.2225	G#5	80	59	349	56.75	G#5	80	33	
343	68.3519	F5	77	55	350	56.875	F5	77	33	
344	68.4569	C#2	37	40	352	57	C#2	37	25	
345	68.51	C5	72	54	351	57	C5	72	33	
346	68.655	C#5	73	48	353	57.125	C#5	73	33	
347	68.7903	F#5	78	60	354	57.25	F#5	78	33	
348	68.9256	Eb5	75	49	355	57.375	Eb5	75	33	
349	69.0662	G#3	56	45	357	57.5	G#3	56	25	
350	69.0662	B4	71	54	356	57.5	B4	71	33	
351	69.1934	C5	72	56	358	57.625	C5	72	33	
352	69.305	F5	77	62	359	57.75	F5	77	33	
353	69.4381	C#5	73	58	360	57.875	C#5	73	33	
354	69.5662	A4	69	54	361	58	A4	69	33	
355	69.5819	C#4	61	36	362	58	C#4	61	25	
356	69.5819	F4	65	39	363	58	F4	65	25	
357	69.6966	Bb4	70	56	364	58.125	Bb4	70	33	
358	69.805	Eb5	75	57	365	58.25	Eb5	75	33	
359	69.9256	C5	72	61	366	58.375	C5	72	33	
360	70.0591	Eb4	63	46	368	58.5	Eb4	63	25	
361	70.0706	G4	67	59	367	58.5	G4	67	33	
362	70.2037	G#4	68	56	370	58.625	G#4	68	33	
363	70.3372	C5	72	60	371	58.75	C5	72	33	
364	70.4581	Bb4	70	53	372	58.875	Bb4	70	33	
365	70.5934	G4	67	49	373	59	G4	67	33	
366	70.6037	G#3	56	44	374	59	G#3	56	25	
367	70.7225	G#4	68	56	375	59.125	G#4	68	33	
368	70.8475	Bb4	70	63	376	59.25	Bb4	70	33	
369	70.9663	C5	72	66	377	59.375	C5	72	33	
370	71.1028	C#5	73	66	378	59.5	C#5	73	33	
371	71.2194	Eb5	75	69	379	59.625	Eb5	75	33	
372	71.3487	F5	77	68	380	59.75	F5	77	33	
373	71.4872	F#5	78	65	381	59.875	F#5	78	33	
374	71.6091	C#2	37	49	383	60	C#2	37	25	
375	71.705	G5	79	57	382	60	G5	79	33	
376	71.8831	G#5	80	60	384	60.125	G#5	80	34	
377	72.0216	A5	81	57	385	60.25	A5	81	35	
378	72.1444	B5	83	56	386	60.375	B5	83	36	
379	72.2694	G#3	56	42	388	60.5	G#3	56	25	
380	72.2737	Bb5	82	55	387	60.5	Bb5	82	37	
381	72.3975	C6	84	53	389	60.625	C6	84	38	
382	72.5225	B5	83	53	390	60.75	B5	83	39	
383	72.6372	C#6	85	60	391	60.875	C#6	85	40	
384	72.7684	F4	65	43	394	61	F4	65	25	
385	72.7756	C#4	61	41	393	61	C#4	61	25	
386	72.7841	C6	84	61	392	61	C6	84	41	
387	72.9122	D6	86	64	395	61.125	D6	86	42	
388	73.0341	C#6	85	67	396	61.25	C#6	85	43	
389	73.1488	Eb6	87	67	397	61.375	Eb6	87	44	
390	73.2684	F#4	66	56	400	61.5	F#4	66	25	
391	73.2684	D6	86	71	398	61.5	D6	86	44	
392	73.28	C4	60	47	399	61.5	C4	60	25	
393	73.4019	E6	88	62	401	61.625	E6	88	45	
394	73.5091	Eb6	87	66	402	61.75	Eb6	87	46	
395	73.6269	F6	89	62	403	61.875	F6	89	47	
396	73.7569	G#3	56	52	405	62	G#3	56	25	
397	73.7622	E6	88	66	404	62	E6	88	48	
398	73.8934	F#6	90	68	406	62.125	F#6	90	49	
399	74.0225	F6	89	68	407	62.25	F6	89	50	
400	74.1372	G6	91	71	408	62.375	G6	91	51	
401	74.2684	F#6	90	76	409	62.5	F#6	90	52	
402	74.3925	G#6	92	78	410	62.625	G#6	92	53	
403	74.5216	G6	91	77	411	62.75	G6	91	54	
404	74.6694	Bb6	94	77	412	62.875	Bb6	94	33	
405	74.8131	C#2	37	56	414	63	C#2	37	25	
406	74.9475	G#6	92	74	413	63	G#6	92	33	
407	75.3028	F7	101	72	415	63.125	F7	101	54	
408	75.5194	Eb7	99	76	416	63.25	Eb7	99	53	
409	75.68	C#7	97	78	417	63.375	C#7	97	52	
410	75.8175	G#3	56	54	419	63.5	G#3	56	25	
411	75.88	F6	89	70	418	63.5	F6	89	51	
412	76.0341	C#7	97	66	420	63.625	C#7	97	50	
413	76.1706	C7	96	78	421	63.75	C7	96	49	
414	76.2913	Bb6	94	79	422	63.875	Bb6	94	48	
415	76.3975	C#4	61	43	424	64	C#4	61	25	
416	76.4028	F4	65	45	425	64	F4	65	25	
417	76.4372	C#6	85	68	423	64	C#6	85	47	
418	76.5569	Bb6	94	69	426	64.125	Bb6	94	46	
419	76.6778	G#6	92	64	427	64.25	G#6	92	45	
420	76.8028	F#6	90	65	428	64.375	F#6	90	44	
421	76.935	F#4	66	50	431	64.5	F#4	66	25	
422	76.9394	Bb5	82	61	429	64.5	Bb5	82	44	
423	76.9444	Eb4	63	46	430	64.5	Eb4	63	25	
424	77.0622	F#6	90	58	432	64.625	F#6	90	43	
425	77.1966	F6	89	58	433	64.75	F6	89	42	
426	77.3037	Eb6	87	61	434	64.875	Eb6	87	41	
427	77.4694	G#3	56	47	436	65	G#3	56	25	
428	77.4725	F#5	78	55	435	65	F#5	78	40	
429	77.6381	Eb6	87	50	437	65.125	Eb6	87	39	
430	77.7591	C#6	85	52	438	65.25	C#6	85	38	
431	77.8872	C6	84	50	439	65.375	C6	84	37	
432	78.0381	Eb5	75	59	440	65.5	Eb5	75	36	
433	78.1944	C6	84	56	441	65.625	C6	84	35	
434	78.3362	Bb5	82	63	442	65.75	Bb5	82	34	
435	78.4756	G#5	80	70	443	65.875	G#5	80	33	
436	78.6663	C#2	37	52	446	66	C#2	37	25	
437	78.7581	G#5	80	75	445	66	G#5	80	33	
438	78.7912	F5	77	59	444	66	F5	77	33	
439	79.4966	G#3	56	50	449	66.5	G#3	56	25	
440	79.5319	F6	89	82	448	66.5	F6	89	33	
441	79.5528	C#6	85	60	447	66.5	C#6	85	33	
442	80.1581	C#4	61	41	450	67	C#4	61	25	
443	80.1581	F4	65	43	451	67	F4	65	25	
444	80.4278	Bb5	82	65	453	67.25	Bb5	82	33	
445	80.4466	F#5	78	53	452	67.25	F#5	78	33	
446	80.7247	F#4	66	52	457	67.5	F#4	66	25	
447	80.7591	Eb4	63	42	456	67.5	Eb4	63	25	
448	80.83	Eb6	87	62	455	67.5	Eb6	87	33	
449	80.855	C6	84	41	454	67.5	C6	84	33	
450	81.06	G#5	80	61	459	67.6667	G#5	80	33	
451	81.0663	F5	77	40	458	67.6667	F5	77	33	
452	81.2237	C#6	85	58	461	67.8333	C#6	85	33	
453	81.2278	Bb5	82	54	460	67.8333	Bb5	82	33	
454	81.3738	G#3	56	45	464	68	G#3	56	25	
455	81.3819	F#5	78	63	463	68	F#5	78	33	
456	81.3841	Eb5	75	54	462	68	Eb5	75	33	
457	81.5363	C6	84	61	466	68.1667	C6	84	33	
458	81.5434	G#5	80	51	465	68.1667	G#5	80	33	
459	81.6559	F5	77	65	468	68.3333	F5	77	33	
460	81.6756	C#5	73	54	467	68.3333	C#5	73	33	
461	81.7944	Bb5	82	66	470	68.5	Bb5	82	33	
462	81.8081	F#5	78	55	469	68.5	F#5	78	33	
463	81.905	Eb5	75	62	472	68.5833	Eb5	75	33	
464	81.9288	C5	72	43	471	68.5833	C5	72	33	
465	82.0122	F5	77	64	473	68.6667	F5	77	33	
466	82.0194	G#5	80	58	474	68.6667	G#5	80	33	
467	82.1091	Bb4	70	61	475	68.75	Bb4	70	33	
468	82.1225	C#5	73	65	476	68.75	C#5	73	33	
469	82.2381	F#5	78	58	478	68.8333	F#5	78	33	
470	82.2456	Eb5	75	59	477	68.8333	Eb5	75	33	
471	82.3216	G#4	68	54	479	68.9167	G#4	68	33	
472	82.3612	C5	72	56	480	68.9167	C5	72	33	
473	82.4862	C#2	37	43	483	69	C#2	37	25	
474	82.5434	C#5	73	49	481	69	C#5	73	33	
475	82.5559	F5	77	59	482	69	F5	77	33	
476	83.3131	G#3	56	43	484	69.5	G#3	56	25	
477	83.5662	G#4	68	48	485	69.75	G#4	68	33	
478	83.5662	C5	72	57	486	69.75	C5	72	33	
479	83.8581	C#5	73	52	487	70	C#5	73	33	
480	83.8675	F5	77	60	488	70	F5	77	33	
481	83.88	C#4	61	36	489	70	C#4	61	25	
482	83.88	F4	65	34	490	70	F4	65	25	
483	84.1372	Bb4	70	64	492	70.25	Bb4	70	33	
484	84.1466	G#4	68	48	491	70.25	G#4	68	33	
485	84.4309	Eb4	63	45	495	70.5	Eb4	63	25	
486	84.4622	C#5	73	50	493	70.5	C#5	73	33	
487	84.4756	F5	77	57	494	70.5	F5	77	33	
488	84.7112	Bb4	70	54	497	70.6875	Bb4	70	33	
489	84.7184	F#4	66	44	496	70.6875	F#4	66	33	
490	84.9037	C#5	73	42	498	70.875	C#5	73	33	
491	84.9194	F5	77	57	499	70.875	F5	77	33	
492	85.1131	F#4	66	45	501	71.0625	F#4	66	33	
493	85.1131	Bb4	70	55	502	71.0625	Bb4	70	33	
494	85.1184	G#3	56	41	500	71	G#3	56	25	
495	85.3175	C#5	73	43	503	71.25	C#5	73	33	
496	85.3247	F5	77	60	504	71.25	F5	77	33	
497	85.505	Bb4	70	48	506	71.4375	Bb4	70	33	
498	85.5122	F#4	66	48	505	71.4375	F#4	66	33	
499	85.7987	Eb5	75	47	508	71.625	F5	77	33	
500	85.8037	C5	72	33	507	71.625	C#5	73	33	
501	86.0862	Bb4	70	39	510	71.8125	Bb4	70	33	
502	86.0966	F#4	66	37	509	71.8125	F#4	66	33	
503	86.4163	C#2	37	38	513	72	C#2	37	25	
504	86.5153	G#4	68	52	512	72	G#4	68	33	
505	86.5506	F4	65	26	511	72	F4	65	33	
506	86.7925	A4	69	44	515	72.1667	A4	69	34	
507	86.8225	F#4	66	42	514	72.1667	F#4	66	34	
508	87.0247	Bb4	70	57	517	72.3333	Bb4	70	34	
509	87.0675	G4	67	47	516	72.3333	G4	67	34	
510	87.2269	B4	71	48	519	72.5	B4	71	35	
511	87.2425	G#3	56	39	520	72.5	G#3	56	25	
512	87.2591	G#4	68	46	518	72.5	G#4	68	35	
513	87.3987	C5	72	61	522	72.6667	C5	72	36	
514	87.43	A4	69	44	521	72.6667	A4	69	36	
515	87.5738	C#5	73	59	524	72.8333	C#5	73	36	
516	87.5925	Bb4	70	46	523	72.8333	Bb4	70	36	
517	87.7444	B4	71	51	525	73	B4	71	37	
518	87.7497	F4	65	36	528	73	F4	65	25	
519	87.7591	C#4	61	37	527	73	C#4	61	25	
520	87.7706	D5	74	56	526	73	D5	74	37	
521	87.9225	Eb5	75	62	530	73.1667	Eb5	75	38	
522	87.9569	C5	72	50	529	73.1667	C5	72	38	
523	88.0706	E5	76	59	532	73.3333	E5	76	38	
524	88.1006	C#5	73	57	531	73.3333	C#5	73	38	
525	88.2434	C4	60	41	535	73.5	C4	60	25	
526	88.2506	F#4	66	48	536	73.5	F#4	66	25	
527	88.2559	F5	77	61	534	73.5	F5	77	39	
528	88.2747	D5	74	54	533	73.5	D5	74	39	
529	88.4225	F#5	78	59	538	73.6667	F#5	78	39	
530	88.4341	Eb5	75	51	537	73.6667	Eb5	75	39	
531	88.5787	E5	76	55	539	73.8333	E5	76	40	
532	88.5925	G5	79	59	540	73.8333	G5	79	40	
533	88.7591	G#3	56	48	543	74	G#3	56	25	
534	88.7591	G#5	80	64	542	74	G#5	80	41	
535	88.7841	F5	77	53	541	74	F5	77	41	
536	88.9287	F#5	78	56	544	74.1667	F#5	78	41	
537	88.9287	A5	81	57	545	74.1667	A5	81	41	
538	89.0684	Bb5	82	67	547	74.3333	Bb5	82	42	
539	89.1006	G5	79	56	546	74.3333	G5	79	42	
540	89.2362	G#5	80	61	548	74.5	G#5	80	43	
541	89.2413	B5	83	59	549	74.5	B5	83	43	
542	89.3881	C6	84	61	551	74.6667	C6	84	43	
543	89.3925	A5	81	62	550	74.6667	A5	81	43	
544	89.5497	C#6	85	68	553	74.8333	C#6	85	44	
545	89.5631	Bb5	82	60	552	74.8333	Bb5	82	44	
546	89.6769	C#2	37	53	556	75	C#2	37	25	
547	89.7581	B5	83	57	554	75	B5	83	45	
548	89.76	D6	86	65	555	75	D6	86	45	
549	89.9225	Eb6	87	72	558	75.1667	Eb6	87	45	
550	89.9372	C6	84	60	557	75.1667	C6	84	45	
551	90.0738	E6	88	67	560	75.3333	E6	88	46	
552	90.085	C#6	85	60	559	75.3333	C#6	85	46	
553	90.2309	G#3	56	55	563	75.5	G#3	56	25	
554	90.2403	F6	89	71	562	75.5	F6	89	47	
555	90.2528	D6	86	67	561	75.5	D6	86	47	
556	90.4006	F#6	90	71	565	75.6667	F#6	90	47	
557	90.4122	Eb6	87	61	564	75.6667	Eb6	87	47	
558	90.5528	E6	88	72	566	75.8333	E6	88	48	
559	90.5581	G6	91	72	567	75.8333	G6	91	48	
560	90.7175	F4	65	55	571	76	F4	65	25	
561	90.7381	F6	89	73	568	76	F6	89	49	
562	90.7381	G#6	92	74	569	76	G#6	92	49	
563	90.7403	C#4	61	48	570	76	C#4	61	25	
564	90.9059	F#6	90	72	572	76.1667	F#6	90	49	
565	90.9059	Bb6	94	77	573	76.1667	Bb6	94	49	
566	91.0569	F6	89	77	574	76.3333	F6	89	50	
567	91.0569	G#6	92	75	575	76.3333	G#6	92	50	
568	91.2331	F#6	90	67	576	76.5	F#6	90	50	
569	91.2425	Bb6	94	74	577	76.5	Bb6	94	50	
570	91.2475	F#4	66	59	579	76.5	F#4	66	25	
571	91.2519	C4	60	55	578	76.5	C4	60	25	
572	91.4059	Eb6	87	76	580	76.6667	Eb6	87	51	
573	91.4153	G#6	92	73	581	76.6667	G#6	92	51	
574	91.5644	F#6	90	72	582	76.8333	F#6	90	52	
575	91.5738	Bb6	94	82	583	76.8333	Bb6	94	52	
576	91.7362	C#6	85	77	584	77	C#6	85	52	
577	91.7372	G#6	92	74	585	77	G#6	92	52	
578	91.755	G#3	56	63	586	77	G#3	56	25	
579	91.8997	Bb6	94	88	588	77.1667	Bb6	94	53	
580	92.0569	C6	84	77	589	77.3333	C6	84	54	
581	92.0662	G#6	92	71	590	77.3333	G#6	92	54	
582	92.2216	Bb6	94	82	592	77.5	Bb6	94	54	
583	92.4091	G#6	92	81	594	77.6667	G#6	92	33	
584	92.4131	Bb5	82	78	593	77.6667	Bb5	82	33	
585	92.58	Bb6	94	79	596	77.8333	Bb6	94	33	
586	92.8819	C#2	37	58	600	78	C#2	37	25	
587	92.9559	G#6	92	75	599	78	G#6	92	33	
588	92.96	G#5	80	62	597	78	G#5	80	33	
589	93.0256	F6	89	28	598	78	F6	89	33	
590	93.1569	C#7	97	78	601	78.1667	C#7	97	33	
591	93.7225	G#3	56	46	602	78.5	G#3	56	25	
592	94.2528	F4	65	43	606	79	F4	65	25	
593	94.2528	C#7	97	70	604	79	C#7	97	33	
594	94.2537	C#4	61	45	605	79	C#4	61	25	
595	94.2841	F6	89	62	603	79	F6	89	33	
596	94.4112	G#5	80	60	607	79.1667	G#5	80	33	
597	94.7809	G#5	80	60	608	79.5	G#5	80	33	
598	94.7934	F#6	90	67	609	79.5	F#6	90	33	
599	94.7987	F#4	66	48	611	79.5	F#4	66	25	
600	94.8194	Eb4	63	42	610	79.5	Eb4	63	25	
601	94.9372	C7	96	77	612	79.6667	C7	96	33	
602	95.3487	F#6	90	71	614	80	F#6	90	33	
603	95.3675	G#3	56	51	615	80	G#3	56	25	
604	95.3912	C6	84	45	613	80	C6	84	33	
605	95.5028	Eb5	75	70	616	80.1667	Eb5	75	33	
606	95.8694	Eb6	87	77	618	80.5	Eb6	87	33	
607	95.8788	F#5	78	49	617	80.5	F#5	78	33	
608	96.0225	Bb6	94	80	619	80.6667	Bb6	94	33	
609	96.4038	C#2	37	58	622	81	C#2	37	25	
610	96.4278	Bb6	94	78	621	81	Bb6	94	33	
611	96.4537	C#6	85	62	620	81	C#6	85	33	
612	96.5934	E5	76	68	623	81.1667	E5	76	33	
613	96.9966	F5	77	65	624	81.5	F5	77	33	
614	97.0131	C#6	85	70	625	81.5	C#6	85	33	
615	97.0175	G#3	56	47	626	81.5	G#3	56	25	
616	97.155	G#6	92	76	627	81.6667	G#6	92	33	
617	97.5256	F6	89	71	629	82	F6	89	33	
618	97.5456	G#5	80	67	628	82	G#5	80	33	
619	97.5528	F4	65	48	631	82	F4	65	25	
620	97.5569	C#4	61	48	630	82	C#4	61	25	
621	97.6841	C#5	73	74	632	82.1667	C#5	73	33	
622	98.0684	C#5	73	67	633	82.5	C#5	73	33	
623	98.0778	F#4	66	60	636	82.5	F#4	66	25	
624	98.0966	G#5	80	75	634	82.5	G#5	80	33	
625	98.1069	Eb4	63	44	635	82.5	Eb4	63	25	
626	98.2269	F6	89	74	637	82.6667	F6	89	33	
627	98.6175	Eb6	87	65	639	83	Eb6	87	33	
628	98.635	G#3	56	53	640	83	G#3	56	25	
629	98.635	G#5	80	63	638	83	G#5	80	33	
630	98.7662	C5	72	66	641	83.1667	C5	72	33	
631	99.1112	F#5	78	72	643	83.5	F#5	78	33	
632	99.1162	G#4	68	52	642	83.5	G#4	68	33	
633	99.2809	C6	84	59	644	83.6667	C6	84	33	
634	99.7162	C#2	37	49	647	84	C#2	37	25	
635	99.8394	Eb5	75	62	645	84	Eb5	75	33	
636	99.8394	G#5	80	52	646	84	G#5	80	33	
637	99.9987	F4	65	57	648	84.1667	F4	65	33	
638	100.404	F4	65	45	649	84.5	F4	65	33	
639	100.413	C#5	73	73	650	84.5	C#5	73	33	
640	100.456	G#3	56	44	651	84.5	G#3	56	25	
641	100.555	G#5	80	75	652	84.6667	G#5	80	33	
642	100.922	C#6	85	73	654	85	C#6	85	33	
643	100.928	F4	65	49	656	85	F4	65	25	
644	100.937	C#4	61	49	655	85	C#4	61	25	
645	100.943	F5	77	63	653	85	F5	77	33	
646	101.069	G#4	68	76	657	85.1667	G#4	68	33	
647	101.431	G#4	68	59	658	85.5	G#4	68	33	
648	101.431	F#5	78	75	659	85.5	F#5	78	33	
649	101.435	F#4	66	66	661	85.5	F#4	66	25	
650	101.44	C4	60	58	660	85.5	C4	60	25	
651	101.585	Eb6	87	82	662	85.6667	Eb6	87	33	
652	101.964	F#6	90	74	664	86	F#6	90	33	
653	101.971	G#3	56	57	665	86	G#3	56	25	
654	102.001	C6	84	49	663	86	C6	84	33	
655	102.122	Eb5	75	74	666	86.1667	Eb5	75	33	
656	102.468	F#5	78	68	667	86.5	F#5	78	33	
657	102.475	Eb6	87	69	668	86.5	Eb6	87	33	
658	102.634	Bb6	94	86	669	86.6667	Bb6	94	33	
659	102.993	C#2	37	68	672	87	C#2	37	25	
660	103.034	Bb6	94	76	671	87	Bb6	94	33	
661	103.054	C#6	85	72	670	87	C#6	85	33	
662	103.189	E5	76	78	673	87.1667	E5	76	33	
663	103.642	G#3	56	58	676	87.5	G#3	56	25	
664	103.647	F5	77	54	674	87.5	F5	77	33	
665	103.652	C#6	85	76	675	87.5	C#6	85	33	
666	103.791	G#6	92	82	677	87.6667	G#6	92	33	
667	104.165	F4	65	55	681	88	F4	65	25	
668	104.171	C#7	97	80	679	88	C#7	97	33	
669	104.185	C#4	61	51	680	88	C#4	61	25	
670	104.194	F6	89	68	678	88	F6	89	33	
671	104.314	G#5	80	80	682	88.1667	G#5	80	33	
672	104.697	F#4	66	64	686	88.5	F#4	66	25	
673	104.697	F#6	90	77	684	88.5	F#6	90	33	
674	104.705	C4	60	59	685	88.5	C4	60	25	
675	104.705	G#5	80	57	683	88.5	G#5	80	33	
676	104.861	Eb7	99	88	687	88.6667	Eb7	99	33	
677	105.281	G#3	56	64	690	89	G#3	56	25	
678	105.285	F7	101	81	689	89	F7	101	33	
679	105.302	G#6	92	62	688	89	G#6	92	33	
680	105.443	C6	84	76	691	89.1667	C6	84	33	
681	105.847	Eb6	87	81	693	89.5	Eb6	87	33	
682	105.851	F#5	78	74	692	89.5	F#5	78	33	
683	106.063	C7	96	86	694	89.6667	C7	96	33	
684	106.589	C#6	85	70	696	90	C#6	85	33	
685	106.606	F5	77	66	695	90	F5	77	33	
686	107.007	C#2	37	58	697	90	C#2	37	25	
687	107.101	C#7	97	78	698	90.0646	C#7	97	33	
688	108.002	G#3	56	45	699	90.5	G#3	56	25	
689	108.388	C7	96	44	701	90.6667	C7	96	33	
690	108.392	A6	93	32	700	90.6667	A6	93	33	
691	108.68	C7	96	53	703	90.8333	C7	96	33	
692	108.691	A6	93	47	702	90.8333	A6	93	33	
693	108.907	F4	65	38	707	91	F4	65	25	
694	108.928	C#4	61	35	706	91	C#4	61	25	
695	108.983	B6	95	57	705	91	B6	95	33	
696	108.997	G#6	92	52	704	91	G#6	92	33	
697	109.222	G6	91	58	708	91.1667	G6	91	33	
698	109.235	Bb6	94	56	709	91.1667	Bb6	94	33	
699	109.421	Bb6	94	68	711	91.3333	Bb6	94	33	
700	109.46	G6	91	63	710	91.3333	G6	91	33	
701	109.606	F#4	66	50	715	91.5	F#4	66	25	
702	109.614	C4	60	37	714	91.5	C4	60	25	
703	109.65	A6	93	57	713	91.5	A6	93	33	
704	109.677	F#6	90	44	712	91.5	F#6	90	33	
705	109.863	F6	89	60	716	91.6667	F6	89	33	
706	109.863	G#6	92	54	717	91.6667	G#6	92	33	
707	110.037	G#6	92	61	719	91.8333	G#6	92	33	
708	110.049	F6	89	55	718	91.8333	F6	89	33	
709	110.213	G#3	56	49	722	92	G#3	56	25	
710	110.217	G6	91	62	721	92	G6	91	33	
711	110.233	E6	88	54	720	92	E6	88	33	
712	110.411	Eb6	87	60	723	92.1667	Eb6	87	33	
713	110.411	F#6	90	57	724	92.1667	F#6	90	33	
714	110.58	F#6	90	62	726	92.3333	F#6	90	33	
715	110.585	Eb6	87	60	725	92.3333	Eb6	87	33	
716	110.737	F6	89	71	728	92.5	F6	89	33	
717	110.761	D6	86	58	727	92.5	D6	86	33	
718	110.914	E6	88	64	730	92.6667	E6	88	33	
719	110.918	C#6	85	63	729	92.6667	C#6	85	33	
720	111.079	C#6	85	53	731	92.8333	C#6	85	33	
721	111.084	E6	88	62	732	92.8333	E6	88	33	
722	111.218	C#2	37	48	735	93	C#2	37	25	
723	111.274	Eb6	87	61	734	93	Eb6	87	33	
724	111.278	C6	84	62	733	93	C6	84	33	
725	111.468	D6	86	69	737	93.1667	D6	86	33	
726	111.49	B5	83	50	736	93.1667	B5	83	33	
727	111.643	B5	83	59	738	93.3333	B5	83	33	
728	111.643	D6	86	66	739	93.3333	D6	86	33	
729	111.837	Bb5	82	56	740	93.5	Bb5	82	33	
730	111.841	G#3	56	45	742	93.5	G#3	56	25	
731	111.841	C#6	85	58	741	93.5	C#6	85	33	
732	112.012	C6	84	63	744	93.6667	C6	84	33	
733	112.014	A5	81	54	743	93.6667	A5	81	33	
734	112.155	A5	81	61	745	93.8333	A5	81	33	
735	112.164	C6	84	67	746	93.8333	C6	84	33	
736	112.327	F4	65	50	750	94	F4	65	25	
737	112.331	B5	83	70	748	94	B5	83	33	
738	112.352	C#4	61	44	749	94	C#4	61	25	
739	112.352	G#5	80	64	747	94	G#5	80	33	
740	112.501	Bb5	82	66	752	94.1667	Bb5	82	33	
741	112.505	G5	79	66	751	94.1667	G5	79	33	
742	112.671	G5	79	70	753	94.3333	G5	79	33	
743	112.672	Bb5	82	63	754	94.3333	Bb5	82	33	
744	112.851	C4	60	45	757	94.5	C4	60	25	
745	112.858	F#4	66	51	758	94.5	F#4	66	25	
746	112.858	A5	81	64	756	94.5	A5	81	33	
747	112.869	F#5	78	58	755	94.5	F#5	78	33	
748	113.031	F5	77	66	759	94.6667	F5	77	33	
749	113.031	G#5	80	60	760	94.6667	G#5	80	33	
750	113.19	G#5	80	66	762	94.8333	G#5	80	33	
751	113.212	F5	77	57	761	94.8333	F5	77	33	
752	113.386	G5	79	61	764	95	G5	79	33	
753	113.388	G#3	56	45	765	95	G#3	56	25	
754	113.397	E5	76	48	763	95	E5	76	33	
755	113.558	F#5	78	59	767	95.1667	F#5	78	33	
756	113.578	Eb5	75	53	766	95.1667	Eb5	75	33	
757	113.775	Eb5	75	46	768	95.3333	Eb5	75	33	
758	113.775	F#5	78	61	769	95.3333	F#5	78	33	
759	113.957	C#5	73	51	770	95.5	C#5	73	33	
760	113.961	F5	77	54	771	95.5	F5	77	33	
761	114.155	C5	72	52	772	95.6667	C5	72	33	
762	114.171	Eb5	75	51	773	95.6667	Eb5	75	33	
763	114.373	E5	76	51	775	95.8333	E5	76	33	
764	114.394	Bb4	70	40	774	95.8333	Bb4	70	33	
765	114.591	C#2	37	42	778	96	C#2	37	25	
766	114.741	G#4	68	51	776	96	G#4	68	33	
767	115.066	F#5	78	49	780	96.1667	F#5	78	33	
768	115.072	Eb5	75	47	779	96.1667	Eb5	75	33	
769	115.292	F5	77	51	782	96.3333	F5	77	33	
770	115.3	C#5	73	53	781	96.3333	C#5	73	33	
771	115.509	G#3	56	42	785	96.5	G#3	56	25	
772	115.528	G#4	68	54	783	96.5	G#4	68	33	
773	115.716	F5	77	63	787	96.6667	F5	77	33	
774	115.726	C#5	73	54	786	96.6667	C#5	73	33	
775	115.873	Eb5	75	61	789	96.8333	Eb5	75	33	
776	115.91	C5	72	49	788	96.8333	C5	72	33	
777	116.055	G#4	68	66	790	97	G#4	68	33	
778	116.062	C#4	61	40	792	97	C#4	61	25	
779	116.069	F4	65	37	793	97	F4	65	25	
780	116.213	Eb5	75	61	795	97.1667	Eb5	75	33	
781	116.246	C5	72	49	794	97.1667	C5	72	33	
782	116.391	F5	77	62	797	97.3333	F5	77	33	
783	116.397	C#5	73	55	796	97.3333	C#5	73	33	
784	116.575	C4	60	39	800	97.5	C4	60	25	
785	116.584	F#4	66	46	801	97.5	F#4	66	25	
786	116.586	G#4	68	60	798	97.5	G#4	68	33	
787	116.79	G#5	80	55	803	97.6667	G#5	80	33	
788	116.822	F5	77	44	802	97.6667	F5	77	33	
789	116.964	F#5	78	57	805	97.8333	F#5	78	33	
790	116.978	Eb5	75	45	804	97.8333	Eb5	75	33	
791	117.153	G#4	68	55	806	98	G#4	68	33	
792	117.174	G#3	56	46	808	98	G#3	56	25	
793	117.328	F#5	78	55	810	98.1667	F#5	78	33	
794	117.337	Eb5	75	51	809	98.1667	Eb5	75	33	
795	117.496	F5	77	59	812	98.3333	F5	77	33	
796	117.522	D5	74	46	811	98.3333	D5	74	33	
797	117.674	G#4	68	60	813	98.5	G#4	68	33	
798	117.853	F5	77	58	816	98.6667	F5	77	33	
799	117.892	D5	74	31	815	98.6667	D5	74	33	
800	118.036	F#5	78	60	818	98.8333	F#5	78	33	
801	118.052	Eb5	75	45	817	98.8333	Eb5	75	33	
802	118.248	C#2	37	43	821	99	C#2	37	25	
803	118.264	G#4	68	56	819	99	G#4	68	33	
804	118.442	Eb5	75	43	822	99.1667	Eb5	75	33	
805	118.447	F#5	78	57	823	99.1667	F#5	78	33	
806	118.631	G5	79	62	825	99.3333	G5	79	33	
807	118.64	E5	76	50	824	99.3333	E5	76	33	
808	118.813	G#4	68	69	826	99.5	G#4	68	33	
809	118.836	G#3	56	51	828	99.5	G#3	56	25	
810	118.984	G5	79	72	830	99.6667	G5	79	33	
811	119.001	E5	76	60	829	99.6667	E5	76	33	
812	119.15	G#5	80	76	832	99.8333	G#5	80	33	
813	119.154	F5	77	63	831	99.8333	F5	77	33	
814	119.334	F4	65	42	836	100	F4	65	25	
815	119.334	G#4	68	71	833	100	G#4	68	33	
816	119.343	C#4	61	40	835	100	C#4	61	25	
817	119.517	G#5	80	66	838	100.167	G#5	80	33	
818	119.529	F5	77	51	837	100.167	F5	77	33	
819	119.736	A5	81	52	840	100.333	A5	81	33	
820	119.759	F#5	78	49	839	100.333	F#5	78	33	
821	119.93	F#4	66	43	844	100.5	F#4	66	25	
822	119.981	C4	60	36	843	100.5	C4	60	25	
823	120.007	G#4	68	58	841	100.5	G#4	68	33	
824	120.25	F#5	78	47	845	100.667	F#5	78	33	
825	120.258	A5	81	52	846	100.667	A5	81	33	
826	120.479	G#5	80	54	848	100.833	G#5	80	33	
827	120.522	F5	77	38	847	100.833	F5	77	33	
828	120.718	G#3	56	39	851	101	G#3	56	25	
829	120.728	G#4	68	55	849	101	G#4	68	33	
830	120.938	G#5	80	54	853	101.167	G#5	80	33	
831	120.992	F5	77	42	852	101.167	F5	77	33	
832	121.161	G5	79	52	855	101.333	G5	79	33	
833	121.182	E5	76	50	854	101.333	E5	76	33	
834	121.418	G#4	68	47	856	101.5	G#4	68	33	
835	121.69	G5	79	51	859	101.667	G5	79	33	
836	121.722	E5	76	45	858	101.667	E5	76	33	
837	122.035	F#5	78	50	861	101.833	F#5	78	33	
838	122.057	Eb5	75	42	860	101.833	Eb5	75	33	
839	122.442	C#2	37	37	865	102	C#2	37	25	
840	122.556	G#4	68	50	862	102	G#4	68	33	
841	122.559	F5	77	53	864	102	F5	77	33	
842	122.563	C#5	73	43	863	102	C#5	73	33	
843	123.087	G#5	80	52	868	102.25	G#5	80	33	
844	123.107	C#5	73	46	866	102.25	C#5	73	33	
845	123.477	C#6	85	51	871	102.5	C#6	85	33	
846	123.485	F5	77	46	869	102.5	F5	77	33	
847	123.509	G#3	56	38	872	102.5	G#3	56	25	
848	123.824	Eb6	87	65	875	102.75	Eb6	87	33	
849	123.843	F#5	78	60	873	102.75	F#5	78	33	
850	124.127	F6	89	69	878	103	F6	89	33	
851	124.136	G#5	80	60	876	103	G#5	80	33	
852	124.147	C#4	61	36	879	103	C#4	61	25	
853	124.158	F4	65	37	880	103	F4	65	25	
854	124.412	F#6	90	72	883	103.25	F#6	90	33	
855	124.416	Bb5	82	63	881	103.25	Bb5	82	33	
856	124.729	F6	89	65	886	103.5	F6	89	33	
857	124.743	F#4	66	49	888	103.5	F#4	66	25	
858	124.743	G#5	80	54	884	103.5	G#5	80	33	
859	124.76	Eb4	63	37	887	103.5	Eb4	63	25	
860	125.015	Eb6	87	69	891	103.75	Eb6	87	33	
861	125.049	F#5	78	59	889	103.75	F#5	78	33	
862	125.327	C6	84	57	894	104	C6	84	33	
863	125.329	G#3	56	45	895	104	G#3	56	25	
864	125.353	Eb5	75	43	892	104	Eb5	75	33	
865	125.6	Bb5	82	65	898	104.25	Bb5	82	33	
866	125.638	C#5	73	52	896	104.25	C#5	73	33	
867	125.93	G#5	80	62	901	104.5	G#5	80	33	
868	125.937	C5	72	56	899	104.5	C5	72	33	
869	126.151	Bb5	82	65	904	104.667	Bb5	82	33	
870	126.161	C#5	73	55	902	104.667	C#5	73	33	
871	126.337	Eb5	75	61	905	104.833	Eb5	75	33	
872	126.343	Bb5	82	62	907	104.833	Bb5	82	33	
873	126.525	C#2	37	46	911	105	C#2	37	25	
874	126.599	Eb5	75	54	908	105	Eb5	75	33	
875	126.608	G#5	80	62	910	105	G#5	80	33	
876	126.926	C#5	73	50	912	105.25	C#5	73	33	
877	126.926	G#5	80	64	914	105.25	G#5	80	33	
878	127.254	C#6	85	62	917	105.5	C#6	85	33	
879	127.278	G#3	56	43	918	105.5	G#3	56	25	
880	127.278	F5	77	51	915	105.5	F5	77	33	
881	127.498	C#6	85	72	921	105.667	C#6	85	33	
882	127.505	F5	77	51	919	105.667	F5	77	33	
883	127.54	G#5	80	24	920	105.667	G#5	80	33	
884	127.674	F#6	90	77	924	105.833	F#6	90	33	
885	127.681	G#5	80	70	922	105.833	G#5	80	33	
886	127.865	F6	89	74	927	106	F6	89	33	
887	127.871	F4	65	41	929	106	F4	65	25	
888	127.882	C#4	61	47	928	106	C#4	61	25	
889	127.888	G#5	80	60	925	106	G#5	80	33	
890	128.049	G#5	80	66	930	106.167	G#5	80	33	
891	128.056	G#6	92	76	932	106.167	G#6	92	33	
892	128.083	C#6	85	49	931	106.167	C#6	85	33	
893	128.251	C#6	85	72	933	106.333	C#6	85	33	
894	128.256	C#7	97	77	935	106.333	C#7	97	33	
895	128.491	F#4	66	51	940	106.5	F#4	66	25	
896	128.501	Eb4	63	50	939	106.5	Eb4	63	25	
897	128.505	C#7	97	74	938	106.5	C#7	97	33	
898	128.509	Eb6	87	70	936	106.5	Eb6	87	33	
899	128.715	C7	96	62	943	106.667	C7	96	33	
900	128.719	Eb6	87	64	941	106.667	Eb6	87	33	
901	128.75	B6	95	49	942	106.667	G#6	92	33	
902	128.888	Bb6	94	74	946	106.833	Bb6	94	33	
903	128.897	C#6	85	64	944	106.833	C#6	85	33	
904	129.069	G#6	92	71	949	107	G#6	92	33	
905	129.08	G#3	56	55	950	107	G#3	56	25	
906	129.087	C6	84	55	947	107	C6	84	33	
907	129.25	Eb6	87	69	953	107.167	Eb6	87	33	
908	129.267	F#5	78	62	951	107.167	F#5	78	33	
909	129.438	F6	89	72	956	107.333	F6	89	33	
910	129.45	G#5	80	64	954	107.333	G#5	80	33	
911	129.661	C6	84	59	959	107.5	C6	84	33	
912	129.668	Eb5	75	57	957	107.5	Eb5	75	33	
913	129.874	Bb5	82	61	962	107.667	Bb5	82	33	
914	129.894	C#5	73	48	960	107.667	C#5	73	33	
915	130.082	C5	72	57	963	107.833	C5	72	33	
916	130.082	G#5	80	61	965	107.833	G#5	80	33	
917	130.285	C#2	37	51	967	108	C#2	37	25	
918	130.375	G#4	68	60	966	108	G#4	68	33	
919	130.588	G#5	80	47	968	108.125	G#5	80	33	
920	130.721	C5	72	52	969	108.25	C5	72	33	
921	130.859	Bb4	70	48	970	108.375	Bb4	70	33	
922	131.061	G#3	56	38	972	108.5	G#3	56	25	
923	131.061	Bb4	70	55	971	108.5	Bb4	70	33	
924	131.237	G#5	80	55	973	108.625	G#5	80	33	
925	131.352	C#5	73	61	974	108.75	C#5	73	33	
926	131.457	C5	72	67	975	108.875	C5	72	33	
927	131.613	C#4	61	39	977	109	C#4	61	25	
928	131.618	F4	65	37	978	109	F4	65	25	
929	131.618	C5	72	64	976	109	C5	72	33	
930	131.732	G#5	80	64	979	109.125	G#5	80	33	
931	131.871	Eb5	75	58	980	109.25	Eb5	75	33	
932	131.985	C#5	73	61	981	109.375	C#5	73	33	
933	132.149	F#4	66	43	984	109.5	F#4	66	25	
934	132.155	Eb4	63	37	983	109.5	C4	60	25	
935	132.159	Bb4	70	52	982	109.5	Bb4	70	33	
936	132.321	G#5	80	47	985	109.625	G#5	80	33	
937	132.454	C#5	73	53	986	109.75	C#5	73	33	
938	132.58	C5	72	53	987	109.875	C5	72	33	
939	132.747	G#3	56	46	989	110	G#3	56	25	
940	132.747	C5	72	53	988	110	C5	72	33	
941	132.843	G#5	80	57	990	110.125	G#5	80	33	
942	132.989	Eb5	75	56	991	110.25	Eb5	75	33	
943	133.096	C#5	73	65	992	110.375	C#5	73	33	
944	133.236	C#5	73	67	993	110.5	C#5	73	33	
945	133.362	G#5	80	53	994	110.625	G#5	80	33	
946	133.508	F5	77	53	995	110.75	F5	77	33	
947	133.604	Eb5	75	54	996	110.875	Eb5	75	33	
948	133.763	C#5	73	53	997	111	C#5	73	33	
949	133.779	C#2	37	39	998	111	C#2	37	25	
950	133.912	Bb5	82	46	999	111.125	Bb5	82	33	
951	134.062	F5	77	51	1000	111.25	F5	77	33	
952	134.184	E5	76	55	1001	111.375	E5	76	33	
953	134.326	Eb5	75	53	1002	111.5	Eb5	75	33	
954	134.372	G#3	56	37	1003	111.5	G#3	56	25	
955	134.463	C6	84	57	1004	111.625	C6	84	33	
956	134.623	F#5	78	63	1005	111.75	F#5	78	33	
957	134.736	F5	77	64	1006	111.875	F5	77	33	
958	134.856	E5	76	63	1007	112	E5	76	33	
959	134.882	F4	65	44	1009	112	F4	65	25	
960	134.887	C#4	61	37	1008	112	C#4	61	25	
961	134.979	C#6	85	64	1010	112.125	C#6	85	33	
962	135.099	G5	79	64	1011	112.25	G5	79	33	
963	135.23	F#5	78	73	1012	112.375	F#5	78	33	
964	135.392	F#4	66	55	1015	112.5	F#4	66	25	
965	135.392	F5	77	64	1013	112.5	F5	77	33	
966	135.397	C4	60	46	1014	112.5	C4	60	25	
967	135.515	D6	86	71	1016	112.625	D6	86	33	
968	135.659	G#5	80	68	1017	112.75	G#5	80	33	
969	135.782	G5	79	72	1018	112.875	G5	79	33	
970	135.927	F#5	78	74	1019	113	F#5	78	33	
971	135.943	G#3	56	56	1020	113	G#3	56	25	
972	136.058	Eb6	87	72	1021	113.125	Eb6	87	33	
973	136.197	A5	81	68	1022	113.25	A5	81	33	
974	136.329	G#5	80	79	1023	113.375	G#5	80	33	
975	136.477	G5	79	77	1024	113.5	G5	79	33	
976	136.603	E6	88	82	1025	113.625	E6	88	33	
977	136.753	Bb5	82	73	1026	113.75	Bb5	82	33	
978	136.863	A5	81	74	1027	113.875	A5	81	33	
979	137.051	C#2	37	54	1030	114	C#2	37	25	
980	137.158	F6	89	81	1029	114	F6	89	33	
981	137.185	G#5	80	57	1028	114	G#5	80	33	
982	137.94	G#3	56	38	1032	114.5	G#3	56	25	
983	137.964	Bb5	82	40	1031	114.5	Bb5	82	33	
984	138.153	F#6	90	50	1033	114.583	F#6	90	33	
985	138.266	Bb5	82	53	1035	114.667	Bb5	82	33	
986	138.371	G#5	80	60	1036	114.75	G#5	80	33	
987	138.455	F6	89	66	1037	114.833	F6	89	33	
988	138.571	G#5	80	57	1039	114.917	G#5	80	33	
989	138.601	F4	65	40	1042	115	F4	65	25	
990	138.609	C#4	61	35	1041	115	C#4	61	25	
991	138.672	Bb5	82	55	1040	115	Bb5	82	33	
992	138.756	F#6	90	61	1043	115.083	F#6	90	33	
993	138.851	Bb5	82	57	1045	115.167	Bb5	82	33	
994	138.925	F5	77	61	1046	115.25	F5	77	33	
995	138.994	C#6	85	67	1047	115.333	C#6	85	33	
996	139.103	F5	77	52	1049	115.417	F5	77	33	
997	139.161	G#5	80	62	1050	115.5	G#5	80	33	
998	139.201	F#4	66	50	1052	115.5	F#4	66	25	
999	139.205	C4	60	50	1051	115.5	C4	60	25	
1000	139.232	F6	89	74	1053	115.583	F6	89	33	
1001	139.337	G#5	80	65	1055	115.667	G#5	80	33	
1002	139.444	F#5	78	59	1056	115.75	F#5	78	33	
1003	139.508	Eb6	87	69	1057	115.833	Eb6	87	33	
1004	139.602	F#5	78	50	1059	115.917	F#5	78	33	
1005	139.664	G#5	80	67	1060	116	G#5	80	33	
1006	139.713	G#3	56	57	1061	116	G#3	56	25	
1007	139.743	F6	89	73	1062	116.083	F6	89	33	
1008	139.852	G#5	80	72	1064	116.167	G#5	80	33	
1009	139.998	Eb5	75	49	1065	116.25	Eb5	75	33	
1010	140.062	C6	84	61	1066	116.333	C6	84	33	
1011	140.148	Eb5	75	51	1068	116.417	Eb5	75	33	
1012	140.211	F#5	78	70	1069	116.5	F#5	78	33	
1013	140.279	Eb6	87	79	1070	116.583	Eb6	87	33	
1014	140.39	F#5	78	71	1072	116.667	F#5	78	33	
1015	140.459	F5	77	71	1073	116.75	F5	77	33	
1016	140.547	C#6	85	72	1074	116.833	C#6	85	33	
1017	140.644	F5	77	52	1076	116.917	F5	77	33	
1018	140.716	F#5	78	63	1077	117	F#5	78	33	
1019	140.743	C#2	37	48	1078	117	C#2	37	25	
1020	140.797	Eb6	87	69	1079	117.083	Eb6	87	33	
1021	140.878	F#5	78	60	1081	117.167	F#5	78	33	
1022	140.996	C#5	73	66	1082	117.25	C#5	73	33	
1023	141.071	Bb5	82	68	1083	117.333	Bb5	82	33	
1024	141.162	C#5	73	57	1085	117.417	C#5	73	33	
1025	141.251	F5	77	63	1086	117.5	F5	77	33	
1026	141.328	G#3	56	45	1087	117.5	G#3	56	25	
1027	141.352	C#6	85	69	1088	117.583	C#6	85	33	
1028	141.442	F5	77	60	1090	117.667	F5	77	33	
1029	141.492	Eb5	75	67	1091	117.75	Eb5	75	33	
1030	141.6	C6	84	69	1092	117.833	C6	84	33	
1031	141.675	Eb5	75	55	1094	117.917	Eb5	75	33	
1032	141.778	F5	77	60	1095	118	F5	77	33	
1033	141.863	C#4	61	45	1096	118	C#4	61	25	
1034	141.867	C#6	85	72	1098	118.083	C#6	85	33	
1035	141.872	F4	65	47	1097	118	F4	65	25	
1036	141.958	F5	77	63	1100	118.167	F5	77	33	
1037	142.074	C5	72	67	1101	118.25	C5	72	33	
1038	142.141	G#5	80	71	1102	118.333	G#5	80	33	
1039	142.258	C5	72	56	1104	118.417	C5	72	33	
1040	142.328	Eb5	75	59	1105	118.5	Eb5	75	33	
1041	142.405	C6	84	70	1108	118.583	C6	84	33	
1042	142.425	F#4	66	52	1107	118.5	F#4	66	25	
1043	142.449	Eb4	63	47	1106	118.5	Eb4	63	25	
1044	142.5	Eb5	75	62	1110	118.667	Eb5	75	33	
1045	142.618	C#5	73	65	1111	118.75	C#5	73	33	
1046	142.686	Bb5	82	69	1112	118.833	Bb5	82	33	
1047	142.765	C#5	73	65	1114	118.917	C#5	73	33	
1048	142.852	Eb5	75	61	1115	119	Eb5	75	33	
1049	142.911	G#3	56	53	1116	119	G#3	56	25	
1050	142.923	C6	84	70	1117	119.083	C6	84	33	
1051	143.018	Eb5	75	72	1119	119.167	Eb5	75	33	
1052	143.142	Bb4	70	63	1120	119.25	Bb4	70	33	
1053	143.219	F#5	78	74	1121	119.333	F#5	78	33	
1054	143.288	Bb4	70	58	1123	119.417	Bb4	70	33	
1055	143.389	C#5	73	69	1124	119.5	C#5	73	33	
1056	143.472	Bb5	82	73	1125	119.583	Bb5	82	33	
1057	143.569	C#5	73	63	1127	119.667	C#5	73	33	
1058	143.675	C5	72	62	1128	119.75	C5	72	33	
1059	143.75	G#5	80	64	1129	119.833	G#5	80	33	
1060	143.857	C5	72	53	1131	119.917	C5	72	33	
1061	144.006	C#2	37	49	1133	120	C#2	37	25	
1062	144.064	G#4	68	57	1132	120	G#4	68	33	
1063	144.181	F5	77	56	1134	120.083	F5	77	33	
1064	144.299	G#4	68	50	1136	120.167	G#4	68	33	
1065	144.381	A4	69	57	1137	120.25	A4	69	33	
1066	144.481	F#5	78	66	1138	120.333	F#5	78	33	
1067	144.543	A4	69	50	1140	120.417	A4	69	33	
1068	144.648	Bb4	70	55	1141	120.5	Bb4	70	33	
1069	144.732	G5	79	72	1143	120.583	G5	79	33	
1070	144.739	G#3	56	46	1142	120.5	G#3	56	25	
1071	144.847	Bb4	70	62	1145	120.667	Bb4	70	33	
1072	144.909	B4	71	61	1146	120.75	B4	71	33	
1073	144.993	G#5	80	76	1147	120.833	G#5	80	33	
1074	145.072	B4	71	55	1149	120.917	B4	71	33	
1075	145.16	C5	72	65	1150	121	C5	72	33	
1076	145.26	F4	65	48	1152	121	F4	65	25	
1077	145.26	A5	81	61	1153	121.083	A5	81	33	
1078	145.281	C#4	61	43	1151	121	C#4	61	25	
1079	145.34	C5	72	52	1155	121.167	C5	72	33	
1080	145.434	C#5	73	63	1156	121.25	C#5	73	33	
1081	145.513	Bb5	82	70	1157	121.333	Bb5	82	33	
1082	145.622	C#5	73	62	1159	121.417	C5	72	33	
1083	145.668	D5	74	60	1160	121.5	D5	74	33	
1084	145.765	F#4	66	62	1162	121.5	F#4	66	25	
1085	145.765	B5	83	68	1163	121.583	B5	83	33	
1086	145.775	C4	60	52	1161	121.5	C4	60	25	
1087	145.843	D5	74	61	1165	121.667	C#5	73	33	
1088	145.939	Eb5	75	62	1166	121.75	Eb5	75	33	
1089	146.009	C6	84	70	1167	121.833	C6	84	33	
1090	146.106	Eb5	75	70	1169	121.917	Eb5	75	33	
1091	146.172	E5	76	68	1170	122	E5	76	33	
1092	146.244	C#6	85	75	1172	122.083	C#6	85	33	
1093	146.272	G#3	56	62	1171	122	G#3	56	25	
1094	146.351	E5	76	65	1174	122.167	E5	76	33	
1095	146.406	F5	77	66	1175	122.25	F5	77	33	
1096	146.493	D6	86	74	1176	122.333	D6	86	33	
1097	146.584	F5	77	61	1178	122.417	F5	77	33	
1098	146.677	F#5	78	75	1179	122.5	F#5	78	33	
1099	146.763	Eb6	87	79	1180	122.583	Eb6	87	33	
1100	146.851	F#5	78	70	1182	122.667	F#5	78	33	
1101	146.933	G5	79	73	1183	122.75	G5	79	33	
1102	147.014	E6	88	77	1184	122.833	E6	88	33	
1103	147.107	G5	79	73	1186	122.917	G5	79	33	
1104	147.23	G#5	80	67	1187	123	G#5	80	33	
1105	147.266	C#2	37	57	1188	123	C#2	37	25	
1106	147.306	F6	89	75	1189	123.083	F6	89	33	
1107	147.416	G#5	80	69	1191	123.167	G#5	80	33	
1108	147.472	A5	81	66	1192	123.25	A5	81	33	
1109	147.549	F#6	90	73	1193	123.333	F#6	90	33	
1110	147.622	A5	81	58	1195	123.417	A5	81	33	
1111	147.708	Bb5	82	67	1196	123.5	Bb5	82	33	
1112	147.789	G6	91	74	1198	123.583	G6	91	33	
1113	147.805	G#3	56	60	1197	123.5	G#3	56	25	
1114	147.909	Bb5	82	60	1200	123.667	Bb5	82	33	
1115	147.954	B5	83	74	1201	123.75	B5	83	33	
1116	148.062	C6	84	64	1205	124	C6	84	33	
1117	148.108	A6	93	59	1208	124.083	A6	93	33	
1118	148.118	G6	91	57	*	-1	*	-1	-1	
1119	148.219	C6	84	55	1210	124.167	C6	84	33	
1120	148.302	F4	65	59	1207	124	F4	65	25	
1121	148.306	C#4	61	58	1206	124	C#4	61	25	
1122	148.306	C#6	85	70	1211	124.25	C#6	85	33	
1123	148.399	Bb6	94	73	1212	124.333	Bb6	94	33	
1124	148.431	G#6	92	42	*	-1	*	-1	-1	
1125	148.48	A6	93	37	*	-1	*	-1	-1	
1126	148.511	C#6	85	66	*	-1	*	-1	-1	
1127	148.567	C6	84	68	1214	124.417	C6	84	33	
1128	148.674	B6	95	67	*	-1	*	-1	-1	
1129	148.772	C4	60	64	1216	124.5	C4	60	25	
1130	148.772	F#4	66	67	1217	124.5	F#4	66	25	
1131	148.816	D6	86	46	1215	124.5	D6	86	33	
1132	148.862	B6	95	77	1218	124.583	B6	95	33	
1133	149.012	D6	86	59	1220	124.667	C#6	85	33	
1134	149.132	Eb6	87	74	1221	124.75	Eb6	87	33	
1135	149.215	C7	96	78	1222	124.833	C7	96	33	
1136	149.269	G#3	56	65	1226	125	G#3	56	25	
1137	149.318	Eb6	87	71	1224	124.917	Eb6	87	33	
1138	149.396	E6	88	83	1225	125	E6	88	33	
1139	149.488	C#7	97	86	1227	125.083	C#7	97	33	
1140	149.593	F6	89	73	1229	125.167	E6	88	33	
1141	149.696	E6	88	28	1230	125.25	F6	89	33	
1142	149.711	D7	98	84	1231	125.333	D7	98	33	
1143	149.836	F#6	90	79	1234	125.5	F#6	90	33	
1144	149.965	G6	91	77	1236	125.583	Eb7	99	33	
1145	150.085	F#6	90	65	1237	125.667	F#6	90	33	
1146	150.113	Eb7	99	78	1238	125.75	G6	91	33	
1147	150.234	E7	100	44	1239	125.833	E7	100	33	
1148	150.259	G6	91	73	1241	125.917	G6	91	33	
1149	150.551	C#2	37	57	1243	126	C#2	37	25	
1150	150.626	G#6	92	76	1242	126	G#6	92	33	
1151	151.067	F7	101	57	1244	126.067	F7	101	33	
1152	151.229	E7	100	50	1245	126.133	E7	100	33	
1153	151.319	Eb7	99	55	1246	126.2	Eb7	99	33	
1154	151.43	C#7	97	51	1247	126.267	C#7	97	33	
1155	151.53	C7	96	54	1248	126.333	C7	96	33	
1156	151.634	Bb6	94	57	1249	126.4	Bb6	94	33	
1157	151.643	G#3	56	32	1251	126.5	G#3	56	25	
1158	151.727	G#6	92	52	1250	126.467	G#6	92	33	
1159	151.804	F#6	90	57	1252	126.533	F#6	90	33	
1160	151.864	F6	89	62	1253	126.6	F6	89	33	
1161	151.959	E6	88	59	1254	126.667	E6	88	33	
1162	152.039	Eb6	87	61	1255	126.733	Eb6	87	33	
1163	152.118	C#6	85	56	1256	126.8	C#6	85	33	
1164	152.203	C6	84	52	1257	126.867	C6	84	33	
1165	152.286	F4	65	39	1261	127	F4	65	25	
1166	152.29	Bb5	82	57	1258	126.933	Bb5	82	33	
1167	152.301	C#4	61	39	1260	127	C#4	61	25	
1168	152.372	G#5	80	58	1259	127	G#5	80	33	
1169	152.428	F#5	78	61	1262	127.071	F#5	78	33	
1170	152.496	F5	77	59	1263	127.142	F5	77	33	
1171	152.568	E5	76	67	1264	127.213	E5	76	33	
1172	152.654	Eb5	75	59	1265	127.283	Eb5	75	33	
1173	152.726	C#5	73	61	1266	127.354	C#5	73	33	
1174	152.821	C5	72	62	1267	127.425	C5	72	33	
1175	152.988	F#4	66	40	1270	127.5	F#4	66	25	
1176	153.002	C4	60	38	1269	127.5	C4	60	25	
1177	153.077	A4	69	53	1268	127.5	A4	69	33	
1178	153.261	B4	71	44	*	-1	*	-1	-1	
1179	153.347	A4	69	44	*	-1	*	-1	-1	
1180	153.439	B4	71	56	*	-1	*	-1	-1	
1181	153.529	A4	69	58	*	-1	*	-1	-1	
1182	153.63	B4	71	56	*	-1	*	-1	-1	
1183	153.704	A4	69	54	*	-1	*	-1	-1	
1184	153.774	B4	71	62	*	-1	*	-1	-1	
1185	153.859	G#3	56	45	*	-1	*	-1	-1	
1186	153.866	A4	69	54	*	-1	*	-1	-1	
1187	153.959	B4	71	53	*	-1	*	-1	-1	
1188	154.022	A4	69	60	*	-1	*	-1	-1	
1189	154.126	B4	71	51	*	-1	*	-1	-1	
1190	154.167	A4	69	60	*	-1	*	-1	-1	
1191	154.239	B4	71	64	*	-1	*	-1	-1	
1192	154.324	A4	69	48	*	-1	*	-1	-1	
1193	154.4	B4	71	54	*	-1	*	-1	-1	
1194	154.486	A4	69	43	*	-1	*	-1	-1	
1195	154.742	G#4	68	52	*	-1	*	-1	-1	
1196	154.974	Bb4	70	47	*	-1	*	-1	-1	
1197	155.066	G#4	68	62	*	-1	*	-1	-1	
1198	155.177	Bb4	70	57	*	-1	*	-1	-1	
1199	155.277	G#4	68	65	*	-1	*	-1	-1	
1200	155.382	Bb4	70	59	*	-1	*	-1	-1	
1201	155.439	G#4	68	59	*	-1	*	-1	-1	
1202	155.498	C#2	37	41	*	-1	*	-1	-1	
1203	155.517	Bb4	70	55	*	-1	*	-1	-1	
1204	155.588	G#4	68	62	*	-1	*	-1	-1	
1205	155.682	Bb4	70	61	*	-1	*	-1	-1	
1206	155.771	G#4	68	61	*	-1	*	-1	-1	
1207	155.88	F4	65	56	*	-1	*	-1	-1	
1208	155.991	G#4	68	58	*	-1	*	-1	-1	
1209	156.124	C#5	73	61	1277	129.417	C#5	73	33	
1210	156.283	F5	77	48	1278	129.5	F5	77	33	
1211	156.305	G#3	56	41	1279	129.5	G#3	56	25	
1212	156.384	Bb5	82	60	1280	129.583	Bb5	82	33	
1213	156.487	G#5	80	59	1281	129.667	G#5	80	33	
1214	156.59	G#5	80	66	1282	129.75	G#5	80	33	
1215	156.684	G#5	80	71	1283	129.833	G#5	80	33	
1216	156.825	Bb6	94	67	1284	129.917	Bb6	94	33	
1217	156.972	F4	65	31	1287	130	F4	65	25	
1218	156.983	G#6	92	52	1285	130	G#6	92	33	
1219	156.998	C#4	61	35	1286	130	C#4	61	25	
1220	157.643	F#4	66	43	1291	130.75	F#4	66	33	
1221	157.649	C4	60	38	1289	130.5	C4	60	25	
1222	157.684	G#4	68	55	*	-1	*	-1	-1	
1223	157.786	Bb4	70	56	*	-1	*	-1	-1	
1224	157.865	G#4	68	59	*	-1	*	-1	-1	
1225	157.925	Bb4	70	66	*	-1	*	-1	-1	
1226	158	G#4	68	66	*	-1	*	-1	-1	
1227	158.048	F#4	66	35	*	-1	*	-1	-1	
1228	158.166	G#4	68	69	1292	130.833	G#4	68	33	
1229	158.244	G#3	56	50	1295	131	G#3	56	25	
1230	158.289	Eb5	75	59	1293	130.917	Eb5	75	33	
1231	158.405	F#5	78	71	1294	131	F#5	78	33	
1232	158.519	Bb5	82	63	1296	131.083	Bb5	82	33	
1233	158.612	G#5	80	67	1297	131.167	G#5	80	33	
1234	158.812	G#5	80	70	1299	131.333	G#5	80	33	
1235	158.937	Bb6	94	61	1300	131.417	Bb6	94	33	
1236	159.074	G#6	92	54	1301	131.5	G#6	92	33	
1237	159.956	C#2	37	40	1303	132	C#2	37	25	
1238	160.083	C#7	97	56	1302	132	C#7	97	33	
1239	160.341	Bb6	94	59	1304	132.083	Bb6	94	33	
1240	160.513	C#7	97	69	1305	132.167	C#7	97	33	
1241	160.633	G#6	92	64	1306	132.25	G#6	92	33	
1242	160.741	C#7	97	69	1307	132.333	C#7	97	33	
1243	160.852	F6	89	64	1308	132.417	F6	89	33	
1244	160.957	G#3	56	41	1310	132.5	G#3	56	25	
1245	160.957	C#7	97	61	1309	132.5	C#7	97	33	
1246	161.066	F#6	90	61	1311	132.583	F#6	90	33	
1247	161.169	C#7	97	62	1312	132.667	C#7	97	33	
1248	161.261	F6	89	65	1313	132.75	F6	89	33	
1249	161.371	C#7	97	67	1314	132.833	C#7	97	33	
1250	161.472	C#6	85	57	1315	132.917	C#6	85	33	
1251	161.536	C#4	61	39	1317	133	C#4	61	25	
1252	161.54	F4	65	37	1318	133	F4	65	25	
1253	161.574	C#7	97	71	1316	133	C#7	97	33	
1254	161.658	F6	89	70	1319	133.083	F6	89	33	
1255	161.747	C7	96	72	1320	133.167	C7	96	33	
1256	161.841	C#6	85	64	1321	133.25	C#6	85	33	
1257	161.922	B6	95	63	1322	133.333	B6	95	33	
1258	162.017	F6	89	62	1323	133.417	F6	89	33	
1259	162.128	Bb6	94	71	1324	133.5	Bb6	94	33	
1260	162.139	F#4	66	44	1326	133.5	F#4	66	25	
1261	162.144	Eb4	63	35	1325	133.5	Eb4	63	25	
1262	162.239	C6	84	49	1327	133.583	C6	84	33	
1263	162.3	A6	93	63	1328	133.667	A6	93	33	
1264	162.405	F6	89	63	1329	133.75	F#6	90	33	
1265	162.497	G#6	92	62	1330	133.833	G#6	92	33	
1266	162.604	C6	84	53	1331	133.917	C6	84	33	
1267	162.635	G#3	56	45	1333	134	G#3	56	25	
1268	162.677	G6	91	64	1332	134	G6	91	33	
1269	162.796	Eb6	87	54	1334	134.083	Eb6	87	33	
1270	162.859	F#6	90	64	1335	134.167	F#6	90	33	
1271	162.947	A5	81	55	1336	134.25	A5	81	33	
1272	163.026	F6	89	62	1337	134.333	F6	89	33	
1273	163.122	C6	84	52	1338	134.417	C6	84	33	
1274	163.206	Eb6	87	60	1339	134.5	Eb6	87	33	
1275	163.312	G#5	80	61	1340	134.583	G#5	80	33	
1276	163.416	F#6	90	64	1341	134.667	F#6	90	33	
1277	163.546	F#5	78	52	1342	134.75	F#5	78	33	
1278	163.633	C6	84	50	1343	134.833	C6	84	33	
1279	163.758	G#5	80	58	1344	134.917	G#5	80	33	
1280	163.817	C#2	37	41	1346	135	C#2	37	25	
1281	163.929	C#6	85	56	1345	135	C#6	85	33	
1282	164.077	Bb5	82	49	1347	135.083	Bb5	82	33	
1283	164.205	C#6	85	58	1348	135.167	C#6	85	33	
1284	164.309	G#5	80	60	1349	135.25	G#5	80	33	
1285	164.408	C#6	85	61	1350	135.333	C#6	85	33	
1286	164.506	F5	77	46	1351	135.417	F5	77	33	
1287	164.601	C#6	85	61	1352	135.5	C#6	85	33	
1288	164.619	G#3	56	41	1353	135.5	G#3	56	25	
1289	164.687	F#5	78	59	1354	135.583	F#5	78	33	
1290	164.768	C#6	85	63	1355	135.667	C#6	85	33	
1291	164.869	F5	77	63	1356	135.75	F5	77	33	
1292	164.971	C#6	85	60	1357	135.833	C#6	85	33	
1293	165.061	C#5	73	50	1358	135.917	C#5	73	33	
1294	165.153	C#6	85	65	1359	136	C#6	85	33	
1295	165.166	F4	65	34	1361	136	F4	65	25	
1296	165.173	C#4	61	32	1360	136	C#4	61	25	
1297	165.253	F5	77	54	1362	136.083	F5	77	33	
1298	165.318	C6	84	66	1363	136.167	C6	84	33	
1299	165.419	C#5	73	60	1364	136.25	C#5	73	33	
1300	165.502	B5	83	65	1365	136.333	B5	83	33	
1301	165.625	F5	77	58	1366	136.417	F5	77	33	
1302	165.716	F#4	66	47	1369	136.5	F#4	66	25	
1303	165.726	Eb4	63	39	1368	136.5	Eb4	63	25	
1304	165.73	Bb5	82	60	1367	136.5	Bb5	82	33	
1305	165.853	C5	72	53	1370	136.583	C5	72	33	
1306	165.932	A5	81	52	1371	136.667	A5	81	33	
1307	166.017	F5	77	52	1372	136.75	F#5	78	33	
1308	166.124	G#5	80	60	1373	136.833	G#5	80	33	
1309	166.242	C5	72	51	1374	136.917	C5	72	33	
1310	166.343	G5	79	59	1375	137	G5	79	33	
1311	166.351	G#3	56	43	1376	137	G#3	56	25	
1312	166.476	Eb5	75	44	1377	137.083	Eb5	75	33	
1313	166.547	F#5	78	61	1378	137.167	F#5	78	33	
1314	166.674	A4	69	39	1379	137.25	A4	69	33	
1315	166.783	F5	77	59	1380	137.333	F5	77	33	
1316	166.903	C5	72	53	1381	137.417	C5	72	33	
1317	167.026	Eb5	75	49	1382	137.5	Eb5	75	33	
1318	167.193	G#4	68	47	1383	137.583	G#4	68	33	
1319	167.381	F#5	78	49	1384	137.667	F#5	78	33	
1320	167.565	F#4	66	22	1385	137.75	F#4	66	33	
1321	167.793	C5	72	50	1386	137.833	C5	72	33	
1322	168.057	G#4	68	51	1387	137.917	G#4	68	33	
1323	168.636	C#2	37	39	1390	138	C#2	37	25	
1324	168.734	C#5	73	48	1389	138	C#5	73	33	
1325	168.738	F4	65	37	1388	138	F4	65	33	
1326	169.869	G#3	56	41	1391	138.5	G#3	56	25	
1327	170.535	C#4	61	32	1393	139	C#4	61	25	
1328	170.535	F4	65	31	1394	139	F4	65	25	
1329	170.602	C#5	73	64	1392	139	C#5	73	33	
1330	171.216	F#4	66	43	1397	139.5	F#4	66	25	
1331	171.236	Eb4	63	33	1396	139.5	Eb4	63	25	
1332	171.327	C5	72	60	1395	139.5	C5	72	33	
1333	171.611	C#5	73	66	1398	139.75	C#5	73	33	
1334	171.916	Eb5	75	62	1399	140	Eb5	75	33	
1335	171.925	G#3	56	37	1400	140	G#3	56	25	
1336	172.161	F#5	78	67	1401	140.25	F#5	78	33	
1337	172.424	Bb5	82	61	1402	140.5	Bb5	82	33	
1338	172.694	Bb4	70	57	1403	140.75	Bb4	70	33	
1339	172.988	C#2	37	37	1405	141	C#2	37	25	
1340	173.093	G#4	68	55	1404	141	G#4	68	33	
1341	173.784	G#3	56	34	1406	141.5	G#3	56	25	
1342	174.392	G#4	68	56	1407	142	G#4	68	33	
1343	174.412	C#4	61	37	1408	142	C#4	61	25	
1344	174.424	F4	65	29	1409	142	F4	65	25	
1345	175.104	Eb4	63	43	1411	142.5	Eb4	63	25	
1346	175.156	F#4	66	47	1410	142.5	F#4	66	33	
1347	175.393	G#4	68	53	1412	142.75	G#4	68	33	
1348	175.694	C5	72	56	1413	143	C5	72	33	
1349	175.722	G#3	56	40	1414	143	G#3	56	25	
1350	175.961	Eb5	75	60	1415	143.25	Eb5	75	33	
1351	176.227	F#5	78	63	1416	143.5	F#5	78	33	
1352	176.505	F#4	66	53	1417	143.75	F#4	66	33	
1353	176.783	C#2	37	36	1419	144	C#2	37	25	
1354	176.819	F4	65	43	1418	144	F4	65	33	
1355	177.602	G#3	56	39	1420	144.5	G#3	56	25	
1356	177.893	G#5	80	59	1421	144.75	G#5	80	33	
1357	178.196	G5	79	62	1422	145	G5	79	33	
1358	178.225	C#4	61	34	1423	145	C#4	61	25	
1359	178.233	F4	65	31	1424	145	F4	65	25	
1360	178.476	G#5	80	74	1425	145.25	G#5	80	33	
1361	178.758	F#4	66	44	1428	145.5	F#4	66	25	
1362	178.763	Bb5	82	63	1426	145.5	Bb5	82	33	
1363	178.794	Eb4	63	34	1427	145.5	Eb4	63	25	
1364	179.066	G#5	80	66	1429	145.75	G#5	80	36	
1365	179.354	G#3	56	40	1431	146	G#3	56	25	
1366	179.358	C5	72	66	1430	146	C5	72	39	
1367	179.635	F#5	78	69	1432	146.25	F#5	78	42	
1368	179.885	C6	84	64	1433	146.5	C6	84	45	
1369	180.166	F#6	90	71	1434	146.75	F#6	90	49	
1370	180.488	C#2	37	48	1436	147	C#2	37	25	
1371	180.557	F6	89	69	1435	147	F6	89	49	
1372	180.894	Eb6	87	71	1437	147.25	Eb6	87	49	
1373	181.204	C#6	85	67	1438	147.5	C#6	85	49	
1374	181.219	G#3	56	42	1439	147.5	G#3	56	25	
1375	181.471	F5	77	73	1440	147.75	F5	77	49	
1376	181.768	G#5	80	67	1441	148	G#5	80	49	
1377	181.785	F4	65	39	1443	148	F4	65	25	
1378	181.804	C#4	61	37	1442	148	C#4	61	25	
1379	182.025	C6	84	68	1444	148.25	C6	84	49	
1380	182.299	F#4	66	43	1447	148.5	Bb4	70	25	
1381	182.319	C4	60	41	1446	148.5	Eb4	63	25	
1382	182.319	Bb5	82	61	1445	148.5	Bb5	82	49	
1383	182.589	F#5	78	61	1448	148.75	F#5	78	49	
1384	182.892	Eb5	75	54	1449	149	Eb5	75	49	
1385	182.919	G#3	56	42	1450	149	G#3	56	25	
1386	183.151	Bb4	70	54	1451	149.25	Bb4	70	49	
1387	183.446	C5	72	58	1452	149.5	C5	72	49	
1388	183.738	Eb5	75	53	1453	149.75	Eb5	75	49	
1389	184.074	C#2	37	37	1455	150	C#2	37	25	
1390	184.161	G#4	68	55	1454	150	G#4	68	49	
1391	185.037	G#3	56	33	1456	150.5	G#3	56	25	
1392	185.624	F4	65	36	1458	151	F4	65	25	
1393	185.642	C#4	61	35	1457	151	C#4	61	25	
1394	186.263	F#4	66	37	*	-1	*	-1	-1	
1395	186.288	C4	60	34	*	-1	*	-1	-1	
1396	186.335	G4	67	41	1459	151.5	G4	67	49	
1397	186.543	G#4	68	54	1462	151.667	G#4	68	49	
1398	186.722	Bb4	70	62	1463	151.833	Bb4	70	49	
1399	186.883	G#3	56	43	1465	152	G#3	56	25	
1400	186.89	C5	72	61	1464	152	C5	72	49	
1401	187.063	C#5	73	60	1466	152.167	C#5	73	49	
1402	187.232	Eb5	75	61	1467	152.333	Eb5	75	49	
1403	187.394	F5	77	63	1468	152.5	F5	77	49	
1404	187.561	F#5	78	63	1469	152.667	F#5	78	49	
1405	187.742	Bb5	82	62	1470	152.833	Bb5	82	49	
1406	187.953	C#2	37	40	1472	153	C#2	37	25	
1407	187.979	G#5	80	57	1471	153	G#5	80	49	
1408	188.726	G#3	56	43	1473	153.5	G#3	56	25	
1409	189.325	F4	65	42	1475	154	F4	65	25	
1410	189.332	C#4	61	40	1474	154	C#4	61	25	
1411	190.008	F#4	66	40	1478	154.5	Bb4	70	25	
1412	190.044	G5	79	51	1476	154.5	G5	79	49	
1413	190.06	C4	60	32	1477	154.5	Eb4	63	25	
1414	190.301	G#5	80	58	1479	154.667	G#5	80	49	
1415	190.487	C6	84	61	1480	154.833	C6	84	49	
1416	190.697	G#3	56	45	1482	155	G#3	56	49	
1417	190.703	Bb5	82	60	1481	155	Bb5	82	49	
1418	190.89	G#5	80	62	1483	155.167	G#5	80	49	
1419	191.062	F#5	78	60	1484	155.333	F#5	78	49	
1420	191.275	Eb5	75	51	1485	155.5	Eb5	75	49	
1421	191.468	Bb4	70	55	1486	155.667	Bb4	70	49	
1422	191.662	C5	72	56	1487	155.833	C5	72	49	
1423	191.909	C#2	37	41	1489	156	C#2	37	49	
1424	192.044	Bb4	70	44	1488	156	Bb4	70	49	
1425	192.349	G#4	68	51	1490	156.167	G#4	68	49	
1426	192.561	Eb5	75	54	1491	156.333	Eb5	75	49	
1427	192.762	G#3	56	36	1493	156.5	G#3	56	49	
1428	192.782	C#5	73	55	1492	156.5	C#5	73	49	
1429	192.985	Eb5	75	57	1494	156.667	Eb5	75	49	
1430	193.166	F#5	78	67	1495	156.833	F#5	78	49	
1431	193.343	C#4	61	41	1497	157	C#4	61	49	
1432	193.352	F5	77	66	1496	157	F5	77	49	
1433	193.354	F4	65	37	1498	157	F4	65	49	
1434	193.524	F#5	78	62	1499	157.167	F#5	78	49	
1435	193.707	Bb5	82	59	1500	157.333	Bb5	82	49	
1436	193.912	G#5	80	63	1501	157.5	G#5	80	49	
1437	193.931	Eb4	63	39	1502	157.5	Eb4	63	49	
1438	193.951	F#4	66	48	1503	157.5	F#4	66	49	
1439	194.111	G#6	92	59	1504	157.667	G#6	92	49	
1440	194.322	Bb5	82	55	1505	157.833	Bb5	82	49	
1441	194.491	G#6	92	60	1506	158	G#6	92	49	
1442	194.522	G#3	56	48	1507	158	G#3	56	49	
1443	194.697	C#6	85	59	1508	158.167	C#6	85	49	
1444	194.879	G#6	92	64	1509	158.333	G#6	92	49	
1445	195.11	C6	84	56	1510	158.5	C6	84	49	
1446	195.316	G#6	92	65	1511	158.667	G#6	92	49	
1447	195.524	F6	89	70	1512	158.833	F6	89	49	
1448	195.781	C#2	37	49	1514	159	C#2	37	49	
1449	195.91	Eb6	87	58	1513	159	Eb6	87	49	
1450	196.19	C#6	85	65	1515	159.167	C#6	85	49	
1451	196.484	C#7	97	66	1516	159.333	C#7	97	49	
1452	196.749	G#3	56	45	1518	159.5	G#3	56	49	
1453	196.875	C7	96	63	1517	159.5	C7	96	49	
1454	197.141	Bb6	94	71	1519	159.667	Bb6	94	49	
1455	197.333	G#6	92	68	1520	159.833	G#6	92	49	
1456	197.49	C#4	61	38	1522	160	C#4	61	49	
1457	197.503	F4	65	39	1523	160	F4	65	49	
1458	197.552	F6	89	66	1521	160	F6	89	49	
1459	197.74	Eb6	87	68	1524	160.167	Eb6	87	49	
1460	197.922	C#6	85	66	1525	160.333	C#6	85	49	
1461	198.104	F#4	66	47	1528	160.5	F#4	66	49	
1462	198.115	Eb4	63	41	1527	160.5	Eb4	63	49	
1463	198.122	C6	84	56	1526	160.5	C6	84	49	
1464	198.324	Bb5	82	57	1529	160.667	Bb5	82	49	
1465	198.512	G#5	80	60	1530	160.833	G#5	80	49	
1466	198.733	G#3	56	39	1532	161	G#3	56	49	
1467	198.743	F5	77	53	1531	161	F5	77	49	
1468	198.953	Eb5	75	51	1533	161.167	Eb5	75	49	
1469	199.165	C#5	73	59	1534	161.333	C#5	73	49	
1470	199.409	C5	72	54	1535	161.5	C5	72	49	
1471	199.666	Bb4	70	50	1536	161.667	Bb4	70	49	
1472	199.947	G#4	68	57	1537	161.833	G#4	68	49	
1473	200.289	C#2	37	39	1539	162	C#2	37	49	
1474	200.401	C#5	73	53	1538	162	C#5	73	49	
1475	201.368	G#3	56	47	1540	162.5	G#3	56	49	
1476	202.074	F4	65	45	1542	163	F4	65	49	
1477	202.078	C#4	61	43	1541	163	C#4	61	49	
1478	202.753	F4	65	44	1546	163.5	F4	65	49	
1479	202.758	C#4	61	43	1545	163.5	C#4	61	49	
1480	202.84	B4	71	69	1543	163.5	B4	71	49	
1481	203.237	C#5	73	64	1547	163.75	C#5	73	49	
1482	203.546	F5	77	61	1548	164	F5	77	49	
1483	203.565	G#3	56	41	1549	164	G#3	56	49	
1484	203.815	Bb5	82	68	1550	164.25	Bb5	82	49	
1485	204.071	G#5	80	69	1551	164.5	G#5	80	49	
1486	204.335	Eb5	75	67	1552	164.75	Eb5	75	49	
1487	204.617	C#2	37	49	1554	165	C#2	37	49	
1488	204.737	B4	71	67	1553	165	B4	71	49	
1489	205.16	F4	65	42	1555	165.25	F4	65	49	
1490	205.501	B4	71	52	1556	165.5	B4	71	49	
1491	205.538	G#3	56	40	1558	165.5	G#3	56	49	
1492	205.782	Eb5	75	61	1559	165.75	Eb5	75	49	
1493	206.04	G#4	68	66	1561	166	G#4	68	49	
1494	206.054	F4	65	36	1564	166	F4	65	49	
1495	206.059	C#4	61	37	1563	166	C#4	61	49	
1496	206.296	C#5	73	73	1565	166.25	C#5	73	49	
1497	206.611	F4	65	45	1570	166.5	F4	65	49	
1498	206.611	B4	71	68	1567	166.5	B4	71	49	
1499	206.615	C#4	61	40	1569	166.5	C#4	61	49	
1500	206.909	C#5	73	64	1571	166.75	C#5	73	49	
1501	207.19	F5	77	59	1572	167	F5	77	49	
1502	207.199	G#3	56	42	1573	167	G#3	56	49	
1503	207.456	Bb5	82	63	1574	167.25	Bb5	82	49	
1504	207.725	G#5	80	64	1575	167.5	G#5	80	49	
1505	207.991	Eb5	75	54	1576	167.75	Eb5	75	49	
1506	208.217	C#2	37	44	1578	168	C#2	37	49	
1507	208.361	B4	71	55	1577	168	B4	71	49	
1508	208.752	F4	65	44	1579	168.25	F4	65	49	
1509	209.091	B4	71	55	1580	168.5	B4	71	49	
1510	209.138	G#3	56	39	1582	168.5	G#3	56	49	
1511	209.378	Eb5	75	54	1583	168.75	Eb5	75	49	
1512	209.647	G#4	68	59	1585	169	G#4	68	49	
1513	209.68	C#4	61	35	1587	169	C#4	61	49	
1514	209.68	F4	65	35	1588	169	F4	65	49	
1515	209.906	C#5	73	66	1589	169.25	C#5	73	49	
1516	210.189	B4	71	61	1591	169.5	B4	71	49	
1517	210.218	C#4	61	37	1592	169.5	C#4	61	49	
1518	210.222	F4	65	38	1593	169.5	F4	65	49	
1519	210.471	C#5	73	65	1594	169.75	C#5	73	49	
1520	210.75	G#3	56	42	1596	170	G#3	56	49	
1521	210.755	F5	77	63	1595	170	F5	77	49	
1522	211.04	G#5	80	62	1597	170.25	G#5	80	49	
1523	211.331	B5	83	47	1598	170.5	B5	83	49	
1524	211.347	A5	81	33	*	-1	*	-1	-1	
1525	211.58	C#6	85	64	1599	170.75	C#6	85	49	
1526	211.887	C#2	37	42	1601	171	C#2	37	49	
1527	211.93	Eb6	87	66	1600	171	Eb6	87	49	
1528	212.317	F#6	90	63	1602	171.25	F#6	90	49	
1529	212.668	F6	89	69	1603	171.5	F6	89	49	
1530	212.696	G#3	56	41	1604	171.5	G#3	56	49	
1531	212.948	Eb6	87	69	1605	171.75	Eb6	87	49	
1532	213.212	B5	83	57	1606	172	B5	83	49	
1533	213.222	F4	65	40	1608	172	F4	65	49	
1534	213.233	C#4	61	40	1607	172	C#4	61	49	
1535	213.468	G#5	80	66	1609	172.25	G#5	80	49	
1536	213.761	Eb5	75	53	1610	172.5	Eb5	75	49	
1537	213.783	F4	65	36	1612	172.5	F4	65	49	
1538	213.789	C#4	61	37	1611	172.5	C#4	61	49	
1539	214.039	F#5	78	66	1613	172.75	F#5	78	49	
1540	214.349	F5	77	53	1614	173	F5	77	49	
1541	214.373	G#3	56	38	1615	173	G#3	56	49	
1542	214.638	C#5	73	55	1616	173.25	C#5	73	49	
1543	214.94	B4	71	51	1617	173.5	B4	71	49	
1544	215.278	G#4	68	58	1618	173.75	G#4	68	49	
1545	215.693	C#2	37	39	1620	174	C#2	37	49	
1546	215.805	Bb4	70	53	1619	174	Bb4	70	49	
1547	216.737	Bb3	58	50	1621	174.5	G#3	56	49	
1548	217.418	F#4	66	53	1623	175	F#4	66	49	
1549	217.424	C#4	61	48	1622	175	C#4	61	49	
1550	218.054	C#4	61	48	1624	175.5	C#4	61	49	
1551	218.063	F#4	66	52	1625	175.5	F#4	66	49	
1552	218.335	C#5	73	65	1626	175.75	C#5	73	49	
1553	218.663	Bb3	58	42	1628	176	G#3	56	49	
1554	218.681	F#5	78	70	1627	176	F#5	78	49	
1555	218.946	G#5	80	73	1629	176.25	G#5	80	49	
1556	219.252	Bb5	82	64	1630	176.5	Bb5	82	49	
1557	219.54	B4	71	55	1631	176.75	B4	71	49	
1558	219.861	C#2	37	41	1633	177	C#2	37	49	
1559	219.954	Bb4	70	48	1632	177	Bb4	70	49	
1560	220.362	C#5	73	52	1634	177.25	C#5	73	49	
1561	220.702	F#5	78	58	1635	177.5	F#5	78	49	
1562	220.728	Bb3	58	36	1636	177.5	G#3	56	49	
1563	220.993	G#5	80	66	1637	177.75	G#5	80	49	
1564	221.268	Bb5	82	65	1638	178	Bb5	82	49	
1565	221.273	C#4	61	43	1639	178	C#4	61	49	
1566	221.278	F#4	66	41	1640	178	F#4	66	49	
1567	221.54	C#6	85	65	1641	178.25	C#6	85	49	
1568	221.825	F#6	90	71	1642	178.5	F#6	90	49	
1569	221.847	F#4	66	47	1644	178.5	F#4	66	49	
1570	221.856	C#4	61	43	1643	178.5	C#4	61	49	
1571	222.094	G#6	92	72	1645	178.75	G#6	92	49	
1572	222.124	C#6	85	15	*	-1	*	-1	-1	
1573	222.382	Bb6	94	77	1646	179	Bb6	94	49	
1574	222.396	Bb3	58	49	1647	179	G#3	56	49	
1575	222.652	F#6	90	73	1648	179.25	F#6	90	49	
1576	222.938	Eb6	87	76	1649	179.5	Eb6	87	49	
1577	223.219	C#6	85	73	1650	179.75	C#6	85	49	
1578	223.535	C#2	37	45	1652	180	C#2	37	49	
1579	223.663	F6	89	68	1651	180	F6	89	49	
1580	224.153	Eb6	87	60	1653	180.25	Eb6	87	49	
1581	224.522	G#3	56	29	1655	180.5	G#3	56	49	
1582	224.544	Bb5	82	48	1654	180.5	Bb5	82	49	
1583	224.844	C6	84	48	1656	180.75	C6	84	49	
1584	225.11	C4	60	38	1658	181	C4	60	49	
1585	225.114	F#4	66	40	1659	181	F#4	66	49	
1586	225.125	Eb6	87	57	1657	181	Eb6	87	49	
1587	225.381	C#6	85	56	1660	181.25	C#6	85	49	
1588	225.676	G#5	80	53	1661	181.5	G#5	80	49	
1589	225.692	F#4	66	41	1663	181.5	F#4	66	49	
1590	225.7	C4	60	35	1662	181.5	C4	60	49	
1591	225.95	Bb5	82	55	1664	181.75	Bb5	82	49	
1592	226.242	G#3	56	46	1666	182	G#3	56	49	
1593	226.247	C#6	85	50	1665	182	C#6	85	49	
1594	226.504	C6	84	53	1667	182.25	C6	84	49	
1595	226.793	F#5	78	53	1668	182.5	F#5	78	49	
1596	227.109	G#5	80	53	1669	182.75	G#5	80	49	
1597	227.382	C#2	37	39	1671	183	C#2	37	49	
1598	227.455	C6	84	48	1670	183	C6	84	49	
1599	227.768	Bb5	82	52	1672	183.25	Bb5	82	49	
1600	228.081	F5	77	51	1673	183.5	F5	77	49	
1601	228.097	G#3	56	31	1674	183.5	G#3	56	49	
1602	228.35	F#5	78	52	1675	183.75	F#5	78	49	
1603	228.657	F#4	66	34	1678	184	F#4	66	49	
1604	228.661	Bb5	82	51	1676	184	Bb5	82	49	
1605	228.672	C4	60	35	1677	184	C4	60	49	
1606	228.937	G#5	80	52	1679	184.25	G#5	80	49	
1607	229.268	Eb5	75	49	1680	184.5	Eb5	75	49	
1608	229.284	F#4	66	33	1682	184.5	F#4	66	49	
1609	229.301	C4	60	39	1681	184.5	C4	60	49	
1610	229.568	F5	77	46	1683	184.75	F5	77	49	
1611	229.919	G#5	80	48	1684	185	G#5	80	49	
1612	229.939	G#3	56	36	1685	185	G#3	56	49	
1613	230.23	F#5	78	53	1686	185.25	F#5	78	49	
1614	230.593	C#5	73	51	1687	185.5	C#5	73	49	
1615	231.015	Eb5	75	51	1688	185.75	Eb5	75	49	
1616	231.585	C#2	37	34	1690	186	C#2	37	49	
1617	231.633	F5	77	55	1689	186	F5	77	49	
1618	232.781	G#3	56	33	1691	186.5	G#3	56	49	
1619	233.457	F4	65	31	1693	187	F4	65	49	
1620	233.461	C#4	61	35	1692	187	C#4	61	49	
1621	234.249	C#4	61	33	1695	187.5	C#4	61	49	
1622	234.249	F4	65	32	1696	187.5	F4	65	49	
1623	234.274	Eb5	75	58	1694	187.5	Eb5	75	49	
1624	234.983	G#3	56	32	1698	188	G#3	56	49	
1625	234.992	G#5	80	56	1697	188	G#5	80	49	
1626	235.624	F5	77	56	1699	188.5	F5	77	49	
1627	236.253	C#2	37	37	1701	189	C#2	37	49	
1628	236.352	Eb5	75	54	1700	189	Eb5	75	49	
1629	237.087	F5	77	57	1702	189.5	F5	77	49	
1630	237.157	G#3	56	35	1703	189.5	G#3	56	49	
1631	237.725	C#5	73	58	1704	190	C#5	73	49	
1632	237.767	C#4	61	29	1705	190	C#4	61	49	
1633	237.767	F4	65	27	1706	190	F4	65	49	
1634	238.41	Bb4	70	57	1707	190.5	Bb4	70	49	
1635	238.446	C#4	61	34	1708	190.5	C#4	61	49	
1636	238.446	F4	65	29	1709	190.5	F4	65	49	
1637	239.06	C#5	73	55	1710	191	C#5	73	49	
1638	239.103	G#3	56	37	1711	191	G#3	56	49	
1639	239.688	G#4	68	55	1712	191.5	G#4	68	49	
1640	240.356	C#2	37	38	1714	192	C#2	37	49	
1641	240.437	Bb4	70	55	1713	192	Bb4	70	49	
1642	241.219	C#5	73	51	1715	192.5	C#5	73	49	
1643	241.26	G#3	56	37	1716	192.5	G#3	56	49	
1644	241.829	G#4	68	59	1717	193	G#4	68	49	
1645	241.869	C#4	61	34	1718	193	C#4	61	49	
1646	241.869	F4	65	30	1719	193	F4	65	49	
1647	242.488	F#4	66	51	1720	193.5	F#4	66	49	
1648	242.503	C#4	61	35	1721	193.5	C#4	61	49	
1649	243.176	G#3	56	32	1723	194	G#3	56	49	
1650	243.186	C#5	73	44	1722	194	C#5	73	49	
1651	243.839	F4	65	41	1724	194.5	F4	65	49	
1652	244.733	C#2	37	41	1725	195	C#2	37	49	
1653	245.714	G#3	56	39	1726	195.5	G#3	56	49	
1654	246.416	C#4	61	35	1727	196	C#4	61	49	
1655	247.115	F4	65	46	1728	196.5	F4	65	49	
1656	247.132	C#4	61	37	1729	196.5	C#4	61	49	
1657	247.803	G#4	68	46	1730	197	G#4	68	49	
1658	247.812	G#3	56	33	1731	197	G#3	56	49	
1659	248.471	Eb4	63	45	1732	197.5	Eb4	63	49	
1660	249.222	C#2	37	38	1734	198	C#2	37	49	
1661	249.303	Eb4	63	50	1733	198	Eb4	63	49	
1662	250.076	G#4	68	49	1735	198.5	G#4	68	49	
1663	250.107	G#3	56	36	1736	198.5	G#3	56	49	
1664	250.782	C#4	61	38	1737	199	C#4	61	49	
1665	250.796	F4	65	37	1738	199	F4	65	49	
1666	251.616	F4	65	35	1740	199.5	F4	65	49	
1667	251.626	C#4	61	35	1739	199.5	C#4	61	49	
1668	252.462	G#3	56	33	1741	200	G#3	56	49	
1669	254.503	C#2	37	37	1742	201	C#2	37	49	
1670	255.335	G#3	56	40	1743	201.5	G#3	56	49	
1671	256.015	F4	65	34	1745	202	F4	65	49	
1672	256.017	C#4	61	35	1744	202	C#4	61	49	
1673	256.889	C#4	61	31	1746	202.5	C#4	61	49	
1674	256.891	F4	65	32	1747	202.5	F4	65	49	
1675	257.759	G#3	56	37	1748	203	G#3	56	49	
1676	261.061	Eb4	63	63	1750	204	Eb4	63	49	
1677	261.086	G#1	32	36	1753	204	G#1	32	49	
1678	261.086	G#2	44	38	1754	204	G#2	44	49	
1679	261.086	F#3	54	49	1751	204	F#3	54	49	
1680	261.086	C4	60	53	1749	204	C4	60	49	
1681	261.108	G#3	56	39	1752	204	G#3	56	49	
1682	267.471	C#4	61	38	1755	207	C#4	61	49	
1683	267.485	F3	53	31	1756	207	F3	53	49	
1684	267.515	C#2	37	29	1757	207	C#2	37	49	
1685	267.522	G#2	44	36	1758	207	G#2	44	49	
*	-1	*	-1	-1	178	37	C#4	61	25	
*	-1	*	-1	-1	193	39	F#5	78	33	
*	-1	*	-1	-1	205	40.5	F#5	78	33	
*	-1	*	-1	-1	308	54	G#5	80	33	
*	-1	*	-1	-1	311	54.0125	Bb5	82	33	
*	-1	*	-1	-1	312	54.0271	G#5	80	33	
*	-1	*	-1	-1	313	54.0438	Bb5	82	33	
*	-1	*	-1	-1	314	54.0625	Bb5	82	33	
*	-1	*	-1	-1	329	54.9375	Bb5	82	33	
*	-1	*	-1	-1	369	58.5	F#4	66	25	
*	-1	*	-1	-1	587	77.1667	F#6	90	53	
*	-1	*	-1	-1	591	77.5	F#6	90	54	
*	-1	*	-1	-1	595	77.8333	F#6	90	33	
*	-1	*	-1	-1	777	96	G#4	68	33	
*	-1	*	-1	-1	784	96.5	G#4	68	33	
*	-1	*	-1	-1	791	97	G#4	68	33	
*	-1	*	-1	-1	799	97.5	G#4	68	33	
*	-1	*	-1	-1	807	98	G#4	68	33	
*	-1	*	-1	-1	814	98.5	G#4	68	33	
*	-1	*	-1	-1	820	99	G#4	68	33	
*	-1	*	-1	-1	827	99.5	G#4	68	33	
*	-1	*	-1	-1	834	100	G#4	68	33	
*	-1	*	-1	-1	842	100.5	G#4	68	33	
*	-1	*	-1	-1	850	101	G#4	68	33	
*	-1	*	-1	-1	857	101.5	G#4	68	33	
*	-1	*	-1	-1	867	102.25	F5	77	33	
*	-1	*	-1	-1	870	102.5	G#5	80	33	
*	-1	*	-1	-1	874	102.75	G#5	80	33	
*	-1	*	-1	-1	877	103	C#6	85	33	
*	-1	*	-1	-1	882	103.25	C#6	85	33	
*	-1	*	-1	-1	885	103.5	C6	84	33	
*	-1	*	-1	-1	890	103.75	C6	84	33	
*	-1	*	-1	-1	893	104	F#5	78	33	
*	-1	*	-1	-1	897	104.25	F#5	78	33	
*	-1	*	-1	-1	900	104.5	F#5	78	33	
*	-1	*	-1	-1	903	104.667	F#5	78	33	
*	-1	*	-1	-1	906	104.833	F#5	78	33	
*	-1	*	-1	-1	909	105	F5	77	33	
*	-1	*	-1	-1	913	105.25	F5	77	33	
*	-1	*	-1	-1	916	105.5	Bb5	82	33	
*	-1	*	-1	-1	923	105.833	C#6	85	33	
*	-1	*	-1	-1	926	106	C#6	85	33	
*	-1	*	-1	-1	934	106.333	G#6	92	33	
*	-1	*	-1	-1	937	106.5	G#6	92	33	
*	-1	*	-1	-1	945	106.833	Eb6	87	33	
*	-1	*	-1	-1	948	107	Eb6	87	33	
*	-1	*	-1	-1	952	107.167	Bb5	82	33	
*	-1	*	-1	-1	955	107.333	C6	84	33	
*	-1	*	-1	-1	958	107.5	F#5	78	33	
*	-1	*	-1	-1	961	107.667	F#5	78	33	
*	-1	*	-1	-1	964	107.833	F#5	78	33	
*	-1	*	-1	-1	1034	114.583	F#6	90	33	
*	-1	*	-1	-1	1038	114.833	F6	89	33	
*	-1	*	-1	-1	1044	115.083	F#6	90	33	
*	-1	*	-1	-1	1048	115.333	C#6	85	33	
*	-1	*	-1	-1	1054	115.583	F6	89	33	
*	-1	*	-1	-1	1058	115.833	Eb6	87	33	
*	-1	*	-1	-1	1063	116.083	F6	89	33	
*	-1	*	-1	-1	1067	116.333	C6	84	33	
*	-1	*	-1	-1	1071	116.583	Eb6	87	33	
*	-1	*	-1	-1	1075	116.833	C#6	85	33	
*	-1	*	-1	-1	1080	117.083	Eb6	87	33	
*	-1	*	-1	-1	1084	117.333	Bb5	82	33	
*	-1	*	-1	-1	1089	117.583	C#6	85	33	
*	-1	*	-1	-1	1093	117.833	C6	84	33	
*	-1	*	-1	-1	1099	118.083	C#6	85	33	
*	-1	*	-1	-1	1103	118.333	G#5	80	33	
*	-1	*	-1	-1	1109	118.583	C6	84	33	
*	-1	*	-1	-1	1113	118.833	Bb5	82	33	
*	-1	*	-1	-1	1118	119.083	C6	84	33	
*	-1	*	-1	-1	1122	119.333	F#5	78	33	
*	-1	*	-1	-1	1126	119.583	Bb5	82	33	
*	-1	*	-1	-1	1130	119.833	G#5	80	33	
*	-1	*	-1	-1	1135	120.083	F5	77	33	
*	-1	*	-1	-1	1139	120.333	F#5	78	33	
*	-1	*	-1	-1	1144	120.583	G5	79	33	
*	-1	*	-1	-1	1148	120.833	G#5	80	33	
*	-1	*	-1	-1	1154	121.083	A5	81	33	
*	-1	*	-1	-1	1158	121.333	Bb5	82	33	
*	-1	*	-1	-1	1164	121.583	B5	83	33	
*	-1	*	-1	-1	1168	121.833	C6	84	33	
*	-1	*	-1	-1	1173	122.083	C6	84	33	
*	-1	*	-1	-1	1177	122.333	D6	86	33	
*	-1	*	-1	-1	1181	122.583	Eb6	87	33	
*	-1	*	-1	-1	1185	122.833	E6	88	33	
*	-1	*	-1	-1	1190	123.083	F6	89	33	
*	-1	*	-1	-1	1194	123.333	F#6	90	33	
*	-1	*	-1	-1	1199	123.583	G6	91	33	
*	-1	*	-1	-1	1213	124.333	Bb6	94	33	
*	-1	*	-1	-1	1219	124.583	B6	95	33	
*	-1	*	-1	-1	1223	124.833	C7	96	33	
*	-1	*	-1	-1	1228	125.083	C7	96	33	
*	-1	*	-1	-1	1232	125.333	D7	98	33	
*	-1	*	-1	-1	1233	125.417	F6	89	33	
*	-1	*	-1	-1	1235	125.583	Eb7	99	33	
*	-1	*	-1	-1	1240	125.833	E7	100	33	
*	-1	*	-1	-1	1298	131.25	G#5	80	33	
*	-1	*	-1	-1	1461	151.5	Bb4	70	25	
*	-1	*	-1	-1	1544	163.5	B4	71	49	
*	-1	*	-1	-1	1557	165.5	B4	71	49	
*	-1	*	-1	-1	1560	165.75	Eb5	75	49	
*	-1	*	-1	-1	1562	166	G#4	68	49	
*	-1	*	-1	-1	1566	166.25	C#5	73	49	
*	-1	*	-1	-1	1568	166.5	B4	71	49	
*	-1	*	-1	-1	1581	168.5	B4	71	49	
*	-1	*	-1	-1	1584	168.75	Eb5	75	49	
*	-1	*	-1	-1	1586	169	G#4	68	49	
*	-1	*	-1	-1	1590	169.25	C#5	73	49	
*	-1	*	-1	-1	265	48.5646	G#4	68	33	
*	-1	*	-1	-1	1203	123.833	G#6	92	33	
*	-1	*	-1	-1	1202	123.833	G#6	92	33	
*	-1	*	-1	-1	1204	123.917	B5	83	33	
*	-1	*	-1	-1	1209	124.083	A6	93	33	
*	-1	*	-1	-1	1271	128	G#3	56	25	
*	-1	*	-1	-1	1272	128.5	G#4	68	33	
*	-1	*	-1	-1	1274	129	C#2	37	25	
*	-1	*	-1	-1	1273	129	G#4	68	33	
*	-1	*	-1	-1	1275	129.25	F4	65	33	
*	-1	*	-1	-1	1276	129.333	G#4	68	33	
*	-1	*	-1	-1	1290	130.5	F#4	66	25	
*	-1	*	-1	-1	1288	130.5	G#4	68	33	
*	-1	*	-1	-1	1460	151.5	Eb4	63	25	
