//Version: PianoRoll_v170101
0	0.507479	7.70834	G2	92	57	0
1	1.48825	1.60257	G4	74	62	0
2	1.56838	2.44231	D4	91	63	0
3	2.42842	2.55769	F4	81	61	0
4	2.51923	4.95834	Eb4	74	62	0
5	3.37073	3.47329	Bb3	63	60	0
6	3.47009	4.34188	A3	66	57	0
7	4.29488	4.44231	C4	59	62	0
8	4.41347	7.73826	F#3	57	63	0
9	5.16988	5.36432	Eb4	60	55	0
10	5.23505	5.27351	D4	69	67	0
11	5.3483	6.2265	D4	76	60	0
12	6.18911	6.31731	C4	70	63	0
13	6.31838	6.75214	A4	81	62	0
14	7.09189	7.16774	C4	54	80	0
15	7.15385	7.19338	Bb3	65	65	0
16	7.28633	8.12821	Bb3	64	61	0
17	8.078	8.15279	A3	56	62	0
18	8.21689	15.2457	G3	41	59	0
19	8.22437	9.28313	Bb3	43	35	0
20	9.00215	9.1827	D5	84	62	0
21	9.11112	10.1261	C4	51	58	0
22	9.13035	10.1966	A4	86	60	0
23	9.90386	10.1015	C5	74	60	0
24	10.047	11.9979	D4	57	59	0
25	10.0492	12.4551	Bb4	83	64	0
26	10.8814	11.0128	F4	62	63	0
27	11.0107	11.8601	E4	61	58	0
28	11.7821	11.9861	G4	56	63	0
29	11.9316	15.14	C#4	48	55	0
30	12.6667	12.7457	Bb4	65	54	0
31	12.7543	12.7874	A4	71	66	0
32	12.8248	12.8771	Bb4	54	59	0
33	12.8793	13.7692	A4	77	61	0
34	13.7062	13.844	G4	68	61	0
35	13.8558	14.3675	E5	80	60	0
36	14.5983	14.6774	G4	74	61	0
37	14.6945	14.7757	F#4	73	61	0
38	14.781	14.875	G4	75	60	0
39	14.859	15.5748	F#4	68	56	0
40	15.6069	15.7425	E4	55	62	0
41	15.7564	22.3718	D3	44	39	0
42	15.7628	16.5118	F#4	58	55	0
43	15.7831	17.2201	D4	45	36	0
44	16.4797	16.6763	G4	59	58	0
45	16.6432	18.5823	A4	66	57	0
46	17.0684	17.5791	C4	50	52	0
47	17.4851	19.3526	Bb3	53	57	0
48	18.2383	18.4915	D4	59	38	0
49	18.3665	19.6934	G4	72	63	0
50	19.1325	19.3462	Bb4	62	63	0
51	19.2895	22.0235	A3	46	65	0
52	19.2895	21.9434	C5	62	54	0
53	20.0748	20.2703	G4	51	62	0
54	20.219	20.9701	F#4	50	63	0
55	20.9573	21.1389	E4	46	62	0
56	21.1175	22.6004	F#4	59	51	0
57	21.7735	21.9562	D5	70	63	0
58	21.9081	22.9252	A4	80	39	0
59	21.9284	24.1667	D4	46	37	0
60	22.3077	22.8622	Eb3	71	62	0
61	22.4883	22.8472	C5	60	32	0
62	22.7575	24.5171	F3	59	61	0
63	22.7618	25.0193	G4	57	51	0
64	22.7628	23.4968	B4	67	61	0
65	23.4391	23.6859	C5	70	56	0
66	23.6111	25.4381	D5	74	58	0
67	24.0225	24.5203	B3	65	59	0
68	24.4712	26.2543	Eb3	62	53	0
69	24.4883	25.4103	G3	60	62	0
70	25.2094	25.4146	G4	75	56	0
71	25.3291	26.3611	Eb4	60	38	0
72	25.3398	26.7265	C5	85	59	0
73	26.0791	26.2543	Eb5	82	59	0
74	26.2126	28.3002	F5	88	61	0
75	26.219	28.4146	D3	55	62	0
76	26.219	27.1987	G#3	71	59	0
77	26.9904	27.1688	C5	70	58	0
78	27.1261	27.9071	B4	72	64	0
79	27.1411	28.0673	F3	50	58	0
80	27.8611	28.0353	A4	59	56	0
81	28.0032	30.1507	B4	68	60	0
82	28.046	32.578	G3	51	57	0
83	28.8045	28.969	G5	90	62	0
84	28.9188	29.9071	D5	89	62	0
85	28.922	29.9445	G2	60	63	0
86	29.7073	29.8836	F5	86	60	0
87	29.8387	36.8793	C3	67	56	0
88	29.8494	31.6592	Eb5	77	59	0
89	30.6838	30.8366	C5	67	64	0
90	30.8184	31.7073	G4	64	63	0
91	31.5588	31.7564	Bb4	68	63	0
92	31.6752	34.1336	G#4	81	58	0
93	32.499	32.6421	Eb4	62	57	0
94	32.6154	33.5663	D4	58	57	0
95	33.4413	33.6699	F4	50	53	0
96	33.594	36.9616	B3	51	62	0
97	34.453	34.6421	G#4	58	53	0
98	34.562	35.5182	G4	59	62	0
99	35.4178	35.6015	F4	58	58	0
100	35.5513	38.2532	D5	65	62	0
101	36.3366	36.5492	F4	56	49	0
102	36.4808	37.3184	Eb4	62	60	0
103	37.2799	37.4028	D4	53	57	0
104	37.4552	38.4188	Eb4	59	63	0
105	37.4691	39.6988	C4	51	59	0
106	38.2383	38.3718	G5	66	64	0
107	38.3814	39.2041	D5	76	63	0
108	38.3825	39.327	F4	69	64	0
109	38.4028	39.3227	B4	64	64	0
110	39.1988	39.3302	F5	65	54	0
111	39.3163	39.625	G4	62	57	0
112	39.3195	41.6379	Eb5	80	54	0
113	39.3355	41.4936	C5	66	50	0
114	40.1528	40.3131	Bb3	59	57	0
115	40.2778	41.3473	A3	58	38	0
116	40.2864	40.9178	F#4	74	56	0
117	41.0481	41.1058	G4	70	59	0
118	41.062	41.2725	C4	55	60	0
119	41.2009	43.3473	A4	68	53	0
120	41.2319	44.8398	F#3	57	63	0
121	41.9541	42.1475	Eb5	77	56	0
122	42.0673	43.921	A3	57	60	0
123	42.0684	42.6015	D5	81	62	0
124	42.827	42.968	C5	76	62	0
125	42.953	44.7917	A5	85	61	0
126	43.7693	43.9413	C5	60	50	0
127	43.8782	45.2896	D4	44	58	0
128	43.89	44.7094	Bb4	58	55	0
129	44.6881	44.8708	A4	57	59	0
130	44.7981	49.2308	G3	54	53	0
131	44.8141	48.452	Bb4	51	64	0
132	45.6069	45.8344	G5	58	52	0
133	45.7084	47.0396	G4	74	56	0
134	45.7148	46.5278	D5	67	61	0
135	46.4723	46.6453	F5	65	57	0
136	46.6069	47.6635	Eb5	70	32	0
137	47.3547	47.5214	G4	62	61	0
138	47.4819	48.3718	D4	74	63	0
139	47.4904	47.7896	G5	73	63	0
140	48.2757	48.4648	F4	60	60	0
141	48.3825	50.4306	C#5	65	27	0
142	48.3975	53.4488	A4	52	33	0
143	48.4018	50.0994	E4	61	55	0
144	49.2148	49.3644	A3	73	65	0
145	49.3302	50.1902	E3	74	64	0
146	50.0973	50.2607	G3	73	39	0
147	50.2094	51.0994	F3	77	62	0
148	50.218	55.9434	D5	72	60	0
149	50.2244	52.5941	F4	59	36	0
150	51.0139	51.1731	D3	73	64	0
151	51.1283	52.0332	A2	72	61	0
152	51.9552	52.1304	C3	65	63	0
153	52.0812	54.1753	Bb2	60	62	0
154	52.9285	53.124	E4	68	46	0
155	53.0556	53.7778	F4	64	61	0
156	53.8152	53.9456	D4	63	53	0
157	54.0588	54.1069	A4	61	63	0
158	54.0642	55.7041	B2	45	62	0
159	54.1336	54.1731	G#4	58	63	0
160	54.1988	54.3355	A4	58	55	0
161	54.2618	55.3248	G#4	77	50	0
162	54.8804	55.0374	C#3	43	63	0
163	55.031	55.6795	D3	58	62	0
164	55.4862	55.7041	G#4	71	58	0
165	55.6678	55.9167	E3	59	65	0
166	55.9498	59.7447	A2	55	62	0
167	55.9573	56.7629	A4	64	62	0
168	55.9712	56.9616	F3	54	60	0
169	56.7265	56.9007	D5	74	62	0
170	56.8537	57.6261	E5	74	63	0
171	56.8697	58.1048	Bb4	73	64	0
172	56.8729	57.8772	G3	55	55	0
173	57.6165	57.8024	G5	74	58	0
174	57.7704	58.1133	C#5	80	61	0
175	57.7885	58.7533	A3	64	60	0
176	58.562	58.8077	A4	82	56	0
177	58.5642	58.7885	D5	77	49	0
178	58.6924	59.5332	E4	85	60	0
179	58.6966	59.7554	C#3	65	31	0
180	58.7009	59.8825	E5	80	62	0
181	59.4969	59.6849	G4	81	54	0
182	59.6325	61.8654	F4	73	58	0
183	59.6614	66.452	D3	54	39	0
184	60.437	60.6357	D5	75	61	0
185	60.5599	61.6186	A4	66	57	0
186	60.5695	62.3857	F3	51	61	0
187	61.3398	61.5118	C5	59	64	0
188	61.4915	63.8013	Bb4	60	64	0
189	62.2757	62.484	A3	58	62	0
190	62.28	62.4103	F4	48	60	0
191	62.4146	63.2084	E4	53	56	0
192	62.4157	63.2223	G3	61	59	0
193	63.1731	63.3761	F3	52	59	0
194	63.1763	63.3654	G4	47	51	0
195	63.3387	64.2672	E3	55	53	0
196	63.343	66.2725	C#4	51	48	0
197	64.1571	64.343	Bb4	57	60	0
198	64.2682	65.2543	F3	50	51	0
199	64.2842	65.1154	A4	66	59	0
200	65.0919	65.2169	G4	48	62	0
201	65.2137	66.2298	G3	53	57	0
202	65.2458	65.9723	E5	60	63	0
203	66.0054	66.1913	G4	54	45	0
204	66.1603	66.9221	F#4	60	36	0
205	66.1625	67.1325	Bb3	45	36	0
206	66.9082	67.0599	E4	52	61	0
207	67.0887	68.9242	C3	43	56	0
208	67.0887	68.4915	A3	28	44	0
209	67.0887	67.9263	F#4	55	59	0
210	67.093	69.0706	D4	38	39	0
211	67.8644	68.0588	G4	51	59	0
212	68.0321	69.8783	A4	44	59	0
213	68.4349	68.937	F#3	47	59	0
214	68.8687	70.5962	Bb2	38	46	0
215	68.8793	69.8708	D3	46	60	0
216	69.6261	69.8291	D4	52	58	0
217	69.7629	70.8377	Bb3	54	38	0
218	69.765	71.0887	G4	62	65	0
219	70.514	70.6689	Bb4	65	63	0
220	70.6742	73.3986	C5	68	54	0
221	70.6828	72.8633	A2	48	64	0
222	70.6902	71.6667	Eb3	60	58	0
223	71.4402	71.6144	G4	60	55	0
224	71.5749	72.3622	F#4	64	63	0
225	71.5973	72.5204	C3	52	61	0
226	72.3398	72.4712	E4	55	61	0
227	72.4776	74.577	F#4	54	56	0
228	72.4798	74.577	D3	49	62	0
229	73.265	73.4028	D5	56	62	0
230	73.3954	74.358	D2	64	60	0
231	73.3964	74.3847	A4	73	65	0
232	74.2105	74.358	C5	54	64	0
233	74.342	76.5439	Bb4	68	63	0
234	74.3526	75.4969	G2	57	35	0
235	75.1988	75.3484	G4	56	59	0
236	75.3259	76.1902	Bb2	50	58	0
237	75.3323	76.1155	D4	58	62	0
238	76.1358	76.2725	F4	57	62	0
239	76.1486	76.2811	D3	48	62	0
240	76.2746	78.8996	G3	47	64	0
241	76.28	77.2041	Eb4	61	54	0
242	77.0877	77.3142	Bb4	76	62	0
243	77.2105	78.1155	Eb5	88	61	0
244	77.2116	78.1443	Bb3	51	61	0
245	77.9552	78.0599	G5	76	60	0
246	78.0887	81.937	G#4	78	27	0
247	78.124	79.2768	C4	53	43	0
248	78.8612	79.0706	F3	68	64	0
249	78.8783	78.9905	D4	56	62	0
250	79.0054	79.7543	C3	61	65	0
251	79.0076	79.4061	Eb4	58	62	0
252	79.6913	79.8291	C4	63	38	0
253	79.6935	79.999	Eb3	63	63	0
254	79.9467	80.0118	F4	63	62	0
255	79.9509	80.9563	D3	62	59	0
256	80.0225	80.1272	Eb4	64	52	0
257	80.1026	81.1251	F4	53	61	0
258	80.7159	80.9894	Bb2	45	61	0
259	80.8804	81.8099	F2	52	53	0
260	81.3494	81.9167	F4	44	54	0
261	81.5129	81.8697	G#2	48	38	0
262	81.8142	89.2661	G2	53	32	0
263	81.8281	84.1518	Bb3	53	48	0
264	82.5834	82.7597	D4	56	55	0
265	82.7095	83.6817	F4	55	49	0
266	82.7138	83.686	Bb2	51	54	0
267	83.4723	83.6315	G#4	62	58	0
268	83.6165	84.562	G4	64	54	0
269	83.6208	84.5845	Eb3	54	63	0
270	84.3676	84.6411	Bb3	50	38	0
271	84.5236	85.5503	G3	40	44	0
272	84.5289	86.0962	Eb4	59	52	0
273	84.9979	85.5663	G4	57	61	0
274	85.4766	87.8965	F4	52	53	0
275	85.4862	87.4232	C3	41	40	0
276	85.4894	87.3826	A2	32	51	0
277	86.2693	86.4509	Eb4	53	59	0
278	86.4221	87.1967	D4	57	57	0
279	87.1849	87.3516	C4	48	57	0
280	87.3676	88.6144	D4	52	58	0
281	87.3697	89.342	B2	47	54	0
282	87.3911	90.2234	G3	30	41	0
283	88.1187	88.3345	F4	47	57	0
284	88.2853	89.2608	G4	56	39	0
285	89.0225	90.0193	D4	46	56	0
286	89.2608	91.9969	Eb4	37	62	0
287	89.2629	91.2704	C3	42	52	0
288	90.0471	90.3099	B3	43	34	0
289	90.2074	90.7052	C4	48	59	0
290	90.6037	91.1892	G3	47	58	0
291	91.0631	92.0204	Eb3	50	49	0
292	91.7982	91.9766	Eb5	62	60	0
293	91.8281	92.0514	G3	42	61	0
294	91.9531	92.6582	A4	62	60	0
295	91.9659	93.7084	C3	50	63	0
296	92.6614	92.8665	C5	68	57	0
297	92.6903	92.8591	Eb3	58	50	0
298	92.8206	93.5289	F#4	67	60	0
299	92.8302	93.6433	D3	57	60	0
300	93.5097	93.6582	D4	58	63	0
301	93.5108	93.6924	F#3	54	62	0
302	93.6571	94.545	F#4	67	54	0
303	93.6625	94.6774	A3	54	57	0
304	94.0642	94.5941	C3	60	61	0
305	94.2629	94.5813	A4	76	63	0
306	94.5225	96.7501	Bb2	56	59	0
307	94.5343	98.5183	D5	67	63	0
308	95.2939	95.4841	F#3	46	63	0
309	95.3142	95.4488	A4	63	64	0
310	95.4392	96.015	Bb4	74	40	0
311	95.4413	95.9082	G3	48	61	0
312	96.1529	96.3409	F#4	70	57	0
313	96.155	96.1956	A3	65	66	0
314	96.2971	99.6636	G4	65	36	0
315	96.3249	98.6144	Bb3	61	61	0
316	97.1037	97.3078	Bb2	78	61	0
317	97.2277	98.0439	C3	78	63	0
318	97.9958	98.1785	D3	77	64	0
319	98.139	101.687	Eb3	86	62	0
320	98.92	99.0973	G5	87	64	0
321	98.9242	99.0642	Bb3	65	60	0
322	99.0396	99.7661	A3	68	59	0
323	99.0524	99.4371	C5	85	64	0
324	99.7747	99.9403	Bb3	70	59	0
325	99.78	99.936	Eb5	78	55	0
326	99.9125	100.648	A4	86	53	0
327	99.9371	100.735	C4	69	54	0
328	99.9392	100.315	F4	71	60	0
329	100.624	100.828	F4	82	59	0
330	100.625	100.815	A3	57	64	0
331	100.783	101.572	A4	93	63	0
332	100.784	101.688	F3	69	52	0
333	101.511	101.735	A3	66	59	0
334	101.513	101.699	C5	81	65	0
335	101.66	106.233	D4	64	62	0
336	101.662	103.844	F5	89	61	0
337	102.456	102.632	D3	65	55	0
338	102.458	102.498	F4	80	63	0
339	102.583	103.498	Eb3	71	37	0
340	102.595	103.216	G4	86	62	0
341	103.348	103.54	F3	69	62	0
342	103.371	103.521	A4	92	66	0
343	103.497	107.368	G3	73	40	0
344	103.502	107.742	Bb4	92	60	0
345	104.346	104.536	Bb5	91	60	0
346	104.474	105.158	G5	88	58	0
347	105.171	105.268	D5	84	59	0
348	105.369	105.453	F5	67	62	0
349	105.448	105.518	E5	74	63	0
350	105.509	105.621	F5	67	63	0
351	105.583	106.57	E5	79	57	0
352	106.205	106.347	C#4	73	62	0
353	106.382	107.019	C4	70	61	0
354	106.822	107.323	E5	84	59	0
355	107.025	107.27	Bb3	65	59	0
356	107.292	110.007	F5	82	60	0
357	107.304	109.525	C4	58	64	0
358	107.33	111.704	F3	59	64	0
359	108.112	108.305	Bb4	68	47	0
360	108.232	109.001	G#4	62	62	0
361	108.995	109.162	G4	47	61	0
362	109.146	110.416	G#4	59	62	0
363	109.846	110.154	C4	77	59	0
364	109.862	110.044	Eb5	66	62	0
365	110.027	110.786	F4	82	60	0
366	110.027	110.732	D5	72	63	0
367	110.703	111.005	Eb4	77	63	0
368	110.708	110.77	F5	74	59	0
369	110.929	112.778	B4	72	58	0
370	110.931	114.839	G4	68	60	0
371	110.934	112.563	D4	71	61	0
372	111.681	111.857	G3	73	64	0
373	111.81	112.751	D3	78	63	0
374	112.585	112.714	F3	70	64	0
375	112.704	113.807	Eb3	79	33	0
376	112.717	114.988	Eb4	63	37	0
377	112.717	115.016	C5	66	59	0
378	113.508	113.674	C3	60	63	0
379	113.65	114.438	G2	60	55	0
380	114.373	114.545	Bb2	54	61	0
381	114.529	118.211	A2	51	37	0
382	115.274	115.438	D5	77	61	0
383	115.413	116.388	G3	52	56	0
384	115.421	116.043	Eb5	79	61	0
385	116.192	116.357	Bb4	68	62	0
386	116.33	118.443	C5	68	56	0
387	116.333	117.302	F#3	44	64	0
388	117.105	117.243	G4	49	60	0
389	117.232	118.119	F#4	53	31	0
390	117.242	118.529	A3	33	46	0
391	117.969	118.132	A4	50	60	0
392	118.126	121.846	Bb2	44	64	0
393	118.144	120.854	D4	52	50	0
394	118.884	119.077	C5	67	59	0
395	119.026	119.838	D5	77	61	0
396	119.043	119.808	G3	49	60	0
397	119.769	119.971	F#3	50	55	0
398	119.785	119.977	A4	68	64	0
399	119.934	122.608	G3	49	35	0
400	119.939	122.141	Bb4	64	58	0
401	120.696	120.929	F#4	45	62	0
402	120.877	121.987	G4	47	36	0
403	121.639	121.822	D4	47	62	0
404	121.804	125.501	Eb4	59	60	0
405	121.814	126.192	C3	51	64	0
406	122.574	122.746	Eb5	76	61	0
407	122.708	123.526	G4	77	61	0
408	122.712	124.002	C4	48	63	0
409	123.477	123.674	Bb4	60	61	0
410	123.625	124.603	G#4	69	52	0
411	124.369	124.542	C4	66	62	0
412	124.497	125.379	G3	72	64	0
413	124.508	124.916	C5	70	62	0
414	125.294	125.471	Bb3	63	63	0
415	125.441	128.386	F#4	65	1	0
416	125.449	127.04	A3	63	55	0
417	125.45	130.89	D4	59	62	0
418	126.182	126.357	D3	70	63	0
419	126.305	127.229	A2	80	63	0
420	127.087	127.253	C3	78	65	0
421	127.213	128.088	Bb2	83	62	0
422	127.218	129.384	G4	72	62	0
423	127.22	128.964	Bb3	74	60	0
424	128.021	128.188	G2	75	64	0
425	128.152	129.06	D2	79	60	0
426	128.96	129.146	F2	75	63	0
427	129.109	130.217	Eb2	75	60	0
428	129.98	130.286	F#4	71	29	0
429	130.116	130.922	Eb3	74	63	0
430	130.119	130.938	G4	75	61	0
431	130.879	131.261	Bb4	67	60	0
432	130.895	131.072	D3	64	56	0
433	131.042	132.826	C#4	75	57	0
434	131.054	132.094	Eb3	61	60	0
435	131.853	132.056	Bb4	77	57	0
436	131.874	132.101	F#3	55	54	0
437	132.001	132.869	A4	80	54	0
438	132.002	133.002	E3	54	60	0
439	132.009	132.782	G3	61	65	0
440	132.777	132.982	A3	59	52	0
441	132.79	133.033	G4	75	61	0
442	132.973	140.701	D3	50	35	0
443	132.987	133.805	D4	61	49	0
444	132.989	134	F#4	71	62	0
445	132.991	135.254	Bb3	62	63	0
446	133.75	133.942	C#4	61	55	0
447	133.914	135.313	D4	51	39	0
448	134.344	134.86	F#4	70	38	0
449	134.824	137.467	G4	59	48	0
450	135.56	135.696	Bb3	64	59	0
451	135.58	135.773	C#4	52	38	0
452	135.7	136.485	A3	64	62	0
453	135.706	137.314	D4	47	20	0
454	136.492	136.671	G3	51	53	0
455	136.651	140.139	A3	56	37	0
456	137.445	137.757	Bb4	65	31	0
457	137.578	138.534	A4	72	60	0
458	137.61	139.485	C4	50	55	0
459	138.351	138.526	C5	67	63	0
460	138.502	140.668	F#4	71	55	0
461	139.33	139.539	Eb4	54	50	0
462	139.492	140.577	D4	50	37	0
463	140.378	141.419	C4	45	64	0
464	140.589	146.617	G2	34	58	0
465	140.593	141.81	G4	49	52	0
466	140.61	143.415	G3	32	46	0
467	141.395	141.703	A3	56	57	0
468	141.588	143.055	B3	60	60	0
469	142.03	142.59	F4	58	54	0
470	142.527	143.679	Eb4	49	53	0
471	143.302	143.558	B3	57	52	0
472	143.306	143.593	F#3	54	34	0
473	143.505	144.902	C4	51	36	0
474	143.522	145.524	G3	48	47	0
475	143.999	144.536	Eb4	52	36	0
476	144.466	145.226	D4	43	58	0
477	145.182	145.348	C4	52	64	0
478	145.373	145.855	B3	51	58	0
479	145.833	146.082	F3	62	48	0
480	145.842	146.36	G4	69	59	0
481	146.008	146.313	Eb3	77	64	0
482	146.265	147.181	D3	55	60	0
483	146.275	147.778	F5	77	59	0
484	147.01	159.78	G2	44	30	0
485	147.014	147.158	C5	59	63	0
486	147.186	148.711	B4	61	59	0
487	147.194	148.557	G3	57	60	0
488	147.669	148.184	D5	69	60	0
489	148.112	149.325	Eb5	67	57	0
490	148.857	149.106	F3	47	60	0
491	148.883	149.108	G4	56	56	0
492	149.061	149.83	Eb3	51	58	0
493	149.069	150.551	C5	64	63	0
494	149.534	150.129	D5	65	57	0
495	149.78	150.188	G3	45	38	0
496	150.105	151.045	Eb5	55	47	0
497	150.127	152.586	C3	36	40	0
498	151	151.096	Eb3	47	61	0
499	151.02	153.083	C5	58	60	0
500	151.13	151.293	D3	33	43	0
501	151.275	152.616	Eb3	55	33	0
502	151.288	152.254	G5	55	60	0
503	152.217	152.53	F#5	44	53	0
504	152.523	159.75	G5	52	14	0
505	152.535	159.791	D3	37	31	0
506	153.602	154.004	C5	38	37	0
507	153.931	159.611	D5	42	21	0
508	155.234	155.936	A4	40	36	0
509	155.796	159.744	B4	33	24	0
#SusPed	0.056624	15	0
#SusPed	0.105769	31	0
#SusPed	0.154915	46	0
#SusPed	0.20406	63	0
#SusPed	0.254274	77	0
#SusPed	0.302351	94	0
#SusPed	0.351496	108	0
#SusPed	0.400641	127	0
#SusPed	1.55449	113	0
#SusPed	1.57479	74	0
#SusPed	1.59509	58	0
#SusPed	1.61432	26	0
#SusPed	1.63462	0	0
#SusPed	1.71368	29	0
#SusPed	1.74252	34	0
#SusPed	1.78205	36	0
#SusPed	1.80128	47	0
#SusPed	1.82158	56	0
#SusPed	1.84188	57	0
#SusPed	1.86218	58	0
#SusPed	1.88141	59	0
#SusPed	1.90171	61	0
#SusPed	1.92201	64	0
#SusPed	1.94017	67	0
#SusPed	1.96047	68	0
#SusPed	1.98077	71	0
#SusPed	2.00107	75	0
#SusPed	2.0203	78	0
#SusPed	2.03953	80	0
#SusPed	2.05983	83	0
#SusPed	2.07906	87	0
#SusPed	2.09829	94	0
#SusPed	2.11859	102	0
#SusPed	2.13782	121	0
#SusPed	2.15812	127	0
#SusPed	2.49466	90	0
#SusPed	2.51496	68	0
#SusPed	2.53526	54	0
#SusPed	2.55449	19	0
#SusPed	2.57479	0	0
#SusPed	2.74359	12	0
#SusPed	2.76175	39	0
#SusPed	2.78205	47	0
#SusPed	2.84188	50	0
#SusPed	2.86111	56	0
#SusPed	2.88034	59	0
#SusPed	2.90064	60	0
#SusPed	2.94124	60	0
#SusPed	2.96047	62	0
#SusPed	2.98077	64	0
#SusPed	3	65	0
#SusPed	3.01923	65	0
#SusPed	3.03953	66	0
#SusPed	3.05983	68	0
#SusPed	3.08013	71	0
#SusPed	3.09936	75	0
#SusPed	3.11966	81	0
#SusPed	3.13889	91	0
#SusPed	3.15812	112	0
#SusPed	3.17842	127	0
#SusPed	3.47329	98	0
#SusPed	3.49359	75	0
#SusPed	3.51389	63	0
#SusPed	3.53526	49	0
#SusPed	3.55556	32	0
#SusPed	3.57479	28	0
#SusPed	3.59402	29	0
#SusPed	3.61432	35	0
#SusPed	3.63355	43	0
#SusPed	3.65385	47	0
#SusPed	3.67415	49	0
#SusPed	3.69231	50	0
#SusPed	3.71261	53	0
#SusPed	3.74359	57	0
#SusPed	3.76176	60	0
#SusPed	3.78205	60	0
#SusPed	3.82265	61	0
#SusPed	3.84188	63	0
#SusPed	3.86111	64	0
#SusPed	3.88141	65	0
#SusPed	3.90064	66	0
#SusPed	3.92094	67	0
#SusPed	3.94124	69	0
#SusPed	3.95941	70	0
#SusPed	3.9797	71	0
#SusPed	4	72	0
#SusPed	4.0203	75	0
#SusPed	4.03847	80	0
#SusPed	4.05876	86	0
#SusPed	4.07906	92	0
#SusPed	4.09829	100	0
#SusPed	4.11859	117	0
#SusPed	4.13889	127	0
#SusPed	4.45513	85	0
#SusPed	4.47543	68	0
#SusPed	4.49359	58	0
#SusPed	4.51389	48	0
#SusPed	4.53419	42	0
#SusPed	4.55235	43	0
#SusPed	4.57265	48	0
#SusPed	4.59402	56	0
#SusPed	4.61432	61	0
#SusPed	4.63462	64	0
#SusPed	4.65385	66	0
#SusPed	4.67415	70	0
#SusPed	4.69338	75	0
#SusPed	4.71261	81	0
#SusPed	4.74359	93	0
#SusPed	4.76389	127	0
#SusPed	5.35684	107	0
#SusPed	5.37714	71	0
#SusPed	5.3953	52	0
#SusPed	5.4156	0	0
#SusPed	5.61325	27	0
#SusPed	5.63355	48	0
#SusPed	5.65492	53	0
#SusPed	5.67415	54	0
#SusPed	5.69338	56	0
#SusPed	5.71368	60	0
#SusPed	5.74253	63	0
#SusPed	5.76283	65	0
#SusPed	5.78313	67	0
#SusPed	5.80236	71	0
#SusPed	5.82266	76	0
#SusPed	5.84295	85	0
#SusPed	5.86325	99	0
#SusPed	5.88248	127	0
#SusPed	6.33548	78	0
#SusPed	6.35578	62	0
#SusPed	6.37607	43	0
#SusPed	6.39531	0	0
#SusPed	6.47543	38	0
#SusPed	6.49573	50	0
#SusPed	6.51603	52	0
#SusPed	6.53419	54	0
#SusPed	6.55449	58	0
#SusPed	6.57479	62	0
#SusPed	6.59509	65	0
#SusPed	6.61432	67	0
#SusPed	6.63462	70	0
#SusPed	6.65385	77	0
#SusPed	6.67308	89	0
#SusPed	6.69338	127	0
#SusPed	7.25855	113	0
#SusPed	7.27885	69	0
#SusPed	7.29808	49	0
#SusPed	7.31838	0	0
#SusPed	7.4562	16	0
#SusPed	7.49467	26	0
#SusPed	7.51496	49	0
#SusPed	7.53526	60	0
#SusPed	7.55449	62	0
#SusPed	7.57373	62	0
#SusPed	7.59402	64	0
#SusPed	7.61326	68	0
#SusPed	7.63355	75	0
#SusPed	7.65385	88	0
#SusPed	7.67415	111	0
#SusPed	7.69231	127	0
#SusPed	8.27779	85	0
#SusPed	8.29702	63	0
#SusPed	8.31732	13	0
#SusPed	8.33655	0	0
#SusPed	8.45514	33	0
#SusPed	8.47544	39	0
#SusPed	8.49467	44	0
#SusPed	8.51497	52	0
#SusPed	8.5342	56	0
#SusPed	8.55343	58	0
#SusPed	8.57373	59	0
#SusPed	8.59403	61	0
#SusPed	8.61432	65	0
#SusPed	8.63249	70	0
#SusPed	8.65279	75	0
#SusPed	8.67309	80	0
#SusPed	8.69232	86	0
#SusPed	8.71262	97	0
#SusPed	8.74253	127	0
#SusPed	9.1592	85	0
#SusPed	9.17843	66	0
#SusPed	9.19873	52	0
#SusPed	9.21903	36	0
#SusPed	9.23933	20	0
#SusPed	9.25749	17	0
#SusPed	9.27779	20	0
#SusPed	9.29809	38	0
#SusPed	9.31732	50	0
#SusPed	9.33762	52	0
#SusPed	9.35685	53	0
#SusPed	9.37608	56	0
#SusPed	9.39638	62	0
#SusPed	9.41668	66	0
#SusPed	9.43484	69	0
#SusPed	9.45514	71	0
#SusPed	9.47544	74	0
#SusPed	9.49574	81	0
#SusPed	9.51497	98	0
#SusPed	9.5342	127	0
#SusPed	10.0598	89	0
#SusPed	10.0801	68	0
#SusPed	10.0994	57	0
#SusPed	10.1186	46	0
#SusPed	10.1389	28	0
#SusPed	10.1592	0	0
#SusPed	11.9808	20	0
#SusPed	12.0011	21	0
#SusPed	12.0203	22	0
#SusPed	12.0406	29	0
#SusPed	12.0609	43	0
#SusPed	12.0812	49	0
#SusPed	12.1004	50	0
#SusPed	12.1207	50	0
#SusPed	12.141	56	0
#SusPed	12.1592	63	0
#SusPed	12.1795	68	0
#SusPed	12.1998	72	0
#SusPed	12.2201	80	0
#SusPed	12.2393	127	0
#SusPed	12.921	78	0
#SusPed	12.9413	62	0
#SusPed	12.9605	39	0
#SusPed	12.9808	0	0
#SusPed	13.0801	24	0
#SusPed	13.0983	25	0
#SusPed	13.14	34	0
#SusPed	13.1603	49	0
#SusPed	13.1795	54	0
#SusPed	13.2383	54	0
#SusPed	13.2586	58	0
#SusPed	13.2789	60	0
#SusPed	13.3376	60	0
#SusPed	13.3579	63	0
#SusPed	13.3771	64	0
#SusPed	13.3964	64	0
#SusPed	13.4359	66	0
#SusPed	13.4551	68	0
#SusPed	13.4754	72	0
#SusPed	13.4947	80	0
#SusPed	13.515	90	0
#SusPed	13.5353	110	0
#SusPed	13.5534	127	0
#SusPed	13.8611	79	0
#SusPed	13.8814	60	0
#SusPed	13.9007	40	0
#SusPed	13.921	21	0
#SusPed	13.9402	18	0
#SusPed	13.9594	25	0
#SusPed	13.9797	46	0
#SusPed	14	59	0
#SusPed	14.0203	62	0
#SusPed	14.0385	63	0
#SusPed	14.0588	64	0
#SusPed	14.0791	66	0
#SusPed	14.0983	70	0
#SusPed	14.1186	76	0
#SusPed	14.1389	82	0
#SusPed	14.1571	93	0
#SusPed	14.1774	127	0
#SusPed	14.781	81	0
#SusPed	14.8013	62	0
#SusPed	14.8216	33	0
#SusPed	14.8398	0	0
#SusPed	14.9199	18	0
#SusPed	14.9391	40	0
#SusPed	14.9583	53	0
#SusPed	14.9786	57	0
#SusPed	14.9989	59	0
#SusPed	15.0385	59	0
#SusPed	15.0588	62	0
#SusPed	15.078	65	0
#SusPed	15.0972	68	0
#SusPed	15.1175	70	0
#SusPed	15.1378	72	0
#SusPed	15.1581	73	0
#SusPed	15.1774	76	0
#SusPed	15.1966	81	0
#SusPed	15.2169	90	0
#SusPed	15.2361	108	0
#SusPed	15.2575	127	0
#SusPed	15.7415	101	0
#SusPed	15.7596	72	0
#SusPed	15.7799	58	0
#SusPed	15.8002	36	0
#SusPed	15.8205	0	0
#SusPed	19.5128	24	0
#SusPed	19.5342	34	0
#SusPed	19.5545	37	0
#SusPed	19.5737	42	0
#SusPed	19.594	50	0
#SusPed	19.6143	56	0
#SusPed	19.6325	59	0
#SusPed	19.6528	60	0
#SusPed	19.6731	61	0
#SusPed	19.6913	63	0
#SusPed	19.7116	64	0
#SusPed	19.7425	66	0
#SusPed	19.7628	67	0
#SusPed	19.7821	68	0
#SusPed	19.8013	70	0
#SusPed	19.8216	71	0
#SusPed	19.8408	72	0
#SusPed	19.8611	73	0
#SusPed	19.8814	75	0
#SusPed	19.8996	78	0
#SusPed	19.9199	80	0
#SusPed	19.9402	81	0
#SusPed	20.0192	80	0
#SusPed	20.0385	79	0
#SusPed	20.0588	79	0
#SusPed	20.0791	78	0
#SusPed	20.0972	77	0
#SusPed	20.1175	75	0
#SusPed	20.1378	71	0
#SusPed	20.1581	68	0
#SusPed	20.1774	66	0
#SusPed	20.1977	64	0
#SusPed	20.218	63	0
#SusPed	20.2361	62	0
#SusPed	20.2564	61	0
#SusPed	20.2767	61	0
#SusPed	20.297	60	0
#SusPed	20.3163	59	0
#SusPed	20.3355	59	0
#SusPed	20.3558	58	0
#SusPed	20.3943	57	0
#SusPed	20.4541	57	0
#SusPed	20.5534	56	0
#SusPed	20.7831	57	0
#SusPed	21.3558	57	0
#SusPed	21.4936	58	0
#SusPed	21.6934	58	0
#SusPed	22.1378	59	0
#SusPed	22.2372	59	0
#SusPed	22.7618	59	0
#SusPed	22.8408	58	0
#SusPed	22.8611	57	0
#SusPed	22.9007	57	0
#SusPed	22.9808	56	0
#SusPed	24.3953	57	0
#SusPed	24.672	57	0
#SusPed	24.6913	58	0
#SusPed	24.7116	59	0
#SusPed	24.7607	60	0
#SusPed	24.781	61	0
#SusPed	24.8002	63	0
#SusPed	24.8195	66	0
#SusPed	24.8398	68	0
#SusPed	24.8611	71	0
#SusPed	24.8814	75	0
#SusPed	24.9017	81	0
#SusPed	24.921	88	0
#SusPed	24.9402	100	0
#SusPed	24.9605	127	0
#SusPed	25.3366	92	0
#SusPed	25.3569	71	0
#SusPed	25.375	60	0
#SusPed	25.3953	42	0
#SusPed	25.4156	20	0
#SusPed	25.4359	0	0
#SusPed	25.4552	9	0
#SusPed	25.4744	26	0
#SusPed	25.4947	43	0
#SusPed	25.5139	54	0
#SusPed	25.5331	59	0
#SusPed	25.5534	62	0
#SusPed	25.5727	65	0
#SusPed	25.593	69	0
#SusPed	25.6133	77	0
#SusPed	25.6314	91	0
#SusPed	25.6517	127	0
#SusPed	26.2169	104	0
#SusPed	26.2372	73	0
#SusPed	26.2564	58	0
#SusPed	26.2767	28	0
#SusPed	26.297	0	0
#SusPed	26.4359	21	0
#SusPed	26.4562	42	0
#SusPed	26.4744	48	0
#SusPed	26.4947	49	0
#SusPed	26.515	52	0
#SusPed	26.5342	58	0
#SusPed	26.5545	63	0
#SusPed	26.5737	66	0
#SusPed	26.593	67	0
#SusPed	26.6133	68	0
#SusPed	26.6325	71	0
#SusPed	26.6517	75	0
#SusPed	26.672	83	0
#SusPed	26.6923	92	0
#SusPed	26.7126	110	0
#SusPed	26.7415	127	0
#SusPed	27.0994	110	0
#SusPed	27.1197	75	0
#SusPed	27.1378	60	0
#SusPed	27.1581	34	0
#SusPed	27.1784	0	0
#SusPed	28.2575	45	0
#SusPed	28.2778	58	0
#SusPed	28.296	64	0
#SusPed	28.3163	67	0
#SusPed	28.3366	75	0
#SusPed	28.3558	95	0
#SusPed	28.3761	127	0
#SusPed	28.9199	77	0
#SusPed	28.9381	60	0
#SusPed	28.9584	23	0
#SusPed	28.9787	0	0
#SusPed	29.0577	28	0
#SusPed	29.077	49	0
#SusPed	29.0962	56	0
#SusPed	29.1165	59	0
#SusPed	29.1378	62	0
#SusPed	29.1571	66	0
#SusPed	29.1774	71	0
#SusPed	29.1977	80	0
#SusPed	29.218	94	0
#SusPed	29.2361	127	0
#SusPed	29.8195	80	0
#SusPed	29.8387	61	0
#SusPed	29.859	33	0
#SusPed	29.8782	0	0
#SusPed	31.2137	12	0
#SusPed	31.374	13	0
#SusPed	31.3943	17	0
#SusPed	31.4327	18	0
#SusPed	31.4733	21	0
#SusPed	31.4915	24	0
#SusPed	31.5129	25	0
#SusPed	32.9391	25	0
#SusPed	33.0567	26	0
#SusPed	33.5737	27	0
#SusPed	33.593	28	0
#SusPed	33.6528	30	0
#SusPed	33.6731	35	0
#SusPed	33.6913	40	0
#SusPed	33.7116	43	0
#SusPed	33.7404	44	0
#SusPed	33.7607	45	0
#SusPed	33.781	48	0
#SusPed	33.8013	53	0
#SusPed	33.8205	57	0
#SusPed	33.8398	60	0
#SusPed	33.8601	61	0
#SusPed	33.8793	62	0
#SusPed	33.8996	63	0
#SusPed	33.9199	64	0
#SusPed	33.9402	66	0
#SusPed	33.9594	67	0
#SusPed	33.9787	69	0
#SusPed	33.999	71	0
#SusPed	34.0182	73	0
#SusPed	34.0385	75	0
#SusPed	34.0588	77	0
#SusPed	34.077	80	0
#SusPed	34.0973	85	0
#SusPed	34.1176	94	0
#SusPed	34.1357	114	0
#SusPed	34.156	127	0
#SusPed	34.4936	101	0
#SusPed	34.5139	84	0
#SusPed	34.5332	75	0
#SusPed	34.5524	68	0
#SusPed	34.5727	64	0
#SusPed	34.593	62	0
#SusPed	34.6133	61	0
#SusPed	34.6325	60	0
#SusPed	34.6528	60	0
#SusPed	34.6731	58	0
#SusPed	34.6913	57	0
#SusPed	34.7116	57	0
#SusPed	34.7607	56	0
#SusPed	34.781	55	0
#SusPed	34.8002	53	0
#SusPed	34.8985	52	0
#SusPed	34.9188	52	0
#SusPed	35.2757	52	0
#SusPed	35.4926	53	0
#SusPed	36.2938	53	0
#SusPed	36.3932	54	0
#SusPed	36.4915	54	0
#SusPed	36.5716	55	0
#SusPed	36.593	55	0
#SusPed	36.6133	56	0
#SusPed	36.6517	56	0
#SusPed	36.672	58	0
#SusPed	36.6923	59	0
#SusPed	36.7126	60	0
#SusPed	36.7415	60	0
#SusPed	36.7821	61	0
#SusPed	36.8013	63	0
#SusPed	36.8216	66	0
#SusPed	36.8408	67	0
#SusPed	36.8601	69	0
#SusPed	36.8804	71	0
#SusPed	36.8996	75	0
#SusPed	36.9188	84	0
#SusPed	36.9391	101	0
#SusPed	36.9594	127	0
#SusPed	37.4733	92	0
#SusPed	37.4936	68	0
#SusPed	37.5139	58	0
#SusPed	37.5321	50	0
#SusPed	37.5524	44	0
#SusPed	37.5727	40	0
#SusPed	37.5908	40	0
#SusPed	37.6314	43	0
#SusPed	37.6507	47	0
#SusPed	37.672	50	0
#SusPed	37.6923	52	0
#SusPed	37.7126	54	0
#SusPed	37.7415	57	0
#SusPed	37.7618	60	0
#SusPed	37.7821	61	0
#SusPed	37.8002	61	0
#SusPed	37.8205	62	0
#SusPed	37.8408	63	0
#SusPed	37.8611	65	0
#SusPed	37.8804	67	0
#SusPed	37.9007	68	0
#SusPed	37.921	68	0
#SusPed	37.9391	69	0
#SusPed	37.9594	71	0
#SusPed	37.9797	74	0
#SusPed	37.9979	78	0
#SusPed	38.0182	80	0
#SusPed	38.0385	82	0
#SusPed	38.0588	85	0
#SusPed	38.078	90	0
#SusPed	38.0973	94	0
#SusPed	38.1176	102	0
#SusPed	38.1368	127	0
#SusPed	38.375	86	0
#SusPed	38.3953	69	0
#SusPed	38.4146	60	0
#SusPed	38.4338	53	0
#SusPed	38.4541	49	0
#SusPed	38.4733	46	0
#SusPed	38.4936	45	0
#SusPed	38.6122	47	0
#SusPed	38.6314	51	0
#SusPed	38.6517	56	0
#SusPed	38.671	58	0
#SusPed	38.7404	59	0
#SusPed	38.7607	62	0
#SusPed	38.781	64	0
#SusPed	38.8013	65	0
#SusPed	38.8408	65	0
#SusPed	38.8601	67	0
#SusPed	38.8793	70	0
#SusPed	38.8996	73	0
#SusPed	38.9199	78	0
#SusPed	38.9402	83	0
#SusPed	38.9594	91	0
#SusPed	38.9797	100	0
#SusPed	38.999	127	0
#SusPed	39.3152	85	0
#SusPed	39.3355	67	0
#SusPed	39.3547	50	0
#SusPed	39.374	0	0
#SusPed	39.4723	30	0
#SusPed	39.4926	41	0
#SusPed	39.5129	53	0
#SusPed	39.5332	60	0
#SusPed	39.5524	63	0
#SusPed	39.5727	64	0
#SusPed	39.593	65	0
#SusPed	39.6133	67	0
#SusPed	39.6314	74	0
#SusPed	39.6517	87	0
#SusPed	39.672	127	0
#SusPed	40.2767	110	0
#SusPed	40.2949	77	0
#SusPed	40.3152	62	0
#SusPed	40.3355	45	0
#SusPed	40.3558	26	0
#SusPed	40.374	19	0
#SusPed	40.4146	32	0
#SusPed	40.4338	46	0
#SusPed	40.4541	51	0
#SusPed	40.4926	54	0
#SusPed	40.5118	59	0
#SusPed	40.5321	63	0
#SusPed	40.5513	65	0
#SusPed	40.5716	66	0
#SusPed	40.5919	67	0
#SusPed	40.6122	71	0
#SusPed	40.6304	77	0
#SusPed	40.6507	87	0
#SusPed	40.671	107	0
#SusPed	40.6902	127	0
#SusPed	41.2159	87	0
#SusPed	41.2351	65	0
#SusPed	41.2554	49	0
#SusPed	41.2757	23	0
#SusPed	41.2938	0	0
#SusPed	41.374	22	0
#SusPed	41.3932	40	0
#SusPed	41.4135	48	0
#SusPed	41.4327	50	0
#SusPed	41.453	52	0
#SusPed	41.4723	58	0
#SusPed	41.4915	63	0
#SusPed	41.5129	67	0
#SusPed	41.5332	71	0
#SusPed	41.5535	76	0
#SusPed	41.5716	84	0
#SusPed	41.5919	104	0
#SusPed	41.6122	127	0
#SusPed	42.078	116	0
#SusPed	42.0983	73	0
#SusPed	42.1186	57	0
#SusPed	42.1368	30	0
#SusPed	42.1571	0	0
#SusPed	42.2362	37	0
#SusPed	42.2554	43	0
#SusPed	42.2757	44	0
#SusPed	42.296	49	0
#SusPed	42.3163	56	0
#SusPed	42.3355	61	0
#SusPed	42.3558	65	0
#SusPed	42.3761	67	0
#SusPed	42.3943	70	0
#SusPed	42.4146	76	0
#SusPed	42.4349	86	0
#SusPed	42.453	107	0
#SusPed	42.4733	127	0
#SusPed	42.9573	84	0
#SusPed	42.9765	63	0
#SusPed	42.9979	38	0
#SusPed	43.0182	0	0
#SusPed	43.1956	43	0
#SusPed	43.2159	58	0
#SusPed	43.2351	62	0
#SusPed	43.2543	65	0
#SusPed	43.2746	69	0
#SusPed	43.2949	76	0
#SusPed	43.3152	86	0
#SusPed	43.3344	102	0
#SusPed	43.3547	127	0
#SusPed	43.8975	80	0
#SusPed	43.9167	64	0
#SusPed	43.9359	52	0
#SusPed	43.9562	33	0
#SusPed	43.9755	0	0
#SusPed	44.0759	30	0
#SusPed	44.0962	33	0
#SusPed	44.1165	36	0
#SusPed	44.1347	47	0
#SusPed	44.155	57	0
#SusPed	44.1753	60	0
#SusPed	44.1945	61	0
#SusPed	44.2351	63	0
#SusPed	44.2554	65	0
#SusPed	44.2735	65	0
#SusPed	44.3141	66	0
#SusPed	44.3334	67	0
#SusPed	44.3537	69	0
#SusPed	44.374	71	0
#SusPed	44.3921	74	0
#SusPed	44.4124	76	0
#SusPed	44.4327	80	0
#SusPed	44.453	84	0
#SusPed	44.4723	89	0
#SusPed	44.4915	96	0
#SusPed	44.5118	111	0
#SusPed	44.531	127	0
#SusPed	44.8387	77	0
#SusPed	44.8569	62	0
#SusPed	44.8772	43	0
#SusPed	44.8975	28	0
#SusPed	44.9178	27	0
#SusPed	44.9359	40	0
#SusPed	44.9562	53	0
#SusPed	44.9765	59	0
#SusPed	44.9958	61	0
#SusPed	45.0161	64	0
#SusPed	45.0353	66	0
#SusPed	45.0545	69	0
#SusPed	45.0748	74	0
#SusPed	45.0951	79	0
#SusPed	45.1133	87	0
#SusPed	45.1368	103	0
#SusPed	45.156	127	0
#SusPed	45.6891	110	0
#SusPed	45.7094	73	0
#SusPed	45.7383	60	0
#SusPed	45.7586	44	0
#SusPed	45.7789	23	0
#SusPed	45.7992	0	0
#SusPed	45.9562	15	0
#SusPed	46.0161	16	0
#SusPed	46.0353	24	0
#SusPed	46.0556	29	0
#SusPed	46.0951	28	0
#SusPed	46.3334	29	0
#SusPed	46.452	29	0
#SusPed	46.4915	30	0
#SusPed	46.5129	30	0
#SusPed	46.5524	31	0
#SusPed	46.5716	33	0
#SusPed	46.5909	34	0
#SusPed	46.6507	34	0
#SusPed	46.671	35	0
#SusPed	46.6913	37	0
#SusPed	46.7607	38	0
#SusPed	46.7789	40	0
#SusPed	46.7992	42	0
#SusPed	46.8195	43	0
#SusPed	46.8387	44	0
#SusPed	46.859	47	0
#SusPed	46.8782	53	0
#SusPed	46.8975	57	0
#SusPed	46.9178	59	0
#SusPed	46.9381	61	0
#SusPed	46.9584	64	0
#SusPed	46.9765	68	0
#SusPed	46.9968	76	0
#SusPed	47.0171	90	0
#SusPed	47.0364	127	0
#SusPed	47.4936	113	0
#SusPed	47.5139	75	0
#SusPed	47.5321	60	0
#SusPed	47.5524	39	0
#SusPed	47.5727	0	0
#SusPed	47.6507	24	0
#SusPed	47.671	35	0
#SusPed	47.6902	44	0
#SusPed	47.7094	50	0
#SusPed	47.7404	58	0
#SusPed	47.7607	63	0
#SusPed	47.781	66	0
#SusPed	47.7992	69	0
#SusPed	47.8195	73	0
#SusPed	47.8398	78	0
#SusPed	47.859	90	0
#SusPed	47.8783	127	0
#SusPed	48.3547	85	0
#SusPed	48.375	65	0
#SusPed	48.3953	47	0
#SusPed	48.4146	0	0
#SusPed	48.6122	32	0
#SusPed	48.6315	38	0
#SusPed	48.671	39	0
#SusPed	48.6902	48	0
#SusPed	48.7105	56	0
#SusPed	48.7404	57	0
#SusPed	48.781	57	0
#SusPed	48.7992	57	0
#SusPed	48.8195	61	0
#SusPed	48.8398	63	0
#SusPed	48.8601	65	0
#SusPed	48.8793	67	0
#SusPed	48.8986	69	0
#SusPed	48.9188	70	0
#SusPed	48.9381	71	0
#SusPed	48.9584	72	0
#SusPed	48.9776	76	0
#SusPed	48.9968	83	0
#SusPed	49.0171	92	0
#SusPed	49.0374	105	0
#SusPed	49.0577	127	0
#SusPed	49.2939	93	0
#SusPed	49.3141	66	0
#SusPed	49.3334	48	0
#SusPed	49.3537	0	0
#SusPed	49.5919	24	0
#SusPed	49.6112	44	0
#SusPed	49.6304	48	0
#SusPed	49.6902	53	0
#SusPed	49.7105	60	0
#SusPed	49.7394	61	0
#SusPed	49.7597	60	0
#SusPed	49.78	60	0
#SusPed	49.8184	62	0
#SusPed	49.8387	64	0
#SusPed	49.859	65	0
#SusPed	49.8783	66	0
#SusPed	49.8975	66	0
#SusPed	49.9178	67	0
#SusPed	49.937	69	0
#SusPed	49.9573	72	0
#SusPed	49.9776	75	0
#SusPed	49.9958	81	0
#SusPed	50.0161	90	0
#SusPed	50.0364	98	0
#SusPed	50.0567	101	0
#SusPed	50.0951	103	0
#SusPed	50.1154	116	0
#SusPed	50.1347	127	0
#SusPed	50.1934	84	0
#SusPed	50.2137	65	0
#SusPed	50.234	46	0
#SusPed	50.2543	0	0
#SusPed	50.5919	9	0
#SusPed	50.6122	21	0
#SusPed	50.6304	20	0
#SusPed	50.6507	18	0
#SusPed	50.671	19	0
#SusPed	50.6902	40	0
#SusPed	50.7105	49	0
#SusPed	50.7383	50	0
#SusPed	50.7586	52	0
#SusPed	50.7789	58	0
#SusPed	50.7992	63	0
#SusPed	50.8184	65	0
#SusPed	50.8793	66	0
#SusPed	50.8975	69	0
#SusPed	50.9178	73	0
#SusPed	50.9381	78	0
#SusPed	50.9573	82	0
#SusPed	50.9776	89	0
#SusPed	50.9968	111	0
#SusPed	51.0161	127	0
#SusPed	51.0951	82	0
#SusPed	51.1154	64	0
#SusPed	51.1357	48	0
#SusPed	51.155	38	0
#SusPed	51.1742	30	0
#SusPed	51.1945	30	0
#SusPed	51.234	31	0
#SusPed	51.2543	37	0
#SusPed	51.2725	43	0
#SusPed	51.2928	45	0
#SusPed	51.3334	46	0
#SusPed	51.3515	52	0
#SusPed	51.3718	57	0
#SusPed	51.3921	58	0
#SusPed	51.452	59	0
#SusPed	51.4723	62	0
#SusPed	51.4915	63	0
#SusPed	51.5535	64	0
#SusPed	51.5716	66	0
#SusPed	51.5919	70	0
#SusPed	51.6122	73	0
#SusPed	51.6304	74	0
#SusPed	51.6507	75	0
#SusPed	51.671	78	0
#SusPed	51.6913	83	0
#SusPed	51.7105	88	0
#SusPed	51.7404	92	0
#SusPed	51.7607	96	0
#SusPed	51.78	102	0
#SusPed	51.8003	121	0
#SusPed	51.8206	127	0
#SusPed	52.0567	101	0
#SusPed	52.077	77	0
#SusPed	52.0973	66	0
#SusPed	52.1165	60	0
#SusPed	52.1368	55	0
#SusPed	52.156	50	0
#SusPed	52.1753	43	0
#SusPed	52.1956	34	0
#SusPed	52.2159	24	0
#SusPed	52.2362	17	0
#SusPed	52.2949	17	0
#SusPed	52.3345	26	0
#SusPed	52.3537	42	0
#SusPed	52.3729	51	0
#SusPed	52.3932	51	0
#SusPed	52.4317	53	0
#SusPed	52.452	58	0
#SusPed	52.4723	63	0
#SusPed	52.4926	65	0
#SusPed	52.5118	64	0
#SusPed	52.5513	65	0
#SusPed	52.5706	67	0
#SusPed	52.5919	71	0
#SusPed	52.6122	76	0
#SusPed	52.6325	82	0
#SusPed	52.6528	88	0
#SusPed	52.671	98	0
#SusPed	52.6913	113	0
#SusPed	52.7116	127	0
#SusPed	52.9968	101	0
#SusPed	53.0171	77	0
#SusPed	53.0374	65	0
#SusPed	53.0567	60	0
#SusPed	53.077	58	0
#SusPed	53.0962	57	0
#SusPed	53.1154	58	0
#SusPed	53.1357	60	0
#SusPed	53.156	63	0
#SusPed	53.1763	66	0
#SusPed	53.1956	68	0
#SusPed	53.2159	69	0
#SusPed	53.2351	71	0
#SusPed	53.2543	75	0
#SusPed	53.2746	80	0
#SusPed	53.2949	89	0
#SusPed	53.3152	104	0
#SusPed	53.3345	127	0
#SusPed	54.1763	83	0
#SusPed	54.1945	62	0
#SusPed	54.2148	0	0
#SusPed	55.2543	24	0
#SusPed	55.2736	48	0
#SusPed	55.2939	61	0
#SusPed	55.3131	64	0
#SusPed	55.3323	65	0
#SusPed	55.3526	68	0
#SusPed	55.3729	76	0
#SusPed	55.3932	104	0
#SusPed	55.4124	127	0
#SusPed	55.9573	88	0
#SusPed	55.9776	65	0
#SusPed	55.9979	38	0
#SusPed	56.0182	0	0
#SusPed	56.1357	17	0
#SusPed	56.155	38	0
#SusPed	56.1753	46	0
#SusPed	56.1945	52	0
#SusPed	56.2137	55	0
#SusPed	56.234	58	0
#SusPed	56.2543	61	0
#SusPed	56.2746	64	0
#SusPed	56.2928	66	0
#SusPed	56.3131	68	0
#SusPed	56.3334	70	0
#SusPed	56.3526	72	0
#SusPed	56.3729	76	0
#SusPed	56.3921	83	0
#SusPed	56.4114	98	0
#SusPed	56.4317	127	0
#SusPed	56.858	84	0
#SusPed	56.8783	65	0
#SusPed	56.8975	40	0
#SusPed	56.9178	0	0
#SusPed	56.9968	19	0
#SusPed	57.0171	44	0
#SusPed	57.0364	50	0
#SusPed	57.077	51	0
#SusPed	57.0973	55	0
#SusPed	57.1165	60	0
#SusPed	57.1357	63	0
#SusPed	57.156	63	0
#SusPed	57.1956	64	0
#SusPed	57.2159	67	0
#SusPed	57.234	71	0
#SusPed	57.2543	77	0
#SusPed	57.2746	90	0
#SusPed	57.2928	123	0
#SusPed	57.3131	127	0
#SusPed	57.7383	87	0
#SusPed	57.7575	66	0
#SusPed	57.7778	43	0
#SusPed	57.7981	0	0
#SusPed	57.9167	25	0
#SusPed	57.937	40	0
#SusPed	57.9573	50	0
#SusPed	57.9766	58	0
#SusPed	57.9968	63	0
#SusPed	58.0171	67	0
#SusPed	58.0353	71	0
#SusPed	58.0556	76	0
#SusPed	58.0759	88	0
#SusPed	58.0962	127	0
#SusPed	58.6892	82	0
#SusPed	58.7084	60	0
#SusPed	58.7383	0	0
#SusPed	58.9563	23	0
#SusPed	58.9755	43	0
#SusPed	58.9958	44	0
#SusPed	59.0161	44	0
#SusPed	59.0364	48	0
#SusPed	59.0556	56	0
#SusPed	59.0748	60	0
#SusPed	59.0951	61	0
#SusPed	59.1347	62	0
#SusPed	59.155	64	0
#SusPed	59.1753	66	0
#SusPed	59.1945	68	0
#SusPed	59.2148	70	0
#SusPed	59.234	72	0
#SusPed	59.2533	76	0
#SusPed	59.2736	89	0
#SusPed	59.2939	105	0
#SusPed	59.3142	127	0
#SusPed	59.6486	87	0
#SusPed	59.6689	69	0
#SusPed	59.6892	58	0
#SusPed	59.7073	45	0
#SusPed	59.7383	27	0
#SusPed	59.7586	0	0
#SusPed	60.8964	11	0
#SusPed	60.9167	13	0
#SusPed	60.936	15	0
#SusPed	60.9552	16	0
#SusPed	60.9755	17	0
#SusPed	61.0941	17	0
#SusPed	61.1144	18	0
#SusPed	61.1357	19	0
#SusPed	61.1742	21	0
#SusPed	61.1945	22	0
#SusPed	61.2137	23	0
#SusPed	61.234	24	0
#SusPed	61.2928	24	0
#SusPed	61.3131	25	0
#SusPed	61.3334	26	0
#SusPed	61.4114	26	0
#SusPed	61.5118	27	0
#SusPed	61.5706	27	0
#SusPed	61.609	28	0
#SusPed	61.6293	28	0
#SusPed	61.6496	30	0
#SusPed	61.6699	31	0
#SusPed	61.6881	32	0
#SusPed	61.7084	33	0
#SusPed	61.7394	34	0
#SusPed	61.8174	34	0
#SusPed	61.858	36	0
#SusPed	61.8964	36	0
#SusPed	62.0545	37	0
#SusPed	62.1325	38	0
#SusPed	62.1528	39	0
#SusPed	62.2543	39	0
#SusPed	62.3334	40	0
#SusPed	62.3537	40	0
#SusPed	62.4125	41	0
#SusPed	62.4509	42	0
#SusPed	62.5513	42	0
#SusPed	62.7597	43	0
#SusPed	62.937	43	0
#SusPed	63.2148	44	0
#SusPed	63.53	45	0
#SusPed	63.5503	48	0
#SusPed	63.5695	50	0
#SusPed	63.5898	52	0
#SusPed	63.6101	54	0
#SusPed	63.6304	57	0
#SusPed	63.6496	60	0
#SusPed	63.6689	63	0
#SusPed	63.6892	64	0
#SusPed	63.7084	65	0
#SusPed	63.7383	68	0
#SusPed	63.7586	72	0
#SusPed	63.7778	77	0
#SusPed	63.7971	82	0
#SusPed	63.8174	85	0
#SusPed	63.8366	91	0
#SusPed	63.8569	104	0
#SusPed	63.8772	127	0
#SusPed	64.2725	110	0
#SusPed	64.2928	82	0
#SusPed	64.312	68	0
#SusPed	64.3334	60	0
#SusPed	64.3526	53	0
#SusPed	64.3729	50	0
#SusPed	64.3922	49	0
#SusPed	64.4712	50	0
#SusPed	64.4915	50	0
#SusPed	64.5118	51	0
#SusPed	64.53	52	0
#SusPed	64.5503	53	0
#SusPed	64.5706	55	0
#SusPed	64.5898	56	0
#SusPed	64.6101	57	0
#SusPed	64.6293	58	0
#SusPed	64.6486	61	0
#SusPed	64.6689	62	0
#SusPed	64.6892	63	0
#SusPed	64.7383	64	0
#SusPed	64.7586	66	0
#SusPed	64.7789	70	0
#SusPed	64.7971	75	0
#SusPed	64.8174	81	0
#SusPed	64.8377	86	0
#SusPed	64.8569	92	0
#SusPed	64.8772	99	0
#SusPed	64.8964	103	0
#SusPed	64.9157	105	0
#SusPed	64.936	111	0
#SusPed	64.9563	127	0
#SusPed	65.2137	97	0
#SusPed	65.234	77	0
#SusPed	65.2543	68	0
#SusPed	65.2725	62	0
#SusPed	65.2928	57	0
#SusPed	65.3131	53	0
#SusPed	65.3313	50	0
#SusPed	65.3516	50	0
#SusPed	65.3932	51	0
#SusPed	65.4125	53	0
#SusPed	65.4328	56	0
#SusPed	65.4531	59	0
#SusPed	65.4712	61	0
#SusPed	65.4915	63	0
#SusPed	65.5118	64	0
#SusPed	65.5321	66	0
#SusPed	65.5503	67	0
#SusPed	65.5706	69	0
#SusPed	65.5909	73	0
#SusPed	65.6101	79	0
#SusPed	65.6293	85	0
#SusPed	65.6496	91	0
#SusPed	65.6689	98	0
#SusPed	65.6892	108	0
#SusPed	65.7095	127	0
#SusPed	66.1144	107	0
#SusPed	66.1336	80	0
#SusPed	66.1539	67	0
#SusPed	66.1731	58	0
#SusPed	66.1924	51	0
#SusPed	66.2127	47	0
#SusPed	66.233	47	0
#SusPed	66.2533	48	0
#SusPed	66.2725	53	0
#SusPed	66.2928	58	0
#SusPed	66.3131	61	0
#SusPed	66.3334	62	0
#SusPed	66.3526	63	0
#SusPed	66.3719	65	0
#SusPed	66.3922	68	0
#SusPed	66.4114	72	0
#SusPed	66.4306	77	0
#SusPed	66.4509	82	0
#SusPed	66.4723	91	0
#SusPed	66.4915	102	0
#SusPed	66.5118	127	0
#SusPed	67.0556	91	0
#SusPed	67.0759	74	0
#SusPed	67.0941	65	0
#SusPed	67.1144	61	0
#SusPed	67.1347	58	0
#SusPed	67.1539	55	0
#SusPed	67.1742	54	0
#SusPed	67.1934	52	0
#SusPed	67.2127	49	0
#SusPed	67.233	47	0
#SusPed	67.2533	45	0
#SusPed	67.2714	44	0
#SusPed	67.2917	42	0
#SusPed	67.312	40	0
#SusPed	67.3323	39	0
#SusPed	67.6507	39	0
#SusPed	67.6699	40	0
#SusPed	67.7404	41	0
#SusPed	67.7607	42	0
#SusPed	67.7789	43	0
#SusPed	67.858	43	0
#SusPed	67.937	44	0
#SusPed	68.0556	44	0
#SusPed	68.1154	45	0
#SusPed	68.156	45	0
#SusPed	68.452	46	0
#SusPed	68.5097	46	0
#SusPed	68.5898	47	0
#SusPed	68.6101	48	0
#SusPed	68.7084	48	0
#SusPed	68.7597	49	0
#SusPed	68.936	50	0
#SusPed	68.9563	51	0
#SusPed	68.9755	52	0
#SusPed	69.0161	52	0
#SusPed	69.0364	53	0
#SusPed	69.0556	54	0
#SusPed	69.0749	56	0
#SusPed	69.0952	58	0
#SusPed	69.1144	60	0
#SusPed	69.1347	61	0
#SusPed	69.155	62	0
#SusPed	69.1753	63	0
#SusPed	69.1934	65	0
#SusPed	69.2137	68	0
#SusPed	69.234	70	0
#SusPed	69.2533	73	0
#SusPed	69.2736	78	0
#SusPed	69.2928	83	0
#SusPed	69.312	88	0
#SusPed	69.3323	93	0
#SusPed	69.3526	97	0
#SusPed	69.3708	105	0
#SusPed	69.3911	127	0
#SusPed	69.6892	121	0
#SusPed	69.7095	88	0
#SusPed	69.7394	73	0
#SusPed	69.7597	65	0
#SusPed	69.7789	59	0
#SusPed	69.7981	54	0
#SusPed	69.8184	51	0
#SusPed	69.859	53	0
#SusPed	69.8772	57	0
#SusPed	69.8975	59	0
#SusPed	69.9178	60	0
#SusPed	69.936	61	0
#SusPed	69.9563	64	0
#SusPed	69.9766	66	0
#SusPed	69.9958	68	0
#SusPed	70.0161	68	0
#SusPed	70.0353	69	0
#SusPed	70.0546	71	0
#SusPed	70.0749	76	0
#SusPed	70.0952	81	0
#SusPed	70.1155	85	0
#SusPed	70.1336	88	0
#SusPed	70.1539	92	0
#SusPed	70.1742	97	0
#SusPed	70.1934	103	0
#SusPed	70.2137	111	0
#SusPed	70.234	127	0
#SusPed	70.6881	99	0
#SusPed	70.7084	73	0
#SusPed	70.7383	61	0
#SusPed	70.7586	49	0
#SusPed	70.7789	36	0
#SusPed	70.7992	21	0
#SusPed	70.8184	17	0
#SusPed	70.8772	23	0
#SusPed	70.8975	33	0
#SusPed	70.9178	42	0
#SusPed	70.9381	45	0
#SusPed	70.9563	50	0
#SusPed	70.9766	56	0
#SusPed	70.9969	60	0
#SusPed	71.0161	61	0
#SusPed	71.0556	62	0
#SusPed	71.0749	63	0
#SusPed	71.0952	65	0
#SusPed	71.1155	67	0
#SusPed	71.1336	69	0
#SusPed	71.1539	70	0
#SusPed	71.1742	71	0
#SusPed	71.1945	74	0
#SusPed	71.2137	77	0
#SusPed	71.233	78	0
#SusPed	71.2533	80	0
#SusPed	71.2725	81	0
#SusPed	71.2928	84	0
#SusPed	71.3131	86	0
#SusPed	71.3334	88	0
#SusPed	71.3526	89	0
#SusPed	71.3719	91	0
#SusPed	71.3922	93	0
#SusPed	71.4114	94	0
#SusPed	71.5075	93	0
#SusPed	71.5278	90	0
#SusPed	71.5481	84	0
#SusPed	71.5684	74	0
#SusPed	71.5866	66	0
#SusPed	71.6069	60	0
#SusPed	71.6272	52	0
#SusPed	71.6464	45	0
#SusPed	71.6667	33	0
#SusPed	71.687	0	0
#SusPed	72.7575	33	0
#SusPed	72.7768	47	0
#SusPed	72.7971	55	0
#SusPed	72.8163	60	0
#SusPed	72.8355	62	0
#SusPed	72.8558	64	0
#SusPed	72.8772	69	0
#SusPed	72.8964	80	0
#SusPed	72.9167	98	0
#SusPed	72.937	127	0
#SusPed	73.4306	90	0
#SusPed	73.4499	67	0
#SusPed	73.4702	58	0
#SusPed	73.4894	51	0
#SusPed	73.5097	46	0
#SusPed	73.53	42	0
#SusPed	73.5503	40	0
#SusPed	73.5695	39	0
#SusPed	73.6283	38	0
#SusPed	73.6486	33	0
#SusPed	73.6678	26	0
#SusPed	73.687	17	0
#SusPed	73.7073	0	0
#SusPed	76.5108	17	0
#SusPed	76.5289	29	0
#SusPed	76.5492	40	0
#SusPed	76.5695	48	0
#SusPed	76.5898	54	0
#SusPed	76.609	58	0
#SusPed	76.6283	60	0
#SusPed	76.6486	61	0
#SusPed	76.6678	63	0
#SusPed	76.687	65	0
#SusPed	76.7073	70	0
#SusPed	76.7373	78	0
#SusPed	76.7576	90	0
#SusPed	76.7779	127	0
#SusPed	77.2127	99	0
#SusPed	77.233	74	0
#SusPed	77.2533	61	0
#SusPed	77.2714	44	0
#SusPed	77.2917	18	0
#SusPed	77.312	0	0
#SusPed	77.3323	9	0
#SusPed	77.3516	33	0
#SusPed	77.3719	51	0
#SusPed	77.3922	58	0
#SusPed	77.4103	61	0
#SusPed	77.4306	63	0
#SusPed	77.4509	65	0
#SusPed	77.4712	69	0
#SusPed	77.4905	74	0
#SusPed	77.5108	83	0
#SusPed	77.53	98	0
#SusPed	77.5492	127	0
#SusPed	78.1336	86	0
#SusPed	78.1518	69	0
#SusPed	78.1721	58	0
#SusPed	78.1935	50	0
#SusPed	78.2137	41	0
#SusPed	78.233	31	0
#SusPed	78.2522	19	0
#SusPed	78.2725	0	0
#SusPed	79.2736	41	0
#SusPed	79.2928	53	0
#SusPed	79.312	55	0
#SusPed	79.3323	57	0
#SusPed	79.3516	61	0
#SusPed	79.3708	67	0
#SusPed	79.3911	76	0
#SusPed	79.4114	93	0
#SusPed	79.4317	127	0
#SusPed	79.9947	78	0
#SusPed	80.015	63	0
#SusPed	80.0353	46	0
#SusPed	80.0546	25	0
#SusPed	80.0749	0	0
#SusPed	81.014	28	0
#SusPed	81.0343	49	0
#SusPed	81.0535	55	0
#SusPed	81.0738	56	0
#SusPed	81.0941	56	0
#SusPed	81.1144	60	0
#SusPed	81.1336	64	0
#SusPed	81.1539	67	0
#SusPed	81.1732	70	0
#SusPed	81.1924	74	0
#SusPed	81.2127	82	0
#SusPed	81.233	92	0
#SusPed	81.2533	100	0
#SusPed	81.2714	101	0
#SusPed	81.312	102	0
#SusPed	81.3313	104	0
#SusPed	81.3516	107	0
#SusPed	81.3708	115	0
#SusPed	81.3922	127	0
#SusPed	81.7779	111	0
#SusPed	81.7982	95	0
#SusPed	81.8174	83	0
#SusPed	81.8366	73	0
#SusPed	81.8569	66	0
#SusPed	81.8761	62	0
#SusPed	81.8964	59	0
#SusPed	81.9167	56	0
#SusPed	81.9349	51	0
#SusPed	81.9552	47	0
#SusPed	81.9755	45	0
#SusPed	82.0546	44	0
#SusPed	82.0738	43	0
#SusPed	82.1732	43	0
#SusPed	82.2116	43	0
#SusPed	82.3323	44	0
#SusPed	82.3516	44	0
#SusPed	82.3708	45	0
#SusPed	82.4509	45	0
#SusPed	82.4712	46	0
#SusPed	82.4905	46	0
#SusPed	82.6294	47	0
#SusPed	82.8569	47	0
#SusPed	82.8772	48	0
#SusPed	82.8964	48	0
#SusPed	83.093	49	0
#SusPed	83.1133	49	0
#SusPed	83.1924	50	0
#SusPed	83.2522	50	0
#SusPed	83.2907	51	0
#SusPed	83.311	51	0
#SusPed	83.3313	52	0
#SusPed	83.4306	52	0
#SusPed	85.6475	53	0
#SusPed	85.6678	53	0
#SusPed	85.687	54	0
#SusPed	85.7063	54	0
#SusPed	85.7362	55	0
#SusPed	85.7565	55	0
#SusPed	85.7757	56	0
#SusPed	85.795	56	0
#SusPed	85.8153	57	0
#SusPed	85.8345	59	0
#SusPed	85.8548	60	0
#SusPed	85.8751	61	0
#SusPed	85.9937	62	0
#SusPed	86.014	63	0
#SusPed	86.0524	63	0
#SusPed	86.0727	64	0
#SusPed	86.093	64	0
#SusPed	86.1123	65	0
#SusPed	86.1315	67	0
#SusPed	86.1518	68	0
#SusPed	86.171	69	0
#SusPed	86.2885	68	0
#SusPed	86.3088	68	0
#SusPed	86.3291	67	0
#SusPed	86.3494	66	0
#SusPed	86.3687	65	0
#SusPed	86.3879	64	0
#SusPed	86.4082	63	0
#SusPed	86.4274	62	0
#SusPed	86.4477	61	0
#SusPed	86.468	60	0
#SusPed	86.4883	59	0
#SusPed	86.5866	59	0
#SusPed	86.6272	58	0
#SusPed	87.2309	58	0
#SusPed	87.6069	58	0
#SusPed	87.6272	59	0
#SusPed	87.6475	59	0
#SusPed	87.6657	60	0
#SusPed	87.686	61	0
#SusPed	87.7063	62	0
#SusPed	87.7362	63	0
#SusPed	87.7565	64	0
#SusPed	87.7757	65	0
#SusPed	87.7971	65	0
#SusPed	87.8163	66	0
#SusPed	87.8366	67	0
#SusPed	87.8569	68	0
#SusPed	87.8954	67	0
#SusPed	88.014	67	0
#SusPed	88.1133	66	0
#SusPed	88.1721	66	0
#SusPed	88.1924	65	0
#SusPed	88.2116	65	0
#SusPed	88.2319	64	0
#SusPed	88.2512	62	0
#SusPed	88.2704	60	0
#SusPed	88.2907	59	0
#SusPed	88.311	58	0
#SusPed	88.3313	56	0
#SusPed	88.3505	55	0
#SusPed	88.3708	54	0
#SusPed	88.4499	55	0
#SusPed	88.4702	57	0
#SusPed	88.4883	59	0
#SusPed	88.5086	61	0
#SusPed	88.5289	63	0
#SusPed	88.5482	64	0
#SusPed	88.5685	65	0
#SusPed	88.5877	66	0
#SusPed	88.6069	68	0
#SusPed	88.6272	70	0
#SusPed	88.6475	73	0
#SusPed	88.6678	76	0
#SusPed	88.686	79	0
#SusPed	88.7063	82	0
#SusPed	88.7373	85	0
#SusPed	88.7565	89	0
#SusPed	88.7757	94	0
#SusPed	88.796	100	0
#SusPed	88.8153	104	0
#SusPed	88.8356	105	0
#SusPed	88.8559	106	0
#SusPed	88.8762	108	0
#SusPed	88.8954	116	0
#SusPed	88.9157	127	0
#SusPed	89.0546	121	0
#SusPed	89.0738	114	0
#SusPed	89.093	108	0
#SusPed	89.1133	105	0
#SusPed	89.1336	104	0
#SusPed	89.1721	101	0
#SusPed	89.1924	98	0
#SusPed	89.2127	95	0
#SusPed	89.2319	92	0
#SusPed	89.2522	87	0
#SusPed	89.2715	79	0
#SusPed	89.2907	71	0
#SusPed	89.311	64	0
#SusPed	89.3302	58	0
#SusPed	89.3494	54	0
#SusPed	89.3697	50	0
#SusPed	89.4103	51	0
#SusPed	89.4296	54	0
#SusPed	89.4499	57	0
#SusPed	89.4702	59	0
#SusPed	89.4905	62	0
#SusPed	89.5086	63	0
#SusPed	89.5289	64	0
#SusPed	89.5492	65	0
#SusPed	89.5685	67	0
#SusPed	89.5888	68	0
#SusPed	89.608	70	0
#SusPed	89.6272	73	0
#SusPed	89.6475	76	0
#SusPed	89.6678	79	0
#SusPed	89.686	81	0
#SusPed	89.7063	84	0
#SusPed	89.7362	87	0
#SusPed	89.7554	89	0
#SusPed	89.796	89	0
#SusPed	89.8163	90	0
#SusPed	89.8356	92	0
#SusPed	89.8559	94	0
#SusPed	89.9947	93	0
#SusPed	90.0941	92	0
#SusPed	90.1133	91	0
#SusPed	90.1336	89	0
#SusPed	90.1721	89	0
#SusPed	90.1924	88	0
#SusPed	90.2127	85	0
#SusPed	90.233	81	0
#SusPed	90.2522	78	0
#SusPed	90.2715	77	0
#SusPed	90.2918	76	0
#SusPed	90.311	76	0
#SusPed	90.3302	74	0
#SusPed	90.3505	70	0
#SusPed	90.3697	68	0
#SusPed	90.39	67	0
#SusPed	90.4103	66	0
#SusPed	90.4285	65	0
#SusPed	90.4488	64	0
#SusPed	90.4691	63	0
#SusPed	90.4894	62	0
#SusPed	90.5086	61	0
#SusPed	90.5289	60	0
#SusPed	90.5482	59	0
#SusPed	90.5674	58	0
#SusPed	90.5877	56	0
#SusPed	90.608	54	0
#SusPed	90.6283	52	0
#SusPed	90.6475	51	0
#SusPed	90.6678	49	0
#SusPed	90.6871	47	0
#SusPed	90.7063	43	0
#SusPed	90.7362	34	0
#SusPed	90.7565	25	0
#SusPed	90.7757	17	0
#SusPed	90.795	0	0
#SusPed	91.1732	16	0
#SusPed	91.1924	25	0
#SusPed	91.2127	32	0
#SusPed	91.233	41	0
#SusPed	91.2533	47	0
#SusPed	91.2715	49	0
#SusPed	91.2918	51	0
#SusPed	91.3121	53	0
#SusPed	91.3313	57	0
#SusPed	91.3516	60	0
#SusPed	91.3708	62	0
#SusPed	91.39	63	0
#SusPed	91.4103	64	0
#SusPed	91.4296	66	0
#SusPed	91.4488	69	0
#SusPed	91.4691	72	0
#SusPed	91.4894	76	0
#SusPed	91.5076	79	0
#SusPed	91.5279	83	0
#SusPed	91.5482	88	0
#SusPed	91.5685	94	0
#SusPed	91.5866	102	0
#SusPed	91.6069	108	0
#SusPed	91.6272	110	0
#SusPed	91.6465	110	0
#SusPed	91.686	111	0
#SusPed	91.7351	110	0
#SusPed	91.8537	107	0
#SusPed	91.874	101	0
#SusPed	91.8943	94	0
#SusPed	91.9135	85	0
#SusPed	91.9338	75	0
#SusPed	91.9541	67	0
#SusPed	91.9723	60	0
#SusPed	91.9926	56	0
#SusPed	92.0129	55	0
#SusPed	92.0727	56	0
#SusPed	92.093	57	0
#SusPed	92.1133	59	0
#SusPed	92.1326	61	0
#SusPed	92.1529	62	0
#SusPed	92.1732	63	0
#SusPed	92.1913	64	0
#SusPed	92.2116	65	0
#SusPed	92.2319	67	0
#SusPed	92.2522	68	0
#SusPed	92.311	69	0
#SusPed	92.3302	70	0
#SusPed	92.3505	72	0
#SusPed	92.3697	73	0
#SusPed	92.389	73	0
#SusPed	92.4093	74	0
#SusPed	92.4499	75	0
#SusPed	92.5279	75	0
#SusPed	92.5482	76	0
#SusPed	92.6272	76	0
#SusPed	92.7362	75	0
#SusPed	92.7565	70	0
#SusPed	92.7768	64	0
#SusPed	92.795	57	0
#SusPed	92.8153	50	0
#SusPed	92.8356	32	0
#SusPed	92.8559	0	0
#SusPed	95.4894	11	0
#SusPed	95.5086	13	0
#SusPed	95.5289	17	0
#SusPed	95.5482	23	0
#SusPed	95.5674	33	0
#SusPed	95.5877	41	0
#SusPed	95.608	48	0
#SusPed	95.6283	54	0
#SusPed	95.6475	60	0
#SusPed	95.6678	64	0
#SusPed	95.6881	68	0
#SusPed	95.7084	77	0
#SusPed	95.7362	97	0
#SusPed	95.7565	127	0
#SusPed	96.2704	102	0
#SusPed	96.2907	75	0
#SusPed	96.3099	61	0
#SusPed	96.3313	32	0
#SusPed	96.3516	0	0
#SusPed	96.6272	17	0
#SusPed	96.6465	34	0
#SusPed	96.6668	39	0
#SusPed	96.7362	40	0
#SusPed	96.7565	45	0
#SusPed	96.7747	48	0
#SusPed	96.795	49	0
#SusPed	96.8153	52	0
#SusPed	96.8334	58	0
#SusPed	96.8537	62	0
#SusPed	96.874	63	0
#SusPed	96.9136	64	0
#SusPed	96.9339	66	0
#SusPed	96.9542	68	0
#SusPed	96.9745	68	0
#SusPed	96.9937	69	0
#SusPed	97.0129	70	0
#SusPed	97.0332	75	0
#SusPed	97.0524	82	0
#SusPed	97.0727	95	0
#SusPed	97.093	127	0
#SusPed	97.1913	88	0
#SusPed	97.2106	72	0
#SusPed	97.2309	63	0
#SusPed	97.2501	57	0
#SusPed	97.2704	48	0
#SusPed	97.2896	33	0
#SusPed	97.3089	0	0
#SusPed	98.4296	47	0
#SusPed	98.4499	65	0
#SusPed	98.4702	69	0
#SusPed	98.4894	72	0
#SusPed	98.5097	76	0
#SusPed	98.53	93	0
#SusPed	98.5503	127	0
#SusPed	98.9948	99	0
#SusPed	99.0151	76	0
#SusPed	99.0332	63	0
#SusPed	99.0535	48	0
#SusPed	99.0738	0	0
#SusPed	99.2106	23	0
#SusPed	99.2309	42	0
#SusPed	99.2512	56	0
#SusPed	99.2715	61	0
#SusPed	99.2907	61	0
#SusPed	99.3099	63	0
#SusPed	99.3302	66	0
#SusPed	99.3495	73	0
#SusPed	99.3698	85	0
#SusPed	99.3901	113	0
#SusPed	99.4104	127	0
#SusPed	99.9157	93	0
#SusPed	99.9349	65	0
#SusPed	99.9552	32	0
#SusPed	99.9745	0	0
#SusPed	100.192	33	0
#SusPed	100.213	49	0
#SusPed	100.231	53	0
#SusPed	100.251	55	0
#SusPed	100.271	58	0
#SusPed	100.29	60	0
#SusPed	100.31	62	0
#SusPed	100.33	64	0
#SusPed	100.351	67	0
#SusPed	100.37	69	0
#SusPed	100.389	70	0
#SusPed	100.409	70	0
#SusPed	100.429	72	0
#SusPed	100.449	75	0
#SusPed	100.469	78	0
#SusPed	100.507	77	0
#SusPed	100.527	78	0
#SusPed	100.546	79	0
#SusPed	100.587	79	0
#SusPed	100.607	79	0
#SusPed	100.626	81	0
#SusPed	100.646	82	0
#SusPed	100.667	80	0
#SusPed	100.685	74	0
#SusPed	100.705	68	0
#SusPed	100.736	64	0
#SusPed	100.757	60	0
#SusPed	100.775	47	0
#SusPed	100.795	0	0
#SusPed	101.972	30	0
#SusPed	101.993	37	0
#SusPed	102.033	37	0
#SusPed	102.052	47	0
#SusPed	102.072	59	0
#SusPed	102.092	62	0
#SusPed	102.111	62	0
#SusPed	102.132	63	0
#SusPed	102.152	64	0
#SusPed	102.17	71	0
#SusPed	102.19	80	0
#SusPed	102.211	93	0
#SusPed	102.229	107	0
#SusPed	102.249	127	0
#SusPed	102.567	118	0
#SusPed	102.587	75	0
#SusPed	102.607	56	0
#SusPed	102.627	0	0
#SusPed	102.836	11	0
#SusPed	102.856	41	0
#SusPed	102.875	52	0
#SusPed	102.894	54	0
#SusPed	102.915	55	0
#SusPed	102.934	57	0
#SusPed	102.954	61	0
#SusPed	102.974	64	0
#SusPed	102.993	65	0
#SusPed	103.013	66	0
#SusPed	103.033	67	0
#SusPed	103.054	71	0
#SusPed	103.072	76	0
#SusPed	103.092	83	0
#SusPed	103.112	93	0
#SusPed	103.132	127	0
#SusPed	103.488	87	0
#SusPed	103.508	65	0
#SusPed	103.527	37	0
#SusPed	103.547	0	0
#SusPed	103.735	16	0
#SusPed	103.755	29	0
#SusPed	103.775	44	0
#SusPed	103.797	58	0
#SusPed	103.817	63	0
#SusPed	103.836	64	0
#SusPed	103.856	66	0
#SusPed	103.876	71	0
#SusPed	103.894	86	0
#SusPed	103.915	127	0
#SusPed	104.449	81	0
#SusPed	104.469	61	0
#SusPed	104.488	0	0
#SusPed	104.736	39	0
#SusPed	104.755	44	0
#SusPed	104.776	44	0
#SusPed	104.795	48	0
#SusPed	104.814	57	0
#SusPed	104.835	62	0
#SusPed	104.855	63	0
#SusPed	104.876	63	0
#SusPed	104.894	65	0
#SusPed	104.915	71	0
#SusPed	104.935	80	0
#SusPed	104.955	90	0
#SusPed	104.974	106	0
#SusPed	104.994	127	0
#SusPed	105.489	89	0
#SusPed	105.508	64	0
#SusPed	105.527	31	0
#SusPed	105.546	0	0
#SusPed	106.508	12	0
#SusPed	106.527	48	0
#SusPed	106.547	56	0
#SusPed	106.566	57	0
#SusPed	106.587	59	0
#SusPed	106.607	65	0
#SusPed	106.625	78	0
#SusPed	106.645	127	0
#SusPed	107.29	101	0
#SusPed	107.309	74	0
#SusPed	107.329	58	0
#SusPed	107.349	0	0
#SusPed	107.587	35	0
#SusPed	107.607	47	0
#SusPed	107.627	51	0
#SusPed	107.645	54	0
#SusPed	107.666	56	0
#SusPed	107.686	59	0
#SusPed	107.706	62	0
#SusPed	107.735	64	0
#SusPed	107.755	65	0
#SusPed	107.776	68	0
#SusPed	107.794	71	0
#SusPed	107.814	74	0
#SusPed	107.835	76	0
#SusPed	107.854	79	0
#SusPed	107.874	83	0
#SusPed	107.893	91	0
#SusPed	107.912	100	0
#SusPed	107.933	111	0
#SusPed	107.953	127	0
#SusPed	108.132	108	0
#SusPed	108.152	89	0
#SusPed	108.172	80	0
#SusPed	108.192	73	0
#SusPed	108.212	67	0
#SusPed	108.232	64	0
#SusPed	108.252	62	0
#SusPed	108.27	62	0
#SusPed	108.291	61	0
#SusPed	108.311	59	0
#SusPed	108.331	57	0
#SusPed	108.351	55	0
#SusPed	108.371	54	0
#SusPed	108.39	53	0
#SusPed	108.409	52	0
#SusPed	108.43	51	0
#SusPed	108.509	51	0
#SusPed	108.874	51	0
#SusPed	108.953	52	0
#SusPed	108.973	52	0
#SusPed	109.251	53	0
#SusPed	109.271	54	0
#SusPed	109.291	55	0
#SusPed	109.31	56	0
#SusPed	109.33	59	0
#SusPed	109.349	62	0
#SusPed	109.37	65	0
#SusPed	109.39	68	0
#SusPed	109.41	71	0
#SusPed	109.43	74	0
#SusPed	109.45	83	0
#SusPed	109.469	102	0
#SusPed	109.488	127	0
#SusPed	110.032	89	0
#SusPed	110.052	68	0
#SusPed	110.073	51	0
#SusPed	110.091	0	0
#SusPed	110.192	24	0
#SusPed	110.213	32	0
#SusPed	110.231	39	0
#SusPed	110.251	54	0
#SusPed	110.271	64	0
#SusPed	110.29	72	0
#SusPed	110.31	93	0
#SusPed	110.33	127	0
#SusPed	110.893	104	0
#SusPed	110.914	71	0
#SusPed	110.933	52	0
#SusPed	110.952	0	0
#SusPed	112.051	16	0
#SusPed	112.072	28	0
#SusPed	112.092	34	0
#SusPed	112.11	37	0
#SusPed	112.13	40	0
#SusPed	112.151	44	0
#SusPed	112.17	49	0
#SusPed	112.189	51	0
#SusPed	112.21	52	0
#SusPed	112.229	53	0
#SusPed	112.249	55	0
#SusPed	112.269	57	0
#SusPed	112.29	60	0
#SusPed	112.308	60	0
#SusPed	112.329	61	0
#SusPed	112.349	61	0
#SusPed	112.37	63	0
#SusPed	112.389	64	0
#SusPed	112.409	65	0
#SusPed	112.429	65	0
#SusPed	112.448	66	0
#SusPed	112.468	67	0
#SusPed	112.548	67	0
#SusPed	112.568	68	0
#SusPed	112.587	70	0
#SusPed	112.627	68	0
#SusPed	112.648	65	0
#SusPed	112.666	60	0
#SusPed	112.686	55	0
#SusPed	112.706	52	0
#SusPed	112.736	49	0
#SusPed	112.757	46	0
#SusPed	112.776	46	0
#SusPed	112.856	46	0
#SusPed	112.915	47	0
#SusPed	112.933	49	0
#SusPed	112.953	49	0
#SusPed	113.033	50	0
#SusPed	113.072	50	0
#SusPed	113.291	51	0
#SusPed	113.391	51	0
#SusPed	113.607	51	0
#SusPed	113.706	50	0
#SusPed	113.757	50	0
#SusPed	113.915	49	0
#SusPed	114.685	50	0
#SusPed	114.705	50	0
#SusPed	114.734	52	0
#SusPed	114.754	53	0
#SusPed	114.775	56	0
#SusPed	114.793	58	0
#SusPed	114.813	61	0
#SusPed	114.833	63	0
#SusPed	114.854	65	0
#SusPed	114.872	66	0
#SusPed	114.892	69	0
#SusPed	114.913	72	0
#SusPed	114.932	76	0
#SusPed	114.952	80	0
#SusPed	114.971	85	0
#SusPed	114.99	93	0
#SusPed	115.011	106	0
#SusPed	115.031	127	0
#SusPed	115.368	93	0
#SusPed	115.386	78	0
#SusPed	115.406	69	0
#SusPed	115.426	64	0
#SusPed	115.447	62	0
#SusPed	115.466	60	0
#SusPed	115.485	60	0
#SusPed	115.527	59	0
#SusPed	115.546	59	0
#SusPed	115.566	57	0
#SusPed	115.587	55	0
#SusPed	115.607	54	0
#SusPed	115.645	53	0
#SusPed	115.666	51	0
#SusPed	115.685	51	0
#SusPed	115.735	51	0
#SusPed	115.754	52	0
#SusPed	115.775	52	0
#SusPed	115.794	54	0
#SusPed	115.813	57	0
#SusPed	115.833	59	0
#SusPed	115.854	59	0
#SusPed	115.874	60	0
#SusPed	115.892	62	0
#SusPed	115.913	65	0
#SusPed	115.933	68	0
#SusPed	115.952	69	0
#SusPed	115.971	71	0
#SusPed	115.992	76	0
#SusPed	116.011	83	0
#SusPed	116.031	91	0
#SusPed	116.051	99	0
#SusPed	116.07	108	0
#SusPed	116.09	113	0
#SusPed	116.11	113	0
#SusPed	116.13	123	0
#SusPed	116.15	127	0
#SusPed	116.269	107	0
#SusPed	116.289	85	0
#SusPed	116.309	74	0
#SusPed	116.328	68	0
#SusPed	116.347	65	0
#SusPed	116.368	63	0
#SusPed	116.387	61	0
#SusPed	116.406	60	0
#SusPed	116.426	59	0
#SusPed	116.447	58	0
#SusPed	116.467	56	0
#SusPed	116.485	55	0
#SusPed	116.505	54	0
#SusPed	116.526	53	0
#SusPed	116.545	52	0
#SusPed	116.565	51	0
#SusPed	116.587	50	0
#SusPed	116.607	49	0
#SusPed	117.467	50	0
#SusPed	117.686	50	0
#SusPed	117.735	51	0
#SusPed	118.388	51	0
#SusPed	118.408	54	0
#SusPed	118.427	58	0
#SusPed	118.447	61	0
#SusPed	118.467	64	0
#SusPed	118.487	66	0
#SusPed	118.508	68	0
#SusPed	118.526	72	0
#SusPed	118.546	77	0
#SusPed	118.566	85	0
#SusPed	118.586	99	0
#SusPed	118.606	127	0
#SusPed	119.012	91	0
#SusPed	119.032	75	0
#SusPed	119.052	66	0
#SusPed	119.072	61	0
#SusPed	119.092	57	0
#SusPed	119.111	55	0
#SusPed	119.13	54	0
#SusPed	119.231	54	0
#SusPed	121.545	53	0
#SusPed	121.911	54	0
#SusPed	121.933	55	0
#SusPed	121.953	56	0
#SusPed	121.972	57	0
#SusPed	121.993	58	0
#SusPed	122.013	61	0
#SusPed	122.031	63	0
#SusPed	122.051	64	0
#SusPed	122.072	65	0
#SusPed	122.09	66	0
#SusPed	122.11	69	0
#SusPed	122.13	74	0
#SusPed	122.151	79	0
#SusPed	122.17	86	0
#SusPed	122.189	95	0
#SusPed	122.21	106	0
#SusPed	122.229	127	0
#SusPed	122.607	111	0
#SusPed	122.626	100	0
#SusPed	122.645	87	0
#SusPed	122.666	76	0
#SusPed	122.686	67	0
#SusPed	122.706	63	0
#SusPed	122.734	61	0
#SusPed	122.754	58	0
#SusPed	122.774	55	0
#SusPed	122.794	51	0
#SusPed	122.814	44	0
#SusPed	122.835	39	0
#SusPed	122.853	32	0
#SusPed	122.873	0	0
#SusPed	123.814	19	0
#SusPed	123.833	42	0
#SusPed	123.853	51	0
#SusPed	123.873	54	0
#SusPed	123.893	57	0
#SusPed	123.914	61	0
#SusPed	123.932	65	0
#SusPed	123.952	69	0
#SusPed	123.972	76	0
#SusPed	123.992	90	0
#SusPed	124.012	127	0
#SusPed	124.449	102	0
#SusPed	124.469	82	0
#SusPed	124.488	69	0
#SusPed	124.507	61	0
#SusPed	124.526	52	0
#SusPed	124.546	39	0
#SusPed	124.565	26	0
#SusPed	124.585	0	0
#SusPed	124.705	21	0
#SusPed	124.734	38	0
#SusPed	124.754	53	0
#SusPed	124.774	59	0
#SusPed	124.793	60	0
#SusPed	124.813	61	0
#SusPed	124.832	62	0
#SusPed	124.852	65	0
#SusPed	124.872	69	0
#SusPed	124.892	74	0
#SusPed	124.913	77	0
#SusPed	124.932	81	0
#SusPed	124.951	89	0
#SusPed	124.971	102	0
#SusPed	124.991	127	0
#SusPed	125.348	106	0
#SusPed	125.369	79	0
#SusPed	125.389	65	0
#SusPed	125.407	51	0
#SusPed	125.427	29	0
#SusPed	125.448	0	0
#SusPed	125.832	11	0
#SusPed	125.853	25	0
#SusPed	125.872	44	0
#SusPed	125.892	55	0
#SusPed	125.913	56	0
#SusPed	125.931	55	0
#SusPed	125.951	54	0
#SusPed	125.992	56	0
#SusPed	126.13	55	0
#SusPed	126.15	54	0
#SusPed	126.17	54	0
#SusPed	126.19	52	0
#SusPed	126.211	49	0
#SusPed	126.229	44	0
#SusPed	126.249	40	0
#SusPed	126.269	37	0
#SusPed	126.289	33	0
#SusPed	126.309	28	0
#SusPed	126.329	24	0
#SusPed	126.349	23	0
#SusPed	126.427	23	0
#SusPed	126.448	24	0
#SusPed	126.468	26	0
#SusPed	126.486	26	0
#SusPed	126.507	27	0
#SusPed	126.527	30	0
#SusPed	126.547	36	0
#SusPed	126.566	40	0
#SusPed	126.586	42	0
#SusPed	126.606	45	0
#SusPed	126.625	49	0
#SusPed	126.645	52	0
#SusPed	126.665	55	0
#SusPed	126.684	56	0
#SusPed	126.704	57	0
#SusPed	126.735	59	0
#SusPed	126.755	62	0
#SusPed	126.774	64	0
#SusPed	126.794	66	0
#SusPed	126.814	67	0
#SusPed	126.833	70	0
#SusPed	126.854	74	0
#SusPed	126.873	80	0
#SusPed	126.892	89	0
#SusPed	126.913	100	0
#SusPed	126.932	127	0
#SusPed	127.21	90	0
#SusPed	127.229	68	0
#SusPed	127.248	54	0
#SusPed	127.269	31	0
#SusPed	127.29	0	0
#SusPed	128.644	9	0
#SusPed	128.684	11	0
#SusPed	128.733	12	0
#SusPed	128.753	17	0
#SusPed	128.773	18	0
#SusPed	128.872	19	0
#SusPed	128.892	20	0
#SusPed	128.932	21	0
#SusPed	128.952	21	0
#SusPed	128.97	22	0
#SusPed	129.011	23	0
#SusPed	129.05	24	0
#SusPed	129.07	24	0
#SusPed	129.09	25	0
#SusPed	129.128	25	0
#SusPed	129.149	26	0
#SusPed	129.168	28	0
#SusPed	129.188	30	0
#SusPed	129.208	31	0
#SusPed	129.227	32	0
#SusPed	129.247	33	0
#SusPed	129.267	34	0
#SusPed	129.288	36	0
#SusPed	129.307	38	0
#SusPed	129.326	42	0
#SusPed	129.346	46	0
#SusPed	129.366	49	0
#SusPed	129.386	51	0
#SusPed	129.407	55	0
#SusPed	129.426	60	0
#SusPed	129.446	63	0
#SusPed	129.466	65	0
#SusPed	129.486	66	0
#SusPed	129.507	67	0
#SusPed	129.525	68	0
#SusPed	129.545	70	0
#SusPed	129.565	74	0
#SusPed	129.585	76	0
#SusPed	129.605	77	0
#SusPed	129.625	78	0
#SusPed	129.645	78	0
#SusPed	129.665	80	0
#SusPed	129.684	81	0
#SusPed	129.892	81	0
#SusPed	129.951	80	0
#SusPed	129.991	80	0
#SusPed	130.051	79	0
#SusPed	130.07	76	0
#SusPed	130.09	72	0
#SusPed	130.11	67	0
#SusPed	130.128	64	0
#SusPed	130.149	60	0
#SusPed	130.169	58	0
#SusPed	130.188	54	0
#SusPed	130.208	50	0
#SusPed	130.228	44	0
#SusPed	130.247	41	0
#SusPed	130.267	40	0
#SusPed	130.326	40	0
#SusPed	130.405	41	0
#SusPed	130.425	42	0
#SusPed	131.15	42	0
#SusPed	131.189	43	0
#SusPed	131.248	43	0
#SusPed	131.267	44	0
#SusPed	131.346	45	0
#SusPed	131.425	45	0
#SusPed	132.21	46	0
#SusPed	132.229	47	0
#SusPed	132.248	49	0
#SusPed	132.268	52	0
#SusPed	132.288	54	0
#SusPed	132.308	56	0
#SusPed	132.327	58	0
#SusPed	132.346	60	0
#SusPed	132.367	62	0
#SusPed	132.387	63	0
#SusPed	132.407	64	0
#SusPed	132.425	65	0
#SusPed	132.446	66	0
#SusPed	132.466	68	0
#SusPed	132.485	71	0
#SusPed	132.507	74	0
#SusPed	132.526	76	0
#SusPed	132.546	78	0
#SusPed	132.565	81	0
#SusPed	132.587	85	0
#SusPed	132.607	91	0
#SusPed	132.626	98	0
#SusPed	132.645	115	0
#SusPed	132.666	127	0
#SusPed	132.973	84	0
#SusPed	132.993	66	0
#SusPed	133.012	51	0
#SusPed	133.032	34	0
#SusPed	133.051	16	0
#SusPed	133.072	0	0
#SusPed	133.23	9	0
#SusPed	133.249	12	0
#SusPed	133.268	13	0
#SusPed	133.289	16	0
#SusPed	133.308	19	0
#SusPed	133.328	21	0
#SusPed	133.407	21	0
#SusPed	133.427	23	0
#SusPed	133.447	24	0
#SusPed	133.467	24	0
#SusPed	133.505	25	0
#SusPed	133.583	25	0
#SusPed	133.665	26	0
#SusPed	133.685	26	0
#SusPed	133.773	27	0
#SusPed	133.932	26	0
#SusPed	133.972	26	0
#SusPed	134.011	24	0
#SusPed	134.031	23	0
#SusPed	134.109	22	0
#SusPed	134.129	21	0
#SusPed	134.229	21	0
#SusPed	134.913	21	0
#SusPed	134.991	23	0
#SusPed	135.011	26	0
#SusPed	135.031	31	0
#SusPed	135.051	36	0
#SusPed	135.071	43	0
#SusPed	135.09	50	0
#SusPed	135.11	56	0
#SusPed	135.129	61	0
#SusPed	135.15	62	0
#SusPed	135.17	63	0
#SusPed	135.188	65	0
#SusPed	135.208	68	0
#SusPed	135.229	72	0
#SusPed	135.249	75	0
#SusPed	135.267	76	0
#SusPed	135.288	79	0
#SusPed	135.308	81	0
#SusPed	135.327	81	0
#SusPed	135.347	82	0
#SusPed	135.367	83	0
#SusPed	135.386	88	0
#SusPed	135.406	93	0
#SusPed	135.426	94	0
#SusPed	135.465	95	0
#SusPed	135.485	99	0
#SusPed	135.505	104	0
#SusPed	135.525	107	0
#SusPed	135.545	123	0
#SusPed	135.565	127	0
#SusPed	135.624	100	0
#SusPed	135.644	85	0
#SusPed	135.664	77	0
#SusPed	135.684	72	0
#SusPed	135.704	67	0
#SusPed	135.732	63	0
#SusPed	135.752	60	0
#SusPed	135.773	57	0
#SusPed	135.792	55	0
#SusPed	135.813	53	0
#SusPed	135.832	50	0
#SusPed	135.853	46	0
#SusPed	135.872	42	0
#SusPed	135.892	40	0
#SusPed	135.913	40	0
#SusPed	135.971	39	0
#SusPed	136.289	40	0
#SusPed	136.465	41	0
#SusPed	136.564	42	0
#SusPed	136.623	42	0
#SusPed	136.643	43	0
#SusPed	136.663	44	0
#SusPed	136.752	46	0
#SusPed	136.773	49	0
#SusPed	136.793	50	0
#SusPed	136.812	50	0
#SusPed	136.831	51	0
#SusPed	136.852	55	0
#SusPed	136.873	60	0
#SusPed	136.892	63	0
#SusPed	136.913	64	0
#SusPed	136.932	66	0
#SusPed	136.951	68	0
#SusPed	136.971	70	0
#SusPed	136.992	73	0
#SusPed	137.012	76	0
#SusPed	137.03	79	0
#SusPed	137.05	85	0
#SusPed	137.071	93	0
#SusPed	137.09	106	0
#SusPed	137.11	127	0
#SusPed	137.565	87	0
#SusPed	137.586	71	0
#SusPed	137.606	63	0
#SusPed	137.626	59	0
#SusPed	137.645	56	0
#SusPed	137.665	54	0
#SusPed	137.685	51	0
#SusPed	137.704	49	0
#SusPed	137.734	47	0
#SusPed	137.754	46	0
#SusPed	137.774	44	0
#SusPed	137.794	42	0
#SusPed	137.814	38	0
#SusPed	137.832	36	0
#SusPed	138.151	37	0
#SusPed	138.369	37	0
#SusPed	138.605	38	0
#SusPed	138.684	38	0
#SusPed	138.813	39	0
#SusPed	138.852	39	0
#SusPed	139.526	38	0
#SusPed	139.545	38	0
#SusPed	139.565	37	0
#SusPed	139.585	36	0
#SusPed	139.605	34	0
#SusPed	139.625	33	0
#SusPed	139.684	34	0
#SusPed	139.704	39	0
#SusPed	139.733	46	0
#SusPed	139.753	51	0
#SusPed	139.772	55	0
#SusPed	139.792	57	0
#SusPed	139.812	59	0
#SusPed	139.832	61	0
#SusPed	139.852	63	0
#SusPed	139.872	65	0
#SusPed	139.892	67	0
#SusPed	139.913	69	0
#SusPed	139.931	72	0
#SusPed	139.951	74	0
#SusPed	139.971	77	0
#SusPed	139.991	80	0
#SusPed	140.011	82	0
#SusPed	140.03	84	0
#SusPed	140.049	86	0
#SusPed	140.071	90	0
#SusPed	140.091	96	0
#SusPed	140.111	107	0
#SusPed	140.129	127	0
#SusPed	140.466	110	0
#SusPed	140.486	102	0
#SusPed	140.505	98	0
#SusPed	140.525	91	0
#SusPed	140.545	82	0
#SusPed	140.565	75	0
#SusPed	140.586	68	0
#SusPed	140.604	64	0
#SusPed	140.624	61	0
#SusPed	140.644	57	0
#SusPed	140.664	53	0
#SusPed	140.684	51	0
#SusPed	140.704	50	0
#SusPed	140.773	49	0
#SusPed	140.832	50	0
#SusPed	140.853	51	0
#SusPed	140.911	51	0
#SusPed	140.931	52	0
#SusPed	141.229	52	0
#SusPed	141.644	53	0
#SusPed	141.753	53	0
#SusPed	142.03	53	0
#SusPed	142.069	52	0
#SusPed	142.567	53	0
#SusPed	142.586	53	0
#SusPed	142.606	54	0
#SusPed	142.626	56	0
#SusPed	142.645	57	0
#SusPed	142.666	57	0
#SusPed	142.686	58	0
#SusPed	142.704	59	0
#SusPed	142.734	61	0
#SusPed	142.754	63	0
#SusPed	142.774	64	0
#SusPed	142.794	64	0
#SusPed	142.814	65	0
#SusPed	142.835	66	0
#SusPed	142.854	68	0
#SusPed	142.873	71	0
#SusPed	142.893	73	0
#SusPed	142.913	74	0
#SusPed	142.933	76	0
#SusPed	142.953	78	0
#SusPed	142.971	80	0
#SusPed	142.992	81	0
#SusPed	143.012	81	0
#SusPed	143.03	82	0
#SusPed	143.05	85	0
#SusPed	143.071	89	0
#SusPed	143.091	93	0
#SusPed	143.11	95	0
#SusPed	143.129	96	0
#SusPed	143.169	96	0
#SusPed	143.21	97	0
#SusPed	143.269	96	0
#SusPed	143.29	94	0
#SusPed	143.31	92	0
#SusPed	143.329	91	0
#SusPed	143.349	90	0
#SusPed	143.369	89	0
#SusPed	143.388	85	0
#SusPed	143.408	78	0
#SusPed	143.427	72	0
#SusPed	143.447	67	0
#SusPed	143.467	64	0
#SusPed	143.487	63	0
#SusPed	143.505	62	0
#SusPed	143.525	61	0
#SusPed	143.545	61	0
#SusPed	143.604	60	0
#SusPed	143.623	60	0
#SusPed	143.733	59	0
#SusPed	144.406	60	0
#SusPed	144.426	60	0
#SusPed	144.446	61	0
#SusPed	144.466	63	0
#SusPed	144.486	64	0
#SusPed	144.507	65	0
#SusPed	144.525	66	0
#SusPed	144.545	68	0
#SusPed	144.565	70	0
#SusPed	144.585	72	0
#SusPed	144.605	75	0
#SusPed	144.624	79	0
#SusPed	144.643	82	0
#SusPed	144.664	85	0
#SusPed	144.683	88	0
#SusPed	144.702	92	0
#SusPed	144.733	97	0
#SusPed	144.752	101	0
#SusPed	144.772	104	0
#SusPed	144.792	108	0
#SusPed	144.812	114	0
#SusPed	144.832	127	0
#SusPed	145.149	106	0
#SusPed	145.167	82	0
#SusPed	145.187	69	0
#SusPed	145.207	63	0
#SusPed	145.226	63	0
#SusPed	145.246	64	0
#SusPed	145.266	65	0
#SusPed	145.286	68	0
#SusPed	145.306	73	0
#SusPed	145.326	80	0
#SusPed	145.346	85	0
#SusPed	145.367	88	0
#SusPed	145.385	89	0
#SusPed	145.406	90	0
#SusPed	145.426	91	0
#SusPed	145.447	94	0
#SusPed	145.465	98	0
#SusPed	145.485	101	0
#SusPed	145.505	103	0
#SusPed	145.525	105	0
#SusPed	145.545	107	0
#SusPed	145.565	109	0
#SusPed	145.583	110	0
#SusPed	145.644	110	0
#SusPed	145.664	111	0
#SusPed	145.684	112	0
#SusPed	145.773	113	0
#SusPed	145.792	113	0
#SusPed	145.831	114	0
#SusPed	145.871	115	0
#SusPed	146.05	114	0
#SusPed	146.069	110	0
#SusPed	146.089	104	0
#SusPed	146.109	100	0
#SusPed	146.128	96	0
#SusPed	146.149	92	0
#SusPed	146.168	85	0
#SusPed	146.187	79	0
#SusPed	146.207	73	0
#SusPed	146.227	70	0
#SusPed	146.246	68	0
#SusPed	146.266	66	0
#SusPed	146.286	63	0
#SusPed	146.307	61	0
#SusPed	146.325	59	0
#SusPed	146.345	57	0
#SusPed	146.366	54	0
#SusPed	146.385	50	0
#SusPed	146.405	46	0
#SusPed	146.424	46	0
#SusPed	146.465	47	0
#SusPed	146.485	50	0
#SusPed	146.505	54	0
#SusPed	146.526	58	0
#SusPed	146.545	61	0
#SusPed	146.564	64	0
#SusPed	146.585	66	0
#SusPed	146.604	68	0
#SusPed	146.623	72	0
#SusPed	146.643	76	0
#SusPed	146.663	82	0
#SusPed	146.683	92	0
#SusPed	146.703	113	0
#SusPed	146.732	127	0
#SusPed	147.168	87	0
#SusPed	147.188	68	0
#SusPed	147.207	60	0
#SusPed	147.228	53	0
#SusPed	147.248	49	0
#SusPed	147.266	46	0
#SusPed	147.286	45	0
#SusPed	147.307	44	0
#SusPed	147.345	43	0
#SusPed	147.366	42	0
#SusPed	147.386	41	0
#SusPed	147.585	42	0
#SusPed	147.605	42	0
#SusPed	147.683	43	0
#SusPed	147.703	43	0
#SusPed	147.793	44	0
#SusPed	147.813	45	0
#SusPed	147.891	45	0
#SusPed	147.97	46	0
#SusPed	147.991	46	0
#SusPed	148.009	47	0
#SusPed	148.089	47	0
#SusPed	148.168	49	0
#SusPed	148.188	49	0
#SusPed	148.208	50	0
#SusPed	148.248	51	0
#SusPed	148.267	53	0
#SusPed	148.286	54	0
#SusPed	148.327	54	0
#SusPed	148.347	57	0
#SusPed	148.366	60	0
#SusPed	148.386	63	0
#SusPed	148.424	63	0
#SusPed	148.445	65	0
#SusPed	148.465	68	0
#SusPed	148.484	75	0
#SusPed	148.504	85	0
#SusPed	148.524	102	0
#SusPed	148.543	127	0
#SusPed	148.991	97	0
#SusPed	149.01	77	0
#SusPed	149.029	66	0
#SusPed	149.049	60	0
#SusPed	149.07	59	0
#SusPed	149.09	57	0
#SusPed	149.108	56	0
#SusPed	149.128	53	0
#SusPed	149.149	49	0
#SusPed	149.168	47	0
#SusPed	149.188	46	0
#SusPed	149.207	46	0
#SusPed	149.227	44	0
#SusPed	149.247	40	0
#SusPed	149.267	38	0
#SusPed	149.288	38	0
#SusPed	149.307	36	0
#SusPed	149.327	29	0
#SusPed	149.346	0	0
#SusPed	150.445	32	0
#SusPed	150.465	53	0
#SusPed	150.485	57	0
#SusPed	150.525	59	0
#SusPed	150.545	65	0
#SusPed	150.564	72	0
#SusPed	150.583	80	0
#SusPed	150.604	82	0
#SusPed	150.623	84	0
#SusPed	150.642	97	0
#SusPed	150.663	127	0
#SusPed	151.207	97	0
#SusPed	151.228	77	0
#SusPed	151.248	65	0
#SusPed	151.267	58	0
#SusPed	151.288	50	0
#SusPed	151.307	43	0
#SusPed	151.326	27	0
#SusPed	151.346	0	0
#SusPed	152.872	37	0
#SusPed	152.891	51	0
#SusPed	152.911	51	0
#SusPed	152.952	53	0
#SusPed	152.97	58	0
#SusPed	152.991	62	0
#SusPed	153.011	63	0
#SusPed	153.029	64	0
#SusPed	153.049	66	0
#SusPed	153.07	69	0
#SusPed	153.089	74	0
#SusPed	153.109	80	0
#SusPed	153.128	85	0
#SusPed	153.148	90	0
#SusPed	153.168	101	0
#SusPed	153.188	127	0
#SusPed	153.871	107	0
#SusPed	153.89	95	0
#SusPed	153.91	86	0
#SusPed	153.932	80	0
#SusPed	153.952	73	0
#SusPed	153.97	67	0
#SusPed	153.991	63	0
#SusPed	154.011	60	0
#SusPed	154.031	55	0
#SusPed	154.05	51	0
#SusPed	154.07	47	0
#SusPed	154.09	45	0
#SusPed	154.109	45	0
#SusPed	154.168	45	0
#SusPed	154.188	48	0
#SusPed	154.208	52	0
#SusPed	154.227	55	0
#SusPed	154.247	56	0
#SusPed	154.288	58	0
#SusPed	154.307	62	0
#SusPed	154.327	63	0
#SusPed	154.386	65	0
#SusPed	154.406	68	0
#SusPed	154.426	71	0
#SusPed	154.446	72	0
#SusPed	154.486	74	0
#SusPed	154.504	77	0
#SusPed	154.525	84	0
#SusPed	154.545	91	0
#SusPed	154.565	96	0
#SusPed	154.585	101	0
#SusPed	154.604	111	0
#SusPed	154.624	127	0
#SusPed	155.891	99	0
#SusPed	155.911	74	0
#SusPed	155.93	64	0
#SusPed	155.95	60	0
#SusPed	155.97	56	0
#SusPed	155.989	52	0
#SusPed	156.01	50	0
#SusPed	156.048	51	0
#SusPed	156.07	53	0
#SusPed	156.09	54	0
#SusPed	156.11	55	0
#SusPed	156.13	56	0
#SusPed	156.15	59	0
#SusPed	156.169	59	0
#SusPed	156.248	61	0
#SusPed	156.267	61	0
#SusPed	156.326	62	0
#SusPed	156.346	63	0
#SusPed	156.367	63	0
#SusPed	156.425	64	0
#SusPed	156.446	64	0
#SusPed	156.465	65	0
#SusPed	156.485	65	0
#SusPed	156.544	66	0
#SusPed	156.564	67	0
#SusPed	156.585	67	0
#SusPed	156.624	68	0
#SusPed	156.683	69	0
#SusPed	156.703	69	0
#SusPed	156.732	70	0
#SusPed	156.791	70	0
#SusPed	156.811	71	0
#SusPed	156.831	71	0
#SusPed	156.87	72	0
#SusPed	156.89	73	0
#SusPed	156.91	74	0
#SusPed	157.01	75	0
#SusPed	157.029	75	0
#SusPed	157.049	76	0
#SusPed	157.069	76	0
#SusPed	157.109	77	0
#SusPed	157.149	78	0
#SusPed	157.249	79	0
#SusPed	157.268	80	0
#SusPed	157.288	82	0
#SusPed	157.308	83	0
#SusPed	157.387	84	0
#SusPed	157.407	86	0
#SusPed	157.425	87	0
#SusPed	157.485	88	0
#SusPed	157.504	88	0
#SusPed	157.583	89	0
#SusPed	157.603	89	0
#SusPed	157.664	90	0
#SusPed	157.682	91	0
#SusPed	157.702	93	0
#SusPed	157.731	93	0
#SusPed	157.792	94	0
#SusPed	157.81	95	0
#SusPed	157.889	95	0
#SusPed	157.969	97	0
#SusPed	157.989	99	0
#SusPed	158.009	100	0
#SusPed	158.029	101	0
#SusPed	158.049	100	0
#SusPed	158.208	101	0
#SusPed	158.386	102	0
#SusPed	158.406	104	0
#SusPed	158.524	104	0
#SusPed	159.167	105	0
#SusPed	159.307	104	0
#SusPed	159.327	104	0
#SusPed	159.406	103	0
#SusPed	159.426	101	0
#SusPed	159.446	99	0
#SusPed	159.524	97	0
#SusPed	159.544	95	0
#SusPed	159.563	95	0
#SusPed	159.583	95	0
#SusPed	159.622	94	0
#SusPed	159.642	94	0
#SusPed	159.663	93	0
#SusPed	159.702	92	0
#SusPed	159.732	91	0
#SusPed	159.752	90	0
#SusPed	159.791	89	0
#SusPed	159.811	88	0
#SusPed	159.83	86	0
#SusPed	159.851	85	0
#SusPed	159.871	86	0
#SusPed	159.909	85	0
#SusPed	159.93	85	0
#SusPed	160.009	84	0
#SusPed	160.028	83	0
#SusPed	160.107	82	0
#SusPed	160.127	81	0
#SusPed	160.206	81	0
#SusPed	160.266	80	0
#SusPed	160.286	80	0
#SusPed	160.306	79	0
#SusPed	160.367	79	0
#SusPed	160.385	77	0
#SusPed	160.405	76	0
#SusPed	160.465	76	0
#SusPed	160.485	75	0
#SusPed	160.505	74	0
#SusPed	160.525	74	0
#SusPed	160.583	73	0
#SusPed	160.604	73	0
#SusPed	160.663	72	0
#SusPed	160.683	70	0
#SusPed	160.703	68	0
#SusPed	160.732	68	0
#SusPed	160.909	67	0
#SusPed	160.988	66	0
#SusPed	161.009	65	0
#SusPed	161.029	64	0
#SusPed	161.048	65	0
#SusPed	161.067	65	0
#SusPed	161.088	65	0
#SusPed	161.107	64	0
#SusPed	161.148	65	0
#SusPed	161.186	64	0
#SusPed	161.206	63	0
#SusPed	161.227	62	0
#SusPed	161.246	63	0
#SusPed	161.285	62	0
#SusPed	161.305	62	0
#SusPed	161.345	62	0
#SusPed	161.366	62	0
#SusPed	161.385	61	0
#SusPed	161.405	60	0
#SusPed	161.484	58	0
#SusPed	161.504	57	0
#SusPed	161.544	56	0
#SusPed	161.563	53	0
#SusPed	161.582	48	0
#SusPed	161.603	42	0
#SusPed	161.622	37	0
#SusPed	161.641	33	0
#SusPed	161.661	28	0
#SusPed	161.682	24	0
#SusPed	161.702	19	0
#SusPed	161.731	15	0
#SusPed	161.751	13	0
#SusPed	161.791	12	0
#SusPed	161.811	11	0
#SusPed	162.047	12	0
#SusPed	162.067	15	0
#SusPed	162.088	17	0
#SusPed	162.106	17	0
#SusPed	162.165	18	0
#SusPed	162.185	21	0
#SusPed	162.205	22	0
#SusPed	162.226	23	0
#SusPed	162.264	23	0
#SusPed	162.284	24	0
#SusPed	162.304	24	0
#SusPed	162.404	25	0
#SusPed	162.423	25	0
#SusPed	162.442	26	0
#SusPed	162.483	26	0
#SusPed	162.544	28	0
#SusPed	162.563	30	0
#SusPed	162.623	31	0
#SusPed	162.643	33	0
#SusPed	162.664	34	0
#SusPed	162.682	35	0
#SusPed	162.751	35	0
#SusPed	162.772	37	0
#SusPed	162.851	38	0
#SusPed	162.87	39	0
#SusPed	162.89	40	0
#SusPed	162.969	41	0
#SusPed	162.989	42	0
#SusPed	163.009	43	0
#SusPed	163.168	43	0
#SusPed	163.188	44	0
#SusPed	163.265	44	0
#SusPed	163.285	45	0
#SusPed	163.385	45	0
#SusPed	163.445	46	0
#SusPed	163.463	46	0
#SusPed	163.483	47	0
#SusPed	163.733	48	0
