// alignID alignOntime alignSitch alignPitch alignOnvel refID refOntime refSitch refPitch refOnvel
0	0.511753	B2	47	60	0	0	B2	47	80	
1	0.662394	B3	59	68	1	0.125	B3	59	80	
2	0.811967	C#4	61	72	2	0.25	C#4	61	80	
3	0.94124	Eb4	63	70	3	0.375	Eb4	63	80	
4	1.06838	E4	64	78	4	0.5	E4	64	80	
5	1.20513	F#4	66	70	5	0.625	F#4	66	80	
6	1.33333	G#4	68	71	6	0.75	G#4	68	80	
7	1.46261	Bb4	70	67	7	0.875	Bb4	70	80	
8	1.56945	B4	71	75	8	1	B4	71	80	
9	1.63462	Bb4	70	80	9	1.06146	Bb4	70	80	
10	1.7094	B4	71	73	10	1.12396	B4	71	80	
11	1.75321	B3	59	50	11	1.125	B3	59	80	
12	1.86432	Bb3	58	60	12	1.25	Bb3	58	80	
13	1.99252	C#5	73	74	13	1.375	C#5	73	80	
14	2.00107	G#3	56	59	14	1.375	G#3	56	80	
15	2.11966	F#3	54	70	16	1.5	F#3	54	80	
16	2.12393	Eb5	75	75	15	1.5	C#5	73	80	
17	2.23398	Eb5	75	59	17	1.56146	Eb5	75	80	
18	2.24787	C#5	73	54	18	1.62396	C#5	73	80	
19	2.27564	E3	52	51	19	1.625	E3	52	80	
20	2.34616	Eb5	75	78	20	1.6875	Eb5	75	80	
21	2.36432	Eb3	51	59	22	1.75	Eb3	51	80	
22	2.39103	C#5	73	67	21	1.74896	C#5	73	80	
23	2.47329	C#3	49	60	25	1.875	C#3	49	80	
24	2.48932	B4	71	69	24	1.875	B4	71	80	
25	2.5374	C#5	73	54	26	1.9375	C#5	73	80	
26	2.63248	B2	47	51	28	2	B2	47	80	
27	2.63355	Eb5	75	78	27	2	Eb5	75	80	
28	2.77671	Bb4	70	75	29	2.125	Bb4	70	80	
29	2.91133	B4	71	80	30	2.25	B4	71	80	
30	3.04381	Eb5	75	79	31	2.375	Eb5	75	80	
31	3.13676	Eb3	51	70	34	2.56146	Eb3	51	80	
32	3.16667	E5	76	73	32	2.5	E5	76	80	
33	3.21902	C#3	49	59	35	2.62396	C#3	49	80	
34	3.27458	Eb3	51	59	37	2.6875	Eb3	51	80	
35	3.28099	Bb4	70	74	36	2.625	Bb4	70	80	
36	3.35043	C#3	49	60	38	2.74896	C#3	49	80	
37	3.40064	B4	71	70	39	2.75	B4	71	80	
38	3.52458	B2	47	49	42	2.875	B2	47	80	
39	3.52992	E5	76	71	41	2.875	E5	76	80	
40	3.56411	C#3	49	53	43	2.9375	C#3	49	80	
41	3.67842	F#5	78	81	44	3	F#5	78	80	
42	3.68483	Eb3	51	77	45	3	Eb3	51	80	
43	3.80663	B4	71	79	46	3.125	B4	71	80	
44	3.94765	G#5	80	84	47	3.25	G#5	80	80	
45	4.07906	F#5	78	79	48	3.375	F#5	78	80	
46	4.09295	E3	52	65	51	3.5	E3	52	80	
47	4.22116	F#3	54	62	52	3.56146	F#3	54	80	
48	4.22436	E5	76	77	50	3.5	E5	76	80	
49	4.27671	E3	52	67	53	3.62396	E3	52	80	
50	4.34188	Eb5	75	76	54	3.625	Eb5	75	80	
51	4.34723	F#3	54	55	55	3.6875	F#3	54	80	
52	4.40492	E3	52	60	56	3.74896	E3	52	80	
53	4.46047	C#5	73	71	57	3.75	C#5	73	80	
54	4.4765	Eb3	51	70	60	3.875	Eb3	51	80	
55	4.56304	E3	52	64	61	3.9375	E3	52	80	
56	4.57693	B4	71	70	59	3.875	B4	71	80	
57	4.72864	Bb4	70	59	62	4	Bb4	70	80	
58	4.73291	F#3	54	65	63	4	F#3	54	80	
59	4.85898	F4	65	58	64	4.125	F4	65	80	
60	5.00107	Bb3	58	66	66	4.25	Bb3	58	80	
61	5.00962	F#4	66	56	65	4.25	F#4	66	80	
62	5.1453	C#5	73	60	67	4.375	C#5	73	80	
63	5.28419	C#4	61	64	69	4.5	C#4	61	80	
64	5.30449	Bb4	70	60	68	4.5	Bb4	70	80	
65	5.42522	C#5	73	58	70	4.625	C#5	73	80	
66	5.58227	F#4	66	57	71	4.75	F#4	66	80	
67	5.58654	Bb3	58	53	72	4.75	Bb3	58	80	
68	5.70834	C#5	73	64	73	4.875	C#5	73	80	
69	5.83761	F#3	54	55	75	5	F#3	54	80	
70	5.84936	Bb4	70	60	74	5	Bb4	70	80	
71	5.97543	F4	65	56	76	5.125	F4	65	80	
72	6.11219	Bb3	58	54	78	5.25	Bb3	58	80	
73	6.1218	F#4	66	60	77	5.25	F#4	66	80	
74	6.25107	C#5	73	61	79	5.375	C#5	73	80	
75	6.38462	C#4	61	60	81	5.5	C#4	61	80	
76	6.42095	Bb4	70	59	80	5.5	Bb4	70	80	
77	6.54488	C#5	73	59	82	5.625	C#5	73	80	
78	6.67201	E3	52	54	84	5.75	E3	52	80	
79	6.67843	F#4	66	56	83	5.75	F#4	66	80	
80	6.80449	C#5	73	62	85	5.875	C#5	73	80	
81	6.93911	B4	71	63	86	6	B4	71	80	
82	6.94979	Eb3	51	60	87	6	Eb3	51	80	
83	7.0812	F4	65	57	88	6.125	F4	65	80	
84	7.21155	B3	59	59	90	6.25	B3	59	80	
85	7.22009	F#4	66	63	89	6.25	F#4	66	80	
86	7.34082	Eb5	75	60	91	6.375	Eb5	75	80	
87	7.49467	Eb4	63	64	93	6.5	Eb4	63	80	
88	7.50535	B4	71	62	92	6.5	B4	71	80	
89	7.63783	Eb5	75	60	94	6.625	Eb5	75	80	
90	7.76603	B3	59	63	96	6.75	B3	59	80	
91	7.77672	F#4	66	58	95	6.75	F#4	66	80	
92	7.9092	Eb5	75	64	97	6.875	Eb5	75	80	
93	8.03206	F#3	54	62	99	7	F#3	54	80	
94	8.04061	B4	71	59	98	7	B4	71	80	
95	8.17415	F4	65	55	100	7.125	F4	65	80	
96	8.30663	B3	59	59	102	7.25	B3	59	80	
97	8.31732	F#4	66	62	101	7.25	F#4	66	80	
98	8.45514	Eb5	75	64	103	7.375	Eb5	75	80	
99	8.59296	Eb4	63	68	105	7.5	Eb4	63	80	
100	8.59296	B4	71	70	104	7.5	B4	71	80	
101	8.72864	Eb5	75	75	106	7.625	Eb5	75	80	
102	8.85471	B3	59	74	108	7.75	B3	59	80	
103	8.86326	F#4	66	74	107	7.75	F#4	66	80	
104	8.99146	Eb5	75	80	109	7.875	Eb5	75	80	
105	9.1218	Bb2	46	70	111	8	Bb2	46	80	
106	9.14317	C#5	73	73	110	8	C#5	73	80	
107	9.26924	F4	65	73	112	8.125	F4	65	80	
108	9.42095	C#4	61	71	114	8.25	C#4	61	80	
109	9.42415	F#4	66	73	113	8.25	F#4	66	80	
110	9.56091	E5	76	66	115	8.375	E5	76	80	
111	9.68056	E4	64	71	117	8.5	E4	64	80	
112	9.6998	C#5	73	73	116	8.5	C#5	73	80	
113	9.8248	E5	76	57	118	8.625	E5	76	80	
114	9.95193	C#4	61	70	120	8.75	C#4	61	80	
115	9.96155	Bb4	70	60	119	8.75	Bb4	70	80	
116	10.0737	E5	76	59	121	8.875	E5	76	80	
117	10.2233	Bb3	58	69	123	9	Bb3	58	80	
118	10.2351	C#5	73	65	122	9	C#5	73	80	
119	10.3622	F4	65	62	124	9.125	F4	65	80	
120	10.5021	C#4	61	70	126	9.25	C#4	61	80	
121	10.5192	F#4	66	67	125	9.25	F#4	66	80	
122	10.6677	E5	76	61	127	9.375	E5	76	80	
123	10.7735	Bb3	58	65	129	9.5	Bb3	58	80	
124	10.797	C#5	73	69	128	9.5	C#5	73	80	
125	10.9113	E5	76	64	130	9.625	E5	76	80	
126	11.0481	F#3	54	64	132	9.75	F#3	54	80	
127	11.0566	Bb4	70	66	131	9.75	Bb4	70	80	
128	11.1816	E5	76	69	133	9.875	E5	76	80	
129	11.3205	Eb5	75	71	134	10	Eb5	75	80	
130	11.3291	B2	47	66	135	10	B2	47	80	
131	11.4669	Bb4	70	67	136	10.125	Bb4	70	80	
132	11.5898	B4	71	69	137	10.25	B4	71	80	
133	11.5962	Eb4	63	67	138	10.25	Eb4	63	80	
134	11.7254	F#5	78	72	139	10.375	F#5	78	80	
135	11.8601	F#4	66	73	141	10.5	F#4	66	80	
136	11.8697	Eb5	75	71	140	10.5	Eb5	75	80	
137	12.0021	F#5	78	74	142	10.625	F#5	78	80	
138	12.1218	B4	71	71	143	10.75	B4	71	80	
139	12.1271	Eb4	63	74	144	10.75	Eb4	63	80	
140	12.2639	F#5	78	81	145	10.875	F#5	78	80	
141	12.4039	B3	59	78	147	11	B3	59	80	
142	12.4092	Eb5	75	79	146	11	Eb5	75	80	
143	12.546	Bb4	70	77	148	11.125	Bb4	70	80	
144	12.6656	Eb4	63	87	150	11.25	Eb4	63	80	
145	12.6816	B4	71	78	149	11.25	B4	71	80	
146	12.8045	F#5	78	79	151	11.375	F#5	78	80	
147	12.9338	Eb5	75	84	152	11.5	Eb5	75	80	
148	12.9391	B3	59	75	153	11.5	B3	59	80	
149	13.0556	F#5	78	83	154	11.625	F#5	78	80	
150	13.1987	F#3	54	65	156	11.75	F#3	54	80	
151	13.2083	B4	71	83	155	11.75	B4	71	80	
152	13.3205	F#5	78	86	157	11.875	F#5	78	80	
153	13.4765	Eb3	51	56	159	12	Eb3	51	80	
154	13.484	A5	81	79	158	12	A5	81	80	
155	13.6111	E5	76	78	160	12.125	E5	76	80	
156	13.7532	F#5	78	84	161	12.25	F#5	78	80	
157	13.7564	B3	59	42	162	12.25	B3	59	80	
158	13.8504	A5	81	76	163	12.375	A5	81	80	
159	14.0022	Eb5	75	85	164	12.5	Eb5	75	80	
160	14.0054	F#3	54	60	165	12.5	F#3	54	80	
161	14.1346	F#5	78	80	166	12.625	F#5	78	80	
162	14.2618	Eb3	51	57	168	12.75	Eb3	51	80	
163	14.2714	B4	71	77	167	12.75	B4	71	80	
164	14.391	F#5	78	82	169	12.875	F#5	78	80	
165	14.5438	A5	81	77	170	13	A5	81	80	
166	14.5513	B2	47	51	171	13	B2	47	80	
167	14.672	F#5	78	82	172	13.125	F#5	78	80	
168	14.8024	E5	76	77	173	13.25	E5	76	80	
169	14.8034	F#3	54	53	174	13.25	F#3	54	80	
170	14.9231	Eb5	75	77	175	13.375	Eb5	75	80	
171	15.0705	E5	76	68	176	13.5	E5	76	80	
172	15.0727	B3	59	47	177	13.5	B3	59	80	
173	15.2041	Eb5	75	74	178	13.625	Eb5	75	80	
174	15.3323	C#5	73	70	179	13.75	C#5	73	80	
175	15.3451	F#3	54	46	180	13.75	Eb3	51	80	
176	15.4541	B4	71	69	181	13.875	B4	71	80	
177	15.609	G#5	80	68	182	14	G#5	80	80	
178	15.6261	E3	52	52	183	14	E3	52	80	
179	15.7457	E5	76	70	184	14.125	E5	76	80	
180	15.8772	Eb5	75	77	185	14.25	Eb5	75	80	
181	15.8846	G#3	56	68	186	14.25	G#3	56	80	
182	16.0022	C#5	73	75	187	14.375	C#5	73	80	
183	16.1421	Bb2	46	67	189	14.5	Bb2	46	80	
184	16.1549	Eb5	75	86	188	14.5	Eb5	75	80	
185	16.2821	C#5	73	80	190	14.625	C#5	73	80	
186	16.4306	G#3	56	78	192	14.75	G#3	56	80	
187	16.4316	B4	71	79	191	14.75	B4	71	80	
188	16.5545	Bb4	70	75	193	14.875	Bb4	70	80	
189	16.6966	Eb3	51	74	195	15	Eb3	51	80	
190	16.6977	F#5	78	76	194	15	F#5	78	80	
191	16.8301	Eb5	75	78	196	15.125	Eb5	75	80	
192	16.9594	C#5	73	73	197	15.25	C#5	73	80	
193	16.9658	F#3	54	79	198	15.25	F#3	54	80	
194	17.0844	B4	71	74	199	15.375	B4	71	80	
195	17.2276	C#5	73	75	200	15.5	C#5	73	80	
196	17.2308	G#2	44	57	201	15.5	G#2	44	80	
197	17.359	B4	71	71	202	15.625	B4	71	80	
198	17.4904	F#3	54	72	204	15.75	F#3	54	80	
199	17.4989	Bb4	70	70	203	15.75	Bb4	70	80	
200	17.6218	G#4	68	68	205	15.875	G#4	68	80	
201	17.7511	C#3	49	62	207	16	C#3	49	80	
202	17.765	E5	76	73	206	16	E5	76	80	
203	17.8804	Eb3	51	75	209	16.125	Eb3	51	80	
204	17.8932	Eb5	75	75	208	16.125	Eb5	75	80	
205	18.0064	E3	52	65	211	16.25	E3	52	80	
206	18.0267	C#5	73	74	210	16.25	C#5	73	80	
207	18.1293	F#3	54	76	213	16.375	F#3	54	80	
208	18.14	Eb5	75	81	212	16.375	Eb5	75	80	
209	18.2746	G#3	56	69	215	16.5	G#3	56	80	
210	18.2778	E5	76	83	214	16.5	E5	76	80	
211	18.3878	Bb3	58	77	216	16.625	Bb3	58	80	
212	18.5417	B3	59	73	218	16.75	B3	59	80	
213	18.5449	G#4	68	71	217	16.75	G#4	68	80	
214	18.6539	G#3	56	76	219	16.875	G#3	56	80	
215	18.812	Bb3	58	81	221	17	Bb3	58	80	
216	18.8195	F#4	66	75	220	17	F#4	66	80	
217	18.9477	G#4	68	75	222	17.125	G#4	68	80	
218	19.0705	Bb4	70	75	223	17.25	Bb4	70	80	
219	19.0972	C#4	61	78	224	17.25	C#4	61	80	
220	19.2019	B4	71	67	225	17.375	B4	71	80	
221	19.344	C#5	73	80	226	17.5	C#5	73	80	
222	19.3462	Bb3	58	87	227	17.5	Bb3	58	80	
223	19.4765	Eb5	75	85	228	17.625	Eb5	75	80	
224	19.5951	F#3	54	92	230	17.75	F#3	54	80	
225	19.6101	E5	76	77	229	17.75	E5	76	80	
226	19.6848	C#5	73	76	231	17.875	C#5	73	80	
227	19.859	B3	59	98	233	18	B3	59	80	
228	19.859	Eb5	75	81	232	18	Eb5	75	80	
229	19.9819	E5	76	77	234	18.125	E5	76	80	
230	20.1133	B2	47	93	236	18.25	B2	47	80	
231	20.1314	Eb5	75	92	235	18.25	Eb5	75	80	
232	20.25	C#5	73	68	237	18.375	C#5	73	80	
233	20.39	B3	59	76	239	18.5	B3	59	80	
234	20.391	B4	71	81	238	18.5	B4	71	80	
235	20.4092	Bb3	58	84	240	18.5625	Bb3	58	80	
236	20.4851	B3	59	87	242	18.625	B3	59	80	
237	20.5182	Bb4	70	73	241	18.625	Bb4	70	80	
238	20.6581	G#4	68	74	243	18.75	G#4	68	80	
239	20.7906	F#4	66	77	244	18.875	F#4	66	80	
240	20.9252	F4	65	80	245	19	F4	65	80	
241	21.0428	Bb3	58	73	247	19.125	Bb3	58	80	
242	21.0449	C#4	61	80	246	19.125	C#4	61	80	
243	21.1806	G#3	56	77	249	19.25	G#3	56	80	
244	21.187	F4	65	70	248	19.25	F4	65	80	
245	21.312	F#3	54	69	251	19.375	F#3	54	80	
246	21.3195	G#4	68	77	250	19.375	G#4	68	80	
247	21.4594	F3	53	79	253	19.5	F3	53	80	
248	21.4626	C#5	73	78	252	19.5	C#5	73	80	
249	21.5823	C#3	49	68	254	19.625	C#3	49	80	
250	21.7212	F3	53	72	255	19.75	F3	53	80	
251	21.843	G#3	56	75	256	19.875	G#3	56	80	
252	21.9851	Bb3	58	78	257	20	Bb3	58	80	
253	22.0994	B4	71	63	258	20.125	B4	71	80	
254	22.2436	C#4	61	70	260	20.25	C#4	61	80	
255	22.249	Bb4	70	68	259	20.25	Bb4	70	80	
256	22.3622	G#4	68	76	261	20.375	G#4	68	80	
257	22.5203	F#4	66	79	262	20.5	F#4	66	80	
258	22.5225	Eb3	51	71	263	20.5	Eb3	51	80	
259	22.6475	F4	65	79	264	20.625	F4	65	80	
260	22.781	F#3	54	77	266	20.75	F#3	54	80	
261	22.7981	Eb4	63	80	265	20.75	Eb4	63	80	
262	22.906	C#5	73	73	267	20.875	C#5	73	80	
263	23.0481	G#3	56	75	269	21	G#3	56	80	
264	23.062	B4	71	75	268	21	B4	71	80	
265	23.1945	Bb4	70	76	270	21.125	Bb4	70	80	
266	23.312	B3	59	70	272	21.25	B3	59	80	
267	23.3152	G#4	68	75	271	21.25	G#4	68	80	
268	23.4487	F#4	66	71	273	21.375	F#4	66	80	
269	23.5887	C#3	49	70	275	21.5	C#3	49	80	
270	23.5898	F4	65	74	274	21.5	F4	65	80	
271	23.7084	Eb4	63	71	276	21.625	Eb4	63	80	
272	23.844	F3	53	71	279	21.75	F3	53	80	
273	23.8526	C#4	61	77	277	21.75	C#4	61	80	
274	23.9861	B4	71	72	280	21.875	B4	71	80	
275	24.1069	F#3	54	66	283	22	F#3	54	80	
276	24.1079	Bb4	70	74	282	22	Bb4	70	80	
277	24.1186	F#4	66	65	281	22	F#4	66	80	
278	24.2351	F#2	42	63	284	22.125	F#2	42	80	
279	24.3697	G#2	44	67	285	22.25	G#2	44	80	
280	24.5043	Bb2	46	73	286	22.375	Bb2	46	80	
281	24.64	B2	47	69	287	22.5	B2	47	80	
282	24.7607	C#3	49	69	288	22.625	C#3	49	80	
283	24.8943	Eb3	51	74	289	22.75	Eb3	51	80	
284	25.0203	F3	53	67	290	22.875	F3	53	80	
285	25.1539	F#3	54	67	291	23	F#3	54	80	
286	25.2992	G#3	56	56	292	23.125	G#3	56	80	
287	25.3643	C#5	73	60	293	23.25	C#5	73	80	
288	25.3729	Bb4	70	58	294	23.25	Bb4	70	80	
289	25.4391	F#3	54	56	295	23.25	F#3	54	80	
290	25.5823	E3	52	55	296	23.375	E3	52	80	
291	25.6731	C5	72	65	298	23.5	C5	72	80	
292	25.6731	F#5	78	63	297	23.5	F#5	78	80	
293	25.7158	Eb3	51	58	299	23.5	Eb3	51	80	
294	25.8366	G#3	56	53	300	23.625	G#3	56	80	
295	25.9359	Eb5	75	73	301	23.75	Eb5	75	80	
296	25.9519	F#3	54	59	302	23.75	F#3	54	80	
297	26.0898	G#3	56	49	303	23.875	G#3	56	80	
298	26.2073	E5	76	68	304	24	E5	76	80	
299	26.2126	C#5	73	60	305	24	C#5	73	80	
300	26.2169	C#3	49	56	306	24	C#3	49	80	
301	26.3398	Eb3	51	59	307	24.125	Eb3	51	80	
302	26.4936	E3	52	52	309	24.25	E3	52	80	
303	26.5011	G#4	68	62	308	24.25	G#4	68	80	
304	26.6293	C#3	49	52	310	24.375	C#3	49	80	
305	26.7661	F#3	54	58	312	24.5	F#3	54	80	
306	26.7778	A4	69	72	311	24.5	A4	69	80	
307	26.9007	E3	52	58	313	24.625	E3	52	80	
308	27.0406	Eb3	51	67	315	24.75	Eb3	51	80	
309	27.0406	Bb4	70	67	314	24.75	Bb4	70	80	
310	27.172	C#3	49	57	316	24.875	C#3	49	80	
311	27.3291	B4	71	73	317	25	B4	71	80	
312	27.3344	B2	47	56	318	25	B2	47	80	
313	27.4819	C#3	49	58	319	25.125	C#3	49	80	
314	27.6101	B2	47	57	321	25.25	B2	47	80	
315	27.6122	Eb5	75	71	320	25.25	Eb5	75	80	
316	27.7618	Bb2	46	56	322	25.375	Bb2	46	80	
317	27.906	E5	76	75	323	25.5	E5	76	80	
318	27.9146	G#2	44	61	324	25.5	G#2	44	80	
319	28.0502	C#3	49	62	325	25.625	C#3	49	80	
320	28.1784	F5	77	82	326	25.75	F5	77	80	
321	28.1795	B2	47	64	327	25.75	B2	47	80	
322	28.312	C#3	49	70	328	25.875	C#3	49	80	
323	28.4669	F#2	42	68	330	26	F#2	42	80	
324	28.4861	F#5	78	83	329	26	F#5	78	80	
325	28.6122	C#3	49	64	331	26.125	C#3	49	80	
326	28.749	F#3	54	67	333	26.25	F#3	54	80	
327	28.7799	Bb4	70	75	332	26.25	Bb4	70	80	
328	28.8878	E3	52	68	334	26.375	E3	52	80	
329	29.0321	Eb3	51	70	336	26.5	Eb3	51	80	
330	29.0481	B4	71	84	335	26.5	B4	71	80	
331	29.1752	G#3	56	71	337	26.625	G#3	56	80	
332	29.3173	C5	72	87	338	26.75	C5	72	80	
333	29.3205	F#3	54	68	339	26.75	F#3	54	80	
334	29.4669	G#3	56	68	340	26.875	G#3	56	80	
335	29.6111	C#5	73	89	341	27	C#5	73	80	
336	29.6154	C#3	49	60	342	27	C#3	49	80	
337	29.7372	Eb3	51	73	343	27.125	Eb3	51	80	
338	29.875	F5	77	90	344	27.25	F5	77	80	
339	29.8932	C#3	49	69	345	27.25	C#3	49	80	
340	30.0214	B2	47	66	346	27.375	B2	47	80	
341	30.156	F#5	78	94	347	27.5	F#5	78	80	
342	30.1699	Bb2	46	70	348	27.5	Bb2	46	80	
343	30.3002	Eb3	51	74	349	27.625	Eb3	51	80	
344	30.4359	G5	79	88	350	27.75	G5	79	80	
345	30.4487	C#3	49	72	351	27.75	C#3	49	80	
346	30.5887	Eb3	51	84	352	27.875	Eb3	51	80	
347	30.719	G#5	80	90	353	28	G#5	80	80	
348	30.7372	G#2	44	76	354	28	G#2	44	80	
349	30.8697	C#5	73	78	355	28.125	C#5	73	80	
350	31.0022	Eb3	51	76	357	28.25	Eb3	51	80	
351	31.0075	B4	71	79	356	28.25	B4	71	80	
352	31.1314	Bb4	70	69	358	28.375	Bb4	70	80	
353	31.2757	G#3	56	79	360	28.5	G#3	56	80	
354	31.2799	B4	71	78	359	28.5	B4	71	80	
355	31.4103	Eb5	75	80	361	28.625	Eb5	75	80	
356	31.5502	G#5	80	81	362	28.75	G#5	80	80	
357	31.5609	B2	47	79	363	28.75	B2	47	80	
358	31.6784	F#5	78	74	364	28.875	F#5	78	80	
359	31.8152	E5	76	81	365	29	E5	76	80	
360	31.8205	C#3	49	81	366	29	C#3	49	80	
361	31.9562	Eb5	75	83	367	29.125	Eb5	75	80	
362	32.094	Eb3	51	68	369	29.25	Eb3	51	80	
363	32.0994	C#5	73	83	368	29.25	C#5	73	80	
364	32.2265	B4	71	82	370	29.375	B4	71	80	
365	32.3665	E3	52	81	372	29.5	E3	52	80	
366	32.3676	Bb4	70	81	371	29.5	Bb4	70	80	
367	32.4146	G2	43	9	*	-1	*	-1	-1	
368	32.5171	B4	71	87	373	29.625	B4	71	80	
369	32.6528	Bb2	46	73	375	29.75	Bb2	46	80	
370	32.6528	C#5	73	82	374	29.75	C#5	73	80	
371	32.7767	G#4	68	82	376	29.875	G#4	68	80	
372	32.9178	Eb3	51	81	378	30	Eb3	51	80	
373	32.9285	G4	67	83	377	30	G4	67	80	
374	33.046	G#4	68	84	379	30.125	G#4	68	80	
375	33.1849	Bb4	70	87	380	30.25	Bb4	70	80	
376	33.1881	C#3	49	67	381	30.25	C#3	49	80	
377	33.312	E4	64	79	382	30.375	E4	64	80	
378	33.4616	B2	47	70	384	30.5	B2	47	80	
379	33.4755	Eb4	63	80	383	30.5	Eb4	63	80	
380	33.6122	C#4	61	83	385	30.625	C#4	61	80	
381	33.7372	G2	43	75	387	30.75	G2	43	80	
382	33.7372	B3	59	77	386	30.75	B3	59	80	
383	33.8515	Bb3	58	79	388	30.875	Bb3	58	80	
384	33.9947	B3	59	81	389	31	B3	59	80	
385	34.0054	G#2	44	74	390	31	G#2	44	80	
386	34.1272	Eb4	63	80	391	31.125	Eb4	63	80	
387	34.2629	G#4	68	88	392	31.25	G#4	68	80	
388	34.2735	E2	40	74	393	31.25	E2	40	80	
389	34.4049	B3	59	76	394	31.375	B3	59	80	
390	34.5332	C#2	37	75	396	31.5	C#2	37	80	
391	34.5577	Bb3	58	84	395	31.5	Bb3	58	80	
392	34.6955	G#4	68	80	397	31.625	G#4	68	80	
393	34.8056	Eb2	39	81	399	31.75	Eb2	39	80	
394	34.8323	Bb3	58	81	398	31.75	Bb3	58	80	
395	34.9552	G4	67	79	400	31.875	G4	67	80	
396	35.0695	G#2	44	80	402	32	G#2	44	80	
397	35.0908	G#4	68	81	401	32	G#4	68	80	
398	35.2137	B3	59	71	403	32.125	B3	59	80	
399	35.3483	C#4	61	82	404	32.25	C#4	61	80	
400	35.484	Eb4	63	74	405	32.375	Eb4	63	80	
401	35.6197	G#3	56	80	406	32.5	G#3	56	80	
402	35.7319	Eb3	51	77	407	32.625	Eb3	51	80	
403	35.8611	F3	53	80	408	32.75	F3	53	80	
404	35.9819	G3	55	79	409	32.875	G3	55	80	
405	36.1282	G#3	56	83	410	33	G#3	56	80	
406	36.281	Bb3	58	75	411	33.125	Bb3	58	80	
407	36.4242	B3	59	73	412	33.25	B3	59	80	
408	36.5278	C#4	61	73	413	33.375	C#4	61	80	
409	36.6763	B3	59	73	414	33.5	B3	59	80	
410	36.8013	Bb3	58	69	415	33.625	Bb3	58	80	
411	36.9445	G#3	56	68	416	33.75	G#3	56	80	
412	37.077	F#3	54	63	417	33.875	F#3	54	80	
413	37.2094	F3	53	64	418	34	F3	53	80	
414	37.2223	C#2	37	59	419	34	C#2	37	80	
415	37.3772	G#3	56	59	420	34.125	G#3	56	80	
416	37.5214	Bb3	58	56	421	34.25	Bb3	58	80	
417	37.6368	B3	59	58	422	34.375	B3	59	80	
418	37.7767	C#3	49	55	423	34.5	C#3	49	80	
419	37.9017	Eb3	51	61	424	34.625	Eb3	51	80	
420	38.0385	F3	53	67	425	34.75	F3	53	80	
421	38.1731	F#3	54	65	426	34.875	F#3	54	80	
422	38.3077	G#3	56	72	427	35	G#3	56	80	
423	38.4434	Bb3	58	67	428	35.125	Bb3	58	80	
424	38.5673	B3	59	74	429	35.25	B3	59	80	
425	38.7009	C#4	61	73	430	35.375	C#4	61	80	
426	38.8398	Eb4	63	72	431	35.5	Eb4	63	80	
427	38.9723	F4	65	71	432	35.625	F4	65	80	
428	39.1026	F#4	66	67	433	35.75	F#4	66	80	
429	39.2233	G#4	68	72	434	35.875	G#4	68	80	
430	39.3462	F#2	42	64	436	36	F#2	42	80	
431	39.3622	Bb4	70	70	435	36	Bb4	70	80	
432	39.5118	F#4	66	68	437	36.125	F#4	66	80	
433	39.6453	F4	65	68	438	36.25	F4	65	80	
434	39.7767	Eb4	63	69	439	36.375	Eb4	63	80	
435	39.9231	C#4	61	65	440	36.5	C#4	61	80	
436	40.0374	B3	59	68	441	36.625	B3	59	80	
437	40.1667	Bb3	58	69	442	36.75	Bb3	58	80	
438	40.3088	G#3	56	69	443	36.875	G#3	56	80	
439	40.4391	F#3	54	71	444	37	F#3	54	80	
440	40.5716	G#3	56	68	445	37.125	G#3	56	80	
441	40.7148	Bb3	58	67	446	37.25	Bb3	58	80	
442	40.827	B3	59	68	447	37.375	B3	59	80	
443	40.9776	Bb3	58	71	448	37.5	Bb3	58	80	
444	41.0962	G#3	56	74	449	37.625	G#3	56	80	
445	41.2372	F#3	54	72	450	37.75	F#3	54	80	
446	41.3462	E3	52	71	451	37.875	E3	52	80	
447	41.5054	Eb3	51	74	452	38	Eb3	51	80	
448	41.5075	B1	35	76	453	38	B1	35	80	
449	41.6571	F#3	54	74	454	38.125	F#3	54	80	
450	41.7896	G#3	56	71	455	38.25	G#3	56	80	
451	41.9167	A3	57	69	456	38.375	A3	57	80	
452	42.0524	B2	47	73	457	38.5	B2	47	80	
453	42.1849	C#3	49	72	458	38.625	C#3	49	80	
454	42.3088	Eb3	51	79	459	38.75	Eb3	51	80	
455	42.452	E3	52	75	460	38.875	E3	52	80	
456	42.5759	F#3	54	77	461	39	F#3	54	80	
457	42.7094	G#3	56	78	462	39.125	G#3	56	80	
458	42.8163	A3	57	81	463	39.25	A3	57	80	
459	42.9445	B3	59	82	464	39.375	B3	59	80	
460	43.078	C#4	61	83	465	39.5	C#4	61	80	
461	43.2105	Eb4	63	78	466	39.625	Eb4	63	80	
462	43.328	E4	64	82	467	39.75	E4	64	80	
463	43.4616	F#4	66	78	468	39.875	F#4	66	80	
464	43.593	G#4	68	82	469	40	G#4	68	80	
465	43.6058	E2	40	76	470	40	E2	40	80	
466	43.7319	E4	64	72	471	40.125	E4	64	80	
467	43.8686	Eb4	63	77	472	40.25	Eb4	63	80	
468	44.0022	C#4	61	76	473	40.375	C#4	61	80	
469	44.1453	B3	59	76	474	40.5	B3	59	80	
470	44.2575	A3	57	73	475	40.625	A3	57	80	
471	44.3996	G#3	56	77	476	40.75	G#3	56	80	
472	44.5417	F#3	54	72	477	40.875	F#3	54	80	
473	44.6721	E3	52	76	478	41	E3	52	80	
474	44.8035	F#3	54	77	480	41.125	F#3	54	80	
475	44.8184	Eb4	63	72	479	41.125	Eb4	63	80	
476	44.9295	G#3	56	74	482	41.25	G#3	56	80	
477	44.9391	E4	64	76	481	41.25	E4	64	80	
478	45.0492	F#4	66	77	483	41.375	F#4	66	80	
479	45.0791	A3	57	68	484	41.375	A3	57	80	
480	45.1859	E4	64	81	485	41.5	E4	64	80	
481	45.2084	G#3	56	74	486	41.5	G#3	56	80	
482	45.3163	Eb4	63	80	487	41.625	Eb4	63	80	
483	45.3451	F#3	54	75	488	41.625	F#3	54	80	
484	45.4637	C#4	61	82	489	41.75	C#4	61	80	
485	45.4755	E3	52	71	490	41.75	E3	52	80	
486	45.593	B3	59	83	491	41.875	B3	59	80	
487	45.5983	Eb3	51	76	492	41.875	Eb3	51	80	
488	45.7244	Bb3	58	79	493	42	Bb3	58	80	
489	45.7255	C#3	49	70	494	42	C#3	49	80	
490	45.7329	F#2	42	70	495	42	F#2	42	80	
491	45.8654	C#4	61	78	496	42.125	C#4	61	80	
492	45.999	Eb4	63	78	497	42.25	Eb4	63	80	
493	46.1272	E4	64	76	498	42.375	E4	64	80	
494	46.2607	F#3	54	81	499	42.5	F#3	54	80	
495	46.3847	G#3	56	79	500	42.625	G#3	56	80	
496	46.5203	Bb3	58	79	501	42.75	Bb3	58	80	
497	46.6443	B3	59	82	502	42.875	B3	59	80	
498	46.7725	C#4	61	82	503	43	C#4	61	80	
499	46.906	Eb4	63	80	504	43.125	Eb4	63	80	
500	47.0171	E4	64	74	505	43.25	E4	64	80	
501	47.0759	F4	65	7	*	-1	*	-1	-1	
502	47.1368	F#4	66	81	506	43.375	F#4	66	80	
503	47.265	G#4	68	82	507	43.5	G#4	68	80	
504	47.3889	Bb4	70	79	508	43.625	Bb4	70	80	
505	47.5268	B4	71	84	509	43.75	B4	71	80	
506	47.6336	C#5	73	81	510	43.875	C#5	73	80	
507	47.7703	Eb5	75	82	511	44	Eb5	75	80	
508	47.781	B2	47	68	512	44	B2	47	80	
509	47.9071	B4	71	71	513	44.125	B4	71	80	
510	48.0513	Bb4	70	74	514	44.25	Bb4	70	80	
511	48.1924	G#4	68	68	515	44.375	G#4	68	80	
512	48.3206	F#4	66	62	516	44.5	F#4	66	80	
513	48.4605	E4	64	65	517	44.625	E4	64	80	
514	48.6101	Eb4	63	64	518	44.75	Eb4	63	80	
515	48.749	C#4	61	60	519	44.875	C#4	61	80	
516	48.8729	B3	59	54	520	45	B3	59	80	
517	49.0225	Eb5	75	64	*	-1	*	-1	-1	
518	49.0321	Eb4	63	47	521	45.125	Eb4	63	80	
519	49.0962	E5	76	67	*	-1	*	-1	-1	
520	49.1486	F#3	54	47	523	45.25	F#3	54	80	
521	49.1592	F#5	78	73	522	45.25	F#5	78	80	
522	49.2789	Eb4	63	46	524	45.375	Eb4	63	80	
523	49.4327	B3	59	54	526	45.5	B3	59	80	
524	49.453	E5	76	66	525	45.5	E5	76	80	
525	49.5812	Eb5	75	73	527	45.625	Eb5	75	80	
526	49.6154	Eb4	63	45	528	45.625	Eb4	63	80	
527	49.7105	F#3	54	50	530	45.75	F#3	54	80	
528	49.7372	C#5	73	74	529	45.75	C#5	73	80	
529	49.8409	B4	71	75	531	45.875	B4	71	80	
530	49.905	Eb4	63	47	532	45.875	Eb4	63	80	
531	50.0278	B5	83	80	533	46	B5	83	80	
532	50.0332	G#3	56	45	534	46	G#3	56	80	
533	50.3238	G#5	80	62	536	46.25	G#5	80	80	
534	50.3505	Eb3	51	42	537	46.25	Eb3	51	80	
535	50.4413	B3	59	39	538	46.375	B3	59	80	
536	50.6197	G#3	56	52	540	46.5	G#3	56	80	
537	50.6229	Eb5	75	64	539	46.5	Eb5	75	80	
538	50.7586	B3	59	39	541	46.625	B3	59	80	
539	50.9028	Eb3	51	46	543	46.75	Eb3	51	80	
540	50.9039	F#5	78	61	542	46.75	F#5	78	80	
541	51.0417	B3	59	47	544	46.875	B3	59	80	
542	51.2073	G#3	56	49	546	47	G#3	56	80	
543	51.2137	F5	77	62	545	47	F5	77	80	
544	51.3419	C#4	61	49	547	47.125	C#4	61	80	
545	51.4947	F3	53	47	549	47.25	F3	53	80	
546	51.5	G#5	80	64	548	47.25	G#5	80	80	
547	51.6347	C#4	61	52	550	47.375	C#4	61	80	
548	51.7821	G#3	56	63	552	47.5	G#3	56	80	
549	51.7896	F#5	78	75	551	47.5	F#5	78	80	
550	51.9124	F5	77	83	553	47.625	F5	77	80	
551	51.9167	C#4	61	53	554	47.625	C#4	61	80	
552	52.0471	F3	53	54	556	47.75	F3	53	80	
553	52.0716	Eb5	75	83	555	47.75	Eb5	75	80	
554	52.1827	C#5	73	77	557	47.875	C#5	73	80	
555	52.218	C#4	61	46	558	47.875	C#4	61	80	
556	52.3345	Bb5	82	78	559	48	Bb5	82	80	
557	52.3654	F#3	54	51	560	48	F#3	54	80	
558	52.5203	Bb3	58	51	561	48.125	Bb3	58	80	
559	52.6453	C#3	49	45	563	48.25	C#3	49	80	
560	52.6496	F#5	78	62	562	48.25	F#5	78	80	
561	52.8035	Bb3	58	26	564	48.375	Bb3	58	80	
562	52.9114	F#3	54	49	566	48.5	F#3	54	80	
563	52.9327	C#5	73	63	565	48.5	C#5	73	80	
564	53.0695	Bb3	58	45	567	48.625	Bb3	58	80	
565	53.1998	C#3	49	40	569	48.75	C#3	49	80	
566	53.2105	E5	76	57	568	48.75	E5	76	80	
567	53.3387	Bb3	58	48	570	48.875	Bb3	58	80	
568	53.4787	F#3	54	51	572	49	F#3	54	80	
569	53.5075	Eb5	75	67	571	49	Eb5	75	80	
570	53.6464	B3	59	51	573	49.125	B3	59	80	
571	53.78	F#5	78	64	574	49.25	F#5	78	80	
572	53.8013	Eb3	51	50	575	49.25	Eb3	51	80	
573	53.9274	B3	59	61	576	49.375	B3	59	80	
574	54.0642	E5	76	66	577	49.5	E5	76	80	
575	54.0791	F#3	54	57	578	49.5	F#3	54	80	
576	54.1913	Eb5	75	77	579	49.625	Eb5	75	80	
577	54.2148	B3	59	57	580	49.625	B3	59	80	
578	54.3312	Eb3	51	58	582	49.75	Eb3	51	80	
579	54.3366	C#5	73	80	581	49.75	C#5	73	80	
580	54.4605	B4	71	71	583	49.875	B4	71	80	
581	54.4862	B3	59	50	584	49.875	B3	59	80	
582	54.6272	G#3	56	58	586	50	G#3	56	80	
583	54.6272	F5	77	76	585	50	F5	77	80	
584	54.7629	F#5	78	75	587	50.125	F#5	78	80	
585	54.7714	C#4	61	48	588	50.125	C#4	61	80	
586	54.8932	F3	53	55	591	50.25	F3	53	80	
587	54.9103	G#5	80	66	589	50.25	G#5	80	80	
588	54.9359	B4	71	67	590	50.25	B4	71	80	
589	55.031	C#4	61	50	593	50.375	C#4	61	80	
590	55.0674	Bb4	70	58	592	50.375	Bb4	70	80	
591	55.1902	G#3	56	61	595	50.5	G#3	56	80	
592	55.2041	B4	71	72	594	50.5	B4	71	80	
593	55.327	C#4	61	51	596	50.625	C#4	61	80	
594	55.484	F3	53	58	598	50.75	F3	53	80	
595	55.4904	C#5	73	83	597	50.75	C#5	73	80	
596	55.6069	C#4	61	62	599	50.875	C#4	61	80	
597	55.7436	G5	79	76	600	51	G5	79	80	
598	55.7522	Bb3	58	65	601	51	Bb3	58	80	
599	55.8056	G#5	80	70	602	51.0625	G#5	80	80	
600	55.8387	Bb5	82	78	603	51.125	Bb5	82	80	
601	55.906	Eb4	63	50	604	51.125	Eb4	63	80	
602	56.0214	G3	55	55	607	51.25	G3	55	80	
603	56.0374	C#5	73	74	605	51.25	C#5	73	80	
604	56.0428	Bb4	70	70	606	51.25	Bb4	70	80	
605	56.1592	Eb4	63	54	609	51.375	Eb4	63	80	
606	56.1742	G#4	68	68	608	51.375	G#4	68	80	
607	56.3152	Bb3	58	60	611	51.5	Bb3	58	80	
608	56.3174	Bb4	70	73	610	51.5	Bb4	70	80	
609	56.4509	Eb4	63	54	612	51.625	Eb4	63	80	
610	56.5684	Bb5	82	84	613	51.75	Bb5	82	80	
611	56.5706	C#5	73	62	614	51.75	C#5	73	80	
612	56.5909	G3	55	55	615	51.75	G3	55	80	
613	56.7159	Eb4	63	51	616	51.875	Eb4	63	80	
614	56.8793	B3	59	56	619	52	B3	59	80	
615	56.8857	Bb5	82	88	617	52	Bb5	82	80	
616	56.906	C#5	73	68	618	52	C#5	73	80	
617	57.0385	Eb4	63	53	620	52.125	Eb4	63	80	
618	57.1785	G#5	80	80	621	52.25	G#5	80	80	
619	57.1827	G#3	56	55	623	52.25	G#3	56	80	
620	57.2009	B4	71	65	622	52.25	B4	71	80	
621	57.3163	Eb4	63	53	624	52.375	Eb4	63	80	
622	57.483	G#5	80	74	625	52.5	G#5	80	80	
623	57.4894	B3	59	48	627	52.5	B3	59	80	
624	57.4936	Eb5	75	60	626	52.5	Eb5	75	80	
625	57.6272	Eb4	63	45	628	52.625	Eb4	63	80	
626	57.7682	G#3	56	42	631	52.75	G#3	56	80	
627	57.7928	F#5	78	56	629	52.75	F#5	78	80	
628	57.8366	Eb5	75	49	630	52.75	Eb5	75	80	
629	57.9253	Eb4	63	46	632	52.875	Eb4	63	80	
630	58.0983	F#5	78	58	633	53	F#5	78	80	
631	58.1037	C4	60	47	635	53	C4	60	80	
632	58.1785	G#5	80	46	636	53.0615	G#5	80	80	
633	58.2469	Eb4	63	33	638	53.125	Eb4	63	80	
634	58.2469	F#5	78	66	637	53.124	F#5	78	80	
635	58.3067	G#5	80	55	639	53.1875	G#5	80	80	
636	58.3473	A3	57	48	641	53.25	A3	57	80	
637	58.374	F#5	78	64	640	53.249	F#5	78	80	
638	58.4595	G#5	80	52	642	53.3115	G#5	80	80	
639	58.4883	Eb4	63	39	644	53.375	Eb4	63	80	
640	58.5075	F#5	78	65	643	53.375	F#5	78	80	
641	58.593	G#5	80	58	645	53.4365	G#5	80	80	
642	58.5983	C4	60	49	647	53.5	C4	60	80	
643	58.6411	F#5	78	62	646	53.499	F#5	78	80	
644	58.6956	Eb4	63	53	650	53.625	Eb4	63	80	
645	58.7127	G#5	80	56	648	53.5625	G#5	80	80	
646	58.7554	F#5	78	70	649	53.624	F#5	78	80	
647	58.7832	A3	57	51	653	53.75	A3	57	80	
648	58.8516	G#5	80	54	651	53.6865	G#5	80	80	
649	58.8558	Eb4	63	51	655	53.875	Eb4	63	80	
650	58.8719	F5	77	78	652	53.75	F5	77	80	
651	58.9466	C4	60	47	*	-1	*	-1	-1	
652	58.9723	F#5	78	71	654	53.875	F#5	78	80	
653	59.0663	Bb3	58	57	657	54	Bb3	58	80	
654	59.093	F5	77	78	656	54	F5	77	80	
655	59.2501	Eb5	75	57	658	54.125	Eb5	75	80	
656	59.3654	D5	74	64	659	54.25	D5	74	80	
657	59.5172	C5	72	57	660	54.375	C5	72	80	
658	59.6635	D5	74	64	661	54.5	D5	74	80	
659	59.796	Bb4	70	60	662	54.625	Bb4	70	80	
660	59.9295	B4	71	61	663	54.75	B4	71	80	
661	60.0706	G#4	68	60	664	54.875	G#4	68	80	
662	60.2009	F4	65	60	665	55	F4	65	80	
663	60.3259	Eb3	51	54	667	55.125	Eb3	51	80	
664	60.3409	F#4	66	60	666	55.125	F#4	66	80	
665	60.4712	F3	53	58	669	55.25	F3	53	80	
666	60.4798	G#4	68	67	668	55.25	G#4	68	80	
667	60.6026	Bb4	70	66	670	55.375	Bb4	70	80	
668	60.609	F#3	54	59	671	55.375	F#3	54	80	
669	60.7372	F3	53	59	673	55.5	F3	53	80	
670	60.7469	G#4	68	74	672	55.5	G#4	68	80	
671	60.8932	F#4	66	68	674	55.625	F#4	66	80	
672	60.8954	Eb3	51	58	675	55.625	Eb3	51	80	
673	61.0139	D3	50	59	677	55.75	D3	50	80	
674	61.0407	F4	65	65	676	55.75	F4	65	80	
675	61.1528	C3	48	53	679	55.875	C3	48	80	
676	61.1635	Eb4	63	59	678	55.875	Eb4	63	80	
677	61.3045	Bb2	46	41	682	56	Bb2	46	80	
678	61.3099	F3	53	46	681	56	F3	53	80	
679	61.3099	D4	62	59	680	56	D4	62	80	
680	61.4637	F4	65	56	683	56.125	F4	65	80	
681	61.6026	F#4	66	54	684	56.25	F#4	66	80	
682	61.7191	G#4	68	53	685	56.375	G#4	68	80	
683	61.8697	Bb3	58	55	686	56.5	Bb3	58	80	
684	62.0011	C4	60	58	687	56.625	C4	60	80	
685	62.1432	D4	62	68	688	56.75	D4	62	80	
686	62.2543	Eb4	63	67	689	56.875	Eb4	63	80	
687	62.3975	F4	65	72	690	57	F4	65	80	
688	62.5353	F#4	66	74	691	57.125	F#4	66	80	
689	62.671	G#4	68	77	692	57.25	G#4	68	80	
690	62.7971	Bb4	70	77	693	57.375	Bb4	70	80	
691	62.9221	C5	72	77	694	57.5	C5	72	80	
692	63.0556	D5	74	72	695	57.625	D5	74	80	
693	63.1881	Eb5	75	78	696	57.75	Eb5	75	80	
694	63.3216	F5	77	79	697	57.875	F5	77	80	
695	63.4734	F#5	78	77	698	58	F#5	78	80	
696	63.4872	Eb3	51	64	699	58	Eb3	51	80	
697	63.5994	Eb5	75	72	700	58.125	Eb5	75	80	
698	63.7426	Bb4	70	77	701	58.25	Bb4	70	80	
699	63.8633	F#4	66	74	702	58.375	F#4	66	80	
700	64.0022	Eb4	63	73	703	58.5	Eb4	63	80	
701	64.1347	C#4	61	74	704	58.625	C#4	61	80	
702	64.2746	C4	60	67	705	58.75	C4	60	80	
703	64.3975	Bb3	58	63	706	58.875	Bb3	58	80	
704	64.5652	C4	60	67	707	59	C4	60	80	
705	64.5845	G#3	56	50	708	59	G#3	56	80	
706	64.7009	Eb4	63	62	709	59.125	Eb4	63	80	
707	64.8302	G#4	68	59	710	59.25	G#4	68	80	
708	64.9712	C5	72	62	711	59.375	C5	72	80	
709	65.1112	Eb5	75	66	712	59.5	Eb5	75	80	
710	65.2201	F#5	78	67	713	59.625	F#5	78	80	
711	65.3772	E5	76	56	714	59.75	E5	76	80	
712	65.4958	Eb5	75	65	715	59.875	Eb5	75	80	
713	65.656	E5	76	61	716	60	E5	76	80	
714	65.6603	G#3	56	44	717	60	G#3	56	80	
715	65.6625	C#3	49	39	718	60	C#3	49	80	
716	65.8013	C#5	73	56	719	60.125	C#5	73	80	
717	65.9456	G#4	68	58	720	60.25	G#4	68	80	
718	66.0748	E4	64	49	721	60.375	E4	64	80	
719	66.187	C#4	61	53	722	60.5	C#4	61	80	
720	66.3227	B3	59	54	723	60.625	B3	59	80	
721	66.484	Bb3	58	53	724	60.75	Bb3	58	80	
722	66.5909	G#3	56	60	725	60.875	G#3	56	80	
723	66.7501	Bb3	58	62	726	61	Bb3	58	80	
724	66.8003	F#3	54	44	727	61	F#3	54	80	
725	66.8975	C#4	61	53	728	61.125	C#4	61	80	
726	67.0204	F#4	66	58	729	61.25	F#4	66	80	
727	67.1454	Bb4	70	61	730	61.375	Bb4	70	80	
728	67.2907	C#5	73	71	731	61.5	C#5	73	80	
729	67.4028	E5	76	73	732	61.625	E5	76	80	
730	67.5535	Eb5	75	76	733	61.75	Eb5	75	80	
731	67.6849	C#5	73	77	734	61.875	C#5	73	80	
732	67.8216	B2	47	61	737	62	B2	47	80	
733	67.8323	F#3	54	59	736	62	F#3	54	80	
734	67.8355	Eb5	75	78	735	62	Eb5	75	80	
735	67.9637	B4	71	73	738	62.125	B4	71	80	
736	68.1016	F#4	66	74	739	62.25	F#4	66	80	
737	68.2351	Eb4	63	78	740	62.375	Eb4	63	80	
738	68.3772	B3	59	77	741	62.5	B3	59	80	
739	68.514	A3	57	77	742	62.625	A3	57	80	
740	68.6486	G#3	56	83	743	62.75	G#3	56	80	
741	68.7714	F#3	54	83	744	62.875	F#3	54	80	
742	68.9189	G#3	56	79	745	63	G#3	56	80	
743	68.9317	F3	53	69	746	63	F3	53	80	
744	69.0588	B3	59	74	747	63.125	B3	59	80	
745	69.1913	D4	62	79	748	63.25	D4	62	80	
746	69.327	F4	65	77	749	63.375	F4	65	80	
747	69.4808	G#4	68	79	750	63.5	G#4	68	80	
748	69.6048	B4	71	75	751	63.625	B4	71	80	
749	69.7383	Bb4	70	81	752	63.75	Bb4	70	80	
750	69.8783	G#4	68	79	753	63.875	G#4	68	80	
751	70.0161	F#3	54	81	755	64	F#3	54	80	
752	70.0246	Bb4	70	79	754	64	Bb4	70	80	
753	70.156	Eb4	63	74	756	64.125	Eb4	63	80	
754	70.3024	F#2	42	74	758	64.25	F#2	42	80	
755	70.3078	E4	64	69	757	64.25	E4	64	80	
756	70.4338	C#5	73	69	759	64.375	C#5	73	80	
757	70.6016	Bb2	46	68	761	64.5	Bb2	46	80	
758	70.6016	Bb4	70	65	760	64.5	Bb4	70	80	
759	70.7276	C#5	73	62	762	64.625	C#5	73	80	
760	70.8815	C#3	49	64	764	64.75	C#3	49	80	
761	70.8911	E4	64	64	763	64.75	E4	64	80	
762	71.0182	C#5	73	60	765	64.875	C#5	73	80	
763	71.1528	F#3	54	71	767	65	F#3	54	80	
764	71.1753	Bb4	70	64	766	65	Bb4	70	80	
765	71.3013	Eb4	63	68	768	65.125	Eb4	63	80	
766	71.4509	Bb3	58	72	770	65.25	Bb3	58	80	
767	71.4509	E4	64	65	769	65.25	E4	64	80	
768	71.5588	C#5	73	70	771	65.375	C#5	73	80	
769	71.702	C#4	61	77	773	65.5	C#4	61	80	
770	71.7191	Bb4	70	70	772	65.5	Bb4	70	80	
771	71.8473	C#5	73	78	774	65.625	C#5	73	80	
772	71.9755	Bb3	58	79	776	65.75	Bb3	58	80	
773	71.9937	E4	64	72	775	65.75	E4	64	80	
774	72.0898	C#5	73	64	777	65.875	C#5	73	80	
775	72.2501	B3	59	84	779	66	B3	59	80	
776	72.2629	F#4	66	71	778	66	F#4	66	80	
777	72.3986	C#4	61	78	780	66.125	C#4	61	80	
778	72.5364	D4	62	73	781	66.25	D4	62	80	
779	72.5439	F#3	54	87	782	66.25	F#3	54	80	
780	72.687	C#5	73	78	783	66.375	C#5	73	80	
781	72.8206	D3	50	85	785	66.5	D3	50	80	
782	72.8345	F#4	66	73	784	66.5	F#4	66	80	
783	72.9007	F4	65	55	*	-1	*	-1	-1	
784	72.9798	C#5	73	80	786	66.625	C#5	73	80	
785	73.1037	F#3	54	91	788	66.75	F#3	54	80	
786	73.109	D4	62	79	787	66.75	D4	62	80	
787	73.2244	C#5	73	78	789	66.875	C#5	73	80	
788	73.3687	F#4	66	73	790	67	F#4	66	80	
789	73.3815	D3	50	91	791	67	D3	50	80	
790	73.5236	C#4	61	81	792	67.125	C#4	61	80	
791	73.6646	B2	47	86	794	67.25	B2	47	80	
792	73.6785	D4	62	81	793	67.25	D4	62	80	
793	73.8227	B4	71	74	795	67.375	B4	71	80	
794	73.9477	D3	50	92	797	67.5	D3	50	80	
795	73.9616	F#4	66	87	796	67.5	F#4	66	80	
796	74.077	B4	71	86	798	67.625	B4	71	80	
797	74.2137	F#3	54	94	800	67.75	F#3	54	80	
798	74.2212	D4	62	74	799	67.75	D4	62	80	
799	74.3655	B4	71	81	801	67.875	B4	71	80	
800	74.5257	F#2	42	78	804	68	F#2	42	80	
801	74.5578	D4	62	67	802	68	D4	62	80	
802	74.5845	E4	64	46	*	-1	*	-1	-1	
803	74.7202	Bb3	58	63	805	68.125	Bb3	58	80	
804	74.8558	B3	59	71	806	68.25	B3	59	80	
805	74.8601	G#3	56	74	807	68.25	G#3	56	80	
806	74.8772	F#2	42	68	808	68.25	F#2	42	80	
807	74.9937	F4	65	68	809	68.375	F4	65	80	
808	75.1326	D4	62	71	810	68.5	D4	62	80	
809	75.1379	G#3	56	76	811	68.5	G#3	56	80	
810	75.1496	F#2	42	70	812	68.5	F#2	42	80	
811	75.2522	F4	65	76	813	68.625	F4	65	80	
812	75.3964	G#3	56	77	815	68.75	G#3	56	80	
813	75.405	B3	59	80	814	68.75	B3	59	80	
814	75.4103	F#2	42	74	816	68.75	F#2	42	80	
815	75.5353	F4	65	73	817	68.875	F4	65	80	
816	75.6838	G#3	56	89	819	69	G#3	56	80	
817	75.6924	D4	62	78	818	69	D4	62	80	
818	75.6945	F#2	42	88	820	69	F#2	42	80	
819	75.8505	Bb3	58	77	821	69.125	Bb3	58	80	
820	75.9787	G#3	56	83	823	69.25	G#3	56	80	
821	75.9883	B3	59	78	822	69.25	B3	59	80	
822	75.9915	F#2	42	78	824	69.25	F#2	42	80	
823	76.109	F4	65	78	825	69.375	F4	65	80	
824	76.2608	D4	62	81	826	69.5	D4	62	80	
825	76.2661	G#3	56	87	827	69.5	G#3	56	80	
826	76.2746	F#2	42	83	828	69.5	F#2	42	80	
827	76.39	F4	65	80	829	69.625	F4	65	80	
828	76.5524	G#3	56	85	831	69.75	G#3	56	80	
829	76.5599	B3	59	86	830	69.75	B3	59	80	
830	76.5706	F#2	42	69	832	69.75	F#2	42	80	
831	76.7031	F4	65	78	833	69.875	F4	65	80	
832	76.858	F#2	42	76	837	70	F#2	42	80	
833	76.858	F#3	54	83	836	70	F#3	54	80	
834	76.8751	D4	62	74	834	70	D4	62	80	
835	77.0289	Bb3	58	79	838	70.125	Bb3	58	80	
836	77.1635	B3	59	84	839	70.25	B3	59	80	
837	77.3003	F#4	66	78	840	70.375	F#4	66	80	
838	77.4509	C#4	61	74	841	70.5	C#4	61	80	
839	77.452	Bb3	58	63	842	70.5	Bb3	58	80	
840	77.5738	F#4	66	69	843	70.625	F#4	66	80	
841	77.7298	B3	59	67	844	70.75	B3	59	80	
842	77.7405	G#3	56	58	845	70.75	G#3	56	80	
843	77.874	F4	65	68	846	70.875	F4	65	80	
844	78.0193	C#4	61	56	849	71	C#4	61	80	
845	78.0321	Bb3	58	54	848	71	Bb3	58	80	
846	78.0385	F#4	66	61	847	71	F#4	66	80	
847	78.1251	G#2	44	55	850	71.125	G#2	44	80	
848	78.2746	Bb2	46	63	851	71.25	Bb2	46	80	
849	78.4296	B2	47	61	852	71.375	B2	47	80	
850	78.5524	C#3	49	67	853	71.5	C#3	49	80	
851	78.702	Eb3	51	69	854	71.625	Eb3	51	80	
852	78.8355	E3	52	64	855	71.75	E3	52	80	
853	78.9595	C#3	49	62	856	71.875	C#3	49	80	
854	79.093	Eb3	51	69	857	72	Eb3	51	80	
855	79.2105	B4	71	66	858	72.125	B4	71	80	
856	79.2287	B2	47	59	859	72.125	B2	47	80	
857	79.3623	C#3	49	62	861	72.25	C#3	49	80	
858	79.3623	Bb4	70	71	860	72.25	Bb4	70	80	
859	79.5043	Eb3	51	68	863	72.375	Eb3	51	80	
860	79.5086	G#4	68	77	862	72.375	G#4	68	80	
861	79.6475	F#4	66	79	864	72.5	F#4	66	80	
862	79.6539	E3	52	65	865	72.5	E3	52	80	
863	79.7682	E4	64	76	866	72.625	E4	64	80	
864	79.7864	F#3	54	74	867	72.625	F#3	54	80	
865	79.8986	Eb4	63	84	868	72.75	Eb4	63	80	
866	79.9125	G#3	56	72	869	72.75	G#3	56	80	
867	80.0353	C#4	61	82	870	72.875	C#4	61	80	
868	80.0439	Bb3	58	71	871	72.875	Bb3	58	80	
869	80.1657	Eb4	63	83	872	73	Eb4	63	80	
870	80.1828	B3	59	83	873	73	B3	59	80	
871	80.3003	B4	71	86	874	73.125	B4	71	80	
872	80.4445	C#5	73	85	875	73.25	C#5	73	80	
873	80.561	Eb5	75	83	876	73.375	Eb5	75	80	
874	80.7052	E5	76	79	877	73.5	E5	76	80	
875	80.7223	Eb4	63	56	879	73.5615	Eb4	63	80	
876	80.7992	C#4	61	57	880	73.624	C#4	61	80	
877	80.8377	F#5	78	74	881	73.625	F#5	78	80	
878	80.8548	Eb4	63	63	882	73.6875	Eb4	63	80	
879	80.9381	C#4	61	73	883	73.749	C#4	61	80	
880	80.9616	G#5	80	83	884	73.75	G#5	80	80	
881	81.0642	B3	59	69	887	73.875	B3	59	80	
882	81.0823	Bb5	82	79	886	73.875	Bb5	82	80	
883	81.1304	C#4	61	67	888	73.9375	C#4	61	80	
884	81.2298	B5	83	85	889	74	B5	83	80	
885	81.2447	Eb4	63	83	890	74	Eb4	63	80	
886	81.3794	F#5	78	84	891	74.125	F#5	78	80	
887	81.5343	Eb5	75	88	892	74.25	Eb5	75	80	
888	81.6486	B4	71	82	893	74.375	B4	71	80	
889	81.7618	F#4	66	72	899	74.6875	F#4	66	80	
890	81.8152	C#5	73	80	894	74.5	C#5	73	80	
891	81.8526	F4	65	71	900	74.749	F4	65	80	
892	81.9317	F#4	66	54	902	74.8115	F#4	66	80	
893	81.9349	B5	83	76	898	74.625	B5	83	80	
894	81.937	Eb4	63	75	904	74.875	Eb4	63	80	
895	82.0524	A5	81	76	901	74.75	A5	81	80	
896	82.092	F4	65	75	905	74.9375	F4	65	80	
897	82.1678	G#5	80	84	903	74.875	G#5	80	80	
898	82.327	F#4	66	68	907	75	F#4	66	80	
899	82.3323	A5	81	83	906	75	A5	81	80	
900	82.4798	E4	64	69	908	75.125	E4	64	80	
901	82.6229	Eb4	63	73	910	75.25	Eb4	63	80	
902	82.6261	F#5	78	89	909	75.25	F#5	78	80	
903	82.765	C#4	61	77	911	75.375	C#4	61	80	
904	82.9007	Eb5	75	91	912	75.5	Eb5	75	80	
905	82.905	B3	59	81	913	75.5	B3	59	80	
906	83.0193	A3	57	83	914	75.625	A3	57	80	
907	83.1614	G#3	56	78	916	75.75	G#3	56	80	
908	83.171	A5	81	80	915	75.75	A5	81	80	
909	83.295	F#3	54	75	917	75.875	F#3	54	80	
910	83.4659	E3	52	70	919	76	E3	52	80	
911	83.4712	G#5	80	78	918	76	G#5	80	80	
912	83.6005	E5	76	79	920	76.125	E5	76	80	
913	83.7351	Eb4	63	74	922	76.25	Eb4	63	80	
914	83.7447	B4	71	76	921	76.25	B4	71	80	
915	83.8601	G#4	68	85	923	76.375	G#4	68	80	
916	84.0076	Bb4	70	78	924	76.5	Bb4	70	80	
917	84.015	C#4	61	82	925	76.5	C#4	61	80	
918	84.1347	G#5	80	80	926	76.625	G#5	80	80	
919	84.2725	Bb3	58	82	928	76.75	Bb3	58	80	
920	84.2768	F#5	78	87	927	76.75	F#5	78	80	
921	84.4029	E5	76	79	929	76.875	E5	76	80	
922	84.562	F#5	78	87	930	77	F#5	78	80	
923	84.5834	Eb4	63	74	931	77	Eb4	63	80	
924	84.7106	C#4	61	80	932	77.125	C#4	61	80	
925	84.8484	C4	60	79	934	77.25	C4	60	80	
926	84.8537	Eb5	75	88	933	77.25	Eb5	75	80	
927	84.9734	Bb3	58	83	935	77.375	Bb3	58	80	
928	85.1176	G#3	56	83	937	77.5	G#3	56	80	
929	85.1294	C5	72	84	936	77.5	C5	72	80	
930	85.2511	F#3	54	75	938	77.625	F#3	54	80	
931	85.3665	F#5	78	86	939	77.75	F#5	78	80	
932	85.3804	E3	52	77	940	77.75	E3	52	80	
933	85.5161	Eb3	51	80	941	77.875	Eb3	51	80	
934	85.6518	C#3	49	75	943	78	C#3	49	80	
935	85.6678	E5	76	83	942	78	E5	76	80	
936	85.8056	C#5	73	84	944	78.125	C#5	73	80	
937	85.9328	B3	59	79	946	78.25	B3	59	80	
938	85.9456	G#4	68	83	945	78.25	G#4	68	80	
939	86.0834	E4	64	78	947	78.375	E4	64	80	
940	86.2084	Bb3	58	81	949	78.5	Bb3	58	80	
941	86.2244	F#4	66	80	948	78.5	F#4	66	80	
942	86.3548	E5	76	83	950	78.625	E5	76	80	
943	86.4915	F#3	54	76	952	78.75	F#3	54	80	
944	86.5044	Eb5	75	82	951	78.75	Eb5	75	80	
945	86.6347	C#5	73	79	953	78.875	C#5	73	80	
946	86.7725	B2	47	67	955	79	B2	47	80	
947	86.7725	Eb5	75	79	954	79	Eb5	75	80	
948	86.8858	B4	71	76	956	79.125	B4	71	80	
949	87.0332	Bb4	70	77	957	79.25	Bb4	70	80	
950	87.0364	Eb3	51	81	958	79.25	Eb3	51	80	
951	87.1635	G#4	68	77	959	79.375	G#4	68	80	
952	87.312	F3	53	79	961	79.5	F3	53	80	
953	87.3174	Bb4	70	80	960	79.5	Bb4	70	80	
954	87.4584	G#4	68	82	962	79.625	G#4	68	80	
955	87.5973	G#3	56	81	964	79.75	G#3	56	80	
956	87.6101	F#4	66	82	963	79.75	F#4	66	80	
957	87.733	F4	65	81	965	79.875	F4	65	80	
958	87.8794	C#5	73	85	966	80	C#5	73	80	
959	87.8826	Bb2	46	71	967	80	Bb2	46	80	
960	88.014	Bb4	70	79	968	80.125	Bb4	70	80	
961	88.1422	G#4	68	80	969	80.25	G#4	68	80	
962	88.1475	C#3	49	71	970	80.25	C#3	49	80	
963	88.2629	F#4	66	73	971	80.375	F#4	66	80	
964	88.4338	G#4	68	78	972	80.5	G#4	68	80	
965	88.4413	Eb3	51	74	973	80.5	Eb3	51	80	
966	88.562	F#4	66	71	974	80.625	F#4	66	80	
967	88.7212	F4	65	70	975	80.75	F4	65	80	
968	88.7244	F#3	54	62	976	80.75	F#3	54	80	
969	88.8505	Eb4	63	61	977	80.875	Eb4	63	80	
970	88.9851	G#2	44	54	979	81	G#2	44	80	
971	88.9947	B4	71	62	978	81	B4	71	80	
972	89.1379	G#4	68	66	980	81.125	G#4	68	80	
973	89.2533	B2	47	44	982	81.25	B2	47	80	
974	89.2661	F#4	66	61	981	81.25	F#4	66	80	
975	89.4082	F4	65	57	983	81.375	F4	65	80	
976	89.5364	C#3	49	54	985	81.5	C#3	49	80	
977	89.577	F#4	66	59	984	81.5	F#4	66	80	
978	89.7052	F4	65	60	986	81.625	F4	65	80	
979	89.8249	F3	53	60	988	81.75	F3	53	80	
980	89.8452	Eb4	63	64	987	81.75	Eb4	63	80	
981	89.9712	C#4	61	62	989	81.875	C#4	61	80	
982	90.1133	F#2	42	57	991	82	F#2	42	80	
983	90.1262	Bb4	70	66	990	82	Bb4	70	80	
984	90.2554	G#2	44	65	993	82.125	G#2	44	80	
985	90.265	G#4	68	69	992	82.125	G#4	68	80	
986	90.3932	Bb2	46	68	995	82.25	Bb2	46	80	
987	90.4007	F#4	66	71	994	82.25	F#4	66	80	
988	90.5353	B2	47	69	997	82.375	B2	47	80	
989	90.5353	G#4	68	74	996	82.375	G#4	68	80	
990	90.6774	C#3	49	74	999	82.5	C#3	49	80	
991	90.6774	Bb4	70	79	998	82.5	Bb4	70	80	
992	90.8014	Eb3	51	82	1000	82.625	Eb3	51	80	
993	90.9467	E3	52	80	1002	82.75	E3	52	80	
994	90.9499	C#4	61	79	1001	82.75	C#4	61	80	
995	91.077	C#3	49	79	1003	82.875	C#3	49	80	
996	91.2191	Eb3	51	91	1005	83	Eb3	51	80	
997	91.2244	B3	59	76	1004	83	B3	59	80	
998	91.3516	C#4	61	76	1006	83.125	C#4	61	80	
999	91.5076	Eb4	63	69	1007	83.25	Eb4	63	80	
1000	91.5118	F#3	54	83	1008	83.25	F#3	54	80	
1001	91.6379	E4	64	78	1009	83.375	E4	64	80	
1002	91.795	Eb3	51	90	1011	83.5	Eb3	51	80	
1003	91.7982	F#4	66	79	1010	83.5	F#4	66	80	
1004	91.9135	G#4	68	85	1012	83.625	G#4	68	80	
1005	92.0492	A4	69	86	1013	83.75	A4	69	80	
1006	92.0524	B2	47	97	1014	83.75	B2	47	80	
1007	92.1796	F#4	66	85	1015	83.875	F#4	66	80	
1008	92.3195	E3	52	103	1017	84	E3	52	80	
1009	92.3217	G#4	68	88	1016	84	G#4	68	80	
1010	92.4616	A4	69	83	1018	84.125	A4	69	80	
1011	92.5866	E2	40	90	1020	84.25	E2	40	80	
1012	92.6016	G#4	68	88	1019	84.25	G#4	68	80	
1013	92.7309	F#4	66	79	1021	84.375	F#4	66	80	
1014	92.858	E3	52	74	1023	84.5	E3	52	80	
1015	92.8633	E4	64	81	1022	84.5	E4	64	80	
1016	92.8954	Eb3	51	80	*	-1	*	-1	-1	
1017	92.9958	Eb4	63	73	1024	84.625	Eb4	63	80	
1018	93.1262	C#4	61	70	1025	84.75	C#4	61	80	
1019	93.2725	B3	59	70	1026	84.875	B3	59	80	
1020	93.4114	Bb3	58	73	1027	85	Bb3	58	80	
1021	93.5418	F#4	66	68	1028	85.125	F#4	66	80	
1022	93.6871	B3	59	72	1029	85.25	B3	59	80	
1023	93.6892	Eb3	51	83	1030	85.25	Eb3	51	80	
1024	93.8046	F#4	66	58	1031	85.375	F#4	66	80	
1025	93.9563	E4	64	69	1032	85.5	E4	64	80	
1026	93.9723	C#3	49	74	1033	85.5	C#3	49	80	
1027	94.1016	B3	59	67	1034	85.625	B3	59	80	
1028	94.2351	Bb3	58	65	1035	85.75	Bb3	58	80	
1029	94.2458	F#3	54	80	1036	85.75	E3	52	80	
1030	94.3687	E4	64	64	1037	85.875	E4	64	80	
1031	94.5364	B2	47	77	1039	86	B2	47	80	
1032	94.5407	Eb4	63	73	1038	86	Eb4	63	80	
1033	94.6721	C#4	61	73	1040	86.125	C#4	61	80	
1034	94.8291	B3	59	75	1041	86.25	B3	59	80	
1035	94.8356	C#3	49	75	1042	86.25	C#3	49	80	
1036	94.9627	Bb3	58	71	1043	86.375	Bb3	58	80	
1037	95.0973	Eb3	51	85	1045	86.5	Eb3	51	80	
1038	95.1005	B3	59	72	1044	86.5	B3	59	80	
1039	95.2554	Eb4	63	64	1046	86.625	Eb4	63	80	
1040	95.3826	B2	47	71	1048	86.75	B2	47	80	
1041	95.3933	F#4	66	70	1047	86.75	F#4	66	80	
1042	95.5353	A3	57	61	1049	86.875	A3	57	80	
1043	95.6828	G#3	56	65	1050	87	G#3	56	80	
1044	95.6935	E2	40	69	1051	87	E2	40	80	
1045	95.8324	F#4	66	67	1052	87.125	F#4	66	80	
1046	95.9755	G#2	44	81	1054	87.25	G#2	44	80	
1047	95.9926	E4	64	69	1053	87.25	E4	64	80	
1048	96.1176	Eb4	63	78	1055	87.375	Eb4	63	80	
1049	96.249	E2	40	83	1057	87.5	E2	40	80	
1050	96.2565	C#4	61	86	1056	87.5	C#4	61	80	
1051	96.3954	Eb4	63	87	1058	87.625	Eb4	63	80	
1052	96.5204	C#2	37	86	1060	87.75	C#2	37	80	
1053	96.5343	E4	64	84	1059	87.75	E4	64	80	
1054	96.6593	B3	59	82	1061	87.875	B3	59	80	
1055	96.8121	Bb3	58	76	1062	88	Bb3	58	80	
1056	96.8142	F#2	42	89	1063	88	F#2	42	80	
1057	96.9349	B3	59	79	1064	88.125	B3	59	80	
1058	97.0845	C#4	61	82	1065	88.25	C#4	61	80	
1059	97.0952	G#2	44	88	1066	88.25	E2	40	80	
1060	97.2234	G#3	56	83	1067	88.375	G#3	56	80	
1061	97.3676	Bb2	46	87	1069	88.5	Eb2	39	80	
1062	97.3783	F#3	54	85	1068	88.5	F#3	54	80	
1063	97.5161	E3	52	82	1070	88.625	E3	52	80	
1064	97.6475	F#2	42	91	1072	88.75	Bb2	46	80	
1065	97.6561	Eb3	51	87	1071	88.75	Eb3	51	80	
1066	97.7886	C#3	49	82	1073	88.875	C#3	49	80	
1067	97.9232	B2	47	86	1075	89	B2	47	80	
1068	97.9371	Eb3	51	88	1074	89	Eb3	51	80	
1069	98.0759	F#3	54	80	1076	89.125	F#3	54	80	
1070	98.2191	B3	59	93	1077	89.25	B3	59	80	
1071	98.2223	G#2	44	88	1078	89.25	G#2	44	80	
1072	98.3601	Eb3	51	75	1079	89.375	Eb3	51	80	
1073	98.498	E2	40	85	1081	89.5	E2	40	80	
1074	98.5204	C#3	49	72	1080	89.5	C#3	49	80	
1075	98.6604	B3	59	91	1082	89.625	B3	59	80	
1076	98.8292	F#2	42	86	1084	89.75	G#2	44	80	
1077	98.8548	E3	52	58	1083	89.75	E3	52	80	
1078	99.0012	Bb3	58	85	1085	89.875	Bb3	58	80	
1079	99.3217	B1	35	54	1089	90	B1	35	80	
1080	99.3217	B2	47	57	1090	90	B2	47	80	
1081	99.3217	Eb3	51	63	1086	90	Eb3	51	80	
1082	99.3249	F#3	54	58	1087	90	F#3	54	80	
1083	99.3249	B3	59	76	1088	90	B3	59	80	
*	-1	*	-1	-1	23	1.81146	Eb5	75	80	
*	-1	*	-1	-1	40	2.81146	Eb3	51	80	
*	-1	*	-1	-1	278	21.75	C#4	61	80	
*	-1	*	-1	-1	535	46.125	B3	59	80	
*	-1	*	-1	-1	634	53	Eb5	75	80	
*	-1	*	-1	-1	803	68	G#3	56	80	
*	-1	*	-1	-1	835	70	D4	62	80	
*	-1	*	-1	-1	878	73.5	C#4	61	80	
*	-1	*	-1	-1	885	73.8115	Eb4	63	80	
*	-1	*	-1	-1	33	2.5	C#3	49	80	
*	-1	*	-1	-1	49	3.375	E3	52	80	
*	-1	*	-1	-1	58	3.81146	F#3	54	80	
*	-1	*	-1	-1	895	74.5	F4	65	80	
*	-1	*	-1	-1	896	74.5615	F#4	66	80	
*	-1	*	-1	-1	897	74.624	F4	65	80	
