//Version: PianoRoll_v170101
0	1.11437	1.17062	C#4	54	64	0
1	1.46875	1.5175	A3	54	65	0
2	1.81437	1.85719	F#3	61	67	0
3	2.20187	3.22812	D4	71	51	0
4	3.26125	3.31031	C#4	66	67	0
5	3.41125	3.45094	B3	65	68	0
6	3.62375	4.64687	C#4	59	49	0
7	4.7	4.755	F#4	66	67	0
8	5.0875	6.12812	B3	57	49	0
9	6.19062	6.23625	A3	56	66	0
10	6.31969	6.36031	G#3	59	67	0
11	6.48125	6.52375	A3	72	69	0
12	6.84156	6.88844	F#3	71	69	0
13	7.16969	7.21031	A3	63	68	0
14	7.23125	7.29156	G#3	53	64	0
15	7.30812	7.36125	A3	67	67	0
16	7.40625	7.45187	G#3	62	67	0
17	7.49562	7.52594	A3	54	68	0
18	7.53937	7.59062	G#3	71	68	0
19	7.62062	7.675	A3	73	68	0
20	7.70937	7.76031	G#3	68	68	0
21	7.79156	7.83437	A3	63	68	0
22	7.8675	7.92062	G#3	62	66	0
23	7.92906	7.98937	A3	69	67	0
24	8.01437	8.06656	G#3	70	68	0
25	8.09563	8.14469	A3	67	68	0
26	8.1875	8.22375	G#3	53	66	0
27	8.23219	8.29375	A3	71	67	0
28	8.3175	8.39562	G#3	69	65	0
29	8.41125	8.46344	F#3	72	68	0
30	8.77812	8.82594	G#3	58	66	0
31	9.10719	9.14469	A3	62	68	0
32	9.4375	9.48312	F#4	62	67	0
33	9.45719	9.53844	B3	49	61	0
34	9.76875	10.0509	C#4	43	52	0
35	9.78531	9.93625	E4	57	59	0
36	10.1487	10.1978	C#4	54	65	0
37	10.4769	11.3644	A4	63	51	0
38	10.8197	10.8594	Eb4	62	68	0
39	11.18	11.7009	E4	54	52	0
40	11.5125	11.5541	G#4	74	70	0
41	11.6572	11.7009	F#4	68	68	0
42	11.8487	12.7456	G#4	75	53	0
43	12.2019	12.2478	E4	59	66	0
44	12.5581	13.2969	Bb3	50	49	0
45	12.9103	12.9594	C#5	68	68	0
46	13.2487	14.1197	F#4	67	52	0
47	13.6166	13.6562	C4	60	67	0
48	13.9791	14.3956	C#4	55	53	0
49	14.3094	14.3519	E4	70	69	0
50	14.4456	14.5094	Eb4	63	65	0
51	14.6281	14.6812	E4	64	67	0
52	14.9634	15.5072	C#4	71	55	0
53	15.2844	15.3259	E4	60	67	0
54	15.3656	15.4112	Eb4	60	67	0
55	15.4344	15.4862	E4	56	65	0
56	15.5125	15.5666	Eb4	62	66	0
57	15.5594	15.6103	C4	69	68	0
58	15.5987	15.6478	E4	65	67	0
59	15.6916	15.7291	Eb4	51	66	0
60	15.7009	15.7447	Bb3	71	69	0
61	15.7541	15.8009	E4	71	69	0
62	15.8362	15.8812	Eb4	63	67	0
63	15.8519	15.8916	C4	76	70	0
64	15.9134	15.9572	E4	66	68	0
65	15.9987	16.0331	Eb4	57	68	0
66	16.0487	16.1019	E4	72	68	0
67	16.1313	16.1666	Eb4	61	68	0
68	16.1487	16.1937	G#3	67	68	0
69	16.1978	16.3062	E4	71	64	0
70	16.2581	16.4072	Eb4	60	60	0
71	16.4488	16.4853	C#4	68	69	0
72	16.4488	17.1759	E4	81	55	0
73	16.7947	16.8394	C#5	78	70	0
74	17.1562	17.8353	F#4	63	52	0
75	17.4822	17.5322	A3	77	69	0
76	17.8447	18.5728	D4	58	51	0
77	18.1862	18.2206	B4	60	68	0
78	18.5509	19.3228	E4	56	50	0
79	18.9009	18.9541	G#3	49	63	0
80	19.2437	19.8487	C#4	49	50	0
81	19.605	20.2447	A4	44	48	0
82	19.93	20.525	B3	46	49	0
83	20.2697	20.5519	G#4	58	56	0
84	20.5813	21.0469	A3	58	53	0
85	20.8978	21.2394	F#4	57	55	0
86	21.2281	21.5456	G#3	53	54	0
87	21.5406	21.5875	C#3	85	71	0
88	21.5406	21.7112	F4	59	59	0
89	21.8737	21.9134	A2	84	72	0
90	21.8947	22.4956	F#4	57	52	0
91	21.9019	22.4469	F#3	51	51	0
92	22.23	22.275	F#2	63	67	0
93	22.5603	23.4688	D3	72	52	0
94	22.875	22.9187	B4	74	69	0
95	23.2094	23.2456	G#4	77	71	0
96	23.5425	23.5884	C#3	65	68	0
97	23.5425	23.5791	E4	72	70	0
98	23.6844	23.7375	B2	67	67	0
99	23.8519	23.9031	E3	64	67	0
100	23.8562	24.6	C#3	64	52	0
101	24.2166	24.2844	A4	62	65	0
102	24.5425	24.6094	F#4	77	68	0
103	24.5572	24.5938	A3	55	67	0
104	24.8759	24.9156	Eb4	78	71	0
105	24.8791	24.9416	F#3	75	68	0
106	25.1822	25.2437	D4	77	68	0
107	25.2031	25.9406	B2	72	53	0
108	25.5406	25.6291	G#4	77	66	0
109	25.55	25.5884	B3	69	69	0
110	25.8947	26.2281	F4	65	57	0
111	25.9237	26.1687	G#3	53	56	0
112	26.2094	26.2594	A2	70	68	0
113	26.2228	26.5094	C#4	61	57	0
114	26.3394	26.3863	G#2	79	70	0
115	26.4884	26.5469	A2	76	68	0
116	26.5019	28.1081	F#4	75	50	0
117	26.8447	26.8863	F#2	82	71	0
118	26.8581	26.9259	A3	71	67	0
119	27.1937	27.23	A2	64	69	0
120	27.1937	27.4947	B3	75	59	0
121	27.2362	27.3238	G#2	64	64	0
122	27.3291	27.3862	A2	64	66	0
123	27.4488	27.4969	G#2	55	65	0
124	27.5081	27.5706	D4	70	67	0
125	27.5344	27.5759	A2	55	66	0
126	27.605	27.6594	G#2	69	67	0
127	27.6822	27.7322	A2	61	66	0
128	27.7706	27.8362	G#2	63	65	0
129	27.8228	28.0728	F4	68	59	0
130	27.8519	27.8987	A2	60	66	0
131	27.9375	27.9987	G#2	63	66	0
132	28.0081	28.0612	A2	65	67	0
133	28.1062	28.1541	G#2	58	66	0
134	28.1406	28.225	G#3	72	65	0
135	28.1634	28.2156	A2	66	67	0
136	28.2697	28.3072	G#2	57	67	0
137	28.3134	28.3737	A2	64	66	0
138	28.45	28.7384	F#2	54	55	0
139	28.4612	28.5094	F#4	63	67	0
140	28.4687	28.5094	A3	56	66	0
141	28.8206	28.8738	A4	58	65	0
142	28.8344	28.8738	C#4	46	64	0
143	29.1437	29.1956	B4	63	66	0
144	29.1594	30.4488	D3	42	44	0
145	29.5019	29.5906	D5	56	62	0
146	29.5166	29.8031	F#3	41	52	0
147	29.8519	30.1509	G#3	45	53	0
148	30.155	30.2125	G#4	75	68	0
149	30.1728	30.2447	B3	50	62	0
150	30.4769	31.1362	C#3	48	49	0
151	30.4884	30.5291	A4	65	68	0
152	30.8125	30.8572	C#5	69	68	0
153	30.8281	30.9009	A3	43	60	0
154	31.155	31.5041	D4	64	56	0
155	31.1603	31.6197	B2	45	50	0
156	31.4831	31.6331	F#4	66	61	0
157	31.6156	31.6581	G#4	68	69	0
158	31.7563	31.8112	B3	57	65	0
159	31.7603	31.8166	A4	67	67	0
160	31.83	31.9	G#4	67	66	0
161	31.9166	31.9737	A4	68	67	0
162	32.0094	32.08	G#4	72	66	0
163	32.0375	32.0706	E3	88	73	0
164	32.08	32.1572	A4	70	66	0
165	32.1572	32.1987	G#4	68	69	0
166	32.2206	32.3041	F#4	75	66	0
167	32.2844	32.3312	G#4	65	67	0
168	32.3312	33.0344	A4	79	55	0
169	32.3478	32.3947	C#3	86	71	0
170	32.3478	32.3894	E4	75	70	0
171	32.6728	32.7197	A2	71	69	0
172	32.7081	32.775	C#4	62	65	0
173	33.0394	34.3488	F#3	77	51	0
174	33.0394	33.1906	Eb4	70	62	0
175	33.3719	33.4884	Eb5	78	65	0
176	33.3853	33.4219	F#4	66	69	0
177	33.6925	33.7759	C5	79	67	0
178	34.0362	34.0831	C4	55	65	0
179	34.0384	34.205	G#4	75	62	0
180	34.3594	34.5562	C#4	58	58	0
181	34.3644	34.7156	E3	57	55	0
182	34.6634	34.7375	C#5	81	68	0
183	34.6978	34.9353	E4	54	56	0
184	34.9612	35.4112	Eb3	51	52	0
185	35.0625	35.6769	F#5	86	57	0
186	35.3625	35.4612	Bb3	64	63	0
187	35.5281	35.6041	C4	60	64	0
188	35.6906	35.7331	C#4	57	66	0
189	35.7019	36.0237	Eb5	69	57	0
190	35.7719	35.8144	C4	69	69	0
191	35.8438	35.9081	C#4	65	66	0
192	35.9384	36.0719	C4	69	62	0
193	36.0009	36.1219	G#3	67	63	0
194	36.0394	36.2112	C#4	78	62	0
195	36.1166	36.2041	Bb3	71	65	0
196	36.2144	36.2875	C4	42	60	0
197	36.2875	36.3447	E3	72	68	0
198	36.2925	36.6509	G#5	85	59	0
199	36.3009	36.9291	C#4	81	56	0
200	36.6487	36.6969	C#3	68	68	0
201	36.655	37.0331	E5	80	58	0
202	36.9978	37.3206	F#5	89	61	0
203	37.0063	37.8822	A3	61	50	0
204	37.3438	37.4894	A5	76	63	0
205	37.355	37.4112	F#4	52	64	0
206	37.6634	37.7228	D4	54	64	0
207	38.0019	38.0541	D5	70	68	0
208	38.0237	38.3728	B3	41	51	0
209	38.3478	38.3937	E5	66	68	0
210	38.3541	38.9906	G#3	44	48	0
211	38.7072	38.7644	G#5	59	65	0
212	38.7219	38.7644	E4	46	64	0
213	39.0487	39.1041	C#4	55	65	0
214	39.3644	39.6344	C#3	47	54	0
215	39.3769	39.4166	C#5	65	68	0
216	39.3956	39.6531	A3	50	55	0
217	39.7269	40.6938	F#3	51	48	0
218	39.7437	40.0156	B4	51	55	0
219	40.0562	40.1322	D4	81	67	0
220	40.0603	40.1009	A4	64	68	0
221	40.1781	40.2519	C#4	76	67	0
222	40.3437	40.4156	B3	83	68	0
223	40.3706	40.7706	G#4	71	57	0
224	40.6987	40.7759	A3	85	68	0
225	40.9916	41.0344	A3	79	70	0
226	40.9969	41.4969	F3	70	55	0
227	41.0675	41.1175	G#3	70	68	0
228	41.1469	41.1875	A3	78	71	0
229	41.2228	41.3041	G#3	76	66	0
230	41.3	41.3625	A3	86	69	0
231	41.3	41.3791	C#5	88	68	0
232	41.3791	41.4353	G#3	67	67	0
233	41.4406	41.5291	A3	76	66	0
234	41.5291	41.6197	G#3	71	65	0
235	41.6269	41.6562	A4	85	73	0
236	41.6394	42.0237	F#3	66	56	0
237	41.9688	42.1384	A3	64	60	0
238	41.9728	42.0112	F#4	79	71	0
239	42.3197	43.2437	D5	67	51	0
240	42.3406	42.5719	B3	50	55	0
241	42.6531	42.7478	B4	59	62	0
242	42.68	42.7519	D4	42	60	0
243	42.9969	43.2259	E4	50	55	0
244	43.0175	43.2831	G#3	49	54	0
245	43.3322	43.3906	E3	47	62	0
246	43.3322	43.3862	C#5	78	69	0
247	43.4769	43.5509	B4	84	68	0
248	43.6541	44.375	C#5	77	54	0
249	43.6969	43.9437	A3	46	54	0
250	43.9875	44.0353	E4	61	67	0
251	44.0113	44.075	C#4	43	61	0
252	44.3259	44.9791	A4	56	51	0
253	44.3353	44.6009	F#3	46	54	0
254	44.6531	44.6875	F#5	76	71	0
255	44.675	44.7375	Eb3	45	61	0
256	44.9925	45.7844	B4	68	52	0
257	45.0322	45.1416	G#3	47	59	0
258	45.3238	45.4509	G#4	69	63	0
259	45.3353	45.3862	B3	49	64	0
260	45.4675	45.6675	F#4	59	58	0
261	45.6509	45.9238	G#4	61	57	0
262	45.6769	45.9	F3	45	54	0
263	45.98	46.2312	C#3	47	54	0
264	45.9844	46.0759	A4	70	65	0
265	45.9937	46.0353	F4	52	65	0
266	46.1081	46.1875	G#4	87	68	0
267	46.2675	46.6072	A4	72	58	0
268	46.2947	46.5875	F#3	52	55	0
269	46.3125	46.4488	F#4	63	61	0
270	46.6031	46.8822	F#4	78	60	0
271	46.6447	46.8072	A3	53	58	0
272	46.925	46.98	A4	70	67	0
273	46.9509	47.05	B3	42	58	0
274	46.9894	47.0541	G#4	74	67	0
275	47.0406	47.1603	A4	68	63	0
276	47.1353	48.3791	G#4	66	49	0
277	47.2969	47.35	G#3	47	63	0
278	47.3009	47.4312	E4	66	62	0
279	47.4541	47.5978	Eb4	49	58	0
280	47.6094	48.3447	E4	52	49	0
281	47.6322	47.705	C#4	50	62	0
282	47.9884	48.03	B3	52	65	0
283	48.3312	48.5688	Bb3	45	54	0
284	48.3362	48.7331	F#4	57	54	0
285	48.6791	48.7219	F#3	42	63	0
286	48.6791	48.7987	D4	55	60	0
287	48.7987	48.9519	C#4	62	60	0
288	48.9719	50.03	D4	63	50	0
289	48.9884	49.0478	B3	50	63	0
290	49.3113	49.3572	B4	55	66	0
291	49.3331	49.375	A3	46	64	0
292	49.6406	49.6925	E4	70	68	0
293	49.655	49.7041	G#3	51	64	0
294	49.975	50.0394	G#4	70	67	0
295	50.0063	50.0509	E3	35	60	0
296	50.2938	50.8978	A4	56	51	0
297	50.3009	51.2612	C#4	48	47	0
298	50.3062	50.355	F#3	51	64	0
299	50.6197	50.925	C#5	64	57	0
300	50.6313	50.675	A3	44	63	0
301	50.9291	51.25	F#4	66	57	0
302	50.9425	50.9812	D3	64	68	0
303	51.2612	51.8937	D4	60	52	0
304	51.2728	51.3166	B2	60	67	0
305	51.5884	51.9344	G#4	61	56	0
306	51.5937	51.6375	E3	57	66	0
307	51.6125	52.1853	B3	47	50	0
308	51.9134	51.9572	E2	51	65	0
309	51.9478	52.2563	E4	52	54	0
310	52.2416	52.2875	A2	70	69	0
311	52.2563	52.3853	A4	56	60	0
312	52.2781	52.4344	C#4	45	56	0
313	52.5759	52.65	A3	90	69	0
314	52.9166	52.9572	A3	83	71	0
315	52.9781	53.0519	G#3	83	68	0
316	53.0478	53.1134	A3	86	69	0
317	53.1	53.3906	G#3	61	57	0
318	53.4531	53.5166	F#3	67	66	0
319	53.6269	53.6884	F3	67	66	0
320	53.9353	54.0613	C#3	44	57	0
321	53.9353	53.9781	C#4	57	66	0
322	54.23	54.9759	F#3	46	48	0
323	54.2759	54.3134	C#4	52	66	0
324	54.3362	54.3666	B3	60	69	0
325	54.3987	54.4331	C#4	66	69	0
326	54.4666	54.875	B3	63	55	0
327	54.8206	54.875	A3	61	66	0
328	54.9519	55.6187	G#3	54	50	0
329	55.2666	55.3081	D5	76	70	0
330	55.6103	55.9384	F3	51	54	0
331	55.6237	55.6612	D5	61	68	0
332	55.6656	55.7103	C#5	71	69	0
333	55.7331	55.8175	D5	79	67	0
334	55.8009	56.0384	C#5	71	60	0
335	55.955	56.2894	E3	55	54	0
336	55.9594	56.1844	C#4	49	55	0
337	56.0822	56.2375	B4	69	62	0
338	56.2719	56.3081	F#3	59	68	0
339	56.2759	56.5656	Bb4	74	59	0
340	56.5987	56.9156	D3	95	61	0
341	56.5987	56.6969	F#4	85	67	0
342	56.9156	56.9666	C#3	79	69	0
343	56.9269	58.1437	B4	79	52	0
344	56.9322	56.9666	F#4	69	70	0
345	56.9875	57.0478	E4	83	69	0
346	57.0519	57.1394	F#4	75	66	0
347	57.1447	57.4094	E4	68	58	0
348	57.2375	57.2812	B2	76	70	0
349	57.405	57.4947	D4	76	66	0
350	57.5812	57.8666	E3	68	58	0
351	57.5862	57.7625	C#4	73	62	0
352	57.8937	58.1	G4	90	63	0
353	57.9	58.1706	C#3	68	58	0
354	58.2	58.3425	G4	81	64	0
355	58.2103	58.5719	F#3	66	56	0
356	58.2112	58.2687	Bb4	75	68	0
357	58.2947	58.3362	F#4	78	70	0
358	58.355	58.43	Bb4	66	65	0
359	58.43	58.5531	F#4	77	64	0
360	58.5156	58.6697	A4	75	63	0
361	58.5344	58.7791	F#2	46	54	0
362	58.6853	58.8362	E4	70	62	0
363	58.8697	59.2572	Eb4	61	55	0
364	58.9031	59.3	B2	44	51	0
365	59.1884	59.2291	B3	64	68	0
366	59.1884	59.2844	B4	75	65	0
367	59.505	59.5447	B4	62	68	0
368	59.5187	59.7625	E4	57	57	0
369	59.5531	59.6144	A4	68	67	0
370	59.6187	59.7019	B4	78	67	0
371	59.7188	59.9844	A4	61	57	0
372	59.7625	60.3019	E4	16	37	0
373	59.8478	59.8884	C#3	61	67	0
374	59.9937	60.1969	G#4	67	60	0
375	60.1791	60.2228	A2	67	68	0
376	60.1969	60.8166	F#4	70	54	0
377	60.5362	60.7687	C#4	91	63	0
378	60.875	60.9291	C#4	84	70	0
379	60.8956	61.2188	Eb4	71	58	0
380	60.9469	61.0197	B3	74	67	0
381	61.025	61.0956	C#4	79	68	0
382	61.0938	61.2625	B3	61	60	0
383	61.2144	61.4509	D4	71	60	0
384	61.3581	61.4072	A3	72	68	0
385	61.5166	61.5572	G#3	75	70	0
386	61.53	61.9062	E4	67	56	0
387	61.8456	61.8947	E3	80	70	0
388	61.8687	62.0019	C#4	58	60	0
389	61.98	62.1675	B3	60	59	0
390	62.1603	63.5562	A3	76	50	0
391	62.1791	62.2175	C#4	55	67	0
392	62.5094	62.555	A4	60	67	0
393	62.5144	62.55	F#4	64	69	0
394	62.8541	63.8541	B4	62	50	0
395	62.8666	62.9144	D4	52	65	0
396	63.2156	63.2666	B3	63	67	0
397	63.5509	64.2072	E4	60	52	0
398	63.5562	63.6206	G#3	61	65	0
399	63.8875	63.9228	G#4	66	69	0
400	63.8947	63.9956	E3	47	59	0
401	64.2362	65.2331	A3	35	43	0
402	64.2625	65.025	C#5	60	51	0
403	64.5781	64.6238	C#4	52	65	0
404	64.9291	65.5738	F#4	57	51	0
405	65.25	65.3	A4	62	67	0
406	65.2728	65.5594	F#3	44	53	0
407	65.6344	66.6166	D5	54	48	0
408	65.6531	66.6531	B3	40	44	0
409	65.95	66	A4	56	65	0
410	66.2488	66.3019	A4	56	65	0
411	66.3219	66.7456	G#4	76	57	0
412	66.6125	66.8125	G#3	47	55	0
413	66.7728	66.98	F#4	59	58	0
414	66.8219	68.0853	C#4	49	46	0
415	66.9759	67.2831	E4	65	57	0
416	67.2822	67.4509	D5	70	61	0
417	67.3062	67.4416	B4	65	62	0
418	67.6062	67.7322	A4	53	59	0
419	67.6156	67.6541	D5	39	62	0
420	67.6219	67.6969	C#5	77	67	0
421	67.7094	67.8094	D5	70	64	0
422	67.7769	67.9666	C#5	64	59	0
423	67.9281	68.0469	G#4	86	66	0
424	68.0687	68.2219	B4	85	64	0
425	68.2437	68.5706	A4	76	59	0
426	68.2612	68.5634	F#4	73	59	0
427	68.5822	68.7875	E4	94	64	0
428	68.605	68.8187	C#4	72	60	0
429	68.9156	69.6831	F#5	81	55	0
430	68.9219	68.9572	E4	87	73	0
431	68.9313	69.2394	B3	74	59	0
432	68.9813	69.0259	D4	71	69	0
433	69.055	69.1156	E4	80	69	0
434	69.1487	69.2956	D4	73	63	0
435	69.2781	69.4206	C#4	69	62	0
436	69.4156	69.4791	A3	77	68	0
437	69.6112	70.1969	B3	55	51	0
438	69.6259	70.1447	G#3	66	54	0
439	69.9219	70.0041	E5	82	67	0
440	70.2019	70.775	F#4	47	50	0
441	70.2156	70.8581	Bb3	45	48	0
442	70.2581	70.2916	E5	71	70	0
443	70.3166	70.3594	D5	67	68	0
444	70.3728	70.4237	E5	80	70	0
445	70.45	70.7581	D5	70	58	0
446	70.7791	70.9488	C#5	73	62	0
447	70.9353	70.9884	D5	65	67	0
448	70.9447	70.9988	B3	76	69	0
449	71.2862	71.4531	D4	94	65	0
450	71.2862	71.3259	B4	78	71	0
451	71.6072	71.6581	D4	86	70	0
452	71.6291	72.3009	E5	82	55	0
453	71.6353	72.08	G3	62	54	0
454	71.6906	71.7594	C#4	77	67	0
455	71.7531	71.8291	D4	84	68	0
456	71.8269	72.0625	C#4	66	59	0
457	72.1166	72.2687	B3	77	63	0
458	72.2916	72.3519	F#3	59	65	0
459	72.2916	72.6781	Bb3	66	56	0
460	72.6134	72.6737	F#5	82	69	0
461	72.6331	72.8769	F#3	55	56	0
462	72.955	72.9925	D5	71	70	0
463	72.9666	73.9759	B3	56	49	0
464	73.2812	73.3206	B4	55	66	0
465	73.3134	73.3572	G3	42	62	0
466	73.6375	73.8072	C#5	60	59	0
467	73.6394	73.6863	E3	57	66	0
468	73.8072	74.6541	C#5	14	32	0
469	73.9956	74.0687	C#3	55	63	0
470	74.3144	74.4906	F#3	58	59	0
471	74.3259	74.5	Bb3	55	58	0
472	74.6541	74.7469	F#4	91	68	0
473	74.6822	74.8875	Bb4	63	59	0
474	75.0072	75.0791	D4	88	69	0
475	75.0125	75.3406	B4	73	58	0
476	75.3322	75.375	B3	83	71	0
477	75.3353	75.4219	D5	73	65	0
478	75.6625	75.7344	E3	73	67	0
479	75.6644	75.7009	D5	72	70	0
480	75.6697	76.2938	G4	67	53	0
481	75.7166	75.7916	C#5	77	67	0
482	75.78	75.8844	D5	76	65	0
483	75.8884	76.1594	C#5	71	59	0
484	76.0062	76.0425	D3	58	67	0
485	76.1375	76.2978	B4	73	62	0
486	76.305	76.525	A4	72	60	0
487	76.3237	76.5644	C#3	60	57	0
488	76.6312	76.6894	F#4	84	69	0
489	76.6469	76.6894	A2	44	63	0
490	76.7656	76.85	E4	89	68	0
491	76.9469	77.7094	F#4	78	54	0
492	76.975	77.0269	D3	53	64	0
493	77.2728	77.3103	C#3	62	68	0
494	77.2987	77.8822	D5	54	51	0
495	77.5947	77.6331	B2	74	70	0
496	77.6166	77.9259	G4	61	56	0
497	77.9219	78.1175	D3	89	63	0
498	77.9259	78.2175	B4	71	58	0
499	78.2509	78.3031	D3	82	70	0
500	78.2738	78.9144	E4	78	55	0
501	78.3237	78.3969	C#3	84	68	0
502	78.4019	78.4719	D3	84	68	0
503	78.4791	78.6625	C#3	64	60	0
504	78.6019	78.8875	C#5	62	57	0
505	78.7219	78.7987	B2	69	65	0
506	78.8738	79.9719	F#4	76	52	0
507	78.88	78.9237	Bb2	75	70	0
508	79.2	79.2478	F#2	65	67	0
509	79.2237	79.2831	D4	73	68	0
510	79.355	79.4687	C#4	59	61	0
511	79.5166	80.1925	B2	60	52	0
512	79.5291	79.5853	D4	70	67	0
513	79.8719	79.9197	B3	68	68	0
514	80.2112	81.2237	C#4	61	50	0
515	80.5312	80.6009	F4	65	65	0
516	80.5394	80.5969	A2	42	61	0
517	80.6706	80.7362	G#2	56	64	0
518	80.8469	81.555	A2	44	48	0
519	80.8562	80.9125	F#4	63	66	0
520	81.1969	81.2478	A4	57	65	0
521	81.5144	81.8706	Eb4	57	55	0
522	81.5259	81.8125	B3	43	52	0
523	81.8238	82.1112	F#4	62	57	0
524	81.8281	81.875	G#2	72	69	0
525	81.9634	82.0019	F#2	61	68	0
526	82.13	82.7925	B4	59	52	0
527	82.1519	82.1969	G#2	69	68	0
528	82.4612	82.505	E2	59	67	0
529	82.4781	82.8072	G#4	56	55	0
530	82.7791	82.8362	C#3	69	67	0
531	82.7925	83.7853	E4	59	49	0
532	83.1081	83.175	C#2	54	63	0
533	83.1166	83.2	A4	76	66	0
534	83.2519	83.3344	G#4	84	67	0
535	83.425	84.0831	C#3	52	50	0
536	83.425	83.4656	A4	66	68	0
537	83.7456	83.8166	C#5	75	67	0
538	84.0769	84.5572	F#4	68	55	0
539	84.0925	84.7572	D4	58	51	0
540	84.3925	84.4362	B2	70	69	0
541	84.4041	84.6863	A4	55	55	0
542	84.5291	84.5644	A2	68	70	0
543	84.7072	85.4875	D5	75	54	0
544	84.7238	84.7613	B2	66	69	0
545	85.05	85.0925	G#2	55	66	0
546	85.0697	85.3781	B4	51	54	0
547	85.3594	85.4	F2	48	65	0
548	85.3644	85.6697	G#4	62	56	0
549	85.6697	85.9144	G#3	61	57	0
550	85.6697	85.7759	D5	75	65	0
551	85.7031	85.7425	F4	47	64	0
552	85.9488	86.2478	F3	52	54	0
553	85.975	86.0125	D5	59	68	0
554	86.0206	86.0894	C#5	78	68	0
555	86.0894	86.1719	D5	85	68	0
556	86.1625	86.3238	C#5	69	61	0
557	86.2987	86.4353	G#4	78	64	0
558	86.3197	86.3666	C#3	45	63	0
559	86.4406	86.6063	B4	76	62	0
560	86.6063	87.63	A4	63	50	0
561	86.6206	86.6594	F#3	61	68	0
562	86.9487	86.9978	G#3	67	68	0
563	86.9487	87.0603	F#4	60	62	0
564	87.0644	87.1362	F4	66	65	0
565	87.2531	87.3269	F#4	65	65	0
566	87.2603	87.3134	A3	61	66	0
567	87.5656	87.6072	F#3	76	70	0
568	87.5769	87.8425	Eb4	70	59	0
569	87.9019	87.9937	G#3	65	64	0
570	87.9072	88.8156	C4	70	52	0
571	88.2331	88.3988	G#4	85	64	0
572	88.2375	88.2737	G#2	71	70	0
573	88.3675	88.5831	F#4	77	61	0
574	88.5656	88.6594	G#4	79	66	0
575	88.8572	88.9175	G#3	90	70	0
576	88.8706	89.0125	Eb4	85	65	0
577	89.1688	89.2081	E4	87	72	0
578	89.1737	89.2166	E3	85	71	0
579	89.1781	89.2125	C#4	70	70	0
580	89.4925	89.5438	E5	90	71	0
581	89.5063	89.5487	C#3	67	68	0
582	89.8541	90.8269	A3	80	53	0
583	89.8541	89.9144	E5	74	68	0
584	89.9103	89.9862	Eb5	72	66	0
585	89.9697	90.0812	E5	81	65	0
586	90.0353	90.3969	Eb5	69	57	0
587	90.3644	90.5322	C#5	80	63	0
588	90.4978	90.8041	C5	89	61	0
589	90.8	90.8625	F#5	91	70	0
590	90.8188	90.9206	G#3	81	66	0
591	90.8188	90.85	Eb5	63	69	0
592	90.9541	91.0728	F#3	81	65	0
593	91.1188	91.8322	G#3	89	56	0
594	91.1322	91.4363	E5	90	61	0
595	91.1509	91.2719	Eb5	74	64	0
596	91.2394	91.3019	C#5	77	68	0
597	91.3384	91.5041	Eb5	64	60	0
598	91.4416	91.5853	C#5	67	62	0
599	91.6041	91.7384	C5	81	64	0
600	91.7894	92.65	E5	89	55	0
601	91.8113	91.9781	C#5	70	61	0
602	91.9781	92.1644	C#5	6	31	0
603	92.1206	92.4259	B4	76	59	0
604	92.1291	92.1925	C#4	85	69	0
605	92.4675	93.0812	F#3	90	57	0
606	92.4728	92.5312	A4	69	67	0
607	92.7853	93.0291	Eb5	86	62	0
608	92.7894	92.8291	F#4	72	70	0
609	92.9166	93.1	C#5	86	63	0
610	93.0844	93.3072	C4	68	59	0
611	93.0938	93.2197	G#5	90	66	0
612	93.3906	93.5019	E3	80	65	0
613	93.3978	93.4291	Eb4	79	72	0
614	93.3978	93.4291	C5	90	74	0
615	93.5166	93.6781	Eb3	80	63	0
616	93.6863	93.755	E3	64	65	0
617	93.6937	94.8519	C#5	89	53	0
618	93.6978	94.3353	G#3	73	54	0
619	94.0394	94.2969	C#3	64	58	0
620	94.0487	94.1281	G#4	75	66	0
621	94.3675	94.5009	F#4	65	62	0
622	94.3791	95.0144	Eb3	56	51	0
623	94.5394	94.7406	G#4	62	59	0
624	94.6769	94.8081	F#4	61	61	0
625	94.8166	94.9956	E4	65	60	0
626	94.9688	95.5144	G#3	49	50	0
627	94.975	95.325	C5	74	58	0
628	95	95.0844	F#4	50	61	0
629	95.1531	95.2947	E4	57	60	0
630	95.2894	95.4188	Eb4	56	60	0
631	95.4375	95.6019	F#4	52	58	0
632	95.5656	95.8487	C#3	35	50	0
633	95.6112	96.1894	C#5	61	53	0
634	95.6188	95.73	E4	54	60	0
635	95.7656	95.9134	F#4	58	60	0
636	95.9134	96.0812	E4	59	59	0
637	96.0769	96.1353	Eb4	63	66	0
638	96.225	96.3019	E4	68	65	0
639	96.3728	96.4813	Eb4	55	61	0
640	96.5062	96.5791	C#4	59	64	0
641	96.5112	96.5634	C#5	65	67	0
642	96.6719	96.7562	E4	51	61	0
643	96.8541	96.9081	Eb4	43	62	0
644	96.8563	96.9781	B4	47	58	0
645	97.0156	97.1094	C#5	54	61	0
646	97.1519	97.2375	B4	55	62	0
647	97.1603	97.1925	G#4	56	68	0
648	97.2853	97.3978	A4	56	61	0
649	97.4394	97.5666	B4	63	62	0
650	97.4487	97.4916	C#4	48	64	0
651	97.5863	97.6822	A4	59	62	0
652	97.7487	97.8759	G#4	61	61	0
653	97.7531	97.8009	F4	52	65	0
654	97.8916	98.0019	B4	64	63	0
655	98.0572	98.1166	F#4	62	66	0
656	98.0613	98.2425	A4	61	59	0
657	98.205	98.2812	D4	64	65	0
658	98.2094	98.4113	B4	71	60	0
659	98.3406	98.4353	C#4	68	64	0
660	98.3625	98.4844	A4	68	63	0
661	98.4916	98.5487	B3	70	67	0
662	98.4969	98.6081	G#4	80	65	0
663	98.6281	98.7156	C#4	72	65	0
664	98.6425	98.83	A4	76	62	0
665	98.7759	98.9197	A3	67	62	0
666	98.7812	98.9562	G#4	84	63	0
667	98.9291	98.9738	F#3	69	68	0
668	98.9331	99.1031	F#4	81	63	0
669	98.9487	99.0228	D4	69	66	0
670	99.0884	99.2188	A4	79	64	0
671	99.2281	99.2822	G#4	85	70	0
672	99.2437	99.3237	E3	74	66	0
673	99.3822	99.5081	F#3	80	65	0
674	99.5291	99.5906	G#3	80	69	0
675	99.5291	99.5947	C#5	86	69	0
676	99.5425	99.6375	E3	69	64	0
677	99.6769	99.7375	D3	60	65	0
678	99.83	99.8759	F#4	80	70	0
679	99.8384	99.9363	E3	61	63	0
680	99.8456	99.8844	Bb3	65	69	0
681	99.9875	100.129	D3	67	62	0
682	100.133	100.202	Bb4	74	67	0
683	100.138	100.226	C#3	66	64	0
684	100.148	100.178	C#4	54	68	0
685	100.294	100.43	E3	65	62	0
686	100.439	100.516	B4	74	66	0
687	100.449	100.521	F#3	55	63	0
688	100.463	100.539	D3	51	62	0
689	100.596	100.692	E3	57	62	0
690	100.753	100.795	F#4	76	70	0
691	100.76	100.85	D3	56	62	0
692	100.904	101.002	C#3	56	62	0
693	101.063	102.204	B4	69	50	0
694	101.083	101.164	D3	51	61	0
695	101.207	101.312	C#3	55	61	0
696	101.374	101.504	B2	47	58	0
697	101.378	101.692	F#4	60	56	0
698	101.516	101.594	D3	56	63	0
699	101.687	101.725	C#3	66	69	0
700	101.705	101.828	E4	59	61	0
701	101.835	102.192	F#4	53	54	0
702	102.005	102.05	F#2	55	66	0
703	102.009	102.177	E4	52	58	0
704	102.173	102.308	Eb4	58	60	0
705	102.317	102.358	F#3	62	68	0
706	102.325	102.371	E4	66	68	0
707	102.325	103.154	A4	70	52	0
708	102.495	102.589	Eb4	54	61	0
709	102.65	102.686	A3	51	66	0
710	102.65	102.751	C#4	48	59	0
711	102.794	102.97	E4	50	57	0
712	102.96	102.996	B2	68	70	0
713	102.981	103.132	Eb4	55	59	0
714	103.147	103.305	E4	54	58	0
715	103.298	103.35	B3	66	67	0
716	103.324	103.395	Eb4	56	63	0
717	103.442	103.551	C#4	55	61	0
718	103.591	103.641	E3	64	67	0
719	103.6	103.685	Eb4	54	62	0
720	103.6	104.601	G#4	68	51	0
721	103.728	103.881	C#4	50	58	0
722	103.895	103.938	G#3	54	66	0
723	103.907	104.042	C4	52	59	0
724	104.067	104.221	Eb4	46	57	0
725	104.203	104.247	A2	66	68	0
726	104.221	104.349	C#4	55	60	0
727	104.381	104.582	Eb4	53	57	0
728	104.51	104.623	C#4	58	61	0
729	104.533	104.577	G#2	56	66	0
730	104.652	104.81	C4	63	60	0
731	104.81	104.85	A2	69	69	0
732	104.81	105.039	F#4	70	60	0
733	104.814	105.005	C#4	55	58	0
734	104.96	105.098	E4	62	61	0
735	105.111	105.216	Eb4	63	63	0
736	105.146	105.447	A3	90	61	0
737	105.288	105.426	C#4	52	59	0
738	105.47	105.509	C4	66	69	0
739	105.479	105.576	G#3	70	64	0
740	105.484	105.521	G#4	72	70	0
741	105.617	105.71	A3	66	64	0
742	105.77	105.817	C5	67	68	0
743	105.774	105.881	G#3	64	63	0
744	105.778	105.817	Eb4	51	66	0
745	105.913	106.004	F#3	69	64	0
746	106.067	106.21	G#3	64	61	0
747	106.075	106.112	C#5	74	70	0
748	106.084	106.12	E4	63	69	0
749	106.224	106.334	F#3	56	61	0
750	106.374	106.428	E5	78	69	0
751	106.386	106.424	G#4	66	69	0
752	106.406	106.472	E3	53	63	0
753	106.552	106.631	G#3	58	63	0
754	106.696	106.777	F#3	60	63	0
755	106.841	106.921	G#3	55	62	0
756	107.001	107.122	F#3	58	61	0
757	107.001	107.059	E5	83	69	0
758	107.005	107.038	G#4	73	71	0
759	107.157	107.246	E3	51	61	0
760	107.312	107.394	F#3	59	63	0
761	107.312	107.341	F#4	54	68	0
762	107.312	107.351	Eb5	72	70	0
763	107.441	107.601	E3	52	58	0
764	107.616	107.714	Eb3	60	62	0
765	107.616	107.683	F#5	72	67	0
766	107.625	107.66	A4	58	68	0
767	107.788	107.867	F#3	59	63	0
768	107.938	108.014	E3	65	65	0
769	108.062	108.17	F#3	63	62	0
770	108.228	108.319	E3	58	62	0
771	108.232	108.33	C5	75	65	0
772	108.241	108.341	G#4	66	63	0
773	108.356	108.426	Eb3	66	65	0
774	108.366	108.441	F#4	76	67	0
775	108.526	108.626	E3	54	61	0
776	108.535	108.968	G#4	58	54	0
777	108.539	108.918	C#5	69	57	0
778	108.664	108.783	Eb3	63	62	0
779	108.834	108.939	C#3	65	63	0
780	108.851	109.008	Bb4	70	62	0
781	108.975	109.071	E3	68	64	0
782	109.136	109.21	G2	84	68	0
783	109.16	109.317	Eb4	89	65	0
784	109.298	109.41	E4	84	66	0
785	109.467	109.509	Bb2	75	70	0
786	109.467	109.574	Eb4	78	65	0
787	109.467	109.558	G4	82	67	0
788	109.603	109.788	C#4	78	62	0
789	109.761	110.348	G#4	93	58	0
790	109.764	109.901	Eb4	80	64	0
791	109.779	109.817	B2	66	69	0
792	109.92	110.063	C#4	64	61	0
793	110.078	110.133	E3	67	67	0
794	110.082	110.209	B3	69	63	0
795	110.233	110.374	Eb4	76	63	0
796	110.385	110.539	C#4	84	64	0
797	110.392	110.457	Bb2	82	68	0
798	110.535	110.681	Eb4	75	63	0
799	110.692	110.746	C#4	77	69	0
800	110.692	110.761	Bb4	87	69	0
801	110.699	110.757	C#3	81	69	0
802	110.83	110.935	B3	81	66	0
803	110.985	111.068	Eb3	81	67	0
804	110.999	111.205	C#4	80	62	0
805	110.999	111.104	Eb4	80	66	0
806	111.137	111.201	B3	76	68	0
807	111.279	111.38	G4	77	65	0
808	111.283	111.35	Eb2	83	69	0
809	111.293	111.385	Bb3	76	66	0
810	111.438	111.499	C#4	69	67	0
811	111.594	111.935	G#4	76	58	0
812	111.599	111.638	G#2	73	70	0
813	111.607	111.667	B3	57	65	0
814	111.75	111.925	C#4	43	55	0
815	111.905	111.974	G#3	68	66	0
816	111.914	111.987	Eb4	53	63	0
817	112.03	112.072	B3	50	65	0
818	112.045	112.12	F#3	70	66	0
819	112.206	112.247	G#3	58	67	0
820	112.242	113.292	E4	46	46	0
821	112.399	112.478	A4	38	58	0
822	112.545	112.591	G#2	53	65	0
823	112.554	112.626	B4	42	60	0
824	112.701	112.874	G#4	55	58	0
825	112.864	112.904	F#2	63	68	0
826	112.883	113.012	A4	45	57	0
827	113.027	113.267	B4	53	56	0
828	113.186	113.324	A4	53	59	0
829	113.21	113.267	F#3	59	65	0
830	113.333	113.387	E3	58	65	0
831	113.338	113.406	G#4	66	66	0
832	113.486	113.529	F#3	58	67	0
833	113.494	113.729	A4	66	59	0
834	113.539	113.878	Eb4	33	48	0
835	113.657	113.885	G#4	53	56	0
836	113.801	113.846	B2	59	67	0
837	113.828	113.977	F#4	60	60	0
838	113.96	114.07	A4	65	63	0
839	114.113	114.205	E3	57	62	0
840	114.132	114.3	G#4	66	61	0
841	114.141	114.968	E4	44	47	0
842	114.275	114.336	F#3	59	65	0
843	114.275	114.417	A4	58	60	0
844	114.398	114.509	B4	72	64	0
845	114.42	114.494	G#3	68	65	0
846	114.549	114.75	G#4	80	62	0
847	114.556	114.652	E3	67	64	0
848	114.726	115.056	C#5	86	60	0
849	114.737	114.835	A3	63	63	0
850	114.885	115.087	B4	72	61	0
851	114.892	115.056	B3	58	59	0
852	115.051	115.211	A4	72	62	0
853	115.056	115.194	C#4	61	61	0
854	115.216	115.377	G#4	79	63	0
855	115.219	115.348	A3	59	61	0
856	115.388	116.011	F#4	68	54	0
857	115.392	115.474	D4	58	63	0
858	115.552	115.636	E4	51	61	0
859	115.664	115.731	C#5	79	68	0
860	115.692	115.75	D4	60	65	0
861	115.885	115.953	C#4	69	66	0
862	115.963	116.375	B4	59	54	0
863	116.017	116.062	C#4	40	62	0
864	116.075	116.135	D4	62	65	0
865	116.222	116.321	C#4	60	62	0
866	116.274	116.721	F#4	72	56	0
867	116.371	116.447	B3	58	63	0
868	116.478	116.601	D4	70	63	0
869	116.606	116.982	E4	71	57	0
870	116.62	116.725	C#4	59	62	0
871	116.751	116.927	B4	69	61	0
872	116.759	116.873	D4	62	62	0
873	116.907	117.076	A4	69	61	0
874	116.911	117.016	C#4	63	63	0
875	117.05	117.261	G#4	81	62	0
876	117.059	117.17	B3	67	63	0
877	117.205	117.369	A4	77	63	0
878	117.217	117.328	C#4	63	62	0
879	117.342	117.476	B3	71	63	0
880	117.355	117.536	B4	79	62	0
881	117.498	117.645	A3	71	62	0
882	117.507	117.614	C#5	86	66	0
883	117.645	117.725	C#4	79	67	0
884	117.645	117.817	A4	78	62	0
885	117.813	118.545	B3	87	56	0
886	117.825	118.008	D5	84	63	0
887	117.995	118.192	E5	77	62	0
888	118.134	118.172	A4	78	71	0
889	118.146	118.332	D5	86	63	0
890	118.285	118.51	C#5	84	62	0
891	118.459	119.119	G#4	93	57	0
892	118.467	118.739	D5	84	61	0
893	118.638	118.803	C#5	82	63	0
894	118.777	118.817	E4	65	68	0
895	118.785	118.932	B4	81	64	0
896	118.928	119.155	D5	79	61	0
897	119.109	119.861	A3	83	55	0
898	119.109	119.305	C#5	85	63	0
899	119.259	119.457	D5	77	62	0
900	119.435	119.614	C#5	85	63	0
901	119.447	119.505	C#4	74	68	0
902	119.576	119.767	B4	80	62	0
903	119.753	120.283	F#4	77	56	0
904	119.753	119.959	C#5	88	63	0
905	119.897	120.054	B4	82	64	0
906	120.052	120.244	A4	71	61	0
907	120.06	120.382	D4	64	57	0
908	120.192	120.27	C#5	81	67	0
909	120.376	121.445	B4	70	51	0
910	120.377	120.574	G#3	56	58	0
911	120.533	120.671	A4	51	58	0
912	120.682	120.791	G#4	59	62	0
913	120.723	120.763	B3	50	65	0
914	120.833	120.986	F#4	50	58	0
915	121.008	121.056	F3	59	66	0
916	121.013	121.219	G#4	51	56	0
917	121.162	121.334	F#4	55	58	0
918	121.334	121.399	C#3	58	64	0
919	121.343	121.477	F4	52	59	0
920	121.491	121.617	G#4	64	62	0
921	121.66	122.302	F#3	51	50	0
922	121.672	121.816	F#4	56	59	0
923	121.81	121.966	G#4	59	60	0
924	121.98	122.045	Bb4	55	64	0
925	121.991	122.037	C#4	53	65	0
926	122.107	122.242	B4	66	62	0
927	122.272	122.375	Bb4	67	63	0
928	122.302	122.884	D4	59	52	0
929	122.402	122.598	B4	63	59	0
930	122.576	122.685	C#5	74	64	0
931	122.585	122.646	F#3	65	66	0
932	122.726	122.834	Bb4	72	64	0
933	122.879	123.057	B4	67	60	0
934	122.904	123.527	G3	63	53	0
935	123.056	123.198	Bb4	71	62	0
936	123.202	123.244	Eb4	68	69	0
937	123.206	123.372	B4	72	62	0
938	123.357	123.532	C#5	78	62	0
939	123.523	124.096	E4	80	56	0
940	123.523	123.786	B4	76	60	0
941	123.68	123.883	C#5	74	61	0
942	123.821	123.891	G#3	81	68	0
943	123.839	124.084	D5	82	61	0
944	123.976	124.373	B4	79	58	0
945	124.135	124.761	A3	90	57	0
946	124.144	124.226	C#5	82	67	0
947	124.391	124.536	C#5	76	63	0
948	124.45	124.628	F4	82	63	0
949	124.544	124.658	D5	74	64	0
950	124.719	124.907	C#5	88	63	0
951	124.738	125.869	F#4	77	52	0
952	124.888	125.099	D5	78	61	0
953	125.032	125.163	Bb3	71	63	0
954	125.051	125.239	E5	75	61	0
955	125.21	125.432	C#5	68	59	0
956	125.354	125.406	B3	68	67	0
957	125.385	125.485	D5	56	61	0
958	125.52	125.779	E5	50	55	0
959	125.659	125.702	F#3	60	67	0
960	125.664	125.761	D5	53	61	0
961	125.808	125.973	C#5	60	59	0
962	125.977	126.031	B2	58	65	0
963	125.981	126.136	D5	57	59	0
964	126.129	126.295	C#5	60	59	0
965	126.28	126.333	D3	51	64	0
966	126.287	126.416	B4	61	61	0
967	126.427	126.472	D5	61	67	0
968	126.611	126.894	G4	82	60	0
969	126.627	126.673	E3	58	66	0
970	126.764	126.861	F#4	65	63	0
971	126.894	127.707	G4	7	24	0
972	126.933	126.983	F#3	58	66	0
973	126.933	127.05	E4	60	61	0
974	127.07	127.174	D4	62	62	0
975	127.213	127.302	E4	63	63	0
976	127.237	127.311	G3	46	61	0
977	127.361	127.508	D4	55	59	0
978	127.529	127.571	E3	61	67	0
979	127.529	127.65	C#4	59	61	0
980	127.673	127.975	E4	62	57	0
981	127.839	127.905	C#3	63	65	0
982	127.852	128.856	A3	73	52	0
983	127.984	128.175	G4	75	61	0
984	128.156	128.33	F#4	75	62	0
985	128.17	128.211	A2	45	64	0
986	128.307	128.482	E4	72	61	0
987	128.469	128.505	D3	49	65	0
988	128.476	128.631	F#4	70	62	0
989	128.621	128.917	E4	62	57	0
990	128.782	128.853	F#2	63	65	0
991	128.796	128.917	D4	55	60	0
992	128.912	129.049	F#4	70	62	0
993	129.096	129.236	B3	69	62	0
994	129.123	129.356	G2	42	53	0
995	129.253	129.382	A3	62	61	0
996	129.411	129.463	B2	44	62	0
997	129.424	129.526	G3	57	62	0
998	129.556	129.661	F#3	63	63	0
999	129.705	129.988	C#4	65	57	0
1000	129.71	129.778	G3	58	64	0
1001	129.738	129.852	E2	24	50	0
1002	129.846	129.991	F#3	57	60	0
1003	130.004	130.044	A2	55	66	0
1004	130.016	130.152	E3	65	62	0
1005	130.171	130.279	G3	49	59	0
1006	130.316	130.363	D4	63	67	0
1007	130.331	130.367	F#3	55	67	0
1008	130.344	130.41	D3	53	63	0
1009	130.493	130.578	C#3	49	61	0
1010	130.628	130.667	F#4	68	69	0
1011	130.652	130.717	D3	53	63	0
1012	130.798	130.862	E3	61	65	0
1013	130.933	131.02	D3	57	62	0
1014	130.963	131.588	B4	62	52	0
1015	131.092	131.164	G3	55	63	0
1016	131.255	131.325	F#3	58	64	0
1017	131.279	131.338	B3	56	64	0
1018	131.399	131.438	G3	58	67	0
1019	131.579	131.892	E4	68	57	0
1020	131.593	131.66	C#3	57	64	0
1021	131.751	131.886	B2	45	57	0
1022	131.903	132.06	Bb4	68	61	0
1023	131.911	132.011	C#3	56	61	0
1024	132.03	132.198	G#4	68	61	0
1025	132.051	132.152	D3	53	61	0
1026	132.192	132.241	Bb4	74	69	0
1027	132.2	132.269	C#3	62	65	0
1028	132.353	132.421	F#3	63	65	0
1029	132.5	132.555	F#4	95	71	0
1030	132.519	132.58	E3	68	67	0
1031	132.646	132.702	F#3	63	66	0
1032	132.81	133.457	B4	91	57	0
1033	132.814	132.87	D4	86	70	0
1034	132.819	132.942	B2	60	61	0
1035	132.976	133.077	C#3	64	63	0
1036	133.154	133.251	D3	60	62	0
1037	133.158	133.192	B3	89	73	0
1038	133.296	133.457	B2	58	59	0
1039	133.479	133.605	E3	62	61	0
1040	133.479	134.117	G4	92	57	0
1041	133.636	133.733	D3	50	60	0
1042	133.789	133.867	C#3	55	63	0
1043	133.803	133.845	E5	77	70	0
1044	133.932	134.121	B2	45	55	0
1045	134.121	134.388	A4	69	58	0
1046	134.146	134.276	C#3	49	58	0
1047	134.264	134.379	E3	55	60	0
1048	134.438	134.499	F#4	86	69	0
1049	134.441	134.508	D3	59	64	0
1050	134.573	134.689	C#3	64	62	0
1051	134.577	134.661	E4	85	67	0
1052	134.748	135.413	F#4	91	57	0
1053	134.761	134.816	D3	65	67	0
1054	134.907	135.037	E3	57	60	0
1055	135.067	135.141	F#3	62	64	0
1056	135.077	135.47	D5	63	55	0
1057	135.213	135.292	D3	58	63	0
1058	135.409	135.476	E3	63	65	0
1059	135.413	135.67	G4	74	60	0
1060	135.557	135.674	D3	54	60	0
1061	135.707	135.752	B4	88	71	0
1062	135.723	135.809	E3	66	64	0
1063	135.87	135.95	F#3	66	65	0
1064	136.013	136.836	E4	85	55	0
1065	136.023	136.142	G3	55	60	0
1066	136.176	136.252	F#3	57	63	0
1067	136.326	136.424	E3	51	60	0
1068	136.339	136.696	C5	72	57	0
1069	136.498	136.627	G3	57	60	0
1070	136.648	136.907	Bb4	75	60	0
1071	136.656	136.819	F#3	63	60	0
1072	136.813	136.898	G#3	68	65	0
1073	136.954	137.041	Bb3	77	66	0
1074	136.954	137.041	F#4	90	68	0
1075	136.963	137.006	D4	80	70	0
1076	137.091	137.167	F#3	79	67	0
1077	137.096	137.16	C#4	83	69	0
1078	137.237	137.434	B3	87	63	0
1079	137.246	137.796	D4	84	57	0
1080	137.271	137.348	F#4	81	67	0
1081	137.41	137.516	B2	83	66	0
1082	137.41	137.686	B4	84	61	0
1083	137.57	137.912	B3	96	61	0
1084	137.589	137.738	C#5	88	65	0
1085	137.721	137.845	D5	86	65	0
1086	137.9	138.206	F4	79	59	0
1087	137.908	138.87	C#4	82	53	0
1088	138.063	138.185	A3	62	62	0
1089	138.21	138.314	G#3	64	63	0
1090	138.227	138.28	C#5	83	70	0
1091	138.344	138.464	B3	62	62	0
1092	138.511	138.599	A3	69	65	0
1093	138.511	139.142	F#4	80	56	0
1094	138.652	138.769	G#3	66	63	0
1095	138.803	138.864	F#3	64	66	0
1096	138.951	139.097	A3	69	62	0
1097	139.138	139.394	B3	74	60	0
1098	139.15	139.25	G#3	62	63	0
1099	139.291	139.441	A3	61	60	0
1100	139.428	139.643	F4	74	61	0
1101	139.442	139.591	G#3	69	62	0
1102	139.566	139.772	F#4	82	62	0
1103	139.578	139.696	F#3	75	64	0
1104	139.727	139.841	G#4	85	66	0
1105	139.731	139.868	F3	71	63	0
1106	139.868	139.995	F#3	70	63	0
1107	139.868	139.987	A4	79	65	0
1108	140.021	140.096	G#3	72	66	0
1109	140.021	140.192	B4	84	63	0
1110	140.154	140.305	F3	70	62	0
1111	140.169	140.366	G#4	93	64	0
1112	140.332	140.525	B4	85	63	0
1113	140.336	140.638	F#3	65	57	0
1114	140.482	140.675	A4	84	63	0
1115	140.638	140.796	G#3	68	61	0
1116	140.638	140.776	G#4	92	66	0
1117	140.771	140.876	F#4	82	66	0
1118	140.792	140.904	A3	68	63	0
1119	140.947	141.749	D5	89	56	0
1120	140.956	141.067	B3	60	62	0
1121	141.124	141.212	A3	57	62	0
1122	141.126	141.212	C#5	65	64	0
1123	141.262	141.351	B4	61	63	0
1124	141.274	141.36	G#3	53	62	0
1125	141.407	141.469	F#3	58	65	0
1126	141.407	141.685	A4	51	55	0
1127	141.553	141.867	G#4	69	58	0
1128	141.57	141.685	E3	55	60	0
1129	141.705	141.772	F#3	58	64	0
1130	141.848	141.963	E3	65	62	0
1131	141.864	142.05	C#5	99	65	0
1132	142.006	142.076	D3	61	64	0
1133	142.006	142.202	B4	90	64	0
1134	142.15	142.253	E3	59	62	0
1135	142.166	142.722	C#5	93	58	0
1136	142.316	142.386	D3	57	64	0
1137	142.337	142.55	B4	71	60	0
1138	142.45	142.507	C#3	66	67	0
1139	142.471	142.61	A4	65	61	0
1140	142.605	142.722	E3	71	63	0
1141	142.617	142.731	G#4	72	64	0
1142	142.77	142.833	F#4	86	69	0
1143	142.772	142.843	D3	75	67	0
1144	142.894	143.031	E3	67	62	0
1145	143.057	143.105	F#5	93	72	0
1146	143.061	143.144	D3	77	66	0
1147	143.061	143.088	A4	86	74	0
1148	143.206	143.278	C#3	68	66	0
1149	143.354	143.426	D3	60	64	0
1150	143.37	144.207	B4	75	53	0
1151	143.375	143.434	A4	74	68	0
1152	143.439	143.512	G#4	91	69	0
1153	143.474	143.557	C#3	67	65	0
1154	143.528	143.58	A4	66	67	0
1155	143.585	143.861	G#4	69	58	0
1156	143.646	143.725	B2	67	65	0
1157	143.799	143.914	D3	62	62	0
1158	143.809	143.966	F#4	80	63	0
1159	143.966	144.128	F4	77	63	0
1160	143.97	144.075	C#3	72	64	0
1161	144.119	144.212	D3	75	65	0
1162	144.269	144.429	A4	87	64	0
1163	144.277	144.353	C#3	73	66	0
1164	144.277	144.344	C#4	80	68	0
1165	144.396	144.503	G#4	90	67	0
1166	144.417	144.519	B2	72	64	0
1167	144.562	144.884	A4	88	60	0
1168	144.587	144.778	F#4	74	61	0
1169	144.594	144.662	C#3	68	66	0
1170	144.735	144.832	B2	63	63	0
1171	144.888	145.162	F#4	80	60	0
1172	144.9	144.988	A2	59	63	0
1173	145.052	145.139	C#3	66	64	0
1174	145.192	145.372	A4	74	62	0
1175	145.208	145.337	B2	63	61	0
1176	145.386	145.448	G#4	66	66	0
1177	145.401	145.459	A2	9	42	0
1178	145.427	145.505	C#3	60	64	0
1179	145.483	145.532	A4	61	66	0
1180	145.549	145.617	B2	51	62	0
1181	145.556	145.606	G#4	84	70	0
1182	145.634	145.685	A2	47	63	0
1183	145.638	145.689	A4	70	68	0
1184	145.703	145.755	G#4	79	69	0
1185	145.774	145.906	B2	67	62	0
1186	145.774	145.849	A4	74	66	0
1187	145.839	145.933	F4	47	60	0
1188	145.849	145.917	G#4	87	69	0
1189	145.933	145.992	F4	32	57	0
1190	145.933	146.009	A4	68	65	0
1191	145.948	146.052	A2	42	58	0
1192	146.031	146.067	G#4	68	70	0
1193	146.074	146.177	G#2	54	61	0
1194	146.083	146.146	A4	62	65	0
1195	146.155	146.218	G#4	75	68	0
1196	146.233	146.429	B2	47	56	0
1197	146.239	146.28	A4	56	66	0
1198	146.32	146.47	G#4	61	60	0
1199	146.508	146.621	A2	39	56	0
1200	146.508	146.805	F#4	44	52	0
1201	146.698	146.805	G#2	48	59	0
1202	146.876	147.174	C#5	51	54	0
1203	146.889	146.983	F#2	39	57	0
1204	147.037	147.137	G#2	49	60	0
1205	147.219	147.288	A2	44	60	0
1206	147.219	147.545	F#5	63	56	0
1207	147.385	147.522	B2	37	55	0
1208	147.535	147.974	A5	60	54	0
1209	147.558	147.68	C#3	46	58	0
1210	147.739	147.839	Eb3	51	60	0
1211	147.917	148.017	E3	42	58	0
1212	147.925	149.256	G#5	64	49	0
1213	148.083	148.175	Eb3	45	59	0
1214	148.239	148.528	G#4	61	57	0
1215	148.247	148.363	C#3	49	59	0
1216	148.401	148.499	Eb3	60	62	0
1217	148.552	148.909	C#5	63	56	0
1218	148.563	148.664	E3	54	61	0
1219	148.716	148.849	F#3	56	60	0
1220	148.888	149.024	G#3	53	59	0
1221	148.904	149.245	E5	70	57	0
1222	149.056	149.155	Bb3	60	62	0
1223	149.209	149.332	C4	52	59	0
1224	149.219	150.459	Eb5	77	51	0
1225	149.358	149.474	Bb3	53	60	0
1226	149.529	149.91	A5	83	59	0
1227	149.558	149.688	C4	50	59	0
1228	149.718	149.795	C#4	53	62	0
1229	149.868	150.15	G#5	80	60	0
1230	149.876	150.035	C4	57	59	0
1231	150.045	150.145	C#4	50	60	0
1232	150.199	150.414	F#5	80	62	0
1233	150.21	150.309	Eb4	59	62	0
1234	150.352	150.495	C4	57	60	0
1235	150.532	150.635	C#4	52	60	0
1236	150.536	151.854	E5	77	51	0
1237	150.711	150.785	Eb4	49	61	0
1238	150.838	151.097	G#4	60	57	0
1239	150.874	150.962	E4	50	61	0
1240	151.023	151.118	Eb4	45	59	0
1241	151.172	151.234	C#4	49	62	0
1242	151.176	151.487	C#5	64	57	0
1243	151.302	151.401	B3	52	61	0
1244	151.482	151.569	A3	46	60	0
1245	151.505	151.827	B4	58	55	0
1246	151.625	151.823	G#3	51	56	0
1247	151.817	151.917	F#3	51	60	0
1248	151.823	152.991	A4	59	48	0
1249	151.966	152.229	E3	55	56	0
1250	152.116	152.409	E5	84	60	0
1251	152.146	152.286	F#3	53	59	0
1252	152.298	152.37	G#3	61	64	0
1253	152.45	152.578	F#3	55	60	0
1254	152.45	152.767	Eb5	72	58	0
1255	152.597	152.811	G#3	54	57	0
1256	152.771	152.838	A3	55	63	0
1257	152.78	153.124	F#5	75	58	0
1258	152.905	153.022	F#3	57	61	0
1259	153.079	153.158	G#3	63	64	0
1260	153.079	153.701	C5	70	54	0
1261	153.225	153.352	F#3	58	61	0
1262	153.378	153.45	G#3	60	64	0
1263	153.4	153.646	Eb4	62	58	0
1264	153.504	153.667	A3	69	61	0
1265	153.68	153.809	G#3	67	62	0
1266	153.685	153.988	G#4	76	59	0
1267	153.823	153.899	F#3	66	65	0
1268	153.968	154.053	E3	76	66	0
1269	153.988	154.18	F#4	60	59	0
1270	153.998	154.287	Eb5	53	55	0
1271	154.118	154.161	Eb3	83	71	0
1272	154.26	154.331	E3	88	69	0
1273	154.283	154.584	G#4	77	59	0
1274	154.323	154.323	D3	26	127	0
1275	154.445	154.594	F#4	69	62	0
1276	154.571	154.622	C#3	88	71	0
1277	154.617	154.745	E4	69	63	0
1278	154.758	154.922	Eb4	70	61	0
1279	154.907	155.875	A3	100	56	0
1280	154.917	155.01	C#4	62	63	0
1281	155.073	155.185	Eb4	66	63	0
1282	155.236	155.281	E4	80	70	0
1283	155.247	155.547	C#5	79	60	0
1284	155.405	155.441	C#4	74	71	0
1285	155.558	155.706	Eb4	80	64	0
1286	155.558	155.76	B4	88	63	0
1287	155.731	155.859	C#5	78	64	0
1288	155.863	155.975	G#3	85	66	0
1289	155.882	156.088	B4	83	62	0
1290	156.001	156.15	F#3	81	64	0
1291	156.032	156.145	A4	75	64	0
1292	156.158	156.794	G#3	80	56	0
1293	156.17	156.385	B4	77	61	0
1294	156.319	156.439	A4	74	64	0
1295	156.464	156.519	E4	66	67	0
1296	156.486	156.616	G#4	78	64	0
1297	156.611	156.805	B4	79	62	0
1298	156.761	156.805	C#4	80	70	0
1299	156.777	156.96	A4	78	62	0
1300	156.921	157.207	B4	81	60	0
1301	157.076	157.138	C#4	93	70	0
1302	157.085	157.207	A4	75	64	0
1303	157.116	157.148	E4	54	67	0
1304	157.211	157.294	G#4	79	67	0
1305	157.357	157.397	E4	56	67	0
1306	157.373	157.504	A4	74	63	0
1307	157.386	157.97	F#3	75	55	0
1308	157.386	157.801	Eb4	83	58	0
1309	157.477	157.694	G#4	77	61	0
1310	157.676	157.844	F#4	77	62	0
1311	157.839	158.05	A4	75	61	0
1312	157.849	157.931	C#4	70	65	0
1313	158	158.278	C4	78	60	0
1314	158.007	158.205	G#4	80	62	0
1315	158.16	158.366	A4	74	61	0
1316	158.319	158.428	G#3	81	65	0
1317	158.323	158.509	G#4	90	64	0
1318	158.327	158.409	E3	77	66	0
1319	158.439	158.53	Eb3	90	68	0
1320	158.461	158.645	F#4	88	64	0
1321	158.557	158.658	E3	15	45	0
1322	158.608	159.203	C#4	74	55	0
1323	158.62	158.75	G#4	91	66	0
1324	158.777	158.91	F#4	78	64	0
1325	158.92	159.192	C#3	68	58	0
1326	158.948	159.078	E4	69	63	0
1327	159.086	159.251	G#4	72	62	0
1328	159.251	159.401	F#4	63	61	0
1329	159.259	160.203	Eb3	54	48	0
1330	159.41	159.572	G#4	62	60	0
1331	159.567	159.66	F#4	60	63	0
1332	159.716	159.835	E4	58	61	0
1333	159.845	160.359	C4	44	49	0
1334	159.87	160.026	F#4	57	59	0
1335	160.031	160.174	E4	55	59	0
1336	160.21	160.353	Eb4	55	59	0
1337	160.359	160.519	F#4	56	59	0
1338	160.537	160.654	C#3	45	58	0
1339	160.549	160.907	E4	49	53	0
1340	160.577	160.994	C#4	33	47	0
1341	160.726	160.843	C3	48	59	0
1342	160.898	161.02	C#3	57	61	0
1343	160.902	161.154	G#3	57	56	0
1344	161.059	161.17	Eb3	72	64	0
1345	161.217	161.551	C#4	60	56	0
1346	161.219	161.326	E3	75	65	0
1347	161.367	161.469	F#3	68	64	0
1348	161.537	161.598	G3	59	65	0
1349	161.542	162.175	E4	61	52	0
1350	161.675	161.786	E3	63	62	0
1351	161.845	161.904	F#3	64	66	0
1352	161.845	162.179	Bb3	60	56	0
1353	161.981	162.102	G3	60	61	0
1354	162.152	162.457	G4	68	58	0
1355	162.157	162.245	F#3	58	63	0
1356	162.306	162.374	E3	59	64	0
1357	162.446	162.501	F#4	76	68	0
1358	162.451	162.489	B3	71	70	0
1359	162.477	162.563	D3	59	63	0
1360	162.641	162.713	C#3	48	61	0
1361	162.775	162.829	E4	68	67	0
1362	162.788	162.896	B2	53	60	0
1363	162.788	162.834	C#4	59	66	0
1364	162.93	163.041	Bb2	57	61	0
1365	163.097	163.703	D4	64	53	0
1366	163.111	163.194	B2	55	62	0
1367	163.278	163.395	F#2	44	58	0
1368	163.433	163.48	F#3	57	66	0
1369	163.438	163.547	B2	52	60	0
1370	163.591	163.68	C#3	60	63	0
1371	163.752	164.117	B3	60	55	0
1372	163.761	163.877	D3	55	60	0
1373	163.917	163.992	E3	57	63	0
1374	164.067	164.377	D4	64	57	0
1375	164.077	164.154	F#3	63	64	0
1376	164.232	164.311	D3	62	64	0
1377	164.381	164.901	G#3	68	55	0
1378	164.388	164.453	E3	56	64	0
1379	164.546	164.613	F#3	53	63	0
1380	164.694	164.802	E3	60	62	0
1381	164.699	164.881	F#4	73	61	0
1382	164.849	164.952	D3	61	62	0
1383	165.005	165.064	C#3	60	65	0
1384	165.013	165.048	A3	68	70	0
1385	165.019	165.064	E4	66	68	0
1386	165.145	165.244	B2	58	62	0
1387	165.313	165.378	D4	72	67	0
1388	165.323	165.395	A2	54	63	0
1389	165.328	165.358	B3	58	69	0
1390	165.475	165.572	G#2	64	63	0
1391	165.621	165.921	C#4	65	57	0
1392	165.642	165.704	A2	52	63	0
1393	165.784	165.925	E2	59	60	0
1394	165.932	166.005	A2	63	65	0
1395	165.932	166.157	A3	64	59	0
1396	166.086	166.21	B2	58	61	0
1397	166.111	166.256	G#3	74	63	0
1398	166.256	166.345	C#3	68	64	0
1399	166.273	166.688	A3	75	57	0
1400	166.417	166.491	D3	65	65	0
1401	166.559	166.641	E3	63	64	0
1402	166.573	166.863	C#4	68	58	0
1403	166.7	166.762	C#3	68	66	0
1404	166.859	167.433	F#4	80	56	0
1405	166.868	166.928	D3	69	67	0
1406	167.016	167.122	E3	63	63	0
1407	167.179	167.267	D3	62	63	0
1408	167.183	167.347	B3	75	62	0
1409	167.321	167.402	C#3	67	65	0
1410	167.33	167.47	C#4	72	63	0
1411	167.485	167.606	B2	74	64	0
1412	167.485	167.763	D4	86	61	0
1413	167.628	167.725	A2	71	65	0
1414	167.789	167.874	G#2	79	67	0
1415	167.799	167.989	F4	79	62	0
1416	167.948	168.024	F#2	79	67	0
1417	167.954	168.102	F#4	87	65	0
1418	168.086	168.189	G#4	87	67	0
1419	168.092	168.157	F2	85	69	0
1420	168.234	168.305	C#4	81	68	0
1421	168.396	168.467	C#2	74	67	0
1422	168.4	168.496	Eb4	81	66	0
1423	168.407	168.556	F#4	84	64	0
1424	168.536	168.629	G#4	84	67	0
1425	168.552	168.612	F4	75	68	0
1426	168.718	169.92	F#2	88	53	0
1427	168.718	168.878	A4	81	63	0
1428	168.741	168.953	F#4	67	59	0
1429	168.895	169.083	G#4	80	62	0
1430	169.027	169.145	A4	72	64	0
1431	169.194	169.314	F#4	72	63	0
1432	169.345	169.496	B4	73	62	0
1433	169.498	169.654	C#5	70	62	0
1434	169.657	169.792	B4	68	62	0
1435	169.798	169.949	A4	56	59	0
1436	169.927	170.282	F2	56	54	0
1437	169.935	170.167	B4	71	60	0
1438	170.097	170.214	A4	63	62	0
1439	170.233	170.432	C#5	77	61	0
1440	170.289	170.432	G#4	61	60	0
1441	170.4	170.455	A4	62	66	0
1442	170.542	170.613	A4	72	66	0
1443	170.571	170.698	F#2	31	53	0
1444	170.727	170.809	F#3	64	64	0
1445	170.866	170.914	F#4	72	68	0
1446	170.892	170.969	G#3	62	64	0
1447	171.041	171.106	A3	55	64	0
1448	171.191	172.012	D5	71	53	0
1449	171.204	171.326	B3	50	59	0
1450	171.367	171.457	C#4	51	61	0
1451	171.524	171.633	B3	55	61	0
1452	171.528	171.686	F#4	58	59	0
1453	171.686	171.78	A3	54	61	0
1454	171.686	171.86	F#4	4	26	0
1455	171.842	172.094	G#3	49	55	0
1456	171.856	172.012	E4	57	59	0
1457	171.999	172.136	F#4	67	62	0
1458	172.156	172.351	C#5	86	63	0
1459	172.167	172.28	E4	67	63	0
1460	172.302	172.466	B4	80	63	0
1461	172.309	172.383	D4	67	65	0
1462	172.45	172.579	E4	60	61	0
1463	172.463	173.662	C#5	80	52	0
1464	172.604	172.723	D4	69	63	0
1465	172.755	172.889	Bb3	62	61	0
1466	172.755	172.884	C#4	64	62	0
1467	172.895	173.016	E4	73	64	0
1468	173.038	173.145	D4	81	66	0
1469	173.054	173.213	B3	69	61	0
1470	173.177	173.287	E4	81	65	0
1471	173.33	173.487	D4	89	65	0
1472	173.35	173.534	A3	75	62	0
1473	173.355	173.667	F#5	93	61	0
1474	173.495	173.534	C#4	80	71	0
1475	173.676	174.363	B4	92	57	0
1476	173.681	173.782	D4	84	66	0
1477	173.685	174.037	G#3	83	59	0
1478	173.832	173.949	C#4	74	64	0
1479	174.011	174.074	B3	80	68	0
1480	174.144	174.332	D4	79	62	0
1481	174.161	174.21	F#3	88	71	0
1482	174.305	174.373	F3	87	69	0
1483	174.308	174.401	C#4	80	66	0
1484	174.445	174.521	D4	85	68	0
1485	174.601	174.661	A4	85	69	0
1486	174.605	174.753	C#3	67	61	0
1487	174.61	174.652	C#4	77	70	0
1488	174.738	174.811	G#4	92	69	0
1489	174.747	174.784	B3	77	71	0
1490	174.753	174.821	C#3	5	34	0
1491	174.889	175.221	A4	83	60	0
1492	174.905	175.47	F#3	65	54	0
1493	174.905	175.149	C#4	77	60	0
1494	175.05	175.141	B3	75	66	0
1495	175.199	175.277	A3	86	68	0
1496	175.204	175.434	F#4	90	63	0
1497	175.37	175.528	C#4	85	64	0
1498	175.388	175.439	F3	58	66	0
1499	175.495	175.662	A4	89	64	0
1500	175.544	175.689	B3	76	63	0
1501	175.685	175.735	G#4	79	70	0
1502	175.704	175.754	C#4	68	68	0
1503	175.784	175.824	A4	72	70	0
1504	175.829	175.917	B3	77	66	0
1505	175.844	175.878	G#4	72	70	0
1506	175.91	175.962	A4	72	68	0
1507	175.953	176.059	A3	85	66	0
1508	175.974	176.007	G#4	63	69	0
1509	176.051	176.088	A4	66	69	0
1510	176.094	176.224	B3	86	65	0
1511	176.109	176.158	G#4	67	68	0
1512	176.113	176.384	F3	72	59	0
1513	176.173	176.224	A4	72	68	0
1514	176.228	176.373	A3	77	63	0
1515	176.248	176.292	G#4	78	70	0
1516	176.328	176.367	A4	75	70	0
1517	176.348	176.572	G#3	76	61	0
1518	176.393	176.426	G#4	74	71	0
1519	176.446	176.564	B3	80	65	0
1520	176.446	176.51	A4	84	69	0
1521	176.501	176.585	G#4	74	66	0
1522	176.576	176.744	A4	72	62	0
1523	176.626	176.705	A3	89	68	0
1524	176.63	176.73	F#3	82	66	0
1525	176.773	176.928	F#4	89	65	0
1526	176.919	177.22	D3	100	62	0
1527	176.969	177.058	B3	73	65	0
1528	177.081	177.227	F4	83	64	0
1529	177.239	177.36	C#4	87	66	0
1530	177.252	177.569	A2	92	61	0
1531	177.398	177.563	F#4	89	64	0
1532	177.555	177.881	B2	92	61	0
1533	177.559	177.756	D4	93	64	0
1534	177.724	177.931	G#4	95	64	0
1535	177.922	178.358	C#4	92	59	0
1536	177.927	178.763	C#3	85	55	0
1537	177.936	178.379	A3	92	59	0
1538	178.331	178.744	F#4	95	60	0
1539	178.759	179.345	G#3	90	57	0
1540	178.767	180.083	C#2	85	52	0
1541	179.269	180.197	F4	86	54	0
1542	180.083	183.055	F#3	88	48	0
1543	180.087	183.088	F#2	86	48	0
1544	180.087	183.066	F#4	89	48	0
