//Version: PianoRoll_v170101
0	2.05021	2.10256	C4	27	80	0
1	2.05662	2.10256	A2	42	80	0
2	2.0609	2.11218	A4	43	80	0
3	2.17949	2.26068	Bb4	49	80	0
4	2.26496	2.37927	B4	54	80	0
5	2.36004	2.42414	C5	52	80	0
6	2.45192	2.5235	A4	56	80	0
7	2.4626	2.52884	C#5	58	80	0
8	2.48077	2.53419	E4	26	80	0
9	2.49038	2.52884	A3	41	80	0
10	2.50213	2.54807	E3	37	80	0
11	2.50961	2.56624	C4	23	80	0
12	2.55769	2.63675	D5	64	80	0
13	2.66346	2.72115	Eb5	60	80	0
14	2.7532	2.8579	E5	56	80	0
15	2.83226	2.91666	F5	56	80	0
16	2.84295	2.90598	D5	48	80	0
17	2.85683	2.8953	A2	50	80	0
18	2.87286	2.92521	A4	26	80	0
19	2.94124	3.02243	F#5	63	80	0
20	3.04807	3.11218	G5	62	80	0
21	3.13782	3.20726	G#5	61	80	0
22	3.2329	3.30769	A5	64	80	0
23	3.24572	3.28846	A3	48	80	0
24	3.24786	3.29594	F3	50	80	0
25	3.24893	3.2938	F5	40	80	0
26	3.26282	3.31624	D4	25	80	0
27	3.32906	3.4188	Bb5	66	80	0
28	3.42521	3.58012	B5	65	80	0
29	3.53312	3.64316	C6	59	80	0
30	3.64423	3.68483	A1	48	80	0
31	3.64636	3.7297	A2	46	80	0
32	3.65171	3.72756	C#6	64	80	0
33	3.68483	3.76495	E5	11	80	0
34	3.74572	3.81944	D6	68	80	0
35	3.84081	3.92628	Eb6	62	80	0
36	3.92948	4.02671	E6	68	80	0
37	4.03525	4.18589	F6	64	80	0
38	4.0438	4.08867	E3	53	80	0
39	4.04487	4.09401	A3	48	80	0
40	4.047	4.08974	C4	50	80	0
41	4.07051	4.12606	C6	52	80	0
42	4.07478	4.12927	A5	26	80	0
43	4.14209	4.24786	E6	64	80	0
44	4.26175	4.31623	Eb6	62	80	0
45	4.34935	4.43376	D6	65	80	0
46	4.4423	4.51709	C#6	63	80	0
47	4.44765	4.52457	A3	51	80	0
48	4.45085	4.49572	E5	53	80	0
49	4.47222	4.5235	E4	44	80	0
50	4.47756	4.51602	A5	41	80	0
51	4.48076	4.54594	C4	33	80	0
52	4.55128	4.66773	C6	65	80	0
53	4.64316	4.72756	B5	58	80	0
54	4.74465	4.77991	Bb5	62	80	0
55	4.86217	4.89529	C5	50	80	0
56	4.86858	4.99786	A5	50	80	0
57	4.87286	4.922	E5	56	80	0
58	4.96367	5.02777	G#5	62	80	0
59	5.0438	5.17948	B5	61	80	0
60	5.14316	5.20192	A5	61	80	0
61	5.22756	5.28739	G#5	58	80	0
62	5.23717	5.27243	B4	52	80	0
63	5.24999	5.29059	E2	53	80	0
64	5.27136	5.31837	E5	39	80	0
65	5.34187	5.42521	G5	55	80	0
66	5.44551	5.50961	F#5	56	80	0
67	5.55982	5.6517	F5	62	80	0
68	5.65491	5.70833	B4	42	80	0
69	5.65705	5.73504	E5	56	80	0
70	5.66025	5.71046	B3	48	80	0
71	5.66239	5.71794	E3	48	80	0
72	5.66666	5.72542	G#4	29	80	0
73	5.672	5.71794	D4	36	80	0
74	5.74358	5.85042	Eb5	57	80	0
75	5.84081	5.92093	F5	55	80	0
76	5.92734	5.99358	E5	48	80	0
77	6.02457	6.07478	Eb5	55	80	0
78	6.04593	6.09294	A2	47	80	0
79	6.05021	6.12713	C5	41	80	0
80	6.13354	6.20299	D5	65	80	0
81	6.24679	6.28952	C#5	56	80	0
82	6.32692	6.41025	C5	62	80	0
83	6.43162	6.48076	A3	41	80	0
84	6.43589	6.49038	E3	42	80	0
85	6.44016	6.49358	C4	36	80	0
86	6.4423	6.51388	B4	49	80	0
87	6.44551	6.51602	A4	52	80	0
88	6.45085	6.51068	E4	31	80	0
89	6.55875	6.61751	C5	59	80	0
90	6.65491	6.72328	D5	52	80	0
91	6.73931	6.79487	C5	57	80	0
92	6.82692	6.87927	E3	46	80	0
93	6.83653	6.88034	E4	44	80	0
94	6.8376	6.90063	B4	52	80	0
95	6.84187	6.88568	B3	40	80	0
96	6.84935	6.91132	G#4	46	80	0
97	6.92841	6.99358	C5	64	80	0
98	7.05769	7.1079	B4	38	80	0
99	7.12927	7.20833	C5	65	80	0
100	7.23504	7.33119	Eb4	53	80	0
101	7.2361	7.59721	F3	48	80	0
102	7.23717	7.33119	B4	63	80	0
103	7.24038	7.32798	A4	60	80	0
104	7.24251	7.51388	B3	45	80	0
105	7.33653	7.41345	C5	64	80	0
106	7.44657	7.51068	B4	51	80	0
107	7.52457	7.63461	C5	55	80	0
108	7.63354	7.6923	B4	67	80	0
109	7.66025	7.70298	E4	35	80	0
110	7.66559	7.74251	E3	36	80	0
111	7.68268	7.77029	B3	9	80	0
112	7.68268	7.7329	G#4	43	80	0
113	7.73183	7.82585	E5	62	80	0
114	7.84508	7.88995	Eb5	59	80	0
115	7.94123	8.01815	D5	60	80	0
116	8.04273	8.09294	D4	43	80	0
117	8.05127	8.10576	C#5	60	80	0
118	8.05662	8.10149	G#4	35	80	0
119	8.1517	8.24358	C5	60	80	0
120	8.25427	8.30448	B4	43	80	0
121	8.33333	8.37285	Bb4	53	80	0
122	8.47115	8.53952	A4	52	80	0
123	8.49572	8.55555	C4	29	80	0
124	8.49892	8.58546	E4	8	80	0
125	8.51068	8.56944	A2	39	80	0
126	8.59187	8.66452	Bb4	54	80	0
127	8.68589	8.78738	B4	57	80	0
128	8.77456	8.8408	C5	57	80	0
129	8.88888	8.96046	C#5	52	80	0
130	8.8985	8.94123	A4	35	80	0
131	8.90597	8.96687	E4	11	80	0
132	8.90597	8.95405	A3	46	80	0
133	8.91345	8.97221	E3	46	80	0
134	8.91879	8.96367	C4	35	80	0
135	8.98076	9.047	D5	57	80	0
136	9.08439	9.20726	Eb5	53	80	0
137	9.18803	9.27991	E5	50	80	0
138	9.29593	9.36644	F5	54	80	0
139	9.30982	9.35149	A2	47	80	0
140	9.31516	9.35469	A4	35	80	0
141	9.33012	9.38247	D5	27	80	0
142	9.39849	9.48931	F#5	57	80	0
143	9.51602	9.57478	G5	60	80	0
144	9.60042	9.66773	G#5	60	80	0
145	9.70298	9.79273	A5	62	80	0
146	9.72328	9.78097	F3	57	80	0
147	9.72649	9.77349	F5	37	80	0
148	9.72755	9.77349	D5	35	80	0
149	9.72755	9.77884	A3	48	80	0
150	9.73396	9.77349	D4	42	80	0
151	9.80875	9.90063	Bb5	67	80	0
152	9.90704	10.0481	B5	68	80	0
153	10.0182	10.109	C6	65	80	0
154	10.1378	10.1838	A1	46	80	0
155	10.141	10.2222	C#6	62	80	0
156	10.1442	10.2008	A2	46	80	0
157	10.1592	10.2147	E5	28	80	0
158	10.1635	10.2115	A5	23	80	0
159	10.2382	10.3088	D6	65	80	0
160	10.3451	10.3814	Eb6	53	80	0
161	10.4231	10.5513	E6	62	80	0
162	10.578	10.7457	F6	58	80	0
163	10.578	10.625	A3	47	80	0
164	10.5812	10.625	C4	48	80	0
165	10.5844	10.625	E3	45	80	0
166	10.5855	10.6325	A5	50	80	0
167	10.6015	10.6773	C6	48	80	0
168	10.6912	10.7927	E6	66	80	0
169	10.8055	10.8707	Eb6	64	80	0
170	10.906	10.9914	D6	63	80	0
171	11.0043	11.0876	C#6	60	80	0
172	11.0075	11.0662	C4	42	80	0
173	11.0075	11.0598	A3	49	80	0
174	11.0139	11.0662	E4	44	80	0
175	11.0256	11.0641	A5	43	80	0
176	11.0385	11.0993	E5	20	80	0
177	11.1389	11.2692	C6	48	80	0
178	11.141	11.1795	D6	38	80	0
179	11.1955	11.2735	B5	58	80	0
180	11.2863	11.3301	Bb5	64	80	0
181	11.4145	11.485	E5	54	80	0
182	11.4252	11.6293	A5	46	80	0
183	11.5053	11.609	G#5	61	80	0
184	11.6143	11.7126	B5	65	80	0
185	11.7286	11.7628	A5	52	80	0
186	11.8568	11.907	E5	47	80	0
187	11.8622	11.9658	G5	65	80	0
188	11.8664	11.9102	B4	37	80	0
189	11.8675	11.9124	B2	44	80	0
190	11.9882	12.0374	G#5	66	80	0
191	12.0598	12.1357	A5	64	80	0
192	12.1773	12.2489	Bb5	62	80	0
193	12.2414	12.3387	B5	66	80	0
194	12.2468	12.2981	E4	47	80	0
195	12.2489	12.3034	G5	20	80	0
196	12.2617	12.3141	B3	57	80	0
197	12.2927	12.3558	G4	15	80	0
198	12.3355	12.5064	C6	66	80	0
199	12.4765	12.5726	B5	63	80	0
200	12.594	12.6367	Bb5	46	80	0
201	12.672	12.7692	A5	60	80	0
202	12.6784	12.7991	Eb5	51	80	0
203	12.6827	12.7243	B2	59	80	0
204	12.6923	12.734	F#5	43	80	0
205	12.7799	12.8355	G#5	69	80	0
206	12.9156	12.9722	G5	41	80	0
207	12.9733	13.0267	F#5	67	80	0
208	13.0844	13.1421	Eb5	50	80	0
209	13.0929	13.1346	F#4	54	80	0
210	13.0929	13.156	F5	52	80	0
211	13.1036	13.1538	B3	53	80	0
212	13.1624	13.2575	F#5	64	80	0
213	13.2756	13.391	G5	62	80	0
214	13.3344	13.4412	F#5	44	80	0
215	13.4914	13.5438	E3	69	80	0
216	13.5075	13.5438	G#4	43	80	0
217	13.5085	13.5769	E5	50	80	0
218	13.5224	13.5855	B4	13	80	0
219	13.5278	13.5758	Eb5	47	80	0
220	13.5993	13.672	F5	60	80	0
221	13.6955	13.7767	Eb5	65	80	0
222	13.797	13.8728	E5	65	80	0
223	13.9113	14.0908	D5	54	80	0
224	13.9124	13.9444	F4	50	80	0
225	13.9177	13.9498	A4	51	80	0
226	13.9252	14.4487	E2	46	80	0
227	13.9359	14.5214	E3	36	80	0
228	14.0224	14.0758	E5	59	80	0
229	14.1143	14.1741	C#5	55	80	0
230	14.2019	14.2553	D5	65	80	0
231	14.3087	14.5342	C5	56	80	0
232	14.329	14.3814	E4	26	80	0
233	14.3429	14.3867	A4	31	80	0
234	14.406	14.5096	D5	68	80	0
235	14.5395	14.5812	B4	51	80	0
236	14.6325	14.6987	C5	59	80	0
237	14.7019	14.9038	B4	62	80	0
238	14.7233	15.1228	E2	55	80	0
239	14.8493	14.9028	Bb4	53	80	0
240	14.9252	15.0876	B4	34	80	0
241	15.1132	15.1891	A4	46	80	0
242	15.1474	15.1912	A2	49	80	0
243	15.1602	15.2254	E4	14	80	0
244	15.1656	15.2201	C4	10	80	0
245	15.2361	15.3333	Bb4	66	80	0
246	15.344	15.4658	B4	61	80	0
247	15.438	15.5085	C5	57	80	0
248	15.5459	15.5833	E4	41	80	0
249	15.5459	15.6143	C#5	63	80	0
250	15.5481	15.594	A4	52	80	0
251	15.5545	15.5929	A3	49	80	0
252	15.5662	15.6058	C4	36	80	0
253	15.5769	15.6207	E3	38	80	0
254	15.641	15.7137	D5	60	80	0
255	15.7382	15.8675	Eb5	62	80	0
256	15.8515	15.9412	E5	51	80	0
257	15.9434	16.016	D5	39	80	0
258	15.9487	16.0181	F5	55	80	0
259	15.954	15.9925	A2	47	80	0
260	15.9669	16.0075	A4	40	80	0
261	16.0545	16.1357	F#5	60	80	0
262	16.1613	16.2297	G5	62	80	0
263	16.2564	16.3248	G#5	59	80	0
264	16.36	16.4466	A5	57	80	0
265	16.3622	16.4124	F3	52	80	0
266	16.3664	16.4102	F5	36	80	0
267	16.3728	16.4092	A3	39	80	0
268	16.469	16.5587	Bb5	65	80	0
269	16.5705	16.6998	B5	66	80	0
270	16.6805	16.7681	C6	58	80	0
271	16.7949	16.8739	C#6	61	80	0
272	16.797	16.8408	A1	47	80	0
273	16.8087	16.8525	E5	30	80	0
274	16.8184	16.859	A5	14	80	0
275	16.8269	16.8835	A2	27	80	0
276	16.8889	16.9679	D6	62	80	0
277	16.9978	17.0491	Eb6	56	80	0
278	17.0833	17.1923	E6	65	80	0
279	17.2051	17.3707	F6	61	80	0
280	17.2361	17.2842	C4	45	80	0
281	17.2372	17.2906	A3	40	80	0
282	17.2564	17.3034	A5	32	80	0
283	17.2617	17.3141	C6	42	80	0
284	17.2649	17.328	E3	23	80	0
285	17.3376	17.4284	E6	59	80	0
286	17.4423	17.5096	Eb6	63	80	0
287	17.5427	17.6346	D6	66	80	0
288	17.6592	17.7147	C#6	61	80	0
289	17.6634	17.7083	E5	55	80	0
290	17.6816	17.7286	E4	48	80	0
291	17.6816	17.7329	A3	51	80	0
292	17.6837	17.7243	A5	40	80	0
293	17.6848	17.7361	C4	41	80	0
294	17.7617	17.8718	C6	62	80	0
295	17.8568	17.9466	B5	61	80	0
296	17.9626	17.9968	Bb5	62	80	0
297	18.0748	18.1763	A5	61	80	0
298	18.0876	18.1239	C5	42	80	0
299	18.1058	18.1453	E5	41	80	0
300	18.1784	18.2607	G#5	61	80	0
301	18.2713	18.3953	B5	63	80	0
302	18.3686	18.4402	A5	54	80	0
303	18.4637	18.5427	G#5	62	80	0
304	18.4701	18.501	B4	52	80	0
305	18.4754	18.5181	E2	52	80	0
306	18.4989	18.5587	E5	50	80	0
307	18.5758	18.6773	G5	64	80	0
308	18.6859	18.7735	F#5	66	80	0
309	18.8002	18.9156	F5	67	80	0
310	18.8899	18.9402	G#4	43	80	0
311	18.8931	18.9305	B4	42	80	0
312	18.8953	18.954	E3	48	80	0
313	18.8963	18.9391	B3	46	80	0
314	18.8963	18.9733	E5	58	80	0
315	18.9156	18.954	D4	35	80	0
316	18.9893	19.078	Eb5	57	80	0
317	19.0812	19.1538	F5	56	80	0
318	19.1613	19.2308	E5	50	80	0
319	19.2575	19.3087	Eb5	58	80	0
320	19.2874	19.3387	A2	49	80	0
321	19.3013	19.3654	C5	39	80	0
322	19.3707	19.4402	D5	64	80	0
323	19.4936	19.5374	C#5	56	80	0
324	19.5876	19.6602	C5	57	80	0
325	19.7019	19.7596	A4	52	80	0
326	19.703	19.7596	B4	46	80	0
327	19.704	19.7478	A3	38	80	0
328	19.7105	19.7649	E4	29	80	0
329	19.7137	19.7671	E3	36	80	0
330	19.7169	19.7671	C4	31	80	0
331	19.8023	19.8771	C5	59	80	0
332	19.907	19.9797	D5	51	80	0
333	19.9968	20.0555	C5	54	80	0
334	20.1015	20.172	B4	53	80	0
335	20.1111	20.1517	E4	37	80	0
336	20.1132	20.1656	E3	40	80	0
337	20.1132	20.1859	G#4	49	80	0
338	20.1282	20.1805	B3	32	80	0
339	20.1987	20.282	C5	65	80	0
340	20.3354	20.3846	B4	45	80	0
341	20.407	20.4904	C5	60	80	0
342	20.5342	20.8996	F3	35	80	0
343	20.5342	20.5993	Eb4	44	80	0
344	20.5363	20.6015	B4	52	80	0
345	20.5406	20.8098	B3	27	80	0
346	20.547	20.6068	A4	50	80	0
347	20.6357	20.7051	C5	57	80	0
348	20.7585	20.8152	B4	45	80	0
349	20.8515	20.9263	C5	58	80	0
350	20.9487	21.0043	B4	59	80	0
351	20.9679	21.0064	E4	39	80	0
352	20.9807	21.0545	E3	35	80	0
353	20.9904	21.0513	B3	26	80	0
354	20.9904	21.0481	G#4	45	80	0
355	21.0491	21.1463	E5	57	80	0
356	21.1752	21.2137	Eb5	58	80	0
357	21.2767	21.3568	D5	59	80	0
358	21.3803	21.4284	D4	46	80	0
359	21.3921	21.4466	C#5	57	80	0
360	21.3963	21.4412	G#4	35	80	0
361	21.5117	21.5961	C5	53	80	0
362	21.6111	21.6645	B4	48	80	0
363	21.6955	21.7307	Bb4	49	80	0
364	21.8151	21.8803	A4	52	80	0
365	21.8258	21.876	C4	39	80	0
366	21.8387	21.8899	A2	45	80	0
367	21.9166	22.001	Bb4	54	80	0
368	22.0267	22.1346	B4	57	80	0
369	22.126	22.1827	C5	45	80	0
370	22.2222	22.2981	C#5	55	80	0
371	22.234	22.2746	A4	37	80	0
372	22.2393	22.2767	A3	41	80	0
373	22.2457	22.2895	E3	43	80	0
374	22.2681	22.3151	E4	11	80	0
375	22.3237	22.3899	D5	58	80	0
376	22.422	22.5235	Eb5	59	80	0
377	22.5427	22.6399	E5	54	80	0
378	22.6474	22.7222	F5	55	80	0
379	22.6602	22.7126	D5	40	80	0
380	22.6645	22.7051	A2	44	80	0
381	22.672	22.7179	A4	34	80	0
382	22.7532	22.8333	F#5	61	80	0
383	22.8664	22.9316	G5	60	80	0
384	22.9562	23.0288	G#5	60	80	0
385	23.063	23.156	A5	57	80	0
386	23.0865	23.1325	D5	36	80	0
387	23.0983	23.1442	F5	33	80	0
388	23.1025	23.1378	D4	46	80	0
389	23.1036	23.1528	F3	52	80	0
390	23.1036	23.1474	A3	48	80	0
391	23.1773	23.2713	Bb5	63	80	0
392	23.2745	23.422	B5	64	80	0
393	23.3931	23.4936	C6	60	80	0
394	23.5203	23.6079	C#6	62	80	0
395	23.532	23.5769	A1	46	80	0
396	23.5481	23.6057	A2	39	80	0
397	23.5523	23.5993	E5	24	80	0
398	23.5523	23.594	A5	24	80	0
399	23.6175	23.703	D6	63	80	0
400	23.7307	23.781	Eb6	59	80	0
401	23.8151	23.9198	E6	67	80	0
402	23.9337	24.0844	F6	65	80	0
403	23.9508	24	A5	56	80	0
404	23.9508	24.0021	A3	43	80	0
405	23.953	23.9978	E3	46	80	0
406	23.954	24.0213	C6	59	80	0
407	23.9626	24.0085	C4	37	80	0
408	24.0406	24.1346	E6	69	80	0
409	24.1538	24.2211	Eb6	67	80	0
410	24.2436	24.313	D6	66	80	0
411	24.3461	24.4273	C#6	60	80	0
412	24.3536	24.3889	E5	51	80	0
413	24.3579	24.4231	A3	55	80	0
414	24.3622	24.3985	A5	47	80	0
415	24.376	24.4209	E4	37	80	0
416	24.3889	24.4444	C4	30	80	0
417	24.4487	24.5641	C6	61	80	0
418	24.5609	24.6442	B5	62	80	0
419	24.6592	24.7019	Bb5	64	80	0
420	24.7863	24.8921	A5	55	80	0
421	24.7948	24.8429	C5	50	80	0
422	24.8098	24.8515	E5	39	80	0
423	24.8771	24.9572	G#5	67	80	0
424	24.9711	25.031	B5	59	80	0
425	25.0566	25.1218	A5	54	80	0
426	25.1805	25.3002	Bb5	56	80	0
427	25.2051	25.2521	D2	42	80	0
428	25.2104	25.2681	D5	24	80	0
429	25.2361	25.3023	D3	17	80	0
430	25.2895	25.4198	B5	55	80	0
431	25.3899	25.4412	C6	49	80	0
432	25.4989	25.5844	C#6	60	80	0
433	25.6036	25.6517	Bb5	55	80	0
434	25.6154	25.6934	D6	60	80	0
435	25.6154	25.657	F5	41	80	0
436	25.6389	25.6848	F3	53	80	0
437	25.6442	25.6848	Bb3	43	80	0
438	25.7136	25.8077	Eb6	72	80	0
439	25.8248	25.9124	E6	66	80	0
440	25.906	25.9743	F6	65	80	0
441	26.0192	26.1506	E6	66	80	0
442	26.0213	26.0716	D6	53	80	0
443	26.0342	26.0726	E2	58	80	0
444	26.0352	26.0684	G#5	56	80	0
445	26.0363	26.094	E3	66	80	0
446	26.1346	26.2104	F6	60	80	0
447	26.2211	26.3055	F#6	74	80	0
448	26.3205	26.4028	G6	74	80	0
449	26.4284	26.5213	G#6	77	80	0
450	26.4369	26.4839	B3	62	80	0
451	26.4423	26.5064	E3	63	80	0
452	26.4423	26.4872	D4	56	80	0
453	26.4615	26.4946	D6	52	80	0
454	26.5267	26.6036	A6	76	80	0
455	26.625	26.7083	Bb6	80	80	0
456	26.7201	26.7553	B6	73	80	0
457	26.8483	26.9914	A6	82	80	0
458	26.8675	26.9017	F2	61	80	0
459	26.875	26.9241	F3	70	80	0
460	26.8814	26.9145	C6	49	80	0
461	26.8814	26.9145	F6	51	80	0
462	26.9861	27.1089	G#6	75	80	0
463	27.1218	27.1837	G6	59	80	0
464	27.1966	27.235	F#6	63	80	0
465	27.297	27.3429	A5	58	80	0
466	27.2991	27.4412	F6	68	80	0
467	27.3066	27.3622	A3	59	80	0
468	27.3119	27.3547	C4	50	80	0
469	27.3151	27.3675	C6	49	80	0
470	27.3151	27.3557	F4	41	80	0
471	27.391	27.4936	E6	65	80	0
472	27.5192	27.5577	Eb6	56	80	0
473	27.5929	27.6944	D6	64	80	0
474	27.7126	27.8045	C#6	63	80	0
475	27.7169	27.7607	C2	51	80	0
476	27.7233	27.7617	A5	38	80	0
477	27.7307	27.7756	E5	36	80	0
478	27.7372	27.781	C3	45	80	0
479	27.8312	27.9701	C6	62	80	0
480	27.923	28.0299	B5	57	80	0
481	28.0213	28.0609	Bb5	56	80	0
482	28.1282	28.2404	A5	69	80	0
483	28.1303	28.1677	A3	61	80	0
484	28.1346	28.1656	C5	47	80	0
485	28.1581	28.2019	E3	49	80	0
486	28.1602	28.2104	E5	18	80	0
487	28.1613	28.2169	E4	24	80	0
488	28.2553	28.3301	G#5	69	80	0
489	28.36	28.4134	G5	54	80	0
490	28.4348	28.4807	F#5	65	80	0
491	28.5523	28.5929	D2	53	80	0
492	28.5555	28.6314	D5	45	80	0
493	28.5577	28.594	Bb4	47	80	0
494	28.5641	28.7019	F5	41	80	0
495	28.5726	28.6122	D3	45	80	0
496	28.6453	28.7425	E5	62	80	0
497	28.7671	28.8515	Eb5	63	80	0
498	28.8707	28.9498	D5	64	80	0
499	28.9904	29.2361	Bb3	49	80	0
500	28.9936	29.0523	Bb4	55	80	0
501	28.9978	29.1816	F3	43	80	0
502	28.9978	29.0769	C#5	54	80	0
503	29.0021	29.3931	D3	37	80	0
504	29.0042	29.125	D4	46	80	0
505	29.0181	29.0716	F4	22	80	0
506	29.0961	29.1827	D5	68	80	0
507	29.2062	29.2831	F5	58	80	0
508	29.3055	29.3611	D5	68	80	0
509	29.4252	29.4765	E4	39	80	0
510	29.4359	29.485	A3	42	80	0
511	29.4423	29.5331	B4	41	80	0
512	29.4455	29.5021	C4	32	80	0
513	29.454	29.5117	E3	38	80	0
514	29.4572	29.5277	A4	40	80	0
515	29.5545	29.6303	C5	56	80	0
516	29.6506	29.7404	E5	54	80	0
517	29.7542	29.8013	C5	58	80	0
518	29.8536	30.282	E3	45	80	0
519	29.8547	30.0096	Bb4	46	80	0
520	29.8675	29.9166	D4	36	80	0
521	29.8771	29.9487	G#4	56	80	0
522	29.9594	30.0416	B4	63	80	0
523	30.0459	30.1057	E5	59	80	0
524	30.1357	30.173	B4	60	80	0
525	30.2639	30.3002	A3	45	80	0
526	30.2703	30.3237	A2	53	80	0
527	30.2713	30.3312	A4	64	80	0
528	30.2799	30.3119	C4	55	80	0
529	30.3087	30.329	E4	14	80	0
530	30.3792	30.4636	Bb4	67	80	0
531	30.4861	30.6068	B4	65	80	0
532	30.5662	30.6357	C5	61	80	0
533	30.6805	30.7585	G#4	62	80	0
534	30.6869	30.7542	C#5	65	80	0
535	30.7051	30.7425	E3	50	80	0
536	30.7051	30.7521	E4	31	80	0
537	30.7115	30.7692	E2	54	80	0
538	30.7735	30.8515	D5	62	80	0
539	30.8771	30.9316	Eb5	64	80	0
540	30.9519	31.0042	E5	64	80	0
541	31.1089	31.1335	C5	61	80	0
542	31.1164	31.2147	A5	57	80	0
543	31.1164	31.1773	A1	59	80	0
544	31.1271	31.1666	A4	40	80	0
545	31.141	31.1891	A2	36	80	0
546	31.2201	31.3098	G#5	69	80	0
547	31.36	31.4562	G5	61	80	0
548	31.4583	31.5213	F#5	66	80	0
549	31.5886	31.7361	F5	60	80	0
550	31.7019	31.781	E5	58	80	0
551	31.7959	31.8536	Eb5	68	80	0
552	31.9006	31.9914	D5	64	80	0
553	32.0117	32.0801	C#5	53	80	0
554	32.0245	32.0673	C2	46	80	0
555	32.0256	32.0683	E4	39	80	0
556	32.031	32.0897	Bb4	43	80	0
557	32.0384	32.078	C3	44	80	0
558	32.1164	32.204	C5	65	80	0
559	32.2436	32.297	B4	52	80	0
560	32.3162	32.3985	C5	57	80	0
561	32.4369	32.5256	C#5	60	80	0
562	32.4433	32.4936	G3	40	80	0
563	32.4519	32.5032	E4	35	80	0
564	32.454	32.5053	C3	33	80	0
565	32.547	32.61	D5	59	80	0
566	32.6357	32.7425	Eb5	64	80	0
567	32.7446	32.8696	E5	60	80	0
568	32.8312	32.8696	F2	58	80	0
569	32.8397	32.9156	F5	59	80	0
570	32.8654	32.9092	A4	31	80	0
571	32.9498	33.0032	F#5	67	80	0
572	33.0448	33.1378	G5	62	80	0
573	33.1442	33.1869	G#5	67	80	0
574	33.2329	33.2842	A5	65	80	0
575	33.2607	33.3183	C5	57	80	0
576	33.2745	33.3301	C4	27	80	0
577	33.2767	33.3237	C3	41	80	0
578	33.2831	33.3269	A3	19	80	0
579	33.3536	33.4092	E5	64	80	0
580	33.4562	33.547	F5	61	80	0
581	33.5715	33.6378	D5	55	80	0
582	33.672	33.7201	C#5	53	80	0
583	33.6923	33.7339	C2	47	80	0
584	33.703	33.7564	Bb4	51	80	0
585	33.7809	33.8675	C5	57	80	0
586	33.8878	33.9359	B4	60	80	0
587	33.9968	34.0395	C5	50	80	0
588	34.0983	34.1656	C#5	57	80	0
589	34.0993	34.1335	E4	44	80	0
590	34.1057	34.1431	G3	41	80	0
591	34.1132	34.172	C4	21	80	0
592	34.1154	34.1816	Bb4	45	80	0
593	34.1218	34.1688	C3	28	80	0
594	34.1912	34.2639	D5	64	80	0
595	34.3002	34.36	Eb5	56	80	0
596	34.3611	34.4337	E5	67	80	0
597	34.5096	34.6047	F5	65	80	0
598	34.5149	34.5619	C#2	67	80	0
599	34.5192	34.5545	G#4	48	80	0
600	34.6196	34.7211	F#5	75	80	0
601	34.7275	34.8173	G5	65	80	0
602	34.8226	34.8889	G#5	71	80	0
603	34.9273	34.9679	G#3	55	80	0
604	34.9284	34.9797	C#3	60	80	0
605	34.9348	34.9775	B3	43	80	0
606	34.9401	34.9903	B4	61	80	0
607	34.9476	35.0171	G5	63	80	0
608	35.0491	35.1004	F#5	71	80	0
609	35.1527	35.2724	F5	59	80	0
610	35.2361	35.3354	E5	61	80	0
611	35.3483	35.4017	Eb5	64	80	0
612	35.3536	35.4262	C5	56	80	0
613	35.3611	35.4006	D2	50	80	0
614	35.4508	35.5491	D5	67	80	0
615	35.5705	35.6559	C#5	60	80	0
616	35.6827	35.7489	D5	59	80	0
617	35.7884	35.9476	Eb5	61	80	0
618	35.7916	35.8344	F#4	51	80	0
619	35.8066	35.8408	A3	43	80	0
620	35.8087	35.8472	D3	46	80	0
621	35.8205	35.8728	C4	24	80	0
622	35.8237	35.8653	C5	28	80	0
623	35.8931	35.9936	E5	69	80	0
624	36.0106	36.0726	F5	58	80	0
625	36.1186	36.2158	F#5	63	80	0
626	36.2233	36.3151	G5	65	80	0
627	36.2318	36.282	Bb4	58	80	0
628	36.2329	36.2724	G2	56	80	0
629	36.3333	36.4124	G#5	67	80	0
630	36.4487	36.548	A5	60	80	0
631	36.5545	36.6015	Bb5	66	80	0
632	36.6356	36.7478	A5	44	80	0
633	36.6656	36.7094	Bb3	61	80	0
634	36.6741	36.7168	G3	51	80	0
635	36.6741	36.735	D3	62	80	0
636	36.6827	36.7286	D4	36	80	0
637	36.7596	36.8386	F#5	68	80	0
638	36.8771	37.0192	G5	67	80	0
639	36.9989	37.1015	Eb5	63	80	0
640	37.0833	37.126	D2	59	80	0
641	37.0908	37.1559	C5	65	80	0
642	37.0972	37.1346	D5	65	80	0
643	37.1987	37.3397	Eb5	61	80	0
644	37.3162	37.3696	C#5	60	80	0
645	37.4316	37.4936	D5	47	80	0
646	37.516	37.6335	Eb5	56	80	0
647	37.5277	37.5619	A3	48	80	0
648	37.5342	37.578	D3	51	80	0
649	37.5384	37.579	C5	45	80	0
650	37.6207	37.7254	E5	69	80	0
651	37.7414	37.8023	F5	57	80	0
652	37.8397	37.953	F#5	63	80	0
653	37.9551	37.9925	G4	49	80	0
654	37.9572	37.9861	Bb4	57	80	0
655	37.9583	38.0042	Eb2	64	80	0
656	37.9594	38.0523	G5	59	80	0
657	38.0641	38.1495	G#5	73	80	0
658	38.1762	38.2585	A5	68	80	0
659	38.2681	38.3226	Bb5	68	80	0
660	38.3696	38.4829	A5	64	80	0
661	38.3803	38.4273	C#5	58	80	0
662	38.3856	38.4348	Eb3	54	80	0
663	38.3899	38.4316	C#4	38	80	0
664	38.391	38.4305	Bb3	46	80	0
665	38.501	38.5844	G#5	73	80	0
666	38.6079	38.6827	G5	63	80	0
667	38.6912	38.7553	F#5	71	80	0
668	38.813	38.8632	E2	65	80	0
669	38.8215	38.8589	D5	47	80	0
670	38.8397	38.9188	F5	40	80	0
671	38.9006	39.0138	E5	26	80	0
672	39.0363	39.1805	E5	36	80	0
673	39.1837	39.266	F5	61	80	0
674	39.2297	39.2681	B3	57	80	0
675	39.2425	39.2884	D5	41	80	0
676	39.2649	39.3461	D4	12	80	0
677	39.297	39.3386	G#4	34	80	0
678	39.3269	39.4156	F#5	64	80	0
679	39.4508	39.5374	G5	60	80	0
680	39.5523	39.6282	G#5	67	80	0
681	39.6581	39.7371	A5	64	80	0
682	39.6762	39.7147	C5	51	80	0
683	39.6773	39.719	A2	54	80	0
684	39.7767	39.8344	Bb5	59	80	0
685	39.8568	39.9465	B5	62	80	0
686	39.9636	40.0865	C6	55	80	0
687	40.0683	40.1474	B5	66	80	0
688	40.1175	40.1602	C4	31	80	0
689	40.1228	40.1656	A3	26	80	0
690	40.125	40.1773	E3	45	80	0
691	40.126	40.1827	E5	33	80	0
692	40.1752	40.2489	Bb5	62	80	0
693	40.2756	40.3493	A5	65	80	0
694	40.3653	40.4743	G#5	64	80	0
695	40.4839	40.5769	G5	70	80	0
696	40.4957	40.5416	D5	51	80	0
697	40.5235	40.5651	E2	47	80	0
698	40.5929	40.6303	F#5	63	80	0
699	40.688	40.7831	F5	67	80	0
700	40.797	40.891	E5	57	80	0
701	40.9081	40.9455	D5	28	80	0
702	40.9209	40.9647	B3	54	80	0
703	40.9262	40.9775	E3	51	80	0
704	40.9412	40.9903	D4	31	80	0
705	40.9433	40.9903	G#4	49	80	0
706	40.9455	41.0074	F5	55	80	0
707	41.0299	41.1047	F#5	66	80	0
708	41.1378	41.2136	G5	62	80	0
709	41.2297	41.3044	G#5	64	80	0
710	41.3333	41.4081	A5	61	80	0
711	41.3386	41.3814	C5	50	80	0
712	41.3461	41.7115	A2	49	80	0
713	41.3461	41.5459	A3	49	80	0
714	41.4262	41.5341	Bb5	65	80	0
715	41.5406	41.6837	B5	63	80	0
716	41.6442	41.7265	C6	63	80	0
717	41.7585	42.0299	G2	54	80	0
718	41.7681	41.9807	G3	52	80	0
719	41.7703	41.8162	A5	52	80	0
720	41.7713	41.845	C#6	64	80	0
721	41.7916	41.845	E5	28	80	0
722	41.8664	41.9444	D6	66	80	0
723	41.9668	42.0491	Eb6	67	80	0
724	42.0747	42.1602	E6	60	80	0
725	42.1784	42.329	F6	60	80	0
726	42.2083	42.2681	A5	45	80	0
727	42.2136	42.2585	F2	46	80	0
728	42.2265	42.2809	F3	43	80	0
729	42.2927	42.3696	E6	59	80	0
730	42.3878	42.4423	Eb6	62	80	0
731	42.4914	42.5961	D6	63	80	0
732	42.6121	42.7019	C#6	63	80	0
733	42.6346	42.6773	A5	31	80	0
734	42.6346	42.6859	F5	36	80	0
735	42.6495	43.1303	B2	46	80	0
736	42.6517	43.2222	B3	43	80	0
737	42.7446	42.876	C6	59	80	0
738	42.8418	42.9241	B5	62	80	0
739	42.9305	42.9839	Bb5	60	80	0
740	43.0352	43.1453	A5	68	80	0
741	43.0555	43.0961	D5	41	80	0
742	43.1624	43.2542	G#5	68	80	0
743	43.2724	43.345	G5	64	80	0
744	43.3536	43.4316	F#5	68	80	0
745	43.4765	43.5373	D5	31	80	0
746	43.4861	43.5171	E4	49	80	0
747	43.4861	43.5171	G#4	49	80	0
748	43.4882	43.5812	F5	64	80	0
749	43.4882	43.5395	E3	59	80	0
750	43.5673	43.6688	E5	64	80	0
751	43.6698	43.7083	Eb5	63	80	0
752	43.7638	43.7916	E5	57	80	0
753	43.922	43.9978	Eb6	69	80	0
754	43.9262	43.9807	Eb3	54	80	0
755	43.938	43.9893	G5	54	80	0
756	43.9497	44.0138	Eb2	22	80	0
757	44.0459	44.1335	D6	57	80	0
758	44.1453	44.2393	C#6	68	80	0
759	44.266	44.3963	C6	55	80	0
760	44.3461	44.3942	Eb5	58	80	0
761	44.3482	44.4433	B5	63	80	0
762	44.376	44.8792	A2	47	80	0
763	44.3782	44.9604	A3	42	80	0
764	44.4722	44.5203	Bb5	64	80	0
765	44.5683	44.6741	A5	66	80	0
766	44.6933	44.7403	G#5	63	80	0
767	44.7895	44.8333	C5	61	80	0
768	44.797	44.8429	Eb5	64	80	0
769	44.8002	44.8782	G5	68	80	0
770	44.8931	44.9604	F#5	71	80	0
771	45.0149	45.1495	F5	60	80	0
772	45.0961	45.1859	E5	67	80	0
773	45.2254	45.2756	D3	57	80	0
774	45.2329	45.2735	D4	39	80	0
775	45.2371	45.2788	F#4	51	80	0
776	45.2435	45.4123	D5	27	80	0
777	45.4198	45.4562	C#5	63	80	0
778	45.5662	45.5982	D5	50	80	0
779	45.6453	45.7115	D6	59	80	0
780	45.6474	45.6859	G2	48	80	0
781	45.6623	45.7019	G3	38	80	0
782	45.6773	45.7232	G5	32	80	0
783	45.7457	45.8547	C#6	65	80	0
784	45.8611	46.0138	C6	58	80	0
785	45.9711	46.0662	B5	63	80	0
786	46.0801	46.1837	Bb5	63	80	0
787	46.1014	46.1517	C#5	40	80	0
788	46.1111	46.3878	Eb4	43	80	0
789	46.1164	46.3963	Eb3	45	80	0
790	46.2008	46.2906	A5	66	80	0
791	46.329	46.3803	G#5	52	80	0
792	46.4113	46.5	G5	66	80	0
793	46.5373	46.6335	F#5	58	80	0
794	46.5502	46.5993	D3	48	80	0
795	46.5576	46.5982	A4	34	80	0
796	46.6623	46.735	G5	56	80	0
797	46.7467	46.8066	G#5	67	80	0
798	46.844	46.907	A5	61	80	0
799	46.9359	47.0523	Bb5	73	80	0
800	46.9519	47.0032	F5	58	80	0
801	46.9572	47.1196	A2	60	80	0
802	46.9679	47.0106	A3	59	80	0
803	46.9786	47.0299	C5	27	80	0
804	47.0544	47.1623	B5	69	80	0
805	47.1292	47.2158	C6	69	80	0
806	47.1656	47.267	A2	17	80	0
807	47.2435	47.2906	B5	67	80	0
808	47.3643	47.4091	A5	65	80	0
809	47.3653	47.4059	F2	63	80	0
810	47.3685	47.4134	F3	66	80	0
811	47.3728	47.516	D6	68	80	0
812	47.3931	47.4337	F5	44	80	0
813	47.4679	47.5566	C6	63	80	0
814	47.5694	47.6282	Bb5	69	80	0
815	47.6656	47.7564	A5	70	80	0
816	47.7841	47.8824	G#5	64	80	0
817	47.7863	47.8685	F5	58	80	0
818	47.7927	47.8301	B4	46	80	0
819	47.7959	48.1185	C#4	71	80	0
820	47.8055	48.11	C#3	59	80	0
821	47.8846	47.9807	G5	74	80	0
822	47.9978	48.0662	F#5	64	80	0
823	48.0961	48.1805	F5	67	80	0
824	48.2072	48.2863	E5	61	80	0
825	48.22	48.266	C3	58	80	0
826	48.2232	48.2703	C4	31	80	0
827	48.2232	48.2606	G4	39	80	0
828	48.3194	48.3888	F5	63	80	0
829	48.4177	48.5224	F#5	63	80	0
830	48.5331	48.6271	G5	67	80	0
831	48.6346	48.7767	G3	60	80	0
832	48.6367	48.6869	G#5	62	80	0
833	48.6367	48.8269	G2	58	80	0
834	48.6431	48.704	Eb5	62	80	0
835	48.6474	48.6837	Bb4	56	80	0
836	48.7585	48.8397	A5	53	80	0
837	48.8333	48.985	Bb5	66	80	0
838	48.9529	49.0064	A5	64	80	0
839	49.0512	49.1111	C6	51	80	0
840	49.0673	49.1228	G5	26	80	0
841	49.0779	49.1217	Eb2	57	80	0
842	49.0779	49.1196	Eb3	64	80	0
843	49.0811	49.1453	Eb5	28	80	0
844	49.1378	49.2286	Bb5	64	80	0
845	49.2478	49.3344	A5	67	80	0
846	49.3482	49.4583	G#5	69	80	0
847	49.485	50.0085	Eb4	69	80	0
848	49.501	49.5651	G5	47	80	0
849	49.5042	50.1506	Eb3	61	80	0
850	49.5074	49.5801	Eb5	42	80	0
851	49.5224	49.7051	Bb4	24	80	0
852	49.5897	49.6698	F#5	65	80	0
853	49.6997	49.8344	F5	62	80	0
854	49.7916	49.891	E5	64	80	0
855	49.8974	49.9914	Eb5	64	80	0
856	49.9017	49.9829	Bb4	60	80	0
857	49.9198	49.9636	G4	35	80	0
858	50.0032	50.0876	D5	70	80	0
859	50.11	50.1794	C#5	59	80	0
860	50.1976	50.2692	C5	65	80	0
861	50.3012	50.3963	Bb4	64	80	0
862	50.3034	50.4123	C#4	62	80	0
863	50.3108	50.6602	Eb3	64	80	0
864	50.3183	50.6282	Eb2	57	80	0
865	50.3408	50.3942	G4	25	80	0
866	50.4241	50.501	A4	65	80	0
867	50.5416	50.5982	G#4	55	80	0
868	50.6378	50.735	G4	56	80	0
869	50.7542	50.8354	F#4	59	80	0
870	50.7649	50.8076	A3	49	80	0
871	50.7745	50.8333	D2	49	80	0
872	50.7777	50.8151	D4	40	80	0
873	50.7863	50.8301	D3	38	80	0
874	50.8856	50.9433	G4	56	80	0
875	50.9796	51.0309	G#4	62	80	0
876	51.094	51.1773	A4	67	80	0
877	51.1923	51.3237	Bb4	66	80	0
878	51.1923	51.4786	Eb2	56	80	0
879	51.2008	51.2692	C#4	50	80	0
880	51.2158	51.595	A2	52	80	0
881	51.3002	51.3878	A4	58	80	0
882	51.4198	51.4882	G#4	53	80	0
883	51.5277	51.6111	G4	52	80	0
884	51.6217	51.6645	D2	47	80	0
885	51.6228	51.6613	A3	47	80	0
886	51.626	51.6666	D3	42	80	0
887	51.6314	51.6891	F#4	54	80	0
888	51.7158	51.7873	G4	56	80	0
889	51.8141	51.8643	G#4	57	80	0
890	51.9059	51.9978	A4	64	80	0
891	52.0138	52.1452	Bb4	68	80	0
892	52.0288	52.4177	A2	59	80	0
893	52.032	52.3333	Eb2	61	80	0
894	52.0331	52.0876	C#4	53	80	0
895	52.0459	52.1025	G4	47	80	0
896	52.1292	52.1303	F#4	28	80	0
897	52.1378	52.219	A4	64	80	0
898	52.2435	52.3044	G#4	55	80	0
899	52.3621	52.4316	G4	56	80	0
900	52.4508	52.4999	D2	49	80	0
901	52.4561	52.5106	D3	43	80	0
902	52.4743	52.5341	F#4	51	80	0
903	52.4743	52.5149	A3	37	80	0
904	52.4796	52.5224	D4	43	80	0
905	52.5662	52.6175	G4	52	80	0
906	52.6431	52.7264	G#4	62	80	0
907	52.751	52.8194	A4	65	80	0
908	52.8568	53.2692	B2	66	80	0
909	52.8621	53.1698	F2	67	80	0
910	52.8643	52.9903	C5	69	80	0
911	52.8739	52.9711	Eb4	65	80	0
912	52.9583	53.064	B4	65	80	0
913	53.0673	53.141	Bb4	67	80	0
914	53.1912	53.2702	A4	60	80	0
915	53.2777	53.3664	G#4	62	80	0
916	53.2863	53.3194	B3	50	80	0
917	53.3012	53.3429	E3	52	80	0
918	53.3119	53.3525	E4	43	80	0
919	53.3151	53.3643	E2	41	80	0
920	53.3782	53.4465	A4	64	80	0
921	53.4882	53.6431	Bb4	62	80	0
922	53.6057	53.6655	B4	58	80	0
923	53.673	53.8119	C5	64	80	0
924	53.6816	53.7393	A4	58	80	0
925	53.6816	53.7307	F2	67	80	0
926	53.6837	53.7307	B2	62	80	0
927	53.6901	53.7585	Eb4	49	80	0
928	53.7745	53.876	B4	59	80	0
929	53.8899	53.9316	Bb4	64	80	0
930	54.0053	54.0555	A4	50	80	0
931	54.1004	54.2905	G#4	65	80	0
932	54.1068	60.7307	E3	71	80	0
933	54.1079	60.7425	E2	66	80	0
934	54.1153	54.2318	E4	53	80	0
935	54.1164	54.173	B3	56	80	0
936	54.6848	54.8247	E6	64	80	0
937	54.6933	54.735	B5	59	80	0
938	54.719	54.7564	G#5	37	80	0
939	54.8023	54.9027	F6	75	80	0
940	54.9145	55.0064	D6	70	80	0
941	55.0149	55.0993	E6	72	80	0
942	55.1014	55.1014	A5	61	80	0
943	55.1014	55.1014	E5	58	80	0
944	55.1014	55.1314	C6	62	80	0
945	55.1901	55.2521	D6	70	80	0
946	55.2756	55.3557	B5	63	80	0
947	55.3771	55.4433	C6	66	80	0
948	55.485	55.5202	E5	49	80	0
949	55.4882	55.5309	C5	37	80	0
950	55.4914	55.5737	A5	53	80	0
951	55.6025	55.6805	B5	65	80	0
952	55.6965	55.7692	G5	64	80	0
953	55.8012	55.8408	A5	65	80	0
954	55.8974	56.0117	F5	50	80	0
955	55.8984	55.9273	A4	54	80	0
956	55.9123	55.9508	C5	48	80	0
957	56.0106	56.095	G5	69	80	0
958	56.0929	56.1314	E5	71	80	0
959	56.1976	56.2457	F5	69	80	0
960	56.2895	56.4027	D6	72	80	0
961	56.3002	56.3418	A5	57	80	0
962	56.3995	56.4978	E6	78	80	0
963	56.5106	56.6068	C6	74	80	0
964	56.6057	56.6816	D6	70	80	0
965	56.6933	56.7254	D5	60	80	0
966	56.7136	56.751	F5	47	80	0
967	56.7179	56.7959	B5	58	80	0
968	56.8173	56.8942	C6	66	80	0
969	56.9059	56.9743	A5	68	80	0
970	57.0128	57.1014	B5	62	80	0
971	57.1111	57.2125	G#5	62	80	0
972	57.1185	57.1559	B4	45	80	0
973	57.157	57.2371	D5	10	80	0
974	57.2296	57.3215	A5	56	80	0
975	57.3258	57.3717	F5	66	80	0
976	57.4465	57.4914	G5	49	80	0
977	57.5341	57.8354	E5	60	80	0
978	57.5416	57.5811	G#4	57	80	0
979	57.6613	57.7767	F5	64	80	0
980	57.751	57.7916	Eb5	63	80	0
981	57.8493	57.9145	E5	51	80	0
982	57.9529	58.0715	C6	70	80	0
983	57.9593	57.9935	A5	59	80	0
984	58.0619	58.1431	D6	73	80	0
985	58.1549	58.2489	B5	71	80	0
986	58.251	58.329	C6	69	80	0
987	58.3418	58.3824	C5	63	80	0
988	58.3429	58.3867	E5	64	80	0
989	58.3472	58.4561	A5	60	80	0
990	58.469	58.5384	B5	69	80	0
991	58.5651	58.6677	G5	69	80	0
992	58.6794	58.719	A5	59	80	0
993	58.7531	58.782	A4	59	80	0
994	58.7553	58.8578	F5	58	80	0
995	58.7574	58.7905	C5	58	80	0
996	58.8685	58.9561	G5	68	80	0
997	58.97	59.0705	E5	67	80	0
998	59.0801	59.1346	F5	66	80	0
999	59.173	59.2788	D5	59	80	0
1000	59.1773	59.2104	F4	51	80	0
1001	59.1805	59.2147	A4	52	80	0
1002	59.2884	59.3685	E5	73	80	0
1003	59.3931	59.4925	C5	66	80	0
1004	59.4989	59.5544	D5	65	80	0
1005	59.6068	59.6869	B4	53	80	0
1006	59.6121	59.6495	F4	48	80	0
1007	59.6143	59.6581	D4	36	80	0
1008	59.7125	59.7788	C5	66	80	0
1009	59.8183	59.8632	A4	50	80	0
1010	59.9444	59.9957	B4	26	80	0
1011	60.001	60.0469	D4	34	80	0
1012	60.0031	60.1399	G#4	55	80	0
1013	60.0149	60.079	B3	46	80	0
1014	60.1153	60.1997	F4	56	80	0
1015	60.2061	60.3023	Eb4	64	80	0
1016	60.3151	60.376	E4	59	80	0
1017	60.4155	60.5106	F4	56	80	0
1018	60.5384	60.6132	F#4	59	80	0
1019	60.6655	60.7136	G4	46	80	0
1020	60.7563	60.8472	G#4	51	80	0
1021	60.8675	60.9081	E4	41	80	0
1022	60.9113	60.9935	A4	55	80	0
1023	60.9177	60.9561	A2	45	80	0
1024	60.9487	61.0085	C4	14	80	0
1025	61.0234	61.1281	Bb4	61	80	0
1026	61.1442	61.2467	B4	55	80	0
1027	61.236	61.3108	C5	52	80	0
1028	61.3333	61.3749	A3	43	80	0
1029	61.3418	61.3878	E3	40	80	0
1030	61.345	61.3899	C4	29	80	0
1031	61.3578	61.4134	C#5	49	80	0
1032	61.3589	61.4155	E4	7	80	0
1033	61.4658	61.5266	D5	48	80	0
1034	61.5534	61.6719	Eb5	59	80	0
1035	61.6666	61.7638	E5	52	80	0
1036	61.7393	61.7916	A2	59	80	0
1037	61.767	61.8311	F5	56	80	0
1038	61.7713	61.813	D5	41	80	0
1039	61.7937	61.8525	A4	19	80	0
1040	61.8749	61.9465	F#5	62	80	0
1041	61.9775	62.032	G5	60	80	0
1042	62.0694	62.1185	G#5	60	80	0
1043	62.1602	62.2489	A5	56	80	0
1044	62.173	62.219	F3	55	80	0
1045	62.1741	62.2147	A3	52	80	0
1046	62.1741	62.2125	F5	43	80	0
1047	62.1826	62.2275	D4	36	80	0
1048	62.2734	62.3578	Bb5	69	80	0
1049	62.3707	62.5245	B5	61	80	0
1050	62.4935	62.5875	C6	58	80	0
1051	62.6057	62.6591	A1	53	80	0
1052	62.6132	62.688	A2	44	80	0
1053	62.6185	62.6965	C#6	62	80	0
1054	62.6442	62.7264	E5	11	80	0
1055	62.7243	62.8034	D6	63	80	0
1056	62.8247	62.9967	Eb6	62	80	0
1057	62.9316	63.0266	E6	62	80	0
1058	63.0288	63.1837	F6	64	80	0
1059	63.0331	63.0811	A3	54	80	0
1060	63.0363	63.0779	C4	56	80	0
1061	63.0395	63.0779	E3	52	80	0
1062	63.0469	63.0822	A5	46	80	0
1063	63.0619	63.1217	C6	51	80	0
1064	63.1431	63.2393	E6	60	80	0
1065	63.2489	63.3226	Eb6	66	80	0
1066	63.3375	63.4422	D6	68	80	0
1067	63.4615	63.5213	C#6	64	80	0
1068	63.4625	63.5117	A3	52	80	0
1069	63.4679	63.5096	E5	57	80	0
1070	63.47	63.5096	E4	47	80	0
1071	63.4732	63.5234	C4	44	80	0
1072	63.4818	63.5213	A5	41	80	0
1073	63.5715	63.6816	C6	58	80	0
1074	63.6559	63.7425	B5	62	80	0
1075	63.766	63.8023	Bb5	60	80	0
1076	63.8771	64.001	A5	61	80	0
1077	63.8856	63.923	C5	45	80	0
1078	63.8974	63.9422	E5	53	80	0
1079	63.9893	64.0619	G#5	61	80	0
1080	64.0769	64.2083	B5	60	80	0
1081	64.1645	64.2617	A5	55	80	0
1082	64.2617	64.3397	G#5	64	80	0
1083	64.2681	64.3119	B4	54	80	0
1084	64.282	64.3247	E2	54	80	0
1085	64.3098	64.3525	E5	44	80	0
1086	64.3728	64.4722	G5	58	80	0
1087	64.4935	64.5576	F#5	59	80	0
1088	64.6014	64.7051	F5	64	80	0
1089	64.7029	64.7435	B3	48	80	0
1090	64.7072	64.7959	E5	55	80	0
1091	64.7115	64.7831	G#4	38	80	0
1092	64.7147	64.7617	E3	42	80	0
1093	64.72	64.7724	D4	28	80	0
1094	64.7841	64.8835	Eb5	62	80	0
1095	64.9123	64.9775	F5	47	80	0
1096	64.9775	65.0512	E5	57	80	0
1097	65.0801	65.1346	Eb5	58	80	0
1098	65.1078	65.1613	A2	52	80	0
1099	65.1313	65.1848	C5	39	80	0
1100	65.1346	65.1922	A4	18	80	0
1101	65.1965	65.2766	D5	65	80	0
1102	65.3119	65.3707	C#5	56	80	0
1103	65.4113	65.4978	C5	47	80	0
1104	65.5202	65.5608	E4	46	80	0
1105	65.5256	65.5822	A4	53	80	0
1106	65.5266	65.5875	B4	50	80	0
1107	65.532	65.5694	A3	41	80	0
1108	65.5331	65.5715	E3	44	80	0
1109	65.5395	65.5769	C4	38	80	0
1110	65.6345	65.7061	C5	57	80	0
1111	65.7243	65.8204	D5	54	80	0
1112	65.8269	65.8878	C5	58	80	0
1113	65.9358	66.0095	B4	55	80	0
1114	65.938	65.9743	E4	46	80	0
1115	65.9401	65.9818	E3	46	80	0
1116	65.9401	65.9775	B3	48	80	0
1117	65.9583	66.016	G#4	49	80	0
1118	66.0331	66.1164	C5	69	80	0
1119	66.1559	66.2275	B4	54	80	0
1120	66.2392	66.3311	C5	65	80	0
1121	66.3685	66.4487	A4	56	80	0
1122	66.3707	66.704	F3	40	80	0
1123	66.3707	66.4583	Eb4	46	80	0
1124	66.3749	66.6324	B3	40	80	0
1125	66.3835	66.4561	B4	48	80	0
1126	66.4722	66.5309	C5	61	80	0
1127	66.5822	66.641	B4	55	80	0
1128	66.6773	66.7745	C5	57	80	0
1129	66.7905	66.8429	B4	61	80	0
1130	66.7948	66.8675	E3	42	80	0
1131	66.7969	66.8322	E4	43	80	0
1132	66.8119	66.8696	B3	22	80	0
1133	66.8194	66.8931	G#4	49	80	0
1134	66.8728	66.9786	E5	63	80	0
1135	66.9999	67.048	Eb5	60	80	0
1136	67.1036	67.204	D5	61	80	0
1137	67.2125	67.267	D4	53	80	0
1138	67.2275	67.2884	C#5	58	80	0
1139	67.236	67.2788	G#4	36	80	0
1140	67.3333	67.4433	C5	57	80	0
1141	67.4519	67.5031	B4	48	80	0
1142	67.5341	67.5726	Bb4	57	80	0
1143	67.6698	67.751	A4	51	80	0
1144	67.6794	67.7275	C4	37	80	0
1145	67.6816	67.736	E4	26	80	0
1146	67.6965	67.7457	A2	45	80	0
1147	67.7809	67.8856	Bb4	63	80	0
1148	67.907	68.0277	B4	61	80	0
1149	67.9914	68.0704	C5	56	80	0
1150	68.1057	68.1581	A4	50	80	0
1151	68.1057	68.1837	C#5	60	80	0
1152	68.1132	68.1516	A3	41	80	0
1153	68.1164	68.1655	E3	47	80	0
1154	68.1164	68.1634	E4	29	80	0
1155	68.2072	68.2831	D5	60	80	0
1156	68.313	68.4145	Eb5	56	80	0
1157	68.4187	68.5181	E5	55	80	0
1158	68.5213	68.5801	F5	55	80	0
1159	68.5224	68.5726	D5	42	80	0
1160	68.5405	68.579	A2	48	80	0
1161	68.5437	68.5918	A4	32	80	0
1162	68.6345	68.689	F#5	58	80	0
1163	68.7435	68.8087	G5	57	80	0
1164	68.8418	68.9081	G#5	55	80	0
1165	68.9412	69.0288	A5	56	80	0
1166	68.9465	68.9946	D5	41	80	0
1167	68.9561	69.0117	F3	51	80	0
1168	68.9593	69.0095	A3	47	80	0
1169	68.9625	69.0095	F5	43	80	0
1170	68.9764	69.0331	D4	25	80	0
1171	69.0555	69.1655	Bb5	63	80	0
1172	69.1666	69.2777	B5	59	80	0
1173	69.251	69.3439	C6	60	80	0
1174	69.3717	69.4123	A1	52	80	0
1175	69.3824	69.4668	C#6	60	80	0
1176	69.3867	69.4283	A5	40	80	0
1177	69.3995	69.4593	A2	35	80	0
1178	69.4048	69.4647	E5	13	80	0
1179	69.4914	69.5523	D6	57	80	0
1180	69.5886	69.7595	Eb6	58	80	0
1181	69.6858	69.7884	E6	63	80	0
1182	69.8001	69.9647	F6	60	80	0
1183	69.8204	69.8685	A5	49	80	0
1184	69.829	69.8856	C6	50	80	0
1185	69.8322	69.8803	E3	37	80	0
1186	69.8333	69.8803	C4	34	80	0
1187	69.8343	69.8835	A3	30	80	0
1188	69.9113	70.0149	E6	60	80	0
1189	70.0202	70.0801	Eb6	60	80	0
1190	70.1089	70.1858	D6	65	80	0
1191	70.2264	70.3001	C#6	59	80	0
1192	70.2425	70.2788	E5	45	80	0
1193	70.2425	70.3236	A3	42	80	0
1194	70.2489	70.2991	E4	40	80	0
1195	70.2617	70.3354	C4	32	80	0
1196	70.2734	70.3247	A5	14	80	0
1197	70.3301	70.4561	C6	62	80	0
1198	70.4348	70.5224	B5	57	80	0
1199	70.548	70.5875	Bb5	57	80	0
1200	70.6645	70.7948	A5	52	80	0
1201	70.6773	70.7275	C5	34	80	0
1202	70.6783	70.72	E5	38	80	0
1203	70.7788	70.8407	G#5	59	80	0
1204	70.8685	70.9262	B5	51	80	0
1205	70.9572	71.0192	A5	52	80	0
1206	71.0715	71.2168	Bb5	57	80	0
1207	71.0918	71.1367	D2	52	80	0
1208	71.1132	71.1751	D3	43	80	0
1209	71.1153	71.1837	D5	29	80	0
1210	71.1933	71.3397	B5	54	80	0
1211	71.3044	71.3621	C6	50	80	0
1212	71.4016	71.5074	C#6	59	80	0
1213	71.5256	71.6239	D6	59	80	0
1214	71.5288	71.5779	Bb5	58	80	0
1215	71.5373	71.5801	F5	37	80	0
1216	71.548	71.5939	Bb3	54	80	0
1217	71.564	71.6025	F3	45	80	0
1218	71.6388	71.7713	Eb6	70	80	0
1219	71.7627	71.8632	E6	61	80	0
1220	71.8375	71.9102	F6	64	80	0
1221	71.9572	72.1004	E6	57	80	0
1222	71.9657	72.0192	E3	60	80	0
1223	71.9722	72.0224	D6	30	80	0
1224	71.9722	72.0192	E2	45	80	0
1225	71.9775	72.0053	G#5	50	80	0
1226	72.0587	72.1559	F6	66	80	0
1227	72.1719	72.2542	F#6	68	80	0
1228	72.2745	72.3867	G6	68	80	0
1229	72.3664	72.4038	B3	58	80	0
1230	72.3707	72.4251	E3	63	80	0
1231	72.3803	72.4251	D4	40	80	0
1232	72.3845	72.4668	G#6	73	80	0
1233	72.3995	72.4519	D6	53	80	0
1234	72.4786	72.5726	A6	66	80	0
1235	72.5683	72.6613	Bb6	75	80	0
1236	72.6709	72.7371	B6	71	80	0
1237	72.8172	72.9444	A6	58	80	0
1238	72.8172	72.8546	F2	59	80	0
1239	72.8215	72.9316	F3	68	80	0
1240	72.829	72.9006	B6	68	80	0
1241	72.8386	72.8824	C6	49	80	0
1242	72.9519	73.0459	G#6	68	80	0
1243	73.0608	73.1452	G6	71	80	0
1244	73.1474	73.1816	F#6	67	80	0
1245	73.2435	73.3963	F6	61	80	0
1246	73.2478	73.283	A5	57	80	0
1247	73.2531	73.2863	F4	51	80	0
1248	73.2531	73.3012	C4	55	80	0
1249	73.2585	73.3151	A3	57	80	0
1250	73.2617	73.2991	C6	42	80	0
1251	73.3429	73.4583	E6	69	80	0
1252	73.4721	73.5095	Eb6	65	80	0
1253	73.5405	73.6474	D6	72	80	0
1254	73.6495	73.6922	C2	53	80	0
1255	73.6538	73.6986	C3	63	80	0
1256	73.657	73.6944	A5	56	80	0
1257	73.6602	73.7435	C#6	67	80	0
1258	73.6623	73.7125	E5	56	80	0
1259	73.7681	73.8995	C6	70	80	0
1260	73.8557	73.9689	B5	65	80	0
1261	73.9497	73.985	Bb5	66	80	0
1262	74.048	74.0886	A3	65	80	0
1263	74.0491	74.1645	A5	73	80	0
1264	74.063	74.0897	C5	53	80	0
1265	74.0651	74.0982	E4	44	80	0
1266	74.0875	74.1324	E3	55	80	0
1267	74.1741	74.2489	G#5	72	80	0
1268	74.282	74.3525	G5	61	80	0
1269	74.3546	74.4155	F#5	69	80	0
1270	74.4551	74.5982	F5	69	80	0
1271	74.4593	74.5031	D2	62	80	0
1272	74.4615	74.5074	Bb4	60	80	0
1273	74.4625	74.5245	D5	55	80	0
1274	74.4689	74.5181	D3	67	80	0
1275	74.5544	74.6527	E5	68	80	0
1276	74.6602	74.7457	Eb5	72	80	0
1277	74.7542	74.845	D5	73	80	0
1278	74.8664	74.9454	Bb4	62	80	0
1279	74.8685	75.1452	Bb3	56	80	0
1280	74.8771	75.032	F3	46	80	0
1281	74.8771	75.0245	C#5	54	80	0
1282	74.8803	74.9177	F4	42	80	0
1283	74.8835	75.0565	D4	47	80	0
1284	74.891	75.3001	D3	44	80	0
1285	74.9647	75.063	D5	65	80	0
1286	75.0694	75.1431	F5	62	80	0
1287	75.1677	75.235	D5	51	80	0
1288	75.282	75.3397	A3	47	80	0
1289	75.2873	75.3557	B4	45	80	0
1290	75.2916	75.3792	A4	51	80	0
1291	75.2948	75.3407	E4	31	80	0
1292	75.3098	75.3685	E3	40	80	0
1293	75.3974	75.4967	C5	59	80	0
1294	75.4978	75.5907	E5	63	80	0
1295	75.688	75.8311	Bb4	46	80	0
1296	75.7018	76.158	E3	49	80	0
1297	75.7286	75.9647	B3	31	80	0
1298	75.7392	75.8023	D4	21	80	0
1299	75.7424	75.7959	G#4	46	80	0
1300	75.8076	75.8749	B4	59	80	0
1301	75.8835	75.9369	E5	52	80	0
1302	75.986	76.0245	B4	66	80	0
1303	76.1313	76.1826	A2	53	80	0
1304	76.1324	76.1666	A3	48	80	0
1305	76.1356	76.1815	A4	57	80	0
1306	76.1367	76.1826	C4	57	80	0
1307	76.2435	76.361	Bb4	59	80	0
1308	76.3279	76.4657	B4	58	80	0
1309	76.4583	76.5234	C5	50	80	0
1310	76.5405	76.5811	D4	47	80	0
1311	76.5533	77.1281	F3	48	80	0
1312	76.5565	77.2948	F2	49	80	0
1313	76.5608	76.6057	A4	36	80	0
1314	76.5619	76.6356	C#5	58	80	0
1315	76.658	76.7446	D5	63	80	0
1316	76.767	76.892	Eb5	61	80	0
1317	76.8845	76.9604	E5	44	80	0
1318	76.9369	77.0117	D5	47	80	0
1319	76.9518	77.0352	F5	61	80	0
1320	76.9711	77.0192	A4	45	80	0
1321	77.0715	77.1356	F#5	61	80	0
1322	77.1719	77.2392	G5	61	80	0
1323	77.2692	77.3397	G#5	61	80	0
1324	77.3621	77.3995	E5	51	80	0
1325	77.3642	77.6185	E2	45	80	0
1326	77.3781	77.4593	A5	57	80	0
1327	77.4016	77.4732	E3	20	80	0
1328	77.4903	77.564	Bb5	64	80	0
1329	77.5715	77.6645	B5	66	80	0
1330	77.673	77.7905	C6	71	80	0
1331	77.7841	77.8236	A2	58	80	0
1332	77.7884	77.8407	A1	60	80	0
1333	77.8065	77.8471	A5	39	80	0
1334	77.8247	77.876	E5	12	80	0
1335	77.8909	78.0127	Bb5	69	80	0
1336	77.9924	78.1206	B5	65	80	0
1337	78.0833	78.1762	C6	68	80	0
1338	78.2018	78.2553	A5	59	80	0
1339	78.204	78.3001	C#6	69	80	0
1340	78.204	79.0181	F1	69	80	0
1341	78.2072	78.2435	D5	55	80	0
1342	78.2072	78.8835	F2	71	80	0
1343	78.3108	78.3984	D6	65	80	0
1344	78.4166	78.5939	Eb6	68	80	0
1345	78.533	78.6602	E6	65	80	0
1346	78.6442	78.7456	F6	66	80	0
1347	78.6495	78.6912	D6	59	80	0
1348	78.6602	78.7115	A5	55	80	0
1349	78.7574	78.8407	F#6	72	80	0
1350	78.8728	78.9465	G6	67	80	0
1351	78.954	79.0352	G#6	68	80	0
1352	79.0491	79.1068	E6	68	80	0
1353	79.0544	79.1174	E1	66	80	0
1354	79.0576	79.1826	E2	70	80	0
1355	79.0619	79.1431	A6	60	80	0
1356	79.1751	79.3247	Bb6	79	80	0
1357	79.2798	79.5715	B6	76	80	0
1358	79.3771	79.4593	C7	76	80	0
1359	79.4914	85.7627	A2	70	80	0
1360	79.4967	85.7478	A1	67	80	0
1361	79.5031	79.6078	A6	70	80	0
1362	79.5234	79.5565	C6	48	80	0
1363	79.5245	79.5597	E6	47	80	0
1364	79.6185	79.6837	G#6	68	80	0
1365	79.7136	79.8065	G6	70	80	0
1366	79.8236	79.8706	F#6	68	80	0
1367	79.9155	80.0651	F6	57	80	0
1368	79.9155	79.9593	A5	57	80	0
1369	79.9177	79.9882	D6	63	80	0
1370	80.0181	80.1185	E6	65	80	0
1371	80.126	80.1773	Eb6	64	80	0
1372	80.2211	80.3087	D6	59	80	0
1373	80.3215	80.4027	C#6	63	80	0
1374	80.3226	80.3717	F5	55	80	0
1375	80.3268	80.3653	A5	46	80	0
1376	80.439	80.5715	C6	66	80	0
1377	80.5373	80.6367	B5	62	80	0
1378	80.6335	80.6901	Bb5	60	80	0
1379	80.7318	80.8343	A5	69	80	0
1380	80.7414	80.7777	D5	58	80	0
1381	80.8493	80.9283	G#5	67	80	0
1382	80.9433	81.0288	G5	68	80	0
1383	81.0394	81.0918	F#5	66	80	0
1384	81.1271	81.1698	A4	61	80	0
1385	81.1399	81.2595	F5	56	80	0
1386	81.1474	81.1944	D5	49	80	0
1387	81.22	81.3204	E5	62	80	0
1388	81.3386	81.3931	Eb5	61	80	0
1389	81.4241	81.5373	D5	71	80	0
1390	81.5587	81.6239	C#5	60	80	0
1391	81.5608	81.6132	F4	51	80	0
1392	81.6773	81.7969	C5	60	80	0
1393	81.7702	81.8397	B4	60	80	0
1394	81.8621	81.9241	Bb4	56	80	0
1395	81.9615	82.0779	A4	66	80	0
1396	81.9914	82.0459	F4	33	80	0
1397	81.9967	82.0394	D4	39	80	0
1398	82.0939	82.1751	G#4	65	80	0
1399	82.1965	82.282	G4	64	80	0
1400	82.3065	82.3813	F#4	63	80	0
1401	82.4059	82.4753	A3	49	80	0
1402	82.423	82.5063	D4	45	80	0
1403	82.4241	82.5565	F4	55	80	0
1404	82.517	82.6474	E4	63	80	0
1405	82.6634	82.7542	Eb4	58	80	0
1406	82.7916	82.9721	D4	52	80	0
1407	83.0202	85.7894	C#4	57	80	0
1408	83.0298	85.751	E3	47	80	0
1409	83.0405	85.7649	A3	46	80	0
#SusPed	2.90705	19	0
#SusPed	2.92842	28	0
#SusPed	2.94872	38	0
#SusPed	2.96901	47	0
#SusPed	2.98931	54	0
#SusPed	3.00961	56	0
#SusPed	3.20619	54	0
#SusPed	3.24679	52	0
#SusPed	3.28525	49	0
#SusPed	3.32371	45	0
#SusPed	3.34401	41	0
#SusPed	3.36538	36	0
#SusPed	3.38461	32	0
#SusPed	3.40384	27	0
#SusPed	3.42307	20	0
#SusPed	3.44444	9	0
#SusPed	3.46474	0	0
#SusPed	3.63248	29	0
#SusPed	3.65171	51	0
#SusPed	3.672	67	0
#SusPed	3.68803	76	0
#SusPed	3.7094	81	0
#SusPed	3.77136	83	0
#SusPed	4.20512	81	0
#SusPed	4.30555	79	0
#SusPed	4.32265	74	0
#SusPed	4.34401	64	0
#SusPed	4.36431	39	0
#SusPed	4.38354	0	0
#SusPed	4.48931	11	0
#SusPed	4.51175	30	0
#SusPed	4.53205	50	0
#SusPed	4.55235	65	0
#SusPed	4.57158	72	0
#SusPed	4.59081	75	0
#SusPed	4.74786	73	0
#SusPed	4.76923	70	0
#SusPed	4.78953	65	0
#SusPed	4.80876	56	0
#SusPed	4.82799	49	0
#SusPed	4.84935	46	0
#SusPed	4.86858	44	0
#SusPed	4.88782	42	0
#SusPed	4.92735	36	0
#SusPed	4.96794	30	0
#SusPed	5.00534	26	0
#SusPed	5.04487	21	0
#SusPed	5.08547	12	0
#SusPed	5.10576	0	0
#SusPed	5.22329	13	0
#SusPed	5.24358	21	0
#SusPed	5.26175	26	0
#SusPed	5.28311	32	0
#SusPed	5.30448	37	0
#SusPed	6.0844	33	0
#SusPed	6.22222	28	0
#SusPed	6.32157	24	0
#SusPed	6.39957	20	0
#SusPed	6.6079	16	0
#SusPed	6.76816	12	0
#SusPed	6.88568	8	0
#SusPed	6.98504	0	0
#SusPed	7.3814	8	0
#SusPed	7.39957	15	0
#SusPed	7.4188	19	0
#SusPed	7.45939	24	0
#SusPed	7.66559	30	0
#SusPed	7.68482	37	0
#SusPed	7.70619	46	0
#SusPed	7.72756	53	0
#SusPed	7.74465	55	0
#SusPed	7.80448	53	0
#SusPed	7.84294	49	0
#SusPed	7.86431	46	0
#SusPed	7.88461	43	0
#SusPed	7.90384	39	0
#SusPed	7.922	34	0
#SusPed	7.96153	27	0
#SusPed	7.98183	23	0
#SusPed	8.02029	18	0
#SusPed	8.11858	27	0
#SusPed	8.13995	34	0
#SusPed	8.16025	42	0
#SusPed	8.17841	51	0
#SusPed	8.19764	56	0
#SusPed	8.35683	54	0
#SusPed	8.37927	51	0
#SusPed	8.39529	47	0
#SusPed	8.41452	42	0
#SusPed	8.43482	38	0
#SusPed	8.48503	34	0
#SusPed	8.64315	30	0
#SusPed	8.70298	26	0
#SusPed	9.15811	21	0
#SusPed	9.17841	15	0
#SusPed	9.19871	8	0
#SusPed	9.29593	13	0
#SusPed	9.3173	23	0
#SusPed	9.33653	32	0
#SusPed	9.35576	44	0
#SusPed	9.37499	54	0
#SusPed	9.39529	59	0
#SusPed	9.54379	57	0
#SusPed	9.58332	54	0
#SusPed	9.62179	51	0
#SusPed	9.64315	49	0
#SusPed	9.68161	47	0
#SusPed	9.78097	44	0
#SusPed	9.80127	41	0
#SusPed	9.82157	36	0
#SusPed	9.8611	31	0
#SusPed	9.90063	24	0
#SusPed	9.92093	19	0
#SusPed	9.94016	13	0
#SusPed	9.96046	0	0
#SusPed	10.157	36	0
#SusPed	10.1784	59	0
#SusPed	10.1976	71	0
#SusPed	10.2169	78	0
#SusPed	10.2361	81	0
#SusPed	10.5053	77	0
#SusPed	10.5235	68	0
#SusPed	10.5438	48	0
#SusPed	10.5652	15	0
#SusPed	10.5855	11	0
#SusPed	10.6399	20	0
#SusPed	10.6624	32	0
#SusPed	10.6805	48	0
#SusPed	10.6998	62	0
#SusPed	10.7211	68	0
#SusPed	10.7414	71	0
#SusPed	10.782	73	0
#SusPed	10.8793	69	0
#SusPed	10.8974	60	0
#SusPed	10.9188	41	0
#SusPed	10.9391	0	0
#SusPed	11.0374	18	0
#SusPed	11.0566	34	0
#SusPed	11.0769	53	0
#SusPed	11.0972	66	0
#SusPed	11.1164	72	0
#SusPed	11.1357	76	0
#SusPed	11.157	78	0
#SusPed	11.1955	80	0
#SusPed	11.235	83	0
#SusPed	11.3152	80	0
#SusPed	11.3344	73	0
#SusPed	11.3536	53	0
#SusPed	11.375	0	0
#SusPed	11.453	23	0
#SusPed	11.4818	48	0
#SusPed	11.5021	67	0
#SusPed	11.5224	78	0
#SusPed	11.5417	85	0
#SusPed	11.5833	90	0
#SusPed	11.6399	95	0
#SusPed	11.7596	83	0
#SusPed	11.781	57	0
#SusPed	11.7991	0	0
#SusPed	11.8996	35	0
#SusPed	11.9167	60	0
#SusPed	11.938	75	0
#SusPed	11.9583	85	0
#SusPed	11.9776	89	0
#SusPed	12.0363	94	0
#SusPed	12.156	90	0
#SusPed	12.1773	76	0
#SusPed	12.1955	51	0
#SusPed	12.2137	0	0
#SusPed	12.3141	22	0
#SusPed	12.3344	43	0
#SusPed	12.3536	61	0
#SusPed	12.3739	70	0
#SusPed	12.3932	76	0
#SusPed	12.4124	78	0
#SusPed	12.4508	80	0
#SusPed	12.5406	75	0
#SusPed	12.5609	62	0
#SusPed	12.5801	19	0
#SusPed	12.6004	0	0
#SusPed	12.6998	35	0
#SusPed	12.719	58	0
#SusPed	12.7382	71	0
#SusPed	12.7585	79	0
#SusPed	12.7788	82	0
#SusPed	12.8568	84	0
#SusPed	12.9562	80	0
#SusPed	12.9754	76	0
#SusPed	12.9968	68	0
#SusPed	13.0149	53	0
#SusPed	13.0352	27	0
#SusPed	13.0545	9	0
#SusPed	13.094	0	0
#SusPed	13.1538	21	0
#SusPed	13.1741	39	0
#SusPed	13.1944	59	0
#SusPed	13.2115	69	0
#SusPed	13.2329	75	0
#SusPed	13.2521	78	0
#SusPed	13.3921	76	0
#SusPed	13.4102	73	0
#SusPed	13.4295	69	0
#SusPed	13.4498	65	0
#SusPed	13.4808	63	0
#SusPed	13.5011	62	0
#SusPed	13.5203	60	0
#SusPed	13.5598	56	0
#SusPed	13.579	54	0
#SusPed	13.6004	52	0
#SusPed	13.6378	50	0
#SusPed	13.6773	47	0
#SusPed	13.7179	43	0
#SusPed	13.7372	40	0
#SusPed	13.7767	34	0
#SusPed	13.8355	30	0
#SusPed	14.0128	34	0
#SusPed	14.2799	38	0
#SusPed	14.3205	41	0
#SusPed	14.3397	43	0
#SusPed	14.36	45	0
#SusPed	14.3814	47	0
#SusPed	14.3985	49	0
#SusPed	14.437	52	0
#SusPed	14.5673	54	0
#SusPed	14.6859	52	0
#SusPed	14.9049	54	0
#SusPed	14.9647	56	0
#SusPed	15.063	53	0
#SusPed	15.0833	51	0
#SusPed	15.1036	46	0
#SusPed	15.1228	40	0
#SusPed	15.1442	35	0
#SusPed	15.1624	30	0
#SusPed	15.1837	25	0
#SusPed	15.2211	20	0
#SusPed	15.2617	13	0
#SusPed	15.282	9	0
#SusPed	15.3013	0	0
#SusPed	15.985	19	0
#SusPed	16.0043	38	0
#SusPed	16.0246	52	0
#SusPed	16.0438	60	0
#SusPed	16.0619	63	0
#SusPed	16.1442	62	0
#SusPed	16.1645	61	0
#SusPed	16.2019	57	0
#SusPed	16.2425	53	0
#SusPed	16.2617	49	0
#SusPed	16.282	43	0
#SusPed	16.3013	38	0
#SusPed	16.3408	33	0
#SusPed	16.4006	22	0
#SusPed	16.4199	12	0
#SusPed	16.4391	0	0
#SusPed	16.5897	11	0
#SusPed	16.6068	25	0
#SusPed	16.6282	39	0
#SusPed	16.6474	52	0
#SusPed	16.6677	59	0
#SusPed	16.7072	54	0
#SusPed	16.7275	45	0
#SusPed	16.7468	25	0
#SusPed	16.7671	11	0
#SusPed	16.8258	16	0
#SusPed	16.8461	33	0
#SusPed	16.8664	54	0
#SusPed	16.8867	69	0
#SusPed	16.907	79	0
#SusPed	16.9273	85	0
#SusPed	16.9669	87	0
#SusPed	17.3023	85	0
#SusPed	17.5107	83	0
#SusPed	17.531	79	0
#SusPed	17.5513	69	0
#SusPed	17.5705	48	0
#SusPed	17.5897	0	0
#SusPed	17.6891	15	0
#SusPed	17.7083	33	0
#SusPed	17.7275	54	0
#SusPed	17.7478	69	0
#SusPed	17.7671	79	0
#SusPed	17.7884	85	0
#SusPed	17.8258	87	0
#SusPed	17.9861	84	0
#SusPed	18.0021	82	0
#SusPed	18.0246	78	0
#SusPed	18.0438	74	0
#SusPed	18.063	66	0
#SusPed	18.0833	57	0
#SusPed	18.1025	52	0
#SusPed	18.235	49	0
#SusPed	18.2735	45	0
#SusPed	18.2949	39	0
#SusPed	18.3152	24	0
#SusPed	18.3344	0	0
#SusPed	18.4605	12	0
#SusPed	18.4808	27	0
#SusPed	18.501	38	0
#SusPed	18.5224	44	0
#SusPed	18.5427	47	0
#SusPed	18.6207	45	0
#SusPed	18.6613	43	0
#SusPed	18.7201	40	0
#SusPed	18.7788	35	0
#SusPed	18.8397	29	0
#SusPed	18.8803	25	0
#SusPed	18.9199	21	0
#SusPed	19.0192	17	0
#SusPed	20.5064	24	0
#SusPed	20.5256	33	0
#SusPed	20.5438	46	0
#SusPed	20.5641	59	0
#SusPed	20.5844	65	0
#SusPed	20.6025	67	0
#SusPed	20.7414	66	0
#SusPed	20.7607	65	0
#SusPed	20.782	62	0
#SusPed	20.8023	58	0
#SusPed	20.8226	51	0
#SusPed	20.8419	44	0
#SusPed	20.8622	40	0
#SusPed	20.9402	43	0
#SusPed	20.9594	47	0
#SusPed	20.9786	53	0
#SusPed	20.9978	59	0
#SusPed	21.0203	62	0
#SusPed	21.0395	63	0
#SusPed	21.0598	64	0
#SusPed	21.1581	63	0
#SusPed	21.1773	61	0
#SusPed	21.1966	58	0
#SusPed	21.2169	52	0
#SusPed	21.2372	43	0
#SusPed	21.2575	35	0
#SusPed	21.376	44	0
#SusPed	21.3942	53	0
#SusPed	21.4145	61	0
#SusPed	21.4348	65	0
#SusPed	21.4551	66	0
#SusPed	21.5053	67	0
#SusPed	21.6431	66	0
#SusPed	21.6634	65	0
#SusPed	21.6827	62	0
#SusPed	21.703	58	0
#SusPed	21.7233	52	0
#SusPed	21.7404	45	0
#SusPed	21.7617	41	0
#SusPed	21.8023	36	0
#SusPed	22.6837	40	0
#SusPed	22.7051	42	0
#SusPed	22.7243	45	0
#SusPed	22.9017	42	0
#SusPed	22.9989	37	0
#SusPed	23.0577	32	0
#SusPed	23.0993	27	0
#SusPed	23.1367	19	0
#SusPed	23.157	13	0
#SusPed	23.1773	8	0
#SusPed	23.1966	0	0
#SusPed	23.5448	21	0
#SusPed	23.5651	46	0
#SusPed	23.5844	64	0
#SusPed	23.6025	73	0
#SusPed	23.6228	78	0
#SusPed	23.6442	81	0
#SusPed	23.7243	83	0
#SusPed	23.8023	85	0
#SusPed	23.8814	82	0
#SusPed	23.9028	77	0
#SusPed	23.9209	66	0
#SusPed	23.9401	42	0
#SusPed	23.9594	30	0
#SusPed	24	34	0
#SusPed	24.0203	45	0
#SusPed	24.0406	61	0
#SusPed	24.0609	73	0
#SusPed	24.0801	86	0
#SusPed	24.0993	94	0
#SusPed	24.1399	100	0
#SusPed	24.2778	90	0
#SusPed	24.2981	72	0
#SusPed	24.3162	42	0
#SusPed	24.3322	0	0
#SusPed	24.3728	11	0
#SusPed	24.391	26	0
#SusPed	24.4124	45	0
#SusPed	24.4327	64	0
#SusPed	24.453	76	0
#SusPed	24.4829	86	0
#SusPed	24.5021	90	0
#SusPed	24.6795	86	0
#SusPed	24.6998	80	0
#SusPed	24.7211	70	0
#SusPed	24.7382	54	0
#SusPed	24.7575	34	0
#SusPed	24.7788	28	0
#SusPed	24.8173	21	0
#SusPed	24.8376	12	0
#SusPed	24.8579	0	0
#SusPed	25.2126	9	0
#SusPed	25.235	28	0
#SusPed	25.2521	49	0
#SusPed	25.2724	64	0
#SusPed	25.2927	71	0
#SusPed	25.3119	76	0
#SusPed	25.3312	79	0
#SusPed	25.5384	77	0
#SusPed	25.579	74	0
#SusPed	25.6196	71	0
#SusPed	25.6399	69	0
#SusPed	25.6592	68	0
#SusPed	25.8568	66	0
#SusPed	25.8771	64	0
#SusPed	25.8963	58	0
#SusPed	25.9156	46	0
#SusPed	25.9348	24	0
#SusPed	25.954	0	0
#SusPed	26.1132	34	0
#SusPed	26.1325	56	0
#SusPed	26.1528	68	0
#SusPed	26.172	75	0
#SusPed	26.1912	78	0
#SusPed	26.2104	80	0
#SusPed	26.2521	83	0
#SusPed	26.2713	85	0
#SusPed	26.3109	88	0
#SusPed	26.3899	83	0
#SusPed	26.4092	75	0
#SusPed	26.4284	59	0
#SusPed	26.4487	42	0
#SusPed	26.5	48	0
#SusPed	26.5203	56	0
#SusPed	26.5374	65	0
#SusPed	26.5577	74	0
#SusPed	26.578	85	0
#SusPed	26.5972	94	0
#SusPed	26.6186	100	0
#SusPed	26.6378	104	0
#SusPed	26.6773	109	0
#SusPed	26.7756	105	0
#SusPed	26.7959	94	0
#SusPed	26.8151	79	0
#SusPed	26.8354	61	0
#SusPed	26.8557	46	0
#SusPed	27.251	44	0
#SusPed	27.3119	42	0
#SusPed	27.3493	40	0
#SusPed	27.5363	36	0
#SusPed	27.5769	32	0
#SusPed	27.5961	26	0
#SusPed	27.6154	18	0
#SusPed	27.7372	31	0
#SusPed	27.7564	42	0
#SusPed	27.7756	54	0
#SusPed	27.7959	61	0
#SusPed	27.8162	63	0
#SusPed	27.8365	64	0
#SusPed	27.8771	65	0
#SusPed	27.9936	64	0
#SusPed	28.0149	62	0
#SusPed	28.0331	60	0
#SusPed	28.0534	58	0
#SusPed	28.0737	55	0
#SusPed	28.0961	52	0
#SusPed	28.1132	49	0
#SusPed	28.1538	47	0
#SusPed	28.1944	45	0
#SusPed	28.2136	42	0
#SusPed	28.2339	38	0
#SusPed	28.2532	32	0
#SusPed	28.2735	27	0
#SusPed	28.2938	21	0
#SusPed	28.3151	13	0
#SusPed	28.3312	0	0
#SusPed	28.5598	28	0
#SusPed	28.579	53	0
#SusPed	28.5972	65	0
#SusPed	28.6186	68	0
#SusPed	28.6389	66	0
#SusPed	28.6592	65	0
#SusPed	28.6784	62	0
#SusPed	28.7008	56	0
#SusPed	28.719	47	0
#SusPed	28.7372	37	0
#SusPed	28.7564	27	0
#SusPed	28.7767	18	0
#SusPed	28.797	0	0
#SusPed	29.0342	32	0
#SusPed	29.0566	57	0
#SusPed	29.0726	72	0
#SusPed	29.0929	84	0
#SusPed	29.1154	89	0
#SusPed	29.313	85	0
#SusPed	29.3312	74	0
#SusPed	29.3493	51	0
#SusPed	29.3696	0	0
#SusPed	29.4786	15	0
#SusPed	29.501	35	0
#SusPed	29.5181	53	0
#SusPed	29.5384	66	0
#SusPed	29.5566	72	0
#SusPed	29.578	74	0
#SusPed	29.6367	71	0
#SusPed	29.657	67	0
#SusPed	29.6784	59	0
#SusPed	29.6976	47	0
#SusPed	29.7179	31	0
#SusPed	29.7371	15	0
#SusPed	29.7574	0	0
#SusPed	29.9359	28	0
#SusPed	29.9519	57	0
#SusPed	29.9722	75	0
#SusPed	29.9936	89	0
#SusPed	30.0128	94	0
#SusPed	30.1292	89	0
#SusPed	30.1506	79	0
#SusPed	30.1709	61	0
#SusPed	30.1912	32	0
#SusPed	30.2104	23	0
#SusPed	30.5192	13	0
#SusPed	30.5406	0	0
#SusPed	30.7371	20	0
#SusPed	30.7542	48	0
#SusPed	30.7735	68	0
#SusPed	30.7959	80	0
#SusPed	30.8151	88	0
#SusPed	30.9925	82	0
#SusPed	31.0139	71	0
#SusPed	31.0331	50	0
#SusPed	31.0534	24	0
#SusPed	31.3504	19	0
#SusPed	31.3718	9	0
#SofPed	31.3728	12	0
#SusPed	31.3921	0	0
#SofPed	31.3921	19	0
#SofPed	31.4113	34	0
#SofPed	31.4295	58	0
#SofPed	31.4508	85	0
#SofPed	31.4807	111	0
#SofPed	31.501	127	0
#SusPed	32.8867	27	0
#SusPed	32.907	52	0
#SofPed	32.9081	122	0
#SusPed	32.9273	67	0
#SusPed	32.9444	75	0
#SofPed	32.9455	116	0
#SusPed	32.9668	81	0
#SofPed	32.969	111	0
#SusPed	32.985	84	0
#SofPed	33.0042	104	0
#SusPed	33.0448	86	0
#SofPed	33.047	99	0
#SofPed	33.0854	93	0
#SusPed	33.125	83	0
#SofPed	33.1271	86	0
#SusPed	33.1442	77	0
#SofPed	33.1463	81	0
#SusPed	33.1634	66	0
#SofPed	33.1656	77	0
#SusPed	33.1837	50	0
#SofPed	33.1859	73	0
#SusPed	33.203	46	0
#SusPed	33.2233	49	0
#SusPed	33.2425	53	0
#SusPed	33.2617	58	0
#SusPed	33.282	61	0
#SusPed	33.3215	59	0
#SusPed	33.3386	56	0
#SusPed	33.36	50	0
#SusPed	33.3814	40	0
#SusPed	33.4006	22	0
#SusPed	33.4209	0	0
#SusPed	33.7083	9	0
#SusPed	33.828	0	0
#SusPed	34.1036	11	0
#SusPed	34.1218	30	0
#SusPed	34.1421	46	0
#SusPed	34.1624	59	0
#SusPed	34.1816	63	0
#SusPed	34.2008	64	0
#SusPed	34.2617	65	0
#SusPed	34.438	64	0
#SusPed	34.4594	63	0
#SusPed	34.4893	62	0
#SusPed	34.5085	59	0
#SusPed	34.5277	55	0
#SusPed	34.5491	50	0
#SusPed	34.5673	45	0
#SusPed	34.5876	39	0
#SusPed	34.626	34	0
#SusPed	34.6666	30	0
#SusPed	34.7083	26	0
#SusPed	34.7446	21	0
#SusPed	34.7852	15	0
#SusPed	34.8226	0	0
#SofPed	35.2425	77	0
#SusPed	35.3782	15	0
#SusPed	35.3985	22	0
#SusPed	35.4177	26	0
#SusPed	35.703	30	0
#SofPed	35.8814	73	0
#SusPed	35.9209	35	0
#SusPed	35.9818	39	0
#SusPed	36.0213	41	0
#SusPed	36.1207	32	0
#SusPed	36.1399	11	0
#SusPed	36.1602	0	0
#SusPed	36.2596	23	0
#SusPed	36.2767	45	0
#SusPed	36.297	62	0
#SusPed	36.3173	71	0
#SusPed	36.3376	75	0
#SusPed	36.3568	77	0
#SusPed	36.563	74	0
#SusPed	36.5854	69	0
#SusPed	36.6036	59	0
#SusPed	36.625	42	0
#SusPed	36.6431	18	0
#SusPed	36.6634	9	0
#SusPed	36.6816	0	0
#SusPed	37.5245	11	0
#SusPed	37.5427	20	0
#SusPed	37.563	28	0
#SofPed	37.5641	68	0
#SusPed	37.5833	35	0
#SusPed	37.6036	41	0
#SusPed	37.6218	44	0
#SusPed	37.6421	47	0
#SofPed	37.6431	63	0
#SusPed	37.6816	49	0
#SofPed	37.7008	59	0
#SofPed	37.7425	55	0
#SofPed	37.7809	51	0
#SusPed	37.8226	47	0
#SusPed	37.8397	43	0
#SusPed	37.8611	37	0
#SofPed	37.8621	45	0
#SusPed	37.8803	27	0
#SusPed	37.8995	20	0
#SofPed	37.9006	39	0
#SofPed	37.9401	35	0
#SofPed	37.9797	27	0
#SofPed	38	19	0
#SofPed	38.0192	11	0
#SofPed	38.0972	0	0
#SusPed	38.2371	15	0
#SusPed	38.2564	0	0
#SusPed	40.2158	9	0
#SusPed	40.2361	21	0
#SusPed	40.2553	26	0
#SusPed	40.3515	21	0
#SusPed	40.3942	0	0
#SusPed	40.5619	27	0
#SusPed	40.5801	43	0
#SusPed	40.6004	54	0
#SusPed	40.6207	59	0
#SusPed	40.7585	57	0
#SusPed	40.798	55	0
#SusPed	40.8386	51	0
#SusPed	40.8589	48	0
#SusPed	40.8771	45	0
#SusPed	40.8974	42	0
#SusPed	40.9391	40	0
#SusPed	41.0384	42	0
#SusPed	41.0747	45	0
#SusPed	41.1153	47	0
#SusPed	41.2339	44	0
#SusPed	41.2564	38	0
#SusPed	41.2735	26	0
#SusPed	41.2927	11	0
#SusPed	41.3119	0	0
#SusPed	41.454	21	0
#SusPed	41.4797	37	0
#SusPed	41.501	53	0
#SusPed	41.5203	62	0
#SusPed	41.5406	65	0
#SusPed	41.5609	66	0
#SusPed	41.5801	68	0
#SusPed	41.6207	70	0
#SusPed	41.6976	66	0
#SusPed	41.7179	61	0
#SusPed	41.7382	49	0
#SusPed	41.7574	33	0
#SusPed	41.7777	22	0
#SusPed	41.876	29	0
#SusPed	41.8963	42	0
#SusPed	41.9156	58	0
#SusPed	41.9359	68	0
#SusPed	41.9572	74	0
#SusPed	41.9765	77	0
#SusPed	42.0737	72	0
#SusPed	42.095	64	0
#SusPed	42.1143	48	0
#SusPed	42.1335	21	0
#SusPed	42.1538	12	0
#SusPed	42.2542	21	0
#SusPed	42.2713	34	0
#SusPed	42.2895	49	0
#SusPed	42.3109	62	0
#SusPed	42.3322	67	0
#SusPed	42.3515	68	0
#SusPed	42.4786	66	0
#SusPed	42.4989	65	0
#SusPed	42.5203	64	0
#SusPed	42.5395	59	0
#SusPed	42.5598	51	0
#SusPed	42.579	33	0
#SusPed	42.5993	8	0
#SusPed	42.6175	0	0
#SusPed	42.7168	18	0
#SusPed	42.7371	33	0
#SusPed	42.7574	49	0
#SusPed	42.7767	61	0
#SusPed	42.7938	65	0
#SusPed	42.8141	66	0
#SusPed	42.8536	67	0
#SusPed	42.9722	66	0
#SusPed	42.9903	65	0
#SusPed	43.0117	61	0
#SusPed	43.0299	59	0
#SusPed	43.0897	60	0
#SusPed	43.11	62	0
#SusPed	43.1292	64	0
#SusPed	43.1485	67	0
#SusPed	43.1698	71	0
#SusPed	43.1901	75	0
#SusPed	43.2083	80	0
#SusPed	43.2286	82	0
#SusPed	43.3664	76	0
#SusPed	43.3867	64	0
#SusPed	43.407	27	0
#SusPed	43.4262	0	0
#SusPed	43.5544	21	0
#SusPed	43.5747	45	0
#SusPed	43.5961	62	0
#SusPed	43.6143	71	0
#SusPed	43.6335	76	0
#SusPed	43.6559	79	0
#SusPed	43.6923	81	0
#SusPed	43.813	74	0
#SusPed	43.8322	60	0
#SusPed	43.8525	27	0
#SusPed	43.8707	0	0
#SusPed	43.9508	22	0
#SusPed	43.9711	38	0
#SusPed	43.9893	55	0
#SusPed	44.0096	66	0
#SusPed	44.0309	72	0
#SusPed	44.048	74	0
#SusPed	44.1891	70	0
#SusPed	44.2083	65	0
#SusPed	44.2286	56	0
#SusPed	44.2468	41	0
#SusPed	44.2649	25	0
#SusPed	44.2863	15	0
#SusPed	44.3269	0	0
#SusPed	44.4262	19	0
#SusPed	44.4465	32	0
#SusPed	44.4732	45	0
#SusPed	44.4935	57	0
#SusPed	44.5149	62	0
#SusPed	44.5341	64	0
#SusPed	44.6143	63	0
#SusPed	44.6538	61	0
#SusPed	44.672	58	0
#SusPed	44.6923	52	0
#SusPed	44.7115	42	0
#SusPed	44.7318	31	0
#SusPed	44.7521	26	0
#SusPed	44.8504	35	0
#SusPed	44.8685	44	0
#SusPed	44.8888	53	0
#SusPed	44.9091	58	0
#SusPed	45.1068	54	0
#SusPed	45.1271	45	0
#SusPed	45.1485	28	0
#SusPed	45.1666	0	0
#SusPed	45.2649	24	0
#SusPed	45.2831	43	0
#SusPed	45.3044	61	0
#SusPed	45.3247	69	0
#SusPed	45.345	71	0
#SusPed	45.4925	67	0
#SusPed	45.5128	62	0
#SusPed	45.5331	56	0
#SusPed	45.5512	48	0
#SusPed	45.5715	43	0
#SusPed	45.5929	40	0
#SusPed	45.6324	36	0
#SusPed	45.6709	31	0
#SusPed	45.7083	26	0
#SusPed	45.75	22	0
#SusPed	45.7895	15	0
#SusPed	45.8109	9	0
#SusPed	45.8301	0	0
#SusPed	46.1645	16	0
#SusPed	46.1859	40	0
#SusPed	46.2051	58	0
#SusPed	46.2264	65	0
#SofPed	46.2275	11	0
#SofPed	46.2649	20	0
#SusPed	46.2841	63	0
#SofPed	46.2852	30	0
#SusPed	46.3034	60	0
#SofPed	46.3044	43	0
#SusPed	46.3237	55	0
#SofPed	46.3237	54	0
#SusPed	46.345	47	0
#SofPed	46.3461	64	0
#SusPed	46.3643	36	0
#SofPed	46.3653	73	0
#SusPed	46.3835	25	0
#SofPed	46.3846	85	0
#SusPed	46.4049	13	0
#SofPed	46.4049	98	0
#SusPed	46.4241	0	0
#SofPed	46.4252	111	0
#SofPed	46.4423	124	0
#SusPed	47.0042	13	0
#SusPed	47.0267	39	0
#SusPed	47.0459	60	0
#SusPed	47.0651	71	0
#SusPed	47.0844	79	0
#SusPed	47.1057	85	0
#SusPed	47.125	88	0
#SusPed	47.1848	92	0
#SusPed	47.2628	86	0
#SusPed	47.2831	74	0
#SofPed	47.2841	118	0
#SusPed	47.3012	52	0
#SusPed	47.3226	15	0
#SofPed	47.3237	111	0
#SofPed	47.3621	105	0
#SofPed	47.3814	101	0
#SusPed	47.4006	23	0
#SofPed	47.4027	96	0
#SusPed	47.4209	35	0
#SofPed	47.423	92	0
#SusPed	47.4412	49	0
#SusPed	47.47	63	0
#SofPed	47.4711	85	0
#SusPed	47.4903	69	0
#SusPed	47.5106	72	0
#SofPed	47.5117	79	0
#SusPed	47.5512	70	0
#SusPed	47.5694	67	0
#SusPed	47.5897	62	0
#SusPed	47.61	56	0
#SusPed	47.6292	47	0
#SofPed	47.6303	74	0
#SusPed	47.6506	35	0
#SusPed	47.6677	18	0
#SusPed	47.688	0	0
#SofPed	47.6891	68	0
#SofPed	47.8279	64	0
#SusPed	47.9262	34	0
#SofPed	47.9262	59	0
#SusPed	47.9455	55	0
#SusPed	47.9647	67	0
#SusPed	47.985	72	0
#SofPed	47.9861	54	0
#SusPed	48.0042	74	0
#SusPed	48.0459	72	0
#SusPed	48.063	68	0
#SusPed	48.0833	60	0
#SusPed	48.1036	47	0
#SofPed	48.1047	50	0
#SusPed	48.1239	30	0
#SusPed	48.1442	20	0
#SusPed	48.1826	16	0
#SusPed	48.2606	21	0
#SusPed	48.2809	27	0
#SofPed	48.282	46	0
#SusPed	48.3012	32	0
#SusPed	48.3205	37	0
#SusPed	48.3408	42	0
#SusPed	48.3611	44	0
#SusPed	48.4412	46	0
#SusPed	48.5299	44	0
#SusPed	48.5502	41	0
#SusPed	48.5683	35	0
#SusPed	48.5876	26	0
#SusPed	48.6089	19	0
#SusPed	48.7457	25	0
#SusPed	48.8066	29	0
#SofPed	48.9038	41	0
#SusPed	49.0438	25	0
#SofPed	49.0459	36	0
#SofPed	49.0811	30	0
#SofPed	49.1025	21	0
#SofPed	49.1207	8	0
#SusPed	49.141	21	0
#SofPed	49.142	0	0
#SusPed	49.3397	15	0
#SusPed	49.3792	0	0
#SusPed	50.142	9	0
#SusPed	50.1613	15	0
#SusPed	50.3365	11	0
#SusPed	50.3782	0	0
#SusPed	54.2232	11	0
#SusPed	54.2414	47	0
#SusPed	54.2617	70	0
#SusPed	54.2809	84	0
#SusPed	54.2991	89	0
#SusPed	54.3589	83	0
#SusPed	54.3792	75	0
#SusPed	54.3995	60	0
#SusPed	54.4198	37	0
#SusPed	54.4401	28	0
#SusPed	54.548	21	0
#SusPed	54.5673	15	0
#SusPed	54.5876	11	0
#SusPed	54.6848	18	0
#SusPed	54.7061	25	0
#SusPed	54.9423	21	0
#SusPed	55.2168	25	0
#SusPed	55.2745	31	0
#SusPed	55.4829	35	0
#SusPed	55.5031	40	0
#SusPed	55.5224	49	0
#SusPed	55.5427	57	0
#SusPed	55.563	61	0
#SusPed	55.5822	62	0
#SusPed	55.6239	63	0
#SusPed	55.7019	62	0
#SusPed	55.7606	60	0
#SusPed	55.798	57	0
#SusPed	55.9989	55	0
#SusPed	56.0972	53	0
#SusPed	56.1762	51	0
#SusPed	56.2158	49	0
#SusPed	56.2745	47	0
#SusPed	56.3749	49	0
#SusPed	56.7179	52	0
#SusPed	56.7403	54	0
#SusPed	56.7596	57	0
#SusPed	56.7777	61	0
#SusPed	56.7959	65	0
#SusPed	56.8173	68	0
#SusPed	56.8568	70	0
#SusPed	57.0138	67	0
#SusPed	57.0363	65	0
#SusPed	57.0555	63	0
#SusPed	57.0758	61	0
#SusPed	57.095	58	0
#SusPed	57.1955	61	0
#SusPed	57.2147	64	0
#SusPed	57.2339	66	0
#SusPed	57.2564	68	0
#SusPed	57.4625	65	0
#SusPed	57.4828	60	0
#SusPed	57.5031	54	0
#SusPed	57.5234	49	0
#SusPed	57.5427	46	0
#SusPed	57.6025	49	0
#SusPed	57.6228	53	0
#SusPed	57.641	57	0
#SusPed	57.6602	60	0
#SusPed	57.6805	63	0
#SusPed	57.7008	65	0
#SusPed	57.72	67	0
#SusPed	57.798	65	0
#SusPed	57.8386	64	0
#SusPed	57.8578	61	0
#SusPed	57.8792	58	0
#SusPed	57.8995	54	0
#SusPed	57.9177	50	0
#SusPed	57.9401	47	0
#SusPed	57.9593	45	0
#SusPed	58.016	47	0
#SusPed	58.0373	49	0
#SusPed	58.0555	54	0
#SusPed	58.0758	59	0
#SusPed	58.1356	57	0
#SusPed	58.1559	54	0
#SusPed	58.173	49	0
#SusPed	58.1955	44	0
#SusPed	58.2125	41	0
#SusPed	58.2745	46	0
#SusPed	58.2937	51	0
#SusPed	58.314	57	0
#SusPed	58.3333	61	0
#SusPed	58.3525	63	0
#SusPed	58.3717	64	0
#SusPed	58.4123	63	0
#SusPed	58.5021	62	0
#SusPed	58.5405	61	0
#SusPed	58.5608	60	0
#SusPed	58.5993	57	0
#SusPed	58.6388	53	0
#SusPed	58.6602	51	0
#SusPed	58.6805	49	0
#SusPed	58.9583	51	0
#SusPed	59.1388	49	0
#SusPed	59.1773	46	0
#SusPed	59.1987	44	0
#SusPed	59.2179	42	0
#SusPed	59.3386	45	0
#SusPed	59.3589	47	0
#SusPed	59.3771	50	0
#SusPed	59.3974	52	0
#SusPed	59.4465	54	0
#SusPed	59.5854	52	0
#SusPed	59.9625	50	0
#SusPed	60.001	48	0
#SusPed	60.0598	45	0
#SusPed	60.1217	43	0
#SusPed	60.1591	41	0
#SusPed	60.2179	37	0
#SusPed	60.6036	33	0
#SusPed	60.6816	28	0
#SusPed	60.7809	24	0
#SusPed	60.9198	20	0
#SusPed	61.3546	16	0
#SusPed	61.7788	20	0
#SusPed	61.7991	24	0
#SusPed	61.8375	31	0
#SusPed	61.8589	35	0
#SusPed	61.8995	40	0
#SusPed	62.0758	35	0
#SusPed	62.0972	31	0
#SusPed	62.1185	25	0
#SusPed	62.1367	19	0
#SusPed	62.157	13	0
#SusPed	62.1741	0	0
#SusPed	62.6196	30	0
#SusPed	62.641	50	0
#SusPed	62.6623	64	0
#SusPed	62.6805	70	0
#SusPed	62.6997	76	0
#SusPed	62.72	79	0
#SusPed	62.7403	82	0
#SusPed	62.7606	84	0
#SusPed	62.798	86	0
#SusPed	62.8792	88	0
#SusPed	63.0758	86	0
#SusPed	63.1175	84	0
#SusPed	63.1346	82	0
#SusPed	63.1944	80	0
#SusPed	63.2542	77	0
#SusPed	63.314	75	0
#SusPed	63.3333	69	0
#SusPed	63.3536	57	0
#SusPed	63.3707	30	0
#SusPed	63.392	0	0
#SusPed	63.5213	25	0
#SusPed	63.5416	48	0
#SusPed	63.5619	65	0
#SusPed	63.579	73	0
#SusPed	63.6004	77	0
#SusPed	63.7585	74	0
#SusPed	63.7766	70	0
#SusPed	63.7969	63	0
#SusPed	63.8172	56	0
#SusPed	63.8365	52	0
#SusPed	63.8568	49	0
#SusPed	63.876	46	0
#SusPed	63.8974	41	0
#SusPed	63.9166	36	0
#SusPed	63.9572	32	0
#SusPed	64.0555	28	0
#SusPed	64.1143	24	0
#SusPed	64.1719	19	0
#SusPed	64.2125	13	0
#SusPed	64.2318	9	0
#SusPed	64.2713	0	0
#SusPed	66.439	13	0
#SusPed	66.4593	32	0
#SusPed	66.4796	50	0
#SusPed	66.4999	62	0
#SusPed	66.5192	66	0
#SusPed	66.5395	67	0
#SusPed	66.6773	65	0
#SusPed	66.6976	62	0
#SusPed	66.7168	57	0
#SusPed	66.7392	48	0
#SusPed	66.7574	40	0
#SusPed	66.8546	44	0
#SusPed	66.8749	50	0
#SusPed	66.8942	57	0
#SusPed	66.9155	62	0
#SusPed	66.9358	65	0
#SusPed	66.9551	68	0
#SusPed	66.9732	70	0
#SusPed	67.0726	68	0
#SusPed	67.0929	63	0
#SusPed	67.1132	53	0
#SusPed	67.1335	37	0
#SusPed	67.1538	28	0
#SusPed	67.2307	36	0
#SusPed	67.251	45	0
#SusPed	67.2702	56	0
#SusPed	67.2905	63	0
#SusPed	67.3108	66	0
#SusPed	67.329	68	0
#SusPed	67.3685	70	0
#SusPed	67.5181	68	0
#SusPed	67.5384	63	0
#SusPed	67.5587	55	0
#SusPed	67.5747	43	0
#SusPed	67.5972	34	0
#SusPed	67.657	30	0
#SusPed	67.6965	26	0
#SusPed	68.3301	22	0
#SusPed	68.3685	15	0
#SusPed	68.3867	0	0
#SusPed	68.5363	23	0
#SusPed	68.5576	42	0
#SusPed	68.5736	59	0
#SusPed	68.5939	65	0
#SusPed	68.6153	66	0
#SusPed	68.735	65	0
#SusPed	68.7563	64	0
#SusPed	68.7734	62	0
#SusPed	68.7948	59	0
#SusPed	68.8119	53	0
#SusPed	68.8322	44	0
#SusPed	68.8525	33	0
#SusPed	68.8728	24	0
#SusPed	68.892	18	0
#SusPed	68.9935	28	0
#SusPed	69.0138	42	0
#SusPed	69.032	57	0
#SusPed	69.0512	64	0
#SusPed	69.0715	66	0
#SusPed	69.1709	65	0
#SusPed	69.1922	64	0
#SusPed	69.2125	61	0
#SusPed	69.2318	57	0
#SusPed	69.2531	48	0
#SusPed	69.2734	31	0
#SusPed	69.2916	0	0
#SusPed	69.391	11	0
#SusPed	69.4091	32	0
#SusPed	69.4294	54	0
#SusPed	69.4604	68	0
#SusPed	69.4796	75	0
#SusPed	69.4989	78	0
#SusPed	69.5587	80	0
#SusPed	69.8739	78	0
#SusPed	70.0726	76	0
#SusPed	70.1121	71	0
#SusPed	70.1335	61	0
#SusPed	70.1538	43	0
#SusPed	70.1709	24	0
#SusPed	70.1912	17	0
#SusPed	70.2905	25	0
#SusPed	70.3108	37	0
#SusPed	70.3311	53	0
#SusPed	70.3514	65	0
#SusPed	70.3685	71	0
#SusPed	70.3888	75	0
#SusPed	70.4305	77	0
#SusPed	70.5769	75	0
#SusPed	70.5961	72	0
#SusPed	70.6164	67	0
#SusPed	70.6367	61	0
#SusPed	70.657	56	0
#SusPed	70.6773	54	0
#SusPed	70.7959	52	0
#SusPed	70.8365	49	0
#SusPed	70.8568	47	0
#SusPed	70.8739	44	0
#SusPed	70.8963	40	0
#SusPed	70.9166	31	0
#SusPed	70.9358	19	0
#SusPed	70.9551	0	0
#SusPed	71.1345	28	0
#SusPed	71.1527	47	0
#SusPed	71.1719	61	0
#SusPed	71.1933	66	0
#SusPed	71.2125	67	0
#SusPed	71.3525	66	0
#SusPed	71.3696	64	0
#SusPed	71.3899	61	0
#SusPed	71.4102	59	0
#SusPed	71.4294	57	0
#SusPed	71.4604	54	0
#SusPed	71.4786	49	0
#SusPed	71.4999	46	0
#SusPed	71.5395	49	0
#SusPed	71.5576	52	0
#SusPed	71.5779	58	0
#SusPed	71.5972	64	0
#SusPed	71.6185	69	0
#SusPed	71.6367	72	0
#SusPed	71.658	75	0
#SusPed	71.6986	77	0
#SusPed	71.8365	72	0
#SusPed	71.8557	64	0
#SusPed	71.876	43	0
#SusPed	71.8963	0	0
#SusPed	71.9957	8	0
#SusPed	72.017	28	0
#SusPed	72.0363	48	0
#SusPed	72.0544	65	0
#SusPed	72.0747	74	0
#SusPed	72.0961	80	0
#SusPed	72.1142	82	0
#SusPed	72.2136	84	0
#SusPed	72.7371	82	0
#SusPed	72.7574	77	0
#SusPed	72.7766	66	0
#SusPed	72.7969	43	0
#SusPed	72.8162	21	0
#SusPed	72.8781	25	0
#SusPed	72.8974	36	0
#SusPed	72.9155	54	0
#SusPed	72.9348	69	0
#SusPed	72.9551	82	0
#SusPed	72.9754	92	0
#SusPed	72.9946	96	0
#SusPed	73.0341	101	0
#SusPed	73.173	86	0
#SusPed	73.1933	65	0
#SusPed	73.2125	28	0
#SusPed	73.2328	18	0
#SusPed	73.2734	24	0
#SusPed	73.2916	35	0
#SusPed	73.3119	51	0
#SusPed	73.3333	65	0
#SusPed	73.3525	75	0
#SusPed	73.3717	84	0
#SusPed	73.391	89	0
#SusPed	73.5608	76	0
#SusPed	73.5801	53	0
#SusPed	73.5982	0	0
#SusPed	73.6794	23	0
#SusPed	73.6986	48	0
#SusPed	73.7179	66	0
#SusPed	73.7382	81	0
#SusPed	73.7585	95	0
#SusPed	73.7766	102	0
#SusPed	73.8172	109	0
#SusPed	73.8365	113	0
#SusPed	73.8536	118	0
#SusPed	73.8952	123	0
#SusPed	73.954	116	0
#SusPed	73.9743	99	0
#SusPed	73.9924	71	0
#SusPed	74.0341	0	0
#SusPed	74.0918	21	0
#SusPed	74.1132	48	0
#SusPed	74.1345	69	0
#SusPed	74.1538	86	0
#SusPed	74.1719	102	0
#SusPed	74.1922	110	0
#SusPed	74.2318	115	0
#SusPed	74.2905	109	0
#SusPed	74.3119	94	0
#SusPed	74.3322	66	0
#SusPed	74.3504	0	0
#SusPed	74.4593	15	0
#SusPed	74.4775	39	0
#SusPed	74.4989	48	0
#SusPed	74.5202	50	0
#SusPed	74.5779	47	0
#SusPed	74.6164	43	0
#SusPed	74.6367	39	0
#SusPed	74.657	31	0
#SusPed	74.6783	15	0
#SusPed	74.6965	0	0
#SusPed	75.4091	13	0
#SusPed	75.4283	17	0
#SusPed	75.4775	21	0
#SusPed	75.6164	15	0
#SusPed	75.6345	0	0
#SusPed	75.7937	32	0
#SusPed	75.813	54	0
#SusPed	75.8322	67	0
#SusPed	75.8536	73	0
#SusPed	75.8728	76	0
#SusPed	75.9508	74	0
#SusPed	75.97	71	0
#SusPed	75.9892	62	0
#SusPed	76.0117	48	0
#SusPed	76.0309	35	0
#SusPed	76.0512	29	0
#SusPed	76.0715	25	0
#SusPed	76.0907	20	0
#SusPed	76.11	13	0
#SusPed	76.1292	0	0
#SusPed	76.6741	11	0
#SusPed	76.6944	20	0
#SusPed	76.7136	28	0
#SusPed	76.7328	36	0
#SusPed	76.7531	43	0
#SusPed	76.7724	48	0
#SusPed	76.7916	51	0
#SofPed	76.9123	8	0
#SusPed	77.751	49	0
#SofPed	77.7521	0	0
#SusPed	77.8503	46	0
#SusPed	78.2072	43	0
#SusPed	78.2286	40	0
#SusPed	78.2478	36	0
#SusPed	78.2681	31	0
#SusPed	78.2884	25	0
#SusPed	78.3076	20	0
#SusPed	78.3279	16	0
#SusPed	78.3685	12	0
#SusPed	78.6356	25	0
#SusPed	78.6559	36	0
#SusPed	78.6762	52	0
#SusPed	78.6954	64	0
#SusPed	78.7168	70	0
#SusPed	78.7339	73	0
#SusPed	78.7521	75	0
#SusPed	78.7937	78	0
#SusPed	78.8343	80	0
#SusPed	78.9315	75	0
#SusPed	78.9497	65	0
#SusPed	78.9711	41	0
#SusPed	78.9924	0	0
#SusPed	79.1292	24	0
#SusPed	79.1495	46	0
#SusPed	79.1687	63	0
#SusPed	79.189	72	0
#SusPed	79.2104	78	0
#SusPed	79.4294	74	0
#SusPed	79.4572	67	0
#SusPed	79.4764	55	0
#SusPed	79.4956	43	0
#SusPed	79.5159	39	0
#SusPed	80.4775	42	0
#SusPed	80.4978	47	0
#SusPed	80.5181	53	0
#SusPed	80.5352	58	0
#SusPed	80.5555	60	0
#SusPed	80.595	61	0
#SusPed	80.6559	59	0
#SusPed	80.6751	57	0
#SusPed	80.6954	54	0
#SusPed	80.7147	52	0
#SusPed	81.8525	50	0
#SusPed	82.7125	48	0
#SusPed	83.1078	46	0
#SusPed	83.188	44	0
#SusPed	83.4743	42	0
#SusPed	83.5918	37	0
#SusPed	83.6516	31	0
#SusPed	83.6719	27	0
#SusPed	83.6922	23	0
#SusPed	83.7125	18	0
#SusPed	83.7285	12	0
#SusPed	83.7691	0	0
