//Version: PianoRoll_v170101
0	0.514155	1.58921	F4	41	34	0
1	0.522168	2.14076	G#3	32	32	0
2	0.530181	7.30368	F3	24	27	0
3	0.886751	2.19952	G#4	49	54	0
4	1.20059	2.11805	C5	53	22	0
5	1.51175	1.84962	F5	50	54	0
6	1.83761	2.90865	G4	52	63	0
7	1.84829	3.47489	Bb3	37	39	0
8	2.16212	2.55342	F5	63	60	0
9	2.5	3.47623	E5	60	37	0
10	2.82852	3.48023	G5	63	46	0
11	3.14503	5.18563	C4	41	34	0
12	3.15171	5.06677	G#4	58	48	0
13	3.47623	4.48851	C5	56	45	0
14	3.81143	4.11725	F5	55	53	0
15	4.10924	4.46314	E5	54	58	0
16	4.4431	5.85737	F5	64	37	0
17	4.45646	6.30341	G#3	30	10	0
18	4.79834	5.39129	C5	49	59	0
19	5.1055	5.51014	Bb4	49	57	0
20	5.42334	5.88274	G#4	55	33	0
21	5.74919	6.96313	C#5	63	35	0
22	5.76388	7.2142	Bb3	33	40	0
23	6.06837	7.35042	G#4	50	28	0
24	6.36618	6.69871	G4	53	57	0
25	6.68135	7.35843	Bb4	52	53	0
26	7.01255	7.92334	E4	48	33	0
27	7.03658	8.38541	G3	35	43	0
28	7.33573	8.32798	C#5	62	37	0
29	7.64289	8.30127	C5	65	53	0
30	7.9634	8.75533	Bb4	61	39	0
31	8.28925	8.8822	F4	38	36	0
32	8.28925	9.63007	G#4	66	32	0
33	8.30127	9.3376	F3	36	40	0
34	8.63381	9.68749	G#3	55	35	0
35	8.95031	9.65945	C4	56	36	0
36	9.25613	9.53258	Bb4	57	54	0
37	9.26148	9.66078	F4	55	37	0
38	9.5713	9.67948	C5	52	60	0
39	9.57398	11.1912	G3	64	34	0
40	9.69684	9.75827	Bb4	52	62	0
41	9.79967	9.89315	C5	44	63	0
42	9.90117	10.2404	F4	37	36	0
43	9.90384	9.9626	Bb4	56	64	0
44	9.98931	10.0734	C5	51	62	0
45	10.0748	10.1669	Bb4	57	64	0
46	10.1829	10.5302	E4	51	44	0
47	10.1843	10.2684	C5	59	59	0
48	10.2537	10.3299	Bb4	44	61	0
49	10.3512	10.4995	C5	41	80	0
50	10.4727	10.629	Bb4	42	55	0
51	10.4808	10.8854	G4	53	40	0
52	10.6143	10.7198	G#4	54	60	0
53	10.7332	10.844	Bb4	60	62	0
54	10.8507	12.2957	G#3	39	41	0
55	10.8614	11.7508	C5	66	43	0
56	11.1552	12.0793	G#4	64	6	0
57	11.4797	11.8603	E4	53	51	0
58	11.8002	12.1074	F4	57	59	0
59	12.1167	13.3988	C#4	52	33	0
60	12.118	13.5016	Bb3	40	35	0
61	12.4279	13.2772	C#5	54	16	0
62	12.7377	13.0435	G4	53	60	0
63	13.0529	13.4121	Bb4	53	49	0
64	13.3654	14.4378	C3	44	42	0
65	13.3734	13.9583	C4	41	59	0
66	13.3734	14.3923	E4	51	35	0
67	13.6859	14.7022	E3	56	38	0
68	14.0198	14.9052	G3	61	31	0
69	14.3069	14.7169	C4	53	36	0
70	14.3256	14.602	F4	51	60	0
71	14.6341	14.7142	G4	55	60	0
72	14.6474	15.9495	C#3	60	55	0
73	14.7596	14.8277	F4	53	63	0
74	14.8624	14.9118	G4	59	64	0
75	14.9426	15.2417	C4	47	57	0
76	14.9479	15.0013	F4	60	61	0
77	15.032	15.0841	G4	61	63	0
78	15.1202	15.1723	F4	57	63	0
79	15.1963	15.2497	G4	59	64	0
80	15.2644	15.6584	Bb3	47	33	0
81	15.2951	15.3312	F4	55	57	0
82	15.3566	15.4126	G4	63	60	0
83	15.4394	15.5168	F4	59	61	0
84	15.5609	15.6063	E4	53	65	0
85	15.5742	16.027	C#4	38	37	0
86	15.6423	15.7986	F4	48	51	0
87	15.8093	16.7294	G4	48	56	0
88	15.8533	17.7991	E3	46	23	0
89	16.1498	16.4743	C5	56	57	0
90	16.4356	17.7711	G3	47	4	0
91	16.4463	17.5467	Bb4	54	34	0
92	16.7681	17.1114	C#5	52	37	0
93	17.098	17.7657	C4	41	38	0
94	17.106	18.0529	E4	39	59	0
95	17.4292	18.1864	C#5	57	33	0
96	17.747	18.4201	C5	57	59	0
97	17.7484	18.5096	C3	38	53	0
98	18.0916	18.6204	Bb4	55	36	0
99	18.4054	19.4217	F2	50	62	0
100	18.4281	19.3763	A4	54	56	0
101	18.4295	19.4578	Eb4	50	58	0
102	18.7259	19.5032	A2	59	49	0
103	19.0518	19.6554	C3	60	64	0
104	19.3483	19.7195	F3	57	45	0
105	19.3643	19.6608	Bb4	59	62	0
106	19.6674	20.9455	F#2	69	37	0
107	19.6875	19.781	C5	56	64	0
108	19.7142	20.9548	C#4	30	19	0
109	19.8023	19.8651	Bb4	56	61	0
110	19.8891	19.9786	C5	53	62	0
111	19.9733	20.2657	F3	54	55	0
112	19.984	20.0414	Bb4	56	63	0
113	20.0721	20.1522	C5	51	58	0
114	20.1562	20.2404	Bb4	49	63	0
115	20.2564	20.5382	Eb3	56	56	0
116	20.2564	20.3459	C5	59	62	0
117	20.3459	20.4113	Bb4	55	56	0
118	20.4474	20.7171	C5	43	44	0
119	20.5449	20.6303	Bb4	26	53	0
120	20.5555	21.0443	F#3	52	36	0
121	20.6477	20.8547	A4	47	43	0
122	20.7599	20.8841	Bb4	43	62	0
123	20.8734	21.6025	A2	45	56	0
124	20.8827	23.1544	C5	59	40	0
125	21.1979	21.5718	F4	55	55	0
126	21.5157	22.4479	C3	39	36	0
127	21.5264	22.5614	Eb4	49	57	0
128	21.8523	22.2409	F#4	55	59	0
129	22.1955	22.9193	A2	55	60	0
130	22.5173	23.5163	F#4	52	40	0
131	22.8459	23.7353	F2	47	30	0
132	22.8472	23.165	F4	50	57	0
133	23.1704	23.5002	Eb4	56	62	0
134	23.4949	24.6461	Bb2	43	56	0
135	23.4949	25.8213	C#4	49	40	0
136	23.8314	24.2014	C5	62	57	0
137	24.1266	24.8758	Bb4	65	53	0
138	24.4631	25.0881	C#5	72	30	0
139	24.7783	25.3779	G4	68	57	0
140	25.1028	25.5275	Bb2	54	31	0
141	25.406	25.6437	C3	41	52	0
142	25.4073	25.4861	Bb4	53	61	0
143	25.5008	25.5675	G#4	57	56	0
144	25.5969	25.7692	Bb4	58	63	0
145	25.6383	26.0697	C#3	49	29	0
146	25.6931	25.7559	G#4	32	53	0
147	25.7852	25.9108	G4	49	59	0
148	25.9134	26.0109	G#4	50	59	0
149	25.9882	26.7655	G2	38	42	0
150	26.0149	28.6031	Bb4	54	40	0
151	26.3314	26.6533	C4	60	50	0
152	26.6373	27.4866	Bb2	40	39	0
153	26.6493	27.3691	C#4	55	37	0
154	26.9845	27.3357	F4	49	37	0
155	27.289	27.6482	G3	40	39	0
156	27.309	28.0649	Eb3	44	32	0
157	27.6148	28.4628	F4	55	27	0
158	27.9407	28.1477	Eb2	44	51	0
159	27.9634	28.6231	Eb4	50	41	0
160	28.2879	28.6471	C#4	56	52	0
161	28.6204	29.602	C4	52	63	0
162	28.6231	29.5659	G#2	48	34	0
163	28.961	29.9519	C3	42	39	0
164	28.973	29.9546	G#4	66	61	0
165	29.2828	29.9853	Eb3	51	52	0
166	29.2882	30.2617	C5	70	61	0
167	29.5967	29.9933	G#3	53	36	0
168	29.9332	31.039	Bb2	53	62	0
169	29.9439	30.9134	C#4	50	57	0
170	30.2644	31.2473	Bb4	76	55	0
171	30.2818	30.6263	G#3	50	60	0
172	30.5809	31.2112	C#5	73	60	0
173	30.6023	31.3248	G3	52	49	0
174	30.9174	31.254	Bb3	59	53	0
175	31.2326	32.1795	Eb4	64	62	0
176	31.2446	32.3224	C3	51	61	0
177	31.5545	32.5507	C5	78	63	0
178	31.5571	32.6549	Eb3	57	32	0
179	31.8763	32.5761	Eb5	82	61	0
180	31.8923	32.8859	G#3	56	47	0
181	32.2168	32.6549	C4	59	38	0
182	32.536	33.6164	C#3	54	59	0
183	32.5414	33.5042	F4	71	48	0
184	32.8592	33.8755	C#5	74	59	0
185	32.8739	33.2318	C4	46	55	0
186	33.1797	33.8034	F5	80	56	0
187	33.1984	34.001	Bb3	51	36	0
188	33.5229	34.1132	C#4	50	33	0
189	33.8421	34.6981	Eb3	52	36	0
190	33.8501	34.7262	G4	52	21	0
191	34.1533	35.1041	Eb5	65	34	0
192	34.1787	35.0307	G3	45	41	0
193	34.4564	35.2003	C#5	66	25	0
194	34.4578	35.1803	Bb3	47	34	0
195	34.7716	35.0881	Eb4	43	44	0
196	34.7809	35.2043	C5	56	51	0
197	35.0868	36.0844	F3	55	34	0
198	35.0948	35.4647	Bb4	55	50	0
199	35.41	35.7598	G4	61	38	0
200	35.414	35.8453	Eb4	46	33	0
201	35.7144	36.4222	C#4	46	32	0
202	35.7278	36.4783	G#4	57	24	0
203	36.035	36.262	C#5	54	65	0
204	36.0403	36.4182	F4	46	31	0
205	36.3394	36.4676	C5	50	62	0
206	36.3595	37.7564	G3	47	36	0
207	36.4863	36.5411	Bb4	45	58	0
208	36.5638	36.6453	C5	48	60	0
209	36.6479	37.0018	F4	28	41	0
210	36.6693	36.7227	Bb4	50	64	0
211	36.7588	36.8362	C5	49	60	0
212	36.8589	36.907	Bb4	55	65	0
213	36.9551	37.0112	C5	61	57	0
214	37.0032	37.4265	Eb4	45	36	0
215	37.0219	37.9473	Bb4	53	62	0
216	37.3477	37.747	C#4	36	35	0
217	37.6522	39.9492	C4	43	39	0
218	37.6535	38.3533	G#3	40	44	0
219	37.9847	38.5991	Eb4	41	39	0
220	38.2825	38.6845	F4	52	52	0
221	38.2946	38.9903	G3	39	31	0
222	38.6044	38.9783	G4	52	55	0
223	38.9222	39.6394	F3	39	42	0
224	38.9396	39.2441	G#4	58	62	0
225	39.2494	39.6995	G4	63	28	0
226	39.5339	40.008	C#3	38	60	0
227	39.5606	40.2804	G#4	62	56	0
228	39.8838	41.4182	F5	74	15	0
229	40.1856	41.5064	Eb5	59	37	0
230	40.1923	40.2978	C4	46	63	0
231	40.2003	41.2046	Eb3	43	41	0
232	40.3312	40.3979	Bb3	50	61	0
233	40.4073	40.4887	C4	52	64	0
234	40.4887	40.8867	G#4	57	36	0
235	40.5074	40.5715	Bb3	54	62	0
236	40.5862	40.6503	C4	52	62	0
237	40.6744	40.7291	Bb3	53	65	0
238	40.7545	40.8213	C4	52	63	0
239	40.7999	41.2112	G4	53	59	0
240	40.8533	41.2486	Bb3	58	63	0
241	41.1151	41.7761	C#5	63	45	0
242	41.4436	41.7267	C5	57	58	0
243	41.461	42.7884	G#3	47	63	0
244	41.4903	42.6696	G#2	29	38	0
245	41.7387	42.1327	G#4	54	55	0
246	42.0739	42.731	C5	60	46	0
247	42.3878	43.0422	E5	67	41	0
248	42.7043	43.1503	F5	72	33	0
249	43.0008	43.4428	G#3	59	31	0
250	43.0128	43.4548	G5	66	36	0
251	43.3173	43.7206	G3	56	36	0
252	43.3266	43.7086	E5	67	51	0
253	43.6391	46.3501	F5	75	1	0
254	43.6431	43.9716	F3	54	57	0
255	43.969	46.7334	G5	70	22	0
256	43.9703	44.8544	E3	52	62	0
257	44.3095	44.9692	G3	47	45	0
258	44.6153	45.032	Bb3	56	63	0
259	44.9332	45.4206	C#4	45	40	0
260	45.2484	46.911	C3	54	34	0
261	45.5502	45.9228	F3	55	38	0
262	45.868	46.1979	E3	48	59	0
263	46.1818	46.5277	G3	43	37	0
264	46.5024	47.7564	G#3	38	53	0
265	46.5251	47.9206	F3	43	51	0
266	46.8442	47.7043	C5	62	25	0
267	47.1647	47.8779	F5	71	56	0
268	47.4599	48.3547	G#5	72	37	0
269	47.7884	48.4188	D5	68	56	0
270	48.0996	48.4334	F5	70	59	0
271	48.1036	48.4334	F3	52	47	0
272	48.4014	48.8074	Eb3	50	44	0
273	48.4107	48.7299	B4	55	50	0
274	48.7112	48.8087	D3	47	62	0
275	48.7166	49.0251	C5	56	60	0
276	49.0344	49.1145	B4	51	61	0
277	49.0424	49.9959	G3	53	36	0
278	49.1573	49.2107	C5	55	65	0
279	49.2387	49.2975	B4	56	63	0
280	49.3269	49.383	C5	64	66	0
281	49.3563	50.3178	B3	45	63	0
282	49.419	49.4604	B4	60	66	0
283	49.4805	49.5633	C5	63	61	0
284	49.5619	50.1081	B4	71	59	0
285	49.6701	50.5368	D4	48	55	0
286	49.9452	50.3538	G4	50	36	0
287	50.1228	50.2831	C5	58	62	0
288	50.2711	51.505	G#3	55	49	0
289	50.3231	50.3832	D5	53	62	0
290	50.4126	50.466	C5	58	61	0
291	50.4994	50.5502	D5	59	63	0
292	50.5341	50.86	G4	46	37	0
293	50.5822	50.629	C5	64	63	0
294	50.669	50.7118	D5	64	65	0
295	50.7425	50.8012	C5	63	63	0
296	50.8266	50.8693	D5	64	65	0
297	50.8333	51.1591	F4	56	50	0
298	50.8934	50.9521	C5	69	60	0
299	50.9788	51.0309	D5	66	62	0
300	51.0643	51.1097	C5	62	65	0
301	51.091	51.5304	G#4	53	32	0
302	51.1311	51.1925	D5	57	63	0
303	51.2139	51.2593	C5	61	66	0
304	51.294	51.3274	B4	54	60	0
305	51.3541	51.4436	C5	66	52	0
306	51.4516	53.2345	B3	41	31	0
307	51.485	52.4038	D5	59	61	0
308	51.7748	52.1487	G5	63	61	0
309	52.0873	53.5937	D4	47	45	0
310	52.0953	52.7697	F5	68	15	0
311	52.4332	52.7564	G#5	60	54	0
312	52.743	53.4201	G4	50	43	0
313	52.7483	53.8074	B4	51	40	0
314	53.0849	53.7473	G#5	62	59	0
315	53.4107	54.2374	G3	42	58	0
316	53.4107	53.997	G5	67	36	0
317	53.7433	54.0397	F5	71	61	0
318	54.0437	54.7996	Eb5	66	50	0
319	54.0651	58.5723	C4	43	51	0
320	54.3643	54.9385	C6	68	55	0
321	54.6714	55.6303	G#3	48	35	0
322	54.6834	55.7291	F5	65	36	0
323	54.9946	55.6356	B5	61	58	0
324	55.3311	56.0817	C6	72	51	0
325	55.3351	56.0924	Eb3	54	43	0
326	55.6436	56.1992	G5	70	23	0
327	55.9588	56.2953	G#5	68	62	0
328	55.9642	56.6452	F3	50	37	0
329	56.2873	56.5638	F5	72	41	0
330	56.5798	57.9607	Eb5	72	29	0
331	56.5985	58.5042	G3	44	36	0
332	56.9163	57.2422	B4	59	59	0
333	57.2382	57.9179	C5	57	13	0
334	57.552	57.8392	F#4	50	57	0
335	57.8699	58.5056	G4	55	52	0
336	58.1824	58.4935	C5	50	55	0
337	58.4962	58.7887	D5	52	54	0
338	58.5015	59.2895	B3	33	39	0
339	58.8154	59.1252	F4	44	54	0
340	59.1305	61.4102	C3	38	53	0
341	59.1332	60.1749	C5	50	35	0
342	59.1519	59.9185	C4	41	36	0
343	59.4444	59.7863	F4	49	45	0
344	59.7529	61.0883	G3	46	19	0
345	59.7649	60.1121	E4	47	60	0
346	60.1028	61.2032	G4	52	40	0
347	60.4233	61.0202	C4	48	57	0
348	60.7465	61.1257	F3	60	62	0
349	61.0603	61.8856	E3	60	52	0
350	61.3822	61.8229	G3	63	37	0
351	61.7334	63.372	A2	54	16	0
352	61.7494	62.3891	F4	67	38	0
353	62.0886	62.5133	A4	69	58	0
354	62.3998	63.173	F3	50	52	0
355	62.4145	62.7443	C5	67	63	0
356	62.7163	63.4227	Eb5	72	21	0
357	63.0461	64.4163	A4	66	51	0
358	63.0502	63.7246	F2	55	49	0
359	63.364	64.5085	F#5	80	51	0
360	63.6752	64.3095	C5	75	60	0
361	63.6818	64.5419	F3	56	32	0
362	63.9836	64.602	Eb5	74	49	0
363	64.2881	65.2203	Bb2	47	48	0
364	64.3042	66.3247	C#5	73	34	0
365	64.5873	65.3792	C#3	46	31	0
366	64.9158	65.5542	F3	41	41	0
367	64.9251	66.8683	Bb4	64	58	0
368	65.2243	65.5675	Bb3	53	52	0
369	65.5421	66.4022	C3	42	41	0
370	65.5461	66.2032	E4	49	55	0
371	65.8934	66.3034	Bb3	41	80	0
372	66.1832	66.5878	G#3	46	56	0
373	66.2019	67.5627	C5	49	31	0
374	66.493	67.0031	C4	49	32	0
375	66.8362	67.5881	D3	43	41	0
376	66.8469	67.2983	F4	47	36	0
377	66.8683	67.56	F3	37	41	0
378	67.1607	68.4989	Bb4	67	39	0
379	67.4706	68.2131	G3	45	37	0
380	67.4772	68.6124	G4	57	31	0
381	67.4826	68.1089	E3	47	48	0
382	67.7924	68.1984	E4	53	36	0
383	68.1236	68.4067	C4	54	58	0
384	68.1263	69.5833	G#3	40	41	0
385	68.1423	69.5646	F3	43	40	0
386	68.4401	68.7793	E4	54	60	0
387	68.77	69.4511	F4	54	40	0
388	69.0918	69.7782	B4	46	34	0
389	69.423	70.3231	C5	50	10	0
390	69.4257	71.9097	C3	34	33	0
391	69.427	71.9791	G3	33	43	0
392	69.7368	70.0654	F4	49	53	0
393	70.0654	71.6265	E4	48	45	0
394	70.3752	70.8172	G4	51	36	0
395	70.6904	71.1337	Bb4	54	44	0
396	71.0042	72.325	C#5	64	34	0
397	71.3194	72.0152	C5	67	32	0
398	71.6172	72.3664	Bb4	63	33	0
399	71.6372	72.0285	C#3	46	36	0
400	71.9404	72.1834	Eb3	52	64	0
401	71.943	72.3236	A4	62	55	0
402	71.9484	72.146	F3	57	63	0
403	72.2702	72.9713	F4	65	41	0
404	72.6068	73.2638	A4	65	56	0
405	72.6148	73.4121	Eb4	61	58	0
406	72.9219	73.9062	C5	72	38	0
407	73.2625	74.6981	F5	77	32	0
408	73.2652	73.9823	C#4	56	56	0
409	73.5696	73.9796	Bb4	69	53	0
410	73.8942	74.5312	C4	47	63	0
411	73.9075	74.5712	A4	66	44	0
412	74.2173	75.2764	Eb5	74	39	0
413	74.5245	75.4433	Bb3	46	62	0
414	74.5379	75.2029	C#5	73	61	0
415	74.825	74.9719	F#3	60	55	0
416	74.865	76.5691	G#4	48	33	0
417	75.1415	75.4954	C#3	57	27	0
418	75.1615	75.4433	G4	57	60	0
419	75.4553	76.4102	Bb4	63	13	0
420	75.4593	76.1004	Bb2	52	36	0
421	75.7705	76.1257	E4	54	58	0
422	75.7812	77.1073	G3	52	55	0
423	76.1044	76.8562	C5	72	43	0
424	76.1217	76.4823	C3	49	38	0
425	76.4235	76.7948	C#3	54	56	0
426	76.4369	76.7654	F4	60	56	0
427	76.7427	77.1353	Bb2	63	37	0
428	76.7507	77.7523	Bb4	71	52	0
429	77.0686	78.587	C3	55	41	0
430	77.0779	78.0381	E4	60	47	0
431	77.4024	77.8084	G3	51	39	0
432	77.4038	77.6535	C#5	65	64	0
433	77.7056	79.9171	C5	68	42	0
434	77.7256	79.0477	G#3	52	42	0
435	78.0381	78.4561	B3	50	53	0
436	78.0461	78.4107	F4	62	37	0
437	78.356	79.8383	G#4	67	38	0
438	78.372	81.2472	C4	61	41	0
439	78.6898	79.0357	F4	57	38	0
440	79.0224	79.3469	E4	51	53	0
441	79.033	79.9478	C3	41	42	0
442	79.3562	79.7782	G4	56	55	0
443	79.7822	82.3049	C#3	35	61	0
444	79.8036	80.8226	F4	43	37	0
445	80.1522	81.4703	G#4	45	35	0
446	80.4713	81.3808	C5	51	27	0
447	80.7812	81.0857	F5	55	59	0
448	81.087	82.56	Bb3	47	33	0
449	81.1137	82.1313	G4	52	62	0
450	81.4302	81.7975	F5	60	59	0
451	81.7374	82.7136	E5	50	44	0
452	82.0539	82.6896	G5	55	46	0
453	82.3877	84.3442	G#4	51	36	0
454	82.3984	84.2026	C4	22	39	0
455	82.4118	98.6123	C3	38	80	0
456	82.7163	83.6952	C5	53	41	0
457	83.0421	83.3533	F5	58	54	0
458	83.356	83.6751	E5	54	59	0
459	83.6765	85.2884	F5	64	26	0
460	83.6938	85.498	G#3	40	35	0
461	84.013	84.6594	C5	48	36	0
462	84.3455	84.817	Bb4	51	31	0
463	84.658	85.1842	G#4	47	40	0
464	84.9932	86.274	C#5	55	37	0
465	84.9946	86.5023	Bb3	54	33	0
466	85.3365	87.142	G#4	39	33	0
467	85.6262	85.9641	G4	44	58	0
468	85.9387	87.0645	Bb4	52	47	0
469	86.2713	87.2422	E4	45	54	0
470	86.2886	87.7176	G3	50	33	0
471	86.5998	86.9203	C#5	57	60	0
472	86.9404	87.6936	C5	64	30	0
473	87.2195	88.5736	Bb4	64	27	0
474	87.5533	88.8848	G#4	59	39	0
475	87.5613	89.1172	G#3	58	24	0
476	87.564	87.8645	F4	42	58	0
477	87.8832	88.2331	Eb4	47	50	0
478	88.1944	88.5189	D4	48	56	0
479	88.5202	89.2093	F4	45	62	0
480	88.8314	90.3084	F3	42	28	0
481	88.8461	89.7382	B3	50	33	0
482	89.1546	89.7275	G#4	49	33	0
483	89.4564	90.0507	G4	54	40	0
484	89.7662	90.1855	F4	52	35	0
485	90.0653	92.1554	E4	50	39	0
486	90.0734	91.1351	G3	44	57	0
487	90.4126	90.7464	C4	48	36	0
488	90.7344	91.7013	Bb3	43	21	0
489	91.0629	91.4329	C#4	36	32	0
490	91.3728	92.7256	E3	34	43	0
491	91.3861	92.0325	G3	30	43	0
492	91.6879	92.4331	C#4	47	33	0
493	92.0191	92.4064	C4	52	30	0
494	92.329	92.6321	Bb3	51	63	0
495	92.6508	93.9596	G#3	45	54	0
496	92.6548	94.0851	F3	43	40	0
497	92.9753	93.587	C5	63	53	0
498	93.2878	94.2747	Bb4	69	48	0
499	93.6057	93.9863	C#5	69	56	0
500	93.9249	94.9078	G3	51	61	0
501	93.9302	94.6754	E4	58	37	0
502	93.9422	95.3177	Bb3	41	45	0
503	94.2601	95.1081	C#5	72	25	0
504	94.5726	95.1802	C5	73	36	0
505	94.8784	95.271	Bb4	71	62	0
506	95.1735	96.3554	G#3	58	57	0
507	95.1749	96.8001	C4	50	38	0
508	95.2042	95.3164	G#4	63	63	0
509	95.5101	95.9094	G5	72	57	0
510	95.8279	96.2392	F5	76	52	0
511	96.1524	96.5103	G#5	74	58	0
512	96.4529	97.8498	G#3	43	32	0
513	96.4636	97.8632	F3	48	41	0
514	96.4769	97.3183	B4	64	22	0
515	96.7988	97.2568	G#5	73	38	0
516	97.1113	97.7243	G5	75	56	0
517	97.3997	97.8498	F5	72	56	0
518	97.7136	98.1302	E5	72	44	0
519	97.7162	99.24	Bb3	34	41	0
520	97.7189	98.217	G3	38	58	0
521	98.0274	98.6244	F5	73	80	0
522	98.368	98.8193	G5	68	30	0
523	98.6644	99.0063	E5	72	63	0
524	99.001	99.5512	Bb5	74	52	0
525	99.0023	100.415	G3	39	46	0
526	99.017	100.29	E3	33	41	0
527	99.3121	99.6553	C#5	65	62	0
528	99.6166	100.003	C5	61	57	0
529	99.9238	100.314	Bb4	58	53	0
530	100.236	102.78	F3	39	34	0
531	100.236	101.514	C4	32	41	0
532	100.238	101.213	G#4	57	13	0
533	100.551	101.294	Bb4	48	9	0
534	100.837	101.474	C5	52	51	0
535	101.155	101.693	F4	54	17	0
536	101.472	102.13	D5	55	39	0
537	101.496	102.85	B3	39	41	0
538	101.801	102.39	G#4	53	38	0
539	102.122	102.417	G4	53	61	0
540	102.413	102.76	F4	60	53	0
541	102.742	103.217	G3	40	63	0
542	102.743	104.16	E4	55	37	0
543	103.057	103.364	C4	61	62	0
544	103.377	103.986	G3	67	38	0
545	103.676	104.026	Bb3	70	63	0
546	104.01	105.628	G#3	62	41	0
547	104.014	105.308	F4	71	34	0
548	104.304	104.662	F3	73	53	0
549	104.625	105.013	B2	74	62	0
550	104.96	105.515	D3	68	35	0
551	105.296	109.821	C2	52	39	0
552	105.302	106.018	G3	73	55	0
553	105.624	105.993	D4	69	57	0
554	105.992	106.803	F3	72	62	0
555	106.008	106.386	B3	59	57	0
556	106.362	107.245	C4	71	59	0
557	106.804	108.717	G3	60	46	0
558	107.243	107.836	Bb3	60	59	0
559	107.744	108.663	C4	53	38	0
560	108.383	109.804	E4	46	35	0
561	109.563	113.376	A3	36	34	0
562	109.571	112.505	F3	32	37	0
563	109.575	113.242	F4	43	32	0
564	109.579	113.16	F2	28	32	0
565	109.586	113.248	C4	21	32	0
566	115.506	116.528	C4	66	56	0
567	116.445	117.374	C#4	72	58	0
568	117.32	118.266	C4	73	58	0
569	118.18	119.18	B3	69	36	0
570	119.074	120.008	E4	73	55	0
571	119.93	120.945	F4	75	25	0
572	120.782	121.725	Bb3	76	55	0
573	121.667	122.605	A3	73	59	0
574	122.541	123.505	G#3	62	53	0
575	123.432	125.141	G3	43	27	0
576	125.043	125.24	F3	39	56	0
577	125.425	125.662	F3	46	38	0
578	125.613	125.853	G3	55	52	0
579	125.805	126.584	F4	76	61	0
580	125.835	126.018	G#3	46	64	0
581	126.203	126.421	G#3	58	50	0
582	126.383	126.548	Bb3	60	60	0
583	126.548	127.373	G#4	78	60	0
584	126.564	126.699	C4	62	50	0
585	126.731	126.979	B2	59	48	0
586	126.931	127.135	C3	59	55	0
587	127.113	127.336	D3	52	55	0
588	127.326	128.077	G4	76	59	0
589	127.333	128.066	Eb3	47	64	0
590	128.059	128.855	F#4	73	61	0
591	128.254	128.433	C3	54	56	0
592	128.425	128.634	D3	59	55	0
593	128.618	128.879	Eb3	63	37	0
594	128.823	129.651	B4	79	58	0
595	128.831	129.751	F3	52	56	0
596	129.607	130.443	C5	77	61	0
597	129.784	130.028	Eb3	54	37	0
598	129.981	130.136	F3	55	62	0
599	130.172	130.435	G3	52	31	0
600	130.356	131.25	F4	72	56	0
601	130.371	131.267	G#3	43	35	0
602	131.126	131.922	E4	67	48	0
603	131.311	131.514	G3	48	56	0
604	131.51	131.684	A3	55	56	0
605	131.679	131.89	B3	53	37	0
606	131.89	133.168	C4	42	34	0
607	131.891	132.776	Eb4	63	55	0
608	132.696	134.287	D4	61	55	0
609	133.102	133.302	B3	41	38	0
610	133.274	133.437	A3	41	55	0
611	133.452	133.542	C4	53	64	0
612	133.558	133.643	B3	56	63	0
613	133.654	133.727	C4	56	63	0
614	133.743	133.835	B3	57	64	0
615	133.854	133.922	C4	55	64	0
616	133.931	134.025	B3	55	64	0
617	134.04	134.114	C4	63	62	0
618	134.151	134.209	B3	58	64	0
619	134.229	134.567	C4	55	50	0
620	134.634	135.061	G3	51	60	0
621	134.643	134.786	C4	33	55	0
622	134.834	135.047	D4	57	58	0
623	135.025	135.893	C3	86	59	0
624	135.041	135.43	E4	63	54	0
625	135.048	135.399	C4	67	61	0
626	135.426	135.813	Bb3	63	63	0
627	135.455	135.624	D4	52	54	0
628	135.618	135.879	E4	55	58	0
629	135.819	136.628	C#3	80	56	0
630	135.828	135.908	G#3	62	47	0
631	135.852	135.987	F4	63	59	0
632	136.008	136.261	E3	61	53	0
633	136.207	136.378	F3	61	63	0
634	136.231	137.844	F4	66	53	0
635	136.391	136.632	G3	67	38	0
636	136.616	137.453	G#3	76	62	0
637	136.62	137.453	C3	78	62	0
638	137.048	137.485	Eb4	57	50	0
639	137.426	138.201	B2	85	53	0
640	137.454	137.979	D4	61	32	0
641	137.631	137.84	F3	69	60	0
642	137.852	137.999	G3	58	62	0
643	137.866	138.074	Eb4	54	51	0
644	138.026	138.27	G#3	69	64	0
645	138.063	138.276	F4	60	60	0
646	138.242	139.114	E3	84	60	0
647	138.254	139.005	Bb3	76	56	0
648	138.278	138.807	G4	72	32	0
649	138.485	138.871	F4	54	39	0
650	138.699	139.033	E4	60	19	0
651	138.875	139.102	D4	54	63	0
652	139.094	139.969	F3	84	61	0
653	139.11	139.308	C4	74	61	0
654	139.317	139.671	G#3	65	25	0
655	139.527	139.753	Bb3	61	51	0
656	139.717	139.961	C4	59	58	0
657	139.925	140.821	Bb2	85	61	0
658	139.942	140.415	C#4	65	31	0
659	140.157	140.801	Bb3	57	44	0
660	140.367	140.657	G#3	59	32	0
661	140.563	140.732	G3	59	62	0
662	140.764	141.628	A2	78	61	0
663	140.776	141.593	F3	68	59	0
664	140.985	141.186	C4	71	59	0
665	141.187	141.403	D4	76	53	0
666	141.37	141.577	E4	72	60	0
667	141.57	142.453	G#2	83	62	0
668	141.578	143.055	F4	71	54	0
669	141.811	143.473	F3	46	43	0
670	142.008	142.145	G3	49	62	0
671	142.198	142.417	G#3	54	63	0
672	142.412	144.138	G2	72	52	0
673	142.445	143.258	Bb3	53	31	0
674	142.828	143.078	E4	67	58	0
675	143.021	143.29	D4	71	51	0
676	143.226	143.974	E4	72	45	0
677	143.616	143.821	G#3	52	53	0
678	143.821	144.022	G3	55	45	0
679	144.044	144.75	F2	45	59	0
680	144.046	144.219	G#3	49	58	0
681	144.05	144.155	F4	46	64	0
682	144.46	144.619	F4	53	59	0
683	144.623	144.89	G4	50	46	0
684	144.841	145.036	G#4	55	60	0
685	145.231	145.43	G#4	50	48	0
686	145.242	145.413	F3	41	54	0
687	145.407	145.625	Bb4	57	56	0
688	145.417	145.594	G3	39	50	0
689	145.607	145.705	G#3	48	64	0
690	145.618	146.594	C5	67	52	0
691	146.02	146.305	G#3	50	28	0
692	146.03	146.168	C4	40	55	0
693	146.199	146.395	Bb3	58	61	0
694	146.206	146.382	C#4	55	57	0
695	146.39	146.97	Eb4	57	43	0
696	146.411	146.837	C4	52	35	0
697	146.604	146.777	Bb4	61	58	0
698	146.785	147.221	C3	51	38	0
699	146.804	146.916	G#4	53	49	0
700	146.971	147.209	G4	47	38	0
701	147.181	147.935	C#3	37	37	0
702	147.182	147.305	F4	47	55	0
703	147.589	147.859	C#4	53	32	0
704	147.779	148.035	Eb4	48	38	0
705	147.993	148.178	F4	58	59	0
706	148.369	148.566	F4	54	54	0
707	148.397	148.551	C#3	40	53	0
708	148.554	148.749	G4	60	60	0
709	148.556	148.847	Eb3	49	28	0
710	148.754	149.753	G#4	70	53	0
711	148.763	148.87	F3	47	64	0
712	149.161	149.299	G#3	52	63	0
713	149.172	149.396	F3	50	50	0
714	149.348	149.547	Bb3	60	54	0
715	149.367	149.514	G3	55	65	0
716	149.542	149.977	G#3	55	51	0
717	149.551	150.033	C4	63	32	0
718	149.739	149.925	F#4	63	59	0
719	149.942	150.348	G#2	52	53	0
720	149.945	150.202	F4	64	33	0
721	150.133	150.503	Eb4	60	25	0
722	150.336	151.088	Bb2	43	52	0
723	150.344	150.503	C#4	60	59	0
724	150.752	150.931	Bb3	56	59	0
725	150.957	151.18	C4	51	35	0
726	151.146	151.349	C#4	56	59	0
727	151.533	151.724	C#4	53	49	0
728	151.546	151.701	Bb2	43	57	0
729	151.724	151.927	C3	45	43	0
730	151.724	151.943	Eb4	56	55	0
731	151.924	151.987	C#3	50	64	0
732	151.938	153.32	F4	58	44	0
733	152.33	152.529	C#3	38	47	0
734	152.33	152.465	F3	46	61	0
735	152.507	152.699	Eb3	59	62	0
736	152.509	152.806	G3	59	36	0
737	152.703	153.197	F3	52	34	0
738	152.714	152.818	G#3	62	64	0
739	153.13	153.204	F2	50	61	0
740	153.148	153.417	G#3	54	32	0
741	153.329	153.538	Bb3	55	63	0
742	153.543	153.977	C4	60	37	0
743	153.556	153.66	C3	44	59	0
744	153.954	154.118	C3	49	58	0
745	153.954	154.122	E4	62	63	0
746	153.966	154.339	G3	48	58	0
747	154.136	154.38	F4	65	52	0
748	154.14	154.317	D3	50	58	0
749	154.341	155.185	C5	89	61	0
750	154.355	154.828	E3	64	45	0
751	154.365	155.972	G4	75	49	0
752	154.37	154.802	C4	56	37	0
753	154.745	154.877	Bb3	68	53	0
754	154.765	154.992	D3	65	56	0
755	154.94	155.117	E3	67	54	0
756	155.133	155.175	F3	72	67	0
757	155.143	155.555	C#5	80	56	0
758	155.157	155.192	G#3	46	56	0
759	155.342	155.563	E2	79	55	0
760	155.537	155.712	F2	77	63	0
761	155.538	156.371	F4	74	41	0
762	155.733	155.814	G2	80	63	0
763	155.943	156.779	C5	92	61	0
764	155.953	156.494	G#2	71	33	0
765	156.156	156.542	C3	60	37	0
766	156.335	156.582	D3	52	52	0
767	156.339	156.759	Eb4	59	64	0
768	156.526	156.723	Eb3	66	62	0
769	156.733	157.899	B4	84	60	0
770	156.735	156.983	F3	68	36	0
771	156.749	157.048	D4	60	28	0
772	156.781	156.852	Bb4	23	33	0
773	156.926	157.142	F2	70	54	0
774	157.125	157.345	Eb4	54	55	0
775	157.13	157.274	G2	55	60	0
776	157.283	157.35	G#2	58	63	0
777	157.321	157.47	F4	56	58	0
778	157.507	157.876	E5	73	39	0
779	157.521	157.86	G4	64	33	0
780	157.533	157.979	Bb2	61	62	0
781	157.553	157.591	D5	39	37	0
782	157.7	157.894	F4	68	61	0
783	157.914	158.206	E4	66	48	0
784	157.919	158.067	G3	59	59	0
785	158.103	158.186	D4	66	63	0
786	158.297	159.11	F5	91	48	0
787	158.301	158.344	C4	74	65	0
788	158.31	158.373	G#3	64	63	0
789	158.503	158.837	G#2	68	35	0
790	158.706	158.907	Bb2	61	57	0
791	158.901	158.994	C3	68	64	0
792	159.101	159.934	Bb4	78	60	0
793	159.104	159.86	C#3	65	51	0
794	159.305	159.468	Bb3	62	37	0
795	159.504	159.649	G#3	58	57	0
796	159.519	159.723	Bb3	54	63	0
797	159.683	159.916	G3	55	58	0
798	159.898	160.131	F3	68	53	0
799	159.904	160.777	A4	75	50	0
800	159.914	160.726	C4	60	61	0
801	160.093	160.391	C3	70	39	0
802	160.292	160.533	D3	69	62	0
803	160.491	160.712	E3	74	62	0
804	160.689	160.762	F3	77	63	0
805	160.689	161.581	G#4	86	54	0
806	160.909	161.152	F3	72	54	0
807	161.106	161.542	C4	61	55	0
808	161.111	161.289	G3	55	61	0
809	161.295	161.53	G#3	63	60	0
810	161.518	163.554	G4	77	42	0
811	161.53	161.946	C#4	58	58	0
812	161.536	162.036	Bb3	62	58	0
813	161.94	162.13	E3	51	55	0
814	161.952	162.143	C4	60	59	0
815	162.123	162.398	D3	54	54	0
816	162.149	162.381	Bb3	65	58	0
817	162.326	163.226	E3	59	33	0
818	162.35	163.208	C4	62	57	0
819	162.743	162.912	G#3	50	57	0
820	162.939	163.138	G3	48	50	0
821	163.157	163.931	G#3	36	46	0
822	163.178	163.946	F3	46	62	0
823	163.579	163.786	F4	51	54	0
824	163.773	163.99	G4	59	62	0
825	163.978	166.47	G#4	74	61	0
826	164.384	164.571	F3	48	59	0
827	164.567	164.841	Eb3	59	44	0
828	164.782	164.893	D3	44	64	0
829	165.173	165.657	F4	57	23	0
830	165.183	165.342	D3	42	48	0
831	165.351	165.55	C3	48	52	0
832	165.372	165.676	Eb4	47	54	0
833	165.547	165.976	Bb2	43	36	0
834	165.551	165.669	D4	52	62	0
835	165.975	166.43	D4	50	51	0
836	165.992	166.164	C3	35	58	0
837	166.136	166.184	D3	58	64	0
838	166.168	166.41	C4	49	62	0
839	166.369	167.421	Eb3	67	46	0
840	166.383	166.602	Bb3	65	61	0
841	166.781	167.04	Bb3	57	55	0
842	166.804	167.011	G4	68	55	0
843	166.986	167.242	G#4	83	59	0
844	167.002	167.217	G#3	62	61	0
845	167.195	169.412	Bb4	80	40	0
846	167.211	167.448	G3	57	58	0
847	167.617	167.804	G3	57	58	0
848	167.812	168.051	F3	55	52	0
849	168.029	168.182	E3	56	63	0
850	168.421	168.616	E3	42	47	0
851	168.421	168.922	G4	57	37	0
852	168.616	168.865	D3	45	38	0
853	168.634	168.905	F4	56	56	0
854	168.819	168.972	E4	52	60	0
855	168.829	169.228	C3	52	54	0
856	169.219	169.438	D3	47	57	0
857	169.229	169.574	E4	54	29	0
858	169.416	169.674	E3	57	59	0
859	169.431	169.562	D4	56	63	0
860	169.627	170.346	F3	66	54	0
861	169.634	169.853	C4	67	59	0
862	169.825	170.077	G4	77	61	0
863	170.02	170.22	C4	62	56	0
864	170.021	170.451	G#4	90	47	0
865	170.208	170.458	C5	86	60	0
866	170.234	170.483	Bb3	55	63	0
867	170.408	172.533	F5	94	37	0
868	170.438	172.595	G#3	69	36	0
869	170.825	171.036	D3	65	61	0
870	171.017	171.246	C3	68	57	0
871	171.23	171.378	B2	72	63	0
872	171.617	171.843	B2	62	59	0
873	171.617	172.135	D5	73	57	0
874	171.812	172.149	C5	76	60	0
875	171.813	172.036	A2	63	54	0
876	172.023	172.511	G2	65	39	0
877	172.032	172.195	B4	74	64	0
878	172.425	172.672	A2	57	60	0
879	172.437	172.93	B4	74	22	0
880	172.625	172.903	B2	68	59	0
881	172.632	172.969	A4	72	33	0
882	172.866	173.742	C3	74	57	0
883	172.874	173.031	G4	68	59	0
884	173.29	173.531	Eb5	72	56	0
885	173.305	173.493	G4	63	52	0
886	173.483	173.735	A4	67	57	0
887	173.698	174.571	G3	89	61	0
888	173.708	174.117	B4	69	59	0
889	173.711	174.293	D5	71	32	0
890	174.125	175.04	G5	60	32	0
891	174.14	174.321	A4	61	57	0
892	174.339	174.558	B4	55	60	0
893	174.546	175.415	G#3	87	59	0
894	174.547	174.745	C5	69	61	0
895	174.766	174.96	B4	65	61	0
896	174.984	175.196	C5	65	58	0
897	175.173	175.415	D5	74	59	0
898	175.384	176.247	G3	84	63	0
899	175.408	176.45	Eb5	72	38	0
900	175.418	175.812	C5	61	62	0
901	175.841	176.239	Bb4	55	61	0
902	176.222	177.044	F#3	83	61	0
903	176.259	176.409	A4	59	59	0
904	176.433	176.61	C5	69	61	0
905	176.621	176.825	D5	70	59	0
906	176.634	176.803	B4	60	56	0
907	176.827	176.996	C5	60	57	0
908	176.827	177.137	Eb5	68	33	0
909	177.024	177.862	B3	88	42	0
910	177.034	177.37	D5	66	29	0
911	177.034	177.693	F5	74	33	0
912	177.247	177.413	C5	63	63	0
913	177.437	177.612	B4	60	60	0
914	177.631	177.81	A4	62	64	0
915	177.832	178.722	C4	75	60	0
916	177.851	178.413	G4	60	80	0
917	178.042	178.445	Eb5	80	54	0
918	178.233	178.48	F5	87	50	0
919	178.412	178.666	G5	80	64	0
920	178.628	179.412	G#5	89	64	0
921	178.631	179.479	F3	75	54	0
922	178.847	179.074	F4	63	38	0
923	178.886	178.923	G4	48	51	0
924	179.066	179.196	Eb4	69	40	0
925	179.239	179.479	D4	72	58	0
926	179.444	182.724	C4	80	33	0
927	179.452	180.282	E3	71	65	0
928	179.649	179.874	G5	79	60	0
929	179.86	180.065	A5	82	58	0
930	180.041	180.264	B5	84	56	0
931	180.244	180.431	C6	83	59	0
932	180.244	181.112	Eb3	90	64	0
933	180.451	180.657	C5	62	59	0
934	180.664	180.873	D5	67	53	0
935	180.851	181.066	Eb5	63	62	0
936	181.072	181.848	F5	75	42	0
937	181.076	182.771	D3	79	57	0
938	181.49	181.729	B5	81	61	0
939	181.677	181.948	A5	80	61	0
940	181.9	182.38	B5	83	57	0
941	182.314	182.466	Eb5	63	58	0
942	182.48	182.713	D5	58	56	0
943	182.697	182.804	C6	60	59	0
944	182.743	182.838	Eb5	35	80	0
945	182.748	183.443	C3	37	54	0
946	183.123	183.257	G5	58	63	0
947	183.126	183.258	C5	45	55	0
948	183.304	183.512	D5	59	64	0
949	183.517	184.3	C6	68	28	0
950	183.547	185.706	Eb5	46	48	0
951	183.925	184.108	C5	50	58	0
952	184.122	184.348	Bb4	52	44	0
953	184.323	184.412	A4	47	62	0
954	184.707	185.706	C6	58	40	0
955	184.729	184.926	A4	48	37	0
956	184.922	185.161	Bb5	56	60	0
957	184.926	185.097	G4	41	57	0
958	185.101	185.172	A5	60	64	0
959	185.121	185.547	F4	59	37	0
960	185.502	185.682	G4	53	56	0
961	185.503	185.892	A5	56	37	0
962	185.689	185.941	G5	61	37	0
963	185.704	185.871	A4	43	63	0
964	185.899	186.203	Bb4	54	59	0
965	185.904	186.295	F5	61	55	0
966	186.287	186.533	G5	71	80	0
967	186.289	186.351	Bb4	58	58	0
968	186.295	186.665	Bb3	52	61	0
969	186.461	186.696	A5	69	58	0
970	186.472	186.537	C5	67	58	0
971	186.666	187.426	Bb5	74	62	0
972	186.669	188.962	C#5	64	41	0
973	187.078	187.306	Bb4	54	48	0
974	187.279	187.466	G#4	48	56	0
975	187.468	187.623	G4	52	58	0
976	187.858	188.886	Bb5	61	41	0
977	187.871	188.045	G4	42	55	0
978	188.054	188.308	G#5	63	57	0
979	188.066	188.273	F4	55	60	0
980	188.245	188.304	G5	59	61	0
981	188.286	188.771	Eb4	55	29	0
982	188.664	188.863	F4	56	58	0
983	188.664	189.108	G5	65	47	0
984	188.858	189.109	F5	61	59	0
985	188.863	189.05	G4	53	62	0
986	189.069	189.518	Eb5	66	49	0
987	189.072	189.359	G#4	52	41	0
988	189.468	189.667	F5	76	54	0
989	189.478	189.85	G#3	55	62	0
990	189.482	189.52	G#4	63	64	0
991	189.653	189.865	G5	71	55	0
992	189.701	189.742	B4	33	46	0
993	189.852	190.567	G#5	76	50	0
994	189.894	191.904	C5	62	43	0
995	190.24	190.402	G#4	55	57	0
996	190.426	190.61	G4	57	56	0
997	190.626	190.737	F4	53	63	0
998	191.028	191.179	F4	47	60	0
999	191.028	191.442	G#5	63	22	0
1000	191.2	191.466	Eb4	52	34	0
1001	191.202	191.5	G5	58	46	0
1002	191.423	191.542	C#4	48	62	0
1003	191.43	191.646	F5	64	52	0
1004	191.808	192.026	C#4	53	51	0
1005	191.816	192.058	F5	67	46	0
1006	192.006	192.217	Eb5	68	61	0
1007	192.008	192.217	C4	56	32	0
1008	192.199	192.819	C#5	69	37	0
1009	192.205	192.653	Bb3	53	36	0
1010	192.585	193.023	Bb4	56	46	0
1011	192.609	192.784	C4	55	62	0
1012	192.772	193.003	G#4	59	57	0
1013	192.782	192.994	C#4	57	61	0
1014	192.999	193.519	G4	67	37	0
1015	193.001	193.428	Eb4	57	56	0
1016	193.407	193.83	Eb5	65	41	0
1017	193.411	193.841	Eb3	51	49	0
1018	193.592	193.934	C#5	62	30	0
1019	193.807	194.311	G#3	45	34	0
1020	193.826	193.954	C5	46	64	0
1021	194.225	194.398	Bb3	48	60	0
1022	194.229	194.411	C5	50	55	0
1023	194.403	194.631	Bb4	59	57	0
1024	194.412	194.607	C4	48	56	0
1025	194.618	195.427	G#4	71	52	0
1026	194.627	195.511	C#4	50	50	0
1027	195.039	195.212	F4	51	54	0
1028	195.23	195.419	E4	52	60	0
1029	195.435	195.913	F4	64	39	0
1030	195.861	196.06	Bb4	61	48	0
1031	195.867	196.009	C#4	43	60	0
1032	196.041	196.277	C5	64	60	0
1033	196.045	196.242	C4	46	53	0
1034	196.244	197.079	C#5	78	38	0
1035	196.248	196.47	Bb3	54	60	0
1036	196.661	196.833	G4	58	59	0
1037	196.672	196.865	Bb3	46	54	0
1038	196.856	197.127	G#3	52	36	0
1039	196.863	197.171	G#4	55	30	0
1040	197.059	197.211	G3	60	63	0
1041	197.06	197.446	Bb4	75	28	0
1042	197.257	197.437	C5	64	62	0
1043	197.454	197.619	C#5	62	62	0
1044	197.472	197.66	G3	58	55	0
1045	197.652	197.86	F3	63	61	0
1046	197.659	197.89	Bb4	67	60	0
1047	197.844	198.281	E3	69	54	0
1048	197.855	198.739	G5	75	36	0
1049	198.059	198.265	G#4	60	59	0
1050	198.256	198.602	C3	60	60	0
1051	198.261	198.485	Bb4	63	38	0
1052	198.439	198.505	G4	68	59	0
1053	198.64	199.392	F3	54	36	0
1054	198.652	199.15	G#4	83	55	0
1055	198.885	199.07	C5	67	54	0
1056	199.053	199.211	F4	68	54	0
1057	199.062	199.236	C#5	71	80	0
1058	199.233	199.283	Eb4	61	63	0
1059	199.245	199.451	C5	68	58	0
1060	199.428	199.528	Eb4	63	62	0
1061	199.436	199.99	F5	84	38	0
1062	199.539	199.635	C#4	72	61	0
1063	199.629	199.832	G4	60	61	0
1064	199.642	199.739	Eb4	62	61	0
1065	199.747	199.844	C#4	66	60	0
1066	199.85	199.985	Eb4	71	62	0
1067	199.858	200.031	G#4	62	60	0
1068	199.981	200.085	C#4	65	53	0
1069	200.037	200.193	F4	64	62	0
1070	200.064	200.169	Eb4	72	62	0
1071	200.192	200.658	C4	75	49	0
1072	200.29	200.652	C5	68	55	0
1073	200.634	200.817	C3	52	62	0
1074	200.666	200.992	G4	52	44	0
1075	200.67	200.861	E5	54	48	0
1076	200.824	201.079	D3	62	56	0
1077	200.853	201.08	F5	70	36	0
1078	201.04	201.593	C3	89	63	0
1079	201.045	201.692	G5	87	46	0
1080	201.047	201.399	E3	66	57	0
1081	201.056	201.896	C5	63	64	0
1082	201.435	201.609	Bb4	62	56	0
1083	201.435	201.636	D3	65	63	0
1084	201.61	201.841	E3	64	59	0
1085	201.828	202.438	C#3	80	40	0
1086	201.849	201.928	F3	61	55	0
1087	201.852	202.298	G#4	89	55	0
1088	202.032	202.584	E3	60	35	0
1089	202.226	202.413	F3	62	63	0
1090	202.245	202.661	F5	76	62	0
1091	202.251	203.417	Bb4	64	40	0
1092	202.42	202.648	G3	63	63	0
1093	202.621	203.46	G#3	74	64	0
1094	202.624	203.285	C3	76	52	0
1095	202.644	203.086	C5	84	49	0
1096	202.842	202.911	C4	76	64	0
1097	203.049	203.329	D4	80	58	0
1098	203.054	203.268	Eb5	76	55	0
1099	203.241	203.353	Eb4	73	64	0
1100	203.29	203.407	C5	7	38	0
1101	203.428	204.22	B2	87	46	0
1102	203.451	203.935	F4	74	46	0
1103	203.453	203.842	D5	73	58	0
1104	203.655	203.859	F3	72	61	0
1105	203.853	204.052	G3	69	60	0
1106	203.867	204.073	Eb5	70	58	0
1107	204.05	204.281	G#3	72	62	0
1108	204.06	204.277	F5	76	59	0
1109	204.255	205.008	E3	80	37	0
1110	204.268	205.053	Bb3	81	61	0
1111	204.269	204.492	G5	79	63	0
1112	204.463	204.631	F5	71	54	0
1113	204.675	205.004	G4	69	38	0
1114	204.675	204.95	E5	74	46	0
1115	204.873	205.105	D5	66	59	0
1116	205.048	205.481	F3	81	62	0
1117	205.065	205.825	C5	77	62	0
1118	205.067	205.86	G#4	77	62	0
1119	205.283	205.557	G#3	65	51	0
1120	205.487	205.674	Bb3	74	59	0
1121	205.668	205.778	C4	75	59	0
1122	205.865	206.7	Bb2	84	59	0
1123	205.875	206.434	C#4	77	21	0
1124	206.065	206.473	Bb4	61	44	0
1125	206.255	206.508	G#4	67	36	0
1126	206.447	206.625	G4	58	37	0
1127	206.662	207.485	A2	81	62	0
1128	206.672	206.796	C5	71	57	0
1129	206.676	206.823	F4	39	49	0
1130	206.879	207.08	C4	61	61	0
1131	207.098	207.273	D4	61	58	0
1132	207.266	207.433	E4	66	63	0
1133	207.46	208.328	G#2	81	61	0
1134	207.466	207.51	F4	70	65	0
1135	207.68	207.91	F4	58	36	0
1136	207.884	208.055	C5	67	60	0
1137	207.891	208.098	G4	61	59	0
1138	208.094	208.353	G#4	61	62	0
1139	208.298	208.608	C#5	70	61	0
1140	208.301	209.926	G2	71	37	0
1141	208.301	208.656	Bb4	56	55	0
1142	208.703	208.879	E4	68	37	0
1143	208.704	208.918	C5	67	61	0
1144	208.898	208.988	D4	52	59	0
1145	208.921	209.082	Bb4	68	51	0
1146	209.094	209.476	E4	26	50	0
1147	209.101	209.93	C5	63	40	0
1148	209.49	209.662	G#4	63	56	0
1149	209.675	209.953	G4	56	34	0
1150	209.904	209.981	F2	54	63	0
1151	209.905	211.306	G#4	56	36	0
1152	209.912	211.248	F4	44	57	0
1153	210.287	210.527	F3	66	59	0
1154	210.483	210.697	G3	63	56	0
1155	210.682	210.829	G#3	65	64	0
1156	211.1	211.331	C4	66	45	0
1157	211.108	211.329	G#3	54	39	0
1158	211.287	211.516	C#4	63	56	0
1159	211.305	211.514	Bb3	60	61	0
1160	211.488	212.095	C4	71	59	0
1161	211.494	211.664	Eb4	60	58	0
1162	211.903	212.062	F#5	76	64	0
1163	211.907	212.174	Eb4	60	57	0
1164	212.098	212.418	F5	79	33	0
1165	212.108	212.462	F4	67	33	0
1166	212.29	212.936	F#4	66	54	0
1167	212.291	212.533	Eb5	77	59	0
1168	212.482	212.697	Bb3	68	60	0
1169	212.492	212.684	C#5	80	61	0
1170	212.688	213.222	C5	80	42	0
1171	212.689	212.888	G#3	61	57	0
1172	212.875	213.134	Bb4	71	58	0
1173	212.879	213.067	F#3	62	61	0
1174	213.091	213.497	G#4	74	54	0
1175	213.095	213.332	F3	58	80	0
1176	213.377	213.556	F3	7	47	0
1177	213.495	213.671	Bb4	62	56	0
1178	213.507	213.662	F4	57	54	0
1179	213.509	213.695	C#3	55	56	0
1180	213.692	213.883	Eb3	58	57	0
1181	213.704	213.911	C5	52	61	0
1182	213.706	213.751	Eb4	50	64	0
1183	213.907	214.078	C#4	47	62	0
1184	213.907	214.705	C#5	62	38	0
1185	213.914	214.005	F3	53	62	0
1186	214.285	214.503	G#3	49	55	0
1187	214.295	214.46	F3	45	59	0
1188	214.468	214.674	Bb3	60	55	0
1189	214.51	214.725	G3	42	49	0
1190	214.678	215.412	G#3	58	63	0
1191	214.691	214.826	C4	48	60	0
1192	215.087	215.268	Eb5	58	59	0
1193	215.097	215.262	C4	47	57	0
1194	215.268	215.483	C#5	51	58	0
1195	215.282	215.591	C#4	42	46	0
1196	215.483	216.327	Eb4	50	41	0
1197	215.498	216.096	C5	58	18	0
1198	215.678	215.84	F#3	49	58	0
1199	215.681	216.068	Bb4	54	22	0
1200	215.865	216.147	F3	55	29	0
1201	215.891	216.371	G#4	54	40	0
1202	216.072	216.287	Eb3	53	49	0
1203	216.084	216.195	F#4	55	50	0
1204	216.279	216.773	C#3	48	37	0
1205	216.291	216.685	F4	62	34	0
1206	216.693	216.935	G4	44	32	0
1207	216.708	216.76	C#4	44	57	0
1208	216.717	216.896	Bb2	52	56	0
1209	216.9	217.235	A4	50	27	0
1210	216.908	217.082	C3	51	56	0
1211	216.943	217.075	C4	29	30	0
1212	217.104	217.186	C#3	52	61	0
1213	217.118	217.286	Bb3	45	37	0
1214	217.122	217.852	Bb4	49	61	0
1215	217.521	217.768	F3	59	59	0
1216	217.713	217.995	Eb3	42	35	0
1217	217.779	218.018	F#3	45	61	0
1218	217.94	218.011	G#3	52	54	0
1219	217.959	218.628	F3	45	36	0
1220	218.316	218.541	G#3	44	34	0
1221	218.322	218.594	C5	69	37	0
1222	218.521	218.922	Bb3	55	54	0
1223	218.521	218.727	Bb4	65	59	0
1224	218.718	218.885	G#4	64	51	0
1225	218.723	219.136	C4	55	36	0
1226	218.925	219.276	G4	58	22	0
1227	218.927	219.094	Eb3	51	59	0
1228	219.102	219.407	C#3	52	33	0
1229	219.126	219.384	F4	59	37	0
1230	219.308	219.492	C3	51	58	0
1231	219.32	219.518	Eb4	62	63	0
1232	219.515	219.741	Bb2	57	51	0
1233	219.518	220.112	C#4	62	42	0
1234	219.719	219.93	C3	62	59	0
1235	219.932	220.111	C#3	65	62	0
1236	219.944	220.125	Bb3	67	63	0
1237	220.12	220.348	C3	56	60	0
1238	220.141	220.392	C4	72	60	0
1239	220.348	221.187	C#4	79	60	0
1240	220.352	220.575	Bb2	65	59	0
1241	220.542	220.798	G#2	70	55	0
1242	220.543	220.756	F4	75	53	0
1243	220.734	220.979	Bb4	77	62	0
1244	220.741	220.945	G2	62	62	0
1245	220.941	221.156	G#4	71	54	0
1246	220.945	221.172	F2	61	59	0
1247	221.16	221.614	G4	72	56	0
1248	221.171	221.988	Eb2	66	63	0
1249	221.596	222.034	Bb2	60	63	0
1250	221.604	221.805	Eb4	65	56	0
1251	221.78	222.031	C#4	72	63	0
1252	221.996	222.673	Eb4	85	80	0
1253	221.998	222.82	G#4	79	60	0
1254	222.015	222.424	C3	71	61	0
1255	222.413	222.855	G#2	57	47	0
1256	222.446	222.772	C#4	59	55	0
1257	222.649	222.689	C4	53	65	0
1258	222.834	223.25	C#3	51	57	0
1259	222.84	223.702	Bb3	69	56	0
1260	222.843	223.696	F4	87	61	0
1261	223.055	223.246	G4	67	56	0
1262	223.25	223.744	Bb2	59	56	0
1263	223.254	223.453	G#4	67	57	0
1264	223.455	224.564	Bb4	64	49	0
1265	223.66	224.495	Eb4	85	62	0
1266	223.664	224.069	Eb3	66	61	0
1267	223.671	224.603	C5	72	80	0
1268	224.062	224.255	G#3	57	58	0
1269	224.068	224.498	C3	55	37	0
1270	224.275	224.494	G3	62	58	0
1271	224.491	224.94	F3	63	55	0
1272	224.494	225.153	D4	83	45	0
1273	224.508	224.913	G#3	54	54	0
1274	224.715	224.961	G#4	69	58	0
1275	224.913	225.123	G3	58	63	0
1276	224.925	225.092	Bb2	47	59	0
1277	224.937	225.316	Bb4	69	80	0
1278	225.128	225.378	C5	67	62	0
1279	225.129	225.352	G#3	56	57	0
1280	225.331	225.801	G4	80	60	0
1281	225.334	226.102	C#5	78	36	0
1282	225.34	225.571	Bb3	72	58	0
1283	225.366	225.526	Bb4	6	80	0
1284	225.535	225.729	G#3	67	63	0
1285	225.746	225.929	Eb3	68	63	0
1286	225.758	225.967	G3	66	51	0
1287	225.965	226.076	C#3	55	63	0
1288	225.972	226.276	F3	66	34	0
1289	226.156	227.927	G#4	88	33	0
1290	226.158	226.305	Eb3	69	56	0
1291	226.162	226.63	C3	61	59	0
1292	226.363	226.892	C5	67	13	0
1293	226.574	227.064	C#5	67	41	0
1294	226.578	227.214	G#3	71	60	0
1295	226.58	226.908	F3	60	64	0
1296	226.769	227.064	Eb5	59	51	0
1297	226.971	227.402	C#4	81	61	0
1298	226.986	228.011	F5	81	53	0
1299	227.189	227.409	G3	68	62	0
1300	227.191	227.333	Eb3	65	54	0
1301	227.397	227.601	G#3	70	60	0
1302	227.406	227.565	F3	65	60	0
1303	227.589	227.719	Bb3	73	62	0
1304	227.597	227.799	G3	66	59	0
1305	227.812	228.463	C4	86	50	0
1306	227.82	228.668	G#3	72	57	0
1307	228.03	228.604	G3	54	10	0
1308	228.043	228.26	Eb5	59	52	0
1309	228.226	228.604	F3	65	54	0
1310	228.254	228.69	F5	64	16	0
1311	228.433	228.592	Eb3	66	64	0
1312	228.444	228.69	G5	63	59	0
1313	228.642	229.269	B3	88	57	0
1314	228.646	229.578	D3	69	50	0
1315	228.66	230.132	G#5	75	40	0
1316	228.885	229.074	F3	58	60	0
1317	229.068	229.249	G3	63	62	0
1318	229.253	229.52	G#3	74	60	0
1319	229.484	230.328	Bb3	79	61	0
1320	229.496	229.938	Eb3	71	59	0
1321	229.918	230.163	G5	69	60	0
1322	229.929	230.742	D3	54	35	0
1323	230.124	230.36	F5	76	59	0
1324	230.316	230.575	E3	55	33	0
1325	230.327	231.576	G5	71	45	0
1326	230.519	230.738	G3	56	50	0
1327	230.724	230.937	F3	49	57	0
1328	230.744	230.945	C3	34	52	0
1329	230.943	231.14	E3	48	53	0
1330	231.142	231.307	F3	37	50	0
1331	231.158	231.355	G#3	34	54	0
1332	231.379	231.552	C5	49	58	0
1333	231.577	231.752	D5	52	51	0
1334	231.58	231.785	F3	41	35	0
1335	231.752	232.008	Eb3	50	32	0
1336	231.763	231.952	Eb5	50	54	0
1337	231.963	232.589	F5	62	40	0
1338	231.967	232.032	D3	39	63	0
1339	232.167	232.358	B4	52	58	0
1340	232.38	232.569	C5	58	56	0
1341	232.401	232.613	D3	31	43	0
1342	232.557	232.733	C3	48	55	0
1343	232.576	232.762	D5	53	63	0
1344	232.768	232.962	B2	43	61	0
1345	232.772	233.529	G4	61	35	0
1346	232.991	233.314	G2	53	29	0
1347	233.186	233.369	A2	55	57	0
1348	233.189	233.411	Eb5	69	59	0
1349	233.365	233.563	B2	57	59	0
1350	233.37	233.587	D5	69	60	0
1351	233.576	233.787	C3	58	56	0
1352	233.58	234.848	Eb5	78	40	0
1353	233.778	234.072	G#2	55	31	0
1354	233.978	234.193	Bb2	60	56	0
1355	233.982	234.124	F#4	67	61	0
1356	234.182	234.372	C3	60	59	0
1357	234.384	234.611	C#3	54	60	0
1358	234.396	234.603	F4	66	59	0
1359	234.599	235.013	G#4	71	42	0
1360	234.802	235.213	Bb4	73	21	0
1361	234.809	235.037	C#3	55	55	0
1362	235	235.212	C3	61	54	0
1363	235	235.575	C5	74	11	0
1364	235.192	235.885	C#5	82	52	0
1365	235.205	235.36	Bb2	62	63	0
1366	235.39	235.61	G4	73	54	0
1367	235.603	235.948	G#4	75	24	0
1368	235.613	235.808	Bb2	64	58	0
1369	235.786	236.457	Bb4	72	39	0
1370	235.813	236.131	G#2	65	33	0
1371	236.001	236.739	Eb4	75	59	0
1372	236.009	236.187	G2	62	56	0
1373	236.232	236.442	Eb2	66	54	0
1374	236.427	236.653	F2	63	59	0
1375	236.431	236.67	C5	76	57	0
1376	236.617	237.222	Bb4	74	18	0
1377	236.636	236.879	G2	62	56	0
1378	236.833	237.498	C5	82	51	0
1379	236.837	237.062	G#2	72	57	0
1380	237.027	237.275	F#4	64	59	0
1381	237.042	237.452	F2	58	41	0
1382	237.239	237.42	F4	66	62	0
1383	237.253	237.458	G2	57	57	0
1384	237.442	237.669	A2	64	59	0
1385	237.446	237.655	Eb4	64	63	0
1386	237.645	239.245	C#4	81	61	0
1387	237.659	237.907	Bb2	64	61	0
1388	237.871	238.089	A2	63	61	0
1389	238.075	238.254	Bb2	62	62	0
1390	238.079	238.509	F4	69	56	0
1391	238.27	238.497	C3	59	53	0
1392	238.464	238.946	Bb4	85	56	0
1393	238.481	238.692	C#3	59	62	0
1394	238.687	238.983	Bb2	59	33	0
1395	238.879	239.247	G#4	67	50	0
1396	238.883	239.066	C3	53	61	0
1397	239.076	239.312	C#3	61	54	0
1398	239.264	239.67	G4	81	63	0
1399	239.295	239.468	Eb3	72	59	0
1400	239.464	239.737	Bb3	61	51	0
1401	239.681	239.89	Eb3	62	57	0
1402	239.683	239.873	C4	72	64	0
1403	239.869	240.036	C#4	69	62	0
1404	239.878	240.223	C#3	64	38	0
1405	240.069	240.864	Eb4	79	31	0
1406	240.077	240.231	C3	71	62	0
1407	240.28	240.682	G4	65	42	0
1408	240.482	240.943	G#4	70	19	0
1409	240.513	240.726	C3	26	39	0
1410	240.535	240.623	D3	24	37	0
1411	240.674	241.307	Bb4	69	44	0
1412	240.678	240.969	Bb2	57	29	0
1413	240.885	241.025	G#2	63	64	0
1414	240.893	241.337	C5	83	56	0
1415	241.102	241.401	Eb4	61	39	0
1416	241.303	241.518	G#3	55	53	0
1417	241.314	241.522	F4	70	62	0
1418	241.494	241.725	G3	60	63	0
1419	241.51	241.674	G4	73	63	0
1420	241.709	242.876	G#4	89	56	0
1421	241.71	241.883	F3	67	63	0
1422	241.936	242.178	C5	65	56	0
1423	242.142	242.341	F3	64	60	0
1424	242.15	242.406	D5	69	37	0
1425	242.331	242.565	Eb3	69	62	0
1426	242.334	242.585	Eb5	70	40	0
1427	242.546	243.206	F5	87	34	0
1428	242.548	242.87	D3	72	58	0
1429	242.764	243.817	C5	63	43	0
1430	242.978	243.373	Bb4	61	23	0
1431	243.158	243.354	G#4	63	35	0
1432	243.383	244.221	Eb3	76	55	0
1433	243.385	244.247	Bb3	89	62	0
1434	243.405	243.827	G4	62	25	0
1435	243.619	243.811	Bb4	54	37	0
1436	243.817	244.058	Eb5	69	53	0
1437	243.821	244.192	G3	63	62	0
1438	244.009	244.271	G4	62	56	0
1439	244.208	244.701	C4	90	62	0
1440	244.217	245.025	F4	71	24	0
1441	244.221	245.105	G#3	70	58	0
1442	244.424	244.858	Eb5	69	41	0
1443	244.638	244.838	D5	64	59	0
1444	244.642	245.155	F3	71	62	0
1445	244.846	245.176	C5	69	36	0
1446	245.041	245.633	Bb3	90	62	0
1447	245.069	245.41	D5	60	34	0
1448	245.255	245.474	Eb5	65	61	0
1449	245.455	245.629	Bb2	70	64	0
1450	245.483	245.825	C5	68	32	0
1451	245.682	245.929	D5	67	58	0
1452	245.864	246.525	C3	79	31	0
1453	245.865	246.288	A3	87	59	0
1454	245.887	246.155	Eb5	77	30	0
1455	246.096	246.306	C5	67	55	0
1456	246.287	246.514	C4	67	57	0
1457	246.303	246.497	D5	66	55	0
1458	246.486	246.736	Bb3	74	62	0
1459	246.494	246.721	Eb5	67	56	0
1460	246.698	247.139	G#3	77	60	0
1461	246.701	247.237	D4	88	57	0
1462	246.702	247.149	F5	83	50	0
1463	246.92	247.35	Eb5	59	61	0
1464	247.123	247.373	Bb3	72	57	0
1465	247.139	247.333	D5	71	63	0
1466	247.327	247.657	G#3	70	31	0
1467	247.338	247.374	C5	71	67	0
1468	247.534	247.683	G3	71	63	0
1469	247.548	247.844	Eb4	83	56	0
1470	247.553	248.962	Bb4	76	56	0
1471	247.739	248.054	G3	46	37	0
1472	247.747	247.986	F3	26	44	0
1473	247.756	247.997	C4	67	59	0
1474	247.94	248.222	Bb2	63	54	0
1475	247.974	248.326	D4	70	24	0
1476	248.154	248.357	C3	63	63	0
1477	248.178	248.384	Eb4	63	53	0
1478	248.369	249.03	G#3	93	57	0
1479	248.376	248.798	D3	72	52	0
1480	248.38	248.998	F4	68	43	0
1481	248.595	249.389	Eb4	52	30	0
1482	248.794	249.038	C3	69	60	0
1483	248.831	249.272	D4	55	41	0
1484	248.99	249.233	D3	64	61	0
1485	249.021	249.07	C4	52	49	0
1486	249.201	249.814	G3	84	62	0
1487	249.213	249.448	Eb3	73	61	0
1488	249.241	250.093	Bb3	71	43	0
1489	249.43	250.399	G#4	62	38	0
1490	249.619	249.861	Eb3	70	62	0
1491	249.623	250.095	G4	66	35	0
1492	249.826	250.055	D3	67	59	0
1493	249.846	250.372	F4	61	30	0
1494	250.046	250.717	F#3	84	59	0
1495	250.055	250.211	C3	69	63	0
1496	250.069	250.467	Eb4	64	61	0
1497	250.467	250.909	C3	65	60	0
1498	250.475	250.671	A3	53	50	0
1499	250.65	250.897	Bb2	65	60	0
1500	250.685	250.965	Bb3	58	53	0
1501	250.899	251.689	A2	69	60	0
1502	250.907	252.549	F3	80	47	0
1503	250.929	251.282	C4	62	54	0
1504	251.123	251.329	Eb4	58	56	0
1505	251.326	251.622	F4	63	37	0
1506	251.53	251.72	Eb4	55	59	0
1507	251.705	252.596	Bb2	56	35	0
1508	251.71	251.747	D4	62	66	0
1509	251.721	251.777	Bb3	60	63	0
1510	251.932	252.532	C5	76	48	0
1511	252.134	252.643	Bb4	73	38	0
1512	252.33	252.426	G#4	59	60	0
1513	252.528	253.448	Eb3	47	55	0
1514	252.545	252.927	G4	52	37	0
1515	252.952	253.286	Bb4	70	25	0
1516	252.981	253.077	Eb4	46	49	0
1517	253.161	253.266	F4	48	58	0
1518	253.352	253.979	Eb5	76	53	0
1519	253.36	253.56	G4	43	25	0
1520	253.779	253.947	Eb3	41	50	0
1521	253.788	253.903	G4	42	54	0
1522	253.967	254.156	G#4	59	63	0
1523	253.973	254.148	F3	51	57	0
1524	254.17	254.279	G3	53	63	0
1525	254.172	254.962	Bb4	66	60	0
1526	254.369	254.647	G5	75	57	0
1527	254.562	254.811	G3	47	37	0
1528	254.568	254.734	Bb3	56	58	0
1529	254.578	254.765	F5	73	63	0
1530	254.755	254.945	Eb5	81	61	0
1531	254.758	254.974	C4	55	62	0
1532	254.761	254.966	G#3	55	53	0
1533	254.962	255.454	D5	76	53	0
1534	254.968	255.156	D4	51	45	0
1535	254.977	255.259	Bb3	61	57	0
1536	255.156	255.511	G#4	65	52	0
1537	255.183	255.231	C4	63	65	0
1538	255.36	255.527	G4	63	63	0
1539	255.376	255.547	Bb2	66	62	0
1540	255.376	255.607	Bb3	76	60	0
1541	255.553	255.766	F4	67	57	0
1542	255.559	255.786	G#3	67	58	0
1543	255.766	256.057	Eb4	62	32	0
1544	255.774	256.596	C3	58	30	0
1545	255.786	256.998	G3	52	31	0
1546	255.981	256.164	D4	58	60	0
1547	256.188	256.363	G4	74	61	0
1548	256.204	256.303	C4	58	54	0
1549	256.385	256.634	D4	64	63	0
1550	256.59	257.183	C5	56	54	0
1551	256.622	256.732	Eb4	44	59	0
1552	257.024	257.181	Eb4	59	54	0
1553	257.027	257.207	C3	52	55	0
1554	257.213	257.454	D3	49	36	0
1555	257.213	257.428	F4	52	54	0
1556	257.408	257.518	Eb3	55	64	0
1557	257.43	257.847	G4	60	49	0
1558	257.613	258.019	Eb5	70	51	0
1559	257.804	257.967	Eb3	52	56	0
1560	257.804	258.063	D5	65	51	0
1561	257.827	258.001	G3	49	62	0
1562	258.01	258.22	C5	70	63	0
1563	258.026	258.198	G#3	51	59	0
1564	258.202	258.863	Bb4	68	53	0
1565	258.21	258.373	G3	55	61	0
1566	258.229	258.385	Bb3	51	63	0
1567	258.399	258.455	G#3	61	64	0
1568	258.417	258.58	F4	60	61	0
1569	258.603	258.803	G2	62	26	0
1570	258.604	258.779	G3	62	58	0
1571	258.61	259.176	Eb4	67	14	0
1572	258.799	258.993	C#4	65	61	0
1573	258.803	259.065	F3	62	61	0
1574	258.999	259.154	C4	65	55	0
1575	259.002	260.159	Eb3	66	56	0
1576	259.006	259.743	G#2	53	25	0
1577	259.19	259.397	Bb3	64	64	0
1578	259.387	260.12	Eb4	78	20	0
1579	259.421	259.598	G#3	55	38	0
1580	259.591	259.89	Bb3	68	52	0
1581	259.864	260.463	G#4	67	50	0
1582	259.925	260.034	C4	32	57	0
1583	260.257	260.402	C4	51	58	0
1584	260.278	260.497	G#2	49	36	0
1585	260.43	260.712	Bb2	44	49	0
1586	260.455	260.634	D4	55	63	0
1587	260.646	261.383	Eb4	53	51	0
1588	260.658	260.782	C3	53	63	0
1589	260.864	261.126	C5	68	58	0
1590	261.053	261.204	Eb3	55	58	0
1591	261.068	261.272	Bb4	67	57	0
1592	261.25	261.407	D3	45	56	0
1593	261.254	261.427	F3	47	58	0
1594	261.255	261.409	G#4	67	57	0
1595	261.443	261.777	G4	68	35	0
1596	261.454	261.605	G3	52	38	0
1597	261.455	261.697	Eb3	55	61	0
1598	261.642	261.685	F3	67	66	0
1599	261.642	261.821	D4	61	63	0
1600	261.848	261.986	Eb3	73	64	0
1601	261.849	262.016	C4	70	62	0
1602	261.863	262.007	Eb2	66	62	0
1603	262.019	262.247	D3	70	59	0
1604	262.036	262.203	Bb3	72	63	0
1605	262.231	262.652	G#3	77	48	0
1606	262.233	262.625	C3	73	63	0
1607	262.241	262.385	F2	69	62	0
1608	262.426	262.669	F4	78	59	0
1609	262.613	262.826	G2	67	61	0
1610	262.62	262.822	D3	72	63	0
1611	262.621	263.348	G#4	84	13	0
1612	262.625	262.872	B2	62	45	0
1613	262.812	263.033	Eb3	79	61	0
1614	262.812	263.302	G4	79	38	0
1615	263.031	263.389	F4	82	37	0
1616	263.033	263.19	C3	71	63	0
1617	263.033	263.435	F3	77	56	0
1618	263.039	263.234	G#2	75	63	0
1619	263.218	263.425	Eb4	75	62	0
1620	263.417	263.826	F#3	77	64	0
1621	263.42	263.564	A2	67	60	0
1622	263.42	263.606	D4	78	62	0
1623	263.618	263.842	C4	77	64	0
1624	263.833	263.911	G2	56	63	0
1625	263.846	264.236	B3	79	63	0
1626	263.847	264.02	G3	63	63	0
1627	264.26	264.459	G3	57	60	0
1628	264.448	264.671	A3	65	62	0
1629	264.647	265.471	G5	93	55	0
1630	264.667	265.096	B3	69	58	0
1631	265.083	265.315	A3	67	62	0
1632	265.268	265.46	B3	65	63	0
1633	265.459	265.917	G#5	88	60	0
1634	265.467	265.667	C4	67	59	0
1635	265.675	265.912	B3	63	58	0
1636	265.87	266.033	C4	62	64	0
1637	265.889	266.322	C5	73	64	0
1638	266.057	266.303	D4	60	51	0
1639	266.275	267.287	G5	87	31	0
1640	266.278	267.235	Eb4	66	30	0
1641	266.681	267.132	Bb4	58	65	0
1642	267.088	267.45	A4	58	49	0
1643	267.094	268.194	F#5	85	52	0
1644	267.299	267.477	C4	66	58	0
1645	267.474	267.675	D4	66	62	0
1646	267.498	267.701	Bb4	60	48	0
1647	267.667	267.872	Eb4	70	60	0
1648	267.693	267.815	C5	62	61	0
1649	267.876	268.674	F4	74	57	0
1650	267.88	268.201	D5	60	51	0
1651	267.88	268.082	B5	87	40	0
1652	268.093	268.281	C5	65	64	0
1653	268.292	268.397	B4	62	57	0
1654	268.465	268.504	A4	69	67	0
1655	268.651	269.041	C6	87	63	0
1656	268.66	268.875	G4	54	55	0
1657	268.862	269.146	Eb4	63	36	0
1658	269.064	269.243	F4	68	59	0
1659	269.248	269.531	G4	66	39	0
1660	269.458	269.97	F5	86	50	0
1661	269.464	270.327	G#4	73	60	0
1662	269.678	269.989	G3	63	36	0
1663	269.89	270.105	G#3	68	60	0
1664	270.081	270.31	Bb3	73	53	0
1665	270.288	270.696	E5	84	60	0
1666	270.292	271.059	C4	68	64	0
1667	270.498	270.734	G4	56	56	0
1668	270.689	270.882	A4	70	54	0
1669	270.885	271.14	B4	60	58	0
1670	271.083	271.658	Eb5	81	31	0
1671	271.1	271.916	C5	67	35	0
1672	271.292	271.506	C4	59	60	0
1673	271.494	271.684	D4	57	56	0
1674	271.67	271.891	Eb4	68	61	0
1675	271.873	273.041	D5	77	32	0
1676	271.884	272.087	F4	61	54	0
1677	272.076	272.287	D4	57	61	0
1678	272.274	272.462	B4	60	53	0
1679	272.283	272.518	Eb4	63	35	0
1680	272.466	272.633	F4	59	61	0
1681	272.468	272.687	A4	64	55	0
1682	272.653	272.88	G4	61	57	0
1683	272.676	272.859	B4	69	63	0
1684	272.87	273.043	G#4	67	59	0
1685	272.875	273.133	C5	70	55	0
1686	273.062	273.264	G4	61	61	0
1687	273.075	273.246	B4	70	62	0
1688	273.27	273.456	D5	65	63	0
1689	273.276	273.453	F4	62	59	0
1690	273.471	273.648	Eb4	56	58	0
1691	273.479	273.915	G4	60	51	0
1692	273.67	273.879	F4	48	56	0
1693	273.877	274.084	Eb4	54	50	0
1694	273.881	274.086	C5	63	58	0
1695	274.078	274.312	D5	65	63	0
1696	274.082	274.259	D4	54	48	0
1697	274.273	277.03	Eb5	65	27	0
1698	274.281	274.393	C4	56	63	0
1699	274.679	275.097	G4	63	44	0
1700	274.681	274.918	C4	49	37	0
1701	274.898	275.069	Bb3	55	54	0
1702	275.072	276.59	C4	58	39	0
1703	275.08	275.221	A3	60	62	0
1704	275.483	275.828	C5	59	80	0
1705	275.495	275.659	A3	51	56	0
1706	275.682	275.932	Bb4	58	45	0
1707	275.698	275.885	G3	47	54	0
1708	275.904	276.28	A4	54	42	0
1709	275.911	276.393	F3	51	24	0
1710	276.292	276.573	Bb4	44	35	0
1711	276.307	276.506	G3	43	53	0
1712	276.502	276.705	C5	51	58	0
1713	276.525	276.701	A3	40	63	0
1714	276.709	276.972	F4	60	36	0
1715	276.714	277.637	Bb3	58	56	0
1716	277.116	277.526	D5	74	61	0
1717	277.128	277.294	F4	55	61	0
1718	277.131	277.558	Bb4	55	51	0
1719	277.299	277.557	Eb5	82	63	0
1720	277.313	277.521	Eb4	61	56	0
1721	277.508	279.588	F5	84	39	0
1722	277.517	277.735	D4	55	60	0
1723	277.935	278.357	G#4	59	54	0
1724	277.948	278.121	D4	50	58	0
1725	278.141	278.32	C4	52	50	0
1726	278.334	278.46	B3	46	63	0
1727	278.348	278.986	G4	53	35	0
1728	278.758	279.16	D5	59	31	0
1729	278.763	278.979	B3	42	38	0
1730	278.961	279.148	A3	53	50	0
1731	278.965	279.182	C5	57	52	0
1732	279.158	279.623	B4	59	30	0
1733	279.162	279.751	G3	47	43	0
1734	279.563	279.746	A3	45	58	0
1735	279.566	279.769	C5	58	56	0
1736	279.751	279.962	B3	56	60	0
1737	279.77	279.942	D5	54	62	0
1738	279.973	280.467	C4	55	36	0
1739	279.982	280.577	G4	66	80	0
1740	280.164	280.4	D5	80	58	0
1741	280.351	280.518	E5	86	63	0
1742	280.36	280.583	Bb3	60	57	0
1743	280.53	280.782	G5	83	54	0
1744	280.546	280.833	G#3	66	59	0
1745	280.577	280.733	G4	3	36	0
1746	280.765	280.955	G3	58	63	0
1747	280.77	283.083	Bb4	71	30	0
1748	280.834	280.884	C#5	25	49	0
1749	281.184	281.475	C#4	63	54	0
1750	281.204	281.403	G3	49	58	0
1751	281.401	281.625	F3	58	51	0
1752	281.614	281.771	E3	49	64	0
1753	281.618	282.311	C4	63	37	0
1754	282.056	282.255	E3	43	50	0
1755	282.067	282.494	G4	63	38	0
1756	282.246	282.53	F4	59	54	0
1757	282.249	282.508	D3	51	30	0
1758	282.466	283.07	C3	50	22	0
1759	282.466	283.086	E4	54	44	0
1760	282.876	283.089	D3	50	49	0
1761	282.894	283.161	F4	44	34	0
1762	283.071	283.272	E3	54	64	0
1763	283.09	283.776	G4	47	33	0
1764	283.297	283.515	F3	55	54	0
1765	283.33	283.711	C4	33	39	0
1766	283.503	283.686	G3	56	60	0
1767	283.692	283.919	G#3	60	55	0
1768	283.724	284.158	F4	42	48	0
1769	283.738	284.19	G#4	46	56	0
1770	283.899	284.134	Bb3	58	63	0
1771	284.144	285.079	C3	68	64	0
1772	284.146	285.195	G4	62	38	0
1773	284.152	286.634	C4	60	44	0
1774	284.586	284.973	E4	55	38	0
1775	285.026	285.933	C#3	80	62	0
1776	285.034	285.249	F4	49	34	0
1777	285.241	285.44	E4	49	55	0
1778	285.435	285.897	Bb3	61	55	0
1779	285.456	285.653	F4	49	55	0
1780	285.666	285.9	G4	54	58	0
1781	285.882	286.467	C3	72	59	0
1782	285.901	286.962	G#4	62	40	0
1783	286.105	286.28	G4	52	56	0
1784	286.307	286.751	G#3	66	63	0
1785	286.334	286.467	F4	50	62	0
1786	286.519	286.72	Eb4	53	60	0
1787	286.697	287.295	B2	79	52	0
1788	286.732	287.553	D4	63	32	0
1789	286.958	287.163	F4	57	57	0
1790	287.155	287.466	G3	61	31	0
1791	287.165	287.569	G4	58	43	0
1792	287.346	287.54	F3	62	64	0
1793	287.355	287.608	G#4	65	58	0
1794	287.538	288.428	E3	79	64	0
1795	287.549	288.622	Bb4	79	39	0
1796	287.564	287.745	G3	33	50	0
1797	287.76	288.03	Bb3	68	46	0
1798	287.986	288.25	C#4	57	58	0
1799	287.991	288.165	G#3	61	64	0
1800	288.174	288.421	G3	66	63	0
1801	288.388	288.851	F3	85	55	0
1802	288.6	288.991	G#4	69	61	0
1803	288.827	289.081	C4	64	37	0
1804	288.829	289.102	Bb4	70	37	0
1805	288.83	289.027	G3	55	64	0
1806	289.006	289.293	C5	70	57	0
1807	289.034	289.196	G#3	77	65	0
1808	289.229	289.741	Bb3	74	55	0
1809	289.232	290.109	C#5	86	63	0
1810	289.234	290.01	Bb2	79	59	0
1811	289.428	289.647	F3	69	61	0
1812	289.64	289.918	Eb3	75	56	0
1813	289.651	290.002	F#4	73	58	0
1814	289.853	289.994	C#3	67	64	0
1815	290.056	290.866	A2	71	58	0
1816	290.057	290.058	C#3	33	127	0
1817	290.066	290.898	C3	84	57	0
1818	290.268	290.531	C5	77	59	0
1819	290.472	290.713	D5	81	60	0
1820	290.478	290.85	F4	71	32	0
1821	290.661	290.936	E5	81	61	0
1822	290.877	291.565	G#2	82	63	0
1823	290.882	291.108	F5	89	55	0
1824	291.091	291.304	F4	69	61	0
1825	291.093	291.322	D3	70	62	0
1826	291.284	291.494	E3	76	63	0
1827	291.303	291.471	G4	70	63	0
1828	291.49	291.706	G#4	71	63	0
1829	291.49	291.737	F3	79	63	0
1830	291.713	293.054	Bb4	75	54	0
1831	291.725	293.03	G2	77	52	0
1832	291.729	292.854	G3	81	47	0
1833	291.777	291.837	A2	38	36	0
1834	292.163	292.414	E5	81	61	0
1835	292.358	292.613	D5	85	60	0
1836	292.561	293.484	E5	88	58	0
1837	292.756	293.037	A2	76	58	0
1838	292.976	293.425	Bb2	73	57	0
1839	293.185	293.451	C3	72	58	0
1840	293.419	294.228	F2	66	37	0
1841	293.419	293.652	C#3	66	63	0
1842	293.425	294.686	F5	88	57	0
1843	293.634	294.297	C3	65	16	0
1844	293.647	294.301	C#5	67	47	0
1845	293.841	294.313	C#3	64	29	0
1846	293.865	294.03	C5	67	64	0
1847	294.042	294.157	Eb3	68	64	0
1848	294.066	294.304	Bb4	61	43	0
1849	294.253	294.658	A4	70	60	0
1850	294.255	294.822	F3	73	37	0
1851	294.46	294.869	Eb5	86	62	0
1852	294.464	294.699	F2	82	55	0
1853	294.658	294.85	G2	66	56	0
1854	294.663	294.922	C#5	80	58	0
1855	294.85	294.929	A2	70	64	0
1856	294.867	295.01	C5	78	57	0
1857	295.053	296.083	C#5	84	60	0
1858	295.057	296.126	Bb2	73	54	0
1859	295.26	295.866	C5	71	80	0
1860	295.265	295.679	F3	58	43	0
1861	295.475	295.733	Bb4	71	53	0
1862	295.486	295.669	G3	54	58	0
1863	295.659	295.869	G#4	72	61	0
1864	295.678	295.872	G#3	69	64	0
1865	295.886	296.081	G4	72	62	0
1866	295.889	296.646	Bb3	73	39	0
1867	296.073	296.544	Bb4	78	41	0
1868	296.081	296.318	F4	74	61	0
1869	296.081	296.319	C#3	69	60	0
1870	296.271	296.58	C5	79	36	0
1871	296.276	296.359	Eb4	80	61	0
1872	296.283	296.473	C3	68	56	0
1873	296.462	296.704	Bb2	74	59	0
1874	296.466	296.669	C#5	80	61	0
1875	296.475	296.616	C#4	75	61	0
1876	296.673	301.288	C3	63	80	0
1877	296.685	297.908	C4	82	53	0
1878	296.685	298.109	E4	79	23	0
1879	296.753	296.832	G#4	21	44	0
1880	296.925	297.107	Bb3	74	60	0
1881	297.143	299.332	C5	87	29	0
1882	297.151	297.38	G#3	67	63	0
1883	297.374	297.663	G3	65	49	0
1884	297.613	298.437	G#3	78	60	0
1885	297.866	298.186	G4	81	49	0
1886	298.107	299.754	G#4	80	9	0
1887	298.374	298.687	F4	77	53	0
1888	298.62	298.764	G#3	64	63	0
1889	298.77	298.938	G3	56	59	0
1890	298.935	299.359	F4	69	51	0
1891	298.935	299.084	G#3	62	63	0
1892	299.098	299.265	G3	56	60	0
1893	299.263	299.419	G#3	55	62	0
1894	299.271	299.62	E4	64	58	0
1895	299.432	299.612	G3	54	58	0
1896	299.608	299.773	G#3	50	61	0
1897	299.614	300.053	D4	58	34	0
1898	299.807	299.986	G3	47	58	0
1899	300.001	300.16	G#3	47	62	0
1900	300.005	300.157	F4	49	56	0
1901	300.167	300.332	E4	58	57	0
1902	300.173	300.328	G3	49	56	0
1903	300.334	300.472	G#3	56	58	0
1904	300.34	300.506	F4	54	56	0
1905	300.502	300.671	G3	44	48	0
1906	300.51	300.665	E4	57	58	0
1907	300.674	300.877	G#3	50	49	0
1908	300.682	300.917	F4	55	42	0
1909	300.88	301.076	E4	53	50	0
1910	300.881	301.124	G3	38	35	0
1911	301.081	301.397	G#3	40	43	0
1912	301.104	301.503	F4	35	39	0
1913	301.367	303.871	G3	40	30	0
1914	301.369	304.014	E4	45	33	0
1915	303.718	308.043	F4	45	35	0
1916	303.727	307.988	C4	30	35	0
1917	303.73	308.033	A3	28	44	0
1918	303.744	307.864	F2	24	39	0
#SusPed	120.809	8	0
#SusPed	121.047	10	0
#SusPed	121.561	12	0
#SusPed	129.848	14	0
#SusPed	133.441	15	0
#SusPed	133.68	16	0
#SusPed	133.807	17	0
#SusPed	133.889	18	0
#SusPed	134.086	19	0
#SusPed	134.244	20	0
#SusPed	134.442	21	0
#SusPed	135.579	22	0
#SusPed	140.443	23	0
#SusPed	140.945	24	0
#SusPed	141.323	24	0
#SusPed	141.6	25	0
#SusPed	145.183	26	0
#SusPed	149.985	26	0
#SusPed	150.005	26	0
#SusPed	150.045	26	0
#SusPed	154.442	27	0
#SusPed	154.559	28	0
#SusPed	154.639	28	0
#SusPed	155.184	29	0
#SusPed	155.678	29	0
#SusPed	156.005	30	0
#SusPed	156.124	30	0
#SusPed	156.164	31	0
#SusPed	156.204	31	0
#SusPed	156.223	32	0
#SusPed	156.243	33	0
#SusPed	156.263	33	0
#SusPed	156.283	34	0
#SusPed	156.322	35	0
#SusPed	156.342	35	0
#SusPed	156.382	36	0
#SusPed	157.362	36	0
#SusPed	157.579	37	0
#SusPed	157.599	38	0
#SusPed	157.619	38	0
#SusPed	157.639	39	0
#SusPed	157.657	40	0
#SusPed	157.677	40	0
#SusPed	157.697	41	0
#SusPed	157.718	41	0
#SusPed	157.738	42	0
#SusPed	157.846	42	0
#SusPed	169.241	43	0
#SusPed	170.36	42	0
#SusPed	171.637	43	0
#SusPed	178.865	43	0
#SusPed	178.984	44	0
#SusPed	179.002	44	0
#SusPed	179.022	45	0
#SusPed	179.062	45	0
#SusPed	179.141	46	0
#SusPed	181.063	45	0
#SusPed	182.497	45	0
#SusPed	183.846	45	0
#SusPed	187.298	46	0
#SusPed	189.882	46	0
#SusPed	189.962	47	0
#SusPed	189.981	47	0
#SusPed	190.001	48	0
#SusPed	190.121	48	0
#SusPed	190.141	49	0
#SusPed	190.28	49	0
#SusPed	190.359	50	0
#SusPed	203.535	49	0
#SusPed	208.079	50	0
#SusPed	218.533	50	0
#SusPed	221.317	50	0
#SusPed	225	50	0
#SusPed	225.435	51	0
#SusPed	225.475	51	0
#SusPed	225.634	52	0
#SusPed	229.415	52	0
#SusPed	230.077	53	0
#SusPed	230.256	53	0
#SusPed	230.355	54	0
#SusPed	231.395	53	0
#SusPed	231.474	53	0
#SusPed	231.573	52	0
#SusPed	231.821	52	0
#SusPed	241.136	52	0
#SusPed	241.633	53	0
#SusPed	247.314	53	0
#SusPed	249.353	53	0
#SusPed	249.9	52	0
#SusPed	250.394	52	0
#SusPed	251.67	51	0
#SusPed	251.729	52	0
#SusPed	251.749	51	0
#SusPed	252.019	52	0
#SusPed	253.631	52	0
#SusPed	253.71	53	0
#SusPed	253.819	53	0
#SusPed	256.395	53	0
#SusPed	256.415	52	0
#SusPed	256.474	51	0
#SusPed	256.494	50	0
#SusPed	256.514	49	0
#SusPed	256.533	49	0
#SusPed	256.553	48	0
#SusPed	256.573	48	0
#SusPed	256.592	47	0
#SusPed	256.939	47	0
#SusPed	256.998	48	0
#SusPed	257.018	48	0
#SusPed	257.116	49	0
#SusPed	257.175	49	0
#SusPed	257.255	50	0
#SusPed	257.434	50	0
#SusPed	257.533	51	0
#SusPed	257.593	51	0
#SusPed	257.613	52	0
#SusPed	257.691	52	0
#SusPed	257.898	53	0
#SusPed	260.631	53	0
#SusPed	260.67	54	0
#SusPed	260.75	54	0
#SusPed	263.333	55	0
#SusPed	270.394	54	0
#SusPed	272.294	55	0
#SusPed	272.798	55	0
#SusPed	273.728	56	0
#SusPed	273.787	55	0
#SusPed	273.837	56	0
#SusPed	273.915	55	0
#SusPed	281.174	55	0
#SusPed	281.51	54	0
#SusPed	282.174	54	0
#SusPed	282.351	53	0
#SusPed	284.917	54	0
#SusPed	285.195	54	0
#SusPed	285.412	55	0
#SusPed	285.916	55	0
#SusPed	286.333	56	0
#SusPed	286.748	56	0
#SusPed	287.271	57	0
#SusPed	287.895	57	0
#SusPed	288.549	57	0
#SusPed	288.569	57	0
#SusPed	288.588	57	0
#SusPed	288.608	57	0
#SusPed	288.648	57	0
#SusPed	289.053	56	0
#SusPed	289.269	56	0
#SusPed	291.132	56	0
#SusPed	291.53	57	0
#SusPed	291.935	57	0
#SusPed	293.292	58	0
#SusPed	296.192	57	0
#SusPed	299.034	58	0
#SusPed	303.21	57	0
#SusPed	303.33	57	0
#SusPed	303.369	56	0
#SusPed	308.707	56	0
#SusPed	309.448	55	0
#SusPed	311.469	56	0
#SusPed	311.487	56	0
#SusPed	311.646	57	0
#SusPed	312.627	56	0
#SusPed	313.894	56	0
#SusPed	314.646	56	0
#SusPed	318.684	57	0
#SusPed	318.704	57	0
#SusPed	319.507	57	0
#SusPed	320.109	56	0
#SusPed	320.507	56	0
#SusPed	320.527	55	0
#SusPed	320.587	55	0
#SusPed	321.092	54	0
#SusPed	321.171	54	0
#SusPed	321.191	53	0
#SusPed	321.21	51	0
#SusPed	321.23	51	0
#SusPed	321.489	50	0
#SusPed	321.507	50	0
#SusPed	321.527	49	0
#SusPed	321.626	50	0
#SusPed	321.706	50	0
