//Version: ScorePerfmMatch_v170104
// Score: ./score_hmm.txt
// Perfm: ./infer_spr.txt
// fmt3x: ./score_fmt3x.txt
0	1.24573	1.2906	G#4	54	64	0	0	750	P1-1-0	0	0
1	1.55983	1.69124	Bb4	61	59	0	0	1000	P1-1-1	0	-
2	1.68804	1.7906	G#4	69	57	0	0	1125	P1-1-2	0	-
3	1.8109	1.90598	F#4	70	60	0	0	1250	P1-1-3	0	-
4	1.92308	2.07799	G#4	81	62	0	0	1375	P1-1-4	0	-
5	2.06731	2.12073	F5	81	64	0	0	1500	P1-1-5	0	-
6	2.39103	2.42842	C#5	74	66	0	0	1750	P1-1-6	0	-
7	2.71902	3.08227	G#4	72	57	0	0	2000	P1-1-7	0	-
8	3.06197	3.16774	F#4	64	62	0	0	2250	P1-1-8	0	-
9	3.17308	3.28419	F4	71	62	0	0	2375	P1-1-9	0	-
10	3.28846	3.32586	F#4	73	65	0	0	2500	P1-1-10	0	-
11	3.58334	3.62073	Eb5	76	65	0	0	2750	P1-1-11	0	-
12	3.90064	3.94017	F4	63	66	0	0	3000	P1-1-12	0	-
13	4.203	4.24039	C#5	67	66	0	0	3250	P1-1-13	0	-
14	4.47757	4.5203	Eb4	67	65	0	0	3500	P1-1-14	0	-
15	4.78099	4.828	C5	65	63	0	0	3750	P1-1-15	0	-
16	5.11859	5.16133	C#4	58	64	0	0	4000	P1-1-16	0	-
17	5.46475	5.52244	C#5	52	62	0	0	4250	P1-1-17	0	-
18	5.57693	5.65492	C5	60	53	0	0	4375	P1-1-18	0	-
19	5.70086	5.81731	C#5	53	63	0	0	4500	P1-1-19	0	-
20	5.82372	5.8953	Eb5	57	56	0	0	4625	P1-1-20	0	-
21	5.96048	6.00214	C#4	62	64	0	0	4750	P1-1-22	0	-
22	5.96582	6.06625	F5	64	61	0	0	4750	P1-1-21	0	-
23	6.1015	6.23825	F#5	59	63	0	0	4875	P1-1-23	0	-
24	6.25962	6.35578	F4	58	63	0	0	5000	P1-1-25	0	-
25	6.25962	6.38248	G#5	53	58	0	0	5000	P1-1-24	0	-
26	6.37394	6.48825	Eb4	66	61	0	0	5125	P1-1-27	0	-
27	6.38142	6.47437	G5	66	60	0	0	5125	P1-1-26	0	-
28	6.50214	6.62394	C#4	72	59	0	0	5250	P1-1-29	0	-
29	6.50962	6.59616	F5	68	60	0	0	5250	P1-1-28	0	-
30	6.61646	6.74039	G5	69	65	0	0	5375	P1-1-30	0	-
31	6.61753	6.72116	Eb4	74	62	0	0	5375	P1-1-31	0	-
32	6.75107	6.78954	C5	77	64	0	0	5500	P1-1-33	0	-
33	6.75107	6.8921	G#5	66	59	0	0	5500	P1-1-32	0	-
34	6.88996	7.00321	F#5	61	62	0	0	5625	P1-1-34	0	-
35	7.03954	7.078	G#4	79	65	0	0	5750	P1-1-36	0	-
36	7.04167	7.17736	F5	68	62	0	0	5750	P1-1-35	0	-
37	7.18484	7.38035	Eb5	68	59	0	0	5875	P1-1-37	0	-
38	7.36112	7.71475	Eb4	72	61	0	0	6000	P1-1-39	0	-
39	7.36539	8.17736	F5	73	39	0	0	6000	P1-1-38	0	-
40	7.72543	7.83227	C#4	63	61	0	0	6250	P1-1-40	0	-
41	7.84189	7.96475	C4	73	64	0	0	6375	P1-1-41	0	-
42	7.9733	8.01817	C#4	74	61	0	0	6500	P1-1-42	0	-
43	8.14638	8.29915	Eb5	57	51	0	0	6625	P1-1-43	0	-
44	8.27458	8.38249	C#5	63	57	0	0	6750	P1-1-44	0	-
45	8.27565	8.30663	Bb4	79	69	0	0	6750	P1-1-45	0	-
46	8.40599	8.55556	F5	67	55	0	0	6875	P1-1-46	0	-
47	8.54167	8.58548	C4	77	67	0	0	7000	P1-1-48	0	-
48	8.54702	8.66988	Eb5	63	57	0	0	7000	P1-1-47	0	-
49	8.66561	8.77031	C#5	62	59	0	0	7125	P1-1-49	0	-
50	8.81838	8.92522	C5	63	57	0	0	7250	P1-1-50	0	-
51	8.83441	8.8686	G#4	74	66	0	0	7250	P1-1-51	0	-
52	8.94232	9.11646	Eb5	65	48	0	0	7375	P1-1-52	0	-
53	9.08548	9.22116	C#5	62	59	0	0	7500	P1-1-53	0	-
54	9.10044	9.14851	Bb3	71	64	0	0	7500	P1-1-54	0	-
55	9.21582	9.34937	C5	65	62	0	0	7625	P1-1-55	0	-
56	9.37501	9.41347	G4	68	67	0	0	7750	P1-1-57	0	-
57	9.38356	9.43804	C#5	53	62	0	0	7750	P1-1-56	0	-
58	9.49787	9.54168	Bb4	62	64	0	0	7875	P1-1-58	0	-
59	9.65599	9.71155	G#3	59	63	0	0	8000	P1-1-60	0	-
60	9.67736	9.72757	Bb4	57	63	0	0	8000	P1-1-59	0	-
61	9.78633	9.83548	C5	67	60	0	0	8125	P1-1-61	0	-
62	9.93911	9.98398	Eb5	73	63	0	0	8250	P1-1-62	0	-
63	9.94766	10.0214	G#4	54	55	0	0	8250	P1-1-63	0	-
64	10.063	10.2233	G4	59	61	0	0	8375	P1-1-64	0	-
65	10.2521	10.3216	G#4	61	58	0	0	8500	P1-1-66	0	-
66	10.2682	11.2137	F#5	78	47	0	0	8500	P1-1-65	0	-
67	10.4306	10.5972	Bb4	53	54	0	0	8625	P1-1-67	0	-
68	10.5705	10.6133	G#3	64	65	0	0	8750	P1-1-69	0	-
69	10.578	10.64	C5	58	61	0	0	8750	P1-1-68	0	-
70	10.7115	10.8483	G#4	52	52	0	0	8875	P1-1-70	0	-
71	10.844	10.9573	Bb3	65	63	0	0	9000	P1-1-72	0	-
72	10.8526	11.0032	C#5	57	39	0	0	9000	P1-1-71	0	-
73	10.9626	11.0951	G#3	68	61	0	0	9125	P1-1-74	0	-
74	10.9712	11.0823	C5	66	59	0	0	9125	P1-1-73	0	-
75	11.109	11.2404	F#3	75	59	0	0	9250	P1-1-76	0	-
76	11.1207	11.2126	Bb4	65	59	0	0	9250	P1-1-75	0	-
77	11.2265	11.3494	G#3	83	62	0	0	9375	P1-1-78	0	-
78	11.2297	11.3568	C5	74	54	0	0	9375	P1-1-77	0	-
79	11.3793	11.4252	F4	77	62	0	0	9500	P1-1-81	0	-
80	11.3846	11.4413	C#5	65	62	0	0	9500	P1-1-80	0	-
81	11.3868	12.5759	F5	78	62	0	0	9500	P1-1-79	0	-
82	11.5321	11.6122	C5	69	61	0	0	9625	P1-1-82	0	-
83	11.6806	11.7254	C#4	79	61	0	0	9750	P1-1-84	0	-
84	11.6838	11.7821	Bb4	57	63	0	0	9750	P1-1-83	0	-
85	11.8227	11.9883	G#4	68	57	0	0	9875	P1-1-85	0	-
86	11.9968	12.3462	G#3	77	63	0	0	10000	P1-1-87	0	-
87	12.0096	12.6293	Bb4	67	62	0	0	10000	P1-1-86	0	-
88	12.3494	12.4765	F#3	70	58	0	0	10250	P1-1-88	0	-
89	12.468	12.5962	F3	71	64	0	0	10375	P1-1-89	0	-
90	12.5962	12.6389	F#3	77	68	0	0	10500	P1-1-91	0	-
91	12.6026	13.1923	Eb5	75	59	0	0	10500	P1-1-90	0	-
92	12.7874	12.8942	G#4	53	59	0	0	10625	P1-1-92	0	-
93	12.8953	12.9284	Eb4	76	69	0	0	10750	P1-1-94	0	-
94	12.9177	13.0716	F#4	57	52	0	0	10750	P1-1-93	0	-
95	13.046	13.2489	Bb4	61	60	0	0	10875	P1-1-95	0	-
96	13.1795	13.2276	F3	79	64	0	0	11000	P1-1-97	0	-
97	13.1902	13.2842	G#4	69	52	0	0	11000	P1-1-96	0	-
98	13.3205	13.3985	F#4	70	61	0	0	11125	P1-1-98	0	-
99	13.4605	13.4947	C#4	75	67	0	0	11250	P1-1-101	0	-
100	13.4626	13.5641	C#5	75	37	0	0	11250	P1-1-99	0	-
101	13.4701	13.5139	F4	64	62	0	0	11250	P1-1-100	0	-
102	13.578	13.6336	G#4	70	59	0	0	11375	P1-1-102	0	-
103	13.719	13.7692	Eb3	69	67	0	0	11500	P1-1-105	0	-
104	13.7222	13.7981	C5	71	62	0	0	11500	P1-1-103	0	-
105	13.734	13.781	F#4	56	63	0	0	11500	P1-1-104	0	-
106	13.8611	13.9701	F4	58	61	0	0	11625	P1-1-106	0	-
107	14.0203	14.6581	Eb5	65	58	0	0	11750	P1-1-107	0	-
108	14.0235	14.0652	C4	57	64	0	0	11750	P1-1-109	0	-
109	14.0289	14.1357	F#4	53	52	0	0	11750	P1-1-108	0	-
110	14.1571	14.2522	Eb4	59	63	0	0	11875	P1-1-110	0	-
111	14.3515	14.9669	F4	57	56	0	0	12000	P1-1-111	0	-
112	14.3547	14.4081	C#3	57	66	0	0	12000	P1-1-112	0	-
113	14.64	14.6902	G#4	75	62	0	0	12250	P1-1-113	0	-
114	14.656	14.7853	C#4	59	62	0	0	12250	P1-1-114	0	-
115	14.7821	14.9744	C4	71	57	0	0	12375	P1-1-115	0	-
116	14.9509	15.5321	F5	85	59	0	0	12500	P1-1-116	0	-
117	14.9583	15.1346	C#4	69	49	0	0	12500	P1-1-117	0	-
118	15.1133	15.2607	Eb4	71	58	0	0	12625	P1-1-118	0	-
119	15.2468	15.3985	F4	72	59	0	0	12750	P1-1-120	0	-
120	15.2596	15.2981	G#4	72	63	0	0	12750	P1-1-119	0	-
121	15.3782	15.5225	C#4	67	62	0	0	12875	P1-1-121	0	-
122	15.5086	15.8024	C#5	80	61	0	0	13000	P1-1-122	0	-
123	15.5171	15.6442	Bb3	71	63	0	0	13000	P1-1-123	0	-
124	15.6528	15.813	C4	75	58	0	0	13125	P1-1-124	0	-
125	15.8066	15.9509	C#4	65	59	0	0	13250	P1-1-126	0	-
126	15.8066	15.9722	F5	82	60	0	0	13250	P1-1-125	0	-
127	15.9306	16.0823	C#5	80	61	0	0	13375	P1-1-127	0	-
128	15.9413	16.0534	Bb3	64	63	0	0	13375	P1-1-128	0	-
129	16.0673	16.3408	Bb4	76	60	0	0	13500	P1-1-129	0	-
130	16.0684	16.203	G3	62	62	0	0	13500	P1-1-130	0	-
131	16.2062	16.3408	G#3	64	62	0	0	13625	P1-1-131	0	-
132	16.3526	16.484	C#5	75	59	0	0	13750	P1-1-132	0	-
133	16.3579	16.484	Bb3	58	61	0	0	13750	P1-1-133	0	-
134	16.4776	16.6036	Bb4	74	57	0	0	13875	P1-1-134	0	-
135	16.4915	16.6122	G3	59	54	0	0	13875	P1-1-135	0	-
136	16.6378	16.6859	C3	51	64	0	0	14000	P1-1-137	0	-
137	16.6389	17.0225	Eb4	62	80	0	0	14000	P1-1-136	0	-
138	16.9316	16.9744	Bb4	62	66	0	0	14250	P1-1-138	0	-
139	16.9348	17.0118	C4	57	55	0	0	14250	P1-1-139	0	-
140	17.062	17.2329	Bb3	56	62	0	0	14375	P1-1-140	0	-
141	17.2372	17.8141	Eb5	70	58	0	0	14500	P1-1-141	0	-
142	17.265	17.3814	C4	53	62	0	0	14500	P1-1-142	0	-
143	17.4017	17.5513	C#4	55	57	0	0	14625	P1-1-143	0	-
144	17.5203	17.578	G4	64	62	0	0	14750	P1-1-144	0	-
145	17.5299	17.6453	Eb4	63	63	0	0	14750	P1-1-145	0	-
146	17.6752	17.8098	C4	60	62	0	0	14875	P1-1-146	0	-
147	17.8045	18.0513	C5	69	60	0	0	15000	P1-1-147	0	-
148	17.8184	17.9391	G#3	58	61	0	0	15000	P1-1-148	0	-
149	17.9338	18.093	Bb3	63	58	0	0	15125	P1-1-149	0	-
150	18.0812	18.2116	C4	55	59	0	0	15250	P1-1-151	0	-
151	18.093	18.2116	Eb5	65	58	0	0	15250	P1-1-150	0	-
152	18.2116	18.3504	C5	68	60	0	0	15375	P1-1-152	0	-
153	18.2222	18.3184	G#3	54	62	0	0	15375	P1-1-153	0	-
154	18.3558	18.4712	F3	53	61	0	0	15500	P1-1-155	0	-
155	18.3601	18.6378	G#4	60	57	0	0	15500	P1-1-154	0	-
156	18.484	18.5983	G3	52	55	0	0	15625	P1-1-156	0	-
157	18.6165	18.7457	G#3	53	61	0	0	15750	P1-1-158	0	-
158	18.6442	18.7618	C5	61	62	0	0	15750	P1-1-157	0	-
159	18.7543	18.8814	F3	52	60	0	0	15875	P1-1-160	0	-
160	18.7703	18.9049	G#4	56	47	0	0	15875	P1-1-159	0	-
161	18.9156	18.9829	Bb2	51	61	0	0	16000	P1-1-162	0	-
162	18.937	19.5192	C#4	54	42	0	0	16000	P1-1-161	0	-
163	19.2319	19.2874	G#4	58	61	0	0	16250	P1-1-163	0	-
164	19.3643	19.5192	G#3	46	57	0	0	16375	P1-1-165	0	-
165	19.5182	20.1656	C#5	68	52	0	0	16500	P1-1-166	0	-
166	19.5246	19.6325	Bb3	54	62	0	0	16500	P1-1-167	0	-
167	19.6624	19.7799	C4	55	59	0	0	16625	P1-1-168	0	-
168	19.7928	19.9284	C#4	55	58	0	0	16750	P1-1-170	0	-
169	19.7928	19.8387	F4	53	64	0	0	16750	P1-1-169	0	-
170	19.9402	20.0598	Bb3	56	62	0	0	16875	P1-1-171	0	-
171	20.0844	20.2201	G3	53	63	0	0	17000	P1-1-173	0	-
172	20.1047	20.2404	Bb4	56	60	0	0	17000	P1-1-172	0	-
173	20.2244	20.3718	C5	72	63	0	0	17125	P1-1-174	0	-
174	20.2308	20.3472	G#3	57	61	0	0	17125	P1-1-175	0	-
175	20.3729	20.5086	Bb3	52	57	0	0	17250	P1-1-177	0	-
176	20.375	20.4605	C#5	66	64	0	0	17250	P1-1-176	0	-
177	20.5086	20.7169	Bb4	65	57	0	0	17375	P1-1-178	0	-
178	20.516	20.6336	G3	52	63	0	0	17375	P1-1-179	0	-
179	20.6795	20.8419	Eb3	54	57	0	0	17500	P1-1-181	0	-
180	20.6934	21.4327	Bb5	71	35	0	0	17500	P1-1-180	0	-
181	20.8483	20.9915	C#5	65	62	0	0	17625	P1-1-182	0	-
182	20.8526	20.968	F3	58	61	0	0	17625	P1-1-183	0	-
183	20.9861	21.094	G3	59	60	0	0	17750	P1-1-185	0	-
184	20.9861	21.0673	Eb5	68	58	0	0	17750	P1-1-184	0	-
185	21.1058	21.249	Eb3	58	61	0	0	17875	P1-1-187	0	-
186	21.109	21.1945	Bb4	72	64	0	0	17875	P1-1-186	0	-
187	21.2564	21.3259	G#2	56	61	0	0	18000	P1-1-189	0	-
188	21.2746	21.5043	C5	71	39	0	0	18000	P1-1-188	0	-
189	21.3953	21.5481	G#5	73	61	0	0	18125	P1-1-190	0	-
190	21.5235	21.6517	G#3	63	63	0	0	18250	P1-1-192	0	-
191	21.5321	21.6613	G5	77	64	0	0	18250	P1-1-191	0	-
192	21.6549	21.8227	Bb5	81	61	0	0	18375	P1-1-193	0	-
193	21.6624	21.7714	Bb3	67	65	0	0	18375	P1-1-194	0	-
194	21.7906	21.874	G#5	79	64	0	0	18500	P1-1-195	0	-
195	21.8002	21.843	C4	66	65	0	0	18500	P1-1-196	0	-
196	21.9263	22.0577	Eb5	78	62	0	0	18625	P1-1-197	0	-
197	22.0524	22.1699	F5	81	56	0	0	18750	P1-1-198	0	-
198	22.0673	22.1453	G#3	70	60	0	0	18750	P1-1-200	0	-
199	22.078	22.4242	G#4	78	56	0	0	18750	P1-1-199	0	-
200	22.1987	22.3985	F#5	82	55	0	0	18875	P1-1-201	0	-
201	22.3355	22.453	F5	87	61	0	0	19000	P1-1-202	0	-
202	22.344	22.6795	C#4	68	59	0	0	19000	P1-1-203	0	-
203	22.4626	22.5705	Eb5	84	58	0	0	19125	P1-1-204	0	-
204	22.4819	22.5748	G4	67	60	0	0	19125	P1-1-205	0	-
205	22.5866	22.7361	F4	65	59	0	0	19250	P1-1-207	0	-
206	22.5972	22.719	C#5	83	62	0	0	19250	P1-1-206	0	-
207	22.7084	22.8697	Eb5	86	62	0	0	19375	P1-1-208	0	-
208	22.719	22.843	G4	76	60	0	0	19375	P1-1-209	0	-
209	22.8504	22.9765	G#4	78	56	0	0	19500	P1-1-211	0	-
210	22.8611	22.9092	C6	86	68	0	0	19500	P1-1-210	0	-
211	22.8772	23.2457	C4	55	60	0	0	19500	P1-1-212	0	-
212	23.0022	23.1923	F#4	68	57	0	0	19625	P1-1-213	0	-
213	23.1581	23.2084	G#5	86	62	0	0	19750	P1-1-214	0	-
214	23.1603	23.3205	F4	69	59	0	0	19750	P1-1-215	0	-
215	23.2842	23.4776	Eb4	66	62	0	0	19875	P1-1-216	0	-
216	23.4669	23.5566	Bb3	61	62	0	0	20000	P1-1-219	0	-
217	23.4669	23.8355	Eb5	83	59	0	0	20000	P1-1-217	0	-
218	23.4765	24.0844	F4	66	59	0	0	20000	P1-1-218	0	-
219	23.8173	23.8686	G#3	61	64	0	0	20250	P1-1-221	0	-
220	23.8227	23.921	C#5	75	60	0	0	20250	P1-1-220	0	-
221	23.9349	24.0556	C5	80	62	0	0	20375	P1-1-222	0	-
222	24.0599	24.1143	C#5	79	61	0	0	20500	P1-1-223	0	-
223	24.0759	24.4562	G3	62	57	0	0	20500	P1-1-224	0	-
224	24.2019	24.3515	Eb4	70	62	0	0	20625	P1-1-225	0	-
225	24.3483	24.39	Bb5	80	62	0	0	20750	P1-1-226	0	-
226	24.3537	24.6165	C#4	64	60	0	0	20750	P1-1-227	0	-
227	24.4712	24.6207	F4	68	60	0	0	20875	P1-1-228	0	-
228	24.625	24.6688	C5	79	63	0	0	21000	P1-1-229	0	-
229	24.6293	24.7575	Eb4	66	63	0	0	21000	P1-1-230	0	-
230	24.641	25.0225	G#3	55	64	0	0	21000	P1-1-231	0	-
231	24.765	24.9071	C#4	72	59	0	0	21125	P1-1-232	0	-
232	24.8932	24.984	C4	70	63	0	0	21250	P1-1-234	0	-
233	24.9028	24.9637	G#5	77	61	0	0	21250	P1-1-233	0	-
234	25.031	25.1699	Eb4	67	60	0	0	21375	P1-1-235	0	-
235	25.1977	25.2436	Bb4	71	65	0	0	21500	P1-1-236	0	-
236	25.2073	25.3216	C#4	61	57	0	0	21500	P1-1-237	0	-
237	25.2116	25.8045	Eb3	51	33	0	0	21500	P1-1-238	0	-
238	25.3537	25.4851	C4	56	52	0	0	21625	P1-1-239	0	-
239	25.4925	25.5481	G5	68	60	0	0	21750	P1-1-240	0	-
240	25.5086	25.6197	C#4	55	57	0	0	21750	P1-1-241	0	-
241	25.6549	25.8002	Bb3	47	54	0	0	21875	P1-1-242	0	-
242	25.8291	25.89	C4	46	63	0	0	22000	P1-1-244	0	-
243	25.8344	26.5759	G#3	41	39	0	0	22000	P1-1-245	0	-
244	25.8472	25.9295	G#4	49	55	0	0	22000	P1-1-243	0	-
245	25.9829	26.094	Bb4	51	60	0	0	22125	P1-1-246	0	-
246	26.1314	26.1966	C5	52	59	0	0	22250	P1-1-247	0	-
247	26.1357	26.1784	Eb4	48	62	0	0	22250	P1-1-248	0	-
248	26.2586	26.3729	C#5	55	55	0	0	22375	P1-1-249	0	-
249	26.4103	26.5417	G#4	56	55	0	0	22500	P1-1-251	0	-
250	26.4113	26.5171	C5	53	60	0	0	22500	P1-1-250	0	-
251	26.5502	26.6175	Bb4	58	57	0	0	22625	P1-1-252	0	-
252	26.6987	26.7896	G#4	61	55	0	0	22750	P1-1-253	0	-
253	26.6998	26.796	Eb4	49	58	0	0	22750	P1-1-254	0	-
254	26.8066	26.9349	C5	64	61	0	0	22875	P1-1-255	0	-
255	26.8312	26.9445	C4	55	56	0	0	22875	P1-1-256	0	-
256	26.9616	27.1688	G#3	49	58	0	0	23000	P1-1-258	0	-
257	26.9701	27.1902	F5	63	35	0	0	23000	P1-1-257	0	-
258	27.1101	27.1891	Eb5	62	53	0	0	23125	P1-1-259	0	-
259	27.25	27.3708	D5	64	61	0	0	23250	P1-1-260	0	-
260	27.2532	27.375	B3	62	61	0	0	23250	P1-1-261	0	-
261	27.375	27.5331	F5	72	61	0	0	23375	P1-1-262	0	-
262	27.3836	27.5086	G#3	59	62	0	0	23375	P1-1-263	0	-
263	27.5225	27.7255	F3	63	48	0	0	23500	P1-1-265	0	-
264	27.5299	27.6881	G#5	69	50	0	0	23500	P1-1-264	0	-
265	27.6507	27.7351	F#5	73	62	0	0	23625	P1-1-266	0	-
266	27.7725	27.8911	F5	78	58	0	0	23750	P1-1-267	0	-
267	27.7821	27.9178	G#3	61	59	0	0	23750	P1-1-268	0	-
268	27.875	27.9199	G#5	73	62	0	0	23875	P1-1-269	0	-
269	27.9199	28.1037	F3	57	59	0	0	23875	P1-1-270	0	-
270	28.0267	28.1571	G#5	72	62	0	0	24000	P1-1-271	0	-
271	28.0866	28.203	Bb5	78	65	0	0	24062	P1-1-273	0	-
272	28.1079	28.4872	D3	50	54	0	0	24000	P1-1-272	0	-
273	28.1881	28.5086	B5	81	43	0	0	24125	P1-1-274	0	-
274	28.4669	28.6699	Bb5	69	58	0	0	24250	P1-1-275	0	-
275	28.4701	28.6101	F3	54	56	0	0	24250	P1-1-276	0	-
276	28.5876	28.7447	G#3	68	62	0	0	24375	P1-1-278	0	-
277	28.5951	28.75	G#5	69	58	0	0	24375	P1-1-277	0	-
278	28.7222	28.8259	F#5	71	62	0	0	24500	P1-1-279	0	-
279	28.7511	29.3034	B3	58	62	0	0	24500	P1-1-280	0	-
280	28.8505	28.9883	F5	75	62	0	0	24625	P1-1-281	0	-
281	28.9947	29.1496	Eb5	72	60	0	0	24750	P1-1-282	0	-
282	29.0107	29.0588	F3	65	64	0	0	24750	P1-1-283	0	-
283	29.1389	29.2938	D5	70	61	0	0	24875	P1-1-284	0	-
284	29.3002	29.4242	Eb5	72	56	0	0	25000	P1-1-285	0	-
285	29.3099	29.5545	Bb3	61	57	0	0	25000	P1-1-286	0	-
286	29.312	29.5246	F#3	54	64	0	0	25000	P1-1-287	0	-
287	29.4295	29.5385	F#5	75	62	0	0	25125	P1-1-288	0	-
288	29.5705	29.7393	F5	75	52	0	0	25250	P1-1-289	0	-
289	29.5844	29.6325	G#3	66	67	0	0	25250	P1-1-291	0	-
290	29.5844	29.625	B3	68	65	0	0	25250	P1-1-290	0	-
291	29.7009	29.8601	Eb5	77	33	0	0	25375	P1-1-292	0	-
292	29.843	29.9317	D5	66	63	0	0	25500	P1-1-293	0	-
293	29.8537	29.8889	Bb3	75	66	0	0	25500	P1-1-294	0	-
294	29.968	30.1175	F5	68	60	0	0	25625	P1-1-296	0	-
295	30.1229	30.171	Bb2	55	64	0	0	25750	P1-1-299	0	-
296	30.1272	30.1646	D3	45	56	0	0	25750	P1-1-298	0	-
297	30.2703	30.5128	G#4	60	33	0	0	25875	P1-1-300	0	-
298	30.4103	30.8227	Eb3	54	61	0	0	26000	P1-1-302	0	-
299	30.422	30.828	Eb2	50	62	0	0	26000	P1-1-303	0	-
300	30.4552	30.7116	F#4	59	51	0	0	26000	P1-1-301	0	-
301	30.6015	30.7458	F4	58	63	0	0	26125	P1-1-304	0	-
302	30.7522	30.8494	Eb4	66	61	0	0	26250	P1-1-305	0	-
303	30.874	30.9872	D4	60	60	0	0	26375	P1-1-306	0	-
304	31.0214	31.1282	Eb4	54	59	0	0	26500	P1-1-307	0	-
305	31.1678	31.2885	F4	57	60	0	0	26625	P1-1-308	0	-
306	31.3088	31.4167	F#4	51	59	0	0	26750	P1-1-309	0	-
307	31.3099	31.3505	Eb3	64	66	0	0	26750	P1-1-310	0	-
308	31.4349	31.5481	G#4	58	49	0	0	26875	P1-1-311	0	-
309	31.5866	31.6891	Bb4	49	47	0	0	27000	P1-1-312	0	-
310	31.5919	31.703	F#3	63	63	0	0	27000	P1-1-313	0	-
311	31.718	31.8387	G#4	58	55	0	0	27125	P1-1-314	0	-
312	31.7255	31.8366	F3	61	61	0	0	27125	P1-1-315	0	-
313	31.8483	31.9658	F#4	53	61	0	0	27250	P1-1-316	0	-
314	31.8537	31.9712	Eb3	72	59	0	0	27250	P1-1-317	0	-
315	31.9776	32.0577	F3	74	60	0	0	27375	P1-1-319	0	-
316	31.9861	32.1026	G#4	55	57	0	0	27375	P1-1-318	0	-
317	32.125	32.1635	C#4	72	62	0	0	27500	P1-1-321	0	-
318	32.1368	32.249	Bb4	58	53	0	0	27500	P1-1-320	0	-
319	32.2735	32.3996	G#4	58	53	0	0	27625	P1-1-322	0	-
320	32.4049	32.4466	Bb3	69	65	0	0	27750	P1-1-324	0	-
321	32.4092	32.5011	F#4	50	56	0	0	27750	P1-1-323	0	-
322	32.5513	32.7233	F4	53	59	0	0	27875	P1-1-325	0	-
323	32.7329	33.4712	F#4	60	52	0	0	28000	P1-1-326	0	-
324	32.7383	33.0727	F3	66	62	0	0	28000	P1-1-327	0	-
325	33.0855	33.1934	Eb3	58	63	0	0	28250	P1-1-328	0	-
326	33.2084	33.3099	C#3	63	57	0	0	28375	P1-1-329	0	-
327	33.3323	33.375	Eb3	77	67	0	0	28500	P1-1-330	0	-
328	33.4872	33.5791	F4	51	52	0	0	28625	P1-1-331	0	-
329	33.6229	33.6582	C4	62	64	0	0	28750	P1-1-333	0	-
330	33.6229	33.7052	Eb4	58	57	0	0	28750	P1-1-332	0	-
331	33.7532	33.9167	F#4	50	32	0	0	28875	P1-1-334	0	-
332	33.8932	34.0011	F4	50	59	0	0	29000	P1-1-335	0	-
333	33.8975	33.937	C#3	68	65	0	0	29000	P1-1-336	0	-
334	34.0235	34.1485	Eb4	55	61	0	0	29125	P1-1-337	0	-
335	34.1774	34.2629	C#4	52	55	0	0	29250	P1-1-338	0	-
336	34.1838	34.2233	Bb3	72	65	0	0	29250	P1-1-339	0	-
337	34.296	34.4488	F4	55	49	0	0	29375	P1-1-340	0	-
338	34.4445	34.5812	Eb4	52	58	0	0	29500	P1-1-341	0	-
339	34.4552	34.4979	C3	71	64	0	0	29500	P1-1-342	0	-
340	34.5727	34.718	C#4	59	57	0	0	29625	P1-1-343	0	-
341	34.7383	34.7853	A3	67	64	0	0	29750	P1-1-345	0	-
342	34.749	34.8088	Eb4	47	62	0	0	29750	P1-1-344	0	-
343	34.8676	34.9936	C4	50	57	0	0	29875	P1-1-346	0	-
344	35.0364	35.1635	C#4	52	60	0	0	30000	P1-1-347	0	-
345	35.0385	35.1069	Bb2	58	64	0	0	30000	P1-1-348	0	-
346	35.2255	35.3676	F4	60	54	0	0	30125	P1-1-349	0	-
347	35.3686	35.452	F#4	66	63	0	0	30250	P1-1-350	0	-
348	35.3718	35.4979	Bb3	56	61	0	0	30250	P1-1-351	0	-
349	35.5022	35.6336	F4	68	58	0	0	30375	P1-1-352	0	-
350	35.5075	35.6336	A3	61	62	0	0	30375	P1-1-353	0	-
351	35.6411	35.7479	Bb3	64	63	0	0	30500	P1-1-355	0	-
352	35.6453	36.234	C#5	79	54	0	0	30500	P1-1-354	0	-
353	35.7564	35.9146	C4	67	61	0	0	30625	P1-1-356	0	-
354	35.9028	36.047	C#4	70	59	0	0	30750	P1-1-358	0	-
355	35.922	35.9658	F4	66	63	0	0	30750	P1-1-357	0	-
356	36.0396	36.1731	Bb3	68	62	0	0	30875	P1-1-359	0	-
357	36.1859	36.3205	G3	65	61	0	0	31000	P1-1-361	0	-
358	36.1977	36.3398	Bb4	72	63	0	0	31000	P1-1-360	0	-
359	36.3195	36.4776	C5	79	56	0	0	31125	P1-1-362	0	-
360	36.3205	36.4434	G#3	68	64	0	0	31125	P1-1-363	0	-
361	36.4562	36.5919	Bb3	63	59	0	0	31250	P1-1-365	0	-
362	36.4573	36.5492	C#5	81	62	0	0	31250	P1-1-364	0	-
363	36.5823	36.8366	Bb4	79	56	0	0	31375	P1-1-366	0	-
364	36.593	36.7191	G3	61	63	0	0	31375	P1-1-367	0	-
365	36.7554	36.9114	Eb3	60	55	0	0	31500	P1-1-369	0	-
366	36.7575	37.1368	Bb5	86	63	0	0	31500	P1-1-368	0	-
367	36.906	37.0492	F3	61	62	0	0	31625	P1-1-371	0	-
368	36.9135	37.0577	C#5	75	54	0	0	31625	P1-1-370	0	-
369	37.0502	37.1774	G3	65	60	0	0	31750	P1-1-373	0	-
370	37.0502	37.2383	Eb5	77	53	0	0	31750	P1-1-372	0	-
371	37.1774	37.3035	Bb4	75	61	0	0	31875	P1-1-374	0	-
372	37.1881	37.2842	Eb3	63	61	0	0	31875	P1-1-375	0	-
373	37.3035	37.3558	G#2	57	64	0	0	32000	P1-1-377	0	-
374	37.3163	37.3804	C5	74	61	0	0	32000	P1-1-376	0	-
375	37.4733	37.5802	Eb4	61	59	0	0	32125	P1-1-378	0	-
376	37.5866	37.6977	G#3	56	64	0	0	32250	P1-1-380	0	-
377	37.6069	37.7084	F4	56	62	0	0	32250	P1-1-379	0	-
378	37.7223	37.859	G3	49	61	0	0	32375	P1-1-382	0	-
379	37.7329	37.8847	Eb4	61	56	0	0	32375	P1-1-381	0	-
380	37.875	37.9861	G#3	57	62	0	0	32500	P1-1-384	0	-
381	37.8782	38.4776	C5	73	51	0	0	32500	P1-1-383	0	-
382	37.9968	38.1624	Bb3	64	56	0	0	32625	P1-1-385	0	-
383	38.1582	38.3099	C4	63	55	0	0	32750	P1-1-387	0	-
384	38.172	38.2276	Eb4	64	59	0	0	32750	P1-1-386	0	-
385	38.3024	38.4231	G#3	59	63	0	0	32875	P1-1-388	0	-
386	38.4413	38.5791	G#4	65	59	0	0	33000	P1-1-389	0	-
387	38.4498	38.5673	F3	56	63	0	0	33000	P1-1-390	0	-
388	38.5631	38.7137	Bb4	72	61	0	0	33125	P1-1-391	0	-
389	38.578	38.7244	G3	61	56	0	0	33125	P1-1-392	0	-
390	38.6977	38.781	C5	70	65	0	0	33250	P1-1-393	0	-
391	38.7212	38.8462	G#3	58	60	0	0	33250	P1-1-394	0	-
392	38.828	39.1282	G#4	75	54	0	0	33375	P1-1-395	0	-
393	38.8462	38.9637	F3	55	63	0	0	33375	P1-1-396	0	-
394	38.9808	39.3302	G#5	77	60	0	0	33500	P1-1-397	0	-
395	38.9947	39.1678	C#3	47	63	0	0	33500	P1-1-398	0	-
396	39.1229	39.2479	C5	70	61	0	0	33625	P1-1-399	0	-
397	39.1453	39.2671	Eb3	64	61	0	0	33625	P1-1-400	0	-
398	39.2629	39.5898	C#5	70	41	0	0	33750	P1-1-401	0	-
399	39.2714	39.4028	F3	59	60	0	0	33750	P1-1-402	0	-
400	39.3836	39.4872	G#4	69	59	0	0	33875	P1-1-403	0	-
401	39.4082	39.5022	C#3	48	61	0	0	33875	P1-1-404	0	-
402	39.5225	39.6026	Bb4	62	56	0	0	34000	P1-1-405	0	-
403	39.5278	39.6485	G2	51	53	0	0	34000	P1-1-406	0	-
404	39.6806	39.781	C#4	61	53	0	0	34125	P1-1-407	0	-
405	39.8077	39.9188	Eb4	57	55	0	0	34250	P1-1-408	0	-
406	39.8291	39.9253	G3	50	51	0	0	34250	P1-1-409	0	-
407	39.9338	40.0791	C#4	64	50	0	0	34375	P1-1-410	0	-
408	39.9744	40.062	F3	54	60	0	0	34375	P1-1-411	0	-
409	40.1026	40.7244	Bb4	66	57	0	0	34500	P1-1-412	0	-
410	40.1069	40.25	G3	57	60	0	0	34500	P1-1-413	0	-
411	40.2629	40.405	G#3	58	59	0	0	34625	P1-1-414	0	-
412	40.39	40.4445	C#4	56	57	0	0	34750	P1-1-415	0	-
413	40.3932	40.5032	Bb3	60	63	0	0	34750	P1-1-416	0	-
414	40.5278	40.6678	G3	56	59	0	0	34875	P1-1-417	0	-
415	40.6688	40.796	G4	54	53	0	0	35000	P1-1-418	0	-
416	40.672	40.7885	E3	51	60	0	0	35000	P1-1-419	0	-
417	40.797	40.9733	G#4	62	61	0	0	35125	P1-1-420	0	-
418	40.812	40.9231	F3	54	57	0	0	35125	P1-1-421	0	-
419	40.9445	41.0663	G3	51	52	0	0	35250	P1-1-423	0	-
420	40.9456	41.0182	Bb4	59	61	0	0	35250	P1-1-422	0	-
421	41.0738	41.3131	G4	63	34	0	0	35375	P1-1-424	0	-
422	41.1047	41.2233	E3	46	59	0	0	35375	P1-1-425	0	-
423	41.2597	41.9327	G5	72	44	0	0	35500	P1-1-426	0	-
424	41.2671	41.4028	C3	39	58	0	0	35500	P1-1-427	0	-
425	41.4167	41.5481	D3	49	57	0	0	35625	P1-1-429	0	-
426	41.4253	41.5962	Bb4	56	55	0	0	35625	P1-1-428	0	-
427	41.5716	41.7094	E3	47	59	0	0	35750	P1-1-431	0	-
428	41.5759	41.6411	C5	57	61	0	0	35750	P1-1-430	0	-
429	41.7201	42.0342	G4	49	35	0	0	35875	P1-1-432	0	-
430	41.7265	41.8056	C3	38	58	0	0	35875	P1-1-433	0	-
431	41.8644	42.0406	F2	46	56	0	0	36000	P1-1-435	0	-
432	41.8868	42.1849	G#4	53	53	0	0	36000	P1-1-434	0	-
433	42.03	42.2212	E5	55	54	0	0	36125	P1-1-436	0	-
434	42.0438	42.2126	G2	51	52	0	0	36125	P1-1-437	0	-
435	42.1785	42.3344	F5	72	56	0	0	36250	P1-1-438	0	-
436	42.1945	42.3109	G#2	54	63	0	0	36250	P1-1-439	0	-
437	42.3024	42.421	Bb2	63	62	0	0	36375	P1-1-441	0	-
438	42.3056	42.4616	C#5	73	63	0	0	36375	P1-1-440	0	-
439	42.4402	42.5759	C3	63	59	0	0	36500	P1-1-443	0	-
440	42.4445	43.0941	Bb4	76	45	0	0	36500	P1-1-442	0	-
441	42.5727	42.7084	D3	65	59	0	0	36625	P1-1-444	0	-
442	42.7233	42.8184	E3	68	64	0	0	36750	P1-1-446	0	-
443	42.7233	42.781	C4	74	58	0	0	36750	P1-1-445	0	-
444	42.8462	42.9926	C3	67	56	0	0	36875	P1-1-447	0	-
445	43.0022	43.1496	F3	62	61	0	0	37000	P1-1-449	0	-
446	43.0129	43.1368	C#4	71	62	0	0	37000	P1-1-448	0	-
447	43.1389	43.2543	C4	81	59	0	0	37125	P1-1-450	0	-
448	43.1453	43.2682	Eb3	67	64	0	0	37125	P1-1-451	0	-
449	43.2682	43.3953	Bb3	81	43	0	0	37250	P1-1-452	0	-
450	43.2725	43.4188	C#3	64	56	0	0	37250	P1-1-453	0	-
451	43.3932	43.4915	C4	82	62	0	0	37375	P1-1-454	0	-
452	43.4188	43.5406	Eb3	72	60	0	0	37375	P1-1-455	0	-
453	43.5406	44.5278	G#4	81	54	0	0	37500	P1-1-456	0	-
454	43.5567	43.6742	F3	67	60	0	0	37500	P1-1-458	0	-
455	43.6154	43.6518	A4	16	35	0	0	37500	P1-1-457	1	-
456	43.6902	43.8195	Eb3	64	63	0	0	37625	P1-1-459	0	-
457	43.828	43.953	C#3	62	63	0	0	37750	P1-1-461	0	-
458	43.8366	43.9242	F4	75	62	0	0	37750	P1-1-460	0	-
459	43.9626	44.1827	C3	66	58	0	0	37875	P1-1-462	0	-
460	44.1721	44.8654	C#3	62	62	0	0	38000	P1-1-464	0	-
461	44.1774	44.4423	C4	79	61	0	0	38000	P1-1-463	0	-
462	44.4936	44.5866	Bb3	70	62	0	0	38250	P1-1-465	0	-
463	44.6112	44.7265	G#3	78	62	0	0	38375	P1-1-466	0	-
464	44.734	44.8013	G4	66	56	0	0	38500	P1-1-467	0	-
465	44.7362	45.0674	Bb3	75	62	0	0	38500	P1-1-468	0	-
466	44.8825	44.9883	C3	63	61	0	0	38625	P1-1-469	0	-
467	45.0107	45.1913	Bb2	57	58	0	0	38750	P1-1-471	0	-
468	45.0364	45.5695	G4	78	52	0	0	38750	P1-1-470	0	-
469	45.1721	45.3077	C#3	62	63	0	0	38875	P1-1-472	0	-
470	45.3216	45.4466	C3	62	60	0	0	39000	P1-1-474	0	-
471	45.3302	45.3793	G#3	79	62	0	0	39000	P1-1-473	0	-
472	45.4637	45.6133	Bb2	59	59	0	0	39125	P1-1-475	0	-
473	45.6079	45.7201	G#2	57	54	0	0	39250	P1-1-478	0	-
474	45.6122	45.6838	F4	74	62	0	0	39250	P1-1-476	0	-
475	45.7148	45.8558	C3	62	59	0	0	39375	P1-1-479	0	-
476	45.8825	46.0022	Bb2	58	62	0	0	39500	P1-1-482	0	-
477	45.8868	45.9349	G3	62	62	0	0	39500	P1-1-481	0	-
478	45.8868	45.9456	E4	67	61	0	0	39500	P1-1-480	0	-
479	46.015	46.1582	G#2	57	57	0	0	39625	P1-1-483	0	-
480	46.1859	46.2832	Bb2	56	58	0	0	39750	P1-1-486	0	-
481	46.1859	46.2426	G4	67	62	0	0	39750	P1-1-484	0	-
482	46.1902	46.2297	E4	53	63	0	0	39750	P1-1-485	0	-
483	46.3238	46.4723	G2	50	59	0	0	39875	P1-1-487	0	-
484	46.5	46.5556	G#2	47	63	0	0	40000	P1-1-490	0	-
485	46.5075	47.078	F3	56	56	0	0	40000	P1-1-489	0	-
486	46.5171	46.608	C5	56	55	0	0	40000	P1-1-488	0	-
487	46.6325	46.7746	Bb4	54	55	0	0	40125	P1-1-491	0	-
488	46.7789	46.8868	G#4	51	59	0	0	40250	P1-1-492	0	-
489	46.7874	46.827	C#3	54	65	0	0	40250	P1-1-493	0	-
490	46.905	47.0353	C5	58	59	0	0	40375	P1-1-494	0	-
491	47.0513	47.1165	G2	57	62	0	0	40500	P1-1-496	0	-
492	47.0545	47.2533	Bb4	56	33	0	0	40500	P1-1-495	0	-
493	47.1966	47.3334	G#4	55	47	0	0	40625	P1-1-497	0	-
494	47.3216	47.4552	G4	58	61	0	0	40750	P1-1-498	0	-
495	47.3344	47.3975	C3	61	63	0	0	40750	P1-1-500	0	-
496	47.3398	47.4402	E3	59	59	0	0	40750	P1-1-499	0	-
497	47.4584	47.6272	Bb4	59	50	0	0	40875	P1-1-501	0	-
498	47.6101	47.7009	G#4	65	61	0	0	41000	P1-1-502	0	-
499	47.6154	47.7009	F3	68	61	0	0	41000	P1-1-503	0	-
500	47.6186	47.6806	F2	63	65	0	0	41000	P1-1-504	0	-
501	47.7415	47.8772	F4	66	55	0	0	41125	P1-1-505	0	-
502	47.8772	47.9552	E3	74	61	0	0	41250	P1-1-507	0	-
503	47.8857	48.0171	C#5	74	60	0	0	41250	P1-1-506	0	-
504	47.89	47.9712	Bb2	63	57	0	0	41250	P1-1-508	0	-
505	48.0193	48.1763	Bb4	76	64	0	0	41375	P1-1-509	0	-
506	48.171	48.2682	F3	80	59	0	0	41500	P1-1-511	0	-
507	48.1721	48.2586	G#2	76	62	0	0	41500	P1-1-512	0	-
508	48.1774	48.2671	C5	76	64	0	0	41500	P1-1-510	0	-
509	48.3163	48.4498	G#4	79	58	0	0	41625	P1-1-513	0	-
510	48.4573	48.5556	C#3	74	62	0	0	41750	P1-1-516	0	-
511	48.4627	48.5503	Bb3	86	61	0	0	41750	P1-1-515	0	-
512	48.468	48.6101	F#5	82	60	0	0	41750	P1-1-514	0	-
513	48.6154	48.7009	E5	79	64	0	0	41875	P1-1-517	0	-
514	48.7703	49.0684	G#3	80	62	0	0	42000	P1-1-519	0	-
515	48.7778	49.6934	C3	64	63	0	0	42000	P1-1-520	0	-
516	48.8013	48.9456	E5	74	63	0	0	42000	P1-1-518	0	-
517	48.9359	49.1069	F5	86	61	0	0	42125	P1-1-521	0	-
518	49.0716	49.1817	G3	68	64	0	0	42250	P1-1-523	0	-
519	49.0962	49.1966	B5	83	63	0	0	42250	P1-1-522	0	-
520	49.1838	49.3686	F3	64	50	0	0	42375	P1-1-525	0	-
521	49.2094	49.3377	C6	79	58	0	0	42375	P1-1-524	0	-
522	49.3355	49.3804	F5	72	63	0	0	42500	*	3	-
523	49.3462	49.4178	G3	70	62	0	0	42500	P1-1-527	0	-
524	49.3889	49.4498	E5	74	64	0	0	42500	P1-1-526	0	-
525	49.4616	49.5278	F5	74	62	0	0	42500	*	3	-
526	49.5257	49.8654	E5	76	61	0	0	42500	*	3	-
527	49.6966	49.749	Bb3	65	60	0	0	42750	P1-1-528	0	-
528	49.8344	49.8986	F5	73	61	0	0	42875	P1-1-529	0	-
529	50.0043	50.3622	F3	41	46	0	0	43000	P1-1-532	0	-
530	50.0203	50.6015	F5	69	62	0	0	43000	P1-1-530	0	-
531	50.0321	50.2287	G#3	51	51	0	0	43000	P1-1-531	0	-
532	50.1817	50.327	Bb3	58	57	0	0	43125	P1-1-533	0	-
533	50.3184	50.4627	C4	60	61	0	0	43250	P1-1-534	0	-
534	50.4488	50.5609	G#3	58	63	0	0	43375	P1-1-535	0	-
535	50.5877	50.7009	F3	65	63	0	0	43500	P1-1-536	0	-
536	50.7084	50.8291	F#3	67	63	0	0	43625	P1-1-537	0	-
537	50.8345	50.9819	G#3	64	61	0	0	43750	P1-1-539	0	-
538	50.8537	50.9028	F5	79	63	0	0	43750	P1-1-538	0	-
539	50.9712	51.1325	F3	64	62	0	0	43875	P1-1-540	0	-
540	51.1443	51.3227	D3	56	50	0	0	44000	P1-1-542	0	-
541	51.1646	51.2778	B4	73	62	0	0	44000	P1-1-541	0	-
542	51.2906	51.4007	Bb4	77	59	0	0	44125	P1-1-543	0	-
543	51.2992	51.4167	Eb3	65	59	0	0	44125	P1-1-544	0	-
544	51.4199	51.5278	G#4	80	61	0	0	44250	P1-1-545	0	-
545	51.4253	51.5439	F3	67	60	0	0	44250	P1-1-546	0	-
546	51.5278	51.6667	Bb4	81	62	0	0	44375	P1-1-547	0	-
547	51.5385	51.655	D3	54	63	0	0	44375	P1-1-548	0	-
548	51.6646	51.7041	F5	85	63	0	0	44500	P1-1-549	0	-
549	51.6753	51.8142	Bb2	57	58	0	0	44500	P1-1-550	0	-
550	51.8195	51.9584	D3	56	56	0	0	44625	P1-1-551	0	-
551	51.9424	51.9862	D5	78	65	0	0	44750	P1-1-552	0	-
552	51.9509	52.0706	F3	64	63	0	0	44750	P1-1-553	0	-
553	52.0919	52.2362	Bb3	59	60	0	0	44875	P1-1-554	0	-
554	52.2276	52.5588	G#4	77	55	0	0	45000	P1-1-555	0	-
555	52.2436	52.3964	Eb3	59	56	0	0	45000	P1-1-556	0	-
556	52.3921	52.5588	F#3	62	58	0	0	45125	P1-1-557	0	-
557	52.5439	52.6368	Bb3	64	62	0	0	45250	P1-1-559	0	-
558	52.5599	52.6539	F#4	75	59	0	0	45250	P1-1-558	0	-
559	52.6699	52.7832	F4	77	60	0	0	45375	P1-1-560	0	-
560	52.6763	52.7917	D4	64	51	0	0	45375	P1-1-561	0	-
561	52.7917	52.8312	F#4	78	63	0	0	45500	P1-1-562	0	-
562	52.8163	52.9263	Eb4	57	62	0	0	45500	P1-1-563	0	-
563	52.9488	53.0973	F4	65	56	0	0	45625	P1-1-564	0	-
564	53.0919	53.1336	Eb5	71	63	0	0	45750	P1-1-565	0	-
565	53.093	53.2362	F#4	58	52	0	0	45750	P1-1-566	0	-
566	53.2362	53.3526	Eb4	51	61	0	0	45875	P1-1-567	0	-
567	53.3868	53.4872	A4	62	59	0	0	46000	P1-1-568	0	-
568	53.3932	53.483	C4	47	62	0	0	46000	P1-1-569	0	-
569	53.5139	53.5994	G#4	69	61	0	0	46125	P1-1-570	0	-
570	53.515	53.5983	C#4	54	58	0	0	46125	P1-1-571	0	-
571	53.6368	53.7501	Eb4	52	62	0	0	46250	P1-1-573	0	-
572	53.6496	53.7458	F#4	68	59	0	0	46250	P1-1-572	0	-
573	53.7618	53.8334	G#4	73	53	0	0	46375	P1-1-574	0	-
574	53.7671	53.8174	C4	58	64	0	0	46375	P1-1-575	0	-
575	53.8996	53.9402	Eb5	75	63	0	0	46500	P1-1-576	0	-
576	53.9199	54.406	G#3	59	40	0	0	46500	P1-1-577	0	-
577	54.0652	54.2191	G#2	46	57	0	0	46625	P1-1-578	0	-
578	54.1924	54.2308	C5	69	65	0	0	46750	P1-1-579	0	-
579	54.2073	54.3473	Bb2	53	55	0	0	46750	P1-1-580	0	-
580	54.3419	54.5033	C3	54	56	0	0	46875	P1-1-581	0	-
581	54.4979	55.3291	C#3	48	56	0	0	47000	P1-1-583	0	-
582	54.5097	54.8184	F#4	62	36	0	0	47000	P1-1-582	0	-
583	54.6571	54.7308	G#3	54	61	0	0	47125	P1-1-584	0	-
584	54.7928	54.9402	F4	57	49	0	0	47250	P1-1-585	0	-
585	54.8131	54.9103	Bb3	52	58	0	0	47250	P1-1-586	0	-
586	54.9242	55.0748	Eb4	64	37	0	0	47375	P1-1-587	0	-
587	54.9552	55.0385	C4	46	56	0	0	47375	P1-1-588	0	-
588	55.0706	55.124	C#4	58	64	0	0	47500	P1-1-590	0	-
589	55.0973	55.1475	F4	58	64	0	0	47500	P1-1-589	0	-
590	55.2704	55.4018	G#4	65	57	0	0	47625	P1-1-591	0	-
591	55.2725	55.3686	Eb3	63	63	0	0	47625	P1-1-592	0	-
592	55.3932	55.5449	C#5	76	62	0	0	47750	P1-1-593	0	-
593	55.3943	55.5129	F3	58	60	0	0	47750	P1-1-594	0	-
594	55.5171	55.6443	G3	65	62	0	0	47875	P1-1-596	0	-
595	55.5171	55.6368	Eb5	81	57	0	0	47875	P1-1-595	0	-
596	55.6475	55.8067	F5	84	61	0	0	48000	P1-1-597	0	-
597	55.6528	55.7629	G#3	67	60	0	0	48000	P1-1-598	0	-
598	55.7191	55.7639	A3	36	51	0	0	48125	*	3	-
599	55.7639	55.9028	Eb5	86	61	0	0	48125	P1-1-599	0	-
600	55.7842	55.8954	G3	65	63	0	0	48125	P1-1-600	0	-
601	55.8932	56.031	C#5	81	62	0	0	48250	P1-1-601	0	-
602	55.9092	56.0353	F3	66	59	0	0	48250	P1-1-602	0	-
603	56.0107	56.077	Eb5	83	63	0	0	48375	P1-1-603	0	-
604	56.0321	56.1443	G3	67	58	0	0	48375	P1-1-604	0	-
605	56.1486	56.2768	G#3	71	64	0	0	48500	P1-1-607	0	-
606	56.1624	56.2191	C6	86	63	0	0	48500	P1-1-605	0	-
607	56.186	56.5118	C5	70	55	0	0	48500	P1-1-606	0	-
608	56.2981	56.4456	G3	65	63	0	0	48625	P1-1-608	0	-
609	56.453	56.499	G#5	81	61	0	0	48750	P1-1-609	0	-
610	56.4573	56.5866	F3	64	61	0	0	48750	P1-1-610	0	-
611	56.5909	56.734	Eb3	68	63	0	0	48875	P1-1-611	0	-
612	56.6197	57.0545	C5	30	47	0	0	49000	*	3	-
613	56.7415	57.4851	F3	69	61	0	0	49000	P1-1-613	0	-
614	56.7468	57.1571	Eb5	81	58	0	0	49000	P1-1-612	0	-
615	57.1037	57.233	C#5	76	61	0	0	49250	P1-1-614	0	-
616	57.2212	57.3516	C5	77	64	0	0	49375	P1-1-615	0	-
617	57.3494	57.4018	C#5	84	63	0	0	49500	P1-1-616	0	-
618	57.3601	57.4295	Bb4	69	80	0	0	49500	P1-1-617	0	-
619	57.4883	57.6186	Eb3	65	62	0	0	49625	P1-1-618	0	-
620	57.6283	57.7436	C#3	58	56	0	0	49750	P1-1-620	0	-
621	57.6293	57.687	Bb5	81	61	0	0	49750	P1-1-619	0	-
622	57.7447	57.874	F3	67	59	0	0	49875	P1-1-621	0	-
623	57.8857	57.9979	Eb3	65	64	0	0	50000	P1-1-623	0	-
624	57.9007	57.953	C5	81	64	0	0	50000	P1-1-622	0	-
625	58.0161	58.1528	C#3	59	60	0	0	50125	P1-1-624	0	-
626	58.1774	58.2757	C3	59	60	0	0	50250	P1-1-627	0	-
627	58.1785	58.2533	G#5	78	62	0	0	50250	P1-1-625	0	-
628	58.1934	58.2362	G#4	64	63	0	0	50250	P1-1-626	0	-
629	58.3045	58.4627	Eb3	65	59	0	0	50375	P1-1-628	0	-
630	58.4712	58.515	Bb4	72	62	0	0	50500	P1-1-629	0	-
631	58.4776	58.5877	C#3	56	61	0	0	50500	P1-1-631	0	-
632	58.4787	58.5193	G4	61	66	0	0	50500	P1-1-630	0	-
633	58.609	58.7319	C3	52	55	0	0	50625	P1-1-632	0	-
634	58.7565	58.8676	Bb2	47	53	0	0	50750	P1-1-635	0	-
635	58.7671	58.8398	G5	73	62	0	0	50750	P1-1-633	0	-
636	58.7832	58.8302	Bb4	56	65	0	0	50750	P1-1-634	0	-
637	58.905	59.0802	C#3	45	51	0	0	50875	P1-1-636	0	-
638	59.1037	59.1454	C3	54	65	0	0	51000	P1-1-639	0	-
639	59.1058	59.2298	G#4	64	51	0	0	51000	P1-1-637	0	-
640	59.1197	59.155	Eb4	47	57	0	0	51000	P1-1-638	0	-
641	59.2586	59.3152	Eb4	57	60	0	0	51125	P1-1-640	0	-
642	59.3954	59.5011	F4	48	42	0	0	51250	P1-1-641	0	-
643	59.3996	59.4317	Eb3	62	62	0	0	51250	P1-1-642	0	-
644	59.515	59.6304	G4	49	57	0	0	51375	P1-1-643	0	-
645	59.6699	60.3847	F#3	56	46	0	0	51500	P1-1-645	0	-
646	59.6806	59.7736	G#4	49	52	0	0	51500	P1-1-644	0	-
647	59.8174	59.9392	Bb4	46	58	0	0	51625	P1-1-646	0	-
648	59.9712	60.0204	G#3	63	65	0	0	51750	P1-1-648	0	-
649	59.9883	60.0599	C5	50	57	0	0	51750	P1-1-647	0	-
650	60.1261	60.2469	G#4	49	58	0	0	51875	P1-1-649	0	-
651	60.2629	60.3772	Bb3	65	63	0	0	52000	P1-1-651	0	-
652	60.2821	60.3697	C#5	50	53	0	0	52000	P1-1-650	0	-
653	60.3889	60.5161	G#3	66	64	0	0	52125	P1-1-653	0	-
654	60.4018	60.5161	C5	54	59	0	0	52125	P1-1-652	0	-
655	60.5214	60.64	F#3	68	63	0	0	52250	P1-1-655	0	-
656	60.5385	60.6368	Bb4	53	64	0	0	52250	P1-1-654	0	-
657	60.6368	60.7511	G#3	71	63	0	0	52375	P1-1-657	0	-
658	60.6774	60.7672	C5	49	62	0	0	52375	P1-1-656	0	-
659	60.7885	60.8238	F4	73	65	0	0	52500	P1-1-660	0	-
660	60.8003	61.5332	F3	60	49	0	0	52500	P1-1-659	0	-
661	60.812	60.9295	C#5	49	58	0	0	52500	P1-1-658	0	-
662	60.9627	61.0834	C5	48	57	0	0	52625	P1-1-661	0	-
663	61.0962	61.1325	C#4	72	66	0	0	52750	P1-1-663	0	-
664	61.1176	61.1913	Bb4	52	61	0	0	52750	P1-1-662	0	-
665	61.2501	61.4242	G#4	59	50	0	0	52875	P1-1-664	0	-
666	61.4146	61.7672	G#3	68	64	0	0	53000	P1-1-666	0	-
667	61.4263	62.2447	Bb4	62	38	0	0	53000	P1-1-665	0	-
668	61.7746	61.874	F#3	67	64	0	0	53250	P1-1-667	0	-
669	61.8868	62.0257	F3	70	63	0	0	53375	P1-1-668	0	-
670	62.0246	62.0941	F#3	74	62	0	0	53500	P1-1-669	0	-
671	62.031	62.6347	Eb3	58	44	0	0	53500	P1-1-670	0	-
672	62.1956	62.3398	G#4	53	48	0	0	53625	P1-1-671	0	-
673	62.3131	62.4413	F#4	60	55	0	0	53750	P1-1-672	0	-
674	62.3302	62.3654	Eb4	74	66	0	0	53750	P1-1-673	0	-
675	62.4584	62.5834	Bb4	59	50	0	0	53875	P1-1-674	0	-
676	62.6016	62.6507	F3	76	64	0	0	54000	P1-1-676	0	-
677	62.6016	62.7244	G#4	57	56	0	0	54000	P1-1-675	0	-
678	62.7244	62.8302	F#4	59	61	0	0	54125	P1-1-677	0	-
679	62.8836	62.9178	C#4	71	66	0	0	54250	P1-1-679	0	-
680	62.8836	62.968	F4	60	49	0	0	54250	P1-1-678	0	-
681	62.89	62.9413	C#3	60	64	0	0	54250	P1-1-680	0	-
682	63.0022	63.1689	G#4	66	34	0	0	54375	P1-1-681	0	-
683	63.1507	63.2682	F#4	65	56	0	0	54500	P1-1-682	0	-
684	63.1721	63.2201	Eb3	62	65	0	0	54500	P1-1-683	0	-
685	63.2746	63.3686	F4	62	59	0	0	54625	P1-1-685	0	-
686	63.4167	63.4926	Eb4	56	53	0	0	54750	P1-1-686	0	-
687	63.4338	63.483	G#2	53	63	0	0	54750	P1-1-688	0	-
688	63.4349	63.4926	C4	53	63	0	0	54750	P1-1-687	0	-
689	63.5481	63.6496	F#4	52	60	0	0	54875	P1-1-689	0	-
690	63.6977	63.8248	C#3	46	57	0	0	55000	P1-1-692	0	-
691	63.7031	63.7704	F4	54	60	0	0	55000	P1-1-690	0	-
692	63.7127	63.9616	C#4	46	52	0	0	55000	P1-1-691	0	-
693	63.8409	63.9669	Eb3	59	63	0	0	55125	P1-1-693	0	-
694	63.9744	64.0214	G#4	61	64	0	0	55250	P1-1-694	0	-
695	64.0011	64.1251	F3	56	62	0	0	55250	P1-1-695	0	-
696	64.1432	64.2768	F#3	55	62	0	0	55375	P1-1-696	0	-
697	64.3003	64.4595	F3	56	60	0	0	55500	P1-1-698	0	-
698	64.3088	64.6454	C#5	59	38	0	0	55500	P1-1-697	0	-
699	64.4712	64.5984	Eb3	52	38	0	0	55625	P1-1-699	0	-
700	64.5984	64.7415	C#3	46	63	0	0	55750	P1-1-701	0	-
701	64.609	64.7704	G#5	63	59	0	0	55750	P1-1-700	0	-
702	64.7362	64.8558	F3	58	63	0	0	55875	P1-1-703	0	-
703	64.7426	64.8804	F5	72	61	0	0	55875	P1-1-702	0	-
704	64.8761	65.0204	Bb3	69	56	0	0	56000	P1-1-705	0	-
705	64.8783	65.1368	C#5	67	56	0	0	56000	P1-1-704	0	-
706	65.015	65.1646	G#3	72	63	0	0	56125	P1-1-706	0	-
707	65.1528	65.2992	G3	67	64	0	0	56250	P1-1-708	0	-
708	65.171	65.3206	E5	70	59	0	0	56250	P1-1-707	0	-
709	65.2928	65.4125	Bb3	79	64	0	0	56375	P1-1-710	0	-
710	65.2949	65.4424	C#5	70	62	0	0	56375	P1-1-709	0	-
711	65.4285	65.5695	C#4	78	59	0	0	56500	P1-1-712	0	-
712	65.4424	65.7244	Bb4	70	63	0	0	56500	P1-1-711	0	-
713	65.5556	65.7159	B3	78	59	0	0	56625	P1-1-713	0	-
714	65.7063	65.8526	Bb3	76	62	0	0	56750	P1-1-715	0	-
715	65.7244	65.8879	C#5	74	53	0	0	56750	P1-1-714	0	-
716	65.8334	65.89	C#4	74	59	0	0	56875	P1-1-717	0	-
717	65.8687	65.9979	Bb4	70	59	0	0	56875	P1-1-716	0	-
718	65.9605	66.046	C#4	69	63	0	0	56875	*	3	-
719	66.0075	66.1005	Eb4	78	62	0	0	57000	*	3	-
720	66.0257	66.3558	G4	75	55	0	0	57000	P1-1-718	0	-
721	66.0631	66.3473	E4	72	60	0	0	57000	P1-1-719	0	-
722	66.3387	66.484	Eb4	68	59	0	0	57250	P1-1-721	0	-
723	66.3526	66.4851	Bb4	64	61	0	0	57250	P1-1-720	0	-
724	66.4595	66.5706	C#4	71	61	0	0	57375	P1-1-723	0	-
725	66.4723	66.6069	C#5	71	62	0	0	57375	P1-1-722	0	-
726	66.5984	66.7255	B3	69	60	0	0	57500	P1-1-725	0	-
727	66.6165	67.1999	E5	69	55	0	0	57500	P1-1-724	0	-
728	66.7308	66.8548	Bb3	64	62	0	0	57625	P1-1-726	0	-
729	66.8708	67.0065	G#3	60	62	0	0	57750	P1-1-728	0	-
730	66.8911	66.9317	C#5	66	65	0	0	57750	P1-1-727	0	-
731	67.0182	67.1742	G3	58	59	0	0	57875	P1-1-729	0	-
732	67.1828	67.7415	B4	55	58	0	0	58000	P1-1-731	0	-
733	67.1828	67.2437	Eb5	63	59	0	0	58000	P1-1-730	0	-
734	67.186	67.2607	G#3	54	59	0	0	58000	P1-1-732	0	-
735	67.2949	67.436	B3	58	59	0	0	58125	P1-1-733	0	-
736	67.452	67.5951	Bb3	60	61	0	0	58250	P1-1-735	0	-
737	67.4712	67.5471	G#5	77	59	0	0	58250	P1-1-734	0	-
738	67.5813	67.7137	G#3	69	64	0	0	58375	P1-1-736	0	-
739	67.7234	67.858	G3	71	64	0	0	58500	P1-1-739	0	-
740	67.7234	67.8035	C#5	76	63	0	0	58500	P1-1-737	0	-
741	67.7276	68.264	Bb4	72	54	0	0	58500	P1-1-738	0	-
742	67.859	68.0011	F3	74	62	0	0	58625	P1-1-740	0	-
743	67.9894	68.1454	Eb3	75	64	0	0	58750	P1-1-742	0	-
744	68.0022	68.077	G5	77	63	0	0	58750	P1-1-741	0	-
745	68.1261	68.2746	C#3	69	64	0	0	58875	P1-1-743	0	-
746	68.2736	68.4082	B2	73	62	0	0	59000	P1-1-746	0	-
747	68.2789	68.3419	G#4	82	60	0	0	59000	P1-1-744	0	-
748	68.4167	68.5716	C#3	75	57	0	0	59125	P1-1-747	0	-
749	68.5556	68.7287	Eb3	72	61	0	0	59250	P1-1-749	0	-
750	68.5695	68.7223	G#5	83	62	0	0	59250	P1-1-748	0	-
751	68.7084	68.8772	B2	66	60	0	0	59375	P1-1-751	0	-
752	68.7105	68.89	G5	80	61	0	0	59375	P1-1-750	0	-
753	68.8569	68.9808	G#2	60	63	0	0	59500	P1-1-753	0	-
754	68.8687	69.0556	G#5	83	61	0	0	59500	P1-1-752	0	-
755	69.0182	69.2159	Bb5	84	32	0	0	59625	P1-1-754	0	-
756	69.1667	69.3152	B5	80	57	0	0	59750	P1-1-755	0	-
757	69.1678	69.296	G#3	72	63	0	0	59750	P1-1-756	0	-
758	69.2885	69.4274	G#5	81	59	0	0	59875	P1-1-757	0	-
759	69.2928	69.4157	F3	75	64	0	0	59875	P1-1-758	0	-
760	69.4189	69.4862	C#3	74	59	0	0	60000	P1-1-760	0	-
761	69.421	69.5684	F5	81	59	0	0	60000	P1-1-759	0	-
762	69.5546	69.7148	F#5	84	56	0	0	60125	P1-1-761	0	-
763	69.686	69.8302	B3	75	62	0	0	60250	P1-1-763	0	-
764	69.6934	69.8484	G#5	80	60	0	0	60250	P1-1-762	0	-
765	69.8056	69.9605	G#3	75	64	0	0	60375	P1-1-765	0	-
766	69.8088	69.9146	F5	80	63	0	0	60375	P1-1-764	0	-
767	69.9477	70.0695	C#5	77	59	0	0	60500	P1-1-766	0	-
768	69.952	70.0268	F3	73	64	0	0	60500	P1-1-767	0	-
769	70.0599	70.2405	Eb5	79	54	0	0	60625	P1-1-768	0	-
770	70.2116	70.3419	F5	78	60	0	0	60750	P1-1-769	0	-
771	70.2234	70.3377	C#3	61	62	0	0	60750	P1-1-770	0	-
772	70.3313	70.4702	Bb2	65	60	0	0	60875	P1-1-772	0	-
773	70.3355	70.4531	C#5	75	61	0	0	60875	P1-1-771	0	-
774	70.4702	70.5567	F#2	67	62	0	0	61000	P1-1-774	0	-
775	70.4755	70.577	Bb4	72	61	0	0	61000	P1-1-773	0	-
776	70.5994	70.7437	C5	73	61	0	0	61125	P1-1-775	0	-
777	70.7458	70.8697	Bb3	60	59	0	0	61250	P1-1-777	0	-
778	70.7522	70.8206	C#5	66	62	0	0	61250	P1-1-776	0	-
779	70.8644	71.0108	F#3	57	61	0	0	61375	P1-1-779	0	-
780	70.8761	71.014	Bb4	64	57	0	0	61375	P1-1-778	0	-
781	71.0086	71.1422	Eb3	51	63	0	0	61500	P1-1-781	0	-
782	71.0343	71.2052	F#5	65	59	0	0	61500	P1-1-780	0	-
783	71.1699	71.3142	G#5	72	58	0	0	61625	P1-1-782	0	-
784	71.3024	71.4488	Bb5	74	60	0	0	61750	P1-1-783	0	-
785	71.3174	71.4381	F#3	58	63	0	0	61750	P1-1-784	0	-
786	71.4189	71.5332	F#5	76	62	0	0	61875	P1-1-785	0	-
787	71.4296	71.5642	Eb3	66	61	0	0	61875	P1-1-786	0	-
788	71.561	71.6966	Eb5	72	58	0	0	62000	P1-1-787	0	-
789	71.5642	71.6251	C3	66	61	0	0	62000	P1-1-788	0	-
790	71.686	71.827	F5	76	59	0	0	62125	P1-1-789	0	-
791	71.827	71.9605	F#5	75	59	0	0	62250	P1-1-790	0	-
792	71.8366	71.9776	Bb3	62	57	0	0	62250	P1-1-791	0	-
793	71.9499	72.108	Eb5	73	60	0	0	62375	P1-1-792	0	-
794	71.9616	72.1144	F#3	68	63	0	0	62375	P1-1-793	0	-
795	72.0834	72.2287	C5	74	60	0	0	62500	P1-1-794	0	-
796	72.0994	72.1806	Eb3	73	64	0	0	62500	P1-1-795	0	-
797	72.2202	72.3409	C#5	74	58	0	0	62625	P1-1-796	0	-
798	72.3601	72.4937	Eb5	70	57	0	0	62750	P1-1-797	0	-
799	72.3719	72.4627	C3	46	58	0	0	62750	P1-1-798	0	-
800	72.4894	72.5919	C5	66	63	0	0	62875	P1-1-799	0	-
801	72.4905	72.608	G#2	51	59	0	0	62875	P1-1-800	0	-
802	72.6112	72.7223	F2	51	63	0	0	63000	P1-1-802	0	-
803	72.6443	72.7511	G#4	59	50	0	0	63000	P1-1-801	0	-
804	72.7672	72.9018	Bb4	59	60	0	0	63125	P1-1-803	0	-
805	72.9061	72.9702	C5	61	64	0	0	63250	P1-1-804	0	-
806	72.9093	73.0289	G#3	47	58	0	0	63250	P1-1-805	0	-
807	73.0353	73.1817	F3	56	61	0	0	63375	P1-1-807	0	-
808	73.046	73.1721	G#4	58	57	0	0	63375	P1-1-806	0	-
809	73.1742	73.2704	D3	50	63	0	0	63500	P1-1-809	0	-
810	73.1881	73.3366	F5	71	55	0	0	63500	P1-1-808	0	-
811	73.3184	73.4563	F#5	69	58	0	0	63625	P1-1-810	0	-
812	73.4467	73.5791	G#5	74	61	0	0	63750	P1-1-811	0	-
813	73.4573	73.5674	F3	62	59	0	0	63750	P1-1-812	0	-
814	73.5674	73.6999	F5	74	58	0	0	63875	P1-1-813	0	-
815	73.5717	73.702	D3	56	63	0	0	63875	P1-1-814	0	-
816	73.7073	73.8334	D5	67	60	0	0	64000	P1-1-815	0	-
817	73.717	73.7821	Bb2	52	63	0	0	64000	P1-1-816	0	-
818	73.8291	73.9637	Eb5	72	54	0	0	64125	P1-1-817	0	-
819	73.9691	74.0877	F5	68	62	0	0	64250	P1-1-818	0	-
820	73.9862	74.1197	G#3	63	60	0	0	64250	P1-1-819	0	-
821	74.108	74.1667	D5	64	63	0	0	64375	P1-1-820	0	-
822	74.1293	74.2618	F3	53	60	0	0	64375	P1-1-821	0	-
823	74.2415	74.3387	Bb4	56	59	0	0	64500	P1-1-822	0	-
824	74.2746	74.3355	D3	50	62	0	0	64500	P1-1-823	0	-
825	74.3633	74.4979	C5	60	59	0	0	64625	P1-1-824	0	-
826	74.5118	74.6272	D5	58	63	0	0	64750	P1-1-825	0	-
827	74.5343	74.64	Bb2	53	61	0	0	64750	P1-1-826	0	-
828	74.6422	74.7415	Bb4	55	58	0	0	64875	P1-1-827	0	-
829	74.6528	74.765	F#2	53	61	0	0	64875	P1-1-828	0	-
830	74.7811	74.8911	F#4	59	57	0	0	65000	P1-1-829	0	-
831	74.7853	74.8516	Eb2	54	62	0	0	65000	P1-1-830	0	-
832	74.9071	75.0471	G#4	59	60	0	0	65125	P1-1-831	0	-
833	75.0535	75.1283	Bb4	56	63	0	0	65250	P1-1-832	0	-
834	75.0567	75.1806	F#3	49	55	0	0	65250	P1-1-833	0	-
835	75.186	75.3217	Eb3	51	57	0	0	65375	P1-1-835	0	-
836	75.1988	75.3355	F#4	50	55	0	0	65375	P1-1-834	0	-
837	75.3302	75.4285	C3	46	60	0	0	65500	P1-1-837	0	-
838	75.3505	75.5033	Eb5	58	55	0	0	65500	P1-1-836	0	-
839	75.4862	75.6026	F5	63	58	0	0	65625	P1-1-838	0	-
840	75.6251	75.7373	F#5	63	58	0	0	65750	P1-1-839	0	-
841	75.6304	75.7405	Eb3	53	54	0	0	65750	P1-1-840	0	-
842	75.7458	75.8793	Eb5	62	57	0	0	65875	P1-1-841	0	-
843	75.7565	75.8601	C3	44	60	0	0	65875	P1-1-842	0	-
844	75.89	76.0246	C5	58	58	0	0	66000	P1-1-843	0	-
845	75.8922	75.9616	G#2	49	62	0	0	66000	P1-1-844	0	-
846	76.0268	76.1464	C#5	59	59	0	0	66125	P1-1-845	0	-
847	76.1796	76.2917	Eb5	54	57	0	0	66250	P1-1-846	0	-
848	76.187	76.265	F#3	51	59	0	0	66250	P1-1-847	0	-
849	76.3014	76.4296	Eb3	51	59	0	0	66375	P1-1-849	0	-
850	76.3024	76.3687	C5	57	58	0	0	66375	P1-1-848	0	-
851	76.4402	76.4958	C3	42	64	0	0	66500	P1-1-851	0	-
852	76.4531	76.5236	G#4	49	57	0	0	66500	P1-1-850	0	-
853	76.593	76.7244	Bb4	45	38	0	0	66625	P1-1-852	0	-
854	76.7308	76.8836	G#2	40	46	0	0	66750	P1-1-854	0	-
855	76.7458	76.8484	C5	47	56	0	0	66750	P1-1-853	0	-
856	76.8676	77.0343	F2	44	50	0	0	66875	P1-1-856	0	-
857	76.8783	76.9937	G#4	49	49	0	0	66875	P1-1-855	0	-
858	77.0439	77.1732	F4	44	58	0	0	67000	P1-1-857	0	-
859	77.0546	77.3879	C#2	40	49	0	0	67000	P1-1-858	0	-
860	77.2052	77.3409	F#4	45	53	0	0	67125	P1-1-859	0	-
861	77.3452	77.4285	G#4	54	58	0	0	67250	P1-1-860	0	-
862	77.4627	77.5706	F4	58	62	0	0	67375	P1-1-861	0	-
863	77.5962	77.7148	C#4	54	56	0	0	67500	P1-1-862	0	-
864	77.7394	77.8462	F4	57	61	0	0	67625	P1-1-863	0	-
865	77.8537	77.9947	G#4	67	57	0	0	67750	P1-1-864	0	-
866	77.9744	78.109	Bb4	66	53	0	0	67875	P1-1-865	0	-
867	78.1229	78.2362	B4	71	61	0	0	68000	P1-1-866	0	-
868	78.249	78.3558	Bb4	73	63	0	0	68125	P1-1-867	0	-
869	78.3868	78.5182	G#4	78	56	0	0	68250	P1-1-868	0	-
870	78.3986	78.5108	B3	65	61	0	0	68250	P1-1-869	0	-
871	78.5086	78.6432	Bb4	78	62	0	0	68375	P1-1-870	0	-
872	78.5193	78.6304	C#3	65	58	0	0	68375	P1-1-871	0	-
873	78.6411	78.6699	F#5	86	66	0	0	68500	P1-1-872	0	-
874	78.6475	78.7426	Bb3	72	61	0	0	68500	P1-1-873	0	-
875	78.7779	78.9167	C#3	56	55	0	0	68625	P1-1-874	0	-
876	78.9167	78.9531	C#5	79	65	0	0	68750	P1-1-875	0	-
877	78.9199	79.0172	G#3	69	63	0	0	68750	P1-1-876	0	-
878	79.0524	79.2095	C#3	54	61	0	0	68875	P1-1-877	0	-
879	79.2138	79.3868	F#3	60	52	0	0	69000	P1-1-879	0	-
880	79.218	79.5984	Bb4	79	53	0	0	69000	P1-1-878	0	-
881	79.3804	79.5823	C#3	53	58	0	0	69125	P1-1-880	0	-
882	79.5407	79.6678	F3	62	63	0	0	69250	P1-1-882	0	-
883	79.5449	79.6678	G#4	70	60	0	0	69250	P1-1-881	0	-
884	79.6561	79.7971	F#4	73	59	0	0	69375	P1-1-883	0	-
885	79.6593	79.7479	Eb3	72	64	0	0	69375	P1-1-884	1	-
886	79.7917	79.8345	F3	67	64	0	0	69500	P1-1-886	0	-
887	79.8056	79.8697	G#4	67	53	0	0	69500	P1-1-885	0	-
888	79.9232	80.0364	C#4	63	56	0	0	69625	P1-1-887	0	-
889	80.0492	80.1048	G#2	62	64	0	0	69750	P1-1-889	0	-
890	80.0567	80.1507	F4	56	58	0	0	69750	P1-1-888	0	-
891	80.1796	80.3163	G#4	63	48	0	0	69875	P1-1-890	0	-
892	80.3259	80.4338	Bb4	61	57	0	0	70000	P1-1-891	0	-
893	80.4541	80.5428	G#4	69	62	0	0	70125	P1-1-892	0	-
894	80.5984	80.6977	F#4	66	60	0	0	70250	P1-1-893	0	-
895	80.6048	80.687	Bb3	73	61	0	0	70250	P1-1-894	0	-
896	80.7063	80.8601	C#3	60	53	0	0	70375	P1-1-896	0	-
897	80.7202	80.8633	G#4	74	62	0	0	70375	P1-1-895	0	-
898	80.8505	80.9947	G#3	71	54	0	0	70500	P1-1-898	0	-
899	80.8548	80.8954	F5	74	64	0	0	70500	P1-1-897	0	-
900	80.9969	81.1368	C#3	50	59	0	0	70625	P1-1-899	0	-
901	81.1422	81.296	F#3	63	59	0	0	70750	P1-1-901	0	-
902	81.1464	81.1849	C#5	69	66	0	0	70750	P1-1-900	0	-
903	81.2928	81.405	C#3	46	62	0	0	70875	P1-1-902	0	-
904	81.4306	81.8088	G#4	65	39	0	0	71000	P1-1-903	0	-
905	81.4317	81.5546	F3	52	60	0	0	71000	P1-1-904	0	-
906	81.577	81.7041	C#3	49	60	0	0	71125	P1-1-905	0	-
907	81.7202	81.8355	F#4	58	58	0	0	71250	P1-1-906	0	-
908	81.7244	81.8195	Eb3	58	63	0	0	71250	P1-1-907	0	-
909	81.8355	81.9723	F4	64	61	0	0	71375	P1-1-908	0	-
910	81.8484	81.9435	C#3	49	56	0	0	71375	P1-1-909	0	-
911	81.9905	82.0471	F#4	60	57	0	0	71500	P1-1-910	0	-
912	81.9958	82.0364	Eb3	54	64	0	0	71500	P1-1-911	0	-
913	82.1347	82.2544	C4	52	56	0	0	71625	P1-1-912	0	-
914	82.2768	82.3804	Eb4	52	55	0	0	71750	P1-1-913	0	-
915	82.2971	82.3377	G#2	45	58	0	0	71750	P1-1-914	0	-
916	82.4146	82.5417	F#4	48	56	0	0	71875	P1-1-915	0	-
917	82.5514	82.6796	G#4	53	55	0	0	72000	P1-1-916	0	-
918	82.6935	82.7682	F#4	48	58	0	0	72125	P1-1-917	0	-
919	82.827	82.9306	F4	57	59	0	0	72250	P1-1-918	0	-
920	82.8345	82.9264	G#3	47	61	0	0	72250	P1-1-919	0	-
921	82.9424	83.0642	G#2	49	61	0	0	72375	P1-1-921	0	-
922	82.9499	83.0941	F#4	57	61	0	0	72375	P1-1-920	0	-
923	83.0973	83.1443	Eb5	68	62	0	0	72500	P1-1-922	0	-
924	83.1176	83.2191	F#3	49	61	0	0	72500	P1-1-923	0	-
925	83.2266	83.3772	G#2	50	58	0	0	72625	P1-1-924	0	-
926	83.3815	83.5044	F3	54	58	0	0	72750	P1-1-926	0	-
927	83.3964	83.4349	C5	64	67	0	0	72750	P1-1-925	0	-
928	83.5353	83.7031	G#2	50	58	0	0	72875	P1-1-927	0	-
929	83.702	83.8366	Eb3	57	61	0	0	73000	P1-1-929	0	-
930	83.7105	84.0172	F#4	56	61	0	0	73000	P1-1-928	0	-
931	83.8826	84.0385	G#2	44	55	0	0	73125	P1-1-930	0	-
932	84.0343	84.1571	F4	55	63	0	0	73250	P1-1-931	0	-
933	84.0375	84.1646	C#3	47	60	0	0	73250	P1-1-932	0	-
934	84.1817	84.2992	Eb4	55	62	0	0	73375	P1-1-933	0	-
935	84.1977	84.3302	C3	43	53	0	0	73375	P1-1-934	0	-
936	84.3388	84.4712	F4	58	58	0	0	73500	P1-1-935	0	-
937	84.3409	84.5011	C#3	45	51	0	0	73500	P1-1-936	0	-
938	84.4862	84.6379	G#4	63	58	0	0	73625	P1-1-937	0	-
939	84.5086	84.6422	G#2	44	56	0	0	73625	P1-1-938	0	-
940	84.6187	84.7063	Bb4	66	63	0	0	73750	P1-1-939	0	-
941	84.6358	84.7533	F3	50	61	0	0	73750	P1-1-940	0	-
942	84.7447	84.8751	C5	74	59	0	0	73875	P1-1-941	0	-
943	84.7608	84.9082	Eb3	62	59	0	0	73875	P1-1-942	0	-
944	84.8719	85.0193	C#5	76	57	0	0	74000	P1-1-943	0	-
945	84.9018	85.0001	F3	60	63	0	0	74000	P1-1-944	0	-
946	84.9937	85.1529	Eb5	80	60	0	0	74125	P1-1-945	0	-
947	85.0204	85.1988	G#2	58	51	0	0	74125	P1-1-946	0	-
948	85.1379	85.2768	F5	82	54	0	0	74250	P1-1-947	0	-
949	85.1614	85.2618	G#3	67	62	0	0	74250	P1-1-948	0	-
950	85.2629	85.3826	Eb5	79	58	0	0	74375	P1-1-949	0	-
951	85.2714	85.3986	F#3	69	64	0	0	74375	P1-1-950	0	-
952	85.3932	85.5172	F#5	80	53	0	0	74500	P1-1-951	0	-
953	85.3986	85.5118	G#3	75	62	0	0	74500	P1-1-952	0	-
954	85.5214	85.6571	F5	82	59	0	0	74625	P1-1-953	0	-
955	85.545	85.6294	G#2	66	63	0	0	74625	P1-1-954	0	-
956	85.6561	85.7533	Eb5	84	62	0	0	74750	P1-1-955	0	-
957	85.671	85.7597	Bb3	75	63	0	0	74750	P1-1-956	0	-
958	85.8003	85.9541	C#5	81	61	0	0	74875	P1-1-957	0	-
959	85.8014	85.8601	G#2	69	63	0	0	74875	P1-1-958	0	-
960	85.9499	86.186	C4	73	61	0	0	75000	P1-1-961	0	-
961	85.968	86.1101	Bb5	78	62	0	0	75000	P1-1-959	0	-
962	86.1101	86.1838	G#5	79	64	0	0	75062	P1-1-962	0	-
963	86.1849	86.3794	C#4	68	60	0	0	75125	P1-1-964	0	-
964	86.1977	86.2821	G5	79	66	0	0	75125	P1-1-963	0	-
965	86.2832	86.3569	G#5	80	64	0	0	75187	P1-1-965	0	-
966	86.3665	86.5257	Eb4	72	62	0	0	75250	P1-1-967	0	-
967	86.3762	86.4488	Bb5	76	64	0	0	75250	P1-1-966	0	-
968	86.4467	86.5129	G#5	77	62	0	0	75312	P1-1-968	0	-
969	86.5236	86.5813	Bb5	69	65	0	0	75375	P1-1-970	0	-
970	86.5321	86.6817	C4	72	61	0	0	75375	P1-1-971	0	-
971	86.5962	86.6432	G#5	66	64	0	0	75437	P1-1-972	0	-
972	86.6593	86.7127	Bb5	68	65	0	0	75500	P1-1-973	0	-
973	86.6817	86.8591	G#3	71	60	0	0	75500	P1-1-975	0	-
974	86.7309	86.7747	G#5	68	61	0	0	75562	P1-1-976	0	-
975	86.7885	86.8356	Bb5	64	66	0	0	75625	P1-1-978	0	-
976	86.8313	87.0385	C4	74	62	0	0	75625	P1-1-979	0	-
977	86.8537	86.8997	G#5	69	64	0	0	75625	P1-1-977	0	-
978	86.9125	86.967	Bb5	73	63	0	0	-1	*	3	-
979	86.9616	87.1144	Eb4	69	62	0	0	75750	P1-1-983	0	-
980	86.9862	87.0289	G#5	70	62	0	0	75687	P1-1-980	0	-
981	87.0417	87.1005	Bb5	67	64	0	0	75750	P1-1-981	0	-
982	87.1059	87.2608	F4	75	61	0	0	75875	P1-1-987	0	-
983	87.1219	87.1646	G#5	64	66	0	0	75812	P1-1-984	0	-
984	87.1796	87.2319	Bb5	70	61	0	0	75875	P1-1-986	0	-
985	87.2447	87.3836	F#4	81	60	0	0	76000	P1-1-989	0	-
986	87.2447	87.2811	G#5	67	68	0	0	75937	P1-1-988	0	-
987	87.3922	87.5514	G#5	75	60	0	0	76125	P1-1-990	0	-
988	87.4018	87.5321	F4	82	56	0	0	76125	P1-1-991	0	-
989	87.5353	87.6379	Eb4	78	63	0	0	76250	P1-1-993	0	-
990	87.5353	87.6977	F#5	80	58	0	0	76250	P1-1-992	0	-
991	87.655	87.7618	F4	84	51	0	0	76375	P1-1-995	1	-
992	87.6635	87.8185	G#5	84	62	0	0	76375	P1-1-994	0	-
993	87.8131	87.8911	F5	73	60	0	0	76500	P1-1-996	0	-
994	87.8185	87.858	C#5	83	65	0	0	76500	P1-1-997	0	-
995	87.9499	88.1016	G#5	67	62	0	0	76625	P1-1-998	0	-
996	88.1048	88.2319	Eb5	71	61	0	0	76750	P1-1-999	0	-
997	88.1091	88.1529	G#4	83	64	0	0	76750	P1-1-1000	0	-
998	88.2479	88.4018	G#5	70	61	0	0	76875	P1-1-1001	0	-
999	88.3965	88.5823	C#5	66	57	0	0	77000	P1-1-1002	0	-
1000	88.4018	88.4734	F4	81	62	0	0	77000	P1-1-1003	0	-
1001	88.5631	88.6806	G#5	63	55	0	0	77125	P1-1-1004	0	-
1002	88.7223	88.8494	Eb4	69	62	0	0	77250	P1-1-1006	0	-
1003	88.7223	88.8409	C5	68	64	0	0	77250	P1-1-1005	0	-
1004	88.8516	89.0054	C#4	68	56	0	0	77375	P1-1-1008	0	-
1005	88.8526	88.967	Bb4	67	62	0	0	77375	P1-1-1007	0	-
1006	89.0044	89.1454	Eb4	66	58	0	0	77500	P1-1-1010	0	-
1007	89.0044	89.14	C5	69	58	0	0	77500	P1-1-1009	0	-
1008	89.1336	89.2725	G#3	67	57	0	0	77625	P1-1-1012	0	-
1009	89.1518	89.3035	Eb5	73	59	0	0	77625	P1-1-1011	0	-
1010	89.2682	89.4103	C4	70	62	0	0	77750	P1-1-1014	1	-
1011	89.2832	89.4071	F5	76	58	0	0	77750	P1-1-1013	0	-
1012	89.4029	89.5332	Eb4	73	60	0	0	77875	P1-1-1016	0	-
1013	89.4029	89.5225	F#5	78	61	0	0	77875	P1-1-1015	0	-
1014	89.546	89.7127	G#5	68	52	0	0	78000	P1-1-1017	0	-
1015	89.5492	89.6849	F4	70	60	0	0	78000	P1-1-1018	0	-
1016	89.6732	89.7928	F#5	71	60	0	0	78125	P1-1-1019	0	-
1017	89.6806	89.8121	Eb4	72	61	0	0	78125	P1-1-1020	0	-
1018	89.8014	89.8965	F5	68	61	0	0	78250	P1-1-1021	0	-
1019	89.8281	89.9445	C#4	68	61	0	0	78250	P1-1-1022	0	-
1020	89.9306	90.0492	G#5	59	61	0	0	78375	P1-1-1023	0	-
1021	89.9563	90.0567	Eb4	65	62	0	0	78375	P1-1-1024	0	-
1022	90.0866	90.1379	C5	71	64	0	0	78500	P1-1-1026	0	-
1023	90.0994	90.1454	Eb5	51	47	0	0	78500	P1-1-1025	0	-
1024	90.2276	90.3719	G#5	57	61	0	0	78625	P1-1-1027	0	-
1025	90.3879	90.4232	G#4	75	67	0	0	78750	P1-1-1029	0	-
1026	90.3986	90.5065	C#5	55	59	0	0	78750	P1-1-1028	0	-
1027	90.5332	90.671	G#5	59	58	0	0	78875	P1-1-1030	0	-
1028	90.6828	90.7479	Eb4	66	59	0	0	79000	P1-1-1032	0	-
1029	90.6871	90.8046	C5	56	60	0	0	79000	P1-1-1031	0	-
1030	90.827	91.0289	G#5	62	35	0	0	79125	P1-1-1033	0	-
1031	90.9969	91.1101	C#4	60	61	0	0	79250	P1-1-1035	0	-
1032	91.0044	91.1197	Bb4	60	62	0	0	79250	P1-1-1034	0	-
1033	91.1379	91.2661	G#4	62	56	0	0	79375	P1-1-1036	0	-
1034	91.1443	91.2565	C4	62	54	0	0	79375	P1-1-1037	0	-
1035	91.2779	91.4135	Bb4	63	53	0	0	79500	P1-1-1038	0	-
1036	91.2811	91.3687	C#4	56	56	0	0	79500	P1-1-1039	0	-
1037	91.4093	91.5524	G#3	51	56	0	0	79625	P1-1-1041	0	-
1038	91.4093	91.5791	C#5	65	33	0	0	79625	P1-1-1040	0	-
1039	91.545	91.6432	Eb5	67	61	0	0	79750	P1-1-1042	0	-
1040	91.5535	91.6593	C4	58	52	0	0	79750	P1-1-1043	0	-
1041	91.6806	91.8035	F5	67	55	0	0	79875	P1-1-1044	0	-
1042	91.7127	91.8099	C#4	48	60	0	0	79875	P1-1-1045	0	-
1043	91.8195	91.9103	F#5	66	54	0	0	80000	P1-1-1046	0	-
1044	91.8302	91.9328	Eb4	53	59	0	0	80000	P1-1-1047	0	-
1045	91.9606	92.0685	F5	63	59	0	0	80125	P1-1-1048	0	-
1046	91.9659	92.0663	C#4	61	58	0	0	80125	P1-1-1049	0	-
1047	92.1059	92.1913	Eb5	63	53	0	0	80250	P1-1-1050	0	-
1048	92.1091	92.2319	C4	62	62	0	0	80250	P1-1-1051	0	-
1049	92.2426	92.3655	F5	64	55	0	0	80375	P1-1-1052	0	-
1050	92.2533	92.3174	C#4	59	58	0	0	80375	P1-1-1053	0	-
1051	92.3965	92.5204	C#5	51	58	0	0	80500	P1-1-1054	0	-
1052	92.4039	92.4445	Bb4	66	67	0	0	80500	P1-1-1055	0	-
1053	92.5268	92.639	Eb5	55	60	0	0	80625	P1-1-1056	0	-
1054	92.6913	92.7277	G4	66	67	0	0	80750	P1-1-1058	0	-
1055	92.6956	92.8024	C5	56	51	0	0	80750	P1-1-1057	0	-
1056	92.8302	92.9809	Eb5	56	58	0	0	80875	P1-1-1059	0	-
1057	92.9862	93.0941	C#4	52	60	0	0	81000	P1-1-1061	0	-
1058	93.0118	93.1475	Bb4	52	38	0	0	81000	P1-1-1060	0	-
1059	93.1582	93.3398	Eb5	62	36	0	0	81125	P1-1-1062	0	-
1060	93.3163	93.4071	G#4	56	57	0	0	81250	P1-1-1063	0	-
1061	93.3366	93.3965	C4	54	57	0	0	81250	P1-1-1064	0	-
1062	93.4435	93.5471	G4	64	56	0	0	81375	P1-1-1065	0	-
1063	93.467	93.5343	Bb3	54	63	0	0	81375	P1-1-1066	0	-
1064	93.577	93.6796	G#4	65	62	0	0	81500	P1-1-1067	0	-
1065	93.6048	93.6796	C4	55	52	0	0	81500	P1-1-1068	0	-
1066	93.7266	93.8601	C5	73	63	0	0	81625	P1-1-1069	0	-
1067	93.7341	93.9082	G#3	53	56	0	0	81625	P1-1-1070	0	-
1068	93.8633	94.0129	C#5	72	60	0	0	81750	P1-1-1071	0	-
1069	93.8815	93.9723	Bb3	62	62	0	0	81750	P1-1-1072	0	-
1070	93.9862	94.1005	Eb5	75	61	0	0	81875	P1-1-1073	0	-
1071	94.0097	94.1187	C4	60	61	0	0	81875	P1-1-1074	0	-
1072	94.14	94.2533	C#4	57	55	0	0	82000	P1-1-1076	0	-
1073	94.14	94.2672	F5	76	60	0	0	82000	P1-1-1075	0	-
1074	94.2736	94.4114	F#5	79	63	0	0	82125	P1-1-1077	0	-
1075	94.2779	94.3911	Eb4	58	62	0	0	82125	P1-1-1078	0	-
1076	94.4029	94.5759	G#5	79	61	0	0	82250	P1-1-1079	0	-
1077	94.4103	94.5193	F4	65	61	0	0	82250	P1-1-1080	0	-
1078	94.5386	94.6411	Bb5	79	63	0	0	82375	P1-1-1081	0	-
1079	94.5471	94.6582	Eb4	56	59	0	0	82375	P1-1-1082	0	-
1080	94.6689	94.7009	C5	76	71	0	0	82500	P1-1-1083	0	-
1081	94.6945	94.7853	F#4	57	51	0	0	82500	P1-1-1084	0	-
1082	94.8089	94.9146	F4	59	62	0	0	82625	P1-1-1085	0	-
1083	94.936	95.0567	Eb4	58	62	0	0	82750	P1-1-1087	0	-
1084	94.9574	94.998	G#4	75	62	0	0	82750	P1-1-1086	0	-
1085	95.0759	95.2031	C#4	56	49	0	0	82875	P1-1-1088	0	-
1086	95.2095	95.3035	F#4	56	59	0	0	83000	P1-1-1090	0	-
1087	95.2512	95.3826	Bb4	73	63	0	0	83000	P1-1-1089	0	-
1088	95.3836	95.4969	G#4	80	61	0	0	83125	P1-1-1091	0	-
1089	95.5279	95.6368	F#4	74	59	0	0	83250	P1-1-1092	0	-
1090	95.5321	95.6443	Bb3	61	60	0	0	83250	P1-1-1093	0	-
1091	95.6422	95.7886	G#4	82	62	0	0	83375	P1-1-1094	0	-
1092	95.6475	95.7672	C4	71	61	0	0	83375	P1-1-1095	0	-
1093	95.78	95.8206	F5	83	65	0	0	83500	P1-1-1096	0	-
1094	95.7811	95.8933	C#4	69	59	0	0	83500	P1-1-1097	0	-
1095	95.9168	96.0353	C4	66	63	0	0	83625	P1-1-1098	0	-
1096	96.0503	96.1945	Bb3	64	62	0	0	83750	P1-1-1100	0	-
1097	96.0567	96.1059	C#5	82	61	0	0	83750	P1-1-1099	0	-
1098	96.202	96.3366	G#3	60	64	0	0	83875	P1-1-1101	0	-
1099	96.3601	97.1091	Bb3	66	61	0	0	84000	P1-1-1103	0	-
1100	96.3633	96.7159	G#4	79	60	0	0	84000	P1-1-1102	0	-
1101	96.7127	96.8153	F#4	70	59	0	0	84250	P1-1-1104	0	-
1102	96.8281	96.9509	F4	76	61	0	0	84375	P1-1-1105	0	-
1103	96.9584	96.9937	F#4	74	65	0	0	84500	P1-1-1106	0	-
1104	97.1187	97.2277	G#3	60	64	0	0	84625	P1-1-1107	0	-
1105	97.2394	97.3484	F#3	61	60	0	0	84750	P1-1-1109	0	-
1106	97.2522	97.2907	Eb5	80	63	0	0	84750	P1-1-1108	0	-
1107	97.3719	97.4883	Bb3	63	57	0	0	84875	P1-1-1110	0	-
1108	97.5012	97.6315	G#3	62	63	0	0	85000	P1-1-1112	0	-
1109	97.5225	97.5631	F4	77	64	0	0	85000	P1-1-1111	0	-
1110	97.6529	97.7789	F#3	56	61	0	0	85125	P1-1-1113	0	-
1111	97.8003	97.8537	C#5	75	64	0	0	85250	P1-1-1114	0	-
1112	97.8056	97.8826	F3	55	59	0	0	85250	P1-1-1115	0	-
1113	97.9339	98.0749	G#3	56	56	0	0	85375	P1-1-1116	0	-
1114	98.0973	98.1454	Eb4	68	63	0	0	85500	P1-1-1117	0	-
1115	98.1027	98.2042	F#3	55	63	0	0	85500	P1-1-1118	0	-
1116	98.2319	98.358	F3	52	59	0	0	85625	P1-1-1119	0	-
1117	98.3847	98.4435	C5	66	63	0	0	85750	P1-1-1120	0	-
1118	98.3858	98.5076	F#3	53	59	0	0	85750	P1-1-1121	0	-
1119	98.5311	98.67	Eb3	53	54	0	0	85875	P1-1-1122	0	-
1120	98.7341	99.1828	F3	43	58	0	0	86000	P1-1-1124	0	-
1121	98.7405	98.8014	C#4	55	60	0	0	86000	P1-1-1123	0	-
1122	99.077	99.1443	C#5	59	58	0	0	86250	P1-1-1125	0	-
1123	99.2042	99.3227	C5	62	61	0	0	86375	P1-1-1126	0	-
1124	99.2255	99.3548	G#3	51	58	0	0	86375	P1-1-1127	0	-
1125	99.3484	99.4777	C#5	56	62	0	0	86500	P1-1-1128	0	-
1126	99.3591	99.4542	Bb3	56	63	0	0	86500	P1-1-1129	0	-
1127	99.4777	99.5471	Eb5	60	57	0	0	86625	P1-1-1130	0	-
1128	99.4873	99.5973	C4	61	58	0	0	86625	P1-1-1131	0	-
1129	99.6155	99.8868	C#4	60	56	0	0	86750	P1-1-1133	0	-
1130	99.6198	99.717	F5	64	58	0	0	86750	P1-1-1132	0	-
1131	99.7469	99.8836	Eb4	65	57	0	0	86875	P1-1-1136	0	-
1132	99.749	99.8772	F#5	63	63	0	0	86875	P1-1-1135	0	-
1133	99.8815	100.003	F4	71	61	0	0	87000	P1-1-1138	0	-
1134	99.8911	99.9883	G#5	61	53	0	0	87000	P1-1-1137	0	-
1135	100.017	100.138	Eb4	72	61	0	0	87125	P1-1-1140	0	-
1136	100.017	100.132	F#5	69	61	0	0	87125	P1-1-1139	0	-
1137	100.151	100.267	C#4	75	61	0	0	87250	P1-1-1142	0	-
1138	100.156	100.251	F5	65	59	0	0	87250	P1-1-1141	0	-
1139	100.273	100.383	Eb4	74	61	0	0	87375	P1-1-1144	0	-
1140	100.276	100.399	F#5	69	60	0	0	87375	P1-1-1143	0	-
1141	100.41	100.45	C5	80	62	0	0	87500	P1-1-1146	0	-
1142	100.411	100.539	G#5	63	60	0	0	87500	P1-1-1145	0	-
1143	100.425	101.175	C4	62	41	0	0	87500	P1-1-1147	0	-
1144	100.56	100.667	F#5	64	62	0	0	87625	P1-1-1148	0	-
1145	100.706	100.752	G#4	76	64	0	0	87750	P1-1-1150	0	-
1146	100.708	100.828	F5	65	59	0	0	87750	P1-1-1149	0	-
1147	100.844	101.015	Eb5	63	61	0	0	87875	P1-1-1151	0	-
1148	101.009	101.793	F5	72	52	0	0	88000	P1-1-1152	0	-
1149	101.016	101.377	Eb4	72	61	0	0	88000	P1-1-1153	0	-
1150	101.387	101.489	C#4	65	61	0	0	88250	P1-1-1154	0	-
1151	101.501	101.638	C4	70	62	0	0	88375	P1-1-1155	0	-
1152	101.634	102.181	Bb3	55	51	0	0	88500	P1-1-1156	0	-
1153	101.635	101.704	C#4	74	59	0	0	88500	P1-1-1157	0	-
1154	101.793	101.948	Eb5	57	45	0	0	88625	P1-1-1158	0	-
1155	101.918	101.951	Bb4	74	69	0	0	88750	P1-1-1160	0	-
1156	101.919	102.028	C#5	63	55	0	0	88750	P1-1-1159	0	-
1157	102.052	102.209	F5	63	55	0	0	88875	P1-1-1161	0	-
1158	102.212	102.261	C4	71	65	0	0	89000	P1-1-1163	0	-
1159	102.218	102.333	Eb5	61	57	0	0	89000	P1-1-1162	0	-
1160	102.33	102.442	C#5	64	61	0	0	89125	P1-1-1164	0	-
1161	102.484	102.596	C5	63	51	0	0	89250	P1-1-1165	0	-
1162	102.485	102.521	G#4	77	64	0	0	89250	P1-1-1167	0	-
1163	102.495	102.552	G#3	62	65	0	0	89250	P1-1-1166	0	-
1164	102.618	102.744	Eb5	67	51	0	0	89375	P1-1-1168	0	-
1165	102.755	102.895	C#5	67	43	0	0	89500	P1-1-1169	0	-
1166	102.773	102.818	Bb3	66	66	0	0	89500	P1-1-1170	0	-
1167	102.88	102.97	C5	71	63	0	0	89625	P1-1-1172	0	-
1168	103.03	103.093	G4	58	61	0	0	89750	P1-1-1175	0	-
1169	103.034	103.152	C#5	65	65	0	0	89750	P1-1-1173	0	-
1170	103.045	103.103	Eb3	63	64	0	0	89750	P1-1-1174	0	-
1171	103.168	103.316	Bb4	62	61	0	0	89875	P1-1-1176	0	-
1172	103.331	103.37	C5	65	67	0	0	90000	P1-1-1177	0	-
1173	103.348	103.989	G#3	49	53	0	0	90000	P1-1-1178	0	-
1174	103.626	103.702	G#4	44	57	0	0	90250	P1-1-1181	0	-
1175	103.628	103.674	Eb5	69	62	0	0	90250	P1-1-1180	0	-
1176	103.74	103.884	F#4	55	56	0	0	90375	P1-1-1182	1	-
1177	103.915	104.84	F#5	72	55	0	0	90500	P1-1-1183	0	-
1178	103.917	103.964	G#4	55	64	0	0	90500	P1-1-1184	0	-
1179	104.052	104.204	Bb4	48	60	0	0	90625	P1-1-1185	0	-
1180	104.204	104.242	G#3	67	66	0	0	90750	P1-1-1187	0	-
1181	104.208	104.279	C5	60	62	0	0	90750	P1-1-1186	0	-
1182	104.341	104.48	G#4	57	56	0	0	90875	P1-1-1188	0	-
1183	104.485	104.598	Bb3	67	63	0	0	91000	P1-1-1190	0	-
1184	104.49	104.61	C#5	58	52	0	0	91000	P1-1-1189	0	-
1185	104.603	104.729	G#3	71	62	0	0	91125	P1-1-1192	0	-
1186	104.604	104.718	C5	66	60	0	0	91125	P1-1-1191	0	-
1187	104.734	104.861	F#3	77	64	0	0	91250	P1-1-1194	0	-
1188	104.752	104.825	Bb4	61	58	0	0	91250	P1-1-1193	0	-
1189	104.854	104.963	C5	74	60	0	0	91375	P1-1-1195	0	-
1190	104.856	104.94	G#3	78	62	0	0	91375	P1-1-1196	0	-
1191	105.009	105.048	F4	73	65	0	0	91500	P1-1-1199	0	-
1192	105.012	105.074	C#5	62	59	0	0	91500	P1-1-1198	0	-
1193	105.012	106.197	F5	74	57	0	0	91500	P1-1-1197	0	-
1194	105.149	105.244	C5	64	62	0	0	91625	P1-1-1200	0	-
1195	105.294	105.332	C#4	79	65	0	0	91750	P1-1-1202	0	-
1196	105.318	105.422	Bb4	63	60	0	0	91750	P1-1-1201	0	-
1197	105.447	105.609	G#4	66	58	0	0	91875	P1-1-1203	0	-
1198	105.612	105.954	G#3	75	64	0	0	92000	P1-1-1205	0	-
1199	105.619	106.259	Bb4	67	63	0	0	92000	P1-1-1204	0	-
1200	105.96	106.075	F#3	67	63	0	0	92250	P1-1-1206	0	-
1201	106.079	106.218	F3	75	62	0	0	92375	P1-1-1207	0	-
1202	106.218	106.259	F#3	78	69	0	0	92500	P1-1-1209	0	-
1203	106.232	106.799	Eb5	71	57	0	0	92500	P1-1-1208	0	-
1204	106.385	106.497	G#4	55	58	0	0	92625	P1-1-1210	0	-
1205	106.495	106.528	Eb4	75	68	0	0	92750	P1-1-1212	0	-
1206	106.507	106.649	F#4	64	53	0	0	92750	P1-1-1211	0	-
1207	106.634	106.863	Bb4	61	49	0	0	92875	P1-1-1213	0	-
1208	106.773	106.816	F3	76	66	0	0	93000	P1-1-1215	0	-
1209	106.783	106.891	G#4	66	47	0	0	93000	P1-1-1214	0	-
1210	106.912	106.993	F#4	62	56	0	0	93125	P1-1-1216	0	-
1211	107.04	107.073	C#4	76	68	0	0	93250	P1-1-1219	0	-
1212	107.044	107.138	C#5	77	42	0	0	93250	P1-1-1217	0	-
1213	107.051	107.106	F4	62	63	0	0	93250	P1-1-1218	0	-
1214	107.179	107.234	G#4	65	60	0	0	93375	P1-1-1220	0	-
1215	107.317	107.37	Eb3	61	59	0	0	93500	P1-1-1223	0	-
1216	107.325	107.412	C5	68	61	0	0	93500	P1-1-1221	0	-
1217	107.338	107.387	F#4	51	59	0	0	93500	P1-1-1222	0	-
1218	107.448	107.563	F4	57	61	0	0	93625	P1-1-1224	0	-
1219	107.602	107.648	C4	52	62	0	0	93750	P1-1-1227	0	-
1220	107.606	108.295	Eb5	70	58	0	0	93750	P1-1-1225	0	-
1221	107.628	107.736	F#4	49	60	0	0	93750	P1-1-1226	0	-
1222	107.752	107.826	Eb4	54	57	0	0	93875	P1-1-1228	0	-
1223	107.953	109.151	F4	56	62	0	0	94000	P1-1-1229	0	-
1224	107.97	108.118	C#3	42	60	0	0	94000	P1-1-1230	0	-
1225	108.126	108.299	G#2	51	59	0	0	94125	P1-1-1231	0	-
1226	108.28	108.371	G#4	72	62	0	0	94250	P1-1-1232	0	-
1227	108.296	108.478	C#3	54	57	0	0	94250	P1-1-1233	0	-
1228	108.435	108.574	Eb3	70	63	0	0	94375	P1-1-1234	0	-
1229	108.585	108.883	C#5	78	64	0	0	94500	P1-1-1235	0	-
1230	108.599	108.75	F3	63	61	0	0	94500	P1-1-1236	0	-
1231	108.75	108.909	F#3	65	60	0	0	94625	P1-1-1237	0	-
1232	108.858	108.932	B4	77	66	0	0	94750	P1-1-1238	0	-
1233	108.899	108.994	G#3	63	62	0	0	94750	P1-1-1239	0	-
1234	109.005	109.108	F3	64	62	0	0	94875	P1-1-1240	0	-
1235	109.149	110.393	Bb4	75	57	0	0	95000	P1-1-1241	0	-
1236	109.171	109.295	F#3	57	59	0	0	95000	P1-1-1242	0	-
1237	109.307	109.385	F#2	58	60	0	0	95125	P1-1-1243	0	-
1238	109.45	109.507	C#4	62	58	0	0	95250	P1-1-1244	0	-
1239	109.461	109.592	F#3	53	49	0	0	95250	P1-1-1245	0	-
1240	109.595	109.697	F3	54	59	0	0	95375	P1-1-1246	0	-
1241	109.737	110.048	F#4	64	60	0	0	95500	P1-1-1247	0	-
1242	109.753	109.868	F#3	59	61	0	0	95500	P1-1-1248	0	-
1243	109.884	110.02	G#3	57	59	0	0	95625	P1-1-1249	0	-
1244	110.021	110.171	Bb3	64	62	0	0	95750	P1-1-1251	0	-
1245	110.021	110.122	F4	66	55	0	0	95750	P1-1-1250	0	-
1246	110.174	110.318	F#3	62	64	0	0	95875	P1-1-1252	0	-
1247	110.32	110.518	Eb3	55	64	0	0	96000	P1-1-1254	0	-
1248	110.342	110.648	F#4	71	63	0	0	96000	P1-1-1253	0	-
1249	110.492	110.65	F3	67	61	0	0	96125	P1-1-1255	0	-
1250	110.641	110.826	Bb4	76	58	0	0	96250	P1-1-1256	0	-
1251	110.644	110.794	F#3	63	62	0	0	96250	P1-1-1257	0	-
1252	110.762	110.923	F#4	75	62	0	0	96375	P1-1-1258	0	-
1253	110.784	110.896	Eb3	67	64	0	0	96375	P1-1-1259	0	-
1254	110.903	111.185	Eb4	76	59	0	0	96500	P1-1-1260	0	-
1255	110.917	111.042	C3	61	60	0	0	96500	P1-1-1261	0	-
1256	111.035	111.19	C#3	67	60	0	0	96625	P1-1-1262	0	-
1257	111.182	111.326	Eb3	69	63	0	0	96750	P1-1-1264	0	-
1258	111.191	111.347	F#4	76	57	0	0	96750	P1-1-1263	0	-
1259	111.305	111.446	Eb4	81	58	0	0	96875	P1-1-1265	0	-
1260	111.32	111.427	C3	63	63	0	0	96875	P1-1-1266	0	-
1261	111.446	111.507	F2	65	64	0	0	97000	P1-1-1268	0	-
1262	111.458	112.014	G#3	77	62	0	0	97000	P1-1-1267	0	-
1263	111.755	111.801	Eb4	71	65	0	0	97250	P1-1-1269	0	-
1264	111.759	111.836	F3	61	51	0	0	97250	P1-1-1270	0	-
1265	111.871	112.026	Eb3	70	65	0	0	97375	P1-1-1271	0	-
1266	112.041	112.692	G#4	78	55	0	0	97500	P1-1-1272	0	-
1267	112.068	112.168	F3	53	57	0	0	97500	P1-1-1273	0	-
1268	112.191	112.349	F#3	58	60	0	0	97625	P1-1-1274	0	-
1269	112.345	112.394	C4	67	62	0	0	97750	P1-1-1275	0	-
1270	112.348	112.445	G#3	57	63	0	0	97750	P1-1-1276	0	-
1271	112.478	112.649	F3	51	58	0	0	97875	P1-1-1277	0	-
1272	112.644	112.8	D3	48	48	0	0	98000	P1-1-1279	0	-
1273	112.669	112.933	F4	61	61	0	0	98000	P1-1-1278	0	-
1274	112.783	112.922	Eb3	57	60	0	0	98125	P1-1-1280	0	-
1275	112.954	113.073	F3	51	61	0	0	98250	P1-1-1282	0	-
1276	112.954	113.065	G#4	63	61	0	0	98250	P1-1-1281	0	-
1277	113.061	113.212	F4	69	60	0	0	98375	P1-1-1283	0	-
1278	113.114	113.19	D3	41	62	0	0	98375	P1-1-1284	0	-
1279	113.212	113.439	D4	65	51	0	0	98500	P1-1-1285	0	-
1280	113.221	113.338	Bb2	57	58	0	0	98500	P1-1-1286	0	-
1281	113.353	113.462	C3	52	59	0	0	98625	P1-1-1287	0	-
1282	113.479	113.588	D3	55	58	0	0	98750	P1-1-1289	0	-
1283	113.493	113.607	F4	63	61	0	0	98750	P1-1-1288	0	-
1284	113.605	113.73	D4	66	60	0	0	98875	P1-1-1290	0	-
1285	113.607	113.722	Bb2	49	63	0	0	98875	P1-1-1291	0	-
1286	113.762	113.81	Eb2	49	64	0	0	99000	P1-1-1293	0	-
1287	113.765	114.343	F#3	65	57	0	0	99000	P1-1-1292	0	-
1288	114.052	114.114	Bb3	60	65	0	0	99250	P1-1-1294	0	-
1289	114.056	114.182	Eb3	55	63	0	0	99250	P1-1-1295	0	-
1290	114.195	114.336	D3	60	60	0	0	99375	P1-1-1296	0	-
1291	114.348	114.466	Eb3	61	62	0	0	99500	P1-1-1298	0	-
1292	114.359	114.948	F#4	65	52	0	0	99500	P1-1-1297	0	-
1293	114.474	114.626	F3	66	60	0	0	99625	P1-1-1299	0	-
1294	114.621	114.781	F#3	67	61	0	0	99750	P1-1-1301	0	-
1295	114.64	114.704	Bb3	63	56	0	0	99750	P1-1-1300	0	-
1296	114.758	114.889	Eb3	67	63	0	0	99875	P1-1-1302	0	-
1297	114.893	115.048	Eb4	68	61	0	0	100000	P1-1-1303	0	-
1298	114.896	115.041	C3	62	62	0	0	100000	P1-1-1304	0	-
1299	115.026	115.192	F4	76	61	0	0	100125	P1-1-1305	0	-
1300	115.036	115.171	C#3	66	61	0	0	100125	P1-1-1306	0	-
1301	115.175	115.327	Eb3	68	62	0	0	100250	P1-1-1308	0	-
1302	115.181	115.274	F#4	76	61	0	0	100250	P1-1-1307	0	-
1303	115.309	115.534	Eb4	75	47	0	0	100375	P1-1-1309	0	-
1304	115.325	115.474	C3	61	62	0	0	100375	P1-1-1310	0	-
1305	115.479	116.28	Eb5	86	38	0	0	100500	P1-1-1311	0	-
1306	115.485	115.663	G#2	61	57	0	0	100500	P1-1-1312	0	-
1307	115.64	115.784	F#4	74	59	0	0	100625	P1-1-1313	0	-
1308	115.646	115.786	Bb2	64	61	0	0	100625	P1-1-1314	0	-
1309	115.78	115.902	C3	62	60	0	0	100750	P1-1-1316	0	-
1310	115.784	115.893	G#4	76	62	0	0	100750	P1-1-1315	0	-
1311	115.895	116.079	G#2	65	57	0	0	100875	P1-1-1318	0	-
1312	115.913	116.021	Eb4	76	62	0	0	100875	P1-1-1317	0	-
1313	116.083	116.202	C#2	59	61	0	0	101000	P1-1-1320	0	-
1314	116.112	116.488	F4	76	41	0	0	101000	P1-1-1319	0	-
1315	116.243	116.405	C#5	77	62	0	0	101125	P1-1-1321	0	-
1316	116.376	116.527	C5	80	61	0	0	101250	P1-1-1322	0	-
1317	116.399	116.543	C#3	67	52	0	0	101250	P1-1-1323	0	-
1318	116.508	116.676	Eb5	89	56	0	0	101375	P1-1-1324	0	-
1319	116.528	116.638	Eb3	71	65	0	0	101375	P1-1-1325	0	-
1320	116.649	116.747	C#5	79	63	0	0	101500	P1-1-1326	0	-
1321	116.652	116.697	F3	73	66	0	0	101500	P1-1-1327	0	-
1322	116.779	116.932	G#4	80	60	0	0	101625	P1-1-1328	0	-
1323	116.919	117.018	Bb4	78	58	0	0	101750	P1-1-1329	0	-
1324	116.923	116.978	C#3	59	63	0	0	101750	P1-1-1331	0	-
1325	116.924	117.255	C#4	76	56	0	0	101750	P1-1-1330	0	-
1326	117.052	117.242	B4	81	55	0	0	101875	P1-1-1332	0	-
1327	117.195	117.343	Bb4	80	57	0	0	102000	P1-1-1333	0	-
1328	117.206	117.722	F#3	59	52	0	0	102000	P1-1-1334	0	-
1329	117.333	117.452	G#4	80	57	0	0	102125	P1-1-1335	0	-
1330	117.338	117.445	C4	62	63	0	0	102125	P1-1-1336	0	-
1331	117.441	117.544	Bb3	71	62	0	0	102250	P1-1-1338	0	-
1332	117.464	117.583	F#4	78	60	0	0	102250	P1-1-1337	0	-
1333	117.563	117.708	C4	71	57	0	0	102375	P1-1-1340	0	-
1334	117.581	117.735	G#4	88	63	0	0	102375	P1-1-1339	0	-
1335	117.702	117.798	C#4	70	62	0	0	102500	P1-1-1342	0	-
1336	117.717	117.777	F5	87	64	0	0	102500	P1-1-1341	0	-
1337	117.733	118.077	F3	58	60	0	0	102500	P1-1-1343	0	-
1338	117.851	117.987	C4	74	61	0	0	102625	P1-1-1344	0	-
1339	117.997	118.06	C#5	86	62	0	0	102750	P1-1-1345	0	-
1340	117.998	118.167	Bb3	64	60	0	0	102750	P1-1-1346	0	-
1341	118.153	118.296	G#3	72	64	0	0	102875	P1-1-1347	0	-
1342	118.31	118.663	G#4	87	58	0	0	103000	P1-1-1348	0	-
1343	118.315	119.032	Bb3	73	35	0	0	103000	P1-1-1349	0	-
1344	118.326	118.388	Eb3	69	62	0	0	103000	P1-1-1350	0	-
1345	118.646	118.708	C#3	60	61	0	0	103250	P1-1-1352	0	-
1346	118.646	118.764	F#4	76	60	0	0	103250	P1-1-1351	0	-
1347	118.766	118.901	F4	77	61	0	0	103375	P1-1-1353	0	-
1348	118.904	118.937	F#4	74	68	0	0	103500	P1-1-1354	0	-
1349	118.921	119.275	C3	61	55	0	0	103500	P1-1-1355	0	-
1350	119.048	119.2	G#3	62	62	0	0	103625	P1-1-1356	0	-
1351	119.192	119.24	Eb5	77	60	0	0	103750	P1-1-1357	0	-
1352	119.207	119.478	F#3	62	64	0	0	103750	P1-1-1358	0	-
1353	119.357	119.498	G#3	59	61	0	0	103875	P1-1-1359	1	-
1354	119.474	119.859	C#3	61	63	0	0	104000	P1-1-1362	0	-
1355	119.483	119.53	F4	76	62	0	0	104000	P1-1-1360	0	-
1356	119.518	119.583	G3	47	58	0	0	104125	P1-1-1363	1	-
1357	119.685	119.838	F3	53	63	0	0	104250	P1-1-1365	0	-
1358	119.788	119.852	C#5	81	63	0	0	104250	P1-1-1364	0	-
1359	120.071	120.127	Eb4	74	63	0	0	104500	P1-1-1367	0	-
1360	120.073	120.498	G#2	43	58	0	0	104500	P1-1-1369	0	-
1361	120.076	120.159	F#3	47	54	0	0	104500	P1-1-1368	0	-
1362	120.215	120.33	F#3	44	64	0	0	-1	*	3	-
1363	120.342	120.489	F3	60	54	0	0	104625	P1-1-1370	0	-
1364	120.378	120.423	C5	77	62	0	0	104750	P1-1-1371	0	-
1365	120.479	120.661	Eb3	61	58	0	0	104750	P1-1-1372	0	-
1366	120.69	120.867	F3	66	52	0	0	105000	P1-1-1375	0	-
1367	120.69	120.847	C#4	72	62	0	0	105000	P1-1-1374	0	-
1368	120.693	120.795	Bb2	63	62	0	0	105000	P1-1-1376	0	-
1369	120.92	121.074	F4	70	57	0	0	105125	P1-1-1377	0	-
1370	120.925	121.115	G#3	65	57	0	0	105125	P1-1-1378	0	-
1371	121.063	121.205	Bb3	72	62	0	0	105250	P1-1-1380	0	-
1372	121.066	121.238	F#4	73	60	0	0	105250	P1-1-1379	0	-
1373	121.205	121.395	G#4	82	60	0	0	105375	P1-1-1381	0	-
1374	121.214	121.363	C4	73	59	0	0	105375	P1-1-1382	0	-
1375	121.347	121.435	Bb4	74	65	0	0	105500	P1-1-1383	0	-
1376	121.352	121.476	C#4	71	61	0	0	105500	P1-1-1384	0	-
1377	121.474	121.651	C5	79	41	0	0	105625	P1-1-1385	0	-
1378	121.494	121.619	C4	72	62	0	0	105625	P1-1-1386	0	-
1379	121.612	121.768	C#5	79	62	0	0	105750	P1-1-1387	0	-
1380	121.613	121.761	Bb3	74	63	0	0	105750	P1-1-1388	0	-
1381	121.748	121.889	Eb5	81	56	0	0	105875	P1-1-1389	0	-
1382	121.757	121.933	G#3	70	64	0	0	105875	P1-1-1390	0	-
1383	121.901	122.113	E5	77	60	0	0	106000	P1-1-1391	0	-
1384	121.922	122.079	G3	70	60	0	0	106000	P1-1-1392	0	-
1385	122.045	122.213	Eb5	78	61	0	0	106125	P1-1-1393	0	-
1386	122.083	122.21	G#3	69	61	0	0	106125	P1-1-1394	0	-
1387	122.196	122.354	C#5	82	63	0	0	106250	P1-1-1395	0	-
1388	122.217	122.317	Bb3	69	63	0	0	106250	P1-1-1396	0	-
1389	122.317	122.362	G3	73	66	0	0	106375	P1-1-1398	0	-
1390	122.328	122.424	Eb5	89	61	0	0	106375	P1-1-1397	0	-
1391	122.468	122.821	E5	81	60	0	0	106500	P1-1-1399	0	-
1392	122.477	123.067	Eb3	70	57	0	0	106500	P1-1-1400	0	-
1393	122.603	122.771	G5	84	63	0	0	106625	P1-1-1401	0	-
1394	122.613	122.875	C#3	63	37	0	0	106625	P1-1-1402	0	-
1395	122.745	122.904	G#5	85	63	0	0	106750	P1-1-1403	0	-
1396	122.755	122.917	C3	70	63	0	0	106750	P1-1-1404	0	-
1397	122.88	123.12	Bb5	84	62	0	0	106875	P1-1-1405	0	-
1398	122.904	123.107	Bb2	69	61	0	0	106875	P1-1-1406	0	-
1399	123.072	123.262	C#5	79	61	0	0	107000	P1-1-1407	0	-
1400	123.094	123.37	G#2	66	61	0	0	107000	P1-1-1408	0	-
1401	123.257	123.439	C5	80	62	0	0	107125	P1-1-1409	0	-
1402	123.259	123.396	Eb3	68	63	0	0	107125	P1-1-1410	0	-
1403	123.396	123.541	F3	71	63	0	0	107250	P1-1-1412	0	-
1404	123.414	123.583	Bb4	84	59	0	0	107250	P1-1-1411	0	-
1405	123.531	123.67	F#3	80	61	0	0	107375	P1-1-1414	0	-
1406	123.532	123.68	G#4	85	62	0	0	107375	P1-1-1413	0	-
1407	123.669	123.835	G#3	75	60	0	0	107500	P1-1-1416	0	-
1408	123.674	123.735	Eb5	88	64	0	0	107500	P1-1-1415	0	-
1409	123.808	123.969	Bb3	76	62	0	0	107625	P1-1-1417	0	-
1410	123.952	124.112	C4	72	64	0	0	107750	P1-1-1419	0	-
1411	123.979	124.05	F#4	83	62	0	0	107750	P1-1-1418	0	-
1412	124.103	124.333	G#3	72	64	0	0	107875	P1-1-1420	0	-
1413	124.299	124.706	F4	85	62	0	0	108000	P1-1-1421	0	-
1414	124.315	124.491	C#4	73	58	0	0	108000	P1-1-1422	0	-
1415	124.677	124.775	C#5	87	64	0	0	108250	P1-1-1425	0	-
1416	124.68	124.758	F2	74	62	0	0	108250	P1-1-1426	0	-
1417	124.684	124.732	C#4	72	61	0	0	108250	P1-1-1423	0	-
1418	124.685	124.745	G#4	77	59	0	0	108250	P1-1-1424	0	-
1419	125.074	125.193	F#2	76	63	0	0	108500	P1-1-1431	0	-
1420	125.078	125.204	Bb4	89	61	0	0	108500	P1-1-1429	0	-
1421	125.083	125.545	Eb4	72	80	0	0	108500	P1-1-1427	0	-
1422	125.087	125.159	F#4	72	57	0	0	108500	P1-1-1428	0	-
1423	125.545	126.024	Eb4	41	50	0	0	-1	*	3	-
1424	125.549	125.689	C5	90	60	0	0	108750	P1-1-1432	0	-
1425	125.561	125.687	F#4	72	49	0	0	108750	P1-1-1433	0	-
1426	125.565	125.689	G#2	78	63	0	0	108750	P1-1-1435	0	-
1427	125.566	125.699	G#4	74	58	0	0	108750	P1-1-1434	0	-
1428	126.203	128.156	C#5	89	57	0	0	109000	P1-1-1436	0	-
1429	126.208	128.212	C#2	73	43	0	0	109000	P1-1-1440	0	-
1430	126.212	128.105	C#4	82	58	0	0	109000	P1-1-1437	0	-
1431	126.223	128.158	F4	72	59	0	0	109000	P1-1-1438	0	-
1432	126.224	128.189	G#4	73	48	0	0	109000	P1-1-1439	0	-
//Missing 16250	P1-1-164
//Missing 25500	P1-1-295
//Missing 25750	P1-1-297
//Missing 39250	P1-1-477
//Missing 54500	P1-1-684
//Missing 59000	P1-1-745
//Missing 75000	P1-1-960
//Missing 75375	P1-1-969
//Missing 75500	P1-1-974
//Missing 75750	P1-1-982
//Missing 86750	P1-1-1134
//Missing 89500	P1-1-1171
//Missing 90000	P1-1-1179
//Missing 104000	P1-1-1361
//Missing 104375	P1-1-1366
//Missing 108500	P1-1-1430
//Missing 75875	P1-1-985
//Missing 104875	P1-1-1373
