//Version: ScorePerfmMatch_v170104
// Score: ./score_hmm.txt
// Perfm: ./infer_spr.txt
// fmt3x: ./score_fmt3x.txt
0	0.51282	0.595619	G4	56	63	0	0	0	P1-1-0	0	0
1	0.552884	0.666399	C5	66	63	0	0	0	P1-1-1	1	-
2	0.602296	0.686431	C3	72	62	0	0	125	P1-1-4	0	-
3	0.606303	0.735843	G2	75	80	0	0	125	P1-1-3	0	-
4	0.614316	0.679754	D5	78	61	0	0	-1	*	3	-
5	0.615651	0.670405	A3	103	67	0	0	125	P1-1-5	0	-
6	0.630341	0.819978	Eb5	94	56	0	0	125	P1-1-2	0	-
7	0.663728	0.722489	A2	34	30	0	0	-1	*	3	-
8	0.666399	0.722489	D3	31	31	0	0	-1	*	3	-
9	0.745192	0.904112	F#4	74	59	0	0	250	P1-1-6	0	-
10	0.853365	0.972221	C5	58	64	0	0	375	P1-1-7	0	-
11	0.970886	1.04033	Eb5	66	62	0	0	500	P1-1-8	0	-
12	1.04033	1.11912	D3	70	63	0	0	625	P1-1-11	0	-
13	1.04434	1.07772	G2	55	59	0	0	625	P1-1-10	0	-
14	1.07238	1.13114	B3	98	64	0	0	625	P1-1-12	0	-
15	1.07505	1.17655	D5	82	64	0	0	625	P1-1-9	0	-
16	1.15117	1.26202	F4	75	60	0	0	750	P1-1-13	0	-
17	1.25133	1.38355	B4	58	62	0	0	875	P1-1-14	0	-
18	1.39824	1.4383	D5	64	66	0	0	1000	P1-1-15	0	-
19	1.46768	1.50908	G2	36	53	0	0	1250	P1-1-20	0	-
20	1.48371	1.54647	Eb3	71	65	0	0	1250	P1-1-21	0	-
21	1.53579	1.57719	C4	99	67	0	0	-1	*	3	-
22	1.55315	1.62126	C5	75	64	0	0	1125	P1-1-16	0	-
23	1.55582	1.5852	D5	81	70	0	0	1187	P1-1-18	0	-
24	1.61458	1.71741	A4	79	61	0	0	1250	P1-1-19	0	-
25	1.7094	1.79621	F#4	79	64	0	0	1375	P1-1-23	0	-
26	1.82959	1.90438	Eb4	69	62	0	0	1500	P1-1-24	0	-
27	1.9204	1.9805	C4	75	61	0	0	1625	P1-1-25	0	-
28	1.99385	2.0633	A3	70	62	0	0	1750	P1-1-26	0	-
29	2.05796	2.13141	F#3	64	64	0	0	1875	P1-1-27	0	-
30	2.13007	2.16346	Eb3	59	66	0	0	2000	P1-1-30	0	-
31	2.15812	2.24626	G4	56	56	0	0	2000	P1-1-28	0	-
32	2.20887	2.33841	C5	62	62	0	0	2000	P1-1-29	1	-
33	2.32372	2.39182	D5	59	49	0	0	-1	*	3	-
34	2.37179	2.53606	Eb5	77	61	0	0	2125	P1-1-31	0	-
35	2.37446	2.46394	C3	78	61	0	0	2125	P1-1-33	0	-
36	2.37847	2.47863	A3	89	63	0	0	2125	P1-1-34	0	-
37	2.37847	2.49733	G2	75	63	0	0	2125	P1-1-32	0	-
38	2.49466	2.59081	F#4	75	62	0	0	2250	P1-1-35	0	-
39	2.57745	2.67494	C5	70	63	0	0	2375	P1-1-36	0	-
40	2.67761	2.75641	Eb5	80	65	0	0	2500	P1-1-37	0	-
41	2.79781	2.91132	B3	95	57	0	0	2625	P1-1-41	0	-
42	2.80048	2.92601	D3	85	62	0	0	2625	P1-1-40	0	-
43	2.80048	2.91132	D5	86	63	0	0	2625	P1-1-38	0	-
44	2.80448	2.88995	G2	82	63	0	0	2625	P1-1-39	0	-
45	2.8993	3.03552	F4	80	51	0	0	2750	P1-1-42	0	-
46	3.0008	3.10363	B4	68	62	0	0	2875	P1-1-43	0	-
47	3.11565	3.1664	D5	72	65	0	0	3000	P1-1-44	0	-
48	3.2305	3.26923	Eb3	96	66	0	0	3250	P1-1-50	0	-
49	3.23718	3.2759	G2	85	67	0	0	3250	P1-1-49	0	-
50	3.26522	3.38675	C4	93	62	0	0	-1	*	3	-
51	3.26923	3.39209	C5	92	62	0	0	3125	P1-1-45	0	-
52	3.38675	3.50961	A4	77	61	0	0	3250	P1-1-48	0	-
53	3.46955	3.58306	F#4	75	62	0	0	3375	P1-1-52	0	-
54	3.52564	3.60176	Eb4	65	64	0	0	3500	P1-1-53	0	-
55	3.6071	3.64583	C4	69	63	0	0	3625	P1-1-54	0	-
56	3.66319	3.71527	A3	72	58	0	0	3750	P1-1-55	0	-
57	3.72329	3.7954	F#3	62	64	0	0	3875	P1-1-56	0	-
58	3.8328	3.87152	Eb3	73	67	0	0	4000	P1-1-59	0	-
59	3.84615	3.94631	Eb4	66	59	0	0	-1	*	3	-
60	3.92761	4.05715	G4	64	59	0	0	4000	P1-1-58	1	-
61	3.99839	4.1453	G2	70	64	0	0	4125	P1-1-61	0	-
62	4.00641	4.08921	G#4	61	63	0	0	-1	*	3	-
63	4.0852	4.16132	E3	97	64	0	0	4189	P1-1-63	0	-
64	4.0852	4.22275	Bb4	76	57	0	0	4125	P1-1-60	0	-
65	4.20806	4.30555	C#4	63	59	0	0	4250	P1-1-64	0	-
66	4.30822	4.41907	G4	65	62	0	0	4375	P1-1-65	0	-
67	4.4164	4.57131	Bb4	66	58	0	0	4500	P1-1-66	0	-
68	4.48985	4.65544	G2	67	63	0	0	4625	P1-1-68	0	-
69	4.56997	4.69417	F3	101	59	0	0	4689	P1-1-70	0	-
70	4.56997	4.65812	G#4	67	60	0	0	4625	P1-1-67	0	-
71	4.67013	4.78632	C4	73	59	0	0	4750	P1-1-71	0	-
72	4.76629	4.88648	F4	58	63	0	0	4875	P1-1-72	0	-
73	4.87446	4.94123	G#4	68	60	0	0	5000	P1-1-73	0	-
74	4.99732	5.15357	G2	83	62	0	0	5290	P1-1-78	0	-
75	5.02938	5.20833	G3	101	60	0	0	5375	P1-1-81	0	-
76	5.07211	5.17227	G4	77	63	0	0	5125	P1-1-74	0	-
77	5.16826	5.23637	E4	71	59	0	0	5250	P1-1-77	0	-
78	5.25373	5.30315	C#4	64	62	0	0	5375	P1-1-79	0	-
79	5.35657	5.40998	Bb3	67	61	0	0	5500	P1-1-82	0	-
80	5.41933	5.49812	G3	68	60	0	0	5625	P1-1-83	0	-
81	5.47409	5.54353	E3	69	63	0	0	5725	P1-1-84	0	-
82	5.52483	5.59428	C#3	77	64	0	0	5825	P1-1-85	0	-
83	5.57692	5.70512	Bb3	61	40	0	0	5925	P1-1-86	1	-
84	5.57959	5.61298	G2	60	68	0	0	-1	*	3	-
85	5.65838	5.74252	C#4	64	57	0	0	6008	P1-1-89	1	-
86	5.73984	5.85737	E4	62	62	0	0	6008	P1-1-88	1	-
87	5.85069	5.96554	G2	108	65	0	0	6125	P1-1-92	0	-
88	5.85336	5.97889	G1	97	64	0	0	6125	P1-1-91	0	-
89	5.86538	6.047	F4	73	49	0	0	6125	P1-1-90	0	-
90	5.9001	5.94684	C#2	36	55	0	0	-1	*	3	-
91	5.91746	5.98424	A1	22	49	0	0	-1	*	3	-
92	5.98023	6.06436	G#3	72	58	0	0	6250	P1-1-93	0	-
93	6.09374	6.20058	C4	66	58	0	0	6375	P1-1-94	0	-
94	6.2126	6.32879	F4	64	64	0	0	6500	P1-1-95	0	-
95	6.33279	6.48637	G2	103	60	0	0	6625	P1-1-98	0	-
96	6.33546	6.4423	G1	94	65	0	0	6625	P1-1-97	0	-
97	6.34882	6.43028	D4	78	63	0	0	6625	P1-1-96	0	-
98	6.38087	6.43429	Bb1	45	33	0	0	-1	*	3	-
99	6.38621	6.47702	A1	49	41	0	0	-1	*	3	-
100	6.42895	6.52644	F3	62	63	0	0	6750	P1-1-99	0	-
101	6.52644	6.63594	B3	65	58	0	0	6875	P1-1-100	0	-
102	6.66132	6.7094	D4	66	62	0	0	7000	P1-1-101	0	-
103	6.78552	6.81757	G2	89	72	0	0	7139	P1-1-104	0	-
104	6.78819	6.82558	C2	87	68	0	0	7139	P1-1-103	0	-
105	6.81223	6.88968	C4	85	60	0	0	7139	P1-1-106	0	-
106	6.90838	6.96981	G3	84	57	0	0	7225	P1-1-107	0	-
107	7.01789	7.0673	Eb3	79	62	0	0	7325	P1-1-108	0	-
108	7.12473	7.1728	C3	46	54	0	0	7425	P1-1-109	0	-
109	7.19016	7.27163	G2	72	63	0	0	7525	P1-1-110	0	-
110	7.3384	7.5227	C2	108	64	0	0	7625	P1-1-111	0	-
111	7.82852	7.92601	G4	51	63	0	0	8000	P1-1-112	0	-
112	7.9033	7.98877	C5	59	60	0	0	8000	P1-1-113	1	-
113	7.95272	8.05021	G2	64	63	0	0	8125	P1-1-115	0	-
114	7.97943	8.08893	C3	70	63	0	0	8125	P1-1-116	0	-
115	7.9821	8.07424	D5	62	56	0	0	-1	*	3	-
116	8.00747	8.19444	Eb5	88	58	0	0	8125	P1-1-114	0	-
117	8.01148	8.0689	A3	104	68	0	0	8125	P1-1-117	0	-
118	8.05021	8.10897	A2	8	46	0	0	-1	*	3	-
119	8.07291	8.12366	D3	24	52	0	0	-1	*	3	-
120	8.09962	8.2345	F#4	69	61	0	0	8250	P1-1-118	0	-
121	8.18242	8.33733	C5	60	63	0	0	8375	P1-1-119	0	-
122	8.33333	8.38941	Eb5	75	61	0	0	8500	P1-1-120	0	-
123	8.36137	8.42147	G2	55	64	0	0	8625	P1-1-122	0	-
124	8.41345	8.49225	D3	75	64	0	0	8625	P1-1-123	0	-
125	8.43482	8.5283	D5	78	61	0	0	8625	P1-1-121	0	-
126	8.43749	8.48423	B3	104	66	0	0	8625	P1-1-124	0	-
127	8.49759	8.62045	F4	70	57	0	0	8750	P1-1-125	0	-
128	8.58039	8.70058	B4	68	62	0	0	8875	P1-1-126	0	-
129	8.70592	8.76735	D5	71	63	0	0	9000	P1-1-127	0	-
130	8.75667	8.8181	G2	54	63	0	0	9250	P1-1-132	0	-
131	8.8181	8.86885	Eb3	80	69	0	0	9250	P1-1-133	0	-
132	8.86084	8.89155	C4	96	67	0	0	-1	*	3	-
133	8.86217	8.93295	C5	95	65	0	0	9125	P1-1-128	0	-
134	8.88354	8.88487	B3	49	127	0	0	9250	P1-1-134	1	-
135	8.92627	9.01842	A4	81	64	0	0	9250	P1-1-131	0	-
136	9.01708	9.09454	F#4	77	62	0	0	9375	P1-1-135	0	-
137	9.11324	9.18669	Eb4	73	63	0	0	9500	P1-1-136	0	-
138	9.22542	9.28685	C4	71	55	0	0	9625	P1-1-137	0	-
139	9.29219	9.37232	A3	66	63	0	0	9750	P1-1-138	0	-
140	9.38434	9.4244	F#3	64	67	0	0	9875	P1-1-139	0	-
141	9.43909	9.47515	Eb3	49	65	0	0	10000	P1-1-142	0	-
142	9.46447	9.5673	G4	58	62	0	0	10000	P1-1-140	0	-
143	9.53258	9.64876	C5	64	63	0	0	10000	P1-1-141	1	-
144	9.62739	9.72221	D5	61	48	0	0	-1	*	3	-
145	9.69951	9.83439	G2	69	62	0	0	10125	P1-1-144	0	-
146	9.69951	9.80234	A3	81	64	0	0	10125	P1-1-146	0	-
147	9.70218	9.86244	Eb5	81	50	0	0	10125	P1-1-143	0	-
148	9.70485	9.81837	C3	68	59	0	0	10125	P1-1-145	0	-
149	9.83439	9.94256	F#4	82	61	0	0	10250	P1-1-147	0	-
150	9.91185	10.016	C5	60	65	0	0	10375	P1-1-148	0	-
151	9.99865	10.0908	Eb5	83	64	0	0	10500	P1-1-149	0	-
152	10.1135	10.239	D3	86	62	0	0	10625	P1-1-152	0	-
153	10.1135	10.2123	D5	85	64	0	0	10625	P1-1-150	0	-
154	10.1162	10.2297	B3	91	60	0	0	10625	P1-1-153	0	-
155	10.1215	10.2163	G2	81	64	0	0	10625	P1-1-151	0	-
156	10.1976	10.3085	F4	78	58	0	0	10750	P1-1-154	0	-
157	10.3005	10.4033	B4	69	61	0	0	10875	P1-1-155	0	-
158	10.4193	10.4554	D5	65	68	0	0	11000	P1-1-156	0	-
159	10.5462	10.5782	Eb3	96	69	0	0	11250	P1-1-162	0	-
160	10.5529	10.5969	G2	87	64	0	0	11250	P1-1-161	0	-
161	10.5742	10.7024	C4	93	63	0	0	-1	*	3	-
162	10.5782	10.7078	C5	95	58	0	0	11125	P1-1-157	0	-
163	10.6984	10.8333	A4	80	58	0	0	11250	P1-1-160	0	-
164	10.8013	10.9241	F#4	76	61	0	0	11375	P1-1-164	0	-
165	10.86	10.9495	Eb4	72	63	0	0	11500	P1-1-165	0	-
166	10.9562	10.9976	C4	74	65	0	0	11625	P1-1-166	0	-
167	11.0203	11.0604	A3	69	65	0	0	11750	P1-1-167	0	-
168	11.0764	11.1391	F#3	60	62	0	0	11875	P1-1-168	0	-
169	11.1792	11.2353	Eb3	76	62	0	0	12000	P1-1-171	0	-
170	11.2326	11.2967	Eb4	61	55	0	0	12000	P1-1-169	0	-
171	11.3021	11.4276	G4	69	62	0	0	12000	P1-1-170	1	-
172	11.3261	11.6359	G2	64	59	0	0	12125	P1-1-173	0	-
173	11.3862	11.5011	G#4	65	61	0	0	-1	*	3	-
174	11.4316	11.6533	E3	96	58	0	0	12189	P1-1-175	0	-
175	11.461	11.6132	Bb4	78	49	0	0	12125	P1-1-172	0	-
176	11.5758	11.696	C#4	66	59	0	0	12250	P1-1-176	0	-
177	11.684	11.8069	G4	66	62	0	0	12375	P1-1-177	0	-
178	11.8109	11.9364	Bb4	70	58	0	0	12500	P1-1-178	0	-
179	11.8416	11.9364	G2	74	64	0	0	12625	P1-1-180	0	-
180	11.895	11.9858	F3	112	63	0	0	12689	P1-1-182	0	-
181	11.9337	12.0139	G#4	66	61	0	0	12625	P1-1-179	0	-
182	11.9565	12.0072	C#3	18	52	0	0	-1	*	3	-
183	12.0085	12.1314	C4	68	60	0	0	12750	P1-1-183	0	-
184	12.1047	12.2102	F4	66	61	0	0	12875	P1-1-184	0	-
185	12.1888	12.2663	G#4	68	62	0	0	13000	P1-1-185	0	-
186	12.285	12.4492	G2	85	62	0	0	13290	P1-1-190	0	-
187	12.3317	12.508	G3	106	59	0	0	13375	P1-1-193	0	-
188	12.3745	12.4706	G4	84	63	0	0	13125	P1-1-186	0	-
189	12.4733	12.524	E4	63	62	0	0	13250	P1-1-189	0	-
190	12.5401	12.5975	C#4	72	59	0	0	13375	P1-1-191	0	-
191	12.6482	12.707	Bb3	67	62	0	0	13500	P1-1-194	0	-
192	12.719	12.7831	G3	77	63	0	0	13625	P1-1-195	0	-
193	12.7684	12.8672	E3	70	63	0	0	13725	P1-1-196	0	-
194	12.8312	12.9073	C#3	76	64	0	0	13825	P1-1-197	0	-
195	12.8859	12.9995	Bb3	59	56	0	0	13925	P1-1-198	1	-
196	12.8913	12.9287	G2	72	68	0	0	14008	P1-1-201	0	-
197	12.9581	13.0302	C#4	63	62	0	0	-1	*	3	-
198	13.0422	13.1504	E4	65	62	0	0	14008	P1-1-200	1	-
199	13.1237	13.2852	G2	102	63	0	0	14125	P1-1-204	0	-
200	13.1277	13.2959	G1	99	63	0	0	14125	P1-1-203	0	-
201	13.1464	13.2652	F4	77	61	0	0	14125	P1-1-202	0	-
202	13.2545	13.364	G#3	70	62	0	0	14250	P1-1-205	0	-
203	13.372	13.4629	C4	70	62	0	0	14375	P1-1-206	0	-
204	13.4816	13.563	F4	80	65	0	0	14500	P1-1-207	0	-
205	13.5617	13.6792	G2	102	64	0	0	14625	P1-1-210	0	-
206	13.567	13.6645	G1	94	64	0	0	14625	P1-1-209	0	-
207	13.5844	13.6912	D4	88	63	0	0	14625	P1-1-208	0	-
208	13.6685	13.7727	F3	75	62	0	0	14750	P1-1-211	0	-
209	13.7754	13.8822	B3	66	60	0	0	14875	P1-1-212	0	-
210	13.8929	13.9356	D4	72	64	0	0	15000	P1-1-213	0	-
211	13.9917	14.0264	G2	84	70	0	0	15125	P1-1-216	0	-
212	13.9944	14.0545	C2	91	64	0	0	15125	P1-1-215	0	-
213	14.0184	14.1106	C4	90	63	0	0	15125	P1-1-214	0	-
214	14.0999	14.1693	G3	67	62	0	0	15225	P1-1-217	0	-
215	14.2134	14.2815	Eb3	79	62	0	0	15325	P1-1-218	0	-
216	14.3109	14.4044	C3	59	62	0	0	15425	P1-1-219	0	-
217	14.3843	14.4605	G2	72	65	0	0	15525	P1-1-220	0	-
218	14.4524	14.5085	C2	89	63	0	0	15625	P1-1-221	0	-
219	14.6755	14.7342	D4	85	59	0	0	15875	P1-1-222	0	-
220	14.7783	14.8571	Eb4	84	64	0	0	16000	P1-1-224	0	-
221	14.9319	14.9853	G2	60	64	0	0	16125	P1-1-227	0	-
222	14.9345	15.2177	D4	86	59	0	0	16125	P1-1-225	0	-
223	15.0601	15.1749	Bb3	72	61	0	0	16250	P1-1-228	0	-
224	15.1763	15.2778	A3	56	59	0	0	16375	P1-1-229	0	-
225	15.2551	15.3499	G3	64	62	0	0	16500	P1-1-230	0	-
226	15.3632	15.3993	D3	71	67	0	0	16625	P1-1-231	0	-
227	15.5636	15.6771	G4	86	64	0	0	16875	P1-1-232	0	-
228	15.5756	15.6036	D4	81	70	0	0	16875	P1-1-233	0	-
229	15.6597	15.7906	Eb4	90	64	0	0	17000	P1-1-234	0	-
230	15.7639	15.8894	F#4	91	66	0	0	17125	P1-1-235	0	-
231	15.7652	15.8066	D2	74	63	0	0	17125	P1-1-237	0	-
232	15.7706	15.8854	D4	87	64	0	0	17125	P1-1-236	0	-
233	15.8747	15.9014	C4	80	72	0	0	17250	P1-1-238	0	-
234	15.9775	16.0203	Bb3	70	66	0	0	17375	P1-1-239	0	-
235	16.0684	16.1365	A3	78	62	0	0	17500	P1-1-240	0	-
236	16.1685	16.2099	D3	72	65	0	0	17625	P1-1-241	0	-
237	16.3929	16.465	D4	77	62	0	0	17875	P1-1-242	0	-
238	16.477	16.5384	Eb4	77	64	0	0	18000	P1-1-244	0	-
239	16.5505	16.5905	G2	66	64	0	0	18125	P1-1-247	0	-
240	16.5625	16.7575	D4	82	49	0	0	18125	P1-1-245	0	-
241	16.6613	16.7134	Bb3	75	58	0	0	18250	P1-1-248	0	-
242	16.7762	16.8643	A3	68	55	0	0	18375	P1-1-249	0	-
243	16.8656	16.9444	G3	70	63	0	0	18500	P1-1-250	0	-
244	16.9524	16.9858	D3	78	67	0	0	18625	P1-1-251	0	-
245	17.1033	17.1461	D4	81	61	0	0	18875	P1-1-253	0	-
246	17.106	17.2235	G4	87	66	0	0	18875	P1-1-252	0	-
247	17.1995	17.3357	Eb4	91	65	0	0	19000	P1-1-254	0	-
248	17.3144	17.4559	F#4	86	64	0	0	19125	P1-1-255	0	-
249	17.3264	17.4292	D4	83	41	0	0	19125	P1-1-256	0	-
250	17.329	17.3651	D2	68	63	0	0	19125	P1-1-257	0	-
251	17.4305	17.4559	C4	82	72	0	0	19250	P1-1-258	0	-
252	17.5414	17.5988	Bb3	72	63	0	0	19375	P1-1-259	0	-
253	17.6335	17.7003	A3	76	57	0	0	19500	P1-1-260	0	-
254	17.7444	17.7911	D3	67	65	0	0	19625	P1-1-261	0	-
255	18.0128	18.0756	D4	57	57	0	0	19875	P1-1-262	0	-
256	18.1103	18.2024	Eb4	61	62	0	0	20000	P1-1-264	0	-
257	18.2318	18.3533	D4	56	62	0	0	20125	P1-1-265	0	-
258	18.2425	18.2852	G2	47	63	0	0	20125	P1-1-267	0	-
259	18.3774	18.4295	Bb3	57	60	0	0	20250	P1-1-268	0	-
260	18.4642	18.5363	A3	48	60	0	0	20375	P1-1-269	0	-
261	18.5724	18.6391	G3	50	61	0	0	20500	P1-1-270	0	-
262	18.6565	18.6926	Bb4	75	65	0	0	20625	P1-1-271	0	-
263	18.6819	18.7299	D3	36	53	0	0	20625	P1-1-272	0	-
264	18.8728	18.9463	Eb4	70	60	0	0	20875	P1-1-273	0	-
265	18.9556	19.0585	F4	70	62	0	0	21000	P1-1-275	0	-
266	19.0318	19.0772	C2	53	62	0	0	21125	P1-1-278	0	-
267	19.0344	19.1012	Eb4	72	64	0	0	21125	P1-1-276	0	-
268	19.1279	19.164	Bb3	68	68	0	0	21250	P1-1-279	0	-
269	19.2321	19.2922	A3	68	60	0	0	21375	P1-1-280	0	-
270	19.3282	19.3763	G3	62	64	0	0	21500	P1-1-281	0	-
271	19.3923	19.4324	Eb5	94	58	0	0	21625	P1-1-282	0	-
272	19.4057	19.4444	C3	63	64	0	0	21625	P1-1-283	0	-
273	19.6194	19.6634	Eb4	75	60	0	0	21875	P1-1-284	0	-
274	19.6955	19.817	F4	76	64	0	0	22000	P1-1-286	0	-
275	19.7703	19.8117	F2	70	65	0	0	22125	P1-1-289	0	-
276	19.7743	19.8825	Eb4	83	63	0	0	22125	P1-1-287	0	-
277	19.8598	19.8931	A3	78	69	0	0	22250	P1-1-290	0	-
278	19.9786	20.0627	G3	70	60	0	0	22375	P1-1-291	0	-
279	20.0788	20.1282	F3	62	66	0	0	22500	P1-1-292	0	-
280	20.1522	20.1896	C3	68	63	0	0	22625	P1-1-294	0	-
281	20.1856	20.2484	A4	83	60	0	0	22625	P1-1-293	0	-
282	20.4153	20.4701	D4	66	63	0	0	22875	P1-1-295	0	-
283	20.4874	20.5622	Eb4	75	66	0	0	23000	P1-1-297	0	-
284	20.5689	20.6063	Bb1	64	61	0	0	23125	P1-1-300	0	-
285	20.5796	20.6557	D4	75	61	0	0	23125	P1-1-298	0	-
286	20.6544	20.6851	A3	76	67	0	0	23250	P1-1-301	0	-
287	20.7826	20.8346	A3	45	62	0	0	-1	*	3	-
288	20.7852	20.8346	G3	56	63	0	0	23375	P1-1-302	0	-
289	20.872	20.9174	F3	66	65	0	0	23500	P1-1-303	0	-
290	20.9722	21.0096	Bb2	78	68	0	0	23625	P1-1-305	0	-
291	20.9762	21.0123	D5	78	63	0	0	23625	P1-1-304	0	-
292	21.2032	21.254	D4	75	60	0	0	23875	P1-1-306	0	-
293	21.2834	21.3875	Eb4	74	63	0	0	24000	P1-1-308	0	-
294	21.3809	21.4944	D4	81	58	0	0	24125	P1-1-309	0	-
295	21.3942	21.4369	Eb2	59	63	0	0	24125	P1-1-311	0	-
296	21.489	21.5304	G3	70	65	0	0	24250	P1-1-312	0	-
297	21.5865	21.6533	F3	62	59	0	0	24375	P1-1-313	0	-
298	21.6934	21.7561	Eb3	63	64	0	0	24500	P1-1-314	0	-
299	21.7601	21.8122	G4	82	59	0	0	24625	P1-1-315	0	-
300	21.7655	21.8002	Bb2	73	65	0	0	24625	P1-1-316	0	-
301	21.9658	22.0152	C4	78	63	0	0	24875	P1-1-317	0	-
302	22.0473	22.1381	D4	86	49	0	0	25000	P1-1-319	0	-
303	22.1033	22.1354	A1	77	65	0	0	25125	P1-1-322	0	-
304	22.1167	22.1741	C4	81	64	0	0	25125	P1-1-320	0	-
305	22.1915	22.2222	G3	86	70	0	0	25250	P1-1-323	0	-
306	22.3143	22.4038	F3	56	62	0	0	25375	P1-1-324	0	-
307	22.4065	22.4853	Eb3	69	63	0	0	25500	P1-1-325	0	-
308	22.5	22.5574	C5	91	66	0	0	25625	P1-1-326	0	-
309	22.5133	22.5534	A2	66	63	0	0	25625	P1-1-327	0	-
310	22.7177	22.7764	C4	81	60	0	0	25875	P1-1-328	0	-
311	22.7871	22.8472	D4	86	65	0	0	26000	P1-1-330	0	-
312	22.8712	22.9193	C4	88	63	0	0	26125	P1-1-331	0	-
313	22.8926	22.9353	D2	80	66	0	0	26125	P1-1-333	0	-
314	22.9754	23.0315	F#3	83	60	0	0	26250	P1-1-334	0	-
315	23.0862	23.1677	E3	74	62	0	0	26375	P1-1-335	0	-
316	23.1731	23.2465	D3	68	63	0	0	26500	P1-1-336	0	-
317	23.2425	23.3079	F#4	81	64	0	0	26625	P1-1-337	0	-
318	23.2665	23.3026	A2	70	64	0	0	26625	P1-1-338	0	-
319	23.4989	23.5363	C5	82	65	0	0	26875	P1-1-339	0	-
320	23.5643	23.6445	D5	84	66	0	0	27000	P1-1-341	0	-
321	23.6418	23.6832	D2	81	66	0	0	27125	P1-1-344	0	-
322	23.6552	24.0264	C5	94	64	0	0	27125	P1-1-342	0	-
323	23.7526	23.8595	F#4	86	53	0	0	27250	P1-1-345	0	-
324	23.8675	23.9637	E4	76	59	0	0	27375	P1-1-346	0	-
325	23.9423	24.0411	D4	76	65	0	0	27500	P1-1-347	0	-
326	24.0505	24.0812	A3	82	70	0	0	27625	P1-1-349	0	-
327	24.0585	24.1573	F#5	98	62	0	0	27625	P1-1-348	0	-
328	24.3362	24.411	D5	89	65	0	0	27875	P1-1-350	0	-
329	24.4351	24.5179	Eb5	89	64	0	0	28000	P1-1-352	0	-
330	24.5606	24.6007	G3	101	65	0	0	28125	P1-1-356	0	-
331	24.5686	24.9826	D5	102	57	0	0	28125	P1-1-353	0	-
332	24.5793	24.6194	G2	55	35	0	0	28125	P1-1-355	0	-
333	24.6714	24.7663	Bb4	79	63	0	0	28250	P1-1-357	0	-
334	24.7583	24.813	A4	77	57	0	0	28375	P1-1-358	0	-
335	24.8651	24.9252	G4	74	66	0	0	28500	P1-1-359	0	-
336	24.9198	24.9452	D4	87	71	0	0	28625	P1-1-360	0	-
337	25.1282	25.1723	D5	78	63	0	0	28875	P1-1-362	0	-
338	25.1322	25.2364	G5	87	64	0	0	28875	P1-1-361	0	-
339	25.2083	25.3045	Eb5	87	65	0	0	29000	P1-1-363	0	-
340	25.3018	25.3432	D3	80	68	0	0	29125	P1-1-366	0	-
341	25.3045	25.4193	F#5	93	64	0	0	29125	P1-1-364	0	-
342	25.3045	25.3592	D4	93	66	0	0	29125	P1-1-367	0	-
343	25.3045	25.3913	D5	91	66	0	0	29125	P1-1-365	0	-
344	25.3632	25.4033	E5	37	56	0	0	-1	*	3	-
345	25.3699	25.422	C5	90	66	0	0	29250	P1-1-368	0	-
346	25.5075	25.5662	Bb4	81	65	0	0	29375	P1-1-369	0	-
347	25.5969	25.6824	A4	79	60	0	0	29500	P1-1-370	0	-
348	25.6944	25.7211	D4	87	70	0	0	29625	P1-1-371	0	-
349	25.8774	25.9508	D5	87	65	0	0	29875	P1-1-372	0	-
350	25.9655	26.047	Eb5	91	62	0	0	30000	P1-1-374	0	-
351	26.039	26.0844	G4	104	68	0	0	30125	P1-1-378	0	-
352	26.0403	26.0844	G3	85	65	0	0	30125	P1-1-377	0	-
353	26.0456	26.4864	D5	96	59	0	0	30125	P1-1-375	0	-
354	26.1258	26.2567	Bb4	83	60	0	0	30250	P1-1-379	0	-
355	26.2339	26.3662	A4	74	61	0	0	30375	P1-1-380	0	-
356	26.3314	26.4022	G4	77	68	0	0	30500	P1-1-381	0	-
357	26.4062	26.4343	D4	89	68	0	0	30625	P1-1-382	0	-
358	26.6052	26.7107	G5	88	64	0	0	30875	P1-1-383	0	-
359	26.6092	26.6533	D5	87	64	0	0	30875	P1-1-384	0	-
360	26.6947	26.7855	Eb5	91	67	0	0	31000	P1-1-385	0	-
361	26.7735	26.8055	D3	69	65	0	0	31125	P1-1-388	0	-
362	26.7802	26.8122	D4	86	67	0	0	31125	P1-1-389	0	-
363	26.7908	26.8803	D5	93	63	0	0	31125	P1-1-387	0	-
364	26.7962	26.9057	F#5	95	64	0	0	31125	P1-1-386	0	-
365	26.8202	26.8443	E5	57	63	0	0	-1	*	3	-
366	26.8803	26.915	C5	93	65	0	0	31250	P1-1-390	0	-
367	26.9658	27.0192	Bb4	78	67	0	0	31375	P1-1-391	0	-
368	27.0553	27.1274	A4	78	64	0	0	31500	P1-1-392	0	-
369	27.1541	27.1968	D4	89	66	0	0	31625	P1-1-393	0	-
370	27.3865	27.4479	D5	83	61	0	0	31875	P1-1-394	0	-
371	27.4906	27.6188	Eb5	84	59	0	0	32000	P1-1-396	0	-
372	27.6122	27.6549	G3	100	65	0	0	32125	P1-1-400	0	-
373	27.6175	27.6482	G2	80	66	0	0	32125	P1-1-399	0	-
374	27.6268	27.7243	D5	83	63	0	0	32125	P1-1-397	0	-
375	27.7417	27.8125	Bb4	74	62	0	0	32250	P1-1-401	0	-
376	27.8312	27.938	A4	75	57	0	0	32375	P1-1-402	0	-
377	27.9353	27.9994	G4	73	66	0	0	32500	P1-1-403	0	-
378	28.0088	28.0395	D4	74	67	0	0	32625	P1-1-405	0	-
379	28.0315	28.0849	Bb5	86	61	0	0	32625	P1-1-404	0	-
380	28.2251	28.2879	Eb5	80	62	0	0	32875	P1-1-406	0	-
381	28.3053	28.4201	F5	81	65	0	0	33000	P1-1-408	0	-
382	28.3841	28.4749	Eb5	90	66	0	0	33125	P1-1-409	0	-
383	28.3947	28.4308	C3	65	64	0	0	33125	P1-1-411	0	-
384	28.4001	28.4255	B2	69	63	0	0	-1	*	3	-
385	28.4789	28.5123	Bb4	86	64	0	0	33250	P1-1-412	0	-
386	28.575	28.6765	A4	75	61	0	0	33375	P1-1-413	0	-
387	28.6592	28.7233	G4	73	67	0	0	33500	P1-1-414	0	-
388	28.7313	28.7593	C4	77	70	0	0	33625	P1-1-416	0	-
389	28.7406	28.762	Eb6	95	69	0	0	33625	P1-1-415	0	-
390	28.9463	29.0037	Eb5	79	62	0	0	33875	P1-1-417	0	-
391	29.0237	29.1613	F5	79	63	0	0	34000	P1-1-419	0	-
392	29.0905	29.1212	G2	78	67	0	0	34125	P1-1-422	1	-
393	29.1012	29.3656	Eb5	91	64	0	0	34125	P1-1-420	0	-
394	29.2107	29.2882	A4	77	61	0	0	34250	P1-1-423	0	-
395	29.2922	29.4003	G4	69	64	0	0	34375	P1-1-424	0	-
396	29.3937	29.4538	F4	76	66	0	0	34500	P1-1-425	0	-
397	29.4564	29.4885	C4	78	69	0	0	34625	P1-1-427	0	-
398	29.4685	29.4978	A5	82	68	0	0	34625	P1-1-426	0	-
399	29.6755	29.7262	D5	82	64	0	0	34875	P1-1-428	0	-
400	29.7502	29.8451	Eb5	82	65	0	0	35000	P1-1-430	0	-
401	29.8317	29.9252	D5	91	64	0	0	35125	P1-1-431	0	-
402	29.8424	29.8704	Bb2	74	63	0	0	35125	P1-1-433	0	-
403	29.9332	29.9612	A4	71	69	0	0	35250	P1-1-434	0	-
404	30.0374	30.1028	G4	58	61	0	0	35375	P1-1-435	0	-
405	30.1242	30.1816	F4	73	64	0	0	35500	P1-1-436	0	-
406	30.1829	30.2123	D6	85	65	0	0	35625	P1-1-437	0	-
407	30.2096	30.239	Bb3	59	61	0	0	35625	P1-1-438	0	-
408	30.422	30.4807	D5	69	63	0	0	35875	P1-1-439	0	-
409	30.5034	30.5796	Eb5	75	65	0	0	36000	P1-1-441	0	-
410	30.5929	30.6303	Eb2	73	62	0	0	36125	P1-1-444	0	-
411	30.5969	30.8533	D5	82	63	0	0	36125	P1-1-442	0	-
412	30.6891	30.7532	G4	71	61	0	0	36250	P1-1-445	0	-
413	30.7759	30.844	F4	75	63	0	0	36375	P1-1-446	0	-
414	30.8734	30.9415	Eb4	72	66	0	0	36500	P1-1-447	0	-
415	30.9335	30.9628	G5	81	69	0	0	36625	P1-1-448	0	-
416	30.9588	30.9922	Bb3	61	64	0	0	36625	P1-1-449	0	-
417	31.1471	31.1952	C5	73	60	0	0	36875	P1-1-450	0	-
418	31.2046	31.3274	D5	85	65	0	0	37000	P1-1-452	0	-
419	31.2874	31.3381	A2	75	66	0	0	37125	P1-1-455	0	-
420	31.298	31.3875	C5	92	66	0	0	37125	P1-1-453	0	-
421	31.4089	31.4369	G4	79	71	0	0	37250	P1-1-456	1	-
422	31.5077	31.5344	G4	55	63	0	0	-1	*	3	-
423	31.5104	31.5491	F4	56	65	0	0	37375	P1-1-457	1	-
424	31.5691	31.6506	Eb4	72	64	0	0	37500	P1-1-458	1	-
425	31.672	31.6974	C6	81	72	0	0	37625	P1-1-459	0	-
426	31.6733	31.7107	A3	63	65	0	0	37625	P1-1-460	0	-
427	31.68	31.7094	B5	75	69	0	0	-1	*	3	-
428	31.8883	31.9484	C5	92	65	0	0	37875	P1-1-461	0	-
429	31.9631	32.0392	D5	90	66	0	0	38000	P1-1-463	0	-
430	32.0459	32.0993	C5	96	68	0	0	38125	P1-1-464	0	-
431	32.0472	32.0993	D3	77	62	0	0	38125	P1-1-466	0	-
432	32.1514	32.2102	F#4	91	63	0	0	38250	P1-1-467	0	-
433	32.2422	32.3464	E4	76	62	0	0	38375	P1-1-468	0	-
434	32.3464	32.4319	D4	81	65	0	0	38500	P1-1-469	0	-
435	32.4372	32.4666	A3	85	71	0	0	38625	P1-1-471	0	-
436	32.4652	32.5173	F#5	99	65	0	0	38625	P1-1-470	0	-
437	32.6803	32.7417	C5	91	66	0	0	38875	P1-1-472	0	-
438	32.7617	32.8245	D5	87	67	0	0	39000	P1-1-474	0	-
439	32.8392	32.8752	D3	91	67	0	0	-1	*	3	-
440	32.8459	32.8873	D2	73	63	0	0	-1	*	3	-
441	32.8512	32.906	C5	96	66	0	0	39125	P1-1-475	0	-
442	32.9594	33.0034	F#4	89	61	0	0	39250	P1-1-478	0	-
443	33.0943	33.2184	E4	83	61	0	0	39375	P1-1-480	0	-
444	33.1944	33.2959	D4	78	65	0	0	39500	P1-1-483	0	-
445	33.2919	33.3413	A3	95	67	0	0	39625	P1-1-485	0	-
446	33.3253	33.3974	C6	85	65	0	0	39625	P1-1-484	0	-
447	33.384	33.4201	C#6	42	58	0	0	-1	*	3	-
448	33.6632	33.7593	D5	67	63	0	0	40000	P1-1-486	0	-
449	33.7193	33.8207	G5	72	63	0	0	40000	P1-1-487	1	-
450	33.7553	33.8341	D3	67	63	0	0	40125	P1-1-489	0	-
451	33.7807	33.8808	G3	83	63	0	0	40125	P1-1-490	0	-
452	33.7834	33.8635	A5	83	58	0	0	-1	*	3	-
453	33.8047	33.8595	E4	96	66	0	0	40125	P1-1-491	0	-
454	33.8101	33.9316	Bb5	91	65	0	0	40125	P1-1-488	0	-
455	33.8261	33.8635	F3	50	56	0	0	-1	*	3	-
456	33.9116	34.0251	C#5	74	62	0	0	40250	P1-1-492	0	-
457	33.997	34.1239	G5	67	65	0	0	40375	P1-1-493	0	-
458	34.1172	34.1573	D3	44	55	0	0	40625	P1-1-496	0	-
459	34.1279	34.2254	A3	65	64	0	0	40625	P1-1-497	0	-
460	34.1306	34.176	Bb5	75	66	0	0	40500	P1-1-494	0	-
461	34.1693	34.2254	E3	28	30	0	0	-1	*	3	-
462	34.1746	34.2227	F#4	99	66	0	0	40625	P1-1-498	0	-
463	34.1813	34.3149	A5	87	61	0	0	40625	P1-1-495	0	-
464	34.2655	34.371	C5	76	58	0	0	40750	P1-1-499	0	-
465	34.3456	34.4564	F#5	74	63	0	0	40875	P1-1-500	0	-
466	34.4751	34.5139	A5	66	67	0	0	41000	P1-1-501	0	-
467	34.4778	34.5272	D3	43	64	0	0	41125	P1-1-503	0	-
468	34.5285	34.5913	Bb3	74	65	0	0	41125	P1-1-504	0	-
469	34.578	34.626	G4	99	67	0	0	41125	P1-1-505	0	-
470	34.5993	34.6821	G5	92	63	0	0	41125	P1-1-502	0	-
471	34.6688	34.7569	E5	84	66	0	0	41250	P1-1-506	0	-
472	34.7529	34.821	C#5	79	60	0	0	41375	P1-1-507	0	-
473	34.841	34.9172	Bb4	82	62	0	0	41500	P1-1-508	0	-
474	34.9332	35.0066	G4	77	61	0	0	41625	P1-1-509	0	-
475	35	35.0494	E4	75	62	0	0	41750	P1-1-510	0	-
476	35.052	35.0908	C#4	70	67	0	0	41875	P1-1-511	0	-
477	35.1001	35.1308	Bb3	55	63	0	0	42018	P1-1-512	0	-
478	35.1522	35.2417	D5	69	62	0	0	42018	P1-1-513	0	-
479	35.2003	35.3138	G5	68	63	0	0	42018	P1-1-514	0	-
480	35.259	35.3792	A5	61	58	0	0	42018	P1-1-515	0	-
481	35.3392	35.4153	G3	69	61	0	0	42125	P1-1-519	0	-
482	35.3418	35.3993	E4	84	61	0	0	42125	P1-1-520	0	-
483	35.3552	35.5034	Bb5	77	58	0	0	42125	P1-1-517	0	-
484	35.3552	35.4113	D3	67	57	0	0	42125	P1-1-518	0	-
485	35.4647	35.5582	C#5	76	63	0	0	42250	P1-1-521	0	-
486	35.5395	35.6343	G5	70	64	0	0	42375	P1-1-522	0	-
487	35.6263	35.6677	D3	65	65	0	0	42625	P1-1-525	0	-
488	35.6383	35.6864	Bb5	75	67	0	0	42500	P1-1-523	0	-
489	35.673	35.7585	A3	78	62	0	0	42625	P1-1-526	0	-
490	35.6904	35.7318	E3	44	54	0	0	-1	*	3	-
491	35.7118	35.8253	A5	90	62	0	0	42625	P1-1-524	0	-
492	35.7184	35.7745	F#4	98	65	0	0	42625	P1-1-527	0	-
493	35.7972	35.9014	C5	81	63	0	0	42750	P1-1-528	0	-
494	35.8787	35.9695	F#5	70	62	0	0	42875	P1-1-529	0	-
495	35.9575	36.0123	A5	77	61	0	0	43000	P1-1-530	0	-
496	36.0697	36.1204	D3	81	66	0	0	43166	P1-1-532	0	-
497	36.075	36.1137	Bb3	95	68	0	0	43166	P1-1-536	0	-
498	36.1311	36.2753	G5	85	62	0	0	43166	P1-1-534	0	-
499	36.1324	36.258	G4	94	61	0	0	43166	P1-1-537	0	-
500	36.1578	36.3154	F5	66	21	0	0	43166	P1-1-533	1	-
501	36.2433	36.3848	E5	80	59	0	0	43250	P1-1-538	0	-
502	36.3154	36.4463	C#5	75	63	0	0	43375	P1-1-539	0	-
503	36.3929	36.4743	Bb4	77	65	0	0	43500	P1-1-540	0	-
504	36.4717	36.505	G4	78	68	0	0	43625	P1-1-541	0	-
505	36.5184	36.5892	E4	71	60	0	0	43750	P1-1-542	0	-
506	36.5812	36.6466	C#4	72	65	0	0	43875	P1-1-543	0	-
507	36.664	36.7214	Bb3	74	63	0	0	44000	P1-1-545	0	-
508	36.7054	36.7922	Bb4	73	62	0	0	44000	P1-1-544	0	-
509	36.7534	36.891	D5	73	62	0	0	44000	P1-1-546	1	-
510	36.7895	36.9938	D3	64	60	0	0	44125	P1-1-548	0	-
511	36.8282	36.9217	Eb5	67	59	0	0	-1	*	3	-
512	36.8923	36.9644	B3	95	62	0	0	44125	P1-1-549	0	-
513	36.9017	37.0406	F5	78	59	0	0	44125	P1-1-547	0	-
514	37.0125	37.1153	G#4	67	60	0	0	44250	P1-1-550	0	-
515	37.0967	37.2062	D5	69	63	0	0	44375	P1-1-551	0	-
516	37.2195	37.3277	F5	68	59	0	0	44500	P1-1-552	0	-
517	37.2382	37.3384	D3	69	62	0	0	44625	P1-1-554	0	-
518	37.2916	37.3624	C4	104	66	0	0	44689	P1-1-556	0	-
519	37.3317	37.4185	Eb5	81	64	0	0	44625	P1-1-553	0	-
520	37.3985	37.5574	G4	71	55	0	0	44750	P1-1-557	0	-
521	37.496	37.6215	C5	68	63	0	0	44875	P1-1-558	1	-
522	37.5828	37.6696	Eb5	69	63	0	0	45000	P1-1-559	0	-
523	37.6856	37.7844	D3	77	61	0	0	45290	P1-1-564	0	-
524	37.7203	37.8953	D4	106	58	0	0	45375	P1-1-567	0	-
525	37.7617	37.8779	D5	90	63	0	0	45125	P1-1-560	0	-
526	37.8472	37.9433	B4	79	59	0	0	45207	P1-1-562	0	-
527	37.9166	37.9954	G#4	74	63	0	0	45375	P1-1-565	0	-
528	38.0088	38.0782	F4	73	63	0	0	45500	P1-1-568	0	-
529	38.0983	38.1811	D4	86	61	0	0	45625	P1-1-569	0	-
530	38.165	38.2305	B3	69	62	0	0	45725	P1-1-570	0	-
531	38.2091	38.2692	G#3	80	65	0	0	45825	P1-1-571	0	-
532	38.2545	38.3613	F4	61	52	0	0	45925	P1-1-572	1	-
533	38.3333	38.4134	G#4	68	63	0	0	46008	P1-1-575	1	-
534	38.4294	38.5243	B4	66	60	0	0	46008	P1-1-574	1	-
535	38.5002	38.6084	D3	104	67	0	0	46125	P1-1-578	0	-
536	38.5029	38.6271	D2	98	63	0	0	46125	P1-1-577	0	-
537	38.5203	38.6324	C5	83	63	0	0	46125	P1-1-576	0	-
538	38.6151	38.7086	Eb4	72	61	0	0	46250	P1-1-579	0	-
539	38.7233	38.8354	G4	69	64	0	0	46375	P1-1-580	0	-
540	38.8368	38.9302	C5	83	65	0	0	46500	P1-1-581	0	-
541	38.9329	39.0611	D3	107	62	0	0	46625	P1-1-584	0	-
542	38.9383	39.0585	D2	91	63	0	0	46625	P1-1-583	0	-
543	38.9503	39.0464	A4	84	62	0	0	46625	P1-1-582	0	-
544	38.9863	39.0304	E2	53	55	0	0	-1	*	3	-
545	39.0331	39.1372	C4	66	57	0	0	46750	P1-1-585	0	-
546	39.1266	39.2334	F#4	71	60	0	0	46875	P1-1-586	0	-
547	39.2735	39.3122	A4	54	64	0	0	47000	P1-1-587	0	-
548	39.379	39.4404	G2	90	64	0	0	47125	P1-1-589	0	-
549	39.379	39.423	D3	87	67	0	0	47125	P1-1-590	0	-
550	39.4124	39.4885	G4	91	58	0	0	47125	P1-1-588	0	-
551	39.5045	39.5793	D4	84	63	0	0	47225	P1-1-591	0	-
552	39.6234	39.6714	Bb3	77	62	0	0	47325	P1-1-592	0	-
553	39.7115	39.8023	G3	73	60	0	0	47425	P1-1-593	0	-
554	39.7863	39.845	D3	77	66	0	0	47525	P1-1-594	0	-
555	39.8784	39.9399	G2	94	67	0	0	47625	P1-1-595	0	-
556	40.2377	40.3472	G3	86	62	0	0	47875	P1-1-596	0	-
557	40.3565	40.4473	F#3	75	63	0	0	48000	P1-1-597	0	-
558	40.4674	40.5248	G3	85	62	0	0	48125	P1-1-598	0	-
559	40.5595	40.6356	G#3	74	62	0	0	48250	P1-1-599	0	-
560	40.6517	40.7652	F3	74	32	0	0	48375	P1-1-600	0	-
561	40.7532	40.828	G3	73	60	0	0	48500	P1-1-601	0	-
562	40.8253	40.9094	Eb3	71	64	0	0	48625	P1-1-602	0	-
563	40.9201	41.0122	F3	69	62	0	0	48750	P1-1-603	0	-
564	41.0042	41.1044	D3	70	62	0	0	48875	P1-1-604	0	-
565	41.0964	41.1832	Eb3	68	65	0	0	49000	P1-1-605	0	-
566	41.1832	41.2553	C3	86	59	0	0	49125	P1-1-606	0	-
567	41.286	41.3715	D3	75	63	0	0	49250	P1-1-607	0	-
568	41.3755	41.4022	Eb3	72	68	0	0	49375	P1-1-608	0	-
569	41.4743	41.5384	G3	84	59	0	0	49500	P1-1-609	0	-
570	41.5705	41.6479	C4	75	64	0	0	49625	P1-1-610	0	-
571	41.6773	41.7281	D4	73	63	0	0	49750	P1-1-611	0	-
572	41.7641	41.8269	Eb4	69	60	0	0	49875	P1-1-612	0	-
573	41.8402	41.8763	B3	78	65	0	0	50000	P1-1-613	0	-
574	41.9257	41.9885	C4	89	64	0	0	50125	P1-1-614	0	-
575	42.0179	42.1033	B3	78	62	0	0	50250	P1-1-615	0	-
576	42.1073	42.1835	C4	76	64	0	0	50375	P1-1-616	0	-
577	42.2155	42.2529	G3	73	64	0	0	50500	P1-1-617	0	-
578	42.289	42.3891	G#3	87	62	0	0	50625	P1-1-618	0	-
579	42.3824	42.4773	G3	79	62	0	0	50750	P1-1-619	0	-
580	42.4919	42.5627	G#3	69	64	0	0	50875	P1-1-620	0	-
581	42.5734	42.6148	E3	74	66	0	0	51000	P1-1-621	0	-
582	42.6682	42.7443	F3	89	64	0	0	51125	P1-1-622	0	-
583	42.7484	42.8205	E3	77	64	0	0	51250	P1-1-623	0	-
584	42.8418	42.9113	F3	76	64	0	0	51375	P1-1-624	0	-
585	42.9326	42.974	D3	68	66	0	0	51500	P1-1-625	0	-
586	43.0315	43.1316	G3	84	53	0	0	51625	P1-1-626	0	-
587	43.1223	43.2265	F3	65	64	0	0	51750	P1-1-627	0	-
588	43.2318	43.3333	Eb3	68	63	0	0	51875	P1-1-629	0	-
589	43.2451	43.3279	C4	68	63	0	0	51875	P1-1-628	0	-
590	43.3213	43.3734	B3	71	61	0	0	52000	P1-1-630	0	-
591	43.348	43.4041	D3	65	64	0	0	52000	P1-1-631	0	-
592	43.4094	43.4615	C4	81	65	0	0	52125	P1-1-632	0	-
593	43.4335	43.4895	Eb3	89	63	0	0	52125	P1-1-633	0	-
594	43.5136	43.5817	D4	79	64	0	0	52250	P1-1-634	0	-
595	43.6057	43.6925	C4	70	47	0	0	52375	P1-1-635	0	-
596	43.6137	43.6525	Eb3	82	66	0	0	52375	P1-1-636	0	-
597	43.7032	43.7566	D4	72	59	0	0	52500	P1-1-637	0	-
598	43.778	43.8595	Bb3	71	63	0	0	52625	P1-1-638	0	-
599	43.7873	43.8274	D3	70	67	0	0	52625	P1-1-639	0	-
600	43.8501	43.8515	E3	17	127	0	0	52625	*	3	-
601	43.8835	43.969	C4	63	62	0	0	52750	P1-1-640	0	-
602	43.977	44.0104	C3	73	65	0	0	52875	P1-1-642	0	-
603	43.9797	44.0651	A3	70	64	0	0	52875	P1-1-641	0	-
604	44.0651	44.1559	Bb3	73	64	0	0	53000	P1-1-643	0	-
605	44.1613	44.2387	G3	89	56	0	0	53125	P1-1-644	0	-
606	44.1666	44.4845	Bb2	88	63	0	0	53125	P1-1-645	0	-
607	44.2614	44.3469	A3	77	65	0	0	53250	P1-1-646	0	-
608	44.3709	44.3963	Bb3	67	64	0	0	53375	P1-1-647	0	-
609	44.4524	44.5165	D4	85	59	0	0	53500	P1-1-648	0	-
610	44.5579	44.634	G4	76	63	0	0	53625	P1-1-649	0	-
611	44.6527	44.7075	A4	68	64	0	0	53750	P1-1-650	0	-
612	44.7035	44.8718	A2	83	56	0	0	53875	P1-1-652	0	-
613	44.7275	44.7622	Bb4	70	67	0	0	53875	P1-1-651	0	-
614	44.7983	44.8624	F#4	72	60	0	0	54000	P1-1-653	0	-
615	44.8958	44.9679	G4	65	65	0	0	54125	P1-1-654	0	-
616	44.8985	44.9586	Bb2	90	65	0	0	54125	P1-1-655	0	-
617	44.9719	45.0454	F#4	74	64	0	0	54250	P1-1-656	0	-
618	45.0747	45.1375	G4	70	62	0	0	54375	P1-1-657	0	-
619	45.0934	45.1362	B2	86	66	0	0	54375	P1-1-658	0	-
620	45.1642	45.2163	D4	71	63	0	0	54500	P1-1-659	0	-
621	45.2697	45.3392	C3	78	61	0	0	54625	P1-1-661	0	-
622	45.2751	45.3632	Eb4	74	64	0	0	54625	P1-1-660	0	-
623	45.3726	45.4473	D4	69	60	0	0	54750	P1-1-662	0	-
624	45.4634	45.5074	D3	75	63	0	0	54875	P1-1-664	0	-
625	45.47	45.5395	Eb4	71	62	0	0	54875	P1-1-663	0	-
626	45.5528	45.6209	B3	69	60	0	0	55000	P1-1-665	0	-
627	45.6463	45.6891	Eb3	83	66	0	0	55125	P1-1-667	0	-
628	45.6543	45.7305	C4	75	63	0	0	55125	P1-1-666	0	-
629	45.7331	45.8133	B3	75	60	0	0	55250	P1-1-668	0	-
630	45.8226	45.8974	C4	64	63	0	0	55375	P1-1-669	0	-
631	45.8293	45.8787	C3	73	63	0	0	55375	P1-1-670	0	-
632	45.9148	45.9922	G3	72	60	0	0	55500	P1-1-671	0	-
633	46.0162	46.0523	B3	62	63	0	0	55625	P1-1-672	0	-
634	46.0216	46.059	D3	73	65	0	0	55625	P1-1-673	0	-
635	46.095	46.1311	G3	68	64	0	0	55750	P1-1-674	0	-
636	46.2192	46.2727	F3	73	62	0	0	55875	P1-1-676	0	-
637	46.2326	46.3127	G4	74	66	0	0	55875	P1-1-675	0	-
638	46.3114	46.3715	D3	68	62	0	0	56000	P1-1-678	0	-
639	46.3114	46.3862	F#4	84	65	0	0	56000	P1-1-677	0	-
640	46.3915	46.4302	Eb3	81	68	0	0	56125	P1-1-680	0	-
641	46.4022	46.4837	G4	77	63	0	0	56125	P1-1-679	0	-
642	46.5077	46.5852	G#4	77	64	0	0	56250	P1-1-681	0	-
643	46.5972	46.6266	D3	86	68	0	0	56375	P1-1-684	0	-
644	46.5985	46.6973	F4	78	59	0	0	56375	P1-1-682	0	-
645	46.6012	46.6399	D2	88	68	0	0	56375	P1-1-683	0	-
646	46.6773	46.7748	G4	78	64	0	0	56500	P1-1-685	0	-
647	46.7668	46.8482	Eb4	81	65	0	0	56625	P1-1-686	0	-
648	46.7735	46.8055	C2	88	70	0	0	56625	P1-1-687	0	-
649	46.7775	46.8055	C3	83	67	0	0	56625	P1-1-688	0	-
650	46.8643	46.9711	F4	76	64	0	0	56750	P1-1-689	0	-
651	46.9377	47.0058	Bb1	95	60	0	0	56875	P1-1-691	0	-
652	46.9431	46.9738	Bb2	92	69	0	0	56875	P1-1-692	0	-
653	46.9644	47.0686	D4	77	62	0	0	56875	P1-1-690	0	-
654	47.0579	47.1514	Eb4	82	65	0	0	57000	P1-1-693	0	-
655	47.1474	47.4919	A2	102	63	0	0	57125	P1-1-696	0	-
656	47.1501	47.4973	A1	95	63	0	0	57125	P1-1-695	0	-
657	47.1594	47.2729	C4	79	62	0	0	57125	P1-1-694	0	-
658	47.2529	47.3437	D4	73	62	0	0	57250	P1-1-697	0	-
659	47.3717	47.4011	Eb4	77	68	0	0	57375	P1-1-698	0	-
660	47.4545	47.532	G4	79	63	0	0	57500	P1-1-699	0	-
661	47.5454	47.6642	C5	84	60	0	0	57625	P1-1-700	0	-
662	47.6375	47.7136	D5	79	65	0	0	57750	P1-1-701	0	-
663	47.6936	47.7323	A2	89	66	0	0	57875	P1-1-704	0	-
664	47.6949	47.739	A1	80	65	0	0	57875	P1-1-703	0	-
665	47.7203	47.7724	Eb5	79	56	0	0	57875	P1-1-702	0	-
666	47.8044	47.8472	F#4	76	64	0	0	58000	P1-1-705	0	-
667	47.8872	48.1557	Bb2	100	64	0	0	58125	P1-1-708	0	-
668	47.8886	48.1396	Bb1	89	63	0	0	58125	P1-1-707	0	-
669	47.9139	48.0475	D5	87	65	0	0	58125	P1-1-706	0	-
670	48.0275	48.1063	G4	65	65	0	0	58250	P1-1-709	0	-
671	48.0515	48.0849	F4	47	36	0	0	58250	*	3	-
672	48.0902	48.1677	Bb4	74	64	0	0	58375	P1-1-710	0	-
673	48.1837	48.2118	D5	77	71	0	0	58500	P1-1-711	0	-
674	48.2959	48.5483	C3	95	64	0	0	58625	P1-1-714	0	-
675	48.2972	48.4481	C5	91	65	0	0	58625	P1-1-712	0	-
676	48.3012	48.5483	C2	93	63	0	0	58625	P1-1-713	0	-
677	48.3894	48.5243	Eb4	75	63	0	0	58750	P1-1-715	0	-
678	48.4869	48.5964	A4	64	63	0	0	58875	P1-1-716	0	-
679	48.5763	48.6324	C5	82	65	0	0	59000	P1-1-717	0	-
680	48.7019	48.8087	F#4	93	63	0	0	59125	P1-1-718	0	-
681	48.7112	48.9703	D3	98	58	0	0	59125	P1-1-720	0	-
682	48.7152	49.001	D2	91	58	0	0	59125	P1-1-719	0	-
683	48.7954	48.9169	C4	78	59	0	0	59250	P1-1-721	0	-
684	48.9102	48.9943	D4	82	64	0	0	59375	P1-1-722	0	-
685	48.9863	49.1212	F#4	68	64	0	0	59500	P1-1-723	0	-
686	49.1426	49.1973	D3	93	66	0	0	59625	P1-1-727	0	-
687	49.1453	49.2067	G2	87	66	0	0	59625	P1-1-726	0	-
688	49.1453	49.2134	B3	90	64	0	0	59625	P1-1-724	0	-
689	49.1479	49.2027	G4	87	67	0	0	59625	P1-1-725	0	-
690	49.4164	49.5085	G3	80	60	0	0	59875	P1-1-728	0	-
691	49.4257	49.4537	F3	64	63	0	0	59875	*	3	-
692	49.5085	49.6127	F#3	79	62	0	0	60000	P1-1-729	0	-
693	49.6233	49.6955	G3	98	63	0	0	60125	P1-1-730	0	-
694	49.7222	49.8063	G#3	81	63	0	0	60250	P1-1-731	0	-
695	49.8223	49.9265	F3	77	62	0	0	60375	P1-1-732	0	-
696	49.9105	50	G3	79	61	0	0	60500	P1-1-733	0	-
697	50.0133	50.0894	E3	70	62	0	0	60625	*	3	-
698	50.024	50.0761	Eb3	24	47	0	0	60625	P1-1-734	0	-
699	50.0934	50.1842	F3	70	62	0	0	60750	P1-1-735	0	-
700	50.1669	50.2644	D3	78	63	0	0	60875	P1-1-736	0	-
701	50.2604	50.3752	Eb3	77	65	0	0	61000	P1-1-737	0	-
702	50.3632	50.47	C3	85	59	0	0	61125	P1-1-738	0	-
703	50.4553	50.5395	D3	74	63	0	0	61250	P1-1-739	0	-
704	50.5582	50.5889	Eb3	71	66	0	0	61375	P1-1-740	0	-
705	50.6316	50.7171	G3	81	61	0	0	61500	P1-1-741	0	-
706	50.7264	50.8226	C4	78	63	0	0	61625	P1-1-742	0	-
707	50.8239	50.8974	D4	82	65	0	0	61750	P1-1-743	0	-
708	50.9188	50.9815	Eb4	76	64	0	0	61875	P1-1-744	0	-
709	50.9882	51.043	B3	81	62	0	0	62000	P1-1-745	0	-
710	51.0844	51.1792	C4	91	63	0	0	62125	P1-1-746	0	-
711	51.1725	51.2486	B3	85	60	0	0	62250	P1-1-747	0	-
712	51.278	51.3595	C4	71	64	0	0	62375	P1-1-748	0	-
713	51.3795	51.4276	G3	73	53	0	0	62500	P1-1-749	0	-
714	51.4596	51.5544	G#3	85	62	0	0	62625	P1-1-750	0	-
715	51.5531	51.6332	G3	71	61	0	0	62750	P1-1-751	0	-
716	51.6626	51.7361	G#3	68	63	0	0	62875	P1-1-752	0	-
717	51.7414	51.7828	E3	73	66	0	0	63000	P1-1-753	0	-
718	51.8349	51.9217	F3	93	63	0	0	63125	P1-1-754	0	-
719	51.919	52.0112	E3	75	64	0	0	63250	P1-1-755	0	-
720	52.0138	52.0993	F3	71	64	0	0	63375	P1-1-756	0	-
721	52.1073	52.1354	D3	72	67	0	0	63500	P1-1-757	0	-
722	52.1874	52.3116	G3	82	58	0	0	63625	P1-1-758	0	-
723	52.2956	52.4185	F3	73	63	0	0	63750	P1-1-759	0	-
724	52.4038	52.4893	C4	66	64	0	0	63875	P1-1-760	0	-
725	52.4185	52.4973	Eb3	71	65	0	0	63875	P1-1-761	0	-
726	52.4813	52.536	B3	77	61	0	0	64000	P1-1-762	0	-
727	52.5133	52.5934	D3	64	58	0	0	64000	P1-1-763	0	-
728	52.5774	52.6295	C4	82	64	0	0	64125	P1-1-764	0	-
729	52.5961	52.6562	Eb3	90	66	0	0	64125	P1-1-765	0	-
730	52.6789	52.7524	D4	76	63	0	0	64250	P1-1-766	0	-
731	52.771	52.8659	C4	72	60	0	0	64375	P1-1-767	0	-
732	52.7764	52.8084	Eb3	81	69	0	0	64375	P1-1-768	0	-
733	52.8685	52.9246	D4	72	59	0	0	64500	P1-1-769	0	-
734	52.9353	52.9794	D3	81	66	0	0	64625	P1-1-771	0	-
735	52.946	53.0154	Bb3	72	63	0	0	64625	P1-1-770	0	-
736	53.0381	53.1316	C4	70	61	0	0	64750	P1-1-772	0	-
737	53.1143	53.153	C3	82	66	0	0	64875	P1-1-774	0	-
738	53.1396	53.2264	A3	71	64	0	0	64875	P1-1-773	0	-
739	53.2238	53.3266	Bb3	75	65	0	0	65000	P1-1-775	0	-
740	53.3253	53.6565	Bb2	93	64	0	0	65125	P1-1-777	0	-
741	53.3293	53.4455	G3	90	61	0	0	65125	P1-1-776	0	-
742	53.4308	53.5176	A3	80	64	0	0	65250	P1-1-778	0	-
743	53.5349	53.559	Bb3	70	66	0	0	65375	P1-1-779	0	-
744	53.6124	53.6698	D4	90	62	0	0	65500	P1-1-780	0	-
745	53.7152	53.794	G4	79	63	0	0	65625	P1-1-781	0	-
746	53.7967	53.8635	A4	75	64	0	0	65750	P1-1-782	0	-
747	53.8715	54.0905	A2	84	63	0	0	65875	P1-1-784	0	-
748	53.8862	53.9155	Bb4	74	70	0	0	65875	P1-1-783	0	-
749	53.9583	54.0251	F#4	71	57	0	0	66000	P1-1-785	0	-
750	54.0491	54.1412	G4	59	66	0	0	66125	P1-1-786	0	-
751	54.0584	54.1132	Bb2	93	66	0	0	66125	P1-1-787	0	-
752	54.1372	54.212	F#4	78	64	0	0	66250	P1-1-788	0	-
753	54.2454	54.3135	G4	74	62	0	0	66375	P1-1-789	0	-
754	54.2561	54.2921	B2	77	68	0	0	66375	P1-1-790	0	-
755	54.3376	54.4003	D4	73	60	0	0	66500	P1-1-791	0	-
756	54.3402	54.3416	C3	16	127	0	0	66625	*	3	-
757	54.4484	54.4818	C3	79	66	0	0	66625	P1-1-793	0	-
758	54.4604	54.5392	Eb4	74	63	0	0	66625	P1-1-792	0	-
759	54.5472	54.6233	D4	70	59	0	0	66750	P1-1-794	0	-
760	54.618	54.6527	D3	78	67	0	0	66875	P1-1-796	0	-
761	54.6474	54.7168	Eb4	73	64	0	0	66875	P1-1-795	0	-
762	54.7168	54.7943	B3	73	60	0	0	67000	P1-1-797	0	-
763	54.805	54.8677	Eb3	88	64	0	0	67125	P1-1-799	0	-
764	54.825	54.8864	C4	74	61	0	0	67125	P1-1-798	0	-
765	54.8998	54.9893	B3	67	62	0	0	67250	P1-1-800	0	-
766	54.9866	55.0507	C3	78	61	0	0	67375	P1-1-802	0	-
767	54.9866	55.0694	C4	72	62	0	0	67375	P1-1-801	0	-
768	55.0774	55.1615	G3	75	61	0	0	67500	P1-1-803	0	-
769	55.1602	55.2043	D3	81	65	0	0	67625	P1-1-805	0	-
770	55.1602	55.2296	B3	64	60	0	0	67625	P1-1-804	0	-
771	55.2443	55.2978	G3	72	63	0	0	67750	P1-1-806	0	-
772	55.3712	55.4313	F3	81	61	0	0	67875	P1-1-808	0	-
773	55.3912	55.478	G4	79	66	0	0	67875	P1-1-807	0	-
774	55.4527	55.5275	D3	61	61	0	0	68000	P1-1-810	0	-
775	55.4754	55.5435	F#4	85	65	0	0	68000	P1-1-809	0	-
776	55.5368	55.5835	Eb3	86	65	0	0	68125	P1-1-812	0	-
777	55.5528	55.629	G4	78	62	0	0	68125	P1-1-811	0	-
778	55.6557	55.7331	G#4	80	64	0	0	68250	P1-1-813	0	-
779	55.7291	55.7692	D3	90	65	0	0	68375	P1-1-816	0	-
780	55.7304	55.7718	D2	85	68	0	0	68375	P1-1-815	0	-
781	55.7411	55.8132	F4	84	63	0	0	68375	P1-1-814	0	-
782	55.84	55.9241	G4	63	64	0	0	68500	P1-1-817	0	-
783	55.9067	55.9415	C2	95	71	0	0	68625	P1-1-819	0	-
784	55.9094	55.9361	C3	93	69	0	0	68625	P1-1-820	0	-
785	55.9174	56.0216	Eb4	78	64	0	0	68625	P1-1-818	0	-
786	56.0176	56.1324	F4	74	63	0	0	68750	P1-1-821	0	-
787	56.0884	56.1378	Bb1	92	60	0	0	68875	P1-1-823	0	-
788	56.0897	56.1231	Bb2	94	67	0	0	68875	P1-1-824	0	-
789	56.1097	56.2192	D4	83	62	0	0	68875	P1-1-822	0	-
790	56.1979	56.3274	Eb4	74	63	0	0	69000	P1-1-825	0	-
791	56.2994	56.6666	A2	101	62	0	0	69125	P1-1-828	0	-
792	56.2994	56.4423	C4	84	62	0	0	69125	P1-1-826	0	-
793	56.3034	56.6666	A1	94	62	0	0	69125	P1-1-827	0	-
794	56.4022	56.5023	D4	74	63	0	0	69250	P1-1-829	0	-
795	56.5064	56.5397	Eb4	77	71	0	0	69375	P1-1-830	0	-
796	56.5918	56.696	G4	89	62	0	0	69500	P1-1-831	0	-
797	56.6813	56.8082	C5	87	62	0	0	69625	P1-1-832	0	-
798	56.7761	56.8603	D5	78	64	0	0	69750	P1-1-833	0	-
799	56.8402	56.8803	A2	89	64	0	0	69875	P1-1-836	0	-
800	56.8402	56.9097	Eb5	89	64	0	0	69875	P1-1-834	0	-
801	56.8416	56.8843	A1	79	67	0	0	69875	P1-1-835	0	-
802	56.9471	57.0072	F#4	84	63	0	0	70000	P1-1-837	0	-
803	57.0445	57.3544	Bb2	97	63	0	0	70125	P1-1-840	0	-
804	57.0459	57.3464	Bb1	87	62	0	0	70125	P1-1-839	0	-
805	57.0673	57.1874	D5	90	64	0	0	70125	P1-1-838	0	-
806	57.1621	57.2702	G4	83	63	0	0	70250	P1-1-841	0	-
807	57.2662	57.3544	Bb4	73	64	0	0	70375	P1-1-842	0	-
808	57.3477	57.4065	D5	81	63	0	0	70500	P1-1-843	0	-
809	57.4866	57.7537	C3	93	60	0	0	70625	P1-1-846	0	-
810	57.4919	57.6362	C5	96	60	0	0	70625	P1-1-844	0	-
811	57.4933	57.7323	C2	90	63	0	0	70625	P1-1-845	0	-
812	57.5854	57.7323	Eb4	81	63	0	0	70750	P1-1-847	0	-
813	57.6963	57.8445	A4	74	61	0	0	70875	P1-1-848	0	-
814	57.8205	57.8992	C5	94	65	0	0	71000	P1-1-849	0	-
815	57.9901	58.1263	D3	96	66	0	0	71125	P1-1-852	0	-
816	57.9901	58.1209	F#4	96	63	0	0	71125	P1-1-850	0	-
817	57.9927	58.1383	D2	88	64	0	0	71125	P1-1-851	0	-
818	58.1129	58.2011	C4	83	64	0	0	71250	P1-1-853	0	-
819	58.2625	58.3733	D4	102	57	0	0	71375	P1-1-854	0	-
820	58.4067	58.6391	F#4	90	64	0	0	71500	P1-1-855	0	-
821	58.5843	58.6364	G2	84	65	0	0	71625	P1-1-858	0	-
822	58.5857	58.6244	D3	94	68	0	0	71625	P1-1-859	0	-
823	58.5924	58.6484	B3	95	64	0	0	71625	P1-1-856	0	-
824	58.5964	58.6698	G4	92	67	0	0	71625	P1-1-857	0	-
825	58.9249	59.0424	C5	83	64	0	0	71875	P1-1-860	0	-
826	59.0478	59.1466	B4	69	61	0	0	72000	P1-1-861	0	-
827	59.1746	59.2454	C2	87	62	0	0	72125	P1-1-863	0	-
828	59.1893	59.2628	C5	54	80	0	0	72125	P1-1-862	0	-
829	59.204	59.2815	B4	39	51	0	0	-1	*	3	-
830	59.2815	59.3549	C5	55	58	0	0	72250	P1-1-864	1	-
831	59.4123	59.4925	Bb4	67	61	0	0	72375	P1-1-865	0	-
832	59.4244	59.8504	C3	70	59	0	0	72375	P1-1-866	0	-
833	59.5031	59.606	C5	72	63	0	0	72500	P1-1-867	0	-
834	59.6127	59.6995	G#4	65	61	0	0	72625	P1-1-868	0	-
835	59.6981	59.7823	Bb4	70	63	0	0	72750	P1-1-869	0	-
836	59.7756	59.8984	G4	66	60	0	0	72875	P1-1-870	0	-
837	59.8076	59.9465	E3	67	63	0	0	72875	P1-1-871	0	-
838	59.8757	59.9732	G#4	69	63	0	0	73000	P1-1-872	0	-
839	59.9652	60.5515	F3	85	62	0	0	73125	P1-1-874	0	-
840	59.9706	60.0774	F4	69	56	0	0	73125	P1-1-873	0	-
841	60.0614	60.1295	G4	71	65	0	0	73250	P1-1-875	0	-
842	60.1415	60.4954	F2	75	58	0	0	73375	P1-1-877	0	-
843	60.1736	60.2003	G#4	62	65	0	0	73375	P1-1-876	0	-
844	60.2363	60.3044	C5	87	64	0	0	73500	P1-1-878	0	-
845	60.3418	60.4313	F5	81	63	0	0	73625	P1-1-879	0	-
846	60.4393	60.5074	G5	79	65	0	0	73750	P1-1-880	0	-
847	60.5047	60.5435	G#2	68	65	0	0	73875	P1-1-882	1	-
848	60.5168	60.5729	G#5	78	66	0	0	73875	P1-1-881	0	-
849	60.6156	60.6744	Eb5	77	57	0	0	74000	P1-1-883	0	-
850	60.677	61.0817	Bb2	97	59	0	0	74125	P1-1-885	0	-
851	60.6864	60.7839	D5	67	65	0	0	74125	P1-1-884	0	-
852	60.7932	60.8854	Eb5	82	62	0	0	74250	P1-1-886	0	-
853	60.88	61.0723	F3	76	64	0	0	74375	P1-1-888	0	-
854	60.892	60.9842	C5	79	39	0	0	74375	P1-1-887	0	-
855	60.9882	61.0843	D5	79	63	0	0	74500	P1-1-889	0	-
856	61.0737	61.1792	Bb4	81	64	0	0	74625	P1-1-890	0	-
857	61.0817	61.1284	G3	77	63	0	0	74625	P1-1-891	0	-
858	61.1685	61.2673	C5	76	64	0	0	74750	P1-1-892	0	-
859	61.2526	61.3822	A4	83	59	0	0	74875	P1-1-893	0	-
860	61.2566	61.2913	A3	83	67	0	0	74875	P1-1-894	0	-
861	61.3675	61.4649	Bb4	81	64	0	0	75000	P1-1-895	0	-
862	61.4543	62.2182	Bb3	83	62	0	0	75125	P1-1-897	0	-
863	61.4583	61.5785	G4	79	64	0	0	75125	P1-1-896	0	-
864	61.5678	61.6466	A4	75	63	0	0	75250	P1-1-898	0	-
865	61.6412	61.9631	Bb2	64	60	0	0	75375	P1-1-900	0	-
866	61.6573	61.688	Bb4	73	65	0	0	75375	P1-1-899	0	-
867	61.7267	61.7948	D5	96	65	0	0	75500	P1-1-901	0	-
868	61.8269	61.9203	G5	93	65	0	0	75625	P1-1-902	0	-
869	61.915	61.9791	A5	86	67	0	0	75750	P1-1-903	0	-
870	61.9711	62.0272	D3	72	61	0	0	75875	P1-1-905	0	-
871	61.9898	62.1033	Bb5	85	62	0	0	75875	P1-1-904	0	-
872	62.0672	62.1955	F#5	85	61	0	0	76000	P1-1-906	0	-
873	62.1634	62.4265	Eb3	91	63	0	0	76125	P1-1-909	0	-
874	62.1861	62.2756	G5	77	63	0	0	76125	P1-1-907	0	-
875	62.2702	62.3784	G#5	75	64	0	0	76250	P1-1-910	0	-
876	62.3637	62.56	B3	95	56	0	0	76375	P1-1-912	0	-
877	62.3824	62.4625	F5	80	59	0	0	76375	P1-1-911	0	-
878	62.5253	62.6175	G5	69	62	0	0	76500	P1-1-913	0	-
879	62.6028	62.6602	C4	84	67	0	0	76625	P1-1-915	0	-
880	62.6255	62.7069	Eb5	73	63	0	0	76625	P1-1-914	0	-
881	62.7163	62.8191	F5	68	62	0	0	76750	P1-1-916	0	-
882	62.763	62.8084	D4	98	69	0	0	76875	P1-1-918	0	-
883	62.8124	62.9113	D5	84	65	0	0	76875	P1-1-917	0	-
884	62.9032	62.9874	Eb5	80	65	0	0	77000	P1-1-919	0	-
885	62.9353	63.5216	Eb4	108	64	0	0	77125	P1-1-921	0	-
886	62.9674	63.0889	C5	87	64	0	0	77125	P1-1-920	0	-
887	63.0688	63.1423	D5	84	66	0	0	77250	P1-1-922	0	-
888	63.1223	63.4268	Eb3	92	56	0	0	77375	P1-1-924	0	-
889	63.153	63.1743	Eb5	77	68	0	0	77375	P1-1-923	0	-
890	63.2251	63.2985	G5	96	61	0	0	77500	P1-1-925	0	-
891	63.3253	63.4201	C6	90	64	0	0	77625	P1-1-926	0	-
892	63.4174	63.4895	D6	91	67	0	0	77750	P1-1-927	0	-
893	63.4441	63.4828	G3	71	66	0	0	77875	P1-1-929	0	-
894	63.4909	63.5803	Eb6	92	63	0	0	77875	P1-1-928	0	-
895	63.5897	63.6658	B5	91	65	0	0	78000	P1-1-930	0	-
896	63.6524	63.9075	G#3	77	58	0	0	78125	P1-1-932	0	-
897	63.7246	63.7953	C6	92	66	0	0	78125	P1-1-931	0	-
898	63.8434	63.9022	D6	87	62	0	0	78250	P1-1-933	0	-
899	63.9062	63.9783	Eb4	74	62	0	0	78375	P1-1-936	0	-
900	63.9062	63.9863	C4	66	55	0	0	78375	P1-1-935	0	-
901	63.9329	63.9863	Eb6	80	66	0	0	78375	P1-1-934	0	-
902	64.0023	64.0891	B5	91	64	0	0	78500	P1-1-937	0	-
903	64.0771	64.2467	A3	77	57	0	0	78625	P1-1-939	0	-
904	64.0891	64.1853	C6	81	63	0	0	78625	P1-1-938	0	-
905	64.1746	64.2441	D6	88	66	0	0	78750	P1-1-940	0	-
906	64.2441	64.2935	Eb4	70	63	0	0	78875	P1-1-943	0	-
907	64.2507	64.3055	Eb6	81	66	0	0	78875	P1-1-941	0	-
908	64.2574	64.2975	F#4	79	64	0	0	78875	P1-1-944	0	-
909	64.3749	64.4163	F#5	90	58	0	0	79000	P1-1-945	0	-
910	64.443	64.4978	G4	81	66	0	0	79125	P1-1-950	0	-
911	64.4444	64.5005	F4	66	65	0	0	79125	P1-1-949	0	-
912	64.4551	64.5138	D4	64	57	0	0	79125	P1-1-948	0	-
913	64.4564	64.5379	B3	67	60	0	0	79125	P1-1-947	0	-
914	64.4965	64.5899	G5	93	61	0	0	79125	P1-1-946	0	-
915	64.6287	64.6914	G#5	78	66	0	0	79250	P1-1-951	0	-
916	64.6954	64.7569	Eb4	67	62	0	0	79375	P1-1-954	0	-
917	64.7048	64.7489	G#4	71	63	0	0	79375	P1-1-955	0	-
918	64.7288	64.7943	G5	89	64	0	0	79375	P1-1-952	0	-
919	64.821	64.9091	G#5	83	66	0	0	79500	P1-1-956	0	-
920	64.8837	64.9438	B4	81	64	0	0	79625	P1-1-961	0	-
921	64.8944	64.9345	F4	67	63	0	0	79625	P1-1-959	0	-
922	64.8958	64.9612	D4	67	61	0	0	79625	P1-1-958	0	-
923	64.9024	64.9759	G4	70	57	0	0	79625	P1-1-960	0	-
924	64.9078	64.9893	G5	91	56	0	0	79625	P1-1-957	0	-
925	65.0039	65.0988	G#5	91	66	0	0	79750	P1-1-962	0	-
926	65.0574	65.1255	C5	94	66	0	0	79875	P1-1-966	0	-
927	65.06	65.1669	Eb4	87	61	0	0	79875	P1-1-964	0	-
928	65.0721	65.1468	G4	73	57	0	0	79875	P1-1-965	0	-
929	65.0854	65.1682	G5	88	62	0	0	79875	P1-1-963	0	-
930	65.1842	65.2804	G#5	88	67	0	0	80000	P1-1-967	0	-
931	65.231	65.2697	D5	103	69	0	0	80125	P1-1-971	0	-
932	65.235	65.2831	G4	96	66	0	0	80125	P1-1-970	0	-
933	65.239	65.2911	F4	85	66	0	0	80125	P1-1-969	0	-
934	65.259	65.3725	G5	89	61	0	0	80125	P1-1-968	0	-
935	65.3899	65.4847	G#5	86	66	0	0	80250	P1-1-972	0	-
936	65.4807	65.7091	G3	86	62	0	0	80375	P1-1-974	0	-
937	65.4874	65.7011	G4	92	66	0	0	80375	P1-1-975	0	-
938	65.4954	65.6263	F5	83	63	0	0	80375	P1-1-973	0	-
939	65.5101	65.5395	A3	65	39	0	0	80375	*	3	-
940	65.6062	65.6984	G5	83	64	0	0	80500	P1-1-976	0	-
941	65.7011	65.8092	Eb5	76	63	0	0	80625	P1-1-977	0	-
942	65.7865	65.8894	F5	76	64	0	0	80750	P1-1-978	0	-
943	65.8426	66.2072	G4	98	57	0	0	80875	P1-1-981	0	-
944	65.8453	65.9134	G3	93	61	0	0	80875	P1-1-980	0	-
945	65.8813	65.9949	D5	85	63	0	0	80875	P1-1-979	0	-
946	65.9842	66.0843	Eb5	79	65	0	0	81000	P1-1-982	0	-
947	66.0656	66.2593	C4	95	62	0	0	81125	P1-1-984	0	-
948	66.0803	66.1698	C5	90	60	0	0	81125	P1-1-983	0	-
949	66.1832	66.2513	D5	76	65	0	0	81250	P1-1-985	0	-
950	66.2593	66.3394	Eb4	87	61	0	0	81375	P1-1-987	0	-
951	66.2633	66.2833	Eb5	76	70	0	0	81375	P1-1-986	0	-
952	66.3514	66.4102	G5	87	61	0	0	81500	P1-1-988	0	-
953	66.4342	66.5304	C6	77	64	0	0	81625	P1-1-989	0	-
954	66.4369	66.489	A4	83	65	0	0	81625	P1-1-990	0	-
955	66.4903	66.5504	D6	75	64	0	0	81750	P1-1-991	0	-
956	66.5544	66.6092	Eb6	75	63	0	0	81875	P1-1-993	0	-
957	66.5998	66.6759	C5	88	64	0	0	81875	P1-1-994	0	-
958	66.6292	66.7053	G5	83	62	0	0	81875	P1-1-992	0	-
959	66.7214	66.7908	F#5	85	65	0	0	82000	P1-1-995	0	-
960	66.7774	66.8028	B4	94	68	0	0	82125	P1-1-999	0	-
961	66.7855	66.8162	F4	73	70	0	0	82125	P1-1-998	0	-
962	66.7868	66.8135	D4	91	70	0	0	82125	P1-1-997	0	-
963	66.7961	66.8656	G5	95	61	0	0	82125	P1-1-996	0	-
964	66.8936	66.9884	G#5	86	65	0	0	82250	P1-1-1000	0	-
965	66.9884	67.0552	F5	89	63	0	0	82375	P1-1-1001	0	-
966	66.9911	67.1714	G4	102	67	0	0	82375	P1-1-1002	0	-
967	66.9991	67.1821	G3	86	62	0	0	82375	*	3	-
968	67.0152	67.0472	A3	77	54	0	0	82375	*	3	-
969	67.1086	67.1901	G5	83	63	0	0	82500	P1-1-1003	0	-
970	67.1781	67.2542	Eb5	83	65	0	0	82625	P1-1-1004	0	-
971	67.2863	67.3904	F5	77	64	0	0	82750	P1-1-1005	0	-
972	67.3464	67.6054	G4	97	60	0	0	82875	P1-1-1008	0	-
973	67.353	67.4078	G3	97	62	0	0	82875	P1-1-1007	0	-
974	67.3837	67.4826	D5	84	65	0	0	82875	P1-1-1006	0	-
975	67.4772	67.5654	Eb5	83	65	0	0	83000	P1-1-1009	0	-
976	67.556	67.7056	C4	98	59	0	0	83125	P1-1-1011	0	-
977	67.564	67.6856	C5	91	62	0	0	83125	P1-1-1010	0	-
978	67.6682	67.7417	D5	87	66	0	0	83250	P1-1-1012	0	-
979	67.743	67.8164	Eb4	84	64	0	0	83375	P1-1-1014	0	-
980	67.7483	67.7697	Eb5	81	68	0	0	83375	P1-1-1013	0	-
981	67.8418	67.8966	G5	71	61	0	0	83500	P1-1-1015	0	-
982	67.8498	67.8792	F5	65	63	0	0	83500	*	3	-
983	67.9099	67.9633	A4	82	60	0	0	83625	P1-1-1017	0	-
984	67.9206	68.0087	C6	79	64	0	0	83625	P1-1-1016	0	-
985	67.99	68.0355	D6	65	64	0	0	83750	P1-1-1018	0	-
986	68.0461	68.1089	Eb6	74	64	0	0	83875	P1-1-1020	0	-
987	68.0635	68.1303	C5	78	64	0	0	83875	P1-1-1021	0	-
988	68.1089	68.1904	G5	80	63	0	0	83875	P1-1-1019	0	-
989	68.1997	68.2745	F#5	89	63	0	0	84000	P1-1-1022	0	-
990	68.2678	68.3453	D4	75	62	0	0	84125	P1-1-1024	0	-
991	68.2745	68.3092	B4	68	67	0	0	84125	P1-1-1026	0	-
992	68.2879	68.3346	F4	45	57	0	0	84125	P1-1-1025	0	-
993	68.2905	68.376	G5	95	65	0	0	84125	P1-1-1023	0	-
994	68.3974	68.4521	G#5	86	65	0	0	84250	P1-1-1027	0	-
995	68.4962	68.5296	G3	80	67	0	0	-1	*	3	-
996	68.5082	68.5376	F5	74	69	0	0	84375	P1-1-1028	0	-
997	68.5216	68.5523	G5	63	62	0	0	-1	*	3	-
998	68.579	68.6484	F6	70	63	0	0	84500	P1-1-1029	0	-
999	68.6564	68.7272	F5	82	62	0	0	84625	P1-1-1030	0	-
1000	68.6685	68.7045	F#4	77	66	0	0	84625	P1-1-1032	1	-
1001	68.6805	68.7459	C5	79	62	0	0	84625	P1-1-1033	0	-
1002	68.6898	68.7673	Eb4	75	62	0	0	84625	P1-1-1031	0	-
1003	68.7473	68.8354	G5	84	61	0	0	84750	P1-1-1034	0	-
1004	68.8167	68.8634	Bb5	33	56	0	0	-1	*	3	-
1005	68.8474	68.9262	Eb5	95	63	0	0	84875	P1-1-1035	0	-
1006	68.8648	68.8888	G3	87	72	0	0	84875	P1-1-1036	0	-
1007	68.9356	69.0063	Eb6	80	66	0	0	85000	P1-1-1037	0	-
1008	69.025	69.1225	Eb5	101	64	0	0	85125	P1-1-1038	0	-
1009	69.0264	69.0745	D5	94	65	0	0	-1	*	3	-
1010	69.0304	69.0945	G#4	87	65	0	0	85125	P1-1-1040	0	-
1011	69.0371	69.0905	F4	79	66	0	0	85125	P1-1-1039	0	-
1012	69.0958	69.0972	F#4	12	127	0	0	-1	*	3	-
1013	69.1172	69.2307	F5	59	64	0	0	85250	P1-1-1041	0	-
1014	69.1706	69.2414	F#5	30	45	0	0	-1	*	3	-
1015	69.2133	69.3001	G3	95	59	0	0	85375	P1-1-1043	0	-
1016	69.2254	69.2895	D5	91	65	0	0	85375	P1-1-1042	0	-
1017	69.3362	69.3776	D6	87	53	0	0	85500	P1-1-1044	0	-
1018	69.411	69.5245	Eb4	94	64	0	0	85625	P1-1-1046	0	-
1019	69.4123	69.4911	G4	95	63	0	0	85625	P1-1-1047	0	-
1020	69.4137	69.5539	D5	90	54	0	0	85625	P1-1-1045	0	-
1021	69.4925	69.5939	Eb5	75	65	0	0	85750	P1-1-1048	0	-
1022	69.5966	69.7235	G3	90	59	0	0	85875	P1-1-1050	0	-
1023	69.5993	69.6594	C5	87	65	0	0	85875	P1-1-1049	0	-
1024	69.6888	69.7569	C6	86	63	0	0	86000	P1-1-1051	0	-
1025	69.7796	69.8624	C5	98	65	0	0	86125	P1-1-1052	0	-
1026	69.7822	69.8517	D4	96	66	0	0	86125	P1-1-1053	0	-
1027	69.7863	69.8464	F4	99	66	0	0	86125	P1-1-1054	0	-
1028	69.8584	69.9919	D5	72	65	0	0	86250	P1-1-1055	0	-
1029	69.9719	70.1388	G3	93	57	0	0	86375	P1-1-1057	0	-
1030	69.9772	70.0453	Bb4	90	64	0	0	86375	P1-1-1056	0	-
1031	70.0734	70.1495	Bb5	88	65	0	0	86500	P1-1-1058	0	-
1032	70.1695	70.2857	Bb4	95	59	0	0	86625	P1-1-1059	0	-
1033	70.1762	70.3031	C4	86	62	0	0	86625	P1-1-1060	0	-
1034	70.1775	70.251	Eb4	94	63	0	0	86625	P1-1-1061	0	-
1035	70.2844	70.4273	C5	75	63	0	0	86750	P1-1-1062	0	-
1036	70.3859	70.6062	G3	84	61	0	0	86875	P1-1-1064	0	-
1037	70.4113	70.4994	G#4	93	63	0	0	86875	P1-1-1063	0	-
1038	70.5101	70.5862	G#5	75	66	0	0	87000	P1-1-1065	0	-
1039	70.5969	70.6343	B3	92	67	0	0	87125	P1-1-1067	0	-
1040	70.5969	70.6289	D4	97	65	0	0	87125	P1-1-1068	0	-
1041	70.6076	70.7505	G#4	98	35	0	0	87125	P1-1-1066	0	-
1042	70.7411	70.8266	Bb4	83	64	0	0	87250	P1-1-1069	0	-
1043	70.8773	70.9521	G4	90	65	0	0	87375	P1-1-1070	0	-
1044	70.88	71.2339	G3	100	53	0	0	87375	P1-1-1071	0	-
1045	70.9161	70.9494	A4	50	37	0	0	-1	*	3	-
1046	71.0109	71.1164	G5	96	62	0	0	87500	P1-1-1072	0	-
1047	71.1511	71.2392	G4	98	64	0	0	87625	P1-1-1073	0	-
1048	71.2887	71.4102	G5	102	61	0	0	87750	P1-1-1074	0	-
1049	71.4583	71.4916	G3	102	65	0	0	87875	P1-1-1078	0	-
1050	71.4583	71.5477	G4	98	64	0	0	87875	P1-1-1075	0	-
1051	71.4623	71.5144	G2	89	64	0	0	87875	P1-1-1077	0	-
1052	71.6372	71.7254	G#4	94	63	0	0	88000	P1-1-1079	0	-
1053	71.8362	71.8843	C3	104	67	0	0	88125	P1-1-1083	0	-
1054	71.8429	71.8803	C2	85	69	0	0	88125	P1-1-1082	0	-
1055	71.8589	71.9417	G4	98	64	0	0	88125	P1-1-1080	0	-
1056	71.9123	71.9831	Eb4	88	64	0	0	88250	P1-1-1084	0	-
1057	72.0686	72.1928	D4	68	64	0	0	88375	P1-1-1085	0	-
1058	72.1567	72.2115	C4	77	67	0	0	88500	P1-1-1086	0	-
1059	72.2021	72.2342	G3	83	68	0	0	88625	P1-1-1087	1	-
1060	72.3824	72.4599	G4	74	63	0	0	88875	P1-1-1089	0	-
1061	72.3918	72.4732	C5	77	65	0	0	88875	P1-1-1088	0	-
1062	72.4612	72.5213	G#4	83	65	0	0	89000	P1-1-1090	0	-
1063	72.5333	72.5814	G3	98	66	0	0	89125	P1-1-1094	0	-
1064	72.5387	72.5694	G2	83	66	0	0	89125	P1-1-1093	0	-
1065	72.5413	72.6669	G4	92	66	0	0	89125	P1-1-1092	0	-
1066	72.5533	72.6495	B4	93	60	0	0	89125	P1-1-1091	0	-
1067	72.5614	72.6001	A4	60	63	0	0	-1	*	3	-
1068	72.6014	72.6255	C5	65	67	0	0	89250	P1-1-1095	1	-
1069	72.7216	72.7937	Eb4	76	67	0	0	89375	P1-1-1096	0	-
1070	72.8218	72.8725	D4	83	67	0	0	89500	P1-1-1097	0	-
1071	72.8712	72.9032	G3	77	66	0	0	89625	P1-1-1098	0	-
1072	73.0341	73.1089	G4	80	63	0	0	89875	P1-1-1099	0	-
1073	73.1036	73.1824	G#4	87	62	0	0	90000	P1-1-1101	0	-
1074	73.1503	73.1984	C4	98	67	0	0	90125	P1-1-1105	0	-
1075	73.1583	73.1904	C3	80	68	0	0	90125	P1-1-1104	0	-
1076	73.1583	73.2745	G4	82	63	0	0	90125	P1-1-1102	0	-
1077	73.2531	73.3506	Eb4	87	58	0	0	90250	P1-1-1106	0	-
1078	73.3613	73.4535	D4	76	63	0	0	90375	P1-1-1107	0	-
1079	73.4294	73.4721	C4	83	68	0	0	90500	P1-1-1108	0	-
1080	73.4788	73.5162	G3	77	64	0	0	90625	P1-1-1109	0	-
1081	73.6377	73.6832	G4	72	58	0	0	90875	P1-1-1111	0	-
1082	73.6458	73.7179	C5	75	65	0	0	90875	P1-1-1110	0	-
1083	73.7112	73.7726	G#4	83	65	0	0	91000	P1-1-1112	0	-
1084	73.7633	73.798	G3	92	66	0	0	91125	P1-1-1116	0	-
1085	73.7726	73.802	G2	68	62	0	0	91125	P1-1-1115	0	-
1086	73.786	73.8661	G4	88	62	0	0	91125	P1-1-1114	0	-
1087	73.806	73.8728	B4	90	66	0	0	91125	P1-1-1113	0	-
1088	73.8074	73.8341	A4	59	62	0	0	-1	*	3	-
1089	73.8394	73.8928	F4	94	68	0	0	91250	P1-1-1117	0	-
1090	73.9502	74.0143	Eb4	79	64	0	0	91375	P1-1-1118	0	-
1091	74.0264	74.0945	D4	76	64	0	0	91500	P1-1-1119	0	-
1092	74.0905	74.1239	G3	84	68	0	0	91625	P1-1-1120	0	-
1093	74.3015	74.3763	G4	78	50	0	0	91875	P1-1-1121	0	-
1094	74.395	74.4938	G#4	74	60	0	0	92000	P1-1-1123	0	-
1095	74.4604	74.4924	C3	92	68	0	0	92125	P1-1-1127	0	-
1096	74.4764	74.5205	C2	68	62	0	0	92125	P1-1-1126	0	-
1097	74.4844	74.5525	G4	92	66	0	0	92125	P1-1-1124	0	-
1098	74.5979	74.6313	Eb4	62	66	0	0	92250	P1-1-1128	0	-
1099	74.6634	74.7422	D4	80	50	0	0	92375	P1-1-1129	0	-
1100	74.7782	74.8223	C4	73	64	0	0	92500	P1-1-1130	0	-
1101	74.833	74.8717	G3	70	64	0	0	92625	P1-1-1132	0	-
1102	74.8637	74.9238	Eb5	90	67	0	0	92625	P1-1-1131	0	-
1103	75.0346	75.1014	G#4	77	45	0	0	92875	P1-1-1133	0	-
1104	75.1054	75.2189	Bb4	84	64	0	0	93000	P1-1-1135	0	-
1105	75.1375	75.1695	F3	79	67	0	0	93125	P1-1-1139	0	-
1106	75.1495	75.1922	F2	52	57	0	0	93125	P1-1-1138	0	-
1107	75.1722	75.2603	G#4	82	65	0	0	93125	P1-1-1136	0	-
1108	75.2537	75.2977	Eb4	74	63	0	0	93250	P1-1-1140	0	-
1109	75.3485	75.4353	F4	66	64	0	0	93375	P1-1-1141	0	-
1110	75.4246	75.4567	C4	74	69	0	0	93500	P1-1-1142	0	-
1111	75.4633	75.4967	F3	79	66	0	0	93625	P1-1-1144	0	-
1112	75.4633	75.5314	B3	13	52	0	0	-1	*	3	-
1113	75.4727	75.5261	G#5	94	61	0	0	93625	P1-1-1143	0	-
1114	75.6556	75.7037	G#4	75	55	0	0	93875	P1-1-1145	0	-
1115	75.7211	75.8413	Bb4	80	60	0	0	94000	P1-1-1147	0	-
1116	75.7585	75.7892	Bb2	101	69	0	0	94125	P1-1-1151	0	-
1117	75.7705	76.0162	G#4	83	62	0	0	94125	P1-1-1148	0	-
1118	75.7732	75.8119	Bb1	66	58	0	0	94125	P1-1-1150	0	-
1119	75.8773	75.9454	D4	84	63	0	0	94250	P1-1-1152	0	-
1120	75.9534	76.0403	C4	79	61	0	0	94375	P1-1-1153	0	-
1121	76.0242	76.0857	Bb3	67	65	0	0	94500	P1-1-1154	0	-
1122	76.0509	76.1164	D5	91	65	0	0	94625	P1-1-1155	0	-
1123	76.071	76.1017	F3	80	66	0	0	94625	P1-1-1156	0	-
1124	76.2432	76.3127	G4	82	65	0	0	94875	P1-1-1157	0	-
1125	76.3114	76.4409	G#4	86	64	0	0	95000	P1-1-1159	0	-
1126	76.3701	76.4008	Eb2	74	64	0	0	95125	P1-1-1162	0	-
1127	76.3795	76.4035	Eb3	70	66	0	0	95125	P1-1-1163	0	-
1128	76.3875	76.5023	G4	85	63	0	0	95125	P1-1-1160	0	-
1129	76.4676	76.529	D4	84	64	0	0	-1	*	3	-
1130	76.6038	76.6439	Eb4	64	48	0	0	95375	P1-1-1164	0	-
1131	76.6639	76.7547	Bb3	74	63	0	0	95500	P1-1-1165	0	-
1132	76.6679	76.7093	C#4	33	57	0	0	-1	*	3	-
1133	76.736	76.7734	Eb3	85	66	0	0	95625	P1-1-1167	0	-
1134	76.7454	76.7948	G5	98	64	0	0	95625	P1-1-1166	0	-
1135	76.7774	76.8322	F#3	15	58	0	0	-1	*	3	-
1136	76.9217	77.0258	G4	88	58	0	0	95875	P1-1-1168	0	-
1137	77.0151	77.1434	G#4	86	64	0	0	96000	P1-1-1170	0	-
1138	77.15	77.4665	G4	89	62	0	0	96125	P1-1-1171	0	-
1139	77.1554	77.1928	G#2	110	66	0	0	96125	P1-1-1174	0	-
1140	77.1701	77.2021	G#1	74	60	0	0	96125	P1-1-1173	0	-
1141	77.2262	77.2275	A2	26	127	0	0	-1	*	3	-
1142	77.2996	77.4038	C4	78	63	0	0	96250	P1-1-1175	0	-
1143	77.4305	77.5213	Bb3	64	62	0	0	96375	P1-1-1176	0	-
1144	77.4986	77.5573	G#3	77	65	0	0	96500	P1-1-1177	0	-
1145	77.5493	77.5801	Eb3	80	67	0	0	96625	P1-1-1179	0	-
1146	77.5974	77.6962	C5	85	63	0	0	96625	P1-1-1178	0	-
1147	77.755	77.8178	F4	75	57	0	0	96875	P1-1-1180	0	-
1148	77.8098	77.9046	G4	86	67	0	0	97000	P1-1-1182	0	-
1149	77.8151	77.8538	D3	89	67	0	0	97125	P1-1-1186	0	-
1150	77.8204	77.8525	D2	73	61	0	0	97125	P1-1-1185	0	-
1151	77.8792	77.9874	F4	74	65	0	0	97125	P1-1-1183	0	-
1152	77.9513	77.9981	C4	89	67	0	0	-1	*	3	-
1153	78.0755	78.1276	D4	80	62	0	0	97375	P1-1-1187	0	-
1154	78.1182	78.153	G#3	72	66	0	0	97500	P1-1-1188	0	-
1155	78.1196	78.1503	F#3	65	64	0	0	-1	*	3	-
1156	78.1543	78.1783	D3	82	73	0	0	97625	P1-1-1190	0	-
1157	78.185	78.2144	F5	73	70	0	0	97625	P1-1-1189	0	-
1158	78.193	78.2237	E5	75	71	0	0	-1	*	3	-
1159	78.3573	78.4174	F4	77	65	0	0	97875	P1-1-1191	0	-
1160	78.4147	78.5002	G4	69	66	0	0	98000	P1-1-1193	0	-
1161	78.4214	78.4561	A4	66	63	0	0	-1	*	3	-
1162	78.4441	78.4775	G2	96	69	0	0	98125	P1-1-1197	0	-
1163	78.4494	78.4788	G1	82	67	0	0	98125	P1-1-1196	0	-
1164	78.4815	78.5963	F4	86	65	0	0	98125	P1-1-1194	0	-
1165	78.575	78.607	B3	77	66	0	0	98250	P1-1-1198	0	-
1166	78.6645	78.7539	A3	82	64	0	0	98375	P1-1-1199	0	-
1167	78.7245	78.7833	G3	76	63	0	0	98500	P1-1-1200	0	-
1168	78.7833	78.8127	D3	79	67	0	0	98625	P1-1-1202	0	-
1169	78.8047	78.8608	C5	91	64	0	0	-1	*	3	-
1170	78.81	78.8674	B4	86	60	0	0	98625	P1-1-1201	0	-
1171	78.989	79.0557	F4	85	63	0	0	98875	P1-1-1203	0	-
1172	79.0517	79.1065	G4	86	69	0	0	99000	P1-1-1205	0	-
1173	79.1025	79.1372	G2	102	67	0	0	99375	P1-1-1213	0	-
1174	79.1065	79.1372	G1	77	65	0	0	99375	P1-1-1212	0	-
1175	79.1172	79.1839	F4	89	67	0	0	99125	P1-1-1206	0	-
1176	79.2227	79.2574	A3	61	59	0	0	99250	P1-1-1210	1	-
1177	79.3656	79.4671	D4	82	60	0	0	99375	P1-1-1211	0	-
1178	79.4323	79.5672	G3	76	63	0	0	99500	P1-1-1214	0	-
1179	79.5459	79.5993	D3	96	67	0	0	99625	P1-1-1216	0	-
1180	79.5606	79.6794	F5	102	62	0	0	99625	P1-1-1215	0	-
1181	79.9185	79.9999	G4	65	61	0	0	100000	P1-1-1217	0	-
1182	79.9505	80.0453	C5	65	64	0	0	100000	P1-1-1218	1	-
1183	79.9946	80.0654	G2	72	64	0	0	100125	P1-1-1220	0	-
1184	80.0079	80.0934	C3	83	63	0	0	100125	P1-1-1221	0	-
1185	80.0173	80.0827	D5	81	64	0	0	-1	*	3	-
1186	80.0266	80.0774	A3	101	67	0	0	100125	P1-1-1222	0	-
1187	80.0333	80.1335	Eb5	94	59	0	0	100125	P1-1-1219	0	-
1188	80.0386	80.0747	A2	55	56	0	0	-1	*	3	-
1189	80.1214	80.1962	D3	2	39	0	0	-1	*	3	-
1190	80.1375	80.263	F#4	69	63	0	0	100250	P1-1-1223	0	-
1191	80.2042	80.3485	C5	67	65	0	0	100375	P1-1-1224	0	-
1192	80.3084	80.3578	G2	59	65	0	0	100625	P1-1-1227	0	-
1193	80.3164	80.4112	D3	75	64	0	0	100625	P1-1-1228	0	-
1194	80.3325	80.4153	Eb5	93	66	0	0	100500	P1-1-1225	0	-
1195	80.3525	80.3992	B3	100	66	0	0	100625	P1-1-1229	0	-
1196	80.4233	80.5074	D5	69	61	0	0	100625	P1-1-1226	0	-
1197	80.4647	80.5688	F4	68	61	0	0	100750	P1-1-1230	0	-
1198	80.5314	80.6196	B4	63	62	0	0	100875	P1-1-1231	0	-
1199	80.6022	80.6423	D5	72	65	0	0	101000	P1-1-1232	0	-
1200	80.6169	80.653	G2	51	58	0	0	101250	P1-1-1237	0	-
1201	80.6263	80.6823	Eb3	85	68	0	0	101250	P1-1-1238	0	-
1202	80.6743	80.7224	C4	100	65	0	0	-1	*	3	-
1203	80.7264	80.7692	B4	72	63	0	0	-1	*	3	-
1204	80.7318	80.7638	C5	72	70	0	0	101125	P1-1-1233	0	-
1205	80.7838	80.8453	A4	67	62	0	0	101250	P1-1-1236	0	-
1206	80.8306	80.8907	F#4	85	64	0	0	101375	P1-1-1240	0	-
1207	80.8787	80.9321	G#3	26	54	0	0	-1	*	3	-
1208	80.9201	80.9908	Eb4	78	64	0	0	101500	P1-1-1241	0	-
1209	80.9655	81.0362	C4	78	62	0	0	101625	P1-1-1242	0	-
1210	80.9922	81.0616	A3	71	64	0	0	101750	P1-1-1243	0	-
1211	81.0416	81.0803	F#3	74	68	0	0	101875	P1-1-1244	0	-
1212	81.099	81.1364	Eb3	44	57	0	0	102000	P1-1-1247	0	-
1213	81.1591	81.2499	G4	74	61	0	0	102000	P1-1-1245	0	-
1214	81.1925	81.2886	C5	69	65	0	0	102000	P1-1-1246	1	-
1215	81.2446	81.3434	D5	69	63	0	0	-1	*	3	-
1216	81.2953	81.3915	C3	65	63	0	0	102125	P1-1-1250	0	-
1217	81.2993	81.3795	A3	83	65	0	0	102125	P1-1-1251	0	-
1218	81.3033	81.4289	G2	69	63	0	0	102125	P1-1-1249	0	-
1219	81.31	81.4422	Eb5	88	63	0	0	102125	P1-1-1248	0	-
1220	81.4155	81.5183	F#4	81	62	0	0	102250	P1-1-1252	0	-
1221	81.4516	81.5731	C5	64	66	0	0	102375	P1-1-1253	0	-
1222	81.5664	81.6212	Eb5	82	65	0	0	102500	P1-1-1254	0	-
1223	81.6212	81.708	G2	75	63	0	0	102625	P1-1-1256	0	-
1224	81.6212	81.7253	D3	86	58	0	0	102625	P1-1-1257	0	-
1225	81.6239	81.6973	B3	86	63	0	0	102625	P1-1-1258	0	-
1226	81.6252	81.7334	D5	77	64	0	0	102625	P1-1-1255	0	-
1227	81.708	81.7975	F4	80	63	0	0	102750	P1-1-1259	0	-
1228	81.8015	81.8562	B4	71	63	0	0	102875	P1-1-1260	0	-
1229	81.8322	81.8816	D5	76	65	0	0	103000	P1-1-1261	0	-
1230	81.9043	81.9417	Eb3	99	68	0	0	103250	P1-1-1267	0	-
1231	81.9096	81.9484	G2	83	68	0	0	103250	P1-1-1266	0	-
1232	81.9577	82.0672	C4	93	63	0	0	103125	P1-1-1263	1	-
1233	81.9604	82.0499	C5	94	62	0	0	103125	P1-1-1262	0	-
1234	82.0125	82.0138	D4	36	127	0	0	103188	P1-1-1264	1	-
1235	82.0712	82.1661	A4	74	61	0	0	103250	P1-1-1265	0	-
1236	82.0752	82.1661	G#4	64	56	0	0	103250	P1-1-1268	1	-
1237	82.1033	82.2235	F#4	84	63	0	0	103375	P1-1-1269	0	-
1238	82.134	82.2395	Eb4	75	63	0	0	103500	P1-1-1270	0	-
1239	82.2302	82.2836	A3	84	64	0	0	-1	*	3	-
1240	82.2302	82.2595	C4	69	71	0	0	103625	P1-1-1271	0	-
1241	82.2702	82.3503	F#3	78	66	0	0	103875	P1-1-1273	0	-
1242	82.3383	82.3931	Eb3	87	65	0	0	104000	P1-1-1276	0	-
1243	82.3877	82.4225	F#4	39	58	0	0	103750	P1-1-1272	1	-
1244	82.4318	82.5133	Eb4	77	62	0	0	104000	P1-1-1274	0	-
1245	82.4705	82.5734	G4	77	63	0	0	104000	P1-1-1275	1	-
1246	82.4906	82.5907	G2	84	65	0	0	104125	P1-1-1278	0	-
1247	82.5146	82.5974	G#4	43	63	0	0	-1	*	3	-
1248	82.5573	82.6121	E3	92	67	0	0	104190	P1-1-1280	0	-
1249	82.5587	82.6802	Bb4	85	62	0	0	104125	P1-1-1277	0	-
1250	82.6575	82.771	C#4	76	62	0	0	104250	P1-1-1281	0	-
1251	82.7176	82.8244	G4	65	64	0	0	104375	P1-1-1282	0	-
1252	82.7804	82.8258	B2	39	53	0	0	-1	*	3	-
1253	82.8084	82.9179	Bb4	76	62	0	0	104500	P1-1-1283	0	-
1254	82.8111	82.8979	G2	79	66	0	0	104625	P1-1-1285	0	-
1255	82.8605	82.9112	F3	98	66	0	0	104690	P1-1-1287	0	-
1256	82.8912	82.9994	G#4	75	60	0	0	104625	P1-1-1284	0	-
1257	82.9713	83.0862	C4	69	61	0	0	-1	*	3	-
1258	83.0221	83.1222	F4	69	65	0	0	104875	P1-1-1288	0	-
1259	83.1116	83.1409	G#4	78	70	0	0	105000	P1-1-1289	0	-
1260	83.1369	83.2064	G2	87	63	0	0	105291	P1-1-1294	0	-
1261	83.1783	83.2505	G3	104	64	0	0	105375	P1-1-1297	0	-
1262	83.2264	83.3306	G4	87	62	0	0	105125	P1-1-1290	0	-
1263	83.3092	83.376	E4	79	61	0	0	105207	P1-1-1292	0	-
1264	83.3573	83.4227	C#4	82	63	0	0	105375	P1-1-1295	0	-
1265	83.4695	83.5309	Bb3	75	56	0	0	105500	P1-1-1298	0	-
1266	83.4815	83.5202	G3	96	67	0	0	105625	P1-1-1299	0	-
1267	83.4935	83.5362	E3	86	65	0	0	105725	P1-1-1300	0	-
1268	83.5162	83.5496	C#3	81	69	0	0	105825	P1-1-1301	0	-
1269	83.6337	83.7045	Bb3	65	62	0	0	105925	P1-1-1302	1	-
1270	83.6725	83.7446	C#4	72	65	0	0	106008	P1-1-1304	1	-
1271	83.7526	83.8514	E4	70	62	0	0	-1	*	3	-
1272	83.7833	83.8648	G2	107	66	0	0	106008	P1-1-1305	0	-
1273	83.7913	83.8634	G1	93	65	0	0	-1	*	3	-
1274	83.8033	83.9422	F4	82	63	0	0	106125	P1-1-1306	0	-
1275	83.8247	83.8674	A1	62	55	0	0	-1	*	3	-
1276	83.8808	83.9783	G#3	70	62	0	0	106250	P1-1-1309	0	-
1277	83.9729	84.0798	C4	66	63	0	0	106375	P1-1-1310	0	-
1278	84.029	84.1238	Bb1	15	40	0	0	-1	*	3	-
1279	84.0811	84.1933	F4	77	64	0	0	106500	P1-1-1311	0	-
1280	84.1038	84.1679	G2	101	67	0	0	106125	P1-1-1308	0	-
1281	84.1118	84.1706	G1	92	64	0	0	106125	P1-1-1307	0	-
1282	84.1479	84.2681	D4	78	60	0	0	106625	P1-1-1312	0	-
1283	84.2267	84.3322	F3	69	63	0	0	106750	P1-1-1315	0	-
1284	84.3055	84.4043	B3	63	62	0	0	106875	P1-1-1316	0	-
1285	84.4003	84.4323	D4	79	69	0	0	107000	P1-1-1317	0	-
1286	84.4564	84.5004	C2	82	67	0	0	106625	P1-1-1313	1	-
1287	84.4564	84.4884	G2	91	71	0	0	106625	P1-1-1314	0	-
1288	84.4617	84.5004	A2	76	63	0	0	-1	*	3	-
1289	84.4657	84.4978	D2	71	60	0	0	-1	*	3	-
1290	84.4924	84.5512	C4	90	63	0	0	107125	P1-1-1318	0	-
1291	84.5312	84.6981	G3	67	58	0	0	107225	P1-1-1319	0	-
1292	84.65	84.7155	Eb3	82	62	0	0	107325	P1-1-1320	0	-
1293	84.7208	84.8063	C3	67	62	0	0	107425	P1-1-1321	0	-
1294	84.7756	84.8543	G2	77	63	0	0	107525	P1-1-1322	0	-
1295	84.8343	84.8811	C2	92	66	0	0	107625	P1-1-1323	0	-
1296	85.0881	85.1522	G4	74	62	0	0	107875	P1-1-1326	0	-
1297	85.0987	85.1348	G3	73	65	0	0	107875	P1-1-1328	0	-
1298	85.0987	85.1321	Bb3	73	69	0	0	107875	P1-1-1324	0	-
1299	85.1068	85.1428	Eb4	62	66	0	0	107875	P1-1-1325	0	-
1300	85.1415	85.1855	E3	39	54	0	0	107875	P1-1-1327	1	-
1301	85.5635	85.6703	F4	41	63	0	0	108125	P1-1-1330	0	-
1302	85.5768	85.6543	Bb3	49	61	0	0	108125	P1-1-1329	0	-
1303	85.5782	85.6663	F3	22	59	0	0	108125	P1-1-1332	0	-
1304	85.5822	85.6476	D3	33	62	0	0	108125	P1-1-1331	0	-
1305	86.1498	86.3073	A4	57	61	0	0	108625	P1-1-1335	0	-
1306	86.1538	86.3554	Eb4	42	55	0	0	108625	P1-1-1334	0	-
1307	86.1658	86.3007	A3	45	61	0	0	108625	P1-1-1333	0	-
1308	86.1765	86.326	F3	22	53	0	0	108625	P1-1-1337	0	-
1309	86.1885	86.3047	C3	35	55	0	0	108625	P1-1-1336	0	-
1310	86.8255	87.1767	Bb2	27	43	0	0	109125	P1-1-1341	0	-
1311	86.8268	86.9484	Bb4	50	64	0	0	109125	P1-1-1340	0	-
1312	86.8295	86.9337	Bb3	28	63	0	0	109125	P1-1-1338	0	-
1313	86.8295	86.9243	D4	40	61	0	0	109125	P1-1-1339	0	-
1314	86.8562	87.1153	F3	8	43	0	0	109125	P1-1-1342	0	-
1315	87.6829	87.7203	Eb4	53	65	0	0	109875	P1-1-1344	0	-
1316	87.6869	87.763	G4	60	56	0	0	109875	P1-1-1345	0	-
1317	87.6936	87.7363	Bb3	48	58	0	0	109875	P1-1-1343	0	-
1318	87.7096	87.7496	Eb3	45	63	0	0	109875	P1-1-1346	0	-
1319	87.7096	87.751	G3	40	57	0	0	109875	P1-1-1347	0	-
1320	88.0568	88.185	F4	59	54	0	0	110125	P1-1-1349	0	-
1321	88.0608	88.0982	D3	48	58	0	0	110125	P1-1-1350	0	-
1322	88.0648	88.1049	F3	42	56	0	0	110125	P1-1-1351	0	-
1323	88.0702	88.1343	Bb3	47	57	0	0	110125	P1-1-1348	0	-
1324	88.6912	88.8394	A4	57	61	0	0	110625	P1-1-1354	0	-
1325	88.6965	88.8501	Eb4	44	54	0	0	110625	P1-1-1353	0	-
1326	88.7032	88.7886	A3	38	59	0	0	110625	P1-1-1352	0	-
1327	88.7112	88.8113	C3	36	53	0	0	110625	P1-1-1355	0	-
1328	88.7152	88.8007	F3	37	57	0	0	110625	P1-1-1356	0	-
1329	89.4297	89.5953	Bb4	54	64	0	0	111125	P1-1-1359	0	-
1330	89.447	89.5873	D4	31	61	0	0	111125	P1-1-1358	0	-
1331	89.4497	89.5832	Bb3	30	63	0	0	111125	P1-1-1357	0	-
1332	89.4524	89.7114	F3	25	45	0	0	111125	P1-1-1361	0	-
1333	89.4644	89.7221	Bb2	33	47	0	0	111125	P1-1-1360	0	-
1334	90.3445	90.446	F4	60	61	0	0	111875	P1-1-1364	0	-
1335	90.3525	90.3939	D4	48	64	0	0	111875	P1-1-1363	0	-
1336	90.3592	90.3952	Bb3	50	64	0	0	111875	P1-1-1362	0	-
1337	90.3632	90.4126	Bb2	49	62	0	0	111875	P1-1-1365	0	-
1338	90.3685	90.4072	F3	41	56	0	0	111875	P1-1-1366	0	-
1339	90.7144	90.8733	G4	57	59	0	0	112125	P1-1-1369	0	-
1340	90.7171	90.896	Eb4	49	60	0	0	112125	P1-1-1368	0	-
1341	90.7237	90.9361	Eb2	43	29	0	0	112125	P1-1-1370	0	-
1342	90.7331	90.8773	Bb3	33	59	0	0	112125	P1-1-1367	0	-
1343	90.7478	90.904	Eb3	33	48	0	0	112125	P1-1-1371	0	-
1344	91.3955	91.6145	Eb4	65	60	0	0	112625	P1-1-1374	0	-
1345	91.4182	91.5731	G3	41	52	0	0	112625	P1-1-1372	0	-
1346	91.4182	91.5784	Bb3	44	38	0	0	112625	P1-1-1373	0	-
1347	91.4329	91.6546	G2	39	35	0	0	112625	P1-1-1375	0	-
1348	91.4422	91.6879	Eb3	32	35	0	0	112625	P1-1-1376	0	-
1349	92.0365	92.4505	F4	72	62	0	0	113125	P1-1-1379	0	-
1350	92.0552	92.3837	Bb3	49	60	0	0	113125	P1-1-1378	0	-
1351	92.0565	92.584	D3	50	37	0	0	113125	P1-1-1381	0	-
1352	92.0565	92.2782	F3	48	57	0	0	113125	P1-1-1377	0	-
1353	92.0632	92.6134	Bb2	55	52	0	0	113125	P1-1-1380	0	-
1354	92.9713	93.0154	D4	70	62	0	0	-1	*	3	-
1355	92.9713	93.0822	F4	76	61	0	0	113875	P1-1-1384	0	-
1356	92.9793	93.0247	Bb3	68	61	0	0	113875	P1-1-1383	0	-
1357	92.9833	93.0381	Bb2	55	64	0	0	113875	P1-1-1385	0	-
1358	92.9847	93.0221	D3	54	64	0	0	113875	P1-1-1386	0	-
1359	93.3466	93.3973	Eb2	71	66	0	0	114125	P1-1-1389	0	-
1360	93.3466	93.4414	G4	80	61	0	0	114125	P1-1-1388	0	-
1361	93.3479	93.4	Bb3	64	64	0	0	114125	P1-1-1387	1	-
1362	93.3506	93.3853	Eb3	68	66	0	0	114125	P1-1-1390	0	-
1363	93.3533	93.4054	Eb4	69	61	0	0	-1	*	3	-
1364	93.9703	94.1345	Eb4	82	59	0	0	114625	P1-1-1393	0	-
1365	93.9783	94.045	G2	69	62	0	0	114625	P1-1-1394	0	-
1366	93.9783	94.0384	Eb3	76	62	0	0	114625	P1-1-1395	0	-
1367	93.9783	94.0571	Bb3	65	57	0	0	114625	P1-1-1392	0	-
1368	93.9849	94.0664	G3	66	60	0	0	114625	P1-1-1391	0	-
1369	94.6273	95.1441	F4	85	63	0	0	115125	P1-1-1398	0	-
1370	94.6353	95.2737	Bb2	67	61	0	0	115125	P1-1-1399	0	-
1371	94.6367	95.247	Bb3	70	61	0	0	115125	P1-1-1397	0	-
1372	94.638	95.2523	D3	65	62	0	0	115125	P1-1-1400	0	-
1373	94.6393	95.1962	F3	62	53	0	0	115125	P1-1-1396	0	-
1374	95.6182	95.7438	D4	83	61	0	0	115875	P1-1-1403	0	-
1375	95.6222	95.713	Bb3	76	59	0	0	115875	P1-1-1402	0	-
1376	95.6249	95.685	F3	72	60	0	0	115875	P1-1-1401	0	-
1377	95.6262	95.705	Bb2	73	63	0	0	115875	P1-1-1404	0	-
1378	95.6302	95.6863	D3	67	63	0	0	115875	P1-1-1405	0	-
1379	96.0389	96.1818	Eb4	82	61	0	0	116125	P1-1-1408	0	-
1380	96.0469	96.131	Bb3	63	64	0	0	116125	P1-1-1407	0	-
1381	96.0482	96.1124	Bb2	68	61	0	0	116125	P1-1-1409	0	-
1382	96.0482	96.1244	G3	70	61	0	0	116125	P1-1-1406	0	-
1383	96.0523	96.1083	C3	59	62	0	0	116125	P1-1-1410	0	-
1384	96.7574	97.0966	Eb4	69	50	0	0	116625	P1-1-1413	0	-
1385	96.7707	97.0832	F3	53	38	0	0	116625	P1-1-1411	0	-
1386	96.7707	97.0886	C4	60	35	0	0	116625	P1-1-1412	0	-
1387	96.7841	97.0605	A2	52	52	0	0	116625	P1-1-1414	0	-
1388	96.7894	97.0044	C3	45	59	0	0	116625	P1-1-1415	0	-
1389	97.5613	98.2438	D4	62	61	0	0	117125	P1-1-1418	0	-
1390	97.5734	98.2758	F3	41	44	0	0	117125	P1-1-1416	0	-
1391	97.5787	98.2745	C4	43	61	0	0	117125	P1-1-1417	0	-
1392	97.5854	98.2865	A2	41	60	0	0	117125	P1-1-1419	0	-
1393	97.5867	98.3319	Bb2	37	62	0	0	117125	P1-1-1420	0	-
1394	98.6497	98.7499	D4	59	58	0	0	117875	P1-1-1423	0	-
1395	98.6551	98.7245	F3	50	62	0	0	117875	P1-1-1421	0	-
1396	98.6684	98.7272	Bb3	45	58	0	0	117875	P1-1-1422	0	-
1397	98.6724	98.7325	Bb2	39	57	0	0	117875	P1-1-1424	0	-
1398	99.0945	99.1906	G3	36	59	0	0	118125	P1-1-1425	0	-
1399	99.1011	99.2053	C4	43	63	0	0	118125	P1-1-1427	0	-
1400	99.1145	99.3736	Bb2	13	43	0	0	118125	P1-1-1429	0	-
1401	99.1158	99.1652	Bb3	32	63	0	0	118125	P1-1-1426	0	-
1402	99.1265	99.435	Eb2	27	45	0	0	118125	P1-1-1428	0	-
1403	99.9264	100.159	C4	32	62	0	0	118625	P1-1-1431	0	-
1404	99.9545	100.149	F3	32	62	0	0	118625	P1-1-1430	0	-
1405	99.9705	100.251	F2	27	45	0	0	118625	P1-1-1432	0	-
1406	99.9705	100.182	A2	21	52	0	0	118625	P1-1-1433	0	-
1407	101.146	101.534	Bb3	43	64	0	0	119125	P1-1-1434	0	-
1408	101.148	101.502	Bb2	19	49	0	0	119125	P1-1-1436	0	-
1409	101.154	101.478	Bb1	19	39	0	0	119125	P1-1-1435	0	-
1410	102.285	102.41	C5	54	55	0	0	119875	P1-1-1439	0	-
1411	102.296	102.446	G#3	31	45	0	0	119875	P1-1-1440	0	-
1412	102.31	102.432	Eb4	21	40	0	0	119875	P1-1-1437	0	-
1413	102.312	102.39	G#4	29	51	0	0	119875	P1-1-1438	0	-
1414	102.326	102.381	C4	17	55	0	0	119875	P1-1-1441	0	-
1415	102.581	102.661	Bb4	64	59	0	0	120125	P1-1-1443	0	-
1416	102.597	102.633	Eb4	48	64	0	0	120125	P1-1-1442	0	-
1417	102.639	102.732	G3	5	45	0	0	120125	P1-1-1444	0	-
1418	103.015	103.108	D5	77	62	0	0	120625	P1-1-1448	0	-
1419	103.035	103.071	D4	48	56	0	0	120625	P1-1-1446	0	-
1420	103.038	103.073	G#4	56	66	0	0	120625	P1-1-1447	0	-
1421	103.039	103.09	Bb3	34	57	0	0	120625	P1-1-1450	0	-
1422	103.059	103.112	F3	34	51	0	0	120625	P1-1-1449	0	-
1423	103.501	103.708	Eb5	70	61	0	0	121125	P1-1-1453	0	-
1424	103.52	103.727	Bb3	18	58	0	0	121125	P1-1-1455	0	-
1425	103.52	103.715	G4	45	63	0	0	121125	P1-1-1452	0	-
1426	103.523	103.787	Eb3	36	38	0	0	121125	P1-1-1454	0	-
1427	103.523	103.671	Eb4	36	63	0	0	121125	P1-1-1451	0	-
1428	104.129	104.237	C5	76	64	0	0	121875	P1-1-1457	0	-
1429	104.131	104.193	G#3	55	55	0	0	121875	P1-1-1458	0	-
1430	104.141	104.183	G#4	60	62	0	0	121875	*	3	-
1431	104.141	104.177	C4	45	57	0	0	121875	P1-1-1459	0	-
1432	104.145	104.184	Eb4	51	55	0	0	121875	P1-1-1456	0	-
1433	104.309	104.448	Bb4	80	59	0	0	122125	P1-1-1461	0	-
1434	104.329	104.428	Eb4	55	52	0	0	122125	P1-1-1460	0	-
1435	104.333	104.398	G3	52	60	0	0	122125	P1-1-1462	0	-
1436	104.344	104.398	Bb3	53	60	0	0	122125	P1-1-1463	0	-
1437	104.717	104.85	D5	84	63	0	0	122625	P1-1-1466	0	-
1438	104.722	104.79	G#4	63	51	0	0	122625	P1-1-1465	0	-
1439	104.731	104.78	D4	61	59	0	0	122625	P1-1-1464	0	-
1440	104.739	104.837	F3	45	58	0	0	122625	P1-1-1467	0	-
1441	104.751	104.81	Bb3	37	58	0	0	122625	P1-1-1468	0	-
1442	105.2	105.457	Eb5	75	62	0	0	123125	P1-1-1471	0	-
1443	105.215	105.423	Eb4	41	60	0	0	123125	P1-1-1469	0	-
1444	105.239	105.503	G4	39	58	0	0	123125	P1-1-1470	0	-
1445	105.248	105.546	Eb3	34	60	0	0	123125	P1-1-1472	0	-
1446	105.252	105.503	Bb3	26	59	0	0	123125	P1-1-1473	0	-
1447	105.977	106.136	Bb4	73	59	0	0	123875	P1-1-1476	0	-
1448	105.997	106.06	G4	51	59	0	0	123875	P1-1-1475	0	-
1449	105.999	106.072	Eb3	44	56	0	0	123875	P1-1-1477	0	-
1450	106.012	106.08	Eb4	42	63	0	0	123875	P1-1-1474	0	-
1451	106.018	106.084	Bb3	35	55	0	0	123875	P1-1-1478	0	-
1452	106.406	106.785	Eb5	73	53	0	0	124125	P1-1-1481	0	-
1453	106.418	106.717	Eb4	48	58	0	0	124125	P1-1-1479	0	-
1454	106.438	106.614	G4	40	33	0	0	124125	P1-1-1480	0	-
1455	106.446	106.974	C3	37	47	0	0	124125	P1-1-1482	0	-
1456	106.461	106.717	Bb3	33	54	0	0	124125	P1-1-1483	0	-
1457	107.253	108.101	D5	69	37	0	0	124625	P1-1-1486	0	-
1458	107.269	107.694	D3	37	60	0	0	124625	P1-1-1487	0	-
1459	107.278	107.698	F#4	48	40	0	0	124625	P1-1-1485	0	-
1460	107.286	107.607	A3	35	57	0	0	124625	P1-1-1488	0	-
1461	107.296	107.571	D4	24	42	0	0	124625	P1-1-1484	0	-
1462	108.622	109.287	Bb4	60	62	0	0	125125	P1-1-1491	0	-
1463	108.627	109.233	D4	33	63	0	0	125125	P1-1-1489	0	-
1464	108.638	109.264	G2	39	60	0	0	125125	P1-1-1492	0	-
1465	108.64	109.255	G3	39	61	0	0	125125	P1-1-1493	0	-
1466	108.643	109.243	G4	39	64	0	0	125125	P1-1-1490	0	-
1467	109.768	109.88	Bb4	58	55	0	0	125875	P1-1-1495	0	-
1468	109.77	109.826	G2	38	60	0	0	125875	P1-1-1496	0	-
1469	109.777	109.842	C#4	40	55	0	0	125875	P1-1-1494	0	-
1470	109.789	109.84	Eb3	22	47	0	0	125875	P1-1-1497	0	-
1471	110.063	110.184	C4	43	58	0	0	126125	P1-1-1498	0	-
1472	110.067	110.226	C5	57	63	0	0	126125	P1-1-1499	0	-
1473	110.077	110.211	G#2	35	51	0	0	126125	P1-1-1500	0	-
1474	110.093	110.222	Eb3	24	39	0	0	126125	P1-1-1501	0	-
1475	110.567	110.873	Bb4	48	60	0	0	126625	P1-1-1503	0	-
1476	110.582	110.76	F4	42	54	0	0	126625	P1-1-1502	0	-
1477	110.593	110.741	D3	34	50	0	0	126625	P1-1-1505	0	-
1478	110.594	110.809	Bb2	31	31	0	0	126625	P1-1-1504	0	-
1479	111.151	111.534	G4	45	51	0	0	127125	P1-1-1508	0	-
1480	111.16	111.584	E4	35	44	0	0	127125	P1-1-1507	0	-
1481	111.163	111.498	Bb3	36	62	0	0	127125	P1-1-1506	0	-
1482	111.179	111.665	C3	32	61	0	0	127125	P1-1-1509	0	-
1483	111.996	112.178	G4	54	59	0	0	127875	P1-1-1513	0	-
1484	112.016	112.091	C3	40	54	0	0	127875	P1-1-1514	0	-
1485	112.035	112.105	Bb3	17	49	0	0	127875	P1-1-1511	0	-
1486	112.038	112.111	E4	36	56	0	0	127875	P1-1-1512	0	-
1487	112.408	112.633	G#4	51	61	0	0	128125	P1-1-1517	0	-
1488	112.413	112.649	F2	35	50	0	0	128190	P1-1-1519	0	-
1489	112.42	112.625	C4	20	59	0	0	128125	P1-1-1515	0	-
1490	112.434	112.671	F4	35	65	0	0	128125	P1-1-1516	0	-
1491	113.25	113.775	G#3	54	57	0	0	128625	P1-1-1520	0	-
1492	113.26	113.62	D4	52	62	0	0	128625	P1-1-1521	0	-
1493	113.26	113.867	F4	61	35	0	0	128625	P1-1-1522	0	-
1494	113.3	114.269	Bb2	33	37	0	0	128625	P1-1-1523	0	-
1495	114.252	114.356	A3	45	58	0	0	128625	*	3	-
1496	114.769	115.129	G2	25	59	0	0	129125	P1-1-1527	0	-
1497	114.773	115.056	G4	34	64	0	0	129125	P1-1-1526	0	-
1498	114.782	115.065	D4	37	64	0	0	129125	P1-1-1525	0	-
1499	114.789	115.072	Bb3	34	63	0	0	129125	P1-1-1524	0	-
1500	116.271	116.441	G4	40	53	0	0	129875	P1-1-1530	0	-
1501	116.277	116.405	Bb3	31	59	0	0	129875	P1-1-1528	0	-
1502	116.287	116.369	E4	38	53	0	0	129875	P1-1-1529	0	-
1503	116.335	116.466	C3	19	35	0	0	129875	*	3	-
1504	116.59	116.768	G#4	51	63	0	0	130125	P1-1-1533	0	-
1505	116.614	116.777	C4	37	64	0	0	130125	P1-1-1531	0	-
1506	116.634	116.773	F2	28	54	0	0	130125	P1-1-1534	0	-
1507	116.637	116.781	F4	15	61	0	0	130125	P1-1-1532	0	-
1508	117.139	117.458	F4	46	51	0	0	130625	P1-1-1537	0	-
1509	117.159	117.376	G#3	25	36	0	0	130625	P1-1-1535	0	-
1510	117.169	117.302	D4	30	54	0	0	130625	P1-1-1536	0	-
1511	117.17	117.301	Bb2	33	58	0	0	130625	P1-1-1538	0	-
1512	117.843	118.268	Eb4	36	60	0	0	131125	P1-1-1540	0	-
1513	117.852	118.229	G3	13	54	0	0	131125	P1-1-1539	0	-
1514	117.872	118.278	Eb2	27	53	0	0	131125	P1-1-1541	0	-
1515	118.898	122.344	Eb4	53	38	0	0	131875	P1-1-1543	0	-
1516	118.914	118.986	Eb2	42	55	0	0	131875	P1-1-1544	0	-
1517	118.915	119.305	G3	39	59	0	0	131875	P1-1-1542	0	-
1518	119.328	120.218	C4	52	38	0	0	132125	P1-1-1545	0	-
1519	119.331	120.836	G#2	35	39	0	0	132125	P1-1-1546	0	-
1520	120.2	120.768	B3	33	55	0	0	132125	*	3	-
1521	121.347	122.386	Bb3	39	62	0	0	133125	P1-1-1547	0	-
1522	121.362	122.374	G2	29	63	0	0	133125	P1-1-1548	0	-
1523	122.88	132.42	Eb4	46	20	0	0	133875	P1-1-1550	0	-
1524	122.901	123.124	Eb2	34	42	0	0	133875	P1-1-1551	0	-
1525	122.901	131.872	Eb3	24	42	0	0	133875	P1-1-1549	0	-
1526	123.587	126.46	G#3	46	42	0	0	134125	P1-1-1553	0	-
1527	123.616	125.109	C3	27	49	0	0	134125	P1-1-1552	0	-
1528	125.035	126.801	B2	23	42	0	0	134625	P1-1-1554	0	-
1529	127.644	132.599	G3	29	38	0	0	135125	P1-1-1556	0	-
1530	127.687	132.888	Bb2	24	40	0	0	135125	P1-1-1555	0	-
//Missing 3125	P1-1-46
//Missing 3187	P1-1-47
//Missing 4189	P1-1-62
//Missing 4689	P1-1-69
//Missing 5207	P1-1-76
//Missing 5375	P1-1-80
//Missing 7139	P1-1-102
//Missing 7139	P1-1-105
//Missing 9187	P1-1-130
//Missing 11125	P1-1-158
//Missing 11187	P1-1-159
//Missing 12189	P1-1-174
//Missing 12689	P1-1-181
//Missing 13207	P1-1-188
//Missing 13375	P1-1-192
//Missing 15875	P1-1-223
//Missing 16125	P1-1-226
//Missing 17875	P1-1-243
//Missing 18125	P1-1-246
//Missing 19875	P1-1-263
//Missing 20125	P1-1-266
//Missing 20875	P1-1-274
//Missing 21125	P1-1-277
//Missing 21875	P1-1-285
//Missing 22125	P1-1-288
//Missing 22875	P1-1-296
//Missing 23125	P1-1-299
//Missing 23875	P1-1-307
//Missing 24125	P1-1-310
//Missing 24875	P1-1-318
//Missing 25125	P1-1-321
//Missing 25875	P1-1-329
//Missing 26125	P1-1-332
//Missing 26875	P1-1-340
//Missing 27125	P1-1-343
//Missing 27875	P1-1-351
//Missing 28125	P1-1-354
//Missing 29875	P1-1-373
//Missing 30125	P1-1-376
//Missing 31875	P1-1-395
//Missing 32125	P1-1-398
//Missing 32875	P1-1-407
//Missing 33125	P1-1-410
//Missing 33875	P1-1-418
//Missing 34125	P1-1-421
//Missing 34875	P1-1-429
//Missing 35125	P1-1-432
//Missing 35875	P1-1-440
//Missing 36125	P1-1-443
//Missing 36875	P1-1-451
//Missing 37125	P1-1-454
//Missing 37875	P1-1-462
//Missing 38125	P1-1-465
//Missing 38875	P1-1-473
//Missing 39125	P1-1-476
//Missing 39125	P1-1-477
//Missing 39250	P1-1-479
//Missing 39375	P1-1-481
//Missing 39375	P1-1-482
//Missing 42018	P1-1-516
//Missing 43166	P1-1-531
//Missing 43166	P1-1-535
//Missing 44689	P1-1-555
//Missing 45375	P1-1-566
//Missing 46008	P1-1-573
//Missing 76125	P1-1-908
//Missing 78875	P1-1-942
//Missing 79375	P1-1-953
//Missing 87875	P1-1-1076
//Missing 88125	P1-1-1081
//Missing 89875	P1-1-1100
//Missing 90125	P1-1-1103
//Missing 91875	P1-1-1122
//Missing 92125	P1-1-1125
//Missing 92875	P1-1-1134
//Missing 93125	P1-1-1137
//Missing 93875	P1-1-1146
//Missing 94125	P1-1-1149
//Missing 94875	P1-1-1158
//Missing 95125	P1-1-1161
//Missing 95875	P1-1-1169
//Missing 96125	P1-1-1172
//Missing 96875	P1-1-1181
//Missing 97125	P1-1-1184
//Missing 97875	P1-1-1192
//Missing 98125	P1-1-1195
//Missing 98875	P1-1-1204
//Missing 99125	P1-1-1207
//Missing 99125	P1-1-1208
//Missing 101188	P1-1-1235
//Missing 104190	P1-1-1279
//Missing 104690	P1-1-1286
//Missing 105375	P1-1-1296
//Missing 106008	P1-1-1303
//Missing 113875	P1-1-1382
//Missing 120125	P1-1-1445
//Missing 127125	P1-1-1510
//Missing 128125	P1-1-1518
//Missing 1125	P1-1-17
//Missing 1250	P1-1-22
//Missing 3250	P1-1-51
//Missing 4000	P1-1-57
//Missing 5125	P1-1-75
//Missing 6008	P1-1-87
//Missing 9125	P1-1-129
//Missing 11250	P1-1-163
//Missing 13125	P1-1-187
//Missing 14008	P1-1-199
//Missing 45125	P1-1-561
//Missing 45250	P1-1-563
//Missing 99250	P1-1-1209
//Missing 101125	P1-1-1234
//Missing 101250	P1-1-1239
//Missing 105125	P1-1-1291
//Missing 105250	P1-1-1293
