// alignID alignOntime alignSitch alignPitch alignOnvel refID refOntime refSitch refPitch refOnvel
0	0.510149	G4	67	59	0	0	G4	67	100	
1	0.574252	C5	72	72	1	0	G4	67	100	
2	0.618322	G2	43	58	3	0.125	G2	43	120	
3	0.646367	C3	48	65	4	0.125	C3	48	120	
4	0.646367	D5	74	73	*	-1	*	-1	-1	
5	0.706463	Eb5	75	92	2	0.125	Eb5	75	100	
6	0.714476	A3	57	91	5	0.125	A3	57	120	
7	0.81063	F#4	66	77	6	0.25	F#4	66	100	
8	0.856035	C5	72	72	7	0.375	C5	72	100	
9	0.930822	G2	43	74	10	0.625	G2	43	120	
10	0.957531	Eb5	75	72	8	0.5	Eb5	75	100	
11	1.03098	D5	74	87	9	0.625	D5	74	100	
12	1.03232	D3	50	63	11	0.625	D3	50	120	
13	1.06838	B3	59	99	12	0.625	B3	59	120	
14	1.1071	F4	65	80	13	0.75	F4	65	100	
15	1.18857	B4	71	71	14	0.875	B4	71	100	
16	1.26469	D5	74	74	15	1	D5	74	100	
17	1.27537	G2	43	59	20	1.25	G2	43	120	
18	1.33547	Eb3	51	76	21	1.25	Eb3	51	120	
19	1.37687	C5	72	86	16	1.125	C5	72	100	
20	1.4196	C4	60	77	22	1.25	C4	60	120	
21	1.44364	B3	59	26	*	-1	*	-1	-1	
22	1.45967	A4	69	72	19	1.25	A4	69	100	
23	1.52644	F#4	66	84	23	1.375	F#4	66	100	
24	1.58654	Eb4	63	77	24	1.5	Eb4	63	100	
25	1.69605	C4	60	55	25	1.625	C4	60	100	
26	1.7508	A3	57	42	26	1.75	A3	57	100	
27	1.76015	F#3	54	70	27	1.875	F#3	54	100	
28	1.79754	Eb3	51	60	30	2	Eb3	51	100	
29	1.90838	G4	67	65	28	2	G4	67	100	
30	1.98184	C5	72	70	*	-1	*	-1	-1	
31	2.03659	G2	43	50	32	2.125	G2	43	120	
32	2.05262	D5	74	69	*	-1	*	-1	-1	
33	2.06063	C3	48	65	33	2.125	C3	48	120	
34	2.10603	Eb5	75	90	31	2.125	Eb5	75	100	
35	2.12874	A3	57	97	34	2.125	A3	57	120	
36	2.20486	F#4	66	76	35	2.25	F#4	66	100	
37	2.28232	C5	72	71	36	2.375	C5	72	100	
38	2.37446	Eb5	75	75	37	2.5	Eb5	75	100	
39	2.39049	G2	43	71	39	2.625	G2	43	120	
40	2.44791	D3	50	72	40	2.625	D3	50	120	
41	2.4626	D5	74	91	38	2.625	D5	74	100	
42	2.49065	B3	59	97	41	2.625	B3	59	120	
43	2.53338	F4	65	80	42	2.75	F4	65	100	
44	2.61218	B4	71	83	43	2.875	B4	71	100	
45	2.70566	D5	74	83	44	3	D5	74	100	
46	2.71234	G2	43	64	49	3.25	G2	43	120	
47	2.76976	Eb3	51	75	50	3.25	Eb3	51	120	
48	2.83654	C5	72	94	45	3.125	C5	72	100	
49	2.8539	C4	60	91	46	3.125	G4	67	120	
50	2.90064	Bb4	70	48	47	3.1875	G#4	68	120	
51	2.91933	A4	69	74	48	3.25	A4	69	100	
52	2.99279	F#4	66	86	52	3.375	F#4	66	100	
53	3.04754	Eb4	63	80	53	3.5	Eb4	63	100	
54	3.1477	C4	60	64	54	3.625	C4	60	100	
55	3.19311	A3	57	62	55	3.75	A3	57	100	
56	3.23183	F#3	54	64	56	3.875	F#3	54	100	
57	3.27056	Eb3	51	58	59	4	Eb3	51	100	
58	3.31463	Eb4	63	63	*	-1	*	-1	-1	
59	3.40411	G4	67	72	57	4	Eb4	63	100	
60	3.47222	G#4	68	77	58	4	Eb4	63	100	
61	3.50961	G2	43	65	61	4.125	G2	43	120	
62	3.59241	Bb4	70	78	60	4.125	Bb4	70	100	
63	3.59375	E3	52	94	63	4.18958	E3	52	120	
64	3.69257	C#4	61	68	64	4.25	C#4	61	100	
65	3.78071	G4	67	70	65	4.375	G4	67	100	
66	3.87019	Bb4	70	70	66	4.5	Bb4	70	100	
67	3.92761	G2	43	73	68	4.625	G2	43	120	
68	4.01843	G#4	68	81	67	4.625	G#4	68	100	
69	4.02911	F3	53	94	70	4.68958	F3	53	120	
70	4.11324	C4	60	61	71	4.75	C4	60	100	
71	4.21207	F4	65	65	72	4.875	F4	65	100	
72	4.30956	G2	43	84	78	5.29063	G2	43	100	
73	4.31623	G#4	68	72	73	5	G#4	68	100	
74	4.44845	G3	55	97	81	5.375	G3	55	100	
75	4.45112	G4	67	90	74	5.125	G4	67	100	
76	4.56063	E4	64	78	76	5.20729	E4	64	100	
77	4.63541	C#4	61	82	79	5.375	C#4	61	100	
78	4.72088	Bb3	58	77	82	5.5	Bb3	58	100	
79	4.78498	G3	55	81	83	5.625	G3	55	100	
80	4.87847	E3	52	65	84	5.725	E3	52	100	
81	4.90651	C#3	49	72	85	5.825	C#3	49	100	
82	4.94524	Bb3	58	73	86	5.925	Bb2	46	100	
83	5.03739	G2	43	63	89	6.025	G2	43	100	
84	5.04006	C#4	61	72	88	6	Bb3	58	100	
85	5.04139	Bb2	46	49	87	6	Bb3	58	100	
86	5.11885	E4	64	72	*	-1	*	-1	-1	
87	5.20833	F4	65	85	90	6.125	F4	65	100	
88	5.21634	G2	43	85	92	6.125	G2	43	120	
89	5.22836	G1	31	80	91	6.125	G1	31	120	
90	5.30048	G#3	56	71	93	6.25	G#3	56	100	
91	5.41132	C4	60	74	94	6.375	C4	60	100	
92	5.50213	F4	65	78	95	6.5	F4	65	100	
93	5.58493	G2	43	89	98	6.625	G2	43	120	
94	5.59161	G1	31	71	97	6.625	G1	31	120	
95	5.59428	D4	62	82	96	6.625	D4	62	100	
96	5.69043	F3	53	78	99	6.75	F3	53	100	
97	5.77457	B3	59	76	100	6.875	B3	59	100	
98	5.86671	D4	62	79	101	7	D4	62	100	
99	6.00293	C2	36	76	103	7.125	C2	36	100	
100	6.00827	G2	43	85	104	7.125	G2	43	100	
101	6.02564	C4	60	89	106	7.175	C4	60	100	
102	6.12179	G3	55	73	107	7.225	G3	55	100	
103	6.21394	Eb3	51	82	108	7.325	Eb3	51	100	
104	6.29406	C3	48	72	109	7.425	C3	48	100	
105	6.36752	G2	43	61	110	7.525	G2	43	100	
106	6.45432	C2	36	86	111	7.625	C2	36	100	
107	6.68936	G4	67	64	112	8	G4	67	100	
108	6.7548	C5	72	77	*	-1	*	-1	-1	
109	6.81223	D5	74	76	*	-1	*	-1	-1	
110	6.81623	G2	43	58	115	8.125	G2	43	120	
111	6.82157	C3	48	74	116	8.125	C3	48	120	
112	6.86297	A3	57	96	117	8.125	A3	57	120	
113	6.86698	Eb5	75	92	114	8.125	Eb5	75	100	
114	6.96447	F#4	66	75	118	8.25	F#4	66	100	
115	7.03525	C5	72	72	119	8.375	C5	72	100	
116	7.1274	G2	43	63	122	8.625	G2	43	120	
117	7.13541	Eb5	75	77	120	8.5	Eb5	75	100	
118	7.18883	D3	50	72	123	8.625	D3	50	120	
119	7.23691	B3	59	95	124	8.625	B3	59	120	
120	7.24225	D5	74	89	121	8.625	D5	74	100	
121	7.30769	F4	65	71	125	8.75	F4	65	100	
122	7.37713	B4	71	78	126	8.875	B4	71	100	
123	7.45325	G2	43	69	132	9.25	G2	43	120	
124	7.46527	D5	74	86	127	9	D5	74	100	
125	7.51735	Eb3	51	71	133	9.25	Eb3	51	120	
126	7.6095	C4	60	86	*	-1	*	-1	-1	
127	7.61484	C5	72	99	128	9.125	C5	72	100	
128	7.69764	A4	69	78	131	9.25	A4	69	100	
129	7.77109	F#4	66	85	135	9.375	F#4	66	100	
130	7.83787	Eb4	63	73	136	9.5	Eb4	63	100	
131	7.92467	C4	60	62	137	9.625	C4	60	100	
132	7.97809	A3	57	46	138	9.75	A3	57	100	
133	7.99679	F#3	54	63	139	9.875	F#3	54	100	
134	8.03819	Eb3	51	50	142	10	Eb3	51	100	
135	8.15304	G4	67	64	140	10	G4	67	100	
136	8.21447	C5	72	68	141	10	G4	67	100	
137	8.29326	G2	43	67	144	10.125	G2	43	120	
138	8.2946	D5	74	76	*	-1	*	-1	-1	
139	8.32531	C3	48	63	145	10.125	C3	48	120	
140	8.36404	Eb5	75	92	143	10.125	Eb5	75	100	
141	8.36938	A3	57	96	146	10.125	A3	57	120	
142	8.48557	F#4	66	68	147	10.25	F#4	66	100	
143	8.55501	C5	72	72	148	10.375	C5	72	100	
144	8.63781	G2	43	68	151	10.625	G2	43	120	
145	8.64048	Eb5	75	75	149	10.5	Eb5	75	100	
146	8.69524	D3	50	67	152	10.625	D3	50	120	
147	8.73263	D5	74	84	150	10.625	D5	74	100	
148	8.74465	B3	59	98	153	10.625	B3	59	120	
149	8.7954	F4	65	84	154	10.75	F4	65	100	
150	8.87152	B4	71	80	155	10.875	B4	71	100	
151	8.96233	D5	74	86	156	11	D5	74	100	
152	8.97969	G2	43	73	161	11.25	G2	43	120	
153	9.04379	Eb3	51	72	162	11.25	Eb3	51	120	
154	9.11992	C4	60	87	158	11.125	G4	67	120	
155	9.12125	C5	72	103	157	11.125	C5	72	100	
156	9.20272	A4	69	77	160	11.25	A4	69	100	
157	9.27617	F#4	66	83	164	11.375	F#4	66	100	
158	9.3376	Eb4	63	69	165	11.5	Eb4	63	100	
159	9.44043	C4	60	63	166	11.625	C4	60	100	
160	9.46447	A3	57	70	167	11.75	A3	57	100	
161	9.52056	F#3	54	58	168	11.875	F#3	54	100	
162	9.54593	Eb3	51	60	171	12	Eb3	51	100	
163	9.57531	Eb4	63	69	*	-1	*	-1	-1	
164	9.66345	G4	67	74	169	12	Eb4	63	100	
165	9.72755	G#4	68	80	170	12	Eb4	63	100	
166	9.78231	G2	43	79	173	12.125	G2	43	120	
167	9.85442	Bb4	70	86	172	12.125	Bb4	70	100	
168	9.85843	E3	52	95	175	12.1896	E3	52	120	
169	9.97862	C#4	61	76	176	12.25	C#4	61	100	
170	10.0614	G4	67	66	177	12.375	G4	67	100	
171	10.1496	Bb4	70	79	178	12.5	Bb4	70	100	
172	10.2016	G2	43	78	180	12.625	G2	43	120	
173	10.2818	G#4	68	81	179	12.625	G#4	68	100	
174	10.3045	F3	53	98	182	12.6896	F3	53	120	
175	10.398	C4	60	78	183	12.75	C4	60	100	
176	10.4901	F4	65	75	184	12.875	F4	65	100	
177	10.5929	G#4	68	76	185	13	G#4	68	100	
178	10.6116	G2	43	87	190	13.2906	G2	43	100	
179	10.7292	G3	55	99	193	13.375	G3	55	100	
180	10.7292	G4	67	99	186	13.125	G4	67	100	
181	10.8347	E4	64	79	188	13.2073	E4	64	100	
182	10.9188	C#4	61	86	191	13.375	C#4	61	100	
183	11.0136	Bb3	58	83	194	13.5	Bb3	58	100	
184	11.1004	G3	55	79	195	13.625	G3	55	100	
185	11.1472	E3	52	73	196	13.725	E3	52	100	
186	11.1819	C#3	49	70	197	13.825	C#3	49	100	
187	11.2633	Bb3	58	79	198	13.925	Bb2	46	100	
188	11.2914	G2	43	65	201	14.025	G2	43	100	
189	11.3261	Bb2	46	27	199	14	Bb3	58	100	
190	11.3448	C#4	61	74	200	14	Bb3	58	100	
191	11.4129	E4	64	76	*	-1	*	-1	-1	
192	11.5184	G2	43	89	204	14.125	G2	43	120	
193	11.5264	G1	31	84	203	14.125	G1	31	120	
194	11.5264	F4	65	85	202	14.125	F4	65	100	
195	11.6052	G#3	56	74	205	14.25	G#3	56	100	
196	11.7161	C4	60	67	206	14.375	C4	60	100	
197	11.7935	F4	65	69	207	14.5	F4	65	100	
198	11.8883	D4	62	85	208	14.625	D4	62	100	
199	11.8937	G2	43	83	210	14.625	G2	43	120	
200	11.8977	G1	31	69	209	14.625	G1	31	120	
201	11.9845	F3	53	74	211	14.75	F3	53	100	
202	12.0673	B3	59	87	212	14.875	B3	59	100	
203	12.1634	D4	62	81	213	15	D4	62	100	
204	12.3277	G2	43	76	216	15.125	G2	43	100	
205	12.3304	C2	36	65	215	15.125	C2	36	100	
206	12.3932	C4	60	83	214	15.125	C4	60	100	
207	12.4025	B3	59	79	*	-1	*	-1	-1	
208	12.4519	B3	59	49	*	-1	*	-1	-1	
209	12.5374	G3	55	65	217	15.225	G3	55	100	
210	12.5708	F3	53	51	*	-1	*	-1	-1	
211	12.6429	Eb3	51	80	218	15.325	Eb3	51	100	
212	12.7097	C3	48	75	219	15.425	C3	48	100	
213	12.7337	F3	53	6	*	-1	*	-1	-1	
214	12.7938	G2	43	71	220	15.525	G2	43	100	
215	12.9126	C2	36	83	221	15.625	C2	36	100	
216	13.2986	D4	62	75	222	15.875	D4	62	100	
217	13.4108	Eb4	63	67	224	16	Eb4	63	100	
218	13.547	G2	43	65	227	16.125	G2	43	100	
219	13.5523	D4	62	76	225	16.125	D4	62	100	
220	13.6712	Bb3	58	61	228	16.25	Bb3	58	100	
221	13.7874	A3	57	70	229	16.375	A3	57	100	
222	13.8835	G3	55	70	230	16.5	G3	55	100	
223	13.9583	D3	50	68	231	16.625	D3	50	100	
224	14.1506	G4	67	80	232	16.875	G4	67	100	
225	14.16	D4	62	71	233	16.875	D4	62	100	
226	14.2508	Eb4	63	69	234	17	Eb4	63	100	
227	14.3336	D2	38	54	237	17.125	D2	38	100	
228	14.3456	D4	62	69	236	17.125	D4	62	100	
229	14.3576	F#4	66	76	235	17.125	F#4	66	100	
230	14.4297	C4	60	57	238	17.25	C4	60	100	
231	14.5406	Bb3	58	63	239	17.375	Bb3	58	100	
232	14.6274	A3	57	71	240	17.5	A3	57	100	
233	14.7115	D3	50	69	241	17.625	D3	50	100	
234	14.9132	D4	62	66	242	17.875	D4	62	100	
235	14.9933	Eb4	63	65	244	18	Eb4	63	100	
236	15.0748	G2	43	67	247	18.125	G2	43	100	
237	15.0814	D4	62	66	245	18.125	D4	62	100	
238	15.1696	Bb3	58	61	248	18.25	Bb3	58	100	
239	15.2604	A3	57	62	249	18.375	A3	57	100	
240	15.3339	G3	55	66	250	18.5	G3	55	100	
241	15.418	D3	50	68	251	18.625	D3	50	100	
242	15.5876	G4	67	81	252	18.875	G4	67	100	
243	15.5916	D4	62	69	253	18.875	D4	62	100	
244	15.6811	Eb4	63	67	254	19	Eb4	63	100	
245	15.7519	D2	38	58	257	19.125	D2	38	100	
246	15.7746	D4	62	54	256	19.125	D4	62	100	
247	15.7946	F#4	66	77	255	19.125	F#4	66	100	
248	15.848	C4	60	65	258	19.25	C4	60	100	
249	15.9856	Bb3	58	62	259	19.375	Bb3	58	100	
250	16.0644	A3	57	68	260	19.5	A3	57	100	
251	16.1592	D3	50	64	261	19.625	D3	50	100	
252	16.3435	D4	62	66	262	19.875	D4	62	100	
253	16.4156	Eb4	63	68	264	20	Eb4	63	100	
254	16.5171	G2	43	55	267	20.125	G2	43	100	
255	16.5358	D4	62	73	265	20.125	D4	62	100	
256	16.6373	Bb3	58	53	268	20.25	Bb3	58	100	
257	16.7428	A3	57	58	269	20.375	A3	57	100	
258	16.8176	G3	55	57	270	20.5	G3	55	100	
259	16.8923	D3	50	57	272	20.625	D3	50	100	
260	16.9137	Bb4	70	69	271	20.625	Bb4	70	100	
261	17.0953	Eb4	63	62	273	20.875	Eb4	63	100	
262	17.1768	F4	65	73	275	21	F4	65	100	
263	17.2716	C2	36	65	278	21.125	C2	36	100	
264	17.2716	Eb4	63	86	276	21.125	Eb4	63	100	
265	17.3357	Bb3	58	69	279	21.25	Bb3	58	100	
266	17.4733	A3	57	62	280	21.375	A3	57	100	
267	17.4786	C#4	61	64	*	-1	*	-1	-1	
268	17.5387	G3	55	62	281	21.5	G3	55	100	
269	17.6335	C3	48	61	283	21.625	C3	48	100	
270	17.6455	Eb5	75	89	282	21.625	Eb5	75	100	
271	17.8766	Eb4	63	65	284	21.875	Eb4	63	100	
272	17.9394	F4	65	79	286	22	F4	65	100	
273	18.0342	Eb4	63	86	287	22.125	Eb4	63	100	
274	18.0382	F2	41	69	289	22.125	F2	41	100	
275	18.141	A3	57	64	290	22.25	A3	57	100	
276	18.2425	G3	55	61	291	22.375	G3	55	100	
277	18.3293	F3	53	61	292	22.5	F3	53	100	
278	18.4054	A4	69	76	293	22.625	A4	69	100	
279	18.4161	C3	48	62	294	22.625	C3	48	100	
280	18.6058	D4	62	73	295	22.875	D4	62	100	
281	18.6739	Eb4	63	67	297	23	Eb4	63	100	
282	18.7527	D4	62	81	298	23.125	D4	62	100	
283	18.7713	Bb1	34	61	300	23.125	Bb1	34	100	
284	18.8541	A3	57	56	301	23.25	A3	57	100	
285	18.9864	G3	55	54	302	23.375	G3	55	100	
286	19.0545	F3	53	55	303	23.5	F3	53	100	
287	19.1413	Bb2	46	53	305	23.625	Bb2	46	100	
288	19.1653	D5	74	64	304	23.625	D5	74	100	
289	19.3616	D4	62	69	306	23.875	D4	62	100	
290	19.4404	Eb4	63	70	308	24	Eb4	63	100	
291	19.5112	Eb2	39	61	311	24.125	Eb2	39	100	
292	19.5179	D4	62	77	309	24.125	D4	62	100	
293	19.6074	G3	55	64	312	24.25	G3	55	100	
294	19.7022	F3	53	56	313	24.375	F3	53	100	
295	19.7916	Eb3	51	61	314	24.5	Eb3	51	100	
296	19.8744	G4	67	73	315	24.625	G4	67	100	
297	19.8865	Bb2	46	64	316	24.625	Bb2	46	100	
298	20.0868	C4	60	72	317	24.875	C4	60	100	
299	20.1602	D4	62	74	319	25	D4	62	100	
300	20.231	A1	33	70	322	25.125	A1	33	100	
301	20.2497	C4	60	91	320	25.125	C4	60	100	
302	20.3672	G3	55	44	323	25.25	G3	55	100	
303	20.4247	F3	53	64	324	25.375	F3	53	100	
304	20.5075	Eb3	51	63	325	25.5	Eb3	51	100	
305	20.5983	A2	45	64	327	25.625	A2	45	100	
306	20.6223	C5	72	84	326	25.625	C5	72	100	
307	20.8146	C4	60	75	328	25.875	C4	60	100	
308	20.8961	D4	62	88	330	26	D4	62	100	
309	20.9869	C4	60	80	331	26.125	C4	60	100	
310	20.9882	D2	38	71	333	26.125	D2	38	100	
311	21.0724	F#3	54	70	334	26.25	F#3	54	100	
312	21.1926	E3	52	71	335	26.375	E3	52	100	
313	21.2687	D3	50	71	336	26.5	D3	50	100	
314	21.3475	A2	45	71	338	26.625	A2	45	100	
315	21.3515	F#4	66	83	337	26.625	F#4	66	100	
316	21.5598	C5	72	90	339	26.875	C5	72	100	
317	21.6386	D5	74	78	341	27	D5	74	100	
318	21.7094	D2	38	74	344	27.125	D2	38	100	
319	21.7241	C5	72	90	342	27.125	C5	72	100	
320	21.8202	F#4	66	77	345	27.25	F#4	66	100	
321	21.9524	E4	64	71	346	27.375	E4	64	100	
322	22.0366	D4	62	73	347	27.5	D4	62	100	
323	22.0913	A3	57	81	349	27.625	A3	57	100	
324	22.0913	F#5	78	91	348	27.625	F#5	78	100	
325	22.3023	D5	74	93	350	27.875	D5	74	100	
326	22.3958	Eb5	75	90	352	28	Eb5	75	100	
327	22.484	G2	43	85	355	28.125	G2	43	120	
328	22.492	D5	74	91	353	28.125	D5	74	100	
329	22.5895	Bb4	70	89	357	28.25	Bb4	70	100	
330	22.6509	A4	69	62	358	28.375	A4	69	100	
331	22.7631	G4	67	79	359	28.5	G4	67	100	
332	22.8485	D4	62	87	360	28.625	D4	62	100	
333	23.0475	G5	79	93	361	28.875	G5	79	100	
334	23.0569	D5	74	86	362	28.875	D5	74	100	
335	23.1544	Eb5	75	82	363	29	Eb5	75	100	
336	23.2345	D3	50	74	366	29.125	D3	50	120	
337	23.2372	D4	62	84	367	29.125	D4	62	120	
338	23.2465	F#5	78	93	364	29.125	F#5	78	100	
339	23.2465	D5	74	90	365	29.125	D5	74	100	
340	23.328	C5	72	73	368	29.25	C5	72	100	
341	23.4201	Bb4	70	80	369	29.375	Bb4	70	100	
342	23.5029	A4	69	79	370	29.5	A4	69	100	
343	23.5964	D4	62	83	371	29.625	D4	62	100	
344	23.8127	D5	74	84	372	29.875	D5	74	100	
345	23.8702	Eb5	75	82	374	30	Eb5	75	100	
346	23.9583	D5	74	89	375	30.125	D5	74	100	
347	23.961	G3	55	85	377	30.125	G3	55	120	
348	24.0411	Bb4	70	79	379	30.25	Bb4	70	100	
349	24.1426	A4	69	77	380	30.375	A4	69	100	
350	24.2254	G4	67	81	381	30.5	G4	67	100	
351	24.3122	D4	62	82	382	30.625	D4	62	100	
352	24.5125	G5	79	97	383	30.875	G5	79	100	
353	24.5232	D5	74	88	384	30.875	D5	74	100	
354	24.6154	Eb5	75	79	385	31	Eb5	75	100	
355	24.6982	D3	50	73	388	31.125	D3	50	120	
356	24.7062	D4	62	87	389	31.125	D4	62	120	
357	24.7102	D5	74	77	387	31.125	D5	74	100	
358	24.7128	F#5	78	96	386	31.125	F#5	78	100	
359	24.7623	C5	72	80	390	31.25	C5	72	100	
360	24.9025	Bb4	70	75	391	31.375	Bb4	70	100	
361	25.0067	A4	69	75	392	31.5	A4	69	100	
362	25.1028	D4	62	79	393	31.625	D4	62	100	
363	25.2911	D5	74	82	394	31.875	D5	74	100	
364	25.3739	Eb5	75	83	396	32	Eb5	75	100	
365	25.4607	D5	74	87	397	32.125	D5	74	100	
366	25.4861	G3	55	83	400	32.125	G3	55	100	
367	25.5515	Bb4	70	74	401	32.25	Bb4	70	100	
368	25.6784	A4	69	64	402	32.375	A4	69	100	
369	25.7639	G4	67	67	403	32.5	G4	67	100	
370	25.8467	D4	62	81	405	32.625	D4	62	100	
371	25.8614	Bb5	82	81	404	32.625	Bb5	82	100	
372	26.0857	Eb5	75	58	406	32.875	Eb5	75	100	
373	26.1405	F5	77	75	408	33	F5	77	100	
374	26.2233	Eb5	75	87	409	33.125	Eb5	75	100	
375	26.2246	C3	48	82	411	33.125	C3	48	100	
376	26.3154	Bb4	70	61	412	33.25	Bb4	70	100	
377	26.4076	A4	69	69	413	33.375	A4	69	100	
378	26.4984	G4	67	70	414	33.5	G4	67	100	
379	26.5838	C4	60	67	416	33.625	C4	60	100	
380	26.5985	Eb6	87	85	415	33.625	Eb6	87	100	
381	26.8216	Eb5	75	65	417	33.875	Eb5	75	100	
382	26.8963	F5	77	66	419	34	F5	77	100	
383	26.9885	F3	53	58	422	34.125	F2	41	100	
384	26.9925	Eb5	75	79	420	34.125	Eb5	75	100	
385	27.0753	A4	69	61	423	34.25	A4	69	100	
386	27.1808	G4	67	58	424	34.375	G4	67	100	
387	27.2769	F4	65	69	425	34.5	F4	65	100	
388	27.3451	A5	81	77	426	34.625	A5	81	100	
389	27.3557	C4	60	65	427	34.625	C4	60	100	
390	27.5307	D5	74	71	428	34.875	D5	74	100	
391	27.5975	Eb5	75	80	430	35	Eb5	75	100	
392	27.6722	D5	74	100	431	35.125	D5	74	100	
393	27.6816	Bb2	46	81	433	35.125	Bb2	46	100	
394	27.7631	A4	69	67	434	35.25	A4	69	100	
395	27.8512	G4	67	73	435	35.375	G4	67	100	
396	27.9273	F4	65	68	436	35.5	F4	65	100	
397	28.0408	Bb3	58	76	438	35.625	Bb3	58	100	
398	28.0542	D6	86	93	437	35.625	D6	86	100	
399	28.2652	D5	74	83	439	35.875	D5	74	100	
400	28.34	Eb5	75	82	441	36	Eb5	75	100	
401	28.4134	Eb3	51	78	444	36.125	Eb2	39	100	
402	28.4228	D5	74	94	442	36.125	D5	74	100	
403	28.4615	C#5	73	31	*	-1	*	-1	-1	
404	28.4869	G4	67	73	445	36.25	G4	67	100	
405	28.571	F4	65	70	446	36.375	F4	65	100	
406	28.6859	Eb4	63	74	447	36.5	Eb4	63	100	
407	28.7753	G5	79	93	448	36.625	G5	79	100	
408	28.7834	Bb3	58	77	449	36.625	Bb3	58	100	
409	28.9877	C5	72	89	450	36.875	C5	72	100	
410	29.0545	D5	74	87	452	37	D5	74	100	
411	29.1279	A2	45	89	455	37.125	A2	45	100	
412	29.1346	C5	72	99	453	37.125	C5	72	100	
413	29.2174	G4	67	63	456	37.25	F#4	66	100	
414	29.3175	F4	65	79	457	37.375	E4	64	100	
415	29.4057	Eb4	63	75	458	37.5	D4	62	100	
416	29.4965	A3	57	83	460	37.625	A3	57	100	
417	29.5112	C6	84	97	459	37.625	C6	84	100	
418	29.7195	C5	72	90	461	37.875	C5	72	100	
419	29.7876	D5	74	86	463	38	D5	74	100	
420	29.8664	C5	72	91	464	38.125	C5	72	100	
421	29.8784	D3	50	86	466	38.125	D3	50	100	
422	29.9519	F#4	66	71	467	38.25	F#4	66	100	
423	30.0694	E4	64	85	468	38.375	E4	64	100	
424	30.1576	D4	62	82	469	38.5	D4	62	100	
425	30.2283	A3	57	88	471	38.625	A3	57	100	
426	30.2337	F#5	78	94	470	38.625	F#5	78	100	
427	30.422	C5	72	90	472	38.875	C5	72	100	
428	30.5074	D5	74	84	474	39	D5	74	100	
429	30.5889	C5	72	94	475	39.125	C5	72	100	
430	30.5916	D3	50	94	*	-1	*	-1	-1	
431	30.6811	F#4	66	88	478	39.25	F#4	66	100	
432	30.7892	E4	64	82	480	39.375	E4	64	100	
433	30.8734	D4	62	77	483	39.5	D4	62	100	
434	30.9642	A3	57	82	485	39.625	A3	57	100	
435	31.0016	C6	84	101	484	39.625	C6	84	100	
436	31.2406	D5	74	82	486	40	D5	74	110	
437	31.2633	D3	50	78	489	40.125	D3	50	127	
438	31.3034	G5	79	85	*	-1	*	-1	-1	
439	31.3181	G3	55	73	490	40.125	G3	55	127	
440	31.3635	A5	81	84	*	-1	*	-1	-1	
441	31.3955	E4	64	99	491	40.125	E4	64	127	
442	31.4289	Bb5	82	91	488	40.125	Bb5	82	127	
443	31.5157	C#5	73	73	492	40.25	C#5	73	110	
444	31.5745	G5	79	73	493	40.375	G5	79	110	
445	31.6132	D3	50	79	496	40.625	D3	50	127	
446	31.6853	Bb5	82	80	494	40.5	Bb5	82	110	
447	31.7054	A3	57	79	497	40.625	A3	57	127	
448	31.7655	F#4	66	110	498	40.625	F#4	66	127	
449	31.7855	A5	81	89	495	40.625	A5	81	127	
450	31.8336	C5	72	82	499	40.75	C5	72	110	
451	31.9244	F#5	78	81	500	40.875	F#5	78	110	
452	31.9978	D3	50	75	503	41.125	D3	50	127	
453	32.0125	A5	81	85	501	41	A5	81	110	
454	32.086	Bb3	58	79	504	41.125	Bb3	58	127	
455	32.1554	G4	67	100	505	41.125	G4	67	127	
456	32.1568	G5	79	98	502	41.125	G5	79	110	
457	32.2302	E5	76	80	506	41.25	E5	76	110	
458	32.2956	C#5	73	85	507	41.375	C#5	73	110	
459	32.3731	Bb4	70	75	508	41.5	Bb4	70	110	
460	32.4626	G4	67	62	509	41.625	G4	67	110	
461	32.492	E4	64	64	510	41.75	E4	64	110	
462	32.5293	C#4	61	65	511	41.875	C#4	61	110	
463	32.5574	Bb3	58	59	*	-1	*	-1	-1	
464	32.6576	D5	74	83	513	42	D5	74	110	
465	32.7043	G#3	56	51	512	42	Bb3	58	110	
466	32.7297	G5	79	82	514	42	G5	79	110	
467	32.8004	A5	81	81	515	42.0312	A5	81	110	
468	32.8085	D3	50	69	518	42.125	D3	50	127	
469	32.8445	G3	55	68	519	42.125	G3	55	127	
470	32.8712	Bb5	82	98	517	42.125	Bb5	82	127	
471	32.8886	E4	64	96	520	42.125	E4	64	127	
472	33.0074	C#5	73	70	521	42.25	C#5	73	110	
473	33.0902	G5	79	80	522	42.375	G5	79	110	
474	33.1357	D3	50	71	525	42.625	D3	50	127	
475	33.1944	Bb5	82	81	523	42.5	Bb5	82	110	
476	33.2064	A3	57	68	526	42.625	A3	57	127	
477	33.2652	F#4	66	101	527	42.625	F#4	66	127	
478	33.2679	A5	81	94	524	42.625	A5	81	127	
479	33.3533	C5	72	81	528	42.75	C5	72	110	
480	33.4375	F#5	78	84	529	42.875	F#5	78	110	
481	33.4936	D3	50	73	532	43.125	D3	50	127	
482	33.5096	A5	81	90	530	43	A5	81	110	
483	33.579	Bb3	58	76	536	43.1896	Bb3	58	127	
484	33.6431	G5	79	106	534	43.1875	G5	79	110	
485	33.6525	G4	67	93	537	43.1896	G4	67	127	
486	33.7379	E5	76	81	538	43.25	E5	76	110	
487	33.8114	C#5	73	81	539	43.375	C#5	73	110	
488	33.8875	Bb4	70	81	540	43.5	Bb4	70	110	
489	33.9503	G4	67	62	541	43.625	G4	67	110	
490	33.9904	E4	64	55	542	43.75	E4	64	110	
491	34.0344	C#4	61	64	543	43.875	C#4	61	110	
492	34.0571	Bb3	58	61	545	44	Bb3	58	110	
493	34.1172	Bb4	70	73	544	44	Bb4	70	110	
494	34.1947	D5	74	79	*	-1	*	-1	-1	
495	34.2655	Eb5	75	86	*	-1	*	-1	-1	
496	34.2842	D3	50	62	548	44.125	D3	50	127	
497	34.3523	B3	59	102	549	44.125	B3	59	127	
498	34.3563	F5	77	89	547	44.125	F5	77	127	
499	34.4725	G#4	68	72	550	44.25	G#4	68	110	
500	34.5432	D5	74	79	551	44.375	D5	74	110	
501	34.6194	D3	50	68	554	44.625	D3	50	127	
502	34.634	F5	77	89	552	44.5	F5	77	110	
503	34.7262	C4	60	97	556	44.6896	C4	60	127	
504	34.7409	Eb5	75	93	553	44.625	Eb5	75	127	
505	34.8317	G4	67	64	557	44.75	G4	67	110	
506	34.8931	A4	69	18	*	-1	*	-1	-1	
507	34.8985	C5	72	78	558	44.875	C#5	73	110	
508	34.992	D3	50	74	564	45.2906	D3	50	110	
509	35.0026	Eb5	75	85	559	45	Eb5	75	110	
510	35.1268	D4	62	100	567	45.375	D4	62	110	
511	35.1375	D5	74	99	560	45.125	D5	74	110	
512	35.2283	B4	71	82	562	45.2073	B4	71	110	
513	35.3085	G#4	68	88	565	45.375	G#4	68	110	
514	35.3886	F4	65	83	568	45.5	F4	65	110	
515	35.4914	D4	62	82	569	45.625	D4	62	110	
516	35.5155	B3	59	70	570	45.725	B3	59	110	
517	35.5488	G#3	56	67	571	45.825	G#3	56	110	
518	35.6316	F4	65	74	*	-1	*	-1	-1	
519	35.6356	F3	53	66	572	45.925	F3	53	110	
520	35.6664	D3	50	63	575	46.025	D3	50	110	
521	35.7091	G#4	68	79	574	46	F4	65	110	
522	35.7932	B4	71	79	*	-1	*	-1	-1	
523	35.8653	D3	50	92	578	46.125	D3	50	127	
524	35.8734	D2	38	80	577	46.125	D2	38	127	
525	35.8854	C5	72	92	576	46.125	C5	72	127	
526	35.9495	Eb4	63	76	579	46.25	Eb4	63	110	
527	36.0523	G4	67	78	580	46.375	G4	67	110	
528	36.1632	C5	72	81	581	46.5	C5	72	110	
529	36.2366	A4	69	75	582	46.625	A4	69	127	
530	36.246	D3	50	92	584	46.625	D3	50	127	
531	36.2513	D2	38	73	583	46.625	D2	38	127	
532	36.3555	C4	60	73	585	46.75	C4	60	110	
533	36.4236	F#4	66	84	586	46.875	F#4	66	110	
534	36.5197	A4	69	72	587	47	A4	69	110	
535	36.688	D3	50	89	590	47.125	D3	50	110	
536	36.6933	G2	43	72	589	47.125	G2	43	110	
537	36.7614	G4	67	103	588	47.125	G4	67	110	
538	36.9003	D4	62	89	591	47.225	D4	62	110	
539	37.0312	Bb3	58	83	592	47.325	Bb3	58	110	
540	37.122	G3	55	86	593	47.425	G3	55	110	
541	37.2008	D3	50	85	594	47.525	D3	50	110	
542	37.3103	G2	43	98	595	47.625	G2	43	110	
543	37.6121	G3	55	100	596	47.875	G3	55	100	
544	37.7484	F#3	54	89	597	48	F#3	54	100	
545	37.8859	G3	55	97	598	48.125	G3	55	100	
546	38.0101	G#3	56	81	599	48.25	G#3	56	100	
547	38.1009	F3	53	72	600	48.375	F3	53	100	
548	38.1864	G3	55	78	601	48.5	G3	55	100	
549	38.2959	Eb3	51	84	602	48.625	Eb3	51	100	
550	38.3747	F3	53	84	603	48.75	F3	53	100	
551	38.4668	D3	50	77	604	48.875	D3	50	100	
552	38.5496	Eb3	51	72	605	49	Eb3	51	100	
553	38.6405	C3	48	85	606	49.125	C3	48	120	
554	38.746	D3	50	76	607	49.25	D3	50	100	
555	38.798	Eb3	51	81	608	49.375	Eb3	51	100	
556	38.9142	G3	55	88	609	49.5	G3	55	100	
557	39.0157	C4	60	83	610	49.625	C4	60	100	
558	39.1119	D4	62	92	611	49.75	D4	62	100	
559	39.1973	Eb4	63	89	612	49.875	Eb4	63	120	
560	39.2855	B3	59	78	613	50	B3	59	100	
561	39.3616	C4	60	86	614	50.125	C4	60	120	
562	39.4724	B3	59	79	615	50.25	B3	59	100	
563	39.5646	C4	60	80	616	50.375	C4	60	100	
564	39.6527	G3	55	75	617	50.5	G3	55	100	
565	39.7436	G#3	56	76	618	50.625	G#3	56	120	
566	39.837	G3	55	74	619	50.75	G3	55	100	
567	39.9492	G#3	56	76	620	50.875	G#3	56	100	
568	40.0213	E3	52	75	621	51	E3	52	100	
569	40.1295	F3	53	80	622	51.125	F3	53	120	
570	40.2176	E3	52	73	623	51.25	E3	52	100	
571	40.3231	F3	53	74	624	51.375	F3	53	100	
572	40.4099	D3	50	76	625	51.5	D3	50	100	
573	40.5181	G3	55	84	626	51.625	G3	55	100	
574	40.5969	F3	53	85	627	51.75	F3	53	100	
575	40.6624	C4	60	68	628	51.875	C4	60	100	
576	40.7091	Eb3	51	81	629	51.875	Eb3	51	100	
577	40.7705	B3	59	74	630	52	B3	59	100	
578	40.8226	D3	50	62	631	52	D3	50	100	
579	40.856	C4	60	81	632	52.125	C4	60	120	
580	40.8694	Eb3	51	84	633	52.125	Eb3	51	100	
581	40.9655	D4	62	77	634	52.25	D4	62	100	
582	41.0723	C4	60	76	635	52.375	C4	60	100	
583	41.0737	Eb3	51	87	636	52.375	Eb3	51	100	
584	41.1832	D4	62	75	637	52.5	D4	62	100	
585	41.262	D3	50	82	639	52.625	D3	50	100	
586	41.2753	Bb3	58	75	638	52.625	Bb3	58	100	
587	41.3755	C4	60	71	640	52.75	C4	60	102	
588	41.4583	C3	48	83	642	52.875	C3	48	104	
589	41.4596	A3	57	79	641	52.875	A3	57	104	
590	41.5718	Bb3	58	70	643	53	Bb3	58	106	
591	41.6573	Bb2	46	86	645	53.125	Bb2	46	108	
592	41.6666	G3	55	72	644	53.125	G3	55	127	
593	41.7601	A3	57	83	646	53.25	A3	57	110	
594	41.8549	Bb3	58	79	647	53.375	Bb3	58	110	
595	41.9484	D4	62	88	648	53.5	D4	62	110	
596	42.0593	G4	67	82	649	53.625	G4	67	110	
597	42.1541	A4	69	71	650	53.75	A4	69	110	
598	42.1955	A2	45	75	652	53.875	A2	45	110	
599	42.2435	Bb4	70	74	651	53.875	Bb4	70	127	
600	42.3384	F#4	66	76	653	54	F#4	66	110	
601	42.3945	Bb2	46	84	655	54.125	Bb2	46	110	
602	42.4439	G4	67	74	654	54.125	G4	67	127	
603	42.5374	F#4	66	75	656	54.25	F#4	66	110	
604	42.6095	B2	47	78	658	54.375	B2	47	110	
605	42.6282	G4	67	75	657	54.375	G4	67	110	
606	42.7323	D4	62	72	659	54.5	D4	62	110	
607	42.7964	C3	48	72	661	54.625	C3	48	110	
608	42.8285	Eb4	63	73	660	54.625	Eb4	63	127	
609	42.9073	D4	62	77	662	54.75	D4	62	110	
610	42.9981	D3	50	71	664	54.875	D3	50	110	
611	43.0154	Eb4	63	71	663	54.875	Eb4	63	110	
612	43.1156	B3	59	66	665	55	B3	59	110	
613	43.1917	Eb3	51	75	667	55.125	Eb3	51	110	
614	43.2051	C4	60	69	666	55.125	C4	60	110	
615	43.2906	B3	59	74	668	55.25	B3	59	110	
616	43.3894	C3	48	74	670	55.375	C3	48	110	
617	43.3921	C4	60	66	669	55.375	C4	60	110	
618	43.4922	G3	55	69	671	55.5	G3	55	110	
619	43.5844	B3	59	72	672	55.625	B3	59	110	
620	43.5884	D3	50	72	673	55.625	D3	50	110	
621	43.6885	G3	55	69	674	55.75	G3	55	110	
622	43.802	G4	67	80	675	55.875	G4	67	110	
623	43.8101	F3	53	82	676	55.875	F3	53	110	
624	43.8848	D3	50	69	678	56	D3	50	110	
625	43.9049	F#4	66	90	677	56	F#4	66	110	
626	43.9837	Eb3	51	92	680	56.125	Eb3	51	110	
627	44.0037	G4	67	83	679	56.125	G4	67	110	
628	44.0905	G#4	68	80	681	56.25	G#4	68	110	
629	44.188	F4	65	80	682	56.375	F4	65	110	
630	44.2013	D3	50	85	684	56.375	D3	50	110	
631	44.212	D2	38	79	683	56.375	D2	38	110	
632	44.2815	G4	67	78	685	56.5	G4	67	110	
633	44.387	Eb4	63	74	686	56.625	Eb4	63	110	
634	44.4017	C3	48	87	688	56.625	C3	48	110	
635	44.4057	C2	36	83	687	56.625	C2	36	110	
636	44.4938	F4	65	77	689	56.75	F4	65	110	
637	44.5886	D4	62	87	690	56.875	D4	62	110	
638	44.6006	Bb2	46	87	692	56.875	Bb2	46	110	
639	44.6127	Bb1	34	72	691	56.875	Bb1	34	110	
640	44.7075	Eb4	63	73	693	57	Eb4	63	110	
641	44.809	A2	45	88	696	57.125	A2	45	110	
642	44.8183	A1	33	80	695	57.125	A1	33	110	
643	44.8183	C4	60	77	694	57.125	C4	60	110	
644	44.9212	D4	62	82	697	57.25	D4	62	110	
645	45.016	Eb4	63	81	698	57.375	Eb4	63	110	
646	45.1055	G4	67	90	699	57.5	G4	67	110	
647	45.1989	C5	72	84	700	57.625	C5	72	110	
648	45.2804	D5	74	81	701	57.75	D5	74	110	
649	45.3605	A2	45	82	704	57.875	A2	45	110	
650	45.3645	A1	33	75	703	57.875	A1	33	110	
651	45.3659	Eb5	75	89	702	57.875	Eb5	75	110	
652	45.474	F#4	66	87	705	58	F#4	66	110	
653	45.5876	Bb2	46	88	708	58.125	Bb2	46	100	
654	45.5929	Bb1	34	79	707	58.125	Bb1	34	100	
655	45.6076	D5	74	83	706	58.125	D5	74	100	
656	45.7171	G4	67	80	709	58.25	G4	67	100	
657	45.8213	Bb4	70	71	710	58.375	Bb4	70	100	
658	45.8974	D5	74	81	711	58.5	D5	74	100	
659	46.0069	C3	48	87	714	58.625	C3	48	100	
660	46.0096	C2	36	79	713	58.625	C2	36	100	
661	46.0162	C5	72	82	712	58.625	C5	72	100	
662	46.1485	Eb4	63	64	715	58.75	Eb4	63	100	
663	46.2326	A4	69	65	716	58.875	A4	69	100	
664	46.3074	C5	72	78	717	59	C5	72	100	
665	46.4222	D3	50	79	720	59.125	D3	50	100	
666	46.4342	D2	38	65	719	59.125	D2	38	100	
667	46.4636	F#4	66	69	718	59.125	F#4	66	100	
668	46.5491	C4	60	60	721	59.25	C4	60	100	
669	46.6546	D4	62	70	722	59.375	D4	62	100	
670	46.7481	F#4	66	65	723	59.5	F#4	66	100	
671	46.8576	G2	43	65	726	59.625	G2	43	100	
672	46.8736	G4	67	76	725	59.625	G4	67	100	
673	46.8923	B3	59	60	724	59.625	B3	59	100	
674	47.1661	G3	55	81	728	59.875	G3	55	100	
675	47.2876	F#3	54	78	729	60	F#3	54	100	
676	47.4145	G3	55	84	730	60.125	G3	55	100	
677	47.5186	G#3	56	79	731	60.25	G#3	56	100	
678	47.6095	F3	53	73	732	60.375	F3	53	100	
679	47.6936	G3	55	80	733	60.5	G3	55	100	
680	47.7991	Eb3	51	83	734	60.625	Eb3	51	100	
681	47.8872	F3	53	80	735	60.75	F3	53	100	
682	47.9901	D3	50	73	736	60.875	D3	50	100	
683	48.0742	Eb3	51	74	737	61	Eb3	51	100	
684	48.169	C3	48	79	738	61.125	C3	48	120	
685	48.2665	D3	50	75	739	61.25	D3	50	100	
686	48.3373	Eb3	51	68	740	61.375	Eb3	51	100	
687	48.4468	G3	55	85	741	61.5	G3	55	100	
688	48.547	C4	60	79	742	61.625	C4	60	100	
689	48.6444	D4	62	88	743	61.75	D4	62	100	
690	48.7299	Eb4	63	83	744	61.875	Eb4	63	120	
691	48.8074	B3	59	80	745	62	B3	59	100	
692	48.8888	C4	60	82	746	62.125	C4	60	120	
693	49.0024	B3	59	82	747	62.25	B3	59	100	
694	49.1012	C4	60	77	748	62.375	C4	60	100	
695	49.1893	G3	55	71	749	62.5	G3	55	100	
696	49.2895	G#3	56	77	750	62.625	G#3	56	120	
697	49.3763	G3	55	71	751	62.75	G3	55	100	
698	49.4898	G#3	56	74	752	62.875	G#3	56	100	
699	49.5619	E3	52	74	753	63	E3	52	100	
700	49.6848	F3	53	76	754	63.125	F3	53	120	
701	49.7702	E3	52	71	755	63.25	E3	52	100	
702	49.8651	F3	53	73	756	63.375	F3	53	100	
703	49.9746	D3	50	71	757	63.5	D3	50	100	
704	50.0614	G3	55	82	758	63.625	G3	55	100	
705	50.1495	F3	53	80	759	63.75	F3	53	100	
706	50.2403	C4	60	69	760	63.875	C4	60	100	
707	50.2537	Eb3	51	85	761	63.875	Eb3	51	100	
708	50.3258	B3	59	75	762	64	B3	59	100	
709	50.4046	D3	50	52	763	64	D3	50	100	
710	50.426	Eb3	51	83	765	64.125	Eb3	51	100	
711	50.4286	C4	60	75	764	64.125	C4	60	120	
712	50.5235	D4	62	75	766	64.25	D4	62	100	
713	50.6196	C4	60	74	767	64.375	C4	60	100	
714	50.6356	Eb3	51	86	768	64.375	Eb3	51	100	
715	50.7224	D4	62	76	769	64.5	D4	62	100	
716	50.8226	Bb3	58	74	770	64.625	Bb3	58	100	
717	50.8386	D3	50	50	771	64.625	D3	50	100	
718	50.9174	C4	60	69	772	64.75	C4	60	102	
719	51.0202	A3	57	74	773	64.875	A3	57	104	
720	51.0376	C3	48	69	774	64.875	C3	48	104	
721	51.1324	Bb3	58	63	775	65	Bb3	58	106	
722	51.2486	Bb2	46	68	777	65.125	Bb2	46	108	
723	51.2513	G3	55	64	776	65.125	G3	55	127	
724	51.3501	A3	57	65	778	65.25	A3	57	110	
725	51.4329	Bb3	58	72	779	65.375	Bb3	58	110	
726	51.5397	D4	62	67	780	65.5	D4	62	110	
727	51.6239	G4	67	78	781	65.625	G4	67	110	
728	51.7174	A4	69	70	782	65.75	A4	69	110	
729	51.8135	Bb4	70	73	783	65.875	Bb4	70	127	
730	51.8175	A2	45	69	784	65.875	A2	45	110	
731	51.9017	F#4	66	70	785	66	F#4	66	110	
732	52.0152	G4	67	71	786	66.125	G4	67	127	
733	52.0205	Bb2	46	70	787	66.125	Bb2	46	110	
734	52.1113	F#4	66	71	788	66.25	F#4	66	110	
735	52.2155	G4	67	71	789	66.375	G4	67	110	
736	52.2275	B2	47	70	790	66.375	B2	47	110	
737	52.3197	D4	62	69	791	66.5	D4	62	110	
738	52.4145	Eb4	63	75	792	66.625	Eb4	63	127	
739	52.4265	C3	48	67	793	66.625	C3	48	110	
740	52.504	D4	62	74	794	66.75	D4	62	110	
741	52.5974	Eb4	63	72	795	66.875	Eb4	63	110	
742	52.6215	D3	50	66	796	66.875	D3	50	110	
743	52.6949	B3	59	67	797	67	B3	59	110	
744	52.7884	C4	60	70	798	67.125	C4	60	110	
745	52.8004	Eb3	51	77	799	67.125	Eb3	51	110	
746	52.8832	B3	59	73	800	67.25	B3	59	110	
747	52.9967	C4	60	64	801	67.375	C4	60	110	
748	53.0168	C3	48	69	802	67.375	C3	48	110	
749	53.0916	G3	55	69	803	67.5	G3	55	110	
750	53.1944	B3	59	77	804	67.625	B3	59	110	
751	53.2051	D3	50	67	805	67.625	D3	50	110	
752	53.2919	G3	55	70	806	67.75	G3	55	110	
753	53.3974	G4	67	77	807	67.875	G4	67	110	
754	53.4174	F3	53	76	808	67.875	F3	53	110	
755	53.4815	D3	50	72	810	68	D3	50	110	
756	53.4949	F#4	66	77	809	68	F#4	66	110	
757	53.5817	Eb3	51	84	812	68.125	Eb3	51	110	
758	53.5884	G4	67	76	811	68.125	G4	67	110	
759	53.6271	F4	65	44	*	-1	*	-1	-1	
760	53.6845	G#4	68	79	813	68.25	G#4	68	110	
761	53.7833	D3	50	86	816	68.375	D3	50	110	
762	53.7887	F4	65	70	814	68.375	F4	65	110	
763	53.798	D2	38	75	815	68.375	D2	38	110	
764	53.8955	G4	67	68	817	68.5	G4	67	110	
765	53.9102	F4	65	54	*	-1	*	-1	-1	
766	53.9983	C3	48	87	820	68.625	C3	48	110	
767	54.001	C2	36	78	819	68.625	C2	36	110	
768	54.0117	Eb4	63	78	818	68.625	Eb4	63	110	
769	54.1265	F4	65	77	821	68.75	F4	65	110	
770	54.2013	Bb2	46	80	824	68.875	Bb2	46	110	
771	54.2093	Bb1	34	71	823	68.875	Bb1	34	110	
772	54.216	D4	62	77	822	68.875	D4	62	110	
773	54.3175	Eb4	63	74	825	69	Eb4	63	110	
774	54.399	A2	45	87	828	69.125	A2	45	110	
775	54.407	A1	33	83	827	69.125	A1	33	110	
776	54.427	C4	60	78	826	69.125	C4	60	110	
777	54.5165	D4	62	83	829	69.25	D4	62	110	
778	54.6006	Eb4	63	79	830	69.375	Eb4	63	110	
779	54.6888	G4	67	91	831	69.5	G4	67	110	
780	54.7809	C5	72	91	832	69.625	C5	72	110	
781	54.8704	D5	74	84	833	69.75	D5	74	110	
782	54.9412	A2	45	92	836	69.875	A2	45	110	
783	54.9505	Eb5	75	92	834	69.875	Eb5	75	110	
784	54.9505	A1	33	81	835	69.875	A1	33	110	
785	55.0721	F#4	66	85	837	70	F#4	66	110	
786	55.2056	Bb2	46	95	840	70.125	Bb2	46	100	
787	55.2136	Bb1	34	81	839	70.125	Bb1	34	100	
788	55.263	D5	74	97	838	70.125	D5	74	100	
789	55.3806	G4	67	85	841	70.25	G4	67	100	
790	55.4954	Bb4	70	79	842	70.375	Bb4	70	100	
791	55.5795	D5	74	84	843	70.5	D5	74	100	
792	55.6797	C3	48	93	846	70.625	C3	48	100	
793	55.6824	C5	72	87	844	70.625	C5	72	100	
794	55.685	C2	36	86	845	70.625	C2	36	100	
795	55.7945	Eb4	63	82	847	70.75	Eb4	63	100	
796	55.8907	A4	69	80	848	70.875	A4	69	100	
797	55.9922	C5	72	90	849	71	C5	72	100	
798	56.1084	D3	50	96	852	71.125	D3	50	100	
799	56.1151	D2	38	84	851	71.125	D2	38	100	
800	56.1244	F#4	66	95	850	71.125	F#4	66	100	
801	56.2486	C4	60	73	853	71.25	C4	60	100	
802	56.3568	D4	62	87	854	71.375	D4	62	100	
803	56.465	F#4	66	87	855	71.5	F#4	66	100	
804	56.6092	G2	43	68	858	71.625	G2	43	100	
805	56.6506	G4	67	90	857	71.625	G4	67	100	
806	56.6653	B3	59	75	856	71.625	B3	59	100	
807	57.0673	C5	72	78	860	71.875	C5	72	100	
808	57.1006	B4	71	44	*	-1	*	-1	-1	
809	57.2155	B4	71	75	861	72	B4	71	100	
810	57.3878	C2	36	78	863	72.125	C2	36	100	
811	57.4105	C5	72	84	862	72.125	C5	72	100	
812	57.5707	C#5	73	75	864	72.25	C#5	73	100	
813	57.7216	C3	48	72	866	72.375	C3	48	100	
814	57.7323	Bb4	70	79	865	72.375	Bb4	70	100	
815	57.8525	C5	72	83	867	72.5	C5	72	100	
816	57.9834	G#4	68	73	868	72.625	G#4	68	100	
817	58.0996	Bb4	70	73	869	72.75	Bb4	70	100	
818	58.1637	E3	52	67	871	72.875	E3	52	100	
819	58.1837	G4	67	75	870	72.875	G4	67	100	
820	58.2905	G#4	68	76	872	73	G#4	68	100	
821	58.3787	F3	53	81	874	73.125	F3	53	100	
822	58.4054	F4	65	71	873	73.125	F4	65	100	
823	58.5162	G4	67	71	875	73.25	G4	67	101	
824	58.6044	G#4	68	71	876	73.375	G#4	68	102	
825	58.6111	F2	41	76	877	73.375	F2	41	102	
826	58.7166	C5	72	74	878	73.5	C5	72	104	
827	58.8261	F5	77	76	879	73.625	F5	77	105	
828	58.9276	G5	79	75	880	73.75	G5	79	107	
829	59.0357	G#5	80	72	881	73.875	G#5	80	108	
830	59.0544	G#2	44	74	882	73.875	A2	45	108	
831	59.1305	Eb5	75	62	883	74	Eb5	75	110	
832	59.2174	D5	74	73	884	74.125	D5	74	110	
833	59.2401	Bb2	46	76	885	74.125	Bb2	46	110	
834	59.3269	Eb5	75	72	886	74.25	Eb5	75	110	
835	59.4297	C5	72	77	887	74.375	C5	72	110	
836	59.4444	F3	53	79	888	74.375	F3	53	110	
837	59.5232	D5	74	77	889	74.5	D5	74	110	
838	59.6153	Bb4	70	82	890	74.625	Bb4	70	110	
839	59.6233	G3	55	78	891	74.625	G3	55	110	
840	59.7115	C5	72	90	892	74.75	C5	72	110	
841	59.8063	A4	69	83	893	74.875	A4	69	110	
842	59.8183	A3	57	90	894	74.875	A3	57	110	
843	59.9145	Bb4	70	82	895	75	Bb4	70	110	
844	60.0253	G4	67	86	896	75.125	G4	67	110	
845	60.0266	Bb3	58	93	897	75.125	Bb3	58	110	
846	60.1295	A4	69	79	898	75.25	A4	69	110	
847	60.227	Bb4	70	84	899	75.375	Bb4	70	110	
848	60.2336	Bb2	46	87	900	75.375	Bb2	46	110	
849	60.3351	D5	74	91	901	75.5	D5	74	110	
850	60.4406	G5	79	94	902	75.625	G5	79	110	
851	60.5355	A5	81	85	903	75.75	A5	81	110	
852	60.6183	Bb5	82	88	904	75.875	Bb5	82	110	
853	60.6276	D3	50	86	905	75.875	D3	50	110	
854	60.7077	F#5	78	77	906	76	F#5	78	110	
855	60.8092	Eb3	51	89	909	76.125	Eb3	51	110	
856	60.8092	G5	79	90	907	76.125	G5	79	110	
857	60.8266	F5	77	78	908	76.125	Bb3	58	110	
858	60.9161	G#5	80	87	910	76.25	G#5	80	110	
859	61.0256	B3	59	90	912	76.375	B3	59	110	
860	61.0256	F5	77	89	911	76.375	F5	77	110	
861	61.1124	G5	79	97	913	76.5	G5	79	110	
862	61.2166	C4	60	89	915	76.625	C4	60	110	
863	61.2192	Eb5	75	93	914	76.625	Eb5	75	110	
864	61.314	F5	77	92	916	76.75	F5	77	110	
865	61.4008	D4	62	97	918	76.875	D4	62	110	
866	61.4022	D5	74	94	917	76.875	D5	74	110	
867	61.5063	Eb5	75	92	919	77	Eb5	75	110	
868	61.5878	Eb4	63	99	921	77.125	Eb4	63	110	
869	61.5891	C5	72	99	920	77.125	C5	72	110	
870	61.6973	D5	74	97	922	77.25	D5	74	110	
871	61.7828	Eb3	51	86	924	77.375	Eb3	51	110	
872	61.7975	Eb5	75	87	923	77.375	Eb5	75	110	
873	61.895	G5	79	94	925	77.5	G5	79	110	
874	62.0125	C6	84	96	926	77.625	C6	84	110	
875	62.1394	D6	86	89	927	77.75	D6	86	110	
876	62.2101	G3	55	81	929	77.875	G3	55	110	
877	62.2529	Eb6	87	91	928	77.875	Eb6	87	110	
878	62.3677	B5	83	87	930	78	B5	83	110	
879	62.4946	G#3	56	85	932	78.125	G#3	56	110	
880	62.5133	C6	84	97	931	78.125	C6	84	110	
881	62.6508	D6	86	94	933	78.25	D6	86	110	
882	62.763	Eb6	87	90	934	78.375	Eb6	87	110	
883	62.7724	C4	60	71	935	78.375	C4	60	110	
884	62.775	Eb4	63	90	936	78.375	Eb4	63	110	
885	62.8805	B5	83	96	937	78.5	B5	83	110	
886	62.9927	A3	57	92	939	78.625	A3	57	127	
887	62.9994	C6	84	95	938	78.625	C6	84	110	
888	63.0956	D6	86	88	940	78.75	D6	86	110	
889	63.177	C4	60	74	942	78.875	C4	60	110	
890	63.1917	Eb4	63	78	943	78.875	Eb4	63	110	
891	63.1944	Eb6	87	88	941	78.875	Eb6	87	110	
892	63.1984	F#4	66	89	944	78.875	F#4	66	110	
893	63.3026	F#5	78	93	945	79	F#5	78	110	
894	63.3854	D4	62	77	948	79.125	D4	62	110	
895	63.3894	G4	67	97	950	79.125	G4	67	110	
896	63.3907	B3	59	80	947	79.125	B3	59	110	
897	63.396	G5	79	98	946	79.125	G5	79	110	
898	63.3974	F4	65	71	949	79.125	F4	65	110	
899	63.4321	E4	64	46	*	-1	*	-1	-1	
900	63.5055	G#5	80	90	951	79.25	G#5	80	110	
901	63.5777	C4	60	67	953	79.375	C4	60	110	
902	63.5924	G#4	68	91	955	79.375	G#4	68	110	
903	63.595	Eb4	63	78	954	79.375	Eb4	63	110	
904	63.6177	G5	79	107	952	79.375	G5	79	110	
905	63.7259	G#5	80	88	956	79.5	G#5	80	110	
906	63.7887	D4	62	94	958	79.625	D4	62	110	
907	63.7913	B4	71	94	961	79.625	B4	71	110	
908	63.802	F4	65	77	959	79.625	F4	65	110	
909	63.8194	G5	79	92	957	79.625	G5	79	110	
910	63.9276	G#5	80	85	962	79.75	G#5	80	110	
911	64.009	C5	72	100	966	79.875	C5	72	110	
912	64.0117	Eb4	63	87	964	79.875	Eb4	63	110	
913	64.0224	G5	79	97	963	79.875	G5	79	110	
914	64.1319	G#5	80	88	967	80	G#5	80	110	
915	64.2427	G5	79	97	968	80.125	G5	79	110	
916	64.2454	D5	74	108	971	80.125	D5	74	110	
917	64.2521	F4	65	84	969	80.125	F4	65	110	
918	64.2614	G4	67	82	970	80.125	G4	67	110	
919	64.3656	G#5	80	84	972	80.25	G#5	80	110	
920	64.5165	F5	77	92	973	80.375	F5	77	110	
921	64.5445	G4	67	101	975	80.375	G4	67	127	
922	64.5526	G3	55	94	974	80.375	G3	55	127	
923	64.6474	G5	79	85	976	80.5	G5	79	110	
924	64.7596	Eb5	75	87	977	80.625	Eb5	75	110	
925	64.8624	F5	77	89	978	80.75	F5	77	110	
926	64.9612	D5	74	90	979	80.875	D5	74	110	
927	64.9866	G4	67	102	981	80.875	G4	67	110	
928	64.9986	G3	55	76	980	80.875	G3	55	110	
929	65.0787	Eb5	75	89	982	81	Eb5	75	110	
930	65.1816	C4	60	95	984	81.125	C4	60	110	
931	65.1842	C5	72	99	983	81.125	C5	72	110	
932	65.2857	D5	74	92	985	81.25	D5	74	110	
933	65.3739	Eb4	63	86	987	81.375	Eb4	63	110	
934	65.3765	Eb5	75	93	986	81.375	Eb5	75	110	
935	65.486	G5	79	97	988	81.5	G5	79	110	
936	65.5715	A4	69	94	990	81.625	A4	69	110	
937	65.5782	C6	84	94	989	81.625	C6	84	110	
938	65.6837	D6	86	92	991	81.75	D6	86	110	
939	65.7945	Eb6	87	90	993	81.875	Eb6	87	110	
940	65.7972	C5	72	96	994	81.875	C5	72	110	
941	65.8092	G5	79	97	992	81.875	G5	79	110	
942	65.9268	F#5	78	97	995	82	F#5	78	110	
943	66.0843	B4	71	95	999	82.125	B4	71	110	
944	66.087	G5	79	97	996	82.125	G5	79	110	
945	66.0883	F4	65	82	998	82.125	F4	65	110	
946	66.0923	D4	62	76	997	82.125	D4	62	110	
947	66.2419	G#5	80	88	1000	82.25	G#5	80	110	
948	66.4075	F5	77	96	1001	82.375	F5	77	110	
949	66.4115	G4	67	98	1002	82.375	G4	67	127	
950	66.4209	G3	55	87	*	-1	*	-1	-1	
951	66.5424	G5	79	88	1003	82.5	G5	79	110	
952	66.6586	Eb5	75	92	1004	82.625	Eb5	75	110	
953	66.7681	F5	77	79	1005	82.75	F5	77	110	
954	66.7855	E5	76	65	*	-1	*	-1	-1	
955	66.8589	D5	74	88	1006	82.875	D5	74	110	
956	66.8656	G4	67	99	1008	82.875	G4	67	110	
957	66.895	G3	55	60	1007	82.875	G3	55	110	
958	66.9884	Eb5	75	88	1009	83	Eb5	75	110	
959	67.0766	C5	72	94	1010	83.125	C5	72	110	
960	67.0846	C4	60	95	1011	83.125	C4	60	110	
961	67.1821	D5	74	95	1012	83.25	D5	74	110	
962	67.2729	Eb4	63	84	1014	83.375	Eb4	63	110	
963	67.2756	Eb5	75	92	1013	83.375	Eb5	75	110	
964	67.3704	G5	79	101	1015	83.5	G5	79	110	
965	67.4706	C6	84	98	1016	83.625	C6	84	110	
966	67.4746	A4	69	92	1017	83.625	A4	69	110	
967	67.5934	D6	86	91	1018	83.75	D6	86	110	
968	67.6922	C5	72	97	1021	83.875	C5	72	110	
969	67.6989	Eb6	87	88	1020	83.875	Eb6	87	110	
970	67.7149	G5	79	101	1019	83.875	G5	79	110	
971	67.8311	F#5	78	93	1022	84	F#5	78	110	
972	68.0007	F4	65	80	1025	84.125	F4	65	127	
973	68.0007	B4	71	96	1026	84.125	B4	71	127	
974	68.0101	D4	62	87	1024	84.125	D4	62	127	
975	68.0168	G5	79	114	1023	84.125	G5	79	127	
976	68.1743	G#5	80	97	1027	84.25	G#5	80	110	
977	68.3226	G3	55	86	*	-1	*	-1	-1	
978	68.3253	F5	77	101	1028	84.375	F5	77	110	
979	68.3426	G5	79	76	*	-1	*	-1	-1	
980	68.4575	F6	89	96	1029	84.5	F6	89	110	
981	68.6084	C5	72	98	1033	84.625	C5	72	127	
982	68.611	F5	77	98	1030	84.625	F5	77	127	
983	68.6137	G4	67	85	1032	84.625	G4	67	127	
984	68.615	Eb4	63	82	1031	84.625	Eb4	63	127	
985	68.6645	G#4	68	37	*	-1	*	-1	-1	
986	68.7326	G5	79	99	1034	84.75	G5	79	110	
987	68.8715	Eb5	75	95	1035	84.875	Eb5	75	110	
988	68.8741	G3	55	88	1036	84.875	G3	55	110	
989	68.9836	Eb6	87	92	1037	85	Eb6	87	110	
990	69.029	C#6	85	47	*	-1	*	-1	-1	
991	69.1038	Eb5	75	104	1038	85.125	Eb5	75	127	
992	69.1092	F4	65	83	1039	85.125	F4	65	127	
993	69.1092	G#4	68	104	1040	85.125	G#4	68	127	
994	69.1653	D5	74	58	*	-1	*	-1	-1	
995	69.2294	F5	77	75	1041	85.25	F5	77	110	
996	69.2414	E5	76	61	*	-1	*	-1	-1	
997	69.3349	D5	74	88	1042	85.375	D5	74	110	
998	69.3362	G3	55	81	1043	85.375	G3	55	110	
999	69.427	D6	86	95	1044	85.5	D6	86	110	
1000	69.5205	G4	67	101	1047	85.625	G4	67	127	
1001	69.5245	D5	74	102	1045	85.625	D5	74	127	
1002	69.5245	Eb4	63	92	1046	85.625	Eb4	63	127	
1003	69.626	Eb5	75	91	1048	85.75	Eb5	75	110	
1004	69.7235	C5	72	82	1049	85.875	C5	72	110	
1005	69.7302	G3	55	79	1050	85.875	G3	55	110	
1006	69.7582	B4	71	39	*	-1	*	-1	-1	
1007	69.7996	C6	84	87	1051	86	C6	84	110	
1008	69.8904	D4	62	93	1053	86.125	D4	62	127	
1009	69.8904	F4	65	98	1054	86.125	F4	65	127	
1010	69.8904	C5	72	99	1052	86.125	C5	72	127	
1011	69.9919	D5	74	88	1055	86.25	D5	74	110	
1012	70.0934	G3	55	80	1057	86.375	G3	55	110	
1013	70.1001	Bb4	70	93	1056	86.375	Bb4	70	110	
1014	70.1802	Bb5	82	88	1058	86.5	Bb5	82	110	
1015	70.263	Eb4	63	96	1061	86.625	Eb4	63	127	
1016	70.2644	Bb4	70	97	1059	86.625	Bb4	70	127	
1017	70.267	C4	60	83	1060	86.625	C4	60	127	
1018	70.3498	C5	72	82	1062	86.75	C5	72	110	
1019	70.454	G#4	68	89	1063	86.875	G#4	68	110	
1020	70.4714	G3	55	101	1064	86.875	G3	55	110	
1021	70.5421	G#5	80	87	1065	87	G#5	80	110	
1022	70.6396	B3	59	99	1067	87.125	B3	59	110	
1023	70.6436	D4	62	101	1068	87.125	D4	62	110	
1024	70.6436	G#4	68	97	1066	87.125	G#4	68	127	
1025	70.7398	Bb4	70	87	1069	87.25	Bb4	70	110	
1026	70.8386	G3	55	98	1071	87.375	G3	55	127	
1027	70.8399	G4	67	92	1070	87.375	G4	67	110	
1028	70.9401	G5	79	95	1072	87.5	G5	79	110	
1029	71.055	G4	67	95	1073	87.625	G4	67	110	
1030	71.1685	G5	79	95	1074	87.75	G5	79	110	
1031	71.2446	G3	55	96	1078	87.875	G3	55	110	
1032	71.2486	G2	43	87	1077	87.875	G2	43	110	
1033	71.2726	G4	67	100	1075	87.875	G4	67	110	
1034	71.3768	G#4	68	95	1079	88	G#4	68	110	
1035	71.509	C3	48	88	1083	88.125	C3	48	127	
1036	71.517	B2	47	70	*	-1	*	-1	-1	
1037	71.5197	C2	36	73	1082	88.125	C2	36	127	
1038	71.5237	G4	67	98	1080	88.125	G4	67	110	
1039	71.6546	Eb4	63	81	1084	88.25	Eb4	63	110	
1040	71.7213	D4	62	94	1085	88.375	D4	62	110	
1041	71.8015	C4	60	85	1086	88.5	C4	60	110	
1042	71.8536	C3	48	93	1087	88.625	C3	48	110	
1043	72.0125	C5	72	96	1088	88.875	C5	72	100	
1044	72.0258	G4	67	83	1089	88.875	G4	67	100	
1045	72.102	G#4	68	80	1090	89	G#4	68	100	
1046	72.1808	G2	43	76	1093	89.125	G2	43	120	
1047	72.1821	G4	67	86	1092	89.125	G4	67	100	
1048	72.1834	G3	55	97	1094	89.125	G3	55	120	
1049	72.1888	B4	71	89	1091	89.125	B4	71	100	
1050	72.2395	F4	65	81	1095	89.25	F4	65	100	
1051	72.361	Eb4	63	86	1096	89.375	Eb4	63	100	
1052	72.4478	D4	62	82	1097	89.5	D4	62	100	
1053	72.5253	G3	55	79	1098	89.625	G3	55	100	
1054	72.6976	G4	67	77	1099	89.875	G4	67	100	
1055	72.7537	B4	71	25	*	-1	*	-1	-1	
1056	72.755	G#4	68	83	1101	90	G#4	68	100	
1057	72.8231	C4	60	93	1105	90.125	C4	60	120	
1058	72.8285	C3	48	75	1104	90.125	C3	48	120	
1059	72.8311	G4	67	90	1102	90.125	G4	67	100	
1060	72.9139	Eb4	63	69	1106	90.25	Eb4	63	100	
1061	73.0234	D4	62	95	1107	90.375	D4	62	100	
1062	73.0929	C4	60	84	1108	90.5	C4	60	100	
1063	73.1743	G3	55	81	1109	90.625	G3	55	100	
1064	73.3066	C5	72	91	1110	90.875	C5	72	100	
1065	73.3066	G4	67	81	1111	90.875	G4	67	100	
1066	73.3987	G#4	68	75	1112	91	G#4	68	100	
1067	73.4721	G2	43	62	1115	91.125	G2	43	120	
1068	73.4842	G3	55	65	1116	91.125	G3	55	120	
1069	73.4882	G4	67	71	1114	91.125	G4	67	100	
1070	73.4975	B4	71	85	1113	91.125	B4	71	100	
1071	73.5469	F4	65	79	1117	91.25	F4	65	100	
1072	73.6604	Eb4	63	75	1118	91.375	Eb4	63	100	
1073	73.7459	D4	62	80	1119	91.5	D4	62	100	
1074	73.8247	G3	55	74	1120	91.625	G3	55	100	
1075	74.0143	G4	67	74	1121	91.875	G4	67	100	
1076	74.0838	G#4	68	81	1123	92	G#4	68	100	
1077	74.1586	G4	67	83	1124	92.125	G4	67	120	
1078	74.1706	C3	48	66	1127	92.125	C3	48	120	
1079	74.2561	Eb4	63	77	1128	92.25	Eb4	63	100	
1080	74.3309	D4	62	75	1129	92.375	D4	62	100	
1081	74.4217	C4	60	66	1130	92.5	C4	60	100	
1082	74.4924	G3	55	75	1132	92.625	G3	55	100	
1083	74.5165	Eb5	75	88	1131	92.625	Eb5	75	120	
1084	74.7115	G#4	68	77	1133	92.875	G#4	68	100	
1085	74.7769	Bb4	70	82	1135	93	Bb4	70	100	
1086	74.8397	F2	41	88	1138	93.125	F2	41	120	
1087	74.8544	G#4	68	90	1136	93.125	G#4	68	120	
1088	74.9305	Eb4	63	52	1140	93.25	Eb4	63	100	
1089	75.0346	F4	65	83	1141	93.375	F4	65	100	
1090	75.1281	C4	60	65	1142	93.5	C4	60	100	
1091	75.1455	B3	59	49	*	-1	*	-1	-1	
1092	75.1869	F3	53	83	1144	93.625	F3	53	100	
1093	75.1962	G#5	80	94	1143	93.625	G#5	80	100	
1094	75.4046	G#4	68	76	1145	93.875	G#4	68	100	
1095	75.4446	Eb2	39	27	*	-1	*	-1	-1	
1096	75.4567	Bb4	70	82	1147	94	Bb4	70	100	
1097	75.5154	Bb1	34	80	1150	94.125	Bb1	34	100	
1098	75.5154	Bb2	46	97	1151	94.125	Bb2	46	100	
1099	75.5234	G#4	68	89	1148	94.125	G#4	68	120	
1100	75.6396	D4	62	79	1152	94.25	D4	62	100	
1101	75.7451	C4	60	81	1153	94.375	C4	60	100	
1102	75.8239	Bb3	58	77	1154	94.5	Bb3	58	100	
1103	75.856	D5	74	89	1155	94.625	D5	74	100	
1104	75.868	F3	53	73	1156	94.625	F3	53	100	
1105	76.0469	G4	67	79	1157	94.875	G4	67	100	
1106	76.1204	G#4	68	79	1159	95	G#4	68	100	
1107	76.1832	G4	67	90	1160	95.125	G4	67	120	
1108	76.1858	Eb3	51	98	1163	95.125	Eb3	51	120	
1109	76.1898	Eb2	39	78	1162	95.125	Eb2	39	120	
1110	76.2526	D4	62	74	*	-1	*	-1	-1	
1111	76.3701	Eb4	63	86	1164	95.375	Eb4	63	100	
1112	76.3955	F4	65	55	*	-1	*	-1	-1	
1113	76.4356	Bb3	58	72	1165	95.5	Bb3	58	100	
1114	76.5103	Eb3	51	79	1167	95.625	Eb3	51	100	
1115	76.5184	G5	79	97	1166	95.625	G5	79	100	
1116	76.5771	F5	77	29	*	-1	*	-1	-1	
1117	76.7053	G4	67	88	1168	95.875	G4	67	100	
1118	76.7721	G#4	68	86	1170	96	G#4	68	100	
1119	76.8309	G#1	32	79	1173	96.125	G#1	32	120	
1120	76.8309	G#2	44	99	1174	96.125	G#2	44	120	
1121	76.8349	G4	67	85	1171	96.125	G4	67	120	
1122	76.9083	C4	60	81	1175	96.25	C4	60	100	
1123	77.0459	Bb3	58	84	1176	96.375	Bb3	58	100	
1124	77.1313	G#3	56	79	1177	96.5	G#3	56	100	
1125	77.1661	C5	72	101	1178	96.625	C5	72	100	
1126	77.1687	Eb3	51	75	1179	96.625	Eb3	51	100	
1127	77.3517	F4	65	90	1180	96.875	F4	65	100	
1128	77.4064	G4	67	83	1182	97	G4	67	100	
1129	77.4826	D3	50	104	1186	97.125	D3	50	120	
1130	77.4852	F4	65	88	1183	97.125	F4	65	120	
1131	77.4906	D2	38	81	1185	97.125	D2	38	120	
1132	77.5614	C4	60	56	*	-1	*	-1	-1	
1133	77.6695	D4	62	88	1187	97.375	D4	62	100	
1134	77.7016	G#3	56	63	1188	97.5	G#3	56	100	
1135	77.8031	D3	50	85	1190	97.625	D3	50	100	
1136	77.8164	F5	77	99	1189	97.625	F5	77	100	
1137	78.0114	F4	65	88	1191	97.875	F4	65	100	
1138	78.0715	G4	67	88	1193	98	G4	67	100	
1139	78.1409	G2	43	95	1197	98.125	G2	43	120	
1140	78.1423	F4	65	92	1194	98.125	F4	65	120	
1141	78.1436	G1	31	82	1196	98.125	G1	31	120	
1142	78.2077	B3	59	81	1198	98.25	B3	59	100	
1143	78.3439	A3	57	95	1199	98.375	A3	57	100	
1144	78.4294	G3	55	85	1200	98.5	G3	55	100	
1145	78.4668	D3	50	81	1202	98.625	D3	50	100	
1146	78.4815	B4	71	99	1201	98.625	B4	71	100	
1147	78.6337	F4	65	84	1203	98.875	F4	65	100	
1148	78.7125	G4	67	91	1205	99	G4	67	100	
1149	78.7886	D2	38	57	1209	99.25	B3	59	100	
1150	78.7913	F4	65	88	1206	99.125	F4	65	120	
1151	78.798	G1	31	84	1212	99.375	G1	31	120	
1152	78.8047	G2	43	95	1213	99.375	G2	43	120	
1153	78.8594	B3	59	86	*	-1	*	-1	-1	
1154	79.0531	D4	62	78	1211	99.375	D4	62	100	
1155	79.0878	G3	55	42	1214	99.5	G3	55	100	
1156	79.196	D3	50	85	1216	99.625	D3	50	100	
1157	79.2173	F5	77	104	1215	99.625	F5	77	100	
1158	79.4697	G4	67	73	1217	100	G4	67	100	
1159	79.5085	C5	72	78	1218	100	G4	67	100	
1160	79.5405	G2	43	64	1220	100.125	G2	43	120	
1161	79.5606	C3	48	68	1221	100.125	C3	48	120	
1162	79.5766	D5	74	84	*	-1	*	-1	-1	
1163	79.614	Eb5	75	94	1219	100.125	Eb5	75	100	
1164	79.6273	A3	57	105	1222	100.125	A3	57	120	
1165	79.7048	F#4	66	77	1223	100.25	F#4	66	100	
1166	79.7555	C5	72	79	1224	100.375	C5	72	100	
1167	79.845	Eb5	75	81	1225	100.5	Eb5	75	100	
1168	79.8544	G2	43	65	1227	100.625	G2	43	120	
1169	79.8584	F2	41	73	*	-1	*	-1	-1	
1170	79.9345	D3	50	57	1228	100.625	D3	50	120	
1171	79.9545	D5	74	77	1226	100.625	D5	74	100	
1172	79.9585	B3	59	105	1229	100.625	B3	59	120	
1173	79.9866	F4	65	92	1230	100.75	F4	65	100	
1174	80.0734	B4	71	87	1231	100.875	B4	71	100	
1175	80.1455	D5	74	78	1232	101	D5	74	100	
1176	80.1655	G2	43	80	1237	101.25	G2	43	120	
1177	80.2323	Eb3	51	74	1238	101.25	Eb3	51	120	
1178	80.3084	C5	72	100	1233	101.125	C5	72	100	
1179	80.3178	C4	60	92	1239	101.25	C4	60	120	
1180	80.3471	A4	69	70	1236	101.25	A4	69	100	
1181	80.4259	F#4	66	89	1240	101.375	F#4	66	100	
1182	80.4927	Eb4	63	64	1241	101.5	Eb4	63	100	
1183	80.5742	C4	60	59	1242	101.625	C4	60	100	
1184	80.6156	A3	57	24	1243	101.75	A3	57	100	
1185	80.6343	F#3	54	64	1244	101.875	F#3	54	100	
1186	80.6476	Eb3	51	61	1247	102	Eb3	51	100	
1187	80.7985	G4	67	68	1245	102	G4	67	100	
1188	80.8586	C5	72	74	1246	102	G4	67	100	
1189	80.9067	G2	43	54	1249	102.125	G2	43	120	
1190	80.9414	D5	74	72	*	-1	*	-1	-1	
1191	80.9494	C3	48	72	1250	102.125	C3	48	120	
1192	81.0069	Eb5	75	94	1248	102.125	Eb5	75	100	
1193	81.0109	A3	57	110	1251	102.125	A3	57	120	
1194	81.1084	F#4	66	69	1252	102.25	F#4	66	100	
1195	81.1738	C5	72	64	1253	102.375	C5	72	100	
1196	81.2566	G2	43	81	1256	102.625	G2	43	120	
1197	81.2846	Eb5	75	74	1254	102.5	Eb5	75	100	
1198	81.3434	D3	50	69	1257	102.625	D3	50	120	
1199	81.3875	B3	59	103	1258	102.625	B3	59	120	
1200	81.3915	D5	74	90	1255	102.625	D5	74	100	
1201	81.4235	F4	65	81	1259	102.75	F4	65	100	
1202	81.5143	B4	71	84	1260	102.875	B4	71	100	
1203	81.5825	G2	43	69	1266	103.25	G2	43	120	
1204	81.6052	D5	74	86	1261	103	D5	74	100	
1205	81.6452	Eb3	51	71	1267	103.25	Eb3	51	120	
1206	81.74	C4	60	98	1263	103.125	G4	67	120	
1207	81.7547	C5	72	101	1262	103.125	C5	72	100	
1208	81.8081	A4	69	71	1265	103.25	A4	69	100	
1209	81.8816	F#4	66	86	1269	103.375	F#4	66	100	
1210	81.951	Eb4	63	79	1270	103.5	Eb4	63	100	
1211	82.0405	C4	60	68	1271	103.625	C4	60	100	
1212	82.0592	A3	57	54	1272	103.75	A3	57	100	
1213	82.0899	F#3	54	64	1273	103.875	F#3	54	100	
1214	82.1113	Eb3	51	64	1276	104	Eb3	51	100	
1215	82.2181	Eb4	63	75	1274	104	Eb4	63	100	
1216	82.3116	G4	67	71	*	-1	*	-1	-1	
1217	82.3704	G#4	68	79	*	-1	*	-1	-1	
1218	82.3784	G2	43	78	1278	104.125	G2	43	120	
1219	82.4465	E3	52	100	1280	104.19	E3	52	120	
1220	82.4692	Bb4	70	81	1277	104.125	Bb4	70	100	
1221	82.5667	C#4	61	79	1281	104.25	C#4	61	100	
1222	82.6575	G4	67	67	1282	104.375	G4	67	100	
1223	82.7376	Bb4	70	80	1283	104.5	Bb4	70	100	
1224	82.7563	G2	43	78	1285	104.625	G2	43	120	
1225	82.8458	F3	53	99	1287	104.69	F3	53	120	
1226	82.8485	G#4	68	85	1284	104.625	G#4	68	100	
1227	82.9326	C4	60	74	*	-1	*	-1	-1	
1228	83.0541	F4	65	75	1288	104.875	F4	65	100	
1229	83.1356	G2	43	77	1294	105.291	G2	43	100	
1230	83.1596	G#4	68	72	1289	105	G#4	68	100	
1231	83.2625	G3	55	104	1297	105.375	G3	55	100	
1232	83.3025	G4	67	100	1290	105.125	G4	67	100	
1233	83.3132	F3	53	39	1296	105.375	G2	43	100	
1234	83.408	E4	64	79	1292	105.207	E4	64	100	
1235	83.4895	C#4	61	87	1295	105.375	C#4	61	100	
1236	83.583	Bb3	58	79	1298	105.5	Bb3	58	100	
1237	83.6244	G3	55	78	1299	105.625	G3	55	100	
1238	83.6524	E3	52	68	1300	105.725	E3	52	100	
1239	83.6845	C#3	49	72	1301	105.825	C#3	49	100	
1240	83.7419	G2	43	67	*	-1	*	-1	-1	
1241	83.7446	Bb2	46	66	1302	105.925	Bb2	46	100	
1242	83.7766	Bb3	58	80	*	-1	*	-1	-1	
1243	83.8514	C#4	61	76	1305	106.025	G2	43	100	
1244	83.9275	E4	64	72	1304	106	C4	60	100	
1245	84.0063	G2	43	90	1308	106.125	G2	43	120	
1246	84.0103	G1	31	86	1307	106.125	G1	31	120	
1247	84.029	F4	65	86	1306	106.125	F4	65	100	
1248	84.1158	G#3	56	74	1309	106.25	G#3	56	100	
1249	84.204	C4	60	78	1310	106.375	C4	60	100	
1250	84.3268	F4	65	73	1311	106.5	F4	65	100	
1251	84.3722	G2	43	96	1314	106.625	G2	43	120	
1252	84.3776	G1	31	79	1313	106.625	G1	31	120	
1253	84.3976	D4	62	88	1312	106.625	D4	62	100	
1254	84.5045	F3	53	77	1315	106.75	F3	53	100	
1255	84.5766	B3	59	84	1316	106.875	B3	59	100	
1256	84.6674	D4	62	82	1317	107	D4	62	100	
1257	84.8276	G2	43	91	*	-1	*	-1	-1	
1258	84.8316	C2	36	82	*	-1	*	-1	-1	
1259	84.8877	C4	60	93	1318	107.125	C4	60	100	
1260	84.8984	D4	62	75	*	-1	*	-1	-1	
1261	85.0333	G3	55	84	1319	107.225	G3	55	100	
1262	85.1441	Eb3	51	86	1320	107.325	Eb3	51	100	
1263	85.2363	C3	48	78	1321	107.425	C3	48	100	
1264	85.3218	G2	43	83	1322	107.525	G2	43	100	
1265	85.4633	C2	36	95	1323	107.625	C2	36	100	
1266	86.3007	G4	67	58	1326	107.875	G4	67	70	
1267	86.3167	Eb3	51	52	1327	107.875	Eb3	51	70	
1268	86.322	G3	55	48	1328	107.875	G3	55	70	
1269	86.322	Bb3	58	49	1324	107.875	Bb3	58	70	
1270	86.3274	Eb4	63	53	1325	107.875	Eb4	63	70	
1271	86.6706	F4	65	60	1330	108.125	F4	65	70	
1272	86.6786	Bb3	58	55	1329	108.125	Bb3	58	70	
1273	86.6879	D3	50	53	1331	108.125	D3	50	70	
1274	86.6879	F3	53	50	1332	108.125	F3	53	70	
1275	87.1754	A4	69	63	1335	108.625	A4	69	70	
1276	87.1781	C3	48	46	1336	108.625	C3	48	70	
1277	87.1781	F3	53	51	1337	108.625	F3	53	70	
1278	87.1887	Eb4	63	49	1334	108.625	Eb4	63	70	
1279	87.1914	A3	57	49	1333	108.625	A3	57	70	
1280	87.6842	Bb4	70	57	1340	109.125	Bb4	70	70	
1281	87.7016	D4	62	44	1339	109.125	D4	62	70	
1282	87.7042	Bb3	58	40	1338	109.125	Bb3	58	70	
1283	87.7056	Bb2	46	39	1341	109.125	Bb2	46	70	
1284	87.7056	F3	53	36	1342	109.125	F3	53	70	
1285	88.388	G4	67	63	1345	109.875	G4	67	70	
1286	88.408	Eb3	51	39	1346	109.875	Eb3	51	70	
1287	88.408	Bb3	58	37	1343	109.875	Bb3	58	70	
1288	88.412	Eb4	63	47	1344	109.875	Eb4	63	70	
1289	88.4147	G3	55	36	1347	109.875	G3	55	70	
1290	88.6805	F4	65	66	1349	110.125	F4	65	70	
1291	88.6952	Bb3	58	47	1348	110.125	Bb3	58	70	
1292	88.7045	F3	53	39	1351	110.125	F3	53	70	
1293	88.7125	D3	50	37	1350	110.125	D3	50	70	
1294	89.1733	A4	69	64	1354	110.625	A4	69	70	
1295	89.1813	A3	57	60	1352	110.625	A3	57	70	
1296	89.1839	F3	53	45	1356	110.625	F3	53	70	
1297	89.1906	Eb4	63	54	1353	110.625	Eb4	63	70	
1298	89.1973	C3	48	39	1355	110.625	C3	48	70	
1299	89.7008	Bb4	70	65	1359	111.125	Bb4	70	70	
1300	89.7101	Bb2	46	41	1360	111.125	Bb2	46	70	
1301	89.7155	D4	62	50	1358	111.125	D4	62	70	
1302	89.7208	Bb3	58	40	1357	111.125	Bb3	58	70	
1303	89.7221	F3	53	34	1361	111.125	F3	53	70	
1304	90.4366	F4	65	74	1364	111.875	F4	65	70	
1305	90.4526	Bb2	46	47	1365	111.875	Bb2	46	70	
1306	90.454	F3	53	39	1366	111.875	F3	53	70	
1307	90.4566	Bb3	58	52	1362	111.875	Bb3	58	70	
1308	90.462	D4	62	53	1363	111.875	D4	62	70	
1309	90.7464	G4	67	77	1369	112.125	G4	67	70	
1310	90.7625	Eb4	63	64	1368	112.125	Eb4	63	70	
1311	90.7825	Bb3	58	43	1367	112.125	Bb3	58	70	
1312	90.7945	Eb3	51	33	1371	112.125	Eb3	51	70	
1313	90.7972	Eb2	39	41	1370	112.125	Eb2	39	70	
1314	91.3007	Eb4	63	68	1374	112.625	Eb4	63	70	
1315	91.3153	G3	55	50	1372	112.625	G3	55	70	
1316	91.3167	G2	43	37	1375	112.625	G2	43	70	
1317	91.3327	Eb3	51	33	1376	112.625	Eb3	51	70	
1318	91.3434	Bb3	58	46	1373	112.625	Bb3	58	70	
1319	91.8148	F4	65	57	1379	113.125	F4	65	70	
1320	91.8295	Bb2	46	33	1380	113.125	Bb2	46	70	
1321	91.8415	D3	50	29	1381	113.125	D3	50	70	
1322	91.8415	F3	53	30	1377	113.125	F3	53	70	
1323	91.8415	Bb3	58	45	1378	113.125	Bb3	58	70	
1324	92.4772	Bb2	46	42	1385	113.875	Bb2	46	70	
1325	92.4772	F3	53	47	1382	113.875	F3	53	70	
1326	92.4772	F4	65	61	1384	113.875	F4	65	70	
1327	92.4999	Bb3	58	36	1383	113.875	Bb3	58	70	
1328	92.5106	D3	50	25	1386	113.875	D3	50	70	
1329	92.783	G4	67	66	1388	114.125	G4	67	70	
1330	92.8004	Bb3	58	45	*	-1	*	-1	-1	
1331	92.8084	Eb2	39	42	1389	114.125	Eb2	39	70	
1332	92.8151	G3	55	43	1387	114.125	G3	55	70	
1333	92.8204	Eb3	51	30	1390	114.125	Eb3	51	70	
1334	93.3573	Eb4	63	60	1393	114.625	Eb4	63	70	
1335	93.3733	G3	55	43	1391	114.625	G3	55	70	
1336	93.3893	G2	43	27	1394	114.625	G2	43	70	
1337	93.4013	Bb3	58	22	1392	114.625	Bb3	58	70	
1338	93.404	Eb3	51	34	1395	114.625	Eb3	51	70	
1339	93.8527	F4	65	54	1398	115.125	F4	65	70	
1340	93.8741	F3	53	42	1396	115.125	F3	53	70	
1341	93.8781	Bb2	46	35	1399	115.125	Bb2	46	70	
1342	93.8835	D3	50	26	1400	115.125	D3	50	70	
1343	93.8955	Bb3	58	34	1397	115.125	Bb3	58	70	
1344	94.4924	D4	62	63	1403	115.875	D4	62	70	
1345	94.4978	F3	53	49	1401	115.875	F3	53	70	
1346	94.5044	Bb2	46	39	1404	115.875	Bb2	46	70	
1347	94.5058	Bb3	58	49	1402	115.875	Bb3	58	70	
1348	94.5138	D3	50	37	1405	115.875	D3	50	70	
1349	94.8356	Eb4	63	69	1408	116.125	Eb4	63	70	
1350	94.841	G3	55	42	1406	116.125	G3	55	70	
1351	94.8477	Bb2	46	33	1409	116.125	Bb2	46	70	
1352	94.853	C3	48	43	1410	116.125	C3	48	70	
1353	94.861	Bb3	58	47	1407	116.125	Bb3	58	70	
1354	95.4099	A2	45	40	1414	116.625	A2	45	70	
1355	95.4219	Eb4	63	58	1413	116.625	Eb4	63	70	
1356	95.4326	C3	48	30	1415	116.625	C3	48	70	
1357	95.4446	C4	60	44	1412	116.625	C4	60	70	
1358	95.4486	F3	53	37	1411	116.625	F3	53	70	
1359	95.9427	D4	62	50	1418	117.125	D4	62	70	
1360	95.9775	C4	60	38	1417	117.125	C4	60	70	
1361	95.9841	F3	53	24	1416	117.125	F3	53	70	
1362	95.9962	Bb2	46	33	1420	117.125	Bb2	46	70	
1363	96.0055	A2	45	26	1419	117.125	A2	45	70	
1364	96.6773	D4	62	43	1423	117.875	D4	62	70	
1365	96.6786	Bb2	46	33	1424	117.875	Bb2	46	70	
1366	96.6866	Bb3	58	34	1422	117.875	Bb3	58	70	
1367	96.6946	F3	53	27	1421	117.875	F3	53	70	
1368	97.0245	G3	55	43	1425	118.125	G3	55	70	
1369	97.0271	C4	60	43	1427	118.125	C4	60	70	
1370	97.0312	Bb2	46	32	1429	118.125	Bb2	46	70	
1371	97.0338	Eb2	39	31	1428	118.125	Eb2	39	70	
1372	97.0365	Bb3	58	26	1426	118.125	Bb3	58	70	
1373	97.5907	C4	60	44	1431	118.625	C4	60	70	
1374	97.5934	A2	45	30	1433	118.625	A2	45	70	
1375	97.6014	F2	41	29	1432	118.625	F2	41	70	
1376	97.6014	F3	53	28	1430	118.625	F3	53	70	
1377	98.3279	Bb3	58	45	1434	119.125	Bb3	58	70	
1378	98.3466	Bb1	34	30	1435	119.125	Bb1	34	70	
1379	98.3599	Bb2	46	27	1436	119.125	Bb2	46	70	
1380	99.4764	C5	72	61	1439	119.875	C5	72	70	
1381	99.4871	G#3	56	37	1440	119.875	G#3	56	70	
1382	99.4991	C4	60	32	1441	119.875	C4	60	70	
1383	99.5004	G#4	68	42	1438	119.875	G#4	68	70	
1384	99.5084	Eb4	63	35	1437	119.875	Eb4	63	70	
1385	99.837	Bb4	70	56	1443	120.125	Bb4	70	70	
1386	99.8383	Bb3	58	36	1445	120.125	Bb3	58	70	
1387	99.8437	Eb4	63	46	1442	120.125	Eb4	63	70	
1388	99.8597	G3	55	31	1444	120.125	G3	55	70	
1389	100.363	F3	53	37	1449	120.625	F3	53	70	
1390	100.363	Bb3	58	34	1450	120.625	Bb3	58	70	
1391	100.363	D5	74	66	1448	120.625	D5	74	70	
1392	100.377	D4	62	46	1446	120.625	D4	62	70	
1393	100.381	G#4	68	50	1447	120.625	G#4	68	70	
1394	100.892	Eb5	75	65	1453	121.125	Eb5	75	70	
1395	100.895	Eb4	63	48	1451	121.125	Eb4	63	70	
1396	100.901	G4	67	46	1452	121.125	G4	67	70	
1397	100.905	Eb3	51	40	1454	121.125	Eb3	51	70	
1398	100.917	Bb3	58	38	1455	121.125	Bb3	58	70	
1399	101.651	C5	72	66	1457	121.875	C5	72	70	
1400	101.659	C4	60	40	1459	121.875	C4	60	70	
1401	101.659	Eb4	63	51	1456	121.875	Eb4	63	70	
1402	101.663	G#3	56	39	1458	121.875	G#3	56	70	
1403	101.683	G#4	68	37	*	-1	*	-1	-1	
1404	101.927	Bb4	70	73	1461	122.125	Bb4	70	70	
1405	101.942	Eb4	63	60	1460	122.125	Eb4	63	70	
1406	101.943	Bb3	58	44	1463	122.125	Bb3	58	70	
1407	101.963	G3	55	41	1462	122.125	G3	55	70	
1408	102.405	D5	74	77	1466	122.625	D5	74	70	
1409	102.418	Bb3	58	41	1468	122.625	Bb3	58	70	
1410	102.425	F3	53	33	1467	122.625	F3	53	70	
1411	102.434	D4	62	56	1464	122.625	D4	62	70	
1412	102.45	G#4	68	40	1465	122.625	G#4	68	70	
1413	102.919	Eb5	75	71	1471	123.125	Eb5	75	70	
1414	102.934	Bb3	58	40	1473	123.125	Bb3	58	70	
1415	102.939	G4	67	46	1470	123.125	G4	67	70	
1416	102.958	Eb3	51	19	1472	123.125	Eb3	51	70	
1417	102.965	Eb4	63	26	1469	123.125	Eb4	63	70	
1418	103.632	Bb4	70	75	1476	123.875	Bb4	70	70	
1419	103.644	Eb3	51	46	1477	123.875	Eb3	51	70	
1420	103.644	Eb4	63	62	1474	123.875	Eb4	63	70	
1421	103.648	G4	67	62	1475	123.875	G4	67	70	
1422	103.67	Bb3	58	44	1478	123.875	Bb3	58	70	
1423	104.046	C3	48	55	1482	124.125	C3	48	70	
1424	104.048	G4	67	63	1480	124.125	G4	67	70	
1425	104.054	Eb5	75	86	1481	124.125	Eb5	75	70	
1426	104.058	Bb3	58	51	1483	124.125	Bb3	58	70	
1427	104.082	Eb4	63	54	1479	124.125	Eb4	63	70	
1428	104.665	D5	74	77	1486	124.625	D5	74	70	
1429	104.673	F#4	66	58	1485	124.625	F#4	66	70	
1430	104.674	A3	57	48	1488	124.625	A3	57	70	
1431	104.689	D3	50	47	1487	124.625	D3	50	70	
1432	104.689	D4	62	48	1484	124.625	D4	62	70	
1433	105.226	Bb4	70	56	1491	125.125	Bb4	70	70	
1434	105.239	G4	67	44	1490	125.125	G4	67	70	
1435	105.251	D4	62	42	1489	125.125	D4	62	70	
1436	105.252	G2	43	30	1492	125.125	G2	43	70	
1437	105.254	G3	55	29	1493	125.125	G3	55	70	
1438	105.908	C#4	61	53	1494	125.875	C#4	61	70	
1439	105.909	G2	43	37	1496	125.875	G2	43	70	
1440	105.912	Eb3	51	42	1497	125.875	Eb3	51	70	
1441	105.915	Bb4	70	57	1495	125.875	Bb4	70	70	
1442	106.233	C5	72	71	1499	126.125	C5	72	70	
1443	106.247	G#2	44	42	1500	126.125	G#2	44	70	
1444	106.249	C4	60	53	1498	126.125	C4	60	70	
1445	106.257	Eb3	51	37	1501	126.125	Eb3	51	70	
1446	106.789	Bb4	70	60	1503	126.625	Bb4	70	70	
1447	106.82	F4	65	54	1502	126.625	F4	65	70	
1448	106.827	Bb2	46	40	1504	126.625	Bb2	46	70	
1449	106.846	D3	50	32	1505	126.625	D3	50	70	
1450	107.36	G4	67	54	1508	127.125	G4	67	70	
1451	107.365	C3	48	40	1509	127.125	C3	48	70	
1452	107.378	E4	64	44	1507	127.125	E4	64	70	
1453	107.382	Bb3	58	40	1506	127.125	Bb3	58	70	
1454	108.023	E4	64	40	1512	127.875	E4	64	70	
1455	108.033	Bb3	58	47	1511	127.875	Bb3	58	70	
1456	108.035	G4	67	54	1513	127.875	G4	67	70	
1457	108.061	C3	48	32	1514	127.875	C3	48	70	
1458	108.323	F2	41	43	1519	128.19	F2	41	70	
1459	108.339	G#4	68	64	1517	128.125	G#4	68	70	
1460	108.341	F4	65	43	1516	128.125	F4	65	70	
1461	108.345	C4	60	40	1515	128.125	C4	60	70	
1462	108.851	F4	65	70	1522	128.625	F4	65	70	
1463	108.862	Bb2	46	46	1523	128.625	Bb2	46	70	
1464	108.87	G#3	56	58	1520	128.625	G#3	56	70	
1465	108.883	D4	62	45	1521	128.625	D4	62	70	
1466	109.343	A3	57	26	*	-1	*	-1	-1	
1467	109.43	D4	62	47	1525	129.125	D4	62	70	
1468	109.434	G2	43	36	1527	129.125	G2	43	70	
1469	109.435	G4	67	49	1526	129.125	G4	67	70	
1470	109.444	Bb3	58	47	1524	129.125	Bb3	58	70	
1471	110.125	C3	48	42	*	-1	*	-1	-1	
1472	110.132	G4	67	52	1530	129.875	G4	67	70	
1473	110.136	E4	64	39	1529	129.875	E4	64	70	
1474	110.137	Bb3	58	44	1528	129.875	Bb3	58	70	
1475	110.417	G#4	68	57	1533	130.125	G#4	68	70	
1476	110.426	F4	65	44	1532	130.125	F4	65	70	
1477	110.429	F2	41	36	1534	130.125	F2	41	70	
1478	110.429	C4	60	43	1531	130.125	C4	60	70	
1479	110.991	Bb2	46	42	1538	130.625	Bb2	46	70	
1480	110.991	F4	65	50	1537	130.625	F4	65	70	
1481	111.001	G#3	56	40	1535	130.625	G#3	56	70	
1482	111.003	D4	62	36	1536	130.625	D4	62	70	
1483	111.565	Eb4	63	50	1540	131.125	Eb4	63	70	
1484	111.602	Eb2	39	32	1541	131.125	Eb2	39	70	
1485	111.608	G3	55	29	1539	131.125	G3	55	70	
1486	112.332	Eb4	63	65	1543	131.875	Eb4	63	70	
1487	112.345	Eb2	39	36	1544	131.875	Eb2	39	70	
1488	112.354	G3	55	46	1542	131.875	G3	55	70	
1489	112.746	G#2	44	45	1546	132.125	G#2	44	70	
1490	112.771	C4	60	67	1545	132.125	C4	60	70	
1491	113.459	B3	59	55	*	-1	*	-1	-1	
1492	114.08	G2	43	37	1548	133.125	G2	43	70	
1493	114.085	Bb3	58	40	1547	133.125	Bb3	58	70	
1494	115.143	Eb2	39	43	1551	133.875	Eb2	39	70	
1495	115.155	Eb3	51	38	1549	133.875	Eb3	51	70	
1496	115.156	Eb4	63	49	1550	133.875	Eb4	63	70	
1497	115.792	C3	48	58	1552	134.125	C3	48	70	
1498	115.807	G#3	56	49	1553	134.125	G#3	56	70	
1499	117.129	B2	47	47	1554	134.625	B2	47	70	
1500	119.265	G3	55	38	1556	135.125	G3	55	70	
1501	119.271	Bb2	46	30	1555	135.125	Bb2	46	70	
*	-1	*	-1	-1	18	1.1875	D5	74	120	
*	-1	*	-1	-1	62	4.18958	G2	43	120	
*	-1	*	-1	-1	69	4.68958	G2	43	120	
*	-1	*	-1	-1	80	5.375	G2	43	100	
*	-1	*	-1	-1	102	7.125	C5	72	100	
*	-1	*	-1	-1	105	7.15	D5	74	100	
*	-1	*	-1	-1	129	9.125	C5	72	120	
*	-1	*	-1	-1	159	11.1875	G#4	68	120	
*	-1	*	-1	-1	174	12.1896	G2	43	120	
*	-1	*	-1	-1	181	12.6896	G2	43	120	
*	-1	*	-1	-1	192	13.375	G2	43	100	
*	-1	*	-1	-1	223	15.875	D4	62	100	
*	-1	*	-1	-1	226	16.125	D4	62	100	
*	-1	*	-1	-1	243	17.875	D4	62	100	
*	-1	*	-1	-1	246	18.125	D4	62	100	
*	-1	*	-1	-1	263	19.875	D4	62	100	
*	-1	*	-1	-1	266	20.125	D4	62	100	
*	-1	*	-1	-1	274	20.875	Eb4	63	100	
*	-1	*	-1	-1	277	21.125	Eb4	63	100	
*	-1	*	-1	-1	285	21.875	Eb4	63	100	
*	-1	*	-1	-1	288	22.125	Eb4	63	100	
*	-1	*	-1	-1	296	22.875	D4	62	100	
*	-1	*	-1	-1	299	23.125	D4	62	100	
*	-1	*	-1	-1	307	23.875	D4	62	100	
*	-1	*	-1	-1	310	24.125	D4	62	100	
*	-1	*	-1	-1	318	24.875	C4	60	100	
*	-1	*	-1	-1	321	25.125	C4	60	100	
*	-1	*	-1	-1	329	25.875	C4	60	100	
*	-1	*	-1	-1	332	26.125	C4	60	100	
*	-1	*	-1	-1	340	26.875	C5	72	100	
*	-1	*	-1	-1	343	27.125	C5	72	100	
*	-1	*	-1	-1	351	27.875	D5	74	100	
*	-1	*	-1	-1	354	28.125	D5	74	100	
*	-1	*	-1	-1	356	28.125	G3	55	120	
*	-1	*	-1	-1	373	29.875	D5	74	100	
*	-1	*	-1	-1	376	30.125	D5	74	100	
*	-1	*	-1	-1	378	30.125	G4	67	120	
*	-1	*	-1	-1	395	31.875	D5	74	100	
*	-1	*	-1	-1	398	32.125	D5	74	100	
*	-1	*	-1	-1	399	32.125	G2	43	100	
*	-1	*	-1	-1	407	32.875	Eb5	75	100	
*	-1	*	-1	-1	410	33.125	Eb5	75	100	
*	-1	*	-1	-1	418	33.875	Eb5	75	100	
*	-1	*	-1	-1	421	34.125	Eb5	75	100	
*	-1	*	-1	-1	429	34.875	D5	74	100	
*	-1	*	-1	-1	432	35.125	D5	74	100	
*	-1	*	-1	-1	440	35.875	D5	74	100	
*	-1	*	-1	-1	443	36.125	D5	74	100	
*	-1	*	-1	-1	451	36.875	C5	72	100	
*	-1	*	-1	-1	454	37.125	C5	72	100	
*	-1	*	-1	-1	462	37.875	C5	72	100	
*	-1	*	-1	-1	465	38.125	C5	72	100	
*	-1	*	-1	-1	473	38.875	C5	72	100	
*	-1	*	-1	-1	476	39.125	C5	72	100	
*	-1	*	-1	-1	477	39.125	G5	79	100	
*	-1	*	-1	-1	479	39.25	A5	81	100	
*	-1	*	-1	-1	481	39.375	D2	38	100	
*	-1	*	-1	-1	482	39.375	D3	50	100	
*	-1	*	-1	-1	487	40	D5	74	110	
*	-1	*	-1	-1	516	42.0625	D5	74	110	
*	-1	*	-1	-1	531	43.125	D5	74	110	
*	-1	*	-1	-1	533	43.1562	Eb5	75	110	
*	-1	*	-1	-1	535	43.1896	D3	50	127	
*	-1	*	-1	-1	555	44.6896	D3	50	127	
*	-1	*	-1	-1	566	45.375	D3	50	110	
*	-1	*	-1	-1	573	46	F4	65	110	
*	-1	*	-1	-1	727	59.625	D3	50	100	
*	-1	*	-1	-1	859	71.625	D3	50	100	
*	-1	*	-1	-1	960	79.625	G4	67	110	
*	-1	*	-1	-1	965	79.875	G4	67	110	
*	-1	*	-1	-1	1076	87.875	G4	67	110	
*	-1	*	-1	-1	1081	88.125	G4	67	110	
*	-1	*	-1	-1	1100	89.875	G4	67	100	
*	-1	*	-1	-1	1103	90.125	G4	67	100	
*	-1	*	-1	-1	1122	91.875	G4	67	100	
*	-1	*	-1	-1	1125	92.125	G4	67	100	
*	-1	*	-1	-1	1126	92.125	C2	36	120	
*	-1	*	-1	-1	1134	92.875	G#4	68	100	
*	-1	*	-1	-1	1137	93.125	G#4	68	100	
*	-1	*	-1	-1	1139	93.125	F3	53	120	
*	-1	*	-1	-1	1146	93.875	G#4	68	100	
*	-1	*	-1	-1	1149	94.125	G#4	68	100	
*	-1	*	-1	-1	1158	94.875	G4	67	100	
*	-1	*	-1	-1	1161	95.125	G4	67	100	
*	-1	*	-1	-1	1169	95.875	G4	67	100	
*	-1	*	-1	-1	1172	96.125	G4	67	100	
*	-1	*	-1	-1	1181	96.875	F4	65	100	
*	-1	*	-1	-1	1184	97.125	F4	65	100	
*	-1	*	-1	-1	1192	97.875	F4	65	100	
*	-1	*	-1	-1	1195	98.125	F4	65	100	
*	-1	*	-1	-1	1204	98.875	F4	65	100	
*	-1	*	-1	-1	1207	99.125	F4	65	100	
*	-1	*	-1	-1	1208	99.125	C5	72	120	
*	-1	*	-1	-1	1210	99.25	D5	74	120	
*	-1	*	-1	-1	1235	101.188	D5	74	120	
*	-1	*	-1	-1	1264	103.188	G#4	68	120	
*	-1	*	-1	-1	1275	104	Eb4	63	100	
*	-1	*	-1	-1	1279	104.19	G2	43	120	
*	-1	*	-1	-1	1286	104.69	G2	43	120	
*	-1	*	-1	-1	1510	127.125	C3	48	70	
*	-1	*	-1	-1	1518	128.125	A3	57	70	
*	-1	*	-1	-1	17	1.125	C5	72	120	
*	-1	*	-1	-1	29	2	G4	67	100	
*	-1	*	-1	-1	51	3.25	C4	60	120	
*	-1	*	-1	-1	75	5.125	C#4	61	100	
*	-1	*	-1	-1	77	5.25	E4	64	100	
*	-1	*	-1	-1	113	8	G4	67	100	
*	-1	*	-1	-1	130	9.1875	D5	74	120	
*	-1	*	-1	-1	134	9.25	C4	60	120	
*	-1	*	-1	-1	163	11.25	C4	60	120	
*	-1	*	-1	-1	187	13.125	C#4	61	100	
*	-1	*	-1	-1	189	13.25	E4	64	100	
*	-1	*	-1	-1	546	44	Bb4	70	110	
*	-1	*	-1	-1	561	45.125	G#4	68	110	
*	-1	*	-1	-1	563	45.25	B4	71	110	
*	-1	*	-1	-1	1234	101.125	C5	72	120	
*	-1	*	-1	-1	1268	103.25	C4	60	120	
*	-1	*	-1	-1	1291	105.125	C#4	61	100	
*	-1	*	-1	-1	1293	105.25	E4	64	100	
*	-1	*	-1	-1	1303	106	C4	60	100	
