//Version: PianoRoll_v170101
0	1.51843	1.71341	G4	41	36	0
1	2.04727	2.21421	C3	27	43	0
2	2.06864	2.20352	C2	38	50	0
3	2.10069	2.16346	E4	48	59	0
4	2.10203	2.1875	G4	49	57	0
5	2.32639	2.37179	C5	47	48	0
6	2.33306	2.38515	E4	31	52	0
7	2.47997	2.51335	G#4	50	56	0
8	2.50133	2.55208	F4	24	55	0
9	2.61084	2.63755	D5	56	66	0
10	2.62286	2.65625	F4	39	60	0
11	2.75774	2.95139	G#3	53	65	0
12	2.76442	2.79781	F4	41	59	0
13	2.77243	2.82852	D4	24	50	0
14	2.86992	2.90598	D4	41	58	0
15	2.88328	2.918	B4	44	60	0
16	2.98077	3.18242	G3	52	62	0
17	3.01282	3.05422	D4	42	55	0
18	3.21047	3.25053	Eb4	72	68	0
19	3.21581	3.4375	F#3	55	63	0
20	3.21581	3.2492	C4	44	59	0
21	3.33333	3.36137	C4	65	67	0
22	3.34001	3.38007	A4	55	51	0
23	3.44952	3.49092	F3	60	66	0
24	3.46554	3.50561	D4	46	56	0
25	3.47222	3.51362	G#4	43	53	0
26	3.5884	3.61645	B4	50	62	0
27	3.59375	3.63648	D4	43	55	0
28	3.6672	3.71527	C2	44	48	0
29	3.67922	3.71127	E4	61	61	0
30	3.68723	3.71928	G4	51	61	0
31	3.80342	3.83547	E4	56	62	0
32	3.80609	3.83947	C5	57	52	0
33	3.91025	4.38701	C3	57	32	0
34	3.92361	3.95432	G#4	59	58	0
35	3.93028	3.96367	F4	46	60	0
36	4.05048	4.07452	D5	60	66	0
37	4.05582	4.09188	F4	62	70	0
38	4.15865	4.375	G#3	59	65	0
39	4.17735	4.23744	F4	64	62	0
40	4.18669	4.21875	D4	56	60	0
41	4.2922	4.32024	D4	61	62	0
42	4.39903	4.61004	G3	59	63	0
43	4.40171	4.46981	D4	69	58	0
44	4.42708	4.45913	B3	55	59	0
45	4.52857	4.55662	B3	59	62	0
46	4.53258	4.57131	G4	55	55	0
47	4.62339	4.66479	Eb4	68	62	0
48	4.6274	4.79967	F#3	60	62	0
49	4.63675	4.66346	C4	56	65	0
50	4.74626	4.77163	C4	59	63	0
51	4.74626	4.77297	A4	54	61	0
52	4.84241	5.02136	F3	49	59	0
53	4.84508	4.88514	G#4	56	59	0
54	4.86244	4.90651	D4	36	54	0
55	4.94524	4.97996	D4	63	68	0
56	4.96661	4.99198	B4	56	65	0
57	5.06143	5.26842	E3	52	64	0
58	5.0641	5.09348	G4	54	62	0
59	5.07077	5.10149	E4	50	58	0
60	5.18028	5.21233	C5	65	66	0
61	5.18162	5.21233	E4	64	66	0
62	5.28445	5.33787	B4	60	59	0
63	5.28445	5.49545	D3	60	64	0
64	5.30048	5.32852	F4	54	65	0
65	5.40331	5.44738	D5	70	60	0
66	5.42735	5.45005	F4	63	70	0
67	5.51549	5.84935	C#3	61	62	0
68	5.51949	5.55421	Bb4	80	64	0
69	5.55154	5.59161	G4	40	54	0
70	5.63568	5.66906	G4	46	59	0
71	5.63968	5.66506	E5	63	67	0
72	5.75721	5.87072	C#4	62	65	0
73	5.76255	5.8133	E5	71	60	0
74	5.89476	5.91479	Bb4	71	68	0
75	5.90144	5.92547	G5	70	68	0
76	5.99625	6.21794	D4	64	59	0
77	6.01228	6.10309	D5	61	62	0
78	6.02029	6.0657	D3	38	52	0
79	6.02831	6.05635	A4	56	63	0
80	6.12179	6.1485	F5	60	63	0
81	6.13915	6.16586	A4	62	62	0
82	6.21127	6.24465	E3	54	60	0
83	6.21127	6.25667	C#4	60	66	0
84	6.23263	6.26068	A4	75	68	0
85	6.24999	6.28071	G4	52	59	0
86	6.35149	6.37953	E5	66	65	0
87	6.36351	6.39022	G4	60	64	0
88	6.41025	6.45699	C#4	50	58	0
89	6.41693	6.66933	E3	40	58	0
90	6.47302	6.50106	A4	58	63	0
91	6.47969	6.50907	G4	53	63	0
92	6.57852	6.61057	G4	77	65	0
93	6.58386	6.60923	E5	59	66	0
94	6.65998	6.91239	F3	55	58	0
95	6.68269	6.7962	D4	33	38	0
96	6.69337	6.74946	A4	47	52	0
97	6.73744	6.78552	F4	29	55	0
98	6.80688	6.8376	E4	54	59	0
99	6.81356	6.85496	C5	39	54	0
100	6.90437	7.08867	F#3	64	64	0
101	6.90437	6.94444	A4	44	58	0
102	6.92307	6.95245	Eb4	56	61	0
103	7.01789	7.04727	Eb4	55	64	0
104	7.02991	7.07665	C5	27	46	0
105	7.11671	7.15411	G4	57	60	0
106	7.11938	7.15678	E4	54	57	0
107	7.12072	7.34107	G3	60	36	0
108	7.21153	7.24091	C5	53	59	0
109	7.21821	7.24892	E4	57	63	0
110	7.32104	7.49732	G2	58	50	0
111	7.32104	7.36244	F#4	70	60	0
112	7.32772	7.35576	Eb4	60	64	0
113	7.45325	7.48797	Eb4	43	62	0
114	7.55074	7.61084	G3	51	55	0
115	7.55608	7.59481	F4	63	66	0
116	7.55875	7.56009	F#4	22	127	0
117	7.56543	7.59882	D4	52	59	0
118	7.66826	7.69631	B4	55	62	0
119	7.67627	7.715	D4	51	54	0
120	7.76174	8.18108	C3	52	36	0
121	7.77376	7.81116	E4	60	53	0
122	7.77911	7.81249	G4	49	57	0
123	7.88594	7.922	C5	50	54	0
124	7.88995	7.92734	E4	46	55	0
125	7.99145	8.0235	G#4	60	56	0
126	7.99145	8.02083	F4	54	63	0
127	8.00614	8.38407	G#3	51	65	0
128	8.10362	8.13701	F4	72	69	0
129	8.10496	8.13434	D5	54	63	0
130	8.20646	8.25453	F4	73	60	0
131	8.23316	8.26522	D4	52	60	0
132	8.33733	8.37339	D4	62	66	0
133	8.33733	8.36938	B4	48	61	0
134	8.43883	8.61912	G3	54	61	0
135	8.4642	8.49759	B3	51	57	0
136	8.46821	8.5056	D4	55	58	0
137	8.57237	8.61244	G4	57	53	0
138	8.57371	8.60843	B3	52	56	0
139	8.66586	8.86618	F#3	46	58	0
140	8.66719	8.70459	Eb4	62	67	0
141	8.67921	8.7126	C4	52	55	0
142	8.77403	8.80341	C4	52	61	0
143	8.78204	8.81276	A4	46	59	0
144	8.87686	8.90758	G#4	57	62	0
145	8.89022	8.9236	F3	54	62	0
146	8.96767	9.0291	D4	27	61	0
147	8.99839	9.0291	B4	55	63	0
148	9.09454	9.13728	C2	47	57	0
149	9.10122	9.13728	G4	60	65	0
150	9.1079	9.14128	E4	52	59	0
151	9.22809	9.25747	C5	63	61	0
152	9.25346	9.29486	E4	38	54	0
153	9.34427	9.37633	G#4	63	60	0
154	9.35229	9.38434	F4	51	62	0
155	9.35763	9.82905	C3	58	31	0
156	9.47649	9.51655	F4	75	64	0
157	9.48049	9.5072	D5	65	69	0
158	9.59935	9.79166	G#3	58	66	0
159	9.59935	9.67681	F4	59	61	0
160	9.62339	9.65945	D4	49	57	0
161	9.72221	9.75961	B4	40	58	0
162	9.73023	9.77964	D4	42	53	0
163	9.82371	9.87846	D4	55	62	0
164	9.82905	10.016	G3	53	64	0
165	9.8424	9.87846	B3	48	57	0
166	9.92921	9.95993	B3	59	64	0
167	9.93322	9.97595	G4	63	51	0
168	10.036	10.2123	F#3	57	62	0
169	10.0427	10.0761	Eb4	53	59	0
170	10.0547	10.0895	C4	47	56	0
171	10.1509	10.1803	C4	61	65	0
172	10.1522	10.1936	A4	56	56	0
173	10.2631	10.5168	F3	48	35	0
174	10.2724	10.3472	G#4	46	46	0
175	10.3512	10.3913	D4	49	62	0
176	10.3672	10.4073	B4	55	53	0
177	10.4754	10.5195	G4	65	63	0
178	10.4768	10.7011	E3	62	55	0
179	10.4834	10.5275	E4	49	49	0
180	10.5863	10.6223	E4	52	57	0
181	10.5943	10.6303	C5	54	55	0
182	10.6864	10.7278	Bb4	76	57	0
183	10.7024	10.9268	C3	47	57	0
184	10.7078	10.7385	G4	46	60	0
185	10.816	10.848	G4	71	69	0
186	10.8186	10.844	E5	66	68	0
187	10.9228	11.1325	B2	57	61	0
188	10.9281	10.9655	G4	69	64	0
189	10.9281	10.9762	B4	63	63	0
190	11.0323	11.0644	G4	64	68	0
191	11.0483	11.0831	E5	47	58	0
192	11.1512	11.3608	Bb2	57	62	0
193	11.1538	11.2473	C#5	62	61	0
194	11.1819	11.234	G4	42	80	0
195	11.234	11.2794	G4	41	61	0
196	11.2353	11.27	E5	60	63	0
197	11.3515	11.4917	B2	59	57	0
198	11.3662	11.4557	E5	71	57	0
199	11.3915	11.4516	B4	50	54	0
200	11.477	11.5037	G5	63	65	0
201	11.5064	11.5505	B4	34	55	0
202	11.6012	11.6253	C5	66	66	0
203	11.6026	11.6319	A4	56	64	0
204	11.6066	11.8096	B3	57	36	0
205	11.7134	11.7361	A4	72	69	0
206	11.7227	11.7521	F#5	57	63	0
207	11.8149	11.9912	E3	62	62	0
208	11.8242	11.8723	B4	60	57	0
209	11.8336	11.8643	G4	54	61	0
210	11.9284	11.9565	E5	62	68	0
211	11.9484	11.9885	G4	39	56	0
212	12.0459	12.1034	E5	67	49	0
213	12.0566	12.0873	B4	52	63	0
214	12.1568	12.1835	G5	58	64	0
215	12.1808	12.2235	B4	33	55	0
216	12.2623	12.2997	E5	64	67	0
217	12.2649	12.3197	G5	72	48	0
218	12.3624	12.3945	B5	70	71	0
219	12.488	12.5214	B5	73	67	0
220	12.5053	12.5347	G5	52	62	0
221	12.5173	12.7457	E4	53	59	0
222	12.6162	12.6482	G5	78	67	0
223	12.6175	12.6442	E6	72	69	0
224	12.7257	12.7778	A5	73	62	0
225	12.7417	12.7684	F5	62	64	0
226	12.7484	12.9581	F4	54	61	0
227	12.8472	12.8712	D6	66	65	0
228	12.8592	12.8873	F5	56	63	0
229	12.9594	13.1343	G4	49	46	0
230	12.9674	13.0048	G5	56	53	0
231	13.0128	13.1237	F5	10	52	0
232	13.0742	13.1223	B5	66	58	0
233	13.1984	13.2812	C4	41	52	0
234	13.2185	13.2732	G5	48	55	0
235	13.2238	13.2612	E5	47	57	0
236	13.3587	13.3934	E5	52	60	0
237	13.3587	13.4054	C6	47	49	0
238	13.4869	13.5243	G#5	72	62	0
239	13.4989	13.5283	F5	53	62	0
240	13.5109	13.9316	G#4	55	59	0
241	13.6204	13.6512	F5	70	69	0
242	13.6351	13.6805	D6	33	51	0
243	13.7233	13.7914	F5	69	59	0
244	13.7313	13.77	D5	66	64	0
245	13.8395	13.8755	D5	62	68	0
246	13.8568	13.8982	B5	35	55	0
247	13.9583	14.0117	D5	64	62	0
248	13.9623	14.0598	G4	53	80	0
249	13.9703	14.0104	B4	45	55	0
250	14.0598	14.1333	G4	19	55	0
251	14.0879	14.1293	B4	36	56	0
252	14.0905	14.1399	G5	26	46	0
253	14.1613	14.2014	Eb5	64	65	0
254	14.176	14.3616	F#4	50	61	0
255	14.1974	14.2334	C5	31	80	0
256	14.2695	14.3136	C5	38	54	0
257	14.2788	14.3376	A5	57	44	0
258	14.3843	14.4364	F4	60	68	0
259	14.3857	14.4431	G#5	57	59	0
260	14.4925	14.5486	D5	22	63	0
261	14.5232	14.5579	B5	46	56	0
262	14.6114	14.6474	C3	52	58	0
263	14.6234	14.6554	G5	55	61	0
264	14.6394	14.6795	E5	37	54	0
265	14.7543	14.7903	C6	60	55	0
266	14.7623	14.7943	E5	47	61	0
267	14.8624	14.8905	F5	63	65	0
268	14.8624	14.8918	G#5	67	66	0
269	14.8704	15.3579	C4	54	33	0
270	14.9746	15.028	F5	80	50	0
271	14.9853	15.0133	D6	59	62	0
272	15.1015	15.1496	F5	56	58	0
273	15.1095	15.3111	G#4	66	60	0
274	15.1228	15.1602	D5	40	58	0
275	15.2243	15.2564	B5	50	61	0
276	15.2284	15.2604	D5	51	66	0
277	15.3285	15.5475	G4	63	56	0
278	15.3445	15.3793	B4	54	55	0
279	15.3499	15.3873	D5	51	64	0
280	15.4594	15.4914	G5	51	57	0
281	15.5075	15.5582	B4	3	27	0
282	15.5475	15.5916	Eb5	72	59	0
283	15.5609	15.7318	F#4	60	60	0
284	15.5782	15.6143	C5	41	55	0
285	15.6691	15.6971	A5	55	60	0
286	15.6824	15.7158	C5	42	56	0
287	15.7732	15.8226	G#5	58	61	0
288	15.7892	15.9615	F4	48	61	0
289	15.7973	15.8427	D5	28	52	0
290	15.8854	15.9228	D5	49	66	0
291	15.8881	15.9134	B5	60	68	0
292	15.9896	16.2179	E4	51	62	0
293	16.0056	16.0323	G5	57	62	0
294	16.0149	16.0457	E5	48	59	0
295	16.1111	16.1365	C6	60	64	0
296	16.1124	16.1391	E5	60	66	0
297	16.2179	16.2633	B5	62	63	0
298	16.2313	16.4743	D4	60	36	0
299	16.2366	16.2673	F5	52	62	0
300	16.3381	16.3782	D6	72	62	0
301	16.3475	16.3742	F5	66	67	0
302	16.4516	16.5171	Bb5	82	62	0
303	16.4783	16.7788	C#4	52	37	0
304	16.5772	16.6052	E6	60	65	0
305	16.7134	16.7655	E6	73	62	0
306	16.7281	16.859	C#5	56	64	0
307	16.7294	16.9297	G4	52	60	0
308	16.7361	16.9498	Bb4	47	58	0
309	16.7454	16.7681	Bb5	59	67	0
310	16.8883	16.9177	Bb5	68	69	0
311	16.8937	16.9257	G6	72	64	0
312	17.0179	17.094	D6	65	61	0
313	17.0192	17.1474	F4	57	63	0
314	17.0312	17.0633	A5	65	66	0
315	17.0352	17.0673	D5	47	61	0
316	17.0593	17.1154	D4	23	51	0
317	17.1394	17.1755	A5	72	67	0
318	17.1434	17.1728	F6	51	61	0
319	17.2462	17.3144	A4	46	59	0
320	17.2502	17.3157	G4	49	53	0
321	17.2502	17.2903	A5	80	60	0
322	17.2596	17.2943	C#5	46	58	0
323	17.2623	17.3063	E4	37	51	0
324	17.2663	17.2903	G5	61	65	0
325	17.3678	17.3945	E6	69	69	0
326	17.3718	17.4052	G5	74	66	0
327	17.4893	17.5227	A5	71	65	0
328	17.4933	17.5534	A4	40	47	0
329	17.4933	17.5267	G5	65	64	0
330	17.4973	17.5374	G4	43	56	0
331	17.4973	17.5814	C#5	37	46	0
332	17.504	17.7217	E4	46	59	0
333	17.6082	17.6335	E6	68	66	0
334	17.6095	17.6335	G5	72	68	0
335	17.7163	17.9273	F4	61	65	0
336	17.7177	17.7684	A5	65	58	0
337	17.7217	17.7644	A4	38	51	0
338	17.7283	17.7804	F5	64	55	0
339	17.7377	17.8432	D5	30	38	0
340	17.8125	17.8539	F5	63	66	0
341	17.8285	17.8672	D6	44	55	0
342	17.9313	17.9781	A5	64	50	0
343	17.9394	18.0368	A4	39	41	0
344	17.9474	18.121	F#4	59	62	0
345	17.9634	17.9994	Eb5	39	53	0
346	18.0422	18.0649	Eb5	64	64	0
347	18.0529	18.0782	C6	59	61	0
348	18.1597	18.2024	G5	71	61	0
349	18.1664	18.3774	G4	54	31	0
350	18.1744	18.2091	E5	49	57	0
351	18.2772	18.3079	C6	53	58	0
352	18.2959	18.3266	E5	53	60	0
353	18.3814	18.5857	G3	57	55	0
354	18.3894	18.4281	F#5	72	70	0
355	18.4335	18.4869	Eb5	30	80	0
356	18.4869	18.5243	Eb5	21	60	0
357	18.6058	18.6552	F5	74	60	0
358	18.6164	18.6685	G4	35	51	0
359	18.6164	18.6512	D5	60	71	0
360	18.742	18.7713	B5	58	60	0
361	18.7486	18.7794	D5	47	63	0
362	18.75	18.7914	C3	59	63	0
363	18.8475	18.8742	G5	59	64	0
364	18.8528	18.8795	E5	53	64	0
365	18.8622	18.9343	C4	62	55	0
366	18.9837	19.0104	E5	55	63	0
367	18.985	19.0224	C6	50	51	0
368	19.0865	19.1239	G#5	71	64	0
369	19.0945	19.1226	F5	53	63	0
370	19.0959	19.1533	C4	2	51	0
371	19.1132	19.5192	G#4	52	60	0
372	19.2107	19.2428	F5	72	65	0
373	19.2174	19.2454	D6	56	59	0
374	19.3149	19.411	F5	67	49	0
375	19.3309	19.3656	D5	61	70	0
376	19.4458	19.4765	D5	67	72	0
377	19.4564	19.4925	B5	39	57	0
378	19.5486	19.7489	G4	57	61	0
379	19.566	19.6033	D5	56	65	0
380	19.5873	19.6274	B4	37	58	0
381	19.6875	19.7209	G5	52	56	0
382	19.7823	19.817	Eb5	59	60	0
383	19.789	19.9599	F#4	49	56	0
384	19.8224	19.8851	C5	15	80	0
385	19.8851	19.9452	C5	23	46	0
386	19.8998	19.9746	A5	53	50	0
387	20.0013	20.0334	G#5	56	60	0
388	20.004	20.0427	F4	54	68	0
389	20.1041	20.1562	D5	38	64	0
390	20.1282	20.1642	B5	50	52	0
391	20.223	20.2604	C3	51	64	0
392	20.2377	20.2697	G5	55	60	0
393	20.2497	20.2871	E5	41	56	0
394	20.3833	20.434	C6	40	52	0
395	20.3859	20.434	E5	43	56	0
396	20.4834	20.5195	G#5	67	67	0
397	20.4914	20.5221	F5	53	61	0
398	20.4994	20.9989	C4	56	36	0
399	20.6103	20.6463	F5	70	66	0
400	20.617	20.6477	D6	56	58	0
401	20.7185	20.8079	F5	71	54	0
402	20.7345	20.7612	D5	59	65	0
403	20.7385	20.9415	G#4	62	59	0
404	20.84	20.8734	D5	69	71	0
405	20.8707	20.9268	B5	17	51	0
406	20.9548	21.1565	G4	60	35	0
407	20.9575	21.0203	D5	59	60	0
408	20.9842	21.0203	B4	41	57	0
409	21.0804	21.1178	B4	39	57	0
410	21.1071	21.1605	G5	17	29	0
411	21.1632	21.3395	F#4	62	52	0
412	21.1645	21.1966	Eb5	66	65	0
413	21.1926	21.2313	C5	37	54	0
414	21.286	21.3194	C5	46	58	0
415	21.2874	21.3274	A5	56	50	0
416	21.3875	21.4303	G#5	55	60	0
417	21.4022	21.5758	F4	52	54	0
418	21.4062	21.4703	D5	28	80	0
419	21.4984	21.5384	D5	49	66	0
420	21.5064	21.5424	B5	62	62	0
421	21.6186	21.6533	E5	55	56	0
422	21.6212	21.6546	G5	56	59	0
423	21.6266	21.8322	E4	45	52	0
424	21.7281	21.7535	C6	60	61	0
425	21.8162	22.0326	C4	59	58	0
426	21.8242	21.863	Bb5	78	64	0
427	21.8362	21.8683	G5	48	59	0
428	21.9524	21.9765	E6	72	69	0
429	21.9591	21.9845	G5	67	68	0
430	22.0593	22.2516	B3	54	61	0
431	22.0686	22.1033	B5	67	69	0
432	22.07	22.106	G5	70	65	0
433	22.1835	22.2209	G5	64	62	0
434	22.1901	22.2169	E6	63	61	0
435	22.2903	22.4012	Bb3	56	60	0
436	22.2983	22.3865	C#6	66	62	0
437	22.3184	22.3531	G5	50	36	0
438	22.4319	22.4693	E6	49	57	0
439	22.4412	22.484	G5	41	55	0
440	22.5387	22.6349	E6	83	59	0
441	22.5427	22.5828	B3	58	64	0
442	22.5641	22.5895	B5	59	68	0
443	22.6509	22.6736	G6	70	63	0
444	22.6763	22.7003	B5	59	66	0
445	22.7831	23.0088	B2	56	55	0
446	22.7844	22.8165	B5	80	70	0
447	22.7951	22.8285	A5	71	66	0
448	22.9153	22.9434	F#6	81	71	0
449	22.9233	22.9474	G5	67	65	0
450	22.9273	22.9554	A5	51	59	0
451	23.0515	23.1143	E2	53	66	0
452	23.0822	23.1477	B5	66	63	0
453	23.0876	23.1343	G5	55	60	0
454	23.2465	23.2799	G5	68	67	0
455	23.2545	23.2812	E6	65	68	0
456	23.376	23.4014	B5	56	67	0
457	23.3774	23.4054	G5	60	62	0
458	23.3894	23.4548	G3	40	80	0
459	23.4548	23.6325	G3	5	52	0
460	23.4976	23.5497	E6	73	58	0
461	23.4989	23.5296	G5	70	67	0
462	23.6084	23.6805	E3	66	63	0
463	23.6151	23.6458	G5	66	61	0
464	23.6178	23.6538	B5	63	69	0
465	23.734	23.7713	G5	74	66	0
466	23.7366	23.8127	E6	73	59	0
467	23.8728	23.9102	B5	64	69	0
468	23.8835	24.3923	G4	53	20	0
469	23.8942	23.9383	G5	42	52	0
470	24.0157	24.0531	E6	63	64	0
471	24.0251	24.0518	G5	55	63	0
472	24.1386	24.1666	B5	52	65	0
473	24.1853	24.2468	G5	13	80	0
474	24.2855	24.3362	G5	36	51	0
475	24.2895	24.3202	E6	56	62	0
476	24.4458	24.4992	Bb5	61	60	0
477	24.4538	24.4912	D4	42	58	0
478	24.6073	24.6768	G5	33	44	0
479	24.614	24.6514	E6	58	67	0
480	24.785	24.8424	A2	50	62	0
481	24.8103	24.8437	G5	58	58	0
482	24.8143	24.8544	A5	61	65	0
483	24.9532	24.988	G5	63	61	0
484	24.9719	25.0026	E6	53	63	0
485	25.0814	25.1335	C#4	64	68	0
486	25.0868	25.1188	A5	52	58	0
487	25.0921	25.1242	G5	55	59	0
488	25.2056	25.231	G5	65	66	0
489	25.2163	25.2524	E6	47	55	0
490	25.2243	25.2964	E3	51	64	0
491	25.3031	25.3405	A5	61	66	0
492	25.3045	25.3392	A2	60	60	0
493	25.3205	25.3512	G5	55	60	0
494	25.4313	25.4714	E6	57	58	0
495	25.4434	25.4754	G5	67	66	0
496	25.5462	25.5809	A5	64	66	0
497	25.5475	25.6009	A1	41	54	0
498	25.5609	25.5903	G5	55	61	0
499	25.6664	25.6944	G5	72	68	0
500	25.6744	25.7145	E6	67	67	0
501	25.7759	25.8093	G5	65	66	0
502	25.7759	25.8066	A5	71	66	0
503	25.7812	25.8226	C#4	65	66	0
504	25.8854	25.9308	G5	85	62	0
505	25.8961	25.9281	F6	74	71	0
506	25.9214	25.9869	E3	43	65	0
507	25.9976	26.0336	A2	55	57	0
508	26.0083	26.0403	A5	64	66	0
509	26.0083	26.043	G5	64	66	0
510	26.1204	26.1552	G5	78	60	0
511	26.1284	26.1685	E6	77	60	0
512	26.2473	26.2954	D2	46	53	0
513	26.2526	26.282	A5	53	60	0
514	26.2727	26.3167	G5	36	48	0
515	26.3408	26.3715	E6	71	71	0
516	26.3728	26.4316	G5	31	54	0
517	26.477	26.5077	A4	73	70	0
518	26.4877	26.5291	A5	56	51	0
519	26.4984	26.5304	E5	53	63	0
520	26.5865	26.6159	C#6	64	67	0
521	26.5985	26.6252	E5	50	64	0
522	26.5985	26.6519	A3	59	61	0
523	26.6907	26.7187	D3	65	64	0
524	26.704	26.7374	F5	73	67	0
525	26.7094	26.7468	A5	61	66	0
526	26.8282	26.863	F5	63	65	0
527	26.8309	26.8683	D6	69	64	0
528	26.9618	27.3117	F4	76	63	0
529	26.9631	26.9992	A5	67	66	0
530	26.9658	26.9938	F5	66	64	0
531	27.0927	27.1274	F5	70	67	0
532	27.1033	27.1434	D6	59	64	0
533	27.2075	27.2409	A5	66	65	0
534	27.2115	27.2422	F5	60	66	0
535	27.333	27.3664	D6	65	65	0
536	27.3411	27.3691	F5	62	63	0
537	27.4452	27.4773	C4	50	58	0
538	27.4559	27.4906	G#5	73	64	0
539	27.5561	27.6055	F5	51	63	0
540	27.6055	27.6482	D6	41	53	0
541	27.6763	27.711	G2	64	59	0
542	27.7003	27.7243	G5	62	66	0
543	27.711	27.747	F5	46	54	0
544	27.8312	27.8592	F5	66	67	0
545	27.8312	27.8632	D6	52	59	0
546	27.9193	27.9674	B3	54	51	0
547	27.9353	27.9634	G5	62	67	0
548	27.958	27.9981	F5	48	51	0
549	28.0315	28.0889	D3	59	62	0
550	28.0515	28.0862	F5	61	66	0
551	28.0529	28.0862	D6	56	60	0
552	28.1343	28.1771	G2	54	54	0
553	28.1677	28.1984	G5	52	57	0
554	28.1757	28.2144	F5	48	53	0
555	28.2732	28.32	D6	64	49	0
556	28.2799	28.3106	F5	61	66	0
557	28.36	28.3987	G1	61	55	0
558	28.3841	28.4321	G5	51	56	0
559	28.4094	28.4575	F5	48	55	0
560	28.5256	28.5563	D6	59	60	0
561	28.5296	28.5577	F5	53	62	0
562	28.6204	28.6792	B3	58	56	0
563	28.6325	28.6618	G5	55	59	0
564	28.7152	28.7727	F5	65	59	0
565	28.7313	28.7607	E6	73	72	0
566	28.762	28.8101	D3	50	65	0
567	28.8394	28.8768	G2	56	56	0
568	28.8461	28.8808	F5	61	65	0
569	28.8461	28.8768	G5	54	64	0
570	28.9543	28.9823	D6	73	56	0
571	28.9623	28.9877	F5	72	68	0
572	29.0545	29.0972	C2	49	55	0
573	29.0745	29.1025	G5	57	61	0
574	29.0785	29.1052	F5	60	62	0
575	29.1747	29.2054	D6	55	58	0
576	29.18	29.208	F5	64	67	0
577	29.2748	29.3069	G4	75	69	0
578	29.2975	29.3683	G5	44	42	0
579	29.3042	29.3322	D5	53	64	0
580	29.4044	29.4551	B5	68	62	0
581	29.4391	29.4658	D5	54	65	0
582	29.4417	29.4845	G3	32	59	0
583	29.5205	29.5539	G5	65	66	0
584	29.5219	29.5553	C3	57	59	0
585	29.5312	29.5553	E5	58	66	0
586	29.6461	29.6755	E5	76	68	0
587	29.6554	29.6888	C6	70	68	0
588	29.7502	30.0894	E4	65	55	0
589	29.7716	29.8023	G5	57	63	0
590	29.7756	29.801	E5	55	66	0
591	29.8878	29.9172	E5	70	71	0
592	29.8971	29.9238	C6	61	60	0
593	30.0013	30.032	G5	51	61	0
594	30.008	30.032	E5	57	67	0
595	30.0948	30.1402	C6	58	65	0
596	30.1415	30.1736	E5	49	60	0
597	30.2337	30.2991	G5	68	55	0
598	30.2363	30.2724	A3	46	54	0
599	30.2591	30.2938	D5	41	58	0
600	30.3499	30.3819	B5	65	70	0
601	30.3646	30.4019	D5	56	68	0
602	30.4634	30.5061	D2	68	63	0
603	30.5008	30.5315	D5	63	69	0
604	30.5395	30.6009	C5	20	80	0
605	30.6009	30.6557	C5	48	63	0
606	30.6263	30.6543	A5	63	66	0
607	30.7104	30.7438	F#4	69	67	0
608	30.7278	30.7599	D5	61	68	0
609	30.7425	30.7745	C5	44	57	0
610	30.8373	30.9094	A3	48	61	0
611	30.8373	30.8774	A5	69	62	0
612	30.8493	30.8814	C5	69	69	0
613	30.9321	30.9749	D3	45	52	0
614	30.9495	30.9829	D5	63	72	0
615	30.9842	31.0283	C5	34	48	0
616	31.0724	31.1124	C5	57	56	0
617	31.0724	31.1124	A5	69	62	0
618	31.1525	31.1899	D2	60	59	0
619	31.1885	31.2179	D5	56	66	0
620	31.2206	31.2673	C5	28	80	0
621	31.2914	31.3448	C5	51	63	0
622	31.3221	31.3581	A5	43	55	0
623	31.4303	31.469	F#4	62	65	0
624	31.4503	31.493	D5	36	57	0
625	31.5705	31.5945	B5	64	69	0
626	31.5785	31.6399	A3	45	62	0
627	31.6706	31.7214	D3	30	54	0
628	31.6773	31.7174	D5	56	67	0
629	31.6813	31.7214	C5	36	54	0
630	31.7855	31.8242	A5	73	60	0
631	31.8069	31.8322	C5	59	66	0
632	31.9391	32.2703	G2	59	37	0
633	31.9391	31.9805	D5	58	68	0
634	31.9511	31.9912	B4	54	52	0
635	32.0593	32.1073	Eb5	74	57	0
636	32.0713	32.0993	B4	55	64	0
637	32.1835	32.2102	D5	54	65	0
638	32.2115	32.2489	B4	42	58	0
639	32.2769	32.3464	D3	56	62	0
640	32.2836	32.3183	E5	72	68	0
641	32.2983	32.325	B4	52	65	0
642	32.3971	32.4439	G3	52	67	0
643	32.4092	32.4693	D5	58	57	0
644	32.4145	32.5133	B4	64	80	0
645	32.516	32.5961	A3	58	60	0
646	32.528	32.5961	F5	72	60	0
647	32.6322	32.9046	B3	64	26	0
648	32.6335	32.6562	Bb4	64	64	0
649	32.6455	32.7524	D5	53	51	0
650	32.7484	32.7978	B4	62	63	0
651	32.751	32.7898	F#5	74	64	0
652	32.8832	33.0101	B4	56	60	0
653	32.8846	32.9701	D5	52	63	0
654	32.9727	33.0208	G5	72	60	0
655	32.9914	33.0488	A3	50	60	0
656	33.0822	33.1557	D5	58	39	0
657	33.0916	33.125	G3	70	68	0
658	33.1624	33.2144	B4	47	66	0
659	33.1744	33.2251	G#5	77	61	0
660	33.1984	33.2358	D3	49	55	0
661	33.2906	33.324	D2	71	58	0
662	33.3079	33.336	D5	74	72	0
663	33.3173	33.3453	C5	57	65	0
664	33.4375	33.4655	C5	75	68	0
665	33.4428	33.4775	A5	70	66	0
666	33.5323	33.5617	F#4	73	67	0
667	33.551	33.5804	D5	70	71	0
668	33.5723	33.6057	C5	44	57	0
669	33.6658	33.7006	A5	70	67	0
670	33.6805	33.7072	C5	55	63	0
671	33.6832	33.7486	A3	37	62	0
672	33.7633	33.794	D5	68	72	0
673	33.7673	33.7994	D3	53	58	0
674	33.8742	33.9196	C5	47	63	0
675	33.8835	33.9076	A5	62	63	0
676	33.973	34.0104	D2	68	62	0
677	33.9877	34.0237	D5	59	69	0
678	34.0304	34.1039	C5	18	80	0
679	34.1039	34.1533	C5	27	51	0
680	34.1292	34.1813	A5	22	52	0
681	34.2107	34.2414	D5	62	71	0
682	34.2201	34.2561	F#4	76	67	0
683	34.3336	34.3549	B5	71	67	0
684	34.395	34.4591	A3	10	54	0
685	34.4498	34.4898	D3	51	55	0
686	34.4551	34.5312	E5	49	55	0
687	34.5472	34.594	C5	33	51	0
688	34.6447	34.6741	G4	79	71	0
689	34.6474	34.6795	Bb3	73	68	0
690	34.6541	34.7075	D5	72	56	0
691	34.6688	34.6955	B4	61	64	0
692	34.7729	34.7983	F3	67	62	0
693	34.7729	34.829	G5	73	61	0
694	34.7903	34.8264	Bb3	38	55	0
695	34.8103	34.8531	B4	28	32	0
696	34.8344	34.9425	C4	52	63	0
697	34.8744	34.9158	Eb4	65	69	0
698	34.8838	35.0147	Eb5	75	61	0
699	34.8878	34.9319	C5	67	59	0
700	34.9051	34.9305	G#4	80	65	0
701	35.0026	35.0293	C5	58	64	0
702	35.0213	35.0627	G#5	59	56	0
703	35.1041	35.1415	G#4	69	64	0
704	35.1242	35.1589	C5	63	67	0
705	35.2136	35.2444	F5	65	64	0
706	35.2964	35.3245	F4	63	68	0
707	35.3285	35.4046	G#4	81	56	0
708	35.4353	35.4714	F4	69	65	0
709	35.45	35.4781	D5	58	66	0
710	35.5689	35.617	G#4	69	62	0
711	35.5729	35.6076	F2	69	64	0
712	35.5742	35.6009	F3	70	66	0
713	35.5983	35.6423	F4	43	57	0
714	35.673	35.7131	F4	59	67	0
715	35.6944	35.7345	D5	37	57	0
716	35.8133	35.8413	F#3	74	65	0
717	35.8173	35.86	F#2	70	63	0
718	35.8253	35.856	A4	55	60	0
719	35.828	35.856	Eb4	61	64	0
720	36.0323	36.0643	G3	73	69	0
721	36.0443	36.1124	G4	71	61	0
722	36.0657	36.0924	D4	65	64	0
723	36.1284	36.1712	F2	72	65	0
724	36.1725	36.2072	D4	67	66	0
725	36.1792	36.4262	C3	64	35	0
726	36.2473	36.3221	Eb3	65	64	0
727	36.278	36.3234	C4	72	61	0
728	36.286	36.4116	Eb4	80	60	0
729	36.294	36.3274	G#3	82	69	0
730	36.4009	36.4476	C4	56	68	0
731	36.4102	36.4623	G#4	64	62	0
732	36.5131	36.5478	G#3	72	69	0
733	36.5251	36.5959	C4	75	59	0
734	36.6199	36.6559	F4	68	67	0
735	36.7267	36.7561	F3	67	66	0
736	36.7454	36.8603	G#3	78	39	0
737	36.8483	36.8923	F3	74	63	0
738	36.8643	36.8963	D4	62	63	0
739	36.9898	37.0432	G#3	76	67	0
740	36.9911	37.0312	F2	78	68	0
741	36.9925	37.0325	F1	77	62	0
742	37.0139	37.0472	F3	51	60	0
743	37.11	37.1447	D4	71	67	0
744	37.1194	37.1474	F3	69	68	0
745	37.2422	37.2689	F#2	84	62	0
746	37.2449	37.2716	A3	71	65	0
747	37.2476	37.2863	F#1	74	57	0
748	37.2622	37.2943	Eb3	63	62	0
749	37.3704	37.4065	Eb3	80	67	0
750	37.3931	37.4278	C4	62	65	0
751	37.5454	37.6188	G3	76	64	0
752	37.5494	41.2847	G2	84	54	0
753	37.5507	41.2406	G1	83	61	0
754	37.552	37.5908	D3	67	64	0
755	37.6883	37.7283	D3	59	66	0
756	37.7043	37.735	B3	56	61	0
757	37.8085	37.8659	A3	67	52	0
758	37.8218	37.8552	F3	55	60	0
759	37.9286	37.9634	F3	63	68	0
760	37.9286	37.9647	D4	49	59	0
761	38.0342	38.1049	G3	65	60	0
762	38.0448	38.0822	E3	60	66	0
763	38.1503	38.1904	E3	66	67	0
764	38.1597	38.1944	C4	45	57	0
765	38.2679	38.3053	G3	58	67	0
766	38.2906	38.3333	B3	24	44	0
767	38.3747	38.4134	G3	72	69	0
768	38.38	38.4067	E4	61	63	0
769	38.4869	38.5603	A3	63	57	0
770	38.5002	38.5323	F3	59	65	0
771	38.6044	38.6445	D4	61	66	0
772	38.6258	38.6591	F3	54	60	0
773	38.7166	38.7553	A3	64	64	0
774	38.7219	38.762	C4	64	64	0
775	38.8234	38.8555	A3	71	66	0
776	38.8368	38.8688	F4	50	60	0
777	38.9343	39.0037	B3	63	51	0
778	38.9476	38.9783	G3	52	63	0
779	39.0464	39.0798	E4	61	65	0
780	39.0571	39.0905	G3	54	60	0
781	39.16	39.2054	D4	63	64	0
782	39.1733	39.2067	B3	48	59	0
783	39.2748	39.3015	G4	60	64	0
784	39.2775	39.3109	B3	63	65	0
785	39.3803	39.4538	C4	65	61	0
786	39.391	39.4311	A3	52	60	0
787	39.5005	39.5392	F4	68	66	0
788	39.5165	39.5432	A3	61	63	0
789	39.6153	39.6754	E4	69	56	0
790	39.6207	39.6567	C4	62	66	0
791	39.7369	39.7676	C4	72	70	0
792	39.7369	39.7636	A4	59	62	0
793	39.8424	39.9345	D4	64	64	0
794	39.8584	39.8945	B3	46	58	0
795	39.9519	39.9853	G4	48	60	0
796	39.9706	40.0133	B3	43	53	0
797	40.0667	40.1495	F4	62	40	0
798	40.1108	40.1696	D4	19	80	0
799	40.1696	40.2123	D4	52	66	0
800	40.2203	40.2764	B4	14	53	0
801	40.2831	40.3819	E4	69	53	0
802	40.3004	40.3325	C4	57	65	0
803	40.4073	40.45	A4	58	57	0
804	40.4353	40.4674	C4	45	59	0
805	40.5261	40.5542	D4	60	64	0
806	40.5288	40.5582	F4	57	66	0
807	40.6343	40.6757	D4	74	65	0
808	40.6543	40.6824	B4	61	60	0
809	40.7585	40.7892	G4	60	66	0
810	40.7625	40.7919	E4	57	60	0
811	40.8694	40.9041	E4	72	64	0
812	40.884	40.9254	C5	66	60	0
813	40.9869	41.0229	A4	64	69	0
814	40.9976	41.0229	F4	54	67	0
815	41.1071	41.1405	F4	72	68	0
816	41.1177	41.1685	D5	65	55	0
817	41.2232	41.258	B4	59	68	0
818	41.2286	41.254	G4	60	66	0
819	41.3381	41.3675	G4	77	67	0
820	41.3515	41.3969	E5	70	58	0
821	41.4623	41.5037	C5	68	62	0
822	41.477	41.5064	A4	58	65	0
823	41.5958	41.6332	A4	77	66	0
824	41.6025	41.6573	F5	77	52	0
825	41.72	41.7601	D5	67	63	0
826	41.7361	41.7641	B4	49	65	0
827	41.8603	41.8883	B4	67	67	0
828	41.8683	41.8937	G5	69	62	0
829	42.0285	42.9126	F#4	75	58	0
830	42.0339	42.1087	D5	55	59	0
831	42.0365	42.0886	C5	53	52	0
832	42.2275	42.2542	C5	61	62	0
833	42.2275	42.2609	A5	71	66	0
834	42.3544	42.3904	C5	66	66	0
835	42.3584	42.3918	D5	65	69	0
836	42.5	42.5307	A5	71	67	0
837	42.516	42.54	C5	54	66	0
838	42.6295	42.6575	C5	66	63	0
839	42.6295	42.6682	D5	61	68	0
840	42.7497	42.7817	C5	63	62	0
841	42.7497	42.7871	A5	66	66	0
842	42.8859	42.9313	C5	66	56	0
843	42.8926	42.9313	D5	66	66	0
844	42.9033	43.2625	E4	69	59	0
845	43.0515	43.0876	A5	67	64	0
846	43.0582	43.0942	C5	65	67	0
847	43.2037	43.575	F#4	83	56	0
848	43.2037	43.2438	C5	63	65	0
849	43.2064	43.2425	D5	59	69	0
850	43.3547	43.3867	A5	62	59	0
851	43.3587	43.3907	C5	66	67	0
852	43.5042	43.5403	D5	61	69	0
853	43.5056	44.4337	G4	81	61	0
854	43.5269	43.5603	B4	43	59	0
855	43.6364	43.6752	G5	74	61	0
856	43.6498	43.6818	B4	63	70	0
857	43.7526	43.7914	D5	63	65	0
858	43.758	43.7873	B4	66	65	0
859	43.8715	43.9022	B4	73	70	0
860	43.8742	43.9102	G5	71	53	0
861	43.9877	44.0771	D5	67	51	0
862	44.0104	44.0384	B4	55	63	0
863	44.0918	44.1773	G5	71	40	0
864	44.1279	44.164	B4	46	58	0
865	44.2174	44.2534	Bb4	64	64	0
866	44.2214	44.2975	D5	58	58	0
867	44.3282	44.3469	Bb4	75	69	0
868	44.3376	44.3683	G5	51	60	0
869	44.4484	44.813	D4	81	59	0
870	44.4591	44.5005	Bb4	58	64	0
871	44.4684	44.4978	D5	57	68	0
872	44.586	44.6087	Bb4	69	65	0
873	44.59	44.6234	G5	47	58	0
874	44.7115	44.7369	C5	71	68	0
875	44.7155	45.0013	E4	79	62	0
876	44.7168	44.7542	Bb4	58	64	0
877	44.845	44.8624	Bb4	72	71	0
878	44.845	44.8691	G5	70	64	0
879	44.9826	45.0133	C5	65	64	0
880	44.9879	45.9642	F4	75	58	0
881	44.9906	45.0187	A4	57	64	0
882	45.1095	45.1415	A4	65	70	0
883	45.1148	45.1469	F5	67	64	0
884	45.231	45.2577	A4	52	62	0
885	45.2377	45.2724	C5	44	55	0
886	45.3352	45.3672	A4	71	70	0
887	45.3378	45.3766	F5	68	65	0
888	45.462	45.4954	C5	50	59	0
889	45.4714	45.4981	A4	53	65	0
890	45.5729	45.6143	A4	78	59	0
891	45.5755	45.6223	F5	76	55	0
892	45.7118	45.7411	C5	50	60	0
893	45.7305	45.7638	A4	36	59	0
894	45.8226	45.8533	F5	67	64	0
895	45.8279	45.8653	A4	53	68	0
896	45.9481	46.2553	C4	68	59	0
897	45.9481	45.9815	C5	51	59	0
898	45.9695	46.0082	A4	47	56	0
899	46.0737	46.1097	A4	57	67	0
900	46.075	46.1031	F5	59	64	0
901	46.1899	46.2299	B4	68	60	0
902	46.1925	46.4182	D4	76	63	0
903	46.2032	46.2379	A4	47	59	0
904	46.3087	46.3394	A4	59	62	0
905	46.3127	46.3488	F5	46	57	0
906	46.4196	46.6987	E4	69	53	0
907	46.4369	46.4743	G#4	61	63	0
908	46.4516	46.5144	C5	32	49	0
909	46.4556	46.493	B4	41	59	0
910	46.5558	46.5918	G#4	55	55	0
911	46.5691	46.6079	E5	41	56	0
912	46.6559	46.7053	B4	53	66	0
913	46.6666	46.907	B3	63	62	0
914	46.676	46.7067	G4	57	65	0
915	46.7895	46.8162	E5	55	63	0
916	46.7922	46.8269	G4	61	67	0
917	46.895	46.9644	A4	74	57	0
918	46.9043	47.0913	C#4	65	65	0
919	46.9164	46.9457	G4	57	63	0
920	47.0098	47.0365	G4	66	66	0
921	47.118	47.3544	D4	62	60	0
922	47.1274	47.1554	F#4	65	66	0
923	47.1314	47.1674	A4	45	57	0
924	47.2449	47.2676	F#4	64	65	0
925	47.2609	47.3023	D5	38	57	0
926	47.3517	47.6495	A3	64	55	0
927	47.3517	47.4051	A4	58	62	0
928	47.3704	47.4025	F4	56	68	0
929	47.4866	47.52	D5	64	69	0
930	47.5	47.5307	F4	70	72	0
931	47.6108	47.6869	G4	72	42	0
932	47.6135	47.8231	B3	63	62	0
933	47.6495	47.6923	F4	28	49	0
934	47.7283	47.767	F4	66	68	0
935	47.7443	47.7804	D5	39	59	0
936	47.8405	47.9113	G4	64	52	0
937	47.8579	48.0608	C4	62	58	0
938	47.9046	47.9473	F4	36	52	0
939	47.926	47.9941	E4	43	62	0
940	47.962	47.9941	C5	51	59	0
941	48.0595	48.1543	G#4	71	56	0
942	48.0769	48.2879	G#3	55	65	0
943	48.0795	48.1143	Eb4	51	59	0
944	48.177	48.2064	C#5	56	63	0
945	48.1917	48.2198	Eb4	60	63	0
946	48.2892	48.4535	A4	65	57	0
947	48.3052	48.5122	F#3	57	64	0
948	48.3092	48.3493	Eb4	61	68	0
949	48.4174	48.4588	Eb4	70	69	0
950	48.5563	48.8154	G3	60	34	0
951	48.5576	48.6044	G4	57	64	0
952	48.5763	48.6137	E4	48	57	0
953	48.6698	48.7032	C5	54	55	0
954	48.7272	48.77	E4	30	51	0
955	48.8234	49.1292	G2	48	80	0
956	48.8261	48.8568	Eb4	54	62	0
957	48.8301	48.8595	F#4	51	59	0
958	48.9623	49.0037	Eb4	45	56	0
959	48.9623	48.9917	C5	56	61	0
960	49.0785	49.1065	G3	51	62	0
961	49.0998	49.1412	F4	55	68	0
962	49.1065	49.1412	D4	50	59	0
963	49.2387	49.2908	D4	66	62	0
964	49.2681	49.3376	C2	55	59	0
965	49.407	49.9519	C3	51	43	0
966	49.4404	49.4791	G4	49	56	0
967	49.4484	49.4885	E4	44	57	0
968	49.5833	49.6233	C5	44	51	0
969	49.6153	49.6781	E4	22	52	0
970	49.7315	49.7716	G#4	62	63	0
971	49.7422	49.7756	F4	44	59	0
972	49.7502	50.1642	G#3	54	66	0
973	49.8584	49.8851	D5	61	68	0
974	49.8611	49.8944	F4	68	70	0
975	49.9559	50.0547	F4	78	59	0
976	49.9879	50.0227	D4	53	58	0
977	50.1014	50.1295	D4	52	63	0
978	50.1188	50.1856	B4	6	27	0
979	50.1883	50.3993	G3	58	64	0
980	50.2176	50.2657	D4	58	54	0
981	50.2377	50.3124	B3	20	80	0
982	50.3124	50.3565	B3	29	56	0
983	50.3205	50.3592	G4	52	56	0
984	50.4246	50.4634	Eb4	65	69	0
985	50.434	50.6503	F#3	55	56	0
986	50.5341	50.5849	C4	12	53	0
987	50.5435	50.5862	A4	60	64	0
988	50.657	50.7037	F3	70	63	0
989	50.6597	50.6917	G#4	54	59	0
990	50.6784	50.7692	D4	23	80	0
991	50.7692	50.8173	D4	47	64	0
992	50.7785	50.8106	B4	61	64	0
993	50.8854	50.9281	C2	48	52	0
994	50.8974	50.9254	G4	56	65	0
995	50.9027	50.9361	E4	47	59	0
996	51.0229	51.059	E4	65	61	0
997	51.0283	51.0697	C5	66	61	0
998	51.1284	51.6439	C3	64	40	0
999	51.1485	51.1832	G#4	73	67	0
1000	51.1645	51.1979	F4	46	60	0
1001	51.2753	51.2994	D5	62	69	0
1002	51.2833	51.3194	F4	66	68	0
1003	51.3915	51.4543	F4	74	57	0
1004	51.4009	51.6025	G#3	60	66	0
1005	51.4102	51.4489	D4	62	63	0
1006	51.5344	51.5624	D4	66	68	0
1007	51.5384	51.5745	B4	45	59	0
1008	51.6252	51.8402	G3	61	64	0
1009	51.6412	51.7094	D4	72	50	0
1010	51.6546	51.684	B3	53	59	0
1011	51.7694	51.8042	G4	54	56	0
1012	51.7694	51.8002	B3	58	60	0
1013	51.8522	52.0432	F#3	60	60	0
1014	51.8843	51.915	C4	48	60	0
1015	51.9831	52.0432	A4	57	48	0
1016	52.0098	52.0592	C4	29	30	0
1017	52.0766	52.2743	F3	56	62	0
1018	52.09	52.1247	G#4	48	55	0
1019	52.1834	52.2248	D4	53	66	0
1020	52.1968	52.2248	B4	57	67	0
1021	52.297	52.544	E3	59	64	0
1022	52.3063	52.3384	G4	58	65	0
1023	52.3143	52.349	E4	47	58	0
1024	52.4345	52.4692	C5	68	67	0
1025	52.4399	52.4786	E4	60	65	0
1026	52.548	52.5827	B4	64	68	0
1027	52.5574	52.5854	F4	58	64	0
1028	52.5587	52.759	D3	55	62	0
1029	52.6722	52.7069	F4	68	68	0
1030	52.6762	52.7096	D5	68	66	0
1031	52.7724	53.1303	C#3	60	60	0
1032	52.7844	52.8538	Bb4	75	55	0
1033	52.8485	52.9473	G4	11	54	0
1034	52.9139	52.9393	E5	55	64	0
1035	53.0435	53.0942	E5	68	61	0
1036	53.0555	53.2024	C#4	60	66	0
1037	53.0675	53.0902	Bb4	59	67	0
1038	53.2104	53.2438	Bb4	66	65	0
1039	53.2171	53.2425	G5	71	68	0
1040	53.3453	53.5924	D4	58	64	0
1041	53.352	53.3894	D3	49	55	0
1042	53.364	53.3987	D5	42	60	0
1043	53.3653	53.3974	A4	51	59	0
1044	53.4842	53.5109	F5	62	60	0
1045	53.4895	53.5096	A4	63	68	0
1046	53.5884	53.6404	A4	68	60	0
1047	53.5937	53.6418	C#4	61	65	0
1048	53.6004	53.6404	E3	46	59	0
1049	53.6057	53.6324	G4	57	65	0
1050	53.7232	53.7553	E5	51	60	0
1051	53.7272	53.7513	G4	54	65	0
1052	53.8194	53.8528	C#4	49	60	0
1053	53.8221	54.0745	E3	40	55	0
1054	53.8221	53.8554	A4	65	67	0
1055	53.8368	53.8701	G4	55	60	0
1056	53.9463	53.9743	E5	58	64	0
1057	53.9569	53.993	G4	67	66	0
1058	54.0544	54.2053	D4	57	55	0
1059	54.0665	54.2855	F3	60	64	0
1060	54.0678	54.1493	A4	64	60	0
1061	54.0825	54.1132	F4	55	67	0
1062	54.1693	54.1973	D5	59	67	0
1063	54.204	54.2427	F4	43	56	0
1064	54.2681	54.2988	Bb4	75	70	0
1065	54.2855	54.4791	F#3	70	64	0
1066	54.3963	54.4284	Eb4	72	70	0
1067	54.4364	54.4804	C5	36	55	0
1068	54.5192	54.7248	G3	65	35	0
1069	54.5285	54.5686	G4	71	64	0
1070	54.5539	54.5913	E4	47	55	0
1071	54.6674	54.7128	E4	37	32	0
1072	54.7502	54.9532	G2	59	37	0
1073	54.7515	54.7903	F#4	73	62	0
1074	54.7636	54.7929	Eb4	59	64	0
1075	54.9732	55.0293	F4	59	59	0
1076	54.9772	55.024	G3	11	55	0
1077	54.9839	55.016	D4	58	63	0
1078	55.0894	55.1282	C2	61	63	0
1079	55.1135	55.1575	B4	46	50	0
1080	55.1335	55.1816	D4	31	31	0
1081	55.2083	55.2804	C3	55	54	0
1082	55.215	55.243	E4	58	62	0
1083	55.3325	55.3712	E4	64	64	0
1084	55.3418	55.3872	C5	53	45	0
1085	55.4593	55.5034	G#4	67	60	0
1086	55.4674	55.4954	F4	51	64	0
1087	55.478	55.88	G#3	56	65	0
1088	55.5795	55.6143	F4	72	68	0
1089	55.5889	55.6183	D5	48	62	0
1090	55.6904	55.7932	F4	70	61	0
1091	55.7024	55.7345	D4	56	63	0
1092	55.8173	55.8573	D4	65	66	0
1093	55.8213	55.8613	B4	38	60	0
1094	55.9187	55.9895	G3	55	80	0
1095	55.9321	55.9815	D4	62	59	0
1096	55.9361	55.9695	B3	52	54	0
1097	55.9895	56.1204	G3	23	51	0
1098	56.0323	56.071	G4	59	55	0
1099	56.0403	56.083	B3	41	52	0
1100	56.1364	56.1845	Eb4	61	64	0
1101	56.1458	56.3421	F#3	57	62	0
1102	56.1605	56.1965	C4	39	53	0
1103	56.2419	56.278	A4	54	56	0
1104	56.3595	56.3995	D4	43	55	0
1105	56.3595	56.3955	G#4	50	57	0
1106	56.3661	56.4075	F3	61	65	0
1107	56.485	56.5197	B4	62	64	0
1108	56.5037	56.5384	D4	45	58	0
1109	56.5945	56.6372	C2	51	56	0
1110	56.6185	56.6519	G4	49	58	0
1111	56.6252	56.6666	E4	39	52	0
1112	56.7574	56.7855	E4	55	61	0
1113	56.7588	56.7962	C5	58	52	0
1114	56.8723	57.3838	C3	59	37	0
1115	56.8736	56.9123	G#4	66	65	0
1116	56.8803	56.911	F4	48	63	0
1117	56.9965	57.0392	F4	72	65	0
1118	57.0192	57.0486	D5	47	60	0
1119	57.1247	57.1728	F4	59	58	0
1120	57.1367	57.3384	G#3	65	66	0
1121	57.1474	57.1861	D4	46	55	0
1122	57.2556	57.2876	D4	52	60	0
1123	57.2582	57.2983	B4	40	57	0
1124	57.357	57.5694	G3	62	63	0
1125	57.3811	57.4292	B3	45	56	0
1126	57.3864	57.4145	D4	52	62	0
1127	57.4799	57.5106	B3	58	60	0
1128	57.4866	57.5186	G4	59	59	0
1129	57.5814	57.7804	F#3	67	63	0
1130	57.5908	57.6308	Eb4	64	65	0
1131	57.6054	57.6362	C4	49	62	0
1132	57.6882	57.7216	A4	58	64	0
1133	57.7978	57.9206	F3	55	58	0
1134	57.8084	57.8405	G#4	52	56	0
1135	57.8992	57.946	D4	42	63	0
1136	57.9193	57.9553	B4	62	67	0
1137	58.0181	58.0635	E3	55	64	0
1138	58.0288	58.0635	E4	64	64	0
1139	58.0328	58.0875	G4	60	51	0
1140	58.1463	58.1757	E4	62	61	0
1141	58.1597	58.189	C5	51	61	0
1142	58.2518	58.3533	C#3	55	63	0
1143	58.2598	58.3854	A3	48	58	0
1144	58.2785	58.3333	C#4	46	67	0
1145	58.2892	58.3359	G4	47	50	0
1146	58.2892	58.3413	A4	46	52	0
1147	58.3132	58.3586	B4	29	57	0
1148	58.3907	58.4388	E5	41	56	0
1149	58.4989	58.5309	A3	67	65	0
1150	58.5056	58.5296	D4	67	65	0
1151	58.5109	58.5643	A4	58	58	0
1152	58.5416	58.6898	G4	15	41	0
1153	58.6124	58.6418	D5	46	61	0
1154	58.7353	58.8688	C4	60	63	0
1155	58.7366	58.8367	E4	65	60	0
1156	58.7393	58.7833	C5	35	54	0
1157	58.7393	58.7793	Bb4	46	53	0
1158	58.7459	58.8755	E3	49	45	0
1159	58.8448	58.8701	G5	67	64	0
1160	58.8474	58.8795	Bb4	48	62	0
1161	58.9543	58.9877	C4	63	70	0
1162	58.9596	59.0344	C5	64	62	0
1163	58.9623	58.9877	F4	64	67	0
1164	58.9743	59.0064	A4	58	66	0
1165	59.0825	59.1132	A4	76	69	0
1166	59.0865	59.1212	F5	76	64	0
1167	59.1933	59.2801	F#4	75	63	0
1168	59.2013	59.3335	D4	62	61	0
1169	59.2013	59.2521	D5	74	65	0
1170	59.204	59.2948	F#3	61	64	0
1171	59.2147	59.2521	C5	63	66	0
1172	59.3229	59.3549	C5	78	67	0
1173	59.3322	59.3643	A5	73	67	0
1174	59.4444	59.4658	G4	74	68	0
1175	59.4524	59.4804	G3	60	63	0
1176	59.4537	59.5499	D5	71	58	0
1177	59.4551	59.4844	D4	60	64	0
1178	59.4658	59.4951	B4	66	68	0
1179	59.5632	59.626	G5	74	62	0
1180	59.5766	59.6073	B4	71	71	0
1181	59.6874	59.7903	G#4	70	59	0
1182	59.6901	59.7876	G#3	66	65	0
1183	59.6995	59.8624	E4	49	54	0
1184	59.6995	59.7449	E5	78	64	0
1185	59.7035	59.7355	D5	68	67	0
1186	59.817	59.8477	B5	70	70	0
1187	59.8183	59.8477	D5	65	72	0
1188	59.9158	59.9545	E4	52	65	0
1189	59.9332	59.9572	A4	71	68	0
1190	59.9332	60.0387	E5	75	62	0
1191	59.9412	59.9706	A3	58	62	0
1192	59.9439	59.9759	C5	72	67	0
1193	60.048	60.0894	A5	79	56	0
1194	60.056	60.0854	C5	73	70	0
1195	60.1736	60.3445	G4	54	61	0
1196	60.1762	60.3071	B3	54	53	0
1197	60.1762	60.3365	B4	56	64	0
1198	60.1936	60.2483	G5	75	62	0
1199	60.2043	60.2377	F5	68	67	0
1200	60.3191	60.3485	F5	81	67	0
1201	60.3191	60.3485	D6	82	66	0
1202	60.4607	60.5128	G4	60	63	0
1203	60.4607	60.5355	G5	80	62	0
1204	60.466	60.5128	C5	63	61	0
1205	60.4674	60.5021	E5	78	66	0
1206	60.4754	60.5114	C4	46	57	0
1207	60.5875	60.6503	C6	82	61	0
1208	60.5902	60.6209	E5	82	67	0
1209	60.7264	60.9014	C#5	67	64	0
1210	60.7304	60.8907	C#4	62	64	0
1211	60.7371	60.9388	A4	59	63	0
1212	60.7465	60.8079	G5	79	54	0
1213	60.7465	60.8253	A5	80	61	0
1214	60.9227	60.9815	E6	88	65	0
1215	60.9321	60.9615	G5	79	67	0
1216	61.1084	62.102	D4	59	34	0
1217	61.1097	62.2182	A4	56	38	0
1218	61.1137	61.6573	C#5	52	56	0
1219	61.1351	61.2513	A5	77	60	0
1220	61.1404	61.2299	G5	76	54	0
1221	61.3408	61.3942	E6	78	61	0
1222	61.3474	61.3835	G5	76	65	0
1223	61.4917	61.5317	A5	74	62	0
1224	61.4957	61.5264	G5	70	65	0
1225	61.6132	61.6506	G5	77	60	0
1226	61.6159	61.6573	E6	79	61	0
1227	61.7454	61.7895	A5	74	59	0
1228	61.7467	61.7855	G5	72	64	0
1229	61.8629	61.9003	E6	78	62	0
1230	61.8669	61.9043	G5	74	64	0
1231	61.9764	62.1313	D5	59	62	0
1232	62.0045	62.0432	A5	63	65	0
1233	62.0085	62.0379	G5	62	63	0
1234	62.1273	62.1594	G5	68	67	0
1235	62.1273	62.1607	E6	73	68	0
1236	62.2609	62.313	A5	66	61	0
1237	62.2796	62.3116	F5	51	59	0
1238	62.4145	62.4532	F5	64	61	0
1239	62.4305	62.4679	D6	73	61	0
1240	62.5894	62.6388	A5	60	61	0
1241	62.5934	62.6335	F5	48	54	0
1242	62.7577	62.7964	F5	54	56	0
1243	62.7604	62.8044	C6	65	61	0
1244	62.9647	63.0702	A5	65	57	0
1245	62.9754	63.0755	G2	43	59	0
1246	62.9794	63.0408	F5	58	54	0
1247	63.2091	63.2385	B5	62	66	0
1248	63.2251	63.2732	F5	35	45	0
1249	63.348	63.388	F5	40	54	0
1250	63.3546	63.6137	G3	54	60	0
1251	63.3573	63.4	A5	40	55	0
1252	63.4815	63.5096	B5	63	66	0
1253	63.5122	63.579	F5	29	80	0
1254	63.6017	63.6404	F5	40	55	0
1255	63.6017	63.6404	A5	57	58	0
1256	63.6057	63.6404	D4	51	60	0
1257	63.611	63.7513	F4	53	63	0
1258	63.7232	63.766	B5	59	65	0
1259	63.7352	63.7646	F5	53	61	0
1260	63.8608	63.8915	F5	57	61	0
1261	63.8648	63.9035	B4	44	58	0
1262	63.8675	63.8982	A5	54	59	0
1263	63.977	64.0184	B5	63	64	0
1264	63.9796	64.0104	F5	64	65	0
1265	64.0972	64.1439	G5	65	60	0
1266	64.1025	64.1332	E5	64	65	0
1267	64.2254	64.2601	E5	72	64	0
1268	64.2334	64.2734	B5	66	67	0
1269	64.3562	64.3976	F5	64	62	0
1270	64.3803	64.4284	D5	39	55	0
1271	64.4965	64.5272	B5	61	61	0
1272	64.5152	64.5526	D5	36	55	0
1273	64.6554	65.8039	C4	46	36	0
1274	64.6581	64.6888	G5	54	63	0
1275	64.6594	64.6888	E5	51	62	0
1276	64.7769	64.8103	E5	67	62	0
1277	64.7903	64.8223	C6	66	59	0
1278	64.8824	64.9385	C5	49	51	0
1279	64.9011	65.0948	A4	42	64	0
1280	64.9051	64.9318	A5	60	62	0
1281	64.9332	65.0133	F5	22	80	0
1282	65.0133	65.0507	F5	47	58	0
1283	65.0226	65.052	D6	65	60	0
1284	65.1188	65.3151	G4	52	60	0
1285	65.1281	65.1629	B5	59	69	0
1286	65.1575	65.2497	B4	25	45	0
1287	65.1602	65.2577	G5	24	80	0
1288	65.2483	65.279	E6	68	67	0
1289	65.2577	65.2964	G5	32	50	0
1290	65.3325	65.5461	A4	57	63	0
1291	65.3565	65.3899	C6	63	66	0
1292	65.3605	65.5715	F4	40	60	0
1293	65.3645	65.3926	A5	54	60	0
1294	65.478	65.5074	F6	65	67	0
1295	65.4794	65.5101	A5	72	67	0
1296	65.5875	65.645	B4	46	51	0
1297	65.5875	65.6263	B5	61	68	0
1298	65.5982	65.8012	G4	45	53	0
1299	65.6102	65.6463	G5	43	54	0
1300	65.7117	65.7344	E6	68	68	0
1301	65.7224	65.7518	G5	59	65	0
1302	65.8132	65.856	A4	56	66	0
1303	65.8253	65.904	A5	68	42	0
1304	65.8373	65.88	C5	35	53	0
1305	65.8493	65.884	F5	51	55	0
1306	65.9374	65.9655	D6	64	64	0
1307	65.9575	65.9882	F5	55	60	0
1308	66.0509	66.1832	D5	59	58	0
1309	66.0683	66.099	G5	65	65	0
1310	66.075	66.1004	F5	60	64	0
1311	66.0843	66.1364	B4	20	54	0
1312	66.1898	66.2165	F5	58	65	0
1313	66.1925	66.2232	D6	54	58	0
1314	66.2873	66.3194	G5	62	65	0
1315	66.2913	66.4917	C4	52	48	0
1316	66.3261	66.3741	F5	31	80	0
1317	66.4022	66.4609	D6	62	57	0
1318	66.4035	66.4556	F5	47	63	0
1319	66.5344	66.5785	A5	63	64	0
1320	66.5357	66.5865	A4	51	64	0
1321	66.5517	66.5905	C5	41	54	0
1322	66.5611	66.6012	F5	45	55	0
1323	66.6653	66.704	F5	66	65	0
1324	66.6719	66.7027	D6	54	61	0
1325	66.7828	66.8148	B4	47	62	0
1326	66.7828	66.9137	D5	51	61	0
1327	66.7855	66.8282	G5	67	60	0
1328	66.8042	66.8389	F5	54	59	0
1329	66.9083	66.9444	F5	65	66	0
1330	66.911	66.9404	D6	56	60	0
1331	67.0045	67.2128	C4	53	62	0
1332	67.0192	67.0472	G5	66	67	0
1333	67.0472	67.0913	F5	45	53	0
1334	67.1394	67.1621	E6	67	69	0
1335	67.1434	67.1794	F5	62	66	0
1336	67.2622	67.2956	F5	66	66	0
1337	67.2622	67.2943	G5	68	64	0
1338	67.2649	67.3196	B4	35	50	0
1339	67.2742	67.4412	G4	37	41	0
1340	67.3744	67.4171	F5	77	58	0
1341	67.3797	67.4051	D6	63	63	0
1342	67.5133	67.5507	G5	58	58	0
1343	67.5173	68.5042	C4	53	41	0
1344	67.5266	67.5614	E5	45	57	0
1345	67.6388	67.6655	C6	66	61	0
1346	67.6468	67.6722	E5	56	67	0
1347	67.7483	67.7897	A5	62	64	0
1348	67.751	67.8231	C5	55	59	0
1349	67.755	67.7844	F5	54	61	0
1350	67.7697	67.9754	A4	48	62	0
1351	67.8739	67.9113	F5	71	63	0
1352	67.8832	67.9233	D6	70	60	0
1353	67.9927	68.1984	G4	56	59	0
1354	67.9954	68.0301	B5	65	68	0
1355	68.0061	68.1743	B4	47	46	0
1356	68.0114	68.0395	G5	51	58	0
1357	68.1142	68.1463	G5	76	65	0
1358	68.1249	68.161	E6	70	63	0
1359	68.2238	68.4481	A4	49	61	0
1360	68.2304	68.4895	F4	39	50	0
1361	68.2331	68.2705	C6	66	66	0
1362	68.2478	68.2772	A5	51	60	0
1363	68.348	68.3733	F6	70	68	0
1364	68.3493	68.3813	A5	77	67	0
1365	68.4735	68.5162	B5	63	68	0
1366	68.4762	68.5349	B4	42	48	0
1367	68.4855	68.6992	G4	51	37	0
1368	68.579	68.6404	G5	69	57	0
1369	68.5843	68.6084	E6	71	69	0
1370	68.7032	68.7326	A4	55	64	0
1371	68.7085	68.7953	A5	67	55	0
1372	68.7192	68.7526	C5	42	58	0
1373	68.7232	68.7499	F5	59	63	0
1374	68.8234	68.8488	D6	60	62	0
1375	68.8434	68.8715	F5	57	65	0
1376	68.9396	68.9703	B4	55	63	0
1377	68.9436	69.0865	D5	55	54	0
1378	68.9529	68.993	G5	62	57	0
1379	68.993	69.0331	F5	36	80	0
1380	69.0611	69.1065	F5	47	64	0
1381	69.0865	69.1225	D6	48	55	0
1382	69.1666	69.3656	C4	49	57	0
1383	69.1813	69.2107	G5	57	64	0
1384	69.2748	69.3415	F5	14	60	0
1385	69.3042	69.3442	D6	57	50	0
1386	69.391	69.4564	A4	54	60	0
1387	69.427	69.4644	C5	42	55	0
1388	69.431	69.4644	A5	50	60	0
1389	69.5325	69.5806	F5	65	54	0
1390	69.5445	69.5712	D6	63	64	0
1391	69.6447	69.6794	B4	58	69	0
1392	69.6474	69.7742	D5	57	57	0
1393	69.6487	69.7275	G5	46	52	0
1394	69.6701	69.6994	F5	58	63	0
1395	69.7742	69.8076	D6	54	59	0
1396	69.7809	69.809	F5	64	65	0
1397	69.8771	70.1001	C4	57	60	0
1398	69.8824	69.9171	G5	64	66	0
1399	69.9105	69.9412	F5	51	61	0
1400	70.0053	70.032	E6	62	66	0
1401	70.0106	70.044	F5	71	68	0
1402	70.1255	70.2083	G5	67	39	0
1403	70.1295	70.3084	G4	54	80	0
1404	70.1455	70.1962	B4	27	54	0
1405	70.1522	70.1829	F5	52	60	0
1406	70.2523	70.2764	F5	67	67	0
1407	70.275	70.3164	C6	35	48	0
1408	70.3431	70.3872	G4	35	51	0
1409	70.3578	70.3872	C5	50	61	0
1410	70.3645	70.4593	G5	66	56	0
1411	70.3658	70.3979	C4	56	58	0
1412	70.3765	70.4273	E5	62	51	0
1413	70.4874	70.5288	C6	59	49	0
1414	70.4874	70.5221	E5	59	64	0
1415	70.5942	70.6183	F#4	84	71	0
1416	70.5982	70.6343	F#3	80	68	0
1417	70.5982	70.7011	A5	71	57	0
1418	70.6223	70.649	Eb5	59	63	0
1419	70.6663	70.7157	G#5	28	30	0
1420	70.7024	70.7331	Eb5	75	66	0
1421	70.8239	70.8453	G4	74	68	0
1422	70.8306	70.8546	G3	66	66	0
1423	70.8506	71.0002	G5	50	40	0
1424	70.868	70.9094	D5	51	80	0
1425	70.872	70.9054	F5	51	57	0
1426	70.9401	70.9748	D5	47	65	0
1427	70.9428	70.9655	B5	66	62	0
1428	71.0483	71.1191	G5	58	62	0
1429	71.0576	71.0843	Eb4	85	73	0
1430	71.067	71.0923	Eb3	72	67	0
1431	71.0683	71.095	C#5	60	67	0
1432	71.1605	71.1872	C#5	82	71	0
1433	71.1778	71.2085	Bb5	58	67	0
1434	71.2833	71.314	G#4	79	69	0
1435	71.2873	71.3114	G#3	74	70	0
1436	71.306	71.4262	Eb5	68	61	0
1437	71.3154	71.3755	C5	55	80	0
1438	71.4022	71.4422	C5	49	65	0
1439	71.5197	71.6145	E5	72	62	0
1440	71.521	71.5504	C#4	80	72	0
1441	71.525	71.5504	C#3	74	68	0
1442	71.5384	71.5744	Bb4	70	65	0
1443	71.6265	71.6532	Bb4	75	69	0
1444	71.7494	71.7734	D3	71	67	0
1445	71.7521	71.7761	D4	68	65	0
1446	71.7601	71.8723	D5	71	63	0
1447	71.7694	71.7961	A4	63	63	0
1448	71.8683	71.9003	A4	39	62	0
1449	71.8723	71.9417	F#5	71	54	0
1450	71.9484	72.0552	D5	48	65	0
1451	71.9818	72.0045	B3	72	67	0
1452	71.9831	72.0085	B2	75	66	0
1453	72.0312	72.0672	G#4	73	67	0
1454	72.1767	72.2983	C5	72	61	0
1455	72.1794	72.2155	C3	75	66	0
1456	72.1821	72.2035	C4	70	68	0
1457	72.1874	72.2408	G4	65	53	0
1458	72.2916	72.3263	E5	65	50	0
1459	72.2969	72.3317	G4	33	59	0
1460	72.4185	72.4585	G#3	83	71	0
1461	72.4318	72.4732	G#2	75	65	0
1462	72.4412	72.5119	G#4	56	80	0
1463	72.4465	72.5333	C5	63	80	0
1464	72.5266	72.564	G#4	59	64	0
1465	72.5333	72.5907	C5	21	43	0
1466	72.6548	72.6922	F#2	77	64	0
1467	72.6615	72.6869	F#3	73	66	0
1468	72.7016	72.7577	D5	15	55	0
1469	72.7069	72.8111	A4	27	42	0
1470	72.8725	72.978	G4	72	62	0
1471	72.8765	72.9099	G2	75	66	0
1472	72.8792	72.9046	G3	65	67	0
1473	72.9099	72.9807	F4	42	80	0
1474	72.9994	73.0328	B4	56	59	0
1475	73.0101	73.0541	F4	25	55	0
1476	73.1036	73.1303	C3	76	66	0
1477	73.1076	73.1423	C2	69	59	0
1478	73.1076	73.2077	G4	73	53	0
1479	73.1249	73.1904	E4	54	41	0
1480	73.2264	73.2745	E4	58	63	0
1481	73.2304	73.2705	C5	70	61	0
1482	73.352	73.4762	A4	72	60	0
1483	73.3573	73.388	F#3	85	68	0
1484	73.3613	73.4067	F#2	72	61	0
1485	73.364	73.4	Eb4	72	70	0
1486	73.4681	73.4935	Eb4	79	74	0
1487	73.4935	73.5282	C5	47	58	0
1488	73.5897	73.6284	G2	76	64	0
1489	73.5897	73.6164	G3	69	67	0
1490	73.5923	73.7486	G4	78	57	0
1491	73.6084	73.7379	D4	68	64	0
1492	73.7125	73.7406	B4	55	65	0
1493	73.798	73.9155	G4	54	63	0
1494	73.8194	73.8528	Eb3	80	72	0
1495	73.8194	73.8554	C#4	70	70	0
1496	73.8274	73.8594	Eb2	64	61	0
1497	73.9209	73.9502	C#4	68	71	0
1498	73.9275	73.9556	Bb4	60	64	0
1499	74.0384	74.0624	G#3	71	70	0
1500	74.0411	74.0785	G#2	69	62	0
1501	74.0517	74.1719	C4	69	65	0
1502	74.0598	74.1719	Eb4	59	64	0
1503	74.1372	74.2173	G#4	71	60	0
1504	74.2627	74.3749	E4	68	62	0
1505	74.2681	74.3068	C#2	70	65	0
1506	74.2694	74.3055	C#3	79	70	0
1507	74.2734	74.3095	Bb3	71	68	0
1508	74.3642	74.3923	Bb3	69	71	0
1509	74.5005	74.5445	D2	77	64	0
1510	74.5031	74.5285	D3	68	65	0
1511	74.5045	74.6287	D4	74	64	0
1512	74.5192	74.5552	A3	61	55	0
1513	74.63	74.7355	F#4	70	37	0
1514	74.6487	74.7035	A3	8	53	0
1515	74.7141	74.821	D4	66	62	0
1516	74.7195	74.7502	B2	83	68	0
1517	74.7288	74.7622	B1	66	61	0
1518	74.7782	74.8276	G#3	29	65	0
1519	74.9332	74.9652	C2	66	60	0
1520	74.9412	74.9425	C3	54	127	0
1521	74.9452	75.0507	C4	49	63	0
1522	74.9559	74.9919	G3	51	57	0
1523	74.9732	75.02	B3	39	51	0
1524	75.052	75.1588	E4	58	28	0
1525	75.1535	75.2764	C4	68	59	0
1526	75.1562	75.1842	G#2	70	61	0
1527	75.1615	75.2016	G#1	69	64	0
1528	75.1695	75.2123	G#3	61	68	0
1529	75.2924	75.3191	Eb4	68	65	0
1530	75.3605	75.3912	F#1	83	66	0
1531	75.3605	75.3952	F#2	86	65	0
1532	75.4072	75.466	C4	43	65	0
1533	75.4246	75.4633	B3	45	58	0
1534	75.446	75.5007	A3	21	53	0
1535	75.5982	75.6864	G3	49	62	0
1536	75.5982	75.6263	G2	76	64	0
1537	75.5996	75.6329	G1	74	59	0
1538	75.6182	75.6583	F3	65	66	0
1539	75.7438	75.7745	B3	61	62	0
1540	75.7585	75.7838	F3	48	65	0
1541	75.8987	76.6452	G2	66	61	0
1542	75.9	75.9481	G3	61	64	0
1543	75.9054	76.6612	C2	63	63	0
1544	75.9174	75.9561	E3	48	57	0
1545	76.0376	76.0683	E3	60	64	0
1546	76.0376	76.083	C4	57	61	0
1547	76.1337	76.1765	A3	59	63	0
1548	76.1364	76.1725	F3	57	66	0
1549	76.2553	76.2873	F3	69	68	0
1550	76.2593	76.3073	D4	62	57	0
1551	76.3594	76.3995	B3	63	63	0
1552	76.3715	76.4062	G3	54	59	0
1553	76.4823	76.517	G3	76	69	0
1554	76.485	76.5224	E4	67	63	0
1555	76.5744	76.6265	C4	68	62	0
1556	76.5905	76.6265	A3	58	64	0
1557	76.6853	76.7173	A3	74	67	0
1558	76.7013	76.7307	F4	53	63	0
1559	76.7975	76.8963	A3	67	60	0
1560	76.8055	76.8375	F3	58	62	0
1561	76.9003	76.9297	D4	63	63	0
1562	76.9484	76.9497	F3	38	127	0
1563	77.0005	77.0365	G1	72	58	0
1564	77.0005	77.0298	G2	74	62	0
1565	77.0245	77.106	B3	59	56	0
1566	77.0338	77.0619	G3	57	64	0
1567	77.1353	77.1767	E4	37	51	0
1568	77.1767	77.2435	G3	35	80	0
1569	77.2435	77.3183	G3	34	58	0
1570	77.2502	78.0114	G2	58	59	0
1571	77.2515	78.0381	C2	64	62	0
1572	77.2689	77.3049	E3	51	56	0
1573	77.3757	77.4505	C4	61	44	0
1574	77.4011	77.4505	E3	50	57	0
1575	77.4986	77.5306	A3	54	61	0
1576	77.5253	77.5814	F3	26	80	0
1577	77.6054	77.6508	F3	57	66	0
1578	77.6161	77.6548	D4	71	63	0
1579	77.7203	77.763	B3	63	58	0
1580	77.7336	77.7643	G3	58	61	0
1581	77.8418	77.8739	G3	75	71	0
1582	77.8618	77.9059	E4	48	51	0
1583	77.9339	77.99	C4	70	64	0
1584	77.938	77.9767	A3	65	65	0
1585	78.0528	78.0955	A3	77	63	0
1586	78.0635	78.0915	F4	56	64	0
1587	78.1663	78.2665	A3	68	59	0
1588	78.1797	78.2131	F3	56	61	0
1589	78.2838	78.3119	F3	65	67	0
1590	78.2945	78.3319	D4	48	55	0
1591	78.372	78.4054	G2	77	65	0
1592	78.3773	78.412	G1	69	58	0
1593	78.3974	78.4828	B3	55	54	0
1594	78.4027	78.4414	G3	57	63	0
1595	78.4975	78.5349	E4	41	57	0
1596	78.5242	78.5576	G3	52	60	0
1597	78.6084	78.6471	G2	56	56	0
1598	78.6084	78.6417	C2	68	58	0
1599	78.6244	78.6992	G3	56	51	0
1600	78.6377	78.6765	E3	49	54	0
1601	78.7352	78.774	E3	63	68	0
1602	78.7406	78.7713	C4	55	59	0
1603	78.8341	78.8714	G3	68	63	0
1604	78.8354	78.8728	G2	61	56	0
1605	78.8394	78.8741	B1	62	58	0
1606	78.8528	78.8875	F3	48	58	0
1607	78.9462	78.9823	F3	58	67	0
1608	78.9502	78.9823	D4	53	60	0
1609	79.0598	79.1572	G3	59	38	0
1610	79.0624	79.1038	G2	56	56	0
1611	79.0638	79.0985	C2	68	58	0
1612	79.0691	79.1025	E3	52	62	0
1613	79.1813	79.2227	C4	55	51	0
1614	79.1853	79.22	E3	66	68	0
1615	79.2828	79.3175	G2	69	65	0
1616	79.2881	79.3282	B1	72	65	0
1617	79.2908	79.3255	G3	70	66	0
1618	79.3055	79.3375	F3	52	60	0
1619	79.403	79.443	F3	73	69	0
1620	79.4537	79.5031	D4	25	52	0
1621	79.5125	79.5712	G3	58	67	0
1622	79.5138	79.5552	G2	66	61	0
1623	79.5165	79.5472	C2	72	62	0
1624	79.5205	79.5592	E3	63	66	0
1625	79.6393	79.6861	C4	58	63	0
1626	79.6487	79.6781	E3	68	65	0
1627	79.7408	79.7756	G2	67	63	0
1628	79.7448	79.7809	G3	63	67	0
1629	79.7489	79.7822	B1	69	58	0
1630	79.7515	79.7836	F3	57	61	0
1631	79.861	79.8904	D4	59	61	0
1632	79.8624	79.8971	F3	65	68	0
1633	79.9505	79.9826	G2	73	66	0
1634	79.9585	79.9852	C2	80	65	0
1635	79.9599	80.0614	G3	58	65	0
1636	79.9732	80.0093	E3	48	57	0
1637	80.0707	80.1134	C4	67	49	0
1638	80.0854	80.1214	E3	68	69	0
1639	80.1775	80.2083	B1	81	67	0
1640	80.1775	80.2096	G2	77	66	0
1641	80.1842	80.2216	G3	62	60	0
1642	80.1922	80.2269	F3	51	62	0
1643	80.2844	80.3244	F3	69	66	0
1644	80.3792	80.4112	G2	77	65	0
1645	80.3859	80.4366	C2	79	65	0
1646	80.3966	80.5194	G3	66	64	0
1647	80.4006	80.458	E3	68	54	0
1648	80.5234	80.5568	C4	47	57	0
1649	80.6236	80.6556	G2	80	65	0
1650	80.6249	80.6543	B1	79	67	0
1651	80.6263	80.7064	G3	63	44	0
1652	80.649	80.681	F3	55	62	0
1653	80.7344	80.7651	F3	69	65	0
1654	80.8399	80.8773	G2	78	65	0
1655	80.8439	80.8827	C2	77	65	0
1656	80.8613	80.9561	G3	61	61	0
1657	80.8787	80.9214	E3	45	53	0
1658	80.8987	80.9401	F3	32	57	0
1659	80.9615	80.9895	C4	60	61	0
1660	80.9655	81.0029	E3	56	66	0
1661	81.0589	81.091	G2	79	65	0
1662	81.0616	81.0963	B1	79	66	0
1663	81.0763	81.1751	F3	58	62	0
1664	81.278	82.2168	G2	80	59	0
1665	81.2793	81.3114	C4	80	70	0
1666	81.2833	81.314	E3	87	73	0
1667	81.286	82.1313	C2	85	59	0
1668	81.5784	81.6145	E3	75	71	0
1669	81.5825	81.6305	C4	69	66	0
1670	81.6773	81.7173	E3	74	68	0
1671	81.7854	81.8175	G3	74	69	0
1672	81.7894	81.8455	E4	74	62	0
1673	81.8936	81.9297	G3	69	66	0
1674	81.9217	81.9577	A3	51	56	0
1675	82.0045	82.0352	C4	72	70	0
1676	82.0085	82.0632	G4	75	59	0
1677	82.1233	82.1433	C4	60	68	0
1678	82.2141	82.2448	E4	72	69	0
1679	82.2195	82.2595	C5	75	66	0
1680	82.3316	82.3584	E4	51	62	0
1681	82.4158	82.4639	E5	73	64	0
1682	82.4211	82.4585	G4	65	66	0
1683	82.4866	82.5306	C3	67	63	0
1684	82.532	82.6188	G3	58	64	0
1685	82.6161	82.6375	E4	75	67	0
1686	82.6321	82.6615	G5	78	69	0
1687	82.6588	82.6922	C5	44	59	0
1688	82.7483	82.7897	C5	38	52	0
1689	82.8324	82.8565	E5	71	70	0
1690	82.8378	82.8685	C6	74	69	0
1691	82.9446	82.974	E5	64	58	0
1692	83.0288	83.0808	E6	74	63	0
1693	83.1703	83.2211	A5	25	52	0
1694	83.2438	83.2678	C6	63	66	0
1695	83.2464	83.2798	G6	72	65	0
1696	83.3613	83.388	C6	57	64	0
1697	83.4534	83.4855	C7	72	67	0
1698	83.4775	83.5202	E6	42	57	0
1699	83.5977	83.6685	E6	10	54	0
1700	83.6938	83.7259	G6	74	65	0
1701	83.6965	83.7205	E7	81	73	0
1702	84.0384	84.0611	E7	67	66	0
1703	84.0451	84.0905	G6	67	50	0
1704	84.1025	84.1599	G4	36	50	0
1705	84.1639	84.1893	D6	63	63	0
1706	84.1813	84.2093	E5	53	63	0
1707	84.849	84.9558	C4	50	66	0
1708	84.8984	84.9839	G4	72	63	0
1709	84.9305	85.0774	E5	107	57	0
1710	84.9305	85.0774	G5	85	61	0
1711	84.9345	85.0814	C6	90	60	0
1712	84.9345	85.0413	E6	95	66	0
1713	84.9371	84.9625	C5	84	69	0
1714	85.9254	87.532	C4	93	56	0
1715	85.9374	87.5974	C3	83	33	0
1716	85.9508	87.5854	C2	73	36	0
#SusPed	1.50641	122	0
#SusPed	1.52644	127	0
#SusPed	2.72436	115	0
#SusPed	2.74439	99	0
#SusPed	2.76442	87	0
#SusPed	2.78445	79	0
#SusPed	2.80448	73	0
#SusPed	2.82452	67	0
#SusPed	2.84321	63	0
#SusPed	2.86325	58	0
#SusPed	2.88328	48	0
#SusPed	2.90331	34	0
#SusPed	2.92334	0	0
#SusPed	3.60443	10	0
#SusPed	3.62446	22	0
#SusPed	3.64449	32	0
#SusPed	3.66453	45	0
#SusPed	3.68322	57	0
#SusPed	3.70325	65	0
#SusPed	3.72329	70	0
#SusPed	3.74332	72	0
#SusPed	3.76202	73	0
#SusPed	3.78205	74	0
#SusPed	3.80342	74	0
#SusPed	3.82345	75	0
#SusPed	4.05983	74	0
#SusPed	4.07986	74	0
#SusPed	4.09989	73	0
#SusPed	4.11992	72	0
#SusPed	4.13995	71	0
#SusPed	4.15865	70	0
#SusPed	4.17868	68	0
#SusPed	4.19871	67	0
#SusPed	4.21875	66	0
#SusPed	4.23878	65	0
#SusPed	4.25747	64	0
#SusPed	4.27751	63	0
#SusPed	4.29754	61	0
#SusPed	4.31623	59	0
#SusPed	4.33627	56	0
#SusPed	4.3563	52	0
#SusPed	4.37633	46	0
#SusPed	4.39636	41	0
#SusPed	4.42574	36	0
#SusPed	4.44578	31	0
#SusPed	4.46581	25	0
#SusPed	4.48584	16	0
#SusPed	4.50587	0	0
#SusPed	5.12019	14	0
#SusPed	5.14022	22	0
#SusPed	5.15892	26	0
#SusPed	5.17895	32	0
#SusPed	5.19898	37	0
#SusPed	5.21901	43	0
#SusPed	5.23904	50	0
#SusPed	5.25774	56	0
#SusPed	5.27777	60	0
#SusPed	5.2978	62	0
#SusPed	5.3165	64	0
#SusPed	5.33653	66	0
#SusPed	5.35657	71	0
#SusPed	5.3766	77	0
#SusPed	5.39663	82	0
#SusPed	5.42601	88	0
#SusPed	5.44604	105	0
#SusPed	5.46607	127	0
#SusPed	5.68376	94	0
#SusPed	5.70245	64	0
#SusPed	5.72248	49	0
#SusPed	5.74252	24	0
#SusPed	5.76255	16	0
#SusPed	5.78258	26	0
#SusPed	5.80128	38	0
#SusPed	5.82131	54	0
#SusPed	5.84134	65	0
#SusPed	5.86137	86	0
#SusPed	5.8814	99	0
#SusPed	5.92147	98	0
#SusPed	5.9415	96	0
#SusPed	5.96153	88	0
#SusPed	5.98023	83	0
#SusPed	6.00026	78	0
#SusPed	6.02029	74	0
#SusPed	6.04033	71	0
#SusPed	6.06036	68	0
#SusPed	6.08039	66	0
#SusPed	6.09909	65	0
#SusPed	6.11912	64	0
#SusPed	6.13915	63	0
#SusPed	6.15785	62	0
#SusPed	6.17788	60	0
#SusPed	6.19791	56	0
#SusPed	6.21794	52	0
#SusPed	6.23797	48	0
#SusPed	6.25667	44	0
#SusPed	6.2767	39	0
#SusPed	6.29674	29	0
#SusPed	6.31677	0	0
#SusPed	6.48504	18	0
#SusPed	6.50507	27	0
#SusPed	6.52376	33	0
#SusPed	6.5438	41	0
#SusPed	6.56383	50	0
#SusPed	6.58386	60	0
#SusPed	6.60389	66	0
#SusPed	6.62259	69	0
#SusPed	6.64262	70	0
#SusPed	6.66265	71	0
#SusPed	6.68269	71	0
#SusPed	6.70138	72	0
#SusPed	6.78151	71	0
#SusPed	6.80021	69	0
#SusPed	6.82024	66	0
#SusPed	6.84027	64	0
#SusPed	6.8603	62	0
#SusPed	6.88034	60	0
#SusPed	6.90037	59	0
#SusPed	6.9204	58	0
#SusPed	6.97916	58	0
#SusPed	7.00053	56	0
#SusPed	7.01922	51	0
#SusPed	7.03926	41	0
#SusPed	7.05929	29	0
#SusPed	7.07932	24	0
#SusPed	7.11938	25	0
#SusPed	7.13942	26	0
#SusPed	7.17948	23	0
#SusPed	7.19818	15	0
#SusPed	7.21821	0	0
#SusPed	7.31703	15	0
#SusPed	7.33707	28	0
#SusPed	7.35576	38	0
#SusPed	7.37579	47	0
#SusPed	7.39583	57	0
#SusPed	7.41586	64	0
#SusPed	7.44524	70	0
#SusPed	7.46527	71	0
#SusPed	7.54406	70	0
#SusPed	7.5641	69	0
#SusPed	7.58413	67	0
#SusPed	7.60416	65	0
#SusPed	7.62419	63	0
#SusPed	7.64289	60	0
#SusPed	7.66292	56	0
#SusPed	7.68295	48	0
#SusPed	7.70165	35	0
#SusPed	7.72168	12	0
#SusPed	7.74171	0	0
#SusPed	7.86057	19	0
#SusPed	7.8806	25	0
#SusPed	7.8993	30	0
#SusPed	7.91933	33	0
#SusPed	7.93936	36	0
#SusPed	7.95939	38	0
#SusPed	7.97943	41	0
#SusPed	7.99946	44	0
#SusPed	8.01949	46	0
#SusPed	8.03952	47	0
#SusPed	8.05955	47	0
#SusPed	8.09828	47	0
#SusPed	8.11831	46	0
#SusPed	8.13835	46	0
#SusPed	8.15838	45	0
#SusPed	8.17841	44	0
#SusPed	8.19844	43	0
#SusPed	8.21847	41	0
#SusPed	8.23851	39	0
#SusPed	8.2572	37	0
#SusPed	8.27724	35	0
#SusPed	8.29727	33	0
#SusPed	8.3173	32	0
#SusPed	8.33733	29	0
#SusPed	8.35603	25	0
#SusPed	8.37606	14	0
#SusPed	8.39609	0	0
#SusPed	9.09855	21	0
#SusPed	9.11992	33	0
#SusPed	9.13995	46	0
#SusPed	9.15998	56	0
#SusPed	9.18001	63	0
#SusPed	9.19871	66	0
#SusPed	9.21874	67	0
#SusPed	9.2588	68	0
#SusPed	9.29753	68	0
#SusPed	9.3376	69	0
#SusPed	9.5259	68	0
#SusPed	9.58466	68	0
#SusPed	9.60469	67	0
#SusPed	9.62472	67	0
#SusPed	9.64342	66	0
#SusPed	9.66345	65	0
#SusPed	9.68348	65	0
#SusPed	9.70352	64	0
#SusPed	9.72221	63	0
#SusPed	9.74224	61	0
#SusPed	9.76228	58	0
#SusPed	9.78231	52	0
#SusPed	9.80234	43	0
#SusPed	9.82237	32	0
#SusPed	9.8424	21	0
#SusPed	9.86244	0	0
#SusPed	10.5061	10	0
#SusPed	10.5262	20	0
#SusPed	10.5462	29	0
#SusPed	10.5649	36	0
#SusPed	10.5849	44	0
#SusPed	10.605	52	0
#SusPed	10.625	59	0
#SusPed	10.645	63	0
#SusPed	10.6637	65	0
#SusPed	10.6837	66	0
#SusPed	10.7038	68	0
#SusPed	10.7225	69	0
#SusPed	10.7425	70	0
#SusPed	10.7625	71	0
#SusPed	10.7826	72	0
#SusPed	10.9602	71	0
#SusPed	10.9802	71	0
#SusPed	10.9989	70	0
#SusPed	11.019	70	0
#SusPed	11.039	68	0
#SusPed	11.059	64	0
#SusPed	11.079	54	0
#SusPed	11.0977	33	0
#SusPed	11.1178	0	0
#SusPed	11.1966	16	0
#SusPed	11.2166	32	0
#SusPed	11.2366	44	0
#SusPed	11.258	56	0
#SusPed	11.278	65	0
#SusPed	11.2967	71	0
#SusPed	11.3168	73	0
#SusPed	11.3568	74	0
#SusPed	11.3769	75	0
#SusPed	11.3956	75	0
#SusPed	11.4156	76	0
#SusPed	11.4463	76	0
#SusPed	11.465	77	0
#SusPed	11.485	78	0
#SusPed	11.5051	79	0
#SusPed	11.5251	80	0
#SusPed	11.5451	81	0
#SusPed	11.5638	82	0
#SusPed	11.6827	81	0
#SusPed	11.7027	80	0
#SusPed	11.7214	76	0
#SusPed	11.7414	67	0
#SusPed	11.7615	56	0
#SusPed	11.7815	31	0
#SusPed	11.8015	0	0
#SusPed	11.9004	19	0
#SusPed	11.9204	35	0
#SusPed	11.9404	50	0
#SusPed	11.9605	63	0
#SusPed	11.9805	74	0
#SusPed	11.9992	81	0
#SusPed	12.098	82	0
#SusPed	12.118	83	0
#SusPed	12.1381	84	0
#SusPed	12.1581	85	0
#SusPed	12.1781	87	0
#SusPed	12.1968	87	0
#SusPed	12.2556	88	0
#SusPed	12.4452	87	0
#SusPed	12.4653	86	0
#SusPed	12.4853	84	0
#SusPed	12.5053	81	0
#SusPed	12.5254	78	0
#SusPed	12.5454	74	0
#SusPed	12.5641	70	0
#SusPed	12.5841	65	0
#SusPed	12.6042	62	0
#SusPed	12.6242	57	0
#SusPed	12.6442	50	0
#SusPed	12.6629	41	0
#SusPed	12.6829	31	0
#SusPed	12.703	19	0
#SusPed	12.723	0	0
#SusPed	13.1984	17	0
#SusPed	13.2185	26	0
#SusPed	13.2385	33	0
#SusPed	13.2572	41	0
#SusPed	13.2772	50	0
#SusPed	13.2973	58	0
#SusPed	13.3173	63	0
#SusPed	13.3373	66	0
#SusPed	13.356	67	0
#SusPed	13.3761	68	0
#SusPed	13.3974	70	0
#SusPed	13.4268	71	0
#SusPed	13.4468	72	0
#SusPed	13.4869	73	0
#SusPed	13.7433	72	0
#SusPed	13.7633	72	0
#SusPed	13.7834	71	0
#SusPed	13.8034	70	0
#SusPed	13.8221	69	0
#SusPed	13.8421	68	0
#SusPed	13.8622	66	0
#SusPed	13.8822	64	0
#SusPed	13.9022	62	0
#SusPed	13.9223	58	0
#SusPed	13.941	53	0
#SusPed	13.961	45	0
#SusPed	13.981	37	0
#SusPed	14.0011	30	0
#SusPed	14.0198	24	0
#SusPed	14.0398	14	0
#SusPed	14.0598	0	0
#SusPed	14.6047	18	0
#SusPed	14.6247	38	0
#SusPed	14.6448	51	0
#SusPed	14.6634	61	0
#SusPed	14.6835	66	0
#SusPed	14.7035	68	0
#SusPed	14.7235	68	0
#SusPed	14.7436	69	0
#SusPed	14.7623	71	0
#SusPed	14.7823	72	0
#SusPed	14.8023	74	0
#SusPed	14.8224	75	0
#SusPed	14.8424	77	0
#SusPed	14.8624	77	0
#SusPed	14.8825	78	0
#SusPed	15.1789	77	0
#SusPed	15.2177	77	0
#SusPed	15.2377	76	0
#SusPed	15.2577	75	0
#SusPed	15.2778	74	0
#SusPed	15.2965	72	0
#SusPed	15.3165	70	0
#SusPed	15.3365	68	0
#SusPed	15.3566	66	0
#SusPed	15.3766	63	0
#SusPed	15.3953	60	0
#SusPed	15.4153	57	0
#SusPed	15.446	52	0
#SusPed	15.4647	46	0
#SusPed	15.4848	40	0
#SusPed	15.5048	36	0
#SusPed	15.5262	31	0
#SusPed	15.5462	25	0
#SusPed	15.5662	17	0
#SusPed	15.5863	0	0
#SusPed	16.1004	11	0
#SusPed	16.1204	28	0
#SusPed	16.1391	38	0
#SusPed	16.1592	47	0
#SusPed	16.1792	54	0
#SusPed	16.1979	58	0
#SusPed	16.2179	61	0
#SusPed	16.238	63	0
#SusPed	16.258	66	0
#SusPed	16.278	67	0
#SusPed	16.2967	70	0
#SusPed	16.3168	71	0
#SusPed	16.3368	75	0
#SusPed	16.3568	80	0
#SusPed	16.3769	84	0
#SusPed	16.3955	90	0
#SusPed	16.4156	110	0
#SusPed	16.4463	127	0
#SusPed	16.6853	85	0
#SusPed	16.704	65	0
#SusPed	16.7241	52	0
#SusPed	16.7441	31	0
#SusPed	16.7628	18	0
#SusPed	16.7828	21	0
#SusPed	16.8029	31	0
#SusPed	16.8229	41	0
#SusPed	16.8429	52	0
#SusPed	16.8616	63	0
#SusPed	16.8817	73	0
#SusPed	16.9017	83	0
#SusPed	16.9217	88	0
#SusPed	16.9418	91	0
#SusPed	16.9605	96	0
#SusPed	16.9805	101	0
#SusPed	17.0005	105	0
#SusPed	17.0192	108	0
#SusPed	17.0392	109	0
#SusPed	17.0593	110	0
#SusPed	17.1381	108	0
#SusPed	17.1581	101	0
#SusPed	17.1781	89	0
#SusPed	17.1982	77	0
#SusPed	17.2182	69	0
#SusPed	17.2369	65	0
#SusPed	17.2569	64	0
#SusPed	17.3758	63	0
#SusPed	17.3945	60	0
#SusPed	17.4145	48	0
#SusPed	17.4452	15	0
#SusPed	17.4653	0	0
#SusPed	17.5627	23	0
#SusPed	17.5828	33	0
#SusPed	17.6028	41	0
#SusPed	17.6228	52	0
#SusPed	17.6429	62	0
#SusPed	17.6642	67	0
#SusPed	17.6843	73	0
#SusPed	17.703	74	0
#SusPed	17.723	74	0
#SusPed	17.743	75	0
#SusPed	17.8419	74	0
#SusPed	17.8606	69	0
#SusPed	17.8806	64	0
#SusPed	17.9006	62	0
#SusPed	17.9407	64	0
#SusPed	17.9607	66	0
#SusPed	17.9808	68	0
#SusPed	18.0008	69	0
#SusPed	18.0208	69	0
#SusPed	18.0408	64	0
#SusPed	18.0595	53	0
#SusPed	18.0796	20	0
#SusPed	18.0996	0	0
#SusPed	18.1383	21	0
#SusPed	18.1584	34	0
#SusPed	18.1784	47	0
#SusPed	18.1984	61	0
#SusPed	18.2185	69	0
#SusPed	18.2385	71	0
#SusPed	18.2585	66	0
#SusPed	18.2772	59	0
#SusPed	18.2973	47	0
#SusPed	18.3173	41	0
#SusPed	18.3373	50	0
#SusPed	18.3574	63	0
#SusPed	18.3774	87	0
#SusPed	18.3961	127	0
#SusPed	18.6832	101	0
#SusPed	18.7032	73	0
#SusPed	18.7233	56	0
#SusPed	18.7433	32	0
#SusPed	18.7633	0	0
#SusPed	18.8034	16	0
#SusPed	18.8234	32	0
#SusPed	18.8435	47	0
#SusPed	18.8635	60	0
#SusPed	18.8835	72	0
#SusPed	18.9022	81	0
#SusPed	18.961	82	0
#SusPed	18.981	84	0
#SusPed	19.001	85	0
#SusPed	19.0411	85	0
#SusPed	19.0598	86	0
#SusPed	19.0798	87	0
#SusPed	19.0999	89	0
#SusPed	19.1186	89	0
#SusPed	19.2575	88	0
#SusPed	19.2775	87	0
#SusPed	19.2975	84	0
#SusPed	19.3162	80	0
#SusPed	19.3363	78	0
#SusPed	19.3563	75	0
#SusPed	19.3763	73	0
#SusPed	19.3963	71	0
#SusPed	19.4257	69	0
#SusPed	19.4458	66	0
#SusPed	19.4658	63	0
#SusPed	19.4858	57	0
#SusPed	19.5045	47	0
#SusPed	19.5246	30	0
#SusPed	19.5446	0	0
#SusPed	20.0801	10	0
#SusPed	20.1001	16	0
#SusPed	20.1202	22	0
#SusPed	20.1402	29	0
#SusPed	20.1589	35	0
#SusPed	20.1789	43	0
#SusPed	20.199	51	0
#SusPed	20.219	59	0
#SusPed	20.2377	65	0
#SusPed	20.2577	69	0
#SusPed	20.2778	73	0
#SusPed	20.2978	77	0
#SusPed	20.3165	81	0
#SusPed	20.3365	83	0
#SusPed	20.3566	84	0
#SusPed	20.3766	85	0
#SusPed	20.3966	86	0
#SusPed	20.426	86	0
#SusPed	20.4661	87	0
#SusPed	20.7812	86	0
#SusPed	20.8013	86	0
#SusPed	20.8213	85	0
#SusPed	20.8413	84	0
#SusPed	20.8627	82	0
#SusPed	20.8827	79	0
#SusPed	20.9014	76	0
#SusPed	20.9215	73	0
#SusPed	20.9415	69	0
#SusPed	20.9602	66	0
#SusPed	20.9802	63	0
#SusPed	20.9989	59	0
#SusPed	21.0189	53	0
#SusPed	21.039	46	0
#SusPed	21.0577	38	0
#SusPed	21.0777	33	0
#SusPed	21.0977	28	0
#SusPed	21.1178	21	0
#SusPed	21.1378	0	0
#SusPed	21.6212	10	0
#SusPed	21.6413	25	0
#SusPed	21.6613	35	0
#SusPed	21.6813	43	0
#SusPed	21.7014	52	0
#SusPed	21.7214	59	0
#SusPed	21.7414	64	0
#SusPed	21.7601	68	0
#SusPed	21.7802	73	0
#SusPed	21.8002	77	0
#SusPed	21.8202	80	0
#SusPed	21.8403	84	0
#SusPed	21.859	88	0
#SusPed	21.879	94	0
#SusPed	21.899	98	0
#SusPed	21.9204	99	0
#SusPed	21.9604	100	0
#SusPed	22.0005	100	0
#SusPed	22.0392	101	0
#SusPed	22.0593	101	0
#SusPed	22.1982	98	0
#SusPed	22.2182	79	0
#SusPed	22.2382	63	0
#SusPed	22.2569	45	0
#SusPed	22.277	0	0
#SusPed	22.3357	26	0
#SusPed	22.3557	41	0
#SusPed	22.3758	56	0
#SusPed	22.3958	73	0
#SusPed	22.4158	111	0
#SusPed	22.4452	113	0
#SusPed	22.4853	114	0
#SusPed	22.5053	117	0
#SusPed	22.524	127	0
#SusPed	22.9994	100	0
#SusPed	23.0195	65	0
#SusPed	23.0395	47	0
#SusPed	23.0595	0	0
#SusPed	23.0983	9	0
#SusPed	23.1183	33	0
#SusPed	23.1383	49	0
#SusPed	23.1584	66	0
#SusPed	23.1784	127	0
#SusPed	24.7222	73	0
#SusPed	24.7422	60	0
#SusPed	24.7623	49	0
#SusPed	24.7823	48	0
#SusPed	24.801	55	0
#SusPed	24.821	62	0
#SusPed	24.8411	70	0
#SusPed	24.8611	79	0
#SusPed	24.8811	86	0
#SusPed	24.8998	87	0
#SusPed	24.9399	86	0
#SusPed	24.9572	84	0
#SusPed	24.9773	83	0
#SusPed	24.9973	82	0
#SusPed	25.0173	79	0
#SusPed	25.0374	72	0
#SusPed	25.0574	64	0
#SusPed	25.0774	55	0
#SusPed	25.0975	33	0
#SusPed	25.1175	0	0
#SusPed	25.5235	23	0
#SusPed	25.5435	39	0
#SusPed	25.5622	53	0
#SusPed	25.5822	64	0
#SusPed	25.6023	71	0
#SusPed	25.6223	72	0
#SusPed	25.7412	72	0
#SusPed	25.7612	70	0
#SusPed	25.7812	68	0
#SusPed	25.7999	66	0
#SusPed	25.82	63	0
#SusPed	25.84	60	0
#SusPed	25.86	54	0
#SusPed	25.88	47	0
#SusPed	25.8987	38	0
#SusPed	25.9188	27	0
#SusPed	25.9388	0	0
#SusPed	26.2567	27	0
#SusPed	26.2767	40	0
#SusPed	26.2954	54	0
#SusPed	26.3154	65	0
#SusPed	26.3354	75	0
#SusPed	26.3555	79	0
#SusPed	26.3755	80	0
#SusPed	26.3942	82	0
#SusPed	26.4142	87	0
#SusPed	26.445	94	0
#SusPed	26.4636	99	0
#SusPed	26.4837	103	0
#SusPed	26.5037	105	0
#SusPed	26.5237	108	0
#SusPed	26.5438	110	0
#SusPed	26.5625	114	0
#SusPed	26.5825	115	0
#SusPed	26.6025	117	0
#SusPed	26.6813	119	0
#SusPed	26.7615	122	0
#SusPed	26.7815	127	0
#SusPed	26.919	111	0
#SusPed	26.9391	98	0
#SusPed	26.9604	80	0
#SusPed	26.9805	64	0
#SusPed	26.9992	47	0
#SusPed	27.0192	0	0
#SusPed	27.118	27	0
#SusPed	27.1381	46	0
#SusPed	27.1568	62	0
#SusPed	27.1768	92	0
#SusPed	27.1968	127	0
#SusPed	27.5841	95	0
#SusPed	27.6041	67	0
#SusPed	27.6228	54	0
#SusPed	27.6429	46	0
#SusPed	27.6629	52	0
#SusPed	27.6829	62	0
#SusPed	27.703	70	0
#SusPed	27.7217	79	0
#SusPed	27.7417	81	0
#SusPed	27.7818	78	0
#SusPed	27.8018	72	0
#SusPed	27.8205	67	0
#SusPed	27.8405	65	0
#SusPed	27.8605	64	0
#SusPed	27.8806	60	0
#SusPed	27.8993	45	0
#SusPed	27.9193	11	0
#SusPed	27.9393	0	0
#SusPed	28.3573	14	0
#SusPed	28.3774	33	0
#SusPed	28.3961	46	0
#SusPed	28.4161	60	0
#SusPed	28.4455	68	0
#SusPed	28.4655	75	0
#SusPed	28.5443	75	0
#SusPed	28.6632	75	0
#SusPed	28.7032	74	0
#SusPed	28.7233	73	0
#SusPed	28.742	72	0
#SusPed	28.762	71	0
#SusPed	28.782	69	0
#SusPed	28.8021	66	0
#SusPed	28.8221	64	0
#SusPed	28.8408	61	0
#SusPed	28.8608	58	0
#SusPed	28.8808	54	0
#SusPed	28.9009	50	0
#SusPed	28.9209	43	0
#SusPed	28.9396	32	0
#SusPed	28.9596	0	0
#SusPed	29.0985	32	0
#SusPed	29.1172	47	0
#SusPed	29.1373	61	0
#SusPed	29.1573	71	0
#SusPed	29.1773	76	0
#SusPed	29.2174	76	0
#SusPed	29.2374	80	0
#SusPed	29.2561	85	0
#SusPed	29.2761	89	0
#SusPed	29.2962	91	0
#SusPed	29.3162	93	0
#SusPed	29.3362	95	0
#SusPed	29.3549	97	0
#SusPed	29.375	103	0
#SusPed	29.3963	115	0
#SusPed	29.4164	127	0
#SusPed	29.7035	88	0
#SusPed	29.7235	66	0
#SusPed	29.7422	52	0
#SusPed	29.7623	22	0
#SusPed	29.7823	0	0
#SusPed	29.8611	25	0
#SusPed	29.8811	39	0
#SusPed	29.9011	53	0
#SusPed	29.9212	65	0
#SusPed	29.9399	86	0
#SusPed	29.9599	102	0
#SusPed	29.9799	106	0
#SusPed	29.9986	111	0
#SusPed	30.0187	127	0
#SusPed	30.3552	97	0
#SusPed	30.3752	70	0
#SusPed	30.3953	55	0
#SusPed	30.4246	39	0
#SusPed	30.466	52	0
#SusPed	30.4861	62	0
#SusPed	30.5048	73	0
#SusPed	30.5248	82	0
#SusPed	30.5635	81	0
#SusPed	30.5836	75	0
#SusPed	30.6036	68	0
#SusPed	30.6236	63	0
#SusPed	30.6437	58	0
#SusPed	30.6624	50	0
#SusPed	30.6824	32	0
#SusPed	30.7024	0	0
#SusPed	31.1578	24	0
#SusPed	31.1779	38	0
#SusPed	31.1966	52	0
#SusPed	31.2166	64	0
#SusPed	31.2366	74	0
#SusPed	31.2566	79	0
#SusPed	31.2767	80	0
#SusPed	31.2954	81	0
#SusPed	31.3154	86	0
#SusPed	31.3354	92	0
#SusPed	31.3555	96	0
#SusPed	31.3755	99	0
#SusPed	31.3955	103	0
#SusPed	31.4142	105	0
#SusPed	31.4449	106	0
#SusPed	31.4837	107	0
#SusPed	31.6239	108	0
#SusPed	31.8215	107	0
#SusPed	31.8416	103	0
#SusPed	31.8603	96	0
#SusPed	31.8803	92	0
#SusPed	31.9003	88	0
#SusPed	31.9204	83	0
#SusPed	31.9404	78	0
#SusPed	31.9604	72	0
#SusPed	31.9805	67	0
#SusPed	32.0005	61	0
#SusPed	32.0205	53	0
#SusPed	32.0392	41	0
#SusPed	32.0593	24	0
#SusPed	32.0793	0	0
#SusPed	32.7617	22	0
#SusPed	32.7818	32	0
#SusPed	32.8018	43	0
#SusPed	32.8218	54	0
#SusPed	32.8418	64	0
#SusPed	32.8605	75	0
#SusPed	32.8806	86	0
#SusPed	32.9006	88	0
#SusPed	32.9193	91	0
#SusPed	32.9393	95	0
#SusPed	32.9594	101	0
#SusPed	32.9794	109	0
#SusPed	32.9994	127	0
#SusPed	33.1784	84	0
#SusPed	33.1971	63	0
#SusPed	33.2171	48	0
#SusPed	33.2371	39	0
#SusPed	33.2572	49	0
#SusPed	33.2772	61	0
#SusPed	33.2959	71	0
#SusPed	33.3159	85	0
#SusPed	33.336	92	0
#SusPed	33.376	91	0
#SusPed	33.3947	83	0
#SusPed	33.4148	75	0
#SusPed	33.4455	68	0
#SusPed	33.4642	62	0
#SusPed	33.4842	51	0
#SusPed	33.5042	28	0
#SusPed	33.5243	0	0
#SusPed	33.9997	20	0
#SusPed	34.0184	37	0
#SusPed	34.0384	53	0
#SusPed	34.0585	64	0
#SusPed	34.0785	75	0
#SusPed	34.0985	80	0
#SusPed	34.1172	81	0
#SusPed	34.1373	81	0
#SusPed	34.1573	84	0
#SusPed	34.1773	87	0
#SusPed	34.1973	92	0
#SusPed	34.2174	95	0
#SusPed	34.2374	99	0
#SusPed	34.2574	104	0
#SusPed	34.2775	114	0
#SusPed	34.2962	127	0
#SusPed	34.5633	88	0
#SusPed	34.5833	63	0
#SusPed	34.6033	47	0
#SusPed	34.6234	40	0
#SusPed	34.6434	50	0
#SusPed	34.6621	64	0
#SusPed	34.6821	83	0
#SusPed	34.7022	107	0
#SusPed	34.7422	85	0
#SusPed	34.7623	64	0
#SusPed	34.7823	41	0
#SusPed	34.8023	0	0
#SusPed	34.8811	22	0
#SusPed	34.9011	43	0
#SusPed	34.9212	62	0
#SusPed	34.9412	90	0
#SusPed	34.9599	127	0
#SusPed	35.4647	82	0
#SusPed	35.4847	62	0
#SusPed	35.5034	44	0
#SusPed	35.5235	0	0
#SusPed	35.5635	28	0
#SusPed	35.5822	43	0
#SusPed	35.6023	58	0
#SusPed	35.6223	75	0
#SusPed	35.6423	127	0
#SusPed	35.9602	80	0
#SusPed	35.9802	58	0
#SusPed	36.0002	31	0
#SusPed	36.0203	24	0
#SusPed	36.0403	39	0
#SusPed	36.059	53	0
#SusPed	36.079	70	0
#SusPed	36.0991	109	0
#SusPed	36.1191	127	0
#SusPed	36.1578	119	0
#SusPed	36.1778	76	0
#SusPed	36.1979	54	0
#SusPed	36.2179	0	0
#SusPed	36.2967	28	0
#SusPed	36.3167	48	0
#SusPed	36.3354	64	0
#SusPed	36.3555	103	0
#SusPed	36.3755	127	0
#SusPed	36.9204	85	0
#SusPed	36.9404	59	0
#SusPed	36.9604	12	0
#SusPed	36.9805	0	0
#SusPed	37.0593	16	0
#SusPed	37.0793	38	0
#SusPed	37.0993	58	0
#SusPed	37.1194	76	0
#SusPed	37.1394	98	0
#SusPed	37.1581	105	0
#SusPed	37.1781	114	0
#SusPed	37.1981	127	0
#SusPed	37.5641	100	0
#SusPed	37.5841	79	0
#SusPed	37.6028	64	0
#SusPed	37.6228	51	0
#SusPed	37.6429	26	0
#SusPed	37.6616	0	0
#SusPed	40.4233	14	0
#SusPed	40.4433	22	0
#SusPed	40.4634	30	0
#SusPed	40.4834	38	0
#SusPed	40.5034	46	0
#SusPed	40.5235	53	0
#SusPed	40.5435	58	0
#SusPed	40.5635	61	0
#SusPed	40.5822	62	0
#SusPed	40.6824	62	0
#SusPed	40.7011	63	0
#SusPed	40.7612	63	0
#SusPed	40.9188	60	0
#SusPed	40.9388	51	0
#SusPed	40.9575	36	0
#SusPed	40.9775	25	0
#SusPed	40.9976	28	0
#SusPed	41.0176	35	0
#SusPed	41.0376	46	0
#SusPed	41.0563	59	0
#SusPed	41.0763	70	0
#SusPed	41.0964	84	0
#SusPed	41.1164	87	0
#SusPed	41.1565	81	0
#SusPed	41.1765	73	0
#SusPed	41.1965	70	0
#SusPed	41.2366	71	0
#SusPed	41.2553	74	0
#SusPed	41.2753	79	0
#SusPed	41.2954	86	0
#SusPed	41.3154	88	0
#SusPed	41.4236	87	0
#SusPed	41.4436	87	0
#SusPed	41.7013	86	0
#SusPed	41.7414	86	0
#SusPed	41.8002	85	0
#SusPed	41.8603	85	0
#SusPed	41.8803	84	0
#SusPed	41.899	84	0
#SusPed	41.919	83	0
#SusPed	41.9391	82	0
#SusPed	41.9578	81	0
#SusPed	41.9778	79	0
#SusPed	41.9978	77	0
#SusPed	42.0179	72	0
#SusPed	42.0379	64	0
#SusPed	42.0566	52	0
#SusPed	42.0766	27	0
#SusPed	42.0966	0	0
#SusPed	42.1554	10	0
#SusPed	42.1754	26	0
#SusPed	42.1968	40	0
#SusPed	42.2168	53	0
#SusPed	42.2369	64	0
#SusPed	42.2556	80	0
#SusPed	42.2756	93	0
#SusPed	42.3744	93	0
#SusPed	42.504	94	0
#SusPed	42.524	94	0
#SusPed	43.3747	94	0
#SusPed	43.3947	93	0
#SusPed	43.4148	92	0
#SusPed	43.4455	90	0
#SusPed	43.4642	87	0
#SusPed	43.4842	83	0
#SusPed	43.5042	80	0
#SusPed	43.5243	77	0
#SusPed	43.5443	72	0
#SusPed	43.563	67	0
#SusPed	43.583	62	0
#SusPed	43.6031	54	0
#SusPed	43.6218	43	0
#SusPed	43.6418	29	0
#SusPed	43.6618	0	0
#SusPed	44.0384	12	0
#SusPed	44.0571	21	0
#SusPed	44.0771	26	0
#SusPed	44.0972	31	0
#SusPed	44.1172	36	0
#SusPed	44.1372	43	0
#SusPed	44.1559	51	0
#SusPed	44.176	57	0
#SusPed	44.196	62	0
#SusPed	44.216	64	0
#SusPed	44.2361	67	0
#SusPed	44.2548	70	0
#SusPed	44.2748	74	0
#SusPed	44.2948	79	0
#SusPed	44.3149	82	0
#SusPed	44.3362	83	0
#SusPed	44.3549	84	0
#SusPed	44.375	84	0
#SusPed	44.6621	84	0
#SusPed	44.7021	83	0
#SusPed	44.7222	82	0
#SusPed	44.7409	81	0
#SusPed	44.7609	80	0
#SusPed	44.7809	79	0
#SusPed	44.801	78	0
#SusPed	44.821	77	0
#SusPed	44.8397	76	0
#SusPed	44.8597	75	0
#SusPed	44.8798	73	0
#SusPed	44.8985	71	0
#SusPed	44.9185	69	0
#SusPed	44.9385	66	0
#SusPed	44.9586	63	0
#SusPed	44.9786	61	0
#SusPed	44.9973	57	0
#SusPed	45.0173	51	0
#SusPed	45.0373	44	0
#SusPed	45.0574	36	0
#SusPed	45.0774	27	0
#SusPed	45.0974	11	0
#SusPed	45.1175	0	0
#SusPed	45.4834	10	0
#SusPed	45.5034	19	0
#SusPed	45.5235	26	0
#SusPed	45.5435	31	0
#SusPed	45.5635	36	0
#SusPed	45.5822	43	0
#SusPed	45.6023	52	0
#SusPed	45.6223	60	0
#SusPed	45.6423	64	0
#SusPed	45.6623	66	0
#SusPed	45.6824	68	0
#SusPed	45.7024	71	0
#SusPed	45.7224	74	0
#SusPed	45.7411	77	0
#SusPed	45.7612	78	0
#SusPed	45.7812	80	0
#SusPed	45.8012	81	0
#SusPed	45.8213	82	0
#SusPed	45.84	83	0
#SusPed	45.86	83	0
#SusPed	46.2954	81	0
#SusPed	46.3154	73	0
#SusPed	46.3354	62	0
#SusPed	46.3541	47	0
#SusPed	46.3742	24	0
#SusPed	46.3942	21	0
#SusPed	46.4142	29	0
#SusPed	46.4423	36	0
#SusPed	46.4636	42	0
#SusPed	46.4837	49	0
#SusPed	46.5037	52	0
#SusPed	46.5438	51	0
#SusPed	46.5625	48	0
#SusPed	46.5825	44	0
#SusPed	46.6025	38	0
#SusPed	46.6225	29	0
#SusPed	46.6426	12	0
#SusPed	46.6613	0	0
#SusPed	47.1567	18	0
#SusPed	47.1768	32	0
#SusPed	47.1955	41	0
#SusPed	47.2155	51	0
#SusPed	47.2355	60	0
#SusPed	47.2542	67	0
#SusPed	47.2743	70	0
#SusPed	47.2943	71	0
#SusPed	47.5026	70	0
#SusPed	47.5227	68	0
#SusPed	47.544	63	0
#SusPed	47.5627	49	0
#SusPed	47.5828	24	0
#SusPed	47.6028	0	0
#SusPed	47.6228	11	0
#SusPed	47.6428	30	0
#SusPed	47.6615	42	0
#SusPed	47.6816	55	0
#SusPed	47.7016	67	0
#SusPed	47.7216	77	0
#SusPed	47.7604	71	0
#SusPed	47.7804	63	0
#SusPed	47.8004	50	0
#SusPed	47.8205	28	0
#SusPed	47.8405	29	0
#SusPed	47.8605	40	0
#SusPed	47.8792	52	0
#SusPed	47.8993	62	0
#SusPed	47.9193	70	0
#SusPed	47.9393	74	0
#SusPed	47.9594	71	0
#SusPed	47.9794	64	0
#SusPed	47.9994	52	0
#SusPed	48.0181	32	0
#SusPed	48.0381	22	0
#SusPed	48.0582	31	0
#SusPed	48.0782	45	0
#SusPed	48.0969	57	0
#SusPed	48.1169	64	0
#SusPed	48.137	69	0
#SusPed	48.157	68	0
#SusPed	48.177	63	0
#SusPed	48.1957	50	0
#SusPed	48.2158	30	0
#SusPed	48.2358	11	0
#SusPed	48.2558	19	0
#SusPed	48.2759	34	0
#SusPed	48.2946	46	0
#SusPed	48.3146	61	0
#SusPed	48.3346	71	0
#SusPed	48.3533	78	0
#SusPed	48.3934	76	0
#SusPed	48.4134	72	0
#SusPed	48.4441	64	0
#SusPed	48.4628	50	0
#SusPed	48.4829	31	0
#SusPed	48.5029	26	0
#SusPed	48.5229	34	0
#SusPed	48.5416	44	0
#SusPed	48.5617	55	0
#SusPed	48.5817	65	0
#SusPed	48.603	72	0
#SusPed	48.6231	74	0
#SusPed	48.6618	74	0
#SusPed	48.6818	70	0
#SusPed	48.7019	62	0
#SusPed	48.7219	46	0
#SusPed	48.7419	22	0
#SusPed	48.7606	11	0
#SusPed	48.7807	22	0
#SusPed	48.8007	37	0
#SusPed	48.8207	51	0
#SusPed	48.8408	67	0
#SusPed	48.8595	99	0
#SusPed	48.8795	127	0
#SusPed	48.8995	111	0
#SusPed	48.9182	105	0
#SusPed	48.9383	95	0
#SusPed	48.9583	74	0
#SusPed	48.9783	61	0
#SusPed	48.9983	46	0
#SusPed	49.0184	41	0
#SusPed	49.0384	49	0
#SusPed	49.0584	61	0
#SusPed	49.0785	76	0
#SusPed	49.0972	115	0
#SusPed	49.1172	127	0
#SusPed	49.2761	91	0
#SusPed	49.2948	72	0
#SusPed	49.3149	60	0
#SusPed	49.3349	40	0
#SusPed	49.3536	18	0
#SusPed	49.3736	14	0
#SusPed	49.3936	22	0
#SusPed	49.4137	33	0
#SusPed	49.4444	44	0
#SusPed	49.4631	56	0
#SusPed	49.4831	68	0
#SusPed	49.5032	81	0
#SusPed	49.5232	84	0
#SusPed	49.6634	83	0
#SusPed	49.7021	83	0
#SusPed	49.7422	82	0
#SusPed	49.7609	81	0
#SusPed	49.7809	81	0
#SusPed	49.801	79	0
#SusPed	49.821	78	0
#SusPed	49.841	76	0
#SusPed	49.8597	73	0
#SusPed	49.8798	70	0
#SusPed	49.8998	66	0
#SusPed	49.9198	63	0
#SusPed	49.9385	58	0
#SusPed	49.9586	51	0
#SusPed	49.9786	44	0
#SusPed	49.9986	40	0
#SusPed	50.0186	38	0
#SusPed	50.0373	36	0
#SusPed	50.0574	34	0
#SusPed	50.0774	32	0
#SusPed	50.0974	29	0
#SusPed	50.1175	23	0
#SusPed	50.1375	18	0
#SusPed	50.1575	8	0
#SusPed	50.1762	0	0
#SusPed	50.9001	26	0
#SusPed	50.9201	39	0
#SusPed	50.9401	50	0
#SusPed	50.9588	59	0
#SusPed	50.9788	63	0
#SusPed	50.9989	65	0
#SusPed	51.0189	65	0
#SusPed	51.2954	65	0
#SusPed	51.3354	64	0
#SusPed	51.3555	64	0
#SusPed	51.3755	63	0
#SusPed	51.3942	61	0
#SusPed	51.4236	60	0
#SusPed	51.4436	58	0
#SusPed	51.4623	57	0
#SusPed	51.4823	55	0
#SusPed	51.5024	53	0
#SusPed	51.5224	49	0
#SusPed	51.5424	46	0
#SusPed	51.5624	43	0
#SusPed	51.5825	41	0
#SusPed	51.6025	38	0
#SusPed	51.6212	34	0
#SusPed	51.6412	23	0
#SusPed	51.6613	0	0
#SusPed	52.4145	8	0
#SusPed	52.4439	18	0
#SusPed	52.4639	25	0
#SusPed	52.4839	30	0
#SusPed	52.5026	34	0
#SusPed	52.5227	41	0
#SusPed	52.5427	51	0
#SusPed	52.5614	59	0
#SusPed	52.5814	64	0
#SusPed	52.6014	67	0
#SusPed	52.6215	68	0
#SusPed	52.6602	69	0
#SusPed	52.7003	68	0
#SusPed	52.7203	65	0
#SusPed	52.7403	61	0
#SusPed	52.7604	58	0
#SusPed	52.7804	60	0
#SusPed	52.8004	65	0
#SusPed	52.8191	71	0
#SusPed	52.8392	77	0
#SusPed	52.8605	78	0
#SusPed	52.9193	76	0
#SusPed	52.9393	71	0
#SusPed	52.9593	65	0
#SusPed	52.9794	58	0
#SusPed	52.9994	44	0
#SusPed	53.0194	27	0
#SusPed	53.0395	15	0
#SusPed	53.0582	16	0
#SusPed	53.0782	22	0
#SusPed	53.0982	32	0
#SusPed	53.1183	45	0
#SusPed	53.137	58	0
#SusPed	53.157	70	0
#SusPed	53.177	88	0
#SusPed	53.1971	88	0
#SusPed	53.2358	85	0
#SusPed	53.2558	75	0
#SusPed	53.2759	64	0
#SusPed	53.2959	50	0
#SusPed	53.3159	35	0
#SusPed	53.3346	34	0
#SusPed	53.3546	44	0
#SusPed	53.3747	54	0
#SusPed	53.3934	64	0
#SusPed	53.4134	70	0
#SusPed	53.4441	67	0
#SusPed	53.4642	62	0
#SusPed	53.4842	53	0
#SusPed	53.5029	39	0
#SusPed	53.5229	18	0
#SusPed	53.5429	0	0
#SusPed	53.583	24	0
#SusPed	53.6017	38	0
#SusPed	53.6217	51	0
#SusPed	53.6418	62	0
#SusPed	53.6605	65	0
#SusPed	53.6805	63	0
#SusPed	53.7005	56	0
#SusPed	53.7206	45	0
#SusPed	53.7406	31	0
#SusPed	53.7593	24	0
#SusPed	53.7793	28	0
#SusPed	53.7994	38	0
#SusPed	53.8194	53	0
#SusPed	53.8394	63	0
#SusPed	53.8595	73	0
#SusPed	53.8795	76	0
#SusPed	53.8995	71	0
#SusPed	53.9196	63	0
#SusPed	53.9396	50	0
#SusPed	53.9596	37	0
#SusPed	53.9796	38	0
#SusPed	53.9997	49	0
#SusPed	54.0197	59	0
#SusPed	54.0397	66	0
#SusPed	54.0584	69	0
#SusPed	54.0785	65	0
#SusPed	54.0985	60	0
#SusPed	54.1185	52	0
#SusPed	54.1386	40	0
#SusPed	54.1573	24	0
#SusPed	54.1773	0	0
#SusPed	54.2374	24	0
#SusPed	54.2574	35	0
#SusPed	54.2775	44	0
#SusPed	54.2975	48	0
#SusPed	54.3162	48	0
#SusPed	54.3362	44	0
#SusPed	54.3562	35	0
#SusPed	54.3763	16	0
#SusPed	54.395	0	0
#SusPed	54.5045	27	0
#SusPed	54.5245	41	0
#SusPed	54.5432	51	0
#SusPed	54.5632	54	0
#SusPed	54.5833	50	0
#SusPed	54.6033	40	0
#SusPed	54.6233	16	0
#SusPed	54.6434	0	0
#SusPed	54.7222	14	0
#SusPed	54.7422	35	0
#SusPed	54.7609	49	0
#SusPed	54.7809	60	0
#SusPed	54.801	66	0
#SusPed	54.821	67	0
#SusPed	54.841	63	0
#SusPed	54.8597	60	0
#SusPed	54.8798	62	0
#SusPed	54.8998	69	0
#SusPed	54.9198	84	0
#SusPed	54.9385	100	0
#SusPed	54.9585	101	0
#SusPed	54.9786	99	0
#SusPed	54.9999	88	0
#SusPed	55.02	78	0
#SusPed	55.04	68	0
#SusPed	55.0587	58	0
#SusPed	55.0787	36	0
#SusPed	55.0988	0	0
#SusPed	55.1776	25	0
#SusPed	55.1976	41	0
#SusPed	55.2163	58	0
#SusPed	55.2363	70	0
#SusPed	55.2564	82	0
#SusPed	55.2764	83	0
#SusPed	55.6223	82	0
#SusPed	55.6423	82	0
#SusPed	55.6623	81	0
#SusPed	55.6824	80	0
#SusPed	55.7024	80	0
#SusPed	55.7224	79	0
#SusPed	55.7425	78	0
#SusPed	55.7612	77	0
#SusPed	55.7812	75	0
#SusPed	55.8012	73	0
#SusPed	55.8213	71	0
#SusPed	55.8413	67	0
#SusPed	55.86	63	0
#SusPed	55.88	57	0
#SusPed	55.9001	46	0
#SusPed	55.9201	30	0
#SusPed	55.9401	0	0
#SusPed	56.5224	14	0
#SusPed	56.5424	24	0
#SusPed	56.5624	32	0
#SusPed	56.5825	42	0
#SusPed	56.6012	53	0
#SusPed	56.6212	63	0
#SusPed	56.6412	73	0
#SusPed	56.6613	88	0
#SusPed	56.6813	91	0
#SusPed	56.8576	90	0
#SusPed	56.8976	90	0
#SusPed	56.9764	89	0
#SusPed	56.9965	88	0
#SusPed	57.0165	87	0
#SusPed	57.0365	86	0
#SusPed	57.0552	85	0
#SusPed	57.0753	83	0
#SusPed	57.0953	82	0
#SusPed	57.1153	80	0
#SusPed	57.1367	78	0
#SusPed	57.1554	76	0
#SusPed	57.1754	74	0
#SusPed	57.1955	72	0
#SusPed	57.2155	69	0
#SusPed	57.2355	67	0
#SusPed	57.2542	65	0
#SusPed	57.2742	62	0
#SusPed	57.2943	58	0
#SusPed	57.3143	50	0
#SusPed	57.3343	39	0
#SusPed	57.3544	24	0
#SusPed	57.3744	0	0
#SusPed	57.8392	20	0
#SusPed	57.8578	30	0
#SusPed	57.8779	32	0
#SusPed	57.8979	26	0
#SusPed	57.9179	0	0
#SusPed	58.0168	34	0
#SusPed	58.0368	51	0
#SusPed	58.0555	66	0
#SusPed	58.0755	89	0
#SusPed	58.0956	99	0
#SusPed	58.1156	96	0
#SusPed	58.1343	84	0
#SusPed	58.1543	68	0
#SusPed	58.1744	58	0
#SusPed	58.1957	42	0
#SusPed	58.2158	29	0
#SusPed	58.2358	28	0
#SusPed	58.2545	34	0
#SusPed	58.2745	44	0
#SusPed	58.2945	54	0
#SusPed	58.3146	61	0
#SusPed	58.3346	66	0
#SusPed	58.3533	68	0
#SusPed	58.3733	71	0
#SusPed	58.3934	77	0
#SusPed	58.4134	90	0
#SusPed	58.4428	127	0
#SusPed	58.6404	103	0
#SusPed	58.6605	66	0
#SusPed	58.6805	51	0
#SusPed	58.7005	22	0
#SusPed	58.7192	0	0
#SusPed	58.7593	22	0
#SusPed	58.7793	39	0
#SusPed	58.7994	57	0
#SusPed	58.8194	76	0
#SusPed	58.8394	127	0
#SusPed	59.0558	97	0
#SusPed	59.0758	76	0
#SusPed	59.0958	62	0
#SusPed	59.1159	44	0
#SusPed	59.1359	11	0
#SusPed	59.1546	0	0
#SusPed	59.2147	23	0
#SusPed	59.2334	39	0
#SusPed	59.2547	54	0
#SusPed	59.2748	69	0
#SusPed	59.2948	127	0
#SusPed	59.5619	117	0
#SusPed	59.5819	87	0
#SusPed	59.602	67	0
#SusPed	59.622	53	0
#SusPed	59.6407	29	0
#SusPed	59.6607	0	0
#SusPed	59.7008	11	0
#SusPed	59.7208	30	0
#SusPed	59.7395	45	0
#SusPed	59.7596	61	0
#SusPed	59.7783	85	0
#SusPed	59.7983	127	0
#SusPed	60.1161	90	0
#SusPed	60.1362	68	0
#SusPed	60.1549	53	0
#SusPed	60.1749	28	0
#SusPed	60.1949	0	0
#SusPed	60.2336	26	0
#SusPed	60.2537	39	0
#SusPed	60.2737	55	0
#SusPed	60.2937	71	0
#SusPed	60.3138	127	0
#SusPed	60.7011	81	0
#SusPed	60.7211	58	0
#SusPed	60.7398	37	0
#SusPed	60.7598	18	0
#SusPed	60.7799	25	0
#SusPed	60.7986	40	0
#SusPed	60.8186	57	0
#SusPed	60.8386	93	0
#SusPed	60.8586	127	0
#SusPed	61.1164	102	0
#SusPed	61.1364	65	0
#SusPed	61.1551	48	0
#SusPed	61.1752	20	0
#SusPed	61.1952	0	0
#SusPed	61.2152	25	0
#SusPed	61.2352	40	0
#SusPed	61.2539	57	0
#SusPed	61.274	78	0
#SusPed	61.294	127	0
#SusPed	61.9377	81	0
#SusPed	61.9577	62	0
#SusPed	61.9778	45	0
#SusPed	61.9965	40	0
#SusPed	62.0165	48	0
#SusPed	62.0365	60	0
#SusPed	62.0566	72	0
#SusPed	62.0766	119	0
#SusPed	62.0953	127	0
#SusPed	62.8979	78	0
#SusPed	62.9179	62	0
#SusPed	62.938	45	0
#SusPed	62.9593	30	0
#SusPed	62.9794	33	0
#SusPed	62.9981	45	0
#SusPed	63.0181	57	0
#SusPed	63.0381	70	0
#SusPed	63.0582	122	0
#SusPed	63.0782	127	0
#SusPed	64.5806	105	0
#SusPed	64.602	94	0
#SusPed	64.622	86	0
#SusPed	64.642	79	0
#SusPed	64.6607	73	0
#SusPed	64.6808	69	0
#SusPed	64.7008	66	0
#SusPed	64.7208	63	0
#SusPed	64.7409	60	0
#SusPed	64.7596	57	0
#SusPed	64.7796	53	0
#SusPed	64.7996	51	0
#SusPed	64.8196	50	0
#SusPed	64.8383	49	0
#SusPed	64.8584	48	0
#SusPed	64.8784	46	0
#SusPed	64.8984	44	0
#SusPed	64.9185	41	0
#SusPed	64.9385	40	0
#SusPed	64.9585	38	0
#SusPed	64.9772	37	0
#SusPed	64.9973	35	0
#SusPed	65.0173	33	0
#SusPed	65.0373	32	0
#SusPed	65.0574	30	0
#SusPed	65.0774	29	0
#SusPed	65.0961	28	0
#SusPed	65.1161	27	0
#SusPed	65.1362	25	0
#SusPed	65.1562	24	0
#SusPed	65.1762	23	0
#SusPed	65.1949	20	0
#SusPed	65.2149	11	0
#SusPed	65.235	0	0
#SusPed	65.5608	10	0
#SusPed	65.5809	23	0
#SusPed	65.6009	32	0
#SusPed	65.6209	39	0
#SusPed	65.6396	47	0
#SusPed	65.661	55	0
#SusPed	65.681	61	0
#SusPed	65.7011	64	0
#SusPed	65.7211	67	0
#SusPed	65.7411	69	0
#SusPed	65.7598	70	0
#SusPed	65.7798	70	0
#SusPed	65.9187	69	0
#SusPed	65.9374	65	0
#SusPed	65.9575	57	0
#SusPed	65.9775	37	0
#SusPed	65.9975	0	0
#SusPed	66.0763	13	0
#SusPed	66.0964	31	0
#SusPed	66.1164	43	0
#SusPed	66.1364	55	0
#SusPed	66.1565	64	0
#SusPed	66.1765	72	0
#SusPed	66.1952	75	0
#SusPed	66.2352	76	0
#SusPed	66.2553	77	0
#SusPed	66.2753	78	0
#SusPed	66.294	80	0
#SusPed	66.314	82	0
#SusPed	66.3341	83	0
#SusPed	66.3528	84	0
#SusPed	66.3728	85	0
#SusPed	66.3928	85	0
#SusPed	66.4222	86	0
#SusPed	66.4623	86	0
#SusPed	66.4823	87	0
#SusPed	66.6399	86	0
#SusPed	66.6599	86	0
#SusPed	66.68	83	0
#SusPed	66.7	74	0
#SusPed	66.72	62	0
#SusPed	66.7414	47	0
#SusPed	66.7601	26	0
#SusPed	66.7801	18	0
#SusPed	66.8001	24	0
#SusPed	66.8202	34	0
#SusPed	66.8402	46	0
#SusPed	66.8589	57	0
#SusPed	66.8789	66	0
#SusPed	66.899	77	0
#SusPed	66.919	83	0
#SusPed	66.9377	85	0
#SusPed	66.9577	87	0
#SusPed	66.9778	89	0
#SusPed	66.9978	90	0
#SusPed	67.0178	91	0
#SusPed	67.0566	91	0
#SusPed	67.1554	91	0
#SusPed	67.1754	89	0
#SusPed	67.1954	87	0
#SusPed	67.2155	84	0
#SusPed	67.2355	81	0
#SusPed	67.2542	79	0
#SusPed	67.2742	77	0
#SusPed	67.2943	76	0
#SusPed	67.3143	75	0
#SusPed	67.3343	73	0
#SusPed	67.3544	72	0
#SusPed	67.3744	70	0
#SusPed	67.3931	68	0
#SusPed	67.4131	66	0
#SusPed	67.4425	64	0
#SusPed	67.4612	62	0
#SusPed	67.4812	59	0
#SusPed	67.5013	54	0
#SusPed	67.5213	50	0
#SusPed	67.5413	46	0
#SusPed	67.5614	45	0
#SusPed	67.6014	45	0
#SusPed	67.6215	44	0
#SusPed	67.6402	42	0
#SusPed	67.6602	38	0
#SusPed	67.6802	31	0
#SusPed	67.7003	17	0
#SusPed	67.7203	0	0
#SusPed	67.8592	25	0
#SusPed	67.8792	34	0
#SusPed	67.8992	42	0
#SusPed	67.9193	50	0
#SusPed	67.9393	57	0
#SusPed	67.9593	61	0
#SusPed	67.9794	63	0
#SusPed	67.9994	63	0
#SusPed	68.137	63	0
#SusPed	68.157	61	0
#SusPed	68.177	54	0
#SusPed	68.1957	38	0
#SusPed	68.2157	12	0
#SusPed	68.2358	0	0
#SusPed	68.3146	20	0
#SusPed	68.3346	30	0
#SusPed	68.3546	40	0
#SusPed	68.3747	49	0
#SusPed	68.3934	57	0
#SusPed	68.4134	63	0
#SusPed	68.4441	67	0
#SusPed	68.4628	69	0
#SusPed	68.4828	70	0
#SusPed	68.5029	72	0
#SusPed	68.5229	73	0
#SusPed	68.5429	74	0
#SusPed	68.5616	75	0
#SusPed	68.5817	75	0
#SusPed	68.6017	76	0
#SusPed	68.6217	76	0
#SusPed	68.7793	76	0
#SusPed	68.7993	74	0
#SusPed	68.8194	72	0
#SusPed	68.8394	67	0
#SusPed	68.8594	58	0
#SusPed	68.8795	33	0
#SusPed	68.8995	0	0
#SusPed	68.9783	9	0
#SusPed	68.9983	30	0
#SusPed	69.0184	41	0
#SusPed	69.0384	53	0
#SusPed	69.0584	62	0
#SusPed	69.0785	69	0
#SusPed	69.0985	73	0
#SusPed	69.1172	74	0
#SusPed	69.1372	75	0
#SusPed	69.1572	77	0
#SusPed	69.1773	79	0
#SusPed	69.1973	80	0
#SusPed	69.2173	81	0
#SusPed	69.236	83	0
#SusPed	69.2561	83	0
#SusPed	69.2948	84	0
#SusPed	69.3148	84	0
#SusPed	69.3349	85	0
#SusPed	69.3549	86	0
#SusPed	69.3749	87	0
#SusPed	69.5432	84	0
#SusPed	69.5619	74	0
#SusPed	69.5819	62	0
#SusPed	69.602	47	0
#SusPed	69.622	21	0
#SusPed	69.642	0	0
#SusPed	69.6607	11	0
#SusPed	69.6808	22	0
#SusPed	69.7008	31	0
#SusPed	69.7208	41	0
#SusPed	69.7395	52	0
#SusPed	69.7595	61	0
#SusPed	69.7796	69	0
#SusPed	69.7996	74	0
#SusPed	69.8196	75	0
#SusPed	69.8383	76	0
#SusPed	69.8584	79	0
#SusPed	69.8784	83	0
#SusPed	69.8984	88	0
#SusPed	69.9185	91	0
#SusPed	69.9398	94	0
#SusPed	69.9585	97	0
#SusPed	69.9772	101	0
#SusPed	69.9973	108	0
#SusPed	70.0173	122	0
#SusPed	70.0373	127	0
#SusPed	70.2149	109	0
#SusPed	70.235	82	0
#SusPed	70.255	64	0
#SusPed	70.275	46	0
#SusPed	70.2951	36	0
#SusPed	70.3151	43	0
#SusPed	70.3338	56	0
#SusPed	70.3538	66	0
#SusPed	70.3739	84	0
#SusPed	70.3926	105	0
#SusPed	70.4126	115	0
#SusPed	70.4433	117	0
#SusPed	70.4633	106	0
#SusPed	70.4834	85	0
#SusPed	70.5021	66	0
#SusPed	70.5221	51	0
#SusPed	70.5421	0	0
#SusPed	70.6009	22	0
#SusPed	70.6209	38	0
#SusPed	70.641	53	0
#SusPed	70.6597	71	0
#SusPed	70.6797	127	0
#SusPed	70.9174	96	0
#SusPed	70.9374	72	0
#SusPed	70.9575	57	0
#SusPed	70.9775	29	0
#SusPed	70.9975	0	0
#SusPed	71.0563	34	0
#SusPed	71.0763	51	0
#SusPed	71.0963	68	0
#SusPed	71.1164	127	0
#SusPed	71.4222	71	0
#SusPed	71.4422	55	0
#SusPed	71.4623	33	0
#SusPed	71.4823	24	0
#SusPed	71.5023	35	0
#SusPed	71.5224	49	0
#SusPed	71.5424	63	0
#SusPed	71.5624	127	0
#SusPed	71.8589	99	0
#SusPed	71.8776	66	0
#SusPed	71.8976	50	0
#SusPed	71.9177	20	0
#SusPed	71.9364	16	0
#SusPed	71.9577	32	0
#SusPed	71.9778	48	0
#SusPed	71.9978	64	0
#SusPed	72.0178	127	0
#SusPed	72.2956	110	0
#SusPed	72.3156	68	0
#SusPed	72.3343	53	0
#SusPed	72.3544	28	0
#SusPed	72.3744	0	0
#SusPed	72.3944	12	0
#SusPed	72.4145	30	0
#SusPed	72.4438	46	0
#SusPed	72.4639	62	0
#SusPed	72.4839	92	0
#SusPed	72.5026	127	0
#SusPed	72.8004	79	0
#SusPed	72.8204	63	0
#SusPed	72.8405	52	0
#SusPed	72.8592	53	0
#SusPed	72.8792	61	0
#SusPed	72.8992	72	0
#SusPed	72.9193	89	0
#SusPed	72.938	97	0
#SusPed	72.9553	102	0
#SusPed	72.9754	101	0
#SusPed	72.9954	88	0
#SusPed	73.0154	70	0
#SusPed	73.0355	55	0
#SusPed	73.0555	23	0
#SusPed	73.0755	0	0
#SusPed	73.1142	32	0
#SusPed	73.1356	47	0
#SusPed	73.1543	62	0
#SusPed	73.1743	80	0
#SusPed	73.1944	106	0
#SusPed	73.2144	96	0
#SusPed	73.2344	77	0
#SusPed	73.2545	62	0
#SusPed	73.2745	42	0
#SusPed	73.2945	0	0
#SusPed	73.3934	13	0
#SusPed	73.4134	38	0
#SusPed	73.4414	54	0
#SusPed	73.4615	69	0
#SusPed	73.4815	105	0
#SusPed	73.5015	110	0
#SusPed	73.5603	111	0
#SusPed	73.6604	110	0
#SusPed	73.6805	102	0
#SusPed	73.6992	82	0
#SusPed	73.7192	62	0
#SusPed	73.7392	40	0
#SusPed	73.7579	0	0
#SusPed	73.818	16	0
#SusPed	73.8381	37	0
#SusPed	73.8568	59	0
#SusPed	73.8768	88	0
#SusPed	73.8968	127	0
#SusPed	74.1733	86	0
#SusPed	74.1946	61	0
#SusPed	74.2147	32	0
#SusPed	74.2347	0	0
#SusPed	74.2734	22	0
#SusPed	74.2935	43	0
#SusPed	74.3135	62	0
#SusPed	74.3335	109	0
#SusPed	74.3522	127	0
#SusPed	74.6594	73	0
#SusPed	74.6794	52	0
#SusPed	74.6994	0	0
#SusPed	74.7582	13	0
#SusPed	74.7782	38	0
#SusPed	74.7983	57	0
#SusPed	74.8183	78	0
#SusPed	74.8383	127	0
#SusPed	75.0747	98	0
#SusPed	75.0947	72	0
#SusPed	75.1148	57	0
#SusPed	75.1335	23	0
#SusPed	75.1535	0	0
#SusPed	75.1735	20	0
#SusPed	75.1936	34	0
#SusPed	75.2136	50	0
#SusPed	75.2323	66	0
#SusPed	75.2537	127	0
#SusPed	75.5021	119	0
#SusPed	75.5221	96	0
#SusPed	75.5408	79	0
#SusPed	75.5608	70	0
#SusPed	75.5809	69	0
#SusPed	75.7785	69	0
#SusPed	75.8373	69	0
#SusPed	75.8573	68	0
#SusPed	75.8773	67	0
#SusPed	75.8974	64	0
#SusPed	75.9174	60	0
#SusPed	75.9374	53	0
#SusPed	75.9561	42	0
#SusPed	75.9762	26	0
#SusPed	75.9962	0	0
#SusPed	77.333	11	0
#SusPed	77.353	18	0
#SusPed	77.3731	24	0
#SusPed	77.3944	29	0
#SusPed	77.4238	33	0
#SusPed	77.4438	38	0
#SusPed	77.4625	43	0
#SusPed	77.4826	48	0
#SusPed	77.5026	52	0
#SusPed	77.5213	53	0
#SusPed	77.5614	52	0
#SusPed	77.5814	52	0
#SusPed	77.6802	50	0
#SusPed	77.7002	49	0
#SusPed	77.7203	47	0
#SusPed	77.7403	44	0
#SusPed	77.7603	40	0
#SusPed	77.7804	36	0
#SusPed	77.7991	31	0
#SusPed	77.8191	17	0
#SusPed	77.8391	0	0
#SusPed	77.9567	20	0
#SusPed	77.9767	34	0
#SusPed	77.9954	45	0
#SusPed	78.0154	56	0
#SusPed	78.0354	62	0
#SusPed	78.0555	63	0
#SusPed	78.1142	62	0
#SusPed	78.1343	62	0
#SusPed	78.1543	61	0
#SusPed	78.1743	61	0
#SusPed	78.1944	60	0
#SusPed	78.2144	60	0
#SusPed	78.2344	59	0
#SusPed	78.2531	58	0
#SusPed	78.2732	56	0
#SusPed	78.2932	54	0
#SusPed	78.3132	48	0
#SusPed	78.3319	37	0
#SusPed	78.352	14	0
#SusPed	78.372	0	0
#SusPed	78.8581	9	0
#SusPed	78.8968	0	0
#SusPed	79.2935	21	0
#SusPed	79.3135	33	0
#SusPed	79.3322	43	0
#SusPed	79.3522	48	0
#SusPed	79.3722	50	0
#SusPed	79.3923	49	0
#SusPed	79.4123	48	0
#SusPed	79.4404	45	0
#SusPed	79.4604	40	0
#SusPed	79.4804	34	0
#SusPed	79.5005	27	0
#SusPed	79.5205	14	0
#SusPed	79.5419	0	0
#SusPed	79.9372	29	0
#SusPed	79.9572	42	0
#SusPed	79.9772	54	0
#SusPed	79.9959	58	0
#SusPed	80.036	57	0
#SusPed	80.056	55	0
#SusPed	80.076	52	0
#SusPed	80.0947	49	0
#SusPed	80.1148	46	0
#SusPed	80.1348	43	0
#SusPed	80.1535	39	0
#SusPed	80.1735	33	0
#SusPed	80.1936	28	0
#SusPed	80.2136	23	0
#SusPed	80.2336	16	0
#SusPed	80.2523	0	0
#SusPed	80.6409	9	0
#SusPed	80.6596	25	0
#SusPed	80.6797	35	0
#SusPed	80.6997	43	0
#SusPed	80.7197	51	0
#SusPed	80.7384	57	0
#SusPed	80.7585	60	0
#SusPed	80.8373	59	0
#SusPed	80.8573	59	0
#SusPed	80.8773	57	0
#SusPed	80.8974	55	0
#SusPed	80.9174	52	0
#SusPed	80.9374	48	0
#SusPed	80.9575	46	0
#SusPed	80.9775	47	0
#SusPed	80.9975	50	0
#SusPed	81.0162	51	0
#SusPed	81.0362	52	0
#SusPed	81.0563	53	0
#SusPed	81.1364	53	0
#SusPed	81.1952	53	0
#SusPed	81.2152	52	0
#SusPed	81.2352	51	0
#SusPed	81.2539	48	0
#SusPed	81.274	45	0
#SusPed	81.294	42	0
#SusPed	81.314	37	0
#SusPed	81.3341	25	0
#SusPed	81.3527	0	0
#SusPed	81.5811	17	0
#SusPed	81.6011	29	0
#SusPed	81.6212	38	0
#SusPed	81.6399	50	0
#SusPed	81.6612	57	0
#SusPed	81.6813	61	0
#SusPed	81.7013	64	0
#SusPed	81.7213	66	0
#SusPed	81.7414	67	0
#SusPed	81.7601	68	0
#SusPed	81.8001	69	0
#SusPed	81.8202	69	0
#SusPed	81.8389	71	0
#SusPed	81.8589	74	0
#SusPed	81.8789	76	0
#SusPed	81.899	77	0
#SusPed	81.919	78	0
#SusPed	81.9577	78	0
#SusPed	81.9777	79	0
#SusPed	81.9964	79	0
#SusPed	82.0165	80	0
#SusPed	82.0365	81	0
#SusPed	82.0565	84	0
#SusPed	82.0766	86	0
#SusPed	82.0953	88	0
#SusPed	82.1153	88	0
#SusPed	82.1353	89	0
#SusPed	82.1554	91	0
#SusPed	82.1754	92	0
#SusPed	82.1954	93	0
#SusPed	82.2155	94	0
#SusPed	82.2355	95	0
#SusPed	82.2542	97	0
#SusPed	82.2742	99	0
#SusPed	82.2943	100	0
#SusPed	82.3143	101	0
#SusPed	82.3343	102	0
#SusPed	82.353	103	0
#SusPed	82.5413	103	0
#SusPed	82.5613	107	0
#SusPed	82.5814	117	0
#SusPed	82.6014	127	0
#SusPed	84.5993	115	0
#SusPed	84.6193	107	0
#SusPed	84.6393	99	0
#SusPed	84.6594	92	0
#SusPed	84.6794	85	0
#SusPed	84.6994	78	0
#SusPed	84.7195	71	0
#SusPed	84.7382	67	0
#SusPed	84.7582	63	0
#SusPed	84.7782	58	0
#SusPed	84.7983	47	0
#SusPed	84.8183	26	0
#SusPed	84.837	0	0
#SusPed	84.9572	26	0
#SusPed	84.9772	48	0
#SusPed	84.9972	68	0
#SusPed	85.0173	127	0
#SusPed	85.4807	108	0
#SusPed	85.5007	101	0
#SusPed	85.5207	99	0
#SusPed	85.5408	94	0
#SusPed	85.5595	85	0
#SusPed	85.5795	76	0
#SusPed	85.5995	68	0
#SusPed	85.6196	62	0
#SusPed	85.6396	55	0
#SusPed	85.6583	41	0
#SusPed	85.6783	19	0
#SusPed	85.6984	0	0
#SusPed	86.1965	12	0
#SusPed	86.2165	18	0
#SusPed	86.2352	24	0
#SusPed	86.2553	29	0
#SusPed	86.2753	34	0
#SusPed	86.294	40	0
#SusPed	86.314	46	0
#SusPed	86.334	52	0
#SusPed	86.3541	57	0
#SusPed	86.3741	60	0
#SusPed	86.3928	62	0
#SusPed	86.4235	63	0
#SusPed	86.4422	64	0
#SusPed	86.4623	65	0
#SusPed	86.4823	66	0
#SusPed	86.5023	67	0
#SusPed	86.5223	68	0
#SusPed	86.5424	70	0
#SusPed	86.5611	72	0
#SusPed	86.5811	72	0
#SusPed	86.6212	73	0
#SusPed	86.6612	74	0
#SusPed	86.6799	74	0
#SusPed	86.7	75	0
#SusPed	86.72	75	0
#SusPed	86.7387	76	0
#SusPed	86.7587	76	0
#SusPed	86.7788	77	0
#SusPed	86.7988	78	0
#SusPed	86.8188	79	0
#SusPed	86.8375	79	0
#SusPed	86.8576	80	0
#SusPed	86.8776	80	0
#SusPed	86.9176	81	0
#SusPed	86.9363	82	0
#SusPed	86.9564	82	0
#SusPed	87.0378	83	0
#SusPed	87.1754	83	0
#SusPed	87.2742	84	0
#SusPed	87.5413	83	0
#SusPed	87.5814	82	0
#SusPed	87.6214	82	0
#SusPed	87.6415	81	0
#SusPed	87.6602	80	0
#SusPed	87.6802	79	0
#SusPed	87.7002	77	0
#SusPed	87.7203	75	0
#SusPed	87.7403	72	0
#SusPed	87.759	69	0
#SusPed	87.779	67	0
#SusPed	87.7991	65	0
#SusPed	87.8191	63	0
#SusPed	87.8378	61	0
#SusPed	87.8578	58	0
#SusPed	87.8779	56	0
#SusPed	87.8979	54	0
#SusPed	87.9179	53	0
#SusPed	87.9366	52	0
#SusPed	87.9566	51	0
#SusPed	87.9767	50	0
#SusPed	87.9967	49	0
#SusPed	88.0167	46	0
#SusPed	88.0354	44	0
#SusPed	88.0568	42	0
#SusPed	88.0768	40	0
#SusPed	88.0969	37	0
#SusPed	88.1169	33	0
#SusPed	88.1356	28	0
#SusPed	88.1556	20	0
#SusPed	88.1757	12	0
#SusPed	88.1957	0	0
