// alignID alignOntime alignSitch alignPitch alignOnvel refID refOntime refSitch refPitch refOnvel
0	5.61218	G4	67	43	0	0	G4	67	49	
1	5.66667	Eb4	63	38	1	0	Eb4	63	49	
2	5.68697	C3	48	28	3	0	C3	48	49	
3	6.44231	F#4	66	41	4	0.865385	F#4	66	49	
4	6.71048	A4	69	43	5	1.15385	A4	69	49	
5	6.78847	F#3	54	25	6	1.15385	F#3	54	49	
6	7.62821	A3	57	30	7	2.30769	A3	57	49	
7	8.59509	F#3	54	31	8	3.46154	F#3	54	49	
8	9.75749	G4	67	49	9	4.61538	G4	67	49	
9	9.81839	Eb4	63	40	10	4.61538	Eb4	63	49	
10	9.83868	C3	48	21	12	4.61538	C3	48	49	
11	10.7383	F#4	66	42	13	5.48077	F#4	66	49	
12	10.9947	A4	69	50	14	5.76923	A4	69	49	
13	11.0673	F#3	54	32	15	5.76923	F#3	54	49	
14	12.0353	A3	57	26	16	6.92308	A3	57	49	
15	13.1261	A4	69	54	17	8.07692	A4	69	49	
16	13.1902	F#3	54	30	18	8.07692	F#3	54	49	
17	13.9808	Eb5	75	59	19	8.94231	Eb5	75	49	
18	14.2682	Eb5	75	67	20	9.23077	Eb5	75	49	
19	15.4626	D5	74	56	21	10.3846	D5	74	49	
20	15.5171	D4	62	35	22	10.3846	D4	62	49	
21	15.5374	B2	47	30	23	10.3846	B2	47	49	
22	15.5374	G3	55	26	24	10.3846	G3	55	49	
23	15.6047	D4	62	17	*	-1	*	-1	-1	
24	15.6507	B2	47	14	*	-1	*	-1	-1	
25	16.312	G4	67	47	25	11.25	G4	67	49	
26	16.6464	G4	67	48	26	11.5385	G4	67	49	
27	17.9605	F#4	66	27	27	12.6923	F#4	66	49	
28	17.9808	D3	50	26	29	12.6923	D3	50	49	
29	17.9872	A3	57	11	30	12.6923	A3	57	49	
30	17.9893	C4	60	16	28	12.6923	C4	60	49	
31	17.9925	D4	62	17	*	-1	*	-1	-1	
32	18.8547	A4	69	39	31	13.5577	A4	69	49	
33	19.2105	A4	69	37	32	13.8462	A4	69	49	
34	19.8964	B4	71	42	33	14.4231	B4	71	49	
35	20.6368	D4	62	29	35	15	D4	62	49	
36	20.6475	B3	59	31	34	15	B3	59	49	
37	20.6549	G2	43	30	36	15	G2	43	49	
38	20.6678	G3	55	8	37	15	G3	55	49	
39	21.9188	B3	59	24	38	16.1538	B3	59	49	
40	21.9231	D4	62	26	39	16.1538	D4	62	49	
41	21.9562	G2	43	29	40	16.1538	G2	43	49	
42	21.9658	G3	55	21	41	16.1538	G3	55	49	
43	22.546	C5	72	39	42	17.3077	C5	72	49	
44	22.6774	B4	71	47	43	17.399	B4	71	49	
45	22.8195	A4	69	54	44	17.4952	A4	69	49	
46	22.9787	B4	71	54	45	17.5962	B4	71	49	
47	23.4883	C5	72	54	46	17.8846	C5	72	49	
48	24.1336	Eb5	75	57	47	18.4615	Eb5	75	49	
49	24.1977	G#4	68	32	48	18.4615	G#4	68	49	
50	24.2137	F3	53	26	50	18.4615	F3	53	49	
51	25.0438	D5	74	43	51	19.3269	D5	74	49	
52	25.3312	F5	77	60	52	19.6154	F5	77	49	
53	25.4552	B3	59	15	53	19.6154	B3	59	49	
54	26.3708	D4	62	41	54	20.7692	D4	62	49	
55	27.5844	B3	59	21	55	21.9231	B3	59	49	
56	28.374	D5	74	36	56	22.5	D5	74	49	
57	28.468	F5	77	44	57	22.7885	F5	77	49	
58	28.6485	Eb5	75	54	58	23.0769	D5	74	49	
59	28.702	G#4	68	37	59	23.0769	G#4	68	49	
60	28.7116	F3	53	28	61	23.0769	F3	53	49	
61	29.4765	D5	74	51	64	23.9423	D5	74	49	
62	29.7372	F5	77	60	65	24.2308	F5	77	49	
63	29.7981	B3	59	33	66	24.2308	B3	59	49	
64	30.7297	D4	62	38	67	25.3846	D4	62	49	
65	31.8408	D5	74	62	68	26.5385	D5	74	49	
66	31.9338	B3	59	29	69	26.5385	B3	59	49	
67	32.7126	G#5	80	60	70	27.4038	G#5	80	49	
68	33.0214	G#5	80	71	71	27.6923	G#5	80	49	
69	34.2564	G5	79	52	72	28.8461	G5	79	49	
70	34.3045	G4	67	38	73	28.8461	G4	67	49	
71	34.328	Eb3	51	24	74	28.8461	Eb3	51	49	
72	34.3387	C4	60	26	75	28.8461	C4	60	49	
73	35.1763	C5	72	41	76	29.7115	C5	72	49	
74	35.5545	C5	72	46	77	30	C5	72	49	
75	36.7522	B4	71	43	78	31.1538	B4	71	49	
76	36.7928	D4	62	30	81	31.1538	D4	62	49	
77	36.8067	G3	55	23	80	31.1538	G3	55	49	
78	36.8163	G4	67	24	*	-1	*	-1	-1	
79	36.8205	F4	65	28	79	31.1538	F4	65	49	
80	37.7554	D5	74	45	82	32.0192	D5	74	49	
81	38.125	D5	74	43	83	32.3077	D5	74	49	
82	38.9082	Eb5	75	45	84	32.8846	Eb5	75	49	
83	39.5556	Eb4	63	36	85	33.4615	Eb4	63	49	
84	39.5706	C3	48	28	86	33.4615	C3	48	49	
85	39.5716	C4	60	23	87	33.4615	C4	60	49	
86	40.8206	Eb4	63	32	88	34.6154	Eb4	63	49	
87	40.828	C3	48	20	89	34.6154	C3	48	49	
88	40.8376	C4	60	19	90	34.6154	C4	60	49	
89	41.6325	G#4	68	46	91	35.1923	G#4	68	49	
90	41.6464	Eb4	63	37	93	35.1923	Eb4	63	49	
91	41.6507	C4	60	39	92	35.1923	C4	60	49	
92	42.2543	G4	67	57	94	35.7692	G4	67	49	
93	42.3067	Eb4	63	39	97	35.7692	Eb4	63	49	
94	42.3109	C#4	61	39	96	35.7692	C#4	61	49	
95	42.3163	Bb3	58	37	95	35.7692	Bb3	58	49	
96	42.8184	G#4	68	67	98	36.3461	G#4	68	49	
97	42.8483	Eb4	63	33	101	36.3461	Eb4	63	49	
98	42.8558	C4	60	41	100	36.3461	C4	60	49	
99	42.859	G#3	56	45	99	36.3461	G#3	56	49	
100	43.5396	C5	72	56	102	36.9231	C5	72	49	
101	43.5802	G3	55	39	103	36.9231	G3	55	49	
102	43.593	Eb4	63	31	105	36.9231	Eb4	63	49	
103	43.6122	Bb3	58	30	104	36.9231	Bb3	58	49	
104	44.0823	Bb4	70	51	106	37.5	Bb4	70	49	
105	44.2661	C5	72	65	107	37.6442	C5	72	49	
106	44.453	Bb4	70	67	108	37.7885	Bb4	70	49	
107	44.5941	A4	69	68	109	37.9327	A4	69	49	
108	44.7746	Bb4	70	75	110	38.0769	Bb4	70	49	
109	44.8195	G3	55	41	111	38.0769	G3	55	49	
110	44.8195	E4	64	43	113	38.0769	E4	64	49	
111	44.827	Bb3	58	38	112	38.0769	Bb3	58	49	
112	45.6902	C5	72	71	114	38.9423	C5	72	49	
113	46.0802	C#5	73	78	115	39.2308	C#5	73	49	
114	46.6293	C#4	61	46	118	39.8077	C#4	61	49	
115	46.6539	F3	53	35	116	39.8077	F3	53	49	
116	46.6592	G#3	56	39	117	39.8077	G#3	56	49	
117	47.4691	E3	52	21	119	40.3846	E3	52	49	
118	47.4691	C4	60	26	121	40.3846	C4	60	49	
119	47.4744	G3	55	22	120	40.3846	G3	55	49	
120	47.8366	C5	72	41	122	40.6731	C5	72	49	
121	48.2212	Bb5	82	54	123	40.9615	Bb5	82	49	
122	48.2778	E3	52	22	124	40.9615	E3	52	49	
123	48.2778	C4	60	28	126	40.9615	C4	60	49	
124	48.2789	G3	55	22	125	40.9615	G3	55	49	
125	48.5428	G5	79	55	127	41.25	G5	79	49	
126	48.9306	G5	79	45	128	41.5385	G5	79	49	
127	48.9701	G3	55	30	130	41.5385	G3	55	49	
128	48.9701	C4	60	26	131	41.5385	C4	60	49	
129	48.9755	E3	52	29	129	41.5385	E3	52	49	
130	50.3109	C4	60	26	134	42.6923	C4	60	49	
131	50.3302	F3	53	20	132	42.6923	F3	53	49	
132	50.3398	G#3	56	20	133	42.6923	G#3	56	49	
133	50.9808	Bb5	82	42	135	43.2692	Bb5	82	49	
134	51.4947	G#5	80	29	136	43.5577	G#5	80	49	
135	53.6646	G#4	68	37	137	45	G#4	68	49	
136	54.3911	G4	67	43	138	45.5769	G4	67	49	
137	55.3184	G4	67	63	139	46.1538	G4	67	49	
138	55.3612	A3	57	46	140	46.1538	A3	57	49	
139	55.3612	C4	60	48	141	46.1538	C4	60	49	
140	55.3783	Eb3	51	39	142	46.1538	Eb3	51	49	
141	55.3793	D2	38	41	143	46.1538	D2	38	49	
142	56.2714	F#4	66	50	144	47.0192	F#4	66	49	
143	56.531	A4	69	63	145	47.3077	A4	69	49	
144	56.5642	F#2	42	49	146	47.3077	F#2	42	49	
145	57.749	A2	45	65	147	48.4615	A2	45	49	
146	59.0631	A4	69	85	148	49.6154	A4	69	49	
147	59.0748	D4	62	75	149	49.6154	D4	62	49	
148	59.0759	Bb2	46	65	150	49.6154	Bb2	46	49	
149	59.0759	Bb3	58	73	152	49.6154	Bb3	58	49	
150	59.0845	D3	50	63	151	49.6154	D3	50	49	
151	60.0054	G4	67	59	153	50.4808	G4	67	49	
152	60.2949	G4	67	85	154	50.7692	G4	67	49	
153	60.3099	A2	45	71	157	50.7692	A2	45	49	
154	60.3099	D3	50	69	158	50.7692	D3	50	49	
155	60.311	A3	57	74	159	50.7692	A3	57	49	
156	60.3206	C4	60	72	155	50.7692	C4	60	49	
157	60.3248	D4	62	68	156	50.7692	D4	62	49	
158	61.2714	F#4	66	59	160	51.6346	F#4	66	49	
159	61.6026	A4	69	87	161	51.9231	A4	69	49	
160	61.6186	D4	62	76	163	51.9231	D4	62	49	
161	61.6197	G3	55	75	166	51.9231	G3	55	49	
162	61.6219	G2	43	69	164	51.9231	G2	43	49	
163	61.6219	Bb3	58	76	162	51.9231	Bb3	58	49	
164	61.6251	D3	50	68	165	51.9231	D3	50	49	
165	62.7234	G4	67	59	167	52.7885	G4	67	49	
166	63.3291	Bb4	70	87	168	53.0769	Bb4	70	49	
167	63.358	A3	57	64	169	53.0769	A3	57	49	
168	63.3633	D4	62	63	170	53.0769	D4	62	49	
169	63.3708	F#3	54	53	173	53.0769	F#3	54	49	
170	63.3719	F#2	42	52	171	53.0769	F#2	42	49	
171	63.3815	D3	50	50	172	53.0769	D3	50	49	
172	65.0172	A4	69	48	174	53.9423	A4	69	49	
173	65.5129	F#4	66	43	175	54.2308	F#4	66	49	
174	65.8441	A4	69	52	176	54.5192	A4	69	49	
175	66.1603	C5	72	45	177	54.8077	C5	72	49	
176	66.4381	Eb5	75	50	178	55.0961	Eb5	75	49	
177	66.7105	D5	74	49	179	55.3846	D5	74	49	
178	66.9659	C5	72	46	180	55.6731	C5	72	49	
179	67.233	Bb4	70	44	181	55.9615	Bb4	70	49	
180	67.4979	A4	69	41	182	56.25	A4	69	49	
181	67.7875	C5	72	36	183	56.5385	C5	72	49	
182	68.1176	F#5	78	46	184	56.8269	F#5	78	49	
183	68.4306	A5	81	47	185	57.1154	A5	81	49	
184	68.7223	C6	84	44	186	57.4038	C6	84	49	
185	69.0129	Bb5	82	41	187	57.6923	Bb5	82	49	
186	69.2939	A5	81	48	188	57.9808	A5	81	49	
187	69.5567	G5	79	46	189	58.2692	G5	79	49	
188	69.8184	F#5	78	53	190	58.5577	F#5	78	49	
189	70.1155	A5	81	51	191	58.8461	A5	81	49	
190	70.4477	C6	84	53	192	59.1346	C6	84	49	
191	70.7757	D6	86	50	193	59.4231	D6	86	49	
192	71.1165	Eb6	87	53	194	59.7115	Eb6	87	49	
193	71.4424	D6	86	49	195	60	D6	86	49	
194	71.7907	C6	84	40	196	60.2885	C6	84	49	
195	72.0973	Bb5	82	40	197	60.5769	Bb5	82	49	
196	72.3751	A5	81	53	198	60.8654	A5	81	49	
197	72.6967	C6	84	53	199	61.1538	C6	84	49	
198	73.0588	A5	81	42	200	61.4423	A5	81	49	
199	73.3858	G5	79	42	201	61.7308	G5	79	49	
200	73.671	F#5	78	51	202	62.0192	F#5	78	49	
201	73.9915	C6	84	52	203	62.3077	C6	84	49	
202	74.2778	A5	81	54	204	62.6202	A5	81	49	
203	74.593	G5	79	59	205	62.9327	G5	79	49	
204	74.9231	F#5	78	65	206	63.2452	F#5	78	49	
205	75.3323	A5	81	63	207	63.5577	A5	81	49	
206	75.7618	F#5	78	61	208	63.8702	F#5	78	49	
207	76.1817	Eb5	75	63	209	64.1827	Eb5	75	49	
208	76.718	D5	74	58	210	64.4952	D5	74	49	
209	78.0214	D5	74	37	211	64.8077	D5	74	49	
210	78.0994	F#3	54	23	212	64.8077	F#3	54	49	
211	78.1144	A3	57	6	213	64.8077	A3	57	49	
212	78.655	D4	62	28	214	65.0961	D4	62	49	
213	79.0791	A3	57	21	216	65.3846	A3	57	49	
214	79.0909	F#3	54	26	215	65.3846	F#3	54	49	
215	79.421	D4	62	27	217	65.6731	D4	62	49	
216	79.7202	F#3	54	27	219	65.9615	F#3	54	49	
217	79.7373	A3	57	10	220	65.9615	A3	57	49	
218	79.8462	A4	69	51	218	65.9615	A4	69	49	
219	80.1828	D4	62	26	221	66.25	D4	62	49	
220	80.4638	F#3	54	34	222	66.5385	F#3	54	49	
221	80.4894	A3	57	14	223	66.5385	A3	57	49	
222	80.7212	D4	62	31	224	66.8269	D4	62	49	
223	81.0054	F#3	54	24	225	67.1154	F#3	54	49	
224	81.2437	D4	62	38	227	67.4038	D4	62	49	
225	81.5097	F#3	54	33	228	67.6923	F#3	54	49	
226	81.5385	A3	57	13	229	67.6923	A3	57	49	
227	81.7714	D4	62	36	230	67.9808	D4	62	49	
228	82.0524	B4	71	54	231	68.2692	B4	71	49	
229	82.1774	G3	55	21	232	68.2692	G3	55	49	
230	82.1796	B3	59	24	233	68.2692	B3	59	49	
231	82.4926	D4	62	30	234	68.5577	D4	62	49	
232	82.7073	G4	67	55	235	68.8461	G4	67	49	
233	82.8003	B3	59	28	237	68.8461	B3	59	49	
234	82.8056	G3	55	30	236	68.8461	G3	55	49	
235	83.0556	D4	62	35	238	69.1346	D4	62	49	
236	83.2853	G4	67	55	239	69.4231	G4	67	49	
237	83.3537	A3	57	33	240	69.4231	A3	57	49	
238	83.577	D4	62	41	242	69.7115	D4	62	49	
239	83.8281	C4	60	22	244	70	C4	60	49	
240	83.8313	A3	57	31	243	70	A3	57	49	
241	83.8345	F#4	66	46	245	70.2885	F#4	66	49	
242	83.9702	G4	67	50	247	70.3606	G4	67	49	
243	84.1037	F#4	66	54	248	70.4327	F#4	66	49	
244	84.1091	D4	62	38	*	-1	*	-1	-1	
245	84.2234	E4	64	60	249	70.5048	E4	64	49	
246	84.4125	F#4	66	57	250	70.5769	F#4	66	49	
247	84.4563	A3	57	20	251	70.5769	A3	57	49	
248	84.4766	C4	60	12	252	70.5769	C4	60	49	
249	84.6475	D4	62	35	253	70.8654	D4	62	49	
250	84.9146	G4	67	64	254	71.1538	G4	67	49	
251	84.9456	A3	57	28	255	71.1538	A3	57	49	
252	84.9584	C4	60	31	256	71.1538	C4	60	49	
253	85.1561	D4	62	41	257	71.4423	D4	62	49	
254	85.4488	A4	69	67	258	71.7308	A4	69	49	
255	85.5054	C4	60	28	260	71.7308	C4	60	49	
256	85.5076	A3	57	32	259	71.7308	A3	57	49	
257	85.7309	D4	62	42	261	72.0192	D4	62	49	
258	85.9873	B4	71	65	262	72.3077	B4	71	49	
259	86.0588	B3	59	33	264	72.3077	B3	59	49	
260	86.061	G3	55	34	263	72.3077	G3	55	49	
261	86.2992	D4	62	51	265	72.5961	D4	62	49	
262	86.5738	C5	72	70	266	72.8846	C5	72	49	
263	86.655	F#3	54	35	267	72.8846	F#3	54	49	
264	86.6753	A3	57	14	268	72.8846	A3	57	49	
265	86.9435	C#5	73	57	269	73.1731	C#5	73	49	
266	86.9723	D4	62	39	270	73.1731	D4	62	49	
267	87.2544	C#5	73	69	271	73.4615	C#5	73	49	
268	87.3227	F#3	54	34	272	73.4615	F#3	54	49	
269	87.3249	A3	57	24	273	73.4615	A3	57	49	
270	87.5759	D5	74	48	274	73.75	D5	74	49	
271	87.6059	D4	62	38	275	73.75	D4	62	49	
272	87.9595	F#3	54	31	277	74.0385	F#3	54	49	
273	87.9648	C#5	73	44	276	74.0385	C#5	73	49	
274	88.2405	D5	74	50	279	74.3269	D5	74	49	
275	88.2789	D4	62	34	280	74.3269	D4	62	49	
276	88.545	E5	76	59	281	74.6154	E5	76	49	
277	88.6422	F#3	54	20	282	74.6154	F#3	54	49	
278	88.6539	A3	57	4	283	74.6154	A3	57	49	
279	88.8024	D5	74	62	284	74.9038	D5	74	49	
280	88.8633	D4	62	40	285	74.9038	D4	62	49	
281	89.1347	A4	69	54	286	75.1923	A4	69	49	
282	89.1935	A3	57	19	288	75.1923	A3	57	49	
283	89.1988	F#3	54	24	287	75.1923	F#3	54	49	
284	89.4371	D4	62	40	289	75.4808	D4	62	49	
285	89.7544	F#3	54	29	290	75.7692	F#3	54	49	
286	89.7586	A3	57	28	291	75.7692	A3	57	49	
287	90.015	D4	62	35	292	76.0577	D4	62	49	
288	90.3003	F#3	54	26	293	76.3461	F#3	54	49	
289	90.3046	A3	57	30	294	76.3461	A3	57	49	
290	90.5674	B4	71	54	295	76.6346	B4	71	49	
291	90.5781	D4	62	37	296	76.6346	D4	62	49	
292	90.6924	A4	69	56	297	76.7788	A4	69	49	
293	90.8655	B4	71	57	298	76.9231	B4	71	49	
294	90.8932	A3	57	26	300	76.9231	A3	57	49	
295	90.9061	F#3	54	27	299	76.9231	F#3	54	49	
296	90.9627	A4	69	61	301	77.0673	A4	69	49	
297	91.1016	C5	72	65	302	77.2115	C5	72	49	
298	91.1229	D4	62	42	303	77.2115	D4	62	49	
299	91.2191	B4	71	61	304	77.3558	B4	71	49	
300	91.3719	C5	72	67	305	77.5	C5	72	49	
301	91.3836	B3	59	40	307	77.5	B3	59	49	
302	91.3997	G3	55	40	306	77.5	G3	55	49	
303	91.4744	B4	71	64	308	77.6442	B4	71	49	
304	91.6059	D5	74	70	309	77.7885	D5	74	49	
305	91.6379	D4	62	42	310	77.7885	D4	62	49	
306	91.7234	C#5	73	73	311	77.9327	C#5	73	49	
307	91.8687	D5	74	62	312	78.0769	D5	74	49	
308	91.889	G3	55	35	313	78.0769	G3	55	49	
309	91.9029	B3	59	36	314	78.0769	B3	59	49	
310	91.9969	C#5	73	54	315	78.149	C#5	73	49	
311	92.0791	E5	76	66	316	78.2211	E5	76	49	
312	92.1112	D4	62	44	*	-1	*	-1	-1	
313	92.1913	D5	74	59	317	78.2933	D5	74	49	
314	92.264	A4	69	67	318	78.3654	G4	67	49	
315	92.4766	A3	57	44	321	78.6538	A3	57	49	
316	92.498	A4	69	51	*	-1	*	-1	-1	
317	92.514	C4	60	22	322	78.6538	C4	60	49	
318	92.6507	G4	67	64	320	78.6538	G4	67	49	
319	92.795	D4	62	57	323	78.9423	D4	62	49	
320	93.0556	A3	57	40	324	79.2308	A3	57	49	
321	93.0866	C4	60	37	325	79.2308	C4	60	49	
322	93.3238	D4	62	51	330	79.5192	D4	62	49	
323	93.5791	F#4	66	64	328	79.4471	F#4	66	49	
324	93.6208	A3	57	40	336	79.8077	A3	57	49	
325	93.6315	C4	60	19	337	79.8077	C4	60	49	
326	93.6518	G4	67	61	329	79.5192	G4	67	49	
327	93.7031	F#4	66	66	331	79.5913	F#4	66	49	
328	93.7725	G4	67	67	332	79.6635	G4	67	49	
329	93.8227	D4	62	39	342	80.0961	D4	62	49	
330	93.8345	F#4	66	67	333	79.7115	F#4	66	49	
331	93.9103	E4	64	62	334	79.7596	E4	64	49	
332	93.9883	F#4	66	60	335	79.8077	F#4	66	49	
333	94.0866	G4	67	61	338	79.8798	G4	67	49	
334	94.1433	C4	60	28	348	80.3846	C4	60	49	
335	94.1497	A3	57	30	347	80.3846	A3	57	49	
336	94.3836	D4	62	45	351	80.6731	D4	62	49	
337	94.6465	A4	69	74	*	-1	*	-1	-1	
338	94.6828	C4	60	35	354	80.9615	C4	60	49	
339	94.6967	A3	57	41	353	80.9615	A3	57	49	
340	94.9306	D4	62	47	355	81.25	D4	62	49	
341	95.1967	Bb4	70	73	356	81.5385	Bb4	70	49	
342	95.2244	G3	55	43	357	81.5385	G3	55	49	
343	95.2341	Bb3	58	41	358	81.5385	Bb3	58	49	
344	95.5033	D4	62	62	359	81.8269	D4	62	49	
345	95.7757	C5	72	78	360	82.1154	C5	72	49	
346	95.8377	F#3	54	45	361	82.1154	F#3	54	49	
347	95.8537	A3	57	24	362	82.1154	A3	57	49	
348	96.1304	C#5	73	74	363	82.4038	C#5	73	49	
349	96.1603	D4	62	47	364	82.4038	D4	62	49	
350	96.4296	C#5	73	86	365	82.6923	C#5	73	49	
351	96.4435	F#3	54	53	366	82.6923	F#3	54	49	
352	96.4488	A3	57	59	367	82.6923	A3	57	49	
353	96.7255	D4	62	69	369	82.9808	D4	62	49	
354	96.7266	D5	74	88	368	82.9808	D5	74	49	
355	97.014	D5	74	89	370	83.2692	D5	74	49	
356	97.0172	Bb3	58	89	372	83.2692	Bb3	58	64	
357	97.0204	G3	55	80	371	83.2692	G3	55	64	
358	97.3056	D4	62	95	373	83.5577	D4	62	49	
359	97.6123	Bb5	82	99	375	83.8461	Bb5	82	49	
360	97.6155	D5	74	88	374	83.8461	D5	74	49	
361	97.6219	F#4	66	86	376	83.8461	F#4	66	49	
362	97.9018	G4	67	89	377	84.1346	G4	67	49	
363	98.1892	D4	62	90	378	84.4231	D4	62	49	
364	98.4969	Bb3	58	85	379	84.7115	Bb3	58	49	
365	98.7928	Bb5	82	92	381	85	Bb5	82	49	
366	98.8024	D5	74	74	380	85	D5	74	49	
367	98.8089	A3	57	84	382	85	A3	57	49	
368	99.0845	G3	55	81	383	85.2885	G3	55	49	
369	99.4018	F#3	54	75	385	85.5769	F#3	54	49	
370	99.4168	D3	50	69	384	85.5769	D3	50	49	
371	99.7074	A3	57	66	386	85.8654	A3	57	49	
372	100.01	A5	81	73	388	86.1538	A5	81	49	
373	100.039	C5	72	54	387	86.1538	C5	72	49	
374	100.046	C4	60	59	389	86.1538	C4	60	49	
375	100.33	D3	50	71	390	86.4423	D3	50	49	
376	100.656	Eb3	51	65	391	86.7308	Eb3	51	49	
377	100.982	G3	55	51	392	87.0192	G3	55	49	
378	101.315	G5	79	57	394	87.3077	G5	79	49	
379	101.33	Bb3	58	44	395	87.3077	Bb3	58	49	
380	101.331	Bb4	70	42	393	87.3077	Bb4	70	49	
381	101.629	Eb3	51	42	396	87.5961	Eb3	51	49	
382	101.933	G3	55	82	398	87.8846	G3	55	64	
383	101.942	Eb3	51	70	397	87.8846	Eb3	51	64	
384	102.25	Bb3	58	88	399	88.1731	Bb3	58	49	
385	102.567	G5	79	91	402	88.4615	G5	79	49	
386	102.576	G4	67	79	400	88.4615	G4	67	49	
387	102.583	D4	62	81	403	88.4615	D4	62	49	
388	102.586	Bb4	70	78	401	88.4615	Bb4	70	49	
389	102.896	Eb4	63	89	404	88.75	Eb4	63	49	
390	103.193	Bb3	58	89	405	89.0384	Bb3	58	49	
391	103.51	G3	55	84	406	89.3269	G3	55	49	
392	103.815	G5	79	89	409	89.6154	G5	79	49	
393	103.833	G4	67	77	407	89.6154	G4	67	49	
394	103.841	F3	53	78	410	89.6154	F3	53	49	
395	103.849	Eb5	75	67	408	89.6154	Eb5	75	49	
396	104.16	Eb3	51	71	411	89.9038	Eb3	51	49	
397	104.472	B2	47	65	413	90.1923	B2	47	49	
398	104.502	G2	43	50	412	90.1923	G2	43	49	
399	104.771	D3	50	66	414	90.4808	D3	50	49	
400	105.107	F5	77	74	417	90.7692	F5	77	49	
401	105.137	G4	67	42	415	90.7692	G4	67	49	
402	105.149	G3	55	55	418	90.7692	G3	55	49	
403	105.151	D5	74	41	416	90.7692	D5	74	49	
404	105.442	B2	47	67	419	91.0577	B2	47	49	
405	105.763	C3	48	60	420	91.3461	C3	48	49	
406	106.083	Eb3	51	49	421	91.6346	Eb3	51	49	
407	106.433	Eb5	75	58	424	91.9231	Eb5	75	49	
408	106.472	G3	55	42	425	91.9231	G3	55	49	
409	106.478	G4	67	38	422	91.9231	G4	67	49	
410	106.489	C5	72	28	423	91.9231	C5	72	49	
411	106.823	C3	48	37	426	92.2115	C3	48	49	
412	107.445	F5	77	62	427	92.5	F5	77	49	
413	107.493	Bb4	70	37	429	92.5	Bb4	70	49	
414	107.495	C#5	73	43	430	92.5	C#5	73	49	
415	107.528	G4	67	29	428	92.5	G4	67	49	
416	107.535	Bb2	46	32	432	92.5	Bb2	46	49	
417	107.554	C#4	61	23	431	92.5	C#4	61	49	
418	108.269	E5	76	50	434	93.3654	E5	76	49	
419	108.534	G5	79	58	435	93.6538	G5	79	49	
420	108.588	E3	52	34	436	93.6538	E3	52	49	
421	109.517	G3	55	34	437	94.8077	G3	55	49	
422	110.532	E3	52	32	438	95.9615	E3	52	49	
423	111.72	F5	77	66	439	97.1154	F5	77	49	
424	111.757	G4	67	48	440	97.1154	G4	67	49	
425	111.777	Bb2	46	39	445	97.1154	Bb2	46	49	
426	111.783	Bb4	70	42	441	97.1154	Bb4	70	49	
427	111.804	C#5	73	38	442	97.1154	C#5	73	49	
428	111.816	C#4	61	21	443	97.1154	C#4	61	49	
429	112.586	E5	76	49	446	97.9808	E5	76	49	
430	112.837	G5	79	52	447	98.2692	G5	79	49	
431	112.885	E3	52	35	448	98.2692	E3	52	49	
432	113.958	G3	55	32	449	99.4231	G3	55	49	
433	115.15	G5	79	63	450	100.577	G5	79	49	
434	115.215	C#5	73	43	451	100.577	C#5	73	49	
435	115.226	E3	52	31	452	100.577	E3	52	49	
436	115.246	Bb2	46	26	453	100.577	Bb2	46	49	
437	116.099	C#6	85	62	454	101.442	C#6	85	49	
438	116.435	C#6	85	68	455	101.731	C#6	85	49	
439	117.575	C6	84	56	456	102.885	C6	84	49	
440	117.622	F3	53	30	460	102.885	F3	53	49	
441	117.622	C5	72	35	457	102.885	C5	72	49	
442	117.628	G#2	44	29	458	102.885	G#2	44	49	
443	117.642	C3	48	19	459	102.885	C3	48	49	
444	118.468	F5	77	44	461	103.75	F5	77	49	
445	118.794	F5	77	48	462	104.038	F5	77	49	
446	119.844	E5	76	44	463	105.192	E5	76	49	
447	119.865	Bb4	70	42	464	105.192	Bb4	70	49	
448	119.875	E4	64	33	467	105.192	E4	64	49	
449	119.894	C3	48	38	465	105.192	C3	48	49	
450	119.894	G3	55	28	466	105.192	G3	55	49	
451	120.783	G5	79	44	468	106.058	G5	79	49	
452	121.166	G5	79	52	469	106.346	G5	79	49	
453	121.933	G#5	80	50	470	106.923	G#5	80	49	
454	122.576	G#4	68	36	471	107.5	G#4	68	49	
455	122.597	F3	53	26	472	107.5	F3	53	49	
456	122.606	F4	65	25	473	107.5	F4	65	49	
457	123.815	G#4	68	28	474	108.654	G#4	68	49	
458	123.82	F4	65	26	476	108.654	F4	65	49	
459	123.824	F3	53	24	475	108.654	F3	53	49	
460	124.707	C#5	73	47	477	109.231	C#5	73	49	
461	124.728	G#4	68	33	479	109.231	G#4	68	49	
462	124.752	F4	65	25	478	109.231	F4	65	49	
463	125.331	C5	72	59	480	109.808	C5	72	49	
464	125.377	G#4	68	38	483	109.808	G#4	68	49	
465	125.391	F#4	66	30	482	109.808	F#4	66	49	
466	125.394	Eb4	63	33	481	109.808	Eb4	63	49	
467	125.877	C#5	73	71	484	110.385	C#5	73	49	
468	125.93	G#4	68	32	487	110.385	G#4	68	49	
469	125.941	C#4	61	35	485	110.385	C#4	61	49	
470	125.961	F4	65	26	486	110.385	F4	65	49	
471	126.63	F5	77	65	488	110.962	F5	77	49	
472	126.672	G#4	68	28	491	110.962	G#4	68	49	
473	126.698	C4	60	31	489	110.962	C4	60	49	
474	126.698	Eb4	63	31	490	110.962	Eb4	63	49	
475	127.188	Eb5	75	50	492	111.538	Eb5	75	49	
476	127.375	F5	77	56	493	111.683	F5	77	49	
477	127.538	Eb5	75	66	494	111.827	Eb5	75	49	
478	127.68	D5	74	68	495	111.971	D5	74	49	
479	127.872	Eb5	75	71	496	112.115	Eb5	75	49	
480	127.906	C4	60	33	497	112.115	C4	60	49	
481	127.92	A4	69	41	499	112.115	A4	69	49	
482	127.922	Eb4	63	36	498	112.115	Eb4	63	49	
483	128.804	F5	77	72	500	112.981	F5	77	49	
484	129.21	F#5	78	75	501	113.269	F#5	78	49	
485	129.78	F#4	66	43	504	113.846	F#4	66	49	
486	129.795	Bb3	58	36	502	113.846	Bb3	58	49	
487	129.795	C#4	61	34	503	113.846	C#4	61	49	
488	130.555	C4	60	29	506	114.423	C4	60	49	
489	130.561	F4	65	28	507	114.423	F4	65	49	
490	130.564	A3	57	29	505	114.423	A3	57	49	
491	130.863	F5	77	56	508	114.712	F5	77	49	
492	131.244	Eb6	87	52	509	115	Eb6	87	49	
493	131.319	F4	65	25	512	115	F4	65	49	
494	131.33	A3	57	35	510	115	A3	57	49	
495	131.337	C4	60	31	511	115	C4	60	49	
496	131.563	C6	84	63	513	115.288	C6	84	49	
497	131.885	C6	84	50	514	115.577	C6	84	49	
498	131.964	A3	57	28	515	115.577	A3	57	49	
499	131.971	F4	65	26	517	115.577	F4	65	49	
500	131.972	C4	60	30	516	115.577	C4	60	49	
501	133.404	C#4	61	21	519	116.731	C#4	61	49	
502	133.404	F4	65	26	520	116.731	F4	65	49	
503	133.418	Bb3	58	20	518	116.731	Bb3	58	49	
504	134.103	Eb6	87	40	521	117.308	Eb6	87	49	
505	134.604	C#6	85	27	522	117.596	C#6	85	49	
506	136.812	F#4	66	44	523	119.038	F#4	66	49	
507	137.554	F4	65	30	524	119.615	F4	65	49	
508	138.498	F4	65	56	525	120.192	F4	65	49	
509	138.548	C#3	49	33	529	120.192	C#3	49	49	
510	138.561	Bb3	58	48	527	120.192	Bb3	58	49	
511	138.563	G3	55	41	526	120.192	G3	55	49	
512	138.564	C2	36	28	530	120.192	C2	36	49	
513	138.574	C#4	61	42	528	120.192	C#4	61	49	
514	139.402	E4	64	55	531	121.058	E4	64	49	
515	139.7	G4	67	66	532	121.346	G4	67	49	
516	139.743	E2	40	47	533	121.346	E2	40	49	
517	140.945	G2	43	65	534	122.5	G2	43	49	
518	142.313	G4	67	81	535	123.654	G4	67	49	
519	142.327	G#2	44	77	540	123.654	G#2	44	49	
520	142.328	G#1	32	68	538	123.654	G#1	32	49	
521	142.328	G#3	56	73	536	123.654	G#3	56	49	
522	142.329	C4	60	71	537	123.654	C4	60	49	
523	142.341	C2	36	64	539	123.654	C2	36	49	
524	143.253	F4	65	61	541	124.519	F4	65	49	
525	143.569	F4	65	83	542	124.808	F4	65	49	
526	143.579	G2	43	81	547	124.808	G2	43	49	
527	143.58	G1	31	75	545	124.808	G1	31	49	
528	143.585	Bb3	58	76	543	124.808	Bb3	58	49	
529	143.586	C4	60	66	544	124.808	C4	60	49	
530	143.59	C2	36	69	546	124.808	C2	36	49	
531	144.058	Bb1	34	6	*	-1	*	-1	-1	
532	144.588	E4	64	70	548	125.673	E4	64	49	
533	144.926	G4	67	90	549	125.962	G4	67	49	
534	144.942	G#3	56	81	550	125.962	G#3	56	49	
535	144.947	F1	29	71	552	125.962	F1	29	49	
536	144.951	C4	60	69	551	125.962	C4	60	49	
537	144.952	F2	41	69	554	125.962	F2	41	49	
538	144.958	C2	36	65	553	125.962	C2	36	49	
539	146.089	F4	65	52	555	126.827	F4	65	49	
540	146.741	G#4	68	78	556	127.115	G#4	68	49	
541	146.767	G3	55	58	557	127.115	G3	55	49	
542	146.769	E1	28	57	559	127.115	E1	28	49	
543	146.769	C4	60	60	558	127.115	C4	60	49	
544	146.778	C2	36	55	560	127.115	C2	36	49	
545	146.784	E2	40	50	561	127.115	E2	40	49	
546	148.315	G4	67	48	562	127.981	G4	67	49	
547	148.883	E4	64	40	563	128.269	E4	64	49	
548	149.282	G4	67	42	564	128.558	G4	67	49	
549	149.6	Bb4	70	43	565	128.846	Bb4	70	41	
550	149.867	C#5	73	48	566	129.135	C#5	73	33	
551	150.124	C5	72	46	567	129.423	C5	72	33	
552	150.389	Bb4	70	48	568	129.712	Bb4	70	33	
553	150.658	G#4	68	42	569	130	G#4	68	33	
554	150.941	G4	67	41	570	130.288	G4	67	33	
555	151.241	Bb4	70	44	571	130.577	Bb4	70	33	
556	151.554	E5	76	46	572	130.865	E5	76	33	
557	151.844	G5	79	49	573	131.154	G5	79	33	
558	152.119	Bb5	82	50	574	131.442	Bb5	82	33	
559	152.414	G#5	80	48	575	131.731	G#5	80	33	
560	152.672	G5	79	53	576	132.019	G5	79	33	
561	152.944	F5	77	53	577	132.308	F5	77	33	
562	153.215	E5	76	51	578	132.596	E5	76	33	
563	153.526	G5	79	35	579	132.885	G5	79	33	
564	153.869	Bb5	82	41	580	133.173	Bb5	82	33	
565	154.173	C6	84	53	581	133.462	C6	84	33	
566	154.478	C#6	85	56	582	133.75	C#6	85	33	
567	154.816	C6	84	46	583	134.038	C6	84	33	
568	155.236	Bb5	82	36	584	134.327	Bb5	82	33	
569	155.573	G#5	80	46	585	134.615	G#5	80	33	
570	155.855	G5	79	57	586	134.904	G5	79	33	
571	156.181	Bb5	82	45	587	135.192	Bb5	82	33	
572	156.539	G5	79	44	588	135.481	G5	79	33	
573	156.821	F5	77	51	589	135.769	F5	77	33	
574	157.095	E5	76	54	590	136.058	E5	76	33	
575	157.435	Bb5	82	44	591	136.346	Bb5	82	33	
576	157.725	G5	79	50	592	136.659	G5	79	33	
577	158.04	F5	77	56	593	136.971	F5	77	33	
578	158.409	E5	76	64	594	137.284	E5	76	33	
579	158.916	G6	91	72	596	137.596	G6	91	33	
580	158.944	G5	79	48	595	137.596	G5	79	33	
581	159.363	E6	88	75	598	137.909	E6	88	33	
582	159.407	E5	76	49	597	137.909	E5	76	33	
583	159.764	C#6	85	71	600	138.221	C#6	85	33	
584	159.817	C#5	73	33	599	138.221	C#5	73	33	
585	160.263	C6	84	66	602	138.534	C6	84	33	
586	160.3	C5	72	41	601	138.534	C5	72	33	
587	161.532	C6	84	51	604	138.846	C6	84	33	
588	161.611	C5	72	24	603	138.846	C5	72	33	
589	161.647	G3	55	13	606	138.846	G3	55	33	
590	161.657	E3	52	20	605	138.846	E3	52	33	
591	162.215	C4	60	31	607	139.135	C4	60	33	
592	162.594	G3	55	10	609	139.423	G3	55	33	
593	162.612	E3	52	18	608	139.423	E3	52	33	
594	162.864	C4	60	31	610	139.712	C4	60	33	
595	163.141	G3	55	15	614	140	G3	55	33	
596	163.158	E3	52	24	613	140	E3	52	33	
597	163.259	G5	79	52	612	140	G5	79	33	
598	163.324	G4	67	31	611	140	G4	67	33	
599	163.543	C4	60	27	615	140.288	C4	60	33	
600	163.794	G3	55	33	617	140.577	G3	55	33	
601	163.814	E3	52	30	616	140.577	E3	52	33	
602	164.098	C4	60	26	618	140.865	C4	60	33	
603	164.347	G3	55	24	620	141.154	G3	55	33	
604	164.373	E3	52	22	619	141.154	E3	52	33	
605	164.611	C4	60	31	621	141.442	C4	60	33	
606	164.878	G3	55	22	623	141.731	G3	55	33	
607	164.891	E3	52	36	622	141.731	E3	52	33	
608	165.16	C4	60	24	624	142.019	C4	60	33	
609	165.436	A5	81	54	626	142.308	A5	81	33	
610	165.516	A4	69	31	625	142.308	A4	69	33	
611	165.519	F3	53	25	627	142.308	F3	53	33	
612	165.53	A3	57	22	628	142.308	A3	57	33	
613	165.876	C4	60	27	629	142.596	C4	60	33	
614	166.106	F5	77	63	631	142.885	F5	77	33	
615	166.158	F4	65	42	630	142.885	F4	65	33	
616	166.169	F3	53	26	632	142.885	F3	53	33	
617	166.176	A3	57	35	633	142.885	A3	57	33	
618	166.44	C4	60	34	634	143.173	C4	60	33	
619	166.672	F5	77	64	636	143.462	F5	77	33	
620	166.741	F4	65	30	635	143.462	F4	65	33	
621	166.769	G3	55	35	637	143.462	G3	55	33	
622	166.779	Bb3	58	27	638	143.462	Bb3	58	33	
623	167.012	C4	60	40	639	143.75	C4	60	33	
624	167.248	E5	76	47	642	144.327	E5	76	33	
625	167.285	G3	55	34	640	144.038	G3	55	33	
626	167.324	Bb3	58	23	641	144.038	Bb3	58	33	
627	167.41	F5	77	53	644	144.399	F5	77	33	
628	167.569	C4	60	34	643	144.327	C4	60	33	
629	167.57	E5	76	61	645	144.471	E5	76	33	
630	167.703	D5	74	63	646	144.543	D5	74	33	
631	167.893	G3	55	31	649	144.615	G3	55	33	
632	167.894	Bb3	58	17	650	144.615	Bb3	58	33	
633	167.971	E5	76	66	648	144.615	E5	76	33	
634	168.019	E4	64	40	647	144.615	E4	64	33	
635	168.301	C4	60	42	651	144.904	C4	60	33	
636	168.546	F5	77	67	653	145.192	F5	77	33	
637	168.589	F4	65	46	652	145.192	F4	65	33	
638	168.617	G3	55	32	654	145.192	G3	55	33	
639	168.617	Bb3	58	32	655	145.192	Bb3	58	33	
640	168.847	C4	60	38	656	145.481	C4	60	33	
641	169.095	G5	79	70	658	145.769	G5	79	33	
642	169.136	G4	67	45	657	145.769	G4	67	33	
643	169.159	G3	55	34	659	145.769	G3	55	33	
644	169.17	Bb3	58	29	660	145.769	Bb3	58	33	
645	169.406	C4	60	33	661	146.058	C4	60	33	
646	169.643	A5	81	73	663	146.346	A5	81	33	
647	169.7	A4	69	39	662	146.346	A4	69	33	
648	169.732	F3	53	36	664	146.346	F3	53	33	
649	169.738	A3	57	28	665	146.346	A3	57	33	
650	169.989	C4	60	42	666	146.635	C4	60	33	
651	170.251	Bb5	82	77	668	146.923	Bb5	82	33	
652	170.308	Bb4	70	49	667	146.923	Bb4	70	33	
653	170.319	E3	52	37	669	146.923	E3	52	33	
654	170.321	G3	55	35	670	146.923	G3	55	33	
655	170.642	B5	83	65	672	147.212	B5	83	33	
656	170.667	B4	71	52	671	147.212	B4	71	33	
657	170.672	C4	60	36	673	147.212	C4	60	33	
658	170.947	B5	83	74	675	147.5	B5	83	33	
659	170.981	B4	71	50	674	147.5	B4	71	33	
660	170.997	E3	52	35	676	147.5	E3	52	33	
661	170.998	G3	55	31	677	147.5	G3	55	33	
662	171.239	C6	84	68	679	147.788	C6	84	33	
663	171.269	C5	72	46	678	147.788	C5	72	33	
664	171.275	C4	60	33	680	147.788	C4	60	33	
665	171.55	E3	52	28	682	148.077	E3	52	49	
666	171.559	G3	55	9	683	148.077	G3	55	49	
667	171.623	B5	83	58	681	148.077	B5	83	49	
668	171.886	C6	84	67	684	148.365	C6	84	49	
669	171.933	C4	60	34	685	148.365	C4	60	49	
670	172.196	D6	86	61	686	148.654	D6	86	49	
671	172.216	E3	52	27	687	148.654	E3	52	49	
672	172.238	G3	55	25	688	148.654	G3	55	49	
673	172.475	C6	84	61	689	148.942	C6	84	49	
674	172.496	C4	60	37	690	148.942	C4	60	49	
675	172.777	G5	79	55	691	149.231	G5	79	49	
676	172.811	E3	52	33	692	149.231	E3	52	49	
677	172.816	G3	55	24	693	149.231	G3	55	49	
678	173.076	C4	60	33	694	149.519	C4	60	49	
679	173.353	G3	55	27	696	149.808	G3	55	49	
680	173.358	E3	52	19	695	149.808	E3	52	49	
681	173.623	C4	60	36	697	150.096	C4	60	49	
682	173.882	E3	52	19	698	150.385	E3	52	49	
683	173.888	G3	55	27	699	150.385	G3	55	49	
684	174.159	A5	81	48	700	150.673	A5	81	49	
685	174.17	C4	60	25	701	150.673	C4	60	49	
686	174.285	G5	79	53	702	150.817	G5	79	49	
687	174.45	A5	81	63	703	150.962	A5	81	49	
688	174.47	E3	52	33	704	150.962	E3	52	49	
689	174.478	G3	55	32	705	150.962	G3	55	49	
690	174.573	G5	79	63	706	151.106	G5	79	49	
691	174.712	Bb5	82	62	707	151.25	Bb5	82	49	
692	174.722	C4	60	49	708	151.25	C4	60	49	
693	174.819	A5	81	67	709	151.394	A5	81	49	
694	174.945	Bb5	82	71	710	151.538	Bb5	82	49	
695	174.973	A3	57	42	712	151.538	A3	57	49	
696	174.98	F3	53	42	711	151.538	F3	53	49	
697	175.063	A5	81	60	713	151.683	A5	81	49	
698	175.19	C6	84	71	714	151.827	C6	84	49	
699	175.217	C4	60	40	715	151.827	C4	60	49	
700	175.309	B5	83	60	716	151.971	B5	83	49	
701	175.442	C6	84	65	717	152.115	C6	84	49	
702	175.509	F3	53	35	718	152.115	F3	53	49	
703	175.514	A3	57	34	719	152.115	A3	57	49	
704	175.548	B5	83	50	720	152.187	A5	81	49	
705	175.626	D6	86	68	721	152.26	D6	86	49	
706	175.732	C6	84	68	722	152.332	C6	84	49	
707	175.759	C4	60	32	724	152.404	C4	60	49	
708	175.827	F6	89	71	723	152.404	F6	89	49	
709	175.92	F5	77	62	725	152.548	F5	77	49	
710	176.064	G3	55	24	728	152.692	G3	55	49	
711	176.077	Bb3	58	20	729	152.692	Bb3	58	49	
712	176.192	F5	77	73	727	152.692	F5	77	49	
713	176.233	F4	65	44	726	152.692	F4	65	49	
714	176.441	C4	60	41	730	152.981	C4	60	49	
715	176.709	E5	76	58	733	153.558	E5	76	49	
716	176.721	G3	55	31	731	153.269	G3	55	49	
717	176.746	Bb3	58	18	732	153.269	Bb3	58	49	
718	176.874	F5	77	34	735	153.63	F5	77	49	
719	176.98	E5	76	63	736	153.702	E5	76	49	
720	176.996	C4	60	35	734	153.558	C4	60	49	
721	177.129	D5	74	58	737	153.774	D5	74	49	
722	177.312	G3	55	37	740	153.846	G3	55	49	
723	177.329	E5	76	74	739	153.846	E5	76	49	
724	177.336	Bb3	58	27	741	153.846	Bb3	58	49	
725	177.362	E4	64	49	738	153.846	E4	64	49	
726	177.606	C4	60	36	742	154.135	C4	60	49	
727	177.848	F5	77	77	744	154.423	F5	77	49	
728	177.877	F4	65	52	743	154.423	F4	65	49	
729	177.89	G3	55	40	745	154.423	G3	55	49	
730	177.913	Bb3	58	24	746	154.423	Bb3	58	49	
731	178.12	C4	60	42	747	154.712	C4	60	49	
732	178.415	G5	79	79	749	155	G5	79	49	
733	178.434	G4	67	66	748	155	G4	67	49	
734	178.446	G3	55	44	750	155	G3	55	49	
735	178.446	Bb3	58	36	751	155	Bb3	58	49	
736	178.705	C4	60	55	752	155.288	C4	60	49	
737	178.98	G#5	80	76	754	155.577	G#5	80	49	
738	179.001	G#4	68	59	753	155.577	G#4	68	49	
739	179.013	F3	53	47	755	155.577	F3	53	49	
740	179.015	G#3	56	48	756	155.577	G#3	56	49	
741	179.316	C4	60	54	757	155.865	C4	60	49	
742	179.574	Bb5	82	80	759	156.154	Bb5	82	49	
743	179.601	Bb4	70	61	758	156.154	Bb4	70	49	
744	179.613	E3	52	46	760	156.154	E3	52	49	
745	179.624	G3	55	41	761	156.154	G3	55	49	
746	179.913	B5	83	72	763	156.442	B5	83	49	
747	179.93	C4	60	48	764	156.442	C4	60	49	
748	179.932	B4	71	53	762	156.442	B4	71	49	
749	180.198	B5	83	84	766	156.731	B5	83	49	
750	180.203	G3	55	75	768	156.731	G3	55	49	
751	180.206	B4	71	71	765	156.731	B4	71	49	
752	180.213	E3	52	71	767	156.731	E3	52	49	
753	180.493	C6	84	86	770	157.019	C6	84	49	
754	180.508	C4	60	66	771	157.019	C4	60	49	
755	180.511	C5	72	73	769	157.019	C5	72	49	
756	180.829	F3	53	81	775	157.308	F3	53	64	
757	180.831	G#3	56	88	776	157.308	G#3	56	64	
758	180.837	C6	84	94	774	157.308	C6	84	49	
759	180.843	C5	72	87	772	157.308	C5	72	49	
760	180.844	G#5	80	90	773	157.308	G#5	80	49	
761	181.155	C4	60	93	777	157.596	C4	60	49	
762	181.481	E4	64	93	781	157.885	E4	64	49	
763	181.497	G#6	92	97	780	157.885	G#6	92	49	
764	181.499	G#5	80	88	778	157.885	G#5	80	49	
765	181.506	C6	84	86	779	157.885	C6	84	49	
766	181.766	F4	65	91	782	158.173	F4	65	49	
767	182.056	C4	60	85	783	158.462	C4	60	49	
768	182.335	G#3	56	80	784	158.75	G#3	56	49	
769	182.634	G#5	80	90	786	159.038	G#5	80	49	
770	182.654	G3	55	75	787	159.038	G3	55	49	
771	182.654	C5	72	69	785	159.038	C5	72	49	
772	182.937	F3	53	76	788	159.327	F3	53	49	
773	183.215	E3	52	80	790	159.615	E3	52	49	
774	183.228	C3	48	66	789	159.615	C3	48	49	
775	183.541	G3	55	65	791	159.904	G3	55	49	
776	183.825	G5	79	79	793	160.192	G5	79	49	
777	183.851	Bb3	58	59	794	160.192	Bb3	58	49	
778	183.862	Bb4	70	58	792	160.192	Bb4	70	49	
779	184.113	C3	48	68	795	160.481	C3	48	49	
780	184.462	C#3	49	63	796	160.769	C#3	49	49	
781	184.774	F3	53	58	797	161.058	F3	53	49	
782	185.11	F5	77	54	799	161.346	F5	77	49	
783	185.111	G#4	68	53	798	161.346	G#4	68	49	
784	185.124	G#3	56	42	800	161.346	G#3	56	49	
785	185.436	C#3	49	65	801	161.635	C#3	49	49	
786	185.715	F5	77	90	803	161.923	F5	77	49	
787	185.722	F3	53	80	805	161.923	F3	53	64	
788	185.725	G#4	68	85	802	161.923	G#4	68	49	
789	185.732	C#3	49	78	804	161.923	C#3	49	64	
790	185.875	G#4	68	3	*	-1	*	-1	-1	
791	186.04	G#3	56	95	806	162.212	G#3	56	49	
792	186.342	C4	60	88	810	162.5	C4	60	49	
793	186.351	F6	89	94	809	162.5	F6	89	49	
794	186.356	F5	77	85	807	162.5	F5	77	49	
795	186.36	G#5	80	88	808	162.5	G#5	80	49	
796	186.647	C#4	61	92	811	162.788	C#4	61	49	
797	186.934	G#3	56	89	812	163.077	G#3	56	49	
798	187.217	F3	53	82	813	163.365	F3	53	49	
799	187.517	F5	77	80	816	163.654	F5	77	49	
800	187.543	Eb3	51	73	817	163.654	Eb3	51	49	
801	187.544	F4	65	64	814	163.654	F4	65	49	
802	187.549	G#4	68	65	815	163.654	G#4	68	49	
803	187.847	C#3	49	77	818	163.942	C#3	49	49	
804	188.141	F2	41	70	819	164.231	F2	41	49	
805	188.153	A2	45	65	820	164.231	A2	45	49	
806	188.472	C3	48	53	821	164.519	C3	48	49	
807	188.773	Eb5	75	72	824	164.808	Eb5	75	49	
808	188.824	F3	53	54	825	164.808	F3	53	49	
809	188.826	C5	72	43	823	164.808	C5	72	49	
810	188.834	F4	65	41	822	164.808	F4	65	49	
811	189.104	A2	45	61	826	165.096	A2	45	49	
812	189.43	Bb2	46	44	827	165.385	Bb2	46	49	
813	189.766	C#3	49	44	828	165.673	C#3	49	49	
814	190.092	C#5	73	61	831	165.962	C#5	73	49	
815	190.123	F4	65	37	829	165.962	F4	65	49	
816	190.158	F3	53	39	832	165.962	F3	53	49	
817	190.158	Bb4	70	39	830	165.962	Bb4	70	49	
818	190.532	Bb2	46	26	833	166.25	Bb2	46	49	
819	191.122	C5	72	46	834	166.538	C5	72	49	
820	191.155	F4	65	38	836	166.538	F4	65	49	
821	191.165	D4	62	37	835	166.538	D4	62	49	
822	191.169	G#4	68	35	837	166.538	G#4	68	49	
823	191.203	G2	43	38	839	166.538	G2	43	49	
824	191.213	G#3	56	34	838	166.538	G#3	56	49	
825	191.515	C5	72	17	*	-1	*	-1	-1	
826	192.045	B4	71	42	840	167.404	B4	71	49	
827	192.323	D5	74	51	841	167.692	D5	74	49	
828	192.403	B2	47	25	842	167.692	B2	47	49	
829	193.372	D3	50	36	843	168.846	D3	50	49	
830	194.561	B2	47	24	844	170	B2	47	49	
831	195.918	C5	72	52	845	171.154	C5	72	49	
832	196.842	B4	71	36	846	172.019	B4	71	49	
833	197.126	D5	74	45	847	172.308	D5	74	49	
834	198.382	D5	74	47	848	173.462	D5	74	49	
835	199.309	C5	72	35	849	174.327	C5	72	49	
836	199.631	Eb5	75	43	850	174.615	Eb5	75	49	
837	201.499	Eb5	75	38	851	175.769	Eb5	75	33	
838	201.527	F4	65	29	852	175.769	F4	65	33	
839	201.529	D4	62	15	854	175.769	D4	62	33	
840	201.531	G#4	68	27	853	175.769	G#4	68	33	
841	201.54	B2	47	25	855	175.769	B2	47	33	
842	202.373	D5	74	42	856	176.635	D5	74	33	
843	202.658	F5	77	54	857	176.923	F5	77	33	
844	202.736	F3	53	26	858	176.923	F3	53	33	
845	203.719	G#3	56	39	*	-1	*	-1	-1	
846	203.807	G#3	56	18	859	178.077	G#3	56	33	
847	204.979	F3	53	21	860	179.231	F3	53	33	
848	206.325	Eb5	75	42	861	180.385	Eb5	75	33	
849	207.269	D5	74	34	862	181.25	D5	74	33	
850	207.571	F5	77	39	863	181.538	F5	77	33	
851	208.884	F5	77	43	864	182.692	F5	77	33	
852	209.844	Eb5	75	35	865	183.558	Eb5	75	33	
853	210.194	G5	79	39	866	183.846	G5	79	33	
854	211.912	Bb2	46	15	870	185	Bb2	46	33	
855	212.897	G5	79	41	*	-1	*	-1	-1	
856	212.949	G#4	68	34	*	-1	*	-1	-1	
857	212.987	D4	62	24	871	185.577	D4	62	33	
858	213.007	D5	74	15	*	-1	*	-1	-1	
859	214.058	F5	77	36	872	185.865	F5	77	33	
860	214.51	G#5	80	45	873	186.154	G#5	80	33	
861	214.603	F3	53	21	874	186.154	F3	53	33	
862	215.753	D4	62	33	875	187.308	D4	62	33	
863	216.721	F5	77	31	876	188.173	F5	77	33	
864	217.158	D6	86	48	877	188.462	D6	86	33	
865	217.264	F3	53	20	878	188.462	F3	53	33	
866	218.57	F4	65	27	879	189.615	F4	65	33	
867	219.45	G#5	80	32	880	190.481	G#5	80	33	
868	219.796	F6	89	56	881	190.769	F6	89	33	
869	219.878	D4	62	33	882	190.769	D4	62	33	
870	221.234	G#4	68	25	883	191.923	G#4	68	33	
871	222.26	D6	86	18	884	192.788	D6	86	33	
872	222.698	G#6	92	46	885	193.077	G#6	92	33	
873	222.814	F4	65	14	886	193.077	F4	65	33	
*	-1	*	-1	-1	2	0	Eb4	63	49	
*	-1	*	-1	-1	11	4.61538	Eb4	63	49	
*	-1	*	-1	-1	49	18.4615	G#4	68	49	
*	-1	*	-1	-1	60	23.0769	G#4	68	49	
*	-1	*	-1	-1	62	23.3606	F5	77	49	
*	-1	*	-1	-1	226	67.1154	A3	57	49	
*	-1	*	-1	-1	241	69.4231	C4	60	49	
*	-1	*	-1	-1	246	70.2885	D4	62	49	
*	-1	*	-1	-1	278	74.0385	A3	57	49	
*	-1	*	-1	-1	319	78.3654	D4	62	49	
*	-1	*	-1	-1	326	79.3029	F#4	66	49	
*	-1	*	-1	-1	346	80.3846	E4	64	49	
*	-1	*	-1	-1	349	80.5288	F#4	66	49	
*	-1	*	-1	-1	350	80.6731	G4	67	49	
*	-1	*	-1	-1	433	92.5	C#4	61	49	
*	-1	*	-1	-1	444	97.1154	C#4	61	49	
*	-1	*	-1	-1	867	185	G#4	68	33	
*	-1	*	-1	-1	868	185	D5	74	33	
*	-1	*	-1	-1	869	185	G5	79	33	
*	-1	*	-1	-1	63	23.6538	Eb5	75	49	
*	-1	*	-1	-1	327	79.375	G4	67	49	
*	-1	*	-1	-1	339	79.9519	F#4	66	49	
*	-1	*	-1	-1	340	80.024	G4	67	49	
*	-1	*	-1	-1	341	80.0961	F#4	66	49	
*	-1	*	-1	-1	343	80.1683	G4	67	49	
*	-1	*	-1	-1	344	80.2404	F#4	66	49	
*	-1	*	-1	-1	345	80.3125	G4	67	49	
*	-1	*	-1	-1	352	80.9615	A4	69	49	
