// alignID alignOntime alignSitch alignPitch alignOnvel refID refOntime refSitch refPitch refOnvel
0	1.51309	C#5	73	51	0	0	C#5	73	49	
1	1.56918	A4	69	42	*	-1	*	-1	-1	
2	1.6266	E3	52	29	3	0	E3	52	49	
3	1.62794	A2	45	34	2	0	A2	45	49	
4	1.65598	A4	69	3	1	0	A4	69	49	
5	2.20085	B4	71	60	4	0.4	B4	71	49	
6	2.22088	G#4	68	45	5	0.4	G#4	68	49	
7	2.84989	D5	74	50	7	0.8	D5	74	49	
8	2.85924	F#4	66	44	6	0.8	F#4	66	49	
9	2.99279	A1	33	31	9	0.8	A1	33	49	
10	3.56704	D4	62	34	10	1.2	D4	62	49	
11	4.03712	A3	57	38	11	1.6	A3	57	49	
12	4.43509	F#3	54	43	12	2	F#3	54	49	
13	4.86244	C#5	73	59	13	2.4	C#5	73	49	
14	4.88782	A4	69	53	14	2.4	A4	69	49	
15	4.9399	D3	50	36	16	2.4	D3	50	49	
16	4.94391	A2	45	36	15	2.4	A2	45	49	
17	5.31249	B4	71	65	17	2.8	B4	71	49	
18	5.33253	G#4	68	57	18	2.8	G#4	68	49	
19	5.629	F#4	66	66	19	3.2	F#4	66	49	
20	5.81997	A1	33	44	21	3.2	A1	33	49	
21	6.05502	A5	81	69	22	3.305	A5	81	49	
22	6.47435	D3	50	39	23	3.6	D3	50	49	
23	7.03792	A2	45	39	24	4	A2	45	49	
24	7.47195	F#2	42	44	25	4.4	F#2	42	49	
25	7.91799	A4	69	55	26	4.8	A4	69	49	
26	7.94737	F#4	66	48	27	4.8	F#4	66	49	
27	7.97141	D2	38	40	28	4.8	D2	38	49	
28	8.35603	D3	50	49	29	5.2	D3	50	49	
29	8.51762	B4	71	71	30	5.4	B4	71	49	
30	8.76335	B4	71	74	31	5.6	B4	71	49	
31	8.78605	E4	64	56	32	5.6	E4	64	49	
32	8.79139	G#4	68	60	33	5.6	G#4	68	49	
33	8.79406	E3	52	53	35	5.6	E3	52	49	
34	8.80341	D3	50	50	34	5.6	D3	50	49	
35	8.80742	G#3	56	45	36	5.6	G#3	56	49	
36	9.15197	B3	59	61	37	6	B3	59	49	
37	9.31089	E5	76	81	38	6.2	E5	76	49	
38	9.56997	C#3	49	56	42	6.4	C#3	49	49	
39	9.57398	E3	52	55	43	6.4	E3	52	49	
40	9.63274	E5	76	79	39	6.4	E5	76	49	
41	9.67146	A4	69	58	41	6.4	A4	69	49	
42	9.67814	E4	64	49	40	6.4	E4	64	49	
43	10.0387	A3	57	46	44	6.8	A3	57	49	
44	10.5008	D5	74	65	45	7.2	D5	74	49	
45	10.5315	F#4	66	50	46	7.2	F#4	66	49	
46	10.605	B1	35	50	47	7.2	B1	35	49	
47	10.9989	D3	50	34	48	7.6	D3	50	49	
48	11.3688	E2	40	40	51	8	E2	40	49	
49	11.5091	A4	69	54	49	8	A4	69	49	
50	11.5438	C#4	61	31	50	8	C#4	61	49	
51	11.9818	E3	52	54	52	8.4	E3	52	49	
52	12.4426	G#4	68	51	53	8.8	G#4	68	49	
53	12.4893	B3	59	27	54	8.8	B3	59	49	
54	12.5494	E3	52	45	55	8.8	E3	52	49	
55	12.9701	F#3	54	49	57	9.2	F#3	54	49	
56	13.6164	C#5	73	53	58	9.6	C#5	73	49	
57	13.6512	E4	64	39	59	9.6	E4	64	49	
58	13.6725	G3	55	37	60	9.6	G3	55	49	
59	13.6792	E3	52	41	61	9.6	E3	52	49	
60	14.0465	B4	71	65	62	10	B4	71	49	
61	14.574	D5	74	59	64	10.4	D5	74	49	
62	14.602	A4	69	48	63	10.4	A4	69	49	
63	14.7048	F#2	42	39	66	10.4	F#2	42	49	
64	15.1162	D4	62	43	67	10.8	D4	62	49	
65	15.5222	A3	57	47	68	11.2	A3	57	49	
66	15.9175	F#3	54	50	69	11.6	F#3	54	49	
67	16.3568	C#5	73	72	70	12	C#5	73	49	
68	16.3822	E4	64	55	71	12	E4	64	49	
69	16.3929	A4	69	54	72	12	A4	69	49	
70	16.4837	E2	40	65	73	12	E2	40	49	
71	16.8189	B4	71	76	74	12.4	B4	71	49	
72	17.3771	A5	81	78	75	12.8	A5	81	49	
73	17.4012	F#5	78	66	78	12.8	F#5	78	49	
74	17.4025	B4	71	50	77	12.8	B4	71	49	
75	17.4105	A4	69	61	76	12.8	A4	69	49	
76	17.4572	Eb2	39	53	79	12.8	Eb2	39	49	
77	17.9621	B2	47	55	80	13.2	B2	47	49	
78	18.4241	F#3	54	45	82	13.6	F#3	54	49	
79	18.4388	Eb3	51	38	81	13.6	Eb3	51	49	
80	18.8702	B3	59	43	83	14	B3	59	49	
81	19.3843	C#5	73	58	84	14.4	C#5	73	49	
82	19.4137	F#4	66	44	85	14.4	F#4	66	49	
83	19.4137	B4	71	50	86	14.4	B4	71	49	
84	19.4551	A2	45	38	87	14.4	A2	45	49	
85	19.4591	B2	47	42	88	14.4	B2	47	49	
86	19.8664	A3	57	55	89	14.8	A3	57	49	
87	20.02	Eb5	75	76	90	15	Eb5	75	49	
88	20.2604	Eb5	75	80	91	15.2	Eb5	75	49	
89	20.2951	F#4	66	49	92	15.2	F#4	66	49	
90	20.2991	G#2	44	61	94	15.2	G#2	44	49	
91	20.3018	B2	47	59	95	15.2	B2	47	49	
92	20.3045	B4	71	54	93	15.2	B4	71	49	
93	20.7158	G#3	56	66	96	15.6	G#3	56	49	
94	20.8707	E5	76	78	97	15.8	E5	76	49	
95	21.254	E5	76	69	98	16	E5	76	49	
96	21.2767	C#5	73	51	100	16	C#5	73	49	
97	21.294	E4	64	46	99	16	E4	64	49	
98	21.3234	A2	45	48	101	16	A2	45	49	
99	21.3395	F#3	54	53	102	16	F#3	54	49	
100	21.8189	A3	57	37	103	16.4	A3	57	47	
101	22.2943	F#4	66	54	106	16.8	F#4	66	45	
102	22.3304	A3	57	36	104	16.8	A3	57	45	
103	22.3357	Eb4	63	40	105	16.8	Eb4	63	45	
104	22.3771	B2	47	56	107	16.8	B2	47	45	
105	22.8445	F#3	54	42	109	17.2	F#3	54	43	
106	23.4882	A4	69	50	112	17.6	A4	69	41	
107	23.5083	A3	57	41	110	17.6	A3	57	41	
108	23.5163	Eb4	63	50	111	17.6	Eb4	63	41	
109	23.6231	E2	40	53	113	17.6	E2	40	41	
110	24.3456	B2	47	45	115	18	B2	47	39	
111	24.9158	E4	64	40	117	18.4	E4	64	37	
112	24.9198	G#4	68	43	118	18.4	G#4	68	37	
113	24.9239	G#3	56	40	116	18.4	G#3	56	37	
114	25.6477	E3	52	40	119	18.8	E3	52	35	
115	26.7267	C#5	73	44	120	19.2	C#5	73	33	
116	26.7401	A4	69	38	121	19.2	A4	69	33	
117	26.8242	A2	45	29	122	19.2	A2	45	33	
118	27.4092	G#4	68	42	124	19.6	G#4	68	33	
119	27.4092	B4	71	48	123	19.6	B4	71	33	
120	28.149	D5	74	50	126	20	D5	74	33	
121	28.1757	F#4	66	42	125	20	F#4	66	33	
122	28.2786	A1	33	36	128	20	A1	33	33	
123	28.8368	D4	62	40	129	20.4	D4	62	33	
124	29.3362	A3	57	42	130	20.8	A3	57	33	
125	29.7689	F#3	54	42	131	21.2	F#3	54	33	
126	30.255	C#5	73	54	132	21.6	C#5	73	33	
127	30.2671	A4	69	51	133	21.6	A4	69	33	
128	30.3232	A2	45	39	134	21.6	A2	45	33	
129	30.3325	D3	50	35	135	21.6	D3	50	33	
130	30.7892	B4	71	56	136	22	B4	71	33	
131	30.8079	G#4	68	51	137	22	G#4	68	33	
132	31.2753	F#4	66	57	138	22.4	F#4	66	33	
133	31.4062	A1	33	37	140	22.4	A1	33	33	
134	31.7441	A5	81	59	141	22.505	A5	81	33	
135	32.114	D3	50	35	142	22.8	D3	50	33	
136	32.6162	A2	45	40	143	23.2	A2	45	33	
137	33.0595	F#2	42	40	144	23.6	F#2	42	33	
138	33.579	A4	69	50	146	24	A4	69	33	
139	33.5951	F#4	66	52	145	24	F#4	66	33	
140	33.6258	D2	38	38	148	24	D2	38	33	
141	34.0291	D3	50	49	149	24.4	D3	50	37	
142	34.2307	B4	71	63	151	24.6	B4	71	39	
143	34.2481	F4	65	57	150	24.6	F4	65	39	
144	34.4818	F4	65	62	152	24.8	F4	65	41	
145	34.4831	B4	71	65	153	24.8	B4	71	41	
146	34.5018	G#3	56	50	157	24.8	G#3	56	41	
147	34.5018	G#4	68	58	154	24.8	G#4	68	41	
148	34.5125	D3	50	47	155	24.8	D3	50	41	
149	34.5179	F3	53	46	156	24.8	F3	53	41	
150	34.8998	B3	59	62	158	25.2	B3	59	45	
151	35.1081	E5	76	76	160	25.4	E5	76	47	
152	35.3779	B3	59	51	166	25.6	B3	59	49	
153	35.3886	E3	52	47	165	25.6	E3	52	49	
154	35.3899	C#3	49	44	164	25.6	C#3	49	49	
155	35.462	E5	76	74	162	25.6	E5	76	49	
156	35.4821	G#4	68	61	163	25.6	G#4	68	49	
157	35.4941	E4	64	51	161	25.6	E4	64	49	
158	35.9361	A4	69	61	167	26	A4	69	49	
159	35.9495	A3	57	47	168	26	A3	57	49	
160	36.4797	D5	74	58	170	26.4	D5	74	49	
161	36.5104	F#4	66	51	169	26.4	F#4	66	49	
162	36.5812	B1	35	50	171	26.4	B1	35	49	
163	37.0098	D3	50	50	172	26.8	D3	50	49	
164	37.4359	E2	40	45	175	27.2	E2	40	49	
165	37.4919	A4	69	58	173	27.2	A4	69	49	
166	37.52	C#4	61	36	174	27.2	C#4	61	49	
167	37.6135	C#4	61	5	*	-1	*	-1	-1	
168	37.9781	E3	52	53	176	27.6	E3	52	49	
169	38.5122	G#4	68	46	177	28	G#4	68	49	
170	38.5563	B3	59	30	178	28	B3	59	49	
171	38.6204	E3	52	38	179	28	E3	52	49	
172	39.0531	F#3	54	42	181	28.4	F#3	54	49	
173	39.833	C#5	73	45	182	28.8	C#5	73	49	
174	39.8664	E4	64	40	183	28.8	E4	64	49	
175	39.8851	G3	55	31	184	28.8	G3	55	49	
176	39.8931	E3	52	37	185	28.8	E3	52	49	
177	40.3605	B4	71	53	186	29.2	B4	71	49	
178	40.9268	D5	74	58	188	29.6	D5	74	49	
179	40.9535	A4	69	44	187	29.6	A4	69	49	
180	41.0536	F#2	42	34	190	29.6	F#2	42	49	
181	41.4676	D4	62	42	191	30	D4	62	49	
182	41.891	A3	57	41	192	30.4	A3	57	49	
183	42.3237	F#3	54	40	193	30.8	F#3	54	49	
184	42.8231	C#5	73	61	194	31.2	C#5	73	49	
185	42.8552	E4	64	42	195	31.2	E4	64	49	
186	42.8699	A4	69	45	196	31.2	A4	69	49	
187	42.9781	E2	40	54	197	31.2	E2	40	49	
188	43.3039	B4	71	74	198	31.6	B4	71	49	
189	43.7887	Eb2	39	55	203	32	Eb2	39	49	
190	43.9182	A5	81	76	199	32	A5	81	49	
191	43.9343	F#5	78	61	202	32	F#5	78	49	
192	43.9449	B4	71	55	201	32	B4	71	49	
193	43.9476	A4	69	62	200	32	A4	69	49	
194	44.4297	B2	47	52	204	32.4	B2	47	49	
195	44.8824	F#3	54	54	206	32.8	F#3	54	49	
196	44.8851	Eb3	51	50	205	32.8	Eb3	51	49	
197	45.3004	B3	59	53	207	33.2	B3	59	49	
198	45.7518	C#5	73	67	209	33.6	C#5	73	49	
199	45.7638	G#4	68	63	208	33.6	G#4	68	49	
200	45.7999	B2	47	46	211	33.6	B2	47	49	
201	45.8079	A2	45	49	210	33.6	A2	45	49	
202	46.1979	A3	57	52	212	34	A3	57	49	
203	46.3955	Eb5	75	71	215	34.2	Eb5	75	49	
204	46.4129	F#4	66	64	213	34.2	F#4	66	49	
205	46.4209	B4	71	59	214	34.2	B4	71	49	
206	46.6733	Eb5	75	77	218	34.4	Eb5	75	49	
207	46.6907	F#4	66	72	216	34.4	F#4	66	49	
208	46.6947	B4	71	62	217	34.4	B4	71	49	
209	46.712	G#2	44	54	219	34.4	G#2	44	49	
210	46.7187	B2	47	47	220	34.4	B2	47	49	
211	47.1434	G#3	56	51	221	34.8	G#3	56	49	
212	47.341	E5	76	77	224	35	E5	76	49	
213	47.3637	E4	64	64	222	35	E4	64	49	
214	47.3691	C5	72	58	223	35	C5	72	49	
215	47.6749	E5	76	72	226	35.2	E5	76	49	
216	47.6909	C5	72	67	227	35.2	C5	72	49	
217	47.6923	E4	64	54	225	35.2	E4	64	49	
218	47.727	A2	45	49	228	35.2	A2	45	49	
219	47.7403	F#3	54	55	229	35.2	F#3	54	49	
220	48.3333	C#5	73	59	230	35.6	C#5	73	49	
221	48.364	A3	57	39	231	35.6	A3	57	49	
222	48.8902	B2	47	44	235	36	B2	47	49	
223	48.985	Eb4	63	54	232	36	Eb4	63	49	
224	49.005	A3	57	46	233	36	A3	57	49	
225	49.5779	A4	69	55	236	36.4	A4	69	49	
226	49.5913	F#3	54	39	237	36.4	F#3	54	49	
227	50.3565	A4	69	52	240	36.8	A4	69	49	
228	50.3712	Eb4	63	44	239	36.8	Eb4	63	49	
229	50.3779	A3	57	41	238	36.8	A3	57	49	
230	50.4073	E2	40	40	241	36.8	E2	40	49	
231	51.0924	B2	47	37	243	37.2	B2	47	49	
232	51.7267	G#4	68	42	246	37.6	G#4	68	49	
233	51.7441	E4	64	35	245	37.6	E4	64	49	
234	51.7454	G#3	56	31	244	37.6	G#3	56	49	
235	51.7708	E3	52	34	247	37.6	E3	52	49	
236	52.3677	B2	47	34	248	38	B2	47	49	
237	53.2532	E4	64	45	249	38.4	E4	64	49	
238	53.2919	G3	55	34	250	38.4	G3	55	49	
239	53.2986	C4	60	31	251	38.4	C4	60	49	
240	53.3627	E2	40	39	252	38.4	E2	40	49	
241	53.8501	G2	43	46	254	38.8	G2	43	64	
242	54.3189	F#4	66	54	255	39.2	F#4	66	80	
243	54.4417	C3	48	38	256	39.2	C3	48	80	
244	54.841	E3	52	37	257	39.6	E3	52	80	
245	55.2296	E4	64	42	258	40	E4	64	80	
246	55.2577	C3	48	38	259	40	C3	48	80	
247	55.6543	G2	43	37	260	40.4	G2	43	80	
248	56.1324	E2	40	43	264	40.8	E2	40	80	
249	56.2326	E4	64	55	261	40.8	E4	64	80	
250	56.2473	C#4	61	45	263	40.8	C#4	61	80	
251	56.2566	G3	55	42	262	40.8	G3	55	80	
252	56.6292	G2	43	48	266	41.2	G2	43	80	
253	57.0299	F#4	66	62	267	41.6	F#4	66	80	
254	57.0793	C#3	49	51	268	41.6	C#3	49	80	
255	57.4252	E3	52	49	269	42	E3	52	80	
256	57.8111	E4	64	49	270	42.4	E4	64	80	
257	57.8392	C#3	49	36	271	42.4	C#3	49	80	
258	58.2238	G2	43	36	272	42.8	G2	43	80	
259	58.5777	B2	47	44	277	43.2	B2	47	80	
260	58.5803	E2	40	44	276	43.2	E2	40	80	
261	58.6711	E4	64	59	273	43.2	E4	64	80	
262	58.7139	D4	62	37	275	43.2	D4	62	80	
263	58.7286	G#3	56	19	274	43.2	G#3	56	80	
264	59.025	E3	52	45	279	43.6	E3	52	80	
265	59.3803	G#3	56	49	281	44	G#3	56	80	
266	59.4764	B4	71	67	280	44	B4	71	80	
267	59.7889	E3	52	58	283	44.4	E3	52	80	
268	60.1001	A4	69	71	284	44.8	A4	69	80	
269	60.1188	E4	64	56	286	44.8	E4	64	80	
270	60.1455	A3	57	61	287	44.8	A3	57	80	
271	60.1468	D4	62	53	285	44.8	D4	62	80	
272	60.462	E3	52	55	289	45.2	E3	52	80	
273	60.8039	B3	59	61	293	45.6	B3	59	80	
274	60.8813	G#4	68	74	290	45.6	G#4	68	80	
275	60.9054	E4	64	58	292	45.6	E4	64	80	
276	60.9241	D4	62	48	291	45.6	D4	62	80	
277	61.2085	E3	52	56	295	46	E3	52	80	
278	61.724	B4	71	63	296	46.4	B4	71	80	
279	61.7347	D4	62	60	297	46.4	D4	62	80	
280	61.7588	A2	45	51	298	46.4	A2	45	80	
281	62.1741	E3	52	60	300	46.8	E3	52	80	
282	62.5734	E4	64	51	301	47.2	E4	64	80	
283	62.6268	G#3	56	53	302	47.2	G#3	56	80	
284	63.0248	E3	52	47	303	47.6	E3	52	80	
285	63.5389	A2	45	40	307	48	A2	45	80	
286	63.6191	A4	69	54	304	48	A4	69	80	
287	63.6471	C4	60	39	305	48	C4	60	80	
288	63.6591	F4	65	46	306	48	F4	65	80	
289	64.0411	C3	48	43	309	48.4	C3	48	80	
290	64.4991	B4	71	57	310	48.8	B4	71	80	
291	64.5325	F3	53	32	311	48.8	F3	53	80	
292	64.8971	A3	57	48	312	49.2	A3	57	80	
293	65.259	A4	69	63	313	49.6	A4	69	80	
294	65.267	F3	53	43	314	49.6	F3	53	80	
295	65.6436	C3	48	54	315	50	C3	48	80	
296	66.0496	A4	69	67	316	50.4	A4	69	80	
297	66.059	Eb4	63	62	318	50.4	Eb4	63	80	
298	66.067	C4	60	53	317	50.4	C4	60	80	
299	66.099	F2	41	58	319	50.4	F2	41	80	
300	66.4302	C3	48	63	321	50.8	C3	48	80	
301	66.7895	C5	72	74	322	51.2	C5	72	80	
302	66.8415	Eb3	51	55	323	51.2	Eb3	51	80	
303	67.1527	A3	57	60	324	51.6	A3	57	80	
304	67.4906	A4	69	79	325	52	A4	69	80	
305	67.5039	Eb3	51	57	326	52	Eb3	51	80	
306	67.8405	C3	48	62	327	52.4	C3	48	80	
307	68.169	Eb2	39	72	331	52.8	Eb2	39	80	
308	68.2652	A4	69	79	328	52.8	A4	69	80	
309	68.2959	F#4	66	59	330	52.8	F#4	66	80	
310	68.3025	C4	60	45	329	52.8	C4	60	80	
311	68.6204	C3	48	70	333	53.2	C3	48	80	
312	68.9316	F#5	78	82	334	53.6	F#5	78	80	
313	69.0117	A3	57	56	335	53.6	A3	57	80	
314	69.3402	Eb3	51	69	336	54	Eb3	51	80	
315	69.7368	A3	57	62	338	54.4	A3	57	80	
316	69.8624	C5	72	81	337	54.4	C5	72	80	
317	70.263	C4	60	69	339	54.8	C4	60	80	
318	70.7798	F#4	66	74	340	55.2	F#4	66	80	
319	71.1284	A4	69	75	341	55.6	A4	69	80	
320	71.1377	C4	60	61	342	55.6	C4	60	80	
321	71.505	A3	57	61	344	56	A3	57	80	
322	71.6239	G#4	68	75	343	56	G#4	68	80	
323	72.0111	C4	60	50	345	56.4	C4	60	80	
324	72.4158	A3	57	51	346	56.8	A3	57	80	
325	72.8111	E3	52	51	347	57.2	E3	52	80	
326	73.2879	F#4	66	57	348	57.6	F#4	66	80	
327	73.3012	C3	48	43	349	57.6	C3	48	80	
328	73.8033	E4	64	52	350	58	E4	64	80	
329	73.8194	A2	45	37	351	58	A2	45	80	
330	74.4911	G#4	68	55	352	58.4	G#4	68	80	
331	74.6207	E2	40	40	354	58.4	E2	40	80	
332	75.0453	B3	59	31	355	58.8	B3	59	80	
333	75.4326	G#3	56	45	356	59.2	G#3	56	80	
334	75.8319	E3	52	43	357	59.6	E3	52	80	
335	76.1698	A4	69	66	358	60	A4	69	80	
336	76.2139	C4	60	42	359	60	C4	60	80	
337	76.5851	A3	57	49	360	60.4	A3	57	80	
338	77.0592	Bb4	70	61	361	60.8	Bb4	70	80	
339	77.158	E2	40	49	363	60.8	E2	40	80	
340	77.5119	C#4	61	46	364	61.2	C#4	61	80	
341	77.8939	Bb3	58	48	365	61.6	Bb3	58	80	
342	78.2451	E3	52	51	366	62	E3	52	80	
343	78.5937	G#4	68	71	367	62.4	G#4	68	80	
344	78.6271	E4	64	49	368	62.4	E4	64	80	
345	78.977	F#4	66	77	369	62.8	F#4	66	80	
346	79.001	C#4	61	53	370	62.8	C#4	61	80	
347	79.3976	B4	71	70	371	63.2	B4	71	80	
348	79.5045	E2	40	57	373	63.2	E2	40	80	
349	79.8223	D4	62	56	374	63.6	D4	62	80	
350	80.1655	B3	59	65	375	64	B3	59	80	
351	80.482	E3	52	63	376	64.4	E3	52	80	
352	80.8319	C5	72	78	377	64.8	C5	72	80	
353	80.8747	Eb4	63	64	378	64.8	Eb4	63	80	
354	81.1992	C4	60	65	379	65.2	C4	60	80	
355	81.6158	C#5	73	71	380	65.6	C#5	73	80	
356	81.6906	E2	40	69	382	65.6	E2	40	80	
357	82.0699	E4	64	52	383	66	E4	64	80	
358	82.4265	C#4	61	58	384	66.4	C#4	61	80	
359	82.7777	E3	52	58	385	66.8	E3	52	80	
360	83.0969	B4	71	74	386	67.2	B4	71	80	
361	83.1383	G4	67	55	387	67.2	G4	67	80	
362	83.4802	A4	69	82	388	67.6	A4	69	80	
363	83.5029	C#4	61	52	389	67.6	C#4	61	80	
364	83.993	D5	74	76	390	68	D5	74	80	
365	84.0491	F#2	42	68	391	68	F#2	42	80	
366	84.435	D4	62	63	393	68.4	D4	62	80	
367	84.821	A3	57	64	394	68.8	A3	57	80	
368	85.239	C#5	73	78	395	69.2	C#5	73	80	
369	85.259	G#4	68	69	396	69.2	G#4	68	80	
370	85.2817	E2	40	72	397	69.2	E2	40	80	
371	85.7077	E3	52	69	398	69.6	E3	52	80	
372	86.067	B4	71	74	399	70	B4	71	80	
373	86.0816	G#3	56	64	400	70	G#3	56	80	
374	86.4516	D2	38	70	402	70.4	D2	38	80	
375	86.6759	F#4	66	77	401	70.4	F#4	66	80	
376	86.9938	A5	81	76	403	70.505	A5	81	80	
377	87.2729	F#3	54	64	404	70.8	F#3	54	80	
378	87.7617	A3	57	63	406	71.2	A3	57	80	
379	87.771	D3	50	59	405	71.2	D3	50	80	
380	88.2237	D4	62	66	408	71.6	D4	62	80	
381	88.2411	F#3	54	59	407	71.6	F#3	54	80	
382	88.8113	A4	69	78	411	72	A4	69	80	
383	88.826	E4	64	65	410	72	E4	64	80	
384	88.8354	A3	57	60	409	72	A3	57	80	
385	88.8741	A2	45	64	413	72	A2	45	80	
386	88.8861	C#2	37	67	412	72	C#2	37	80	
387	89.3308	B1	35	78	414	72.4	B1	35	80	
388	89.666	D2	38	75	418	72.8	D2	38	80	
389	89.7715	G#4	68	76	415	72.8	G#4	68	80	
390	89.7862	B3	59	57	417	72.8	B3	59	80	
391	89.7942	A3	57	67	416	72.8	A3	57	80	
392	90.2109	A2	45	67	419	73.2	A2	45	80	
393	90.6583	F#4	66	77	420	73.6	F#4	66	80	
394	91.0055	A2	45	72	421	74	A2	45	80	
395	91.3594	E4	64	76	422	74.4	E4	64	80	
396	91.3754	C#2	37	69	425	74.4	C#2	37	80	
397	91.3915	E3	52	52	423	74.4	E3	52	80	
398	91.3941	A3	57	53	424	74.4	A3	57	80	
399	91.712	D4	62	80	426	74.8	D4	62	80	
400	91.7374	B1	35	73	427	74.8	B1	35	80	
401	92.0071	D2	38	69	431	75.2	D2	38	80	
402	92.142	C#4	61	77	428	75.2	C#4	61	80	
403	92.162	F#3	54	65	429	75.2	F#3	54	80	
404	92.1741	A3	57	59	430	75.2	A3	57	80	
405	92.5052	A2	45	66	432	75.6	A2	45	80	
406	92.8859	B3	59	70	433	76	B3	59	80	
407	93.2678	A2	45	67	434	76.4	A2	45	80	
408	93.5803	C#2	37	62	438	76.8	C#2	37	49	
409	93.6351	A4	69	80	435	76.8	A4	69	49	
410	93.6524	A3	57	59	436	76.8	A3	57	49	
411	93.6564	E4	64	66	437	76.8	E4	64	49	
412	93.9689	B1	35	65	439	77.2	B1	35	49	
413	94.2601	D2	38	57	443	77.6	D2	38	49	
414	94.407	G4	67	76	440	77.6	G4	67	49	
415	94.423	A3	57	57	441	77.6	A3	57	49	
416	94.4257	B3	59	60	442	77.6	B3	59	49	
417	94.8997	A2	45	50	444	78	A2	45	49	
418	95.3071	F4	65	68	445	78.4	F4	65	49	
419	95.7531	A2	45	52	446	78.8	A2	45	49	
420	96.2499	E4	64	55	447	79.2	E4	64	49	
421	96.2566	C2	36	54	450	79.2	C2	36	49	
422	96.2739	A3	57	37	449	79.2	A3	57	49	
423	96.2753	E3	52	44	448	79.2	E3	52	49	
424	96.6906	D4	62	65	451	79.6	D4	62	49	
425	96.6919	B1	35	57	452	79.6	B1	35	49	
426	97.0672	D2	38	52	456	80	D2	38	49	
427	97.1914	C4	60	52	453	80	C4	60	49	
428	97.2061	A3	57	41	455	80	A3	57	49	
429	97.2235	F3	53	47	454	80	F3	53	49	
430	97.739	A2	45	37	457	80.4	A2	45	49	
431	98.3239	B3	59	39	458	80.8	B3	59	49	
432	98.989	A2	45	26	459	81.2	A2	45	49	
433	100.315	G#5	80	59	460	81.6	G#5	80	49	
434	100.33	E5	76	51	466	81.6	E5	76	49	
435	100.335	A4	69	49	461	81.6	A4	69	49	
436	100.399	E4	64	39	465	81.6	E4	64	49	
437	100.402	A3	57	41	464	81.6	A3	57	49	
438	100.418	C#3	49	39	462	81.6	C#3	49	49	
439	100.422	E3	52	39	463	81.6	E3	52	49	
440	101.046	A5	81	49	467	82	A5	81	49	
441	101.697	D5	74	31	468	82.4	D5	74	49	
442	101.7	F#5	78	50	469	82.4	F#5	78	49	
443	101.773	A2	45	32	471	82.4	A2	45	49	
444	101.784	D2	38	35	470	82.4	D2	38	49	
445	102.511	G#4	68	45	472	82.8	G#4	68	49	
446	102.95	A4	69	51	473	83.2	A4	69	49	
447	102.981	F#3	54	39	475	83.2	F#3	54	49	
448	102.987	D3	50	42	474	83.2	D3	50	49	
449	103.364	F#4	66	57	476	83.6	F#4	66	49	
450	103.379	A3	57	44	477	83.6	A3	57	49	
451	103.965	G#5	80	63	478	84	G#5	80	49	
452	103.981	E5	76	51	479	84	E5	76	49	
453	103.984	A4	69	51	484	84	A4	69	49	
454	104.082	E4	64	49	483	84	E4	64	49	
455	104.097	A3	57	45	482	84	A3	57	49	
456	104.108	E3	52	47	481	84	E3	52	49	
457	104.121	C#3	49	44	480	84	C#3	49	49	
458	104.551	A5	81	62	485	84.4	A5	81	49	
459	105.144	B4	71	48	486	84.8	B4	71	49	
460	105.19	F#4	66	42	487	84.8	F#4	66	49	
461	105.215	B2	47	42	489	84.8	B2	47	49	
462	105.227	Eb2	39	45	488	84.8	Eb2	39	49	
463	105.737	G#4	68	53	490	85.2	G#4	68	49	
464	106.2	A4	69	47	491	85.6	A4	69	49	
465	106.235	Eb3	51	29	492	85.6	Eb3	51	49	
466	106.235	F#3	54	35	493	85.6	F#3	54	49	
467	106.708	A3	57	35	*	-1	*	-1	-1	
468	106.712	B3	59	42	495	86	B3	59	49	
469	107.325	B4	71	44	496	86.4	B4	71	49	
470	107.361	A4	69	40	498	86.4	A4	69	49	
471	107.373	E4	64	34	497	86.4	E4	64	49	
472	107.381	E2	40	34	499	86.4	E2	40	49	
473	107.799	E3	52	44	500	86.8	E3	52	49	
474	107.982	C#5	73	65	501	87	C#5	73	49	
475	108.224	C#5	73	68	502	87.2	C#5	73	49	
476	108.236	G#3	56	48	506	87.2	G#3	56	49	
477	108.245	E3	52	44	505	87.2	E3	52	49	
478	108.245	G#4	68	56	504	87.2	G#4	68	49	
479	108.262	E4	64	40	503	87.2	E4	64	49	
480	108.655	C#4	61	56	507	87.6	C#4	61	49	
481	108.818	D5	74	75	508	87.8	D5	74	49	
482	109.068	D5	74	74	509	88	D5	74	49	
483	109.093	F#3	54	49	513	88	F#3	54	49	
484	109.096	F#4	66	58	511	88	F#4	66	49	
485	109.108	D4	62	55	510	88	D4	62	49	
486	109.109	B2	47	41	512	88	B2	47	49	
487	109.456	C#5	73	75	514	88.4	C#5	73	49	
488	109.475	B3	59	49	515	88.4	B3	59	49	
489	109.991	D5	74	64	516	88.8	D5	74	49	
490	110.004	E4	64	52	518	88.8	E4	64	49	
491	110.011	D4	62	56	517	88.8	D4	62	49	
492	110.039	E2	40	47	519	88.8	E2	40	49	
493	110.59	G#4	68	68	521	89.2	G#4	68	49	
494	110.609	E3	52	39	522	89.2	E3	52	49	
495	111.219	A2	45	45	525	89.6	A2	45	49	
496	111.29	G#4	68	53	523	89.6	G#4	68	49	
497	111.315	D4	62	53	524	89.6	D4	62	49	
498	111.768	E3	52	60	527	90	E3	52	49	
499	112.226	A4	69	54	528	90.4	A4	69	49	
500	112.246	C#4	61	45	529	90.4	C#4	61	49	
501	112.296	A3	57	48	530	90.4	A3	57	49	
502	112.694	G#3	56	55	531	90.8	G#3	56	49	
503	113.233	A4	69	53	532	91.2	A4	69	49	
504	113.254	F#4	66	40	534	91.2	F#4	66	49	
505	113.257	C#4	61	41	533	91.2	C#4	61	49	
506	113.317	F#3	54	38	535	91.2	F#3	54	49	
507	113.34	A2	45	36	536	91.2	A2	45	49	
508	113.774	A3	57	53	537	91.6	A3	57	49	
509	114.233	B4	71	63	538	92	B4	71	49	
510	114.313	C#4	61	44	539	92	C#4	61	49	
511	114.665	A3	57	54	540	92.4	A3	57	49	
512	115.035	A4	69	62	541	92.8	A4	69	49	
513	115.037	F#3	54	55	542	92.8	F#3	54	49	
514	115.383	E3	52	59	543	93.2	E3	52	49	
515	115.793	A4	69	69	544	93.6	A4	69	49	
516	115.804	F#4	66	54	546	93.6	F#4	66	49	
517	115.812	D4	62	55	545	93.6	D4	62	49	
518	115.848	D3	50	60	547	93.6	D3	50	49	
519	115.853	A2	45	53	548	93.6	A2	45	49	
520	116.2	F#3	54	63	549	94	F#3	54	49	
521	116.568	B4	71	70	550	94.4	B4	71	49	
522	116.582	A3	57	63	551	94.4	A3	57	49	
523	116.891	F#3	54	57	552	94.8	F#3	54	49	
524	117.214	A4	69	76	553	95.2	A4	69	49	
525	117.226	D3	50	66	554	95.2	D3	50	49	
526	117.541	C#3	49	69	555	95.6	C#3	49	49	
527	117.938	A4	69	77	556	96	A4	69	49	
528	117.947	B2	47	69	559	96	B2	47	49	
529	117.947	F#4	66	72	558	96	F#4	66	49	
530	117.949	A2	45	62	560	96	A2	45	49	
531	117.953	D4	62	63	557	96	D4	62	49	
532	118.277	D3	50	75	561	96.4	D3	50	49	
533	118.636	D5	74	78	562	96.8	D5	74	49	
534	118.664	F#3	54	62	565	96.8	F#3	54	49	
535	119.02	A3	57	72	566	97.2	A3	57	49	
536	119.375	E3	52	70	570	97.6	E3	52	49	
537	119.388	A2	45	58	571	97.6	A2	45	49	
538	119.459	C#5	73	72	567	97.6	C#5	73	49	
539	119.471	G#4	68	67	569	97.6	G#4	68	49	
540	119.48	E4	64	69	568	97.6	E4	64	49	
541	120	G#3	56	57	572	98	G#3	56	49	
542	120.387	B3	59	59	573	98.4	B3	59	49	
543	120.761	B4	71	65	574	98.8	B4	71	49	
544	120.786	D4	62	55	575	98.8	D4	62	49	
545	121.322	G#4	68	57	576	99.2	G#4	68	49	
546	121.346	D4	62	51	577	99.2	D4	62	49	
547	121.39	A2	45	49	578	99.2	A2	45	49	
548	121.851	E3	52	53	580	99.6	E3	52	49	
549	122.293	A4	69	48	581	100	A4	69	49	
550	122.336	C#4	61	33	582	100	C#4	61	49	
551	122.354	A3	57	37	583	100	A3	57	49	
552	122.803	G#2	44	44	584	100.4	G#2	44	49	
553	123.488	A4	69	47	585	100.8	A4	69	49	
554	123.512	F#4	66	37	587	100.8	F#4	66	49	
555	123.522	C#4	61	39	586	100.8	C#4	61	49	
556	123.595	F#2	42	34	588	100.8	F#2	42	49	
557	124.065	C#3	49	40	590	101.2	C#3	49	49	
558	124.531	B4	71	52	591	101.6	B4	71	49	
559	124.653	A3	57	38	592	101.6	A3	57	49	
560	125.025	C#3	49	42	593	102	C#3	49	49	
561	125.355	A4	69	60	594	102.4	A4	69	49	
562	125.367	F#2	42	34	595	102.4	F#2	42	49	
563	125.721	E2	40	59	596	102.8	E2	40	49	
564	126.059	D2	38	56	600	103.2	D2	38	49	
565	126.146	A4	69	70	597	103.2	A4	69	49	
566	126.159	F#4	66	59	599	103.2	F#4	66	49	
567	126.174	D4	62	57	598	103.2	D4	62	49	
568	126.493	A2	45	65	602	103.6	A2	45	49	
569	126.92	B4	71	76	603	104	B4	71	49	
570	126.939	F#3	54	56	604	104	F#3	54	49	
571	127.259	A2	45	59	605	104.4	A2	45	49	
572	127.607	A4	69	78	606	104.8	A4	69	49	
573	127.613	D2	38	59	607	104.8	D2	38	49	
574	127.959	C#2	37	70	608	105.2	C#2	37	49	
575	128.336	B1	35	63	612	105.6	B1	35	49	
576	128.457	A4	69	85	609	105.6	A4	69	49	
577	128.469	F#4	66	75	611	105.6	F#4	66	49	
578	128.471	D4	62	64	610	105.6	D4	62	49	
579	129.074	B2	47	51	614	106	B2	47	49	
580	129.426	F#5	78	84	615	106.4	F#5	78	49	
581	129.54	D3	50	48	616	106.4	D3	50	49	
582	130.031	F#3	54	67	617	106.8	F#3	54	49	
583	130.401	A3	57	49	619	107.2	A3	57	49	
584	130.546	D5	74	78	618	107.2	D5	74	49	
585	130.853	D4	62	66	620	107.6	D4	62	49	
586	131.394	F#4	66	67	621	108	F#4	66	49	
587	131.902	B4	71	64	622	108.4	B4	71	49	
588	131.976	D4	62	65	623	108.4	D4	62	49	
589	132.699	G#4	68	60	624	108.85	G#4	68	49	
590	132.73	C#4	61	46	625	108.85	C#4	61	49	
591	132.734	E4	64	50	626	108.85	E4	64	49	
592	132.795	E2	40	50	627	108.85	E2	40	49	
593	133.252	C#3	49	55	628	109.319	C#3	49	49	
594	133.698	E3	52	60	630	109.789	E3	52	49	
595	133.867	A4	69	51	629	109.789	A4	69	49	
596	134.241	A3	57	46	631	110.303	A3	57	49	
597	135.057	E4	64	44	632	110.818	E4	64	58	
598	135.08	C#4	61	42	633	110.818	C#4	61	49	
599	135.084	G#3	56	43	635	110.818	G#3	56	49	
600	135.137	E1	28	66	634	110.818	E1	28	49	
601	135.61	B3	59	62	636	111.386	B3	59	49	
602	136.083	E1	28	53	638	111.986	E1	28	49	
603	136.174	D4	62	58	637	111.986	D4	62	49	
604	136.178	A3	57	50	640	111.986	A3	57	49	
605	136.198	F#3	54	43	639	111.986	F#3	54	49	
606	136.688	E2	40	47	641	112.586	E2	40	49	
607	137.206	A2	45	45	642	113.186	A2	45	49	
608	137.819	D3	50	48	643	113.786	D3	50	49	
609	138.64	E4	64	50	644	114.386	E4	64	58	
610	138.651	E2	40	54	646	114.386	E2	40	49	
611	138.663	C#4	61	50	645	114.386	C#4	61	49	
612	138.675	G#3	56	49	648	114.386	G#3	56	49	
613	139.483	B3	59	47	649	114.986	B3	59	49	
614	139.524	D3	50	34	650	114.986	D3	50	49	
615	140.097	A1	33	48	652	115.586	A1	33	49	
616	140.722	C#3	49	41	654	115.744	C#3	49	49	
617	141.058	A3	57	38	*	-1	*	-1	-1	
618	142.07	A4	69	40	*	-1	*	-1	-1	
619	146.278	C#5	73	58	655	117.986	C#5	73	49	
620	146.832	F#2	42	35	656	119.186	F#2	42	49	
621	147.205	C#3	49	34	657	119.453	C#3	49	49	
622	147.333	F#5	78	65	658	119.586	F#5	78	49	
623	147.527	A3	57	46	659	119.719	A3	57	49	
624	147.907	E5	76	65	660	119.986	E5	76	49	
625	148.009	C#4	61	61	661	119.986	C#4	61	49	
626	148.38	A3	57	37	663	120.253	A3	57	49	
627	148.664	F#3	54	45	664	120.519	F#3	54	49	
628	148.921	D5	74	61	665	120.786	D5	74	49	
629	149.025	F#4	66	55	666	120.786	F#4	66	49	
630	149.353	A3	57	41	668	121.053	A3	57	49	
631	149.615	F#3	54	36	669	121.319	F#3	54	49	
632	149.888	C#5	73	52	670	121.586	C#5	73	49	
633	149.949	E4	64	45	671	121.586	E4	64	49	
634	150.242	A3	57	38	673	121.853	A3	57	49	
635	150.518	F#3	54	42	674	122.119	F#3	54	49	
636	150.81	D4	62	42	676	122.386	D4	62	49	
637	150.908	B4	71	49	675	122.386	B4	71	49	
638	151.178	A3	57	36	678	122.653	A3	57	49	
639	151.29	D5	74	71	679	122.786	D5	74	49	
640	151.411	F#3	54	41	680	122.919	F#3	54	49	
641	151.693	G#5	80	71	681	123.186	G#5	80	49	
642	151.712	B2	47	47	682	123.186	B2	47	49	
643	151.931	F#3	54	45	683	123.453	F#3	54	49	
644	152.068	F#5	78	72	684	123.586	F#5	78	49	
645	152.209	A3	57	46	685	123.719	A3	57	49	
646	152.504	B4	71	56	686	123.986	B4	71	49	
647	152.629	D4	62	54	687	123.986	D4	62	49	
648	152.922	A3	57	40	689	124.253	A3	57	49	
649	153.205	F#3	54	40	690	124.519	F#3	54	49	
650	153.452	A4	69	53	691	124.786	A4	69	49	
651	153.508	C#4	61	37	692	124.786	C#4	61	49	
652	153.803	A3	57	40	694	125.053	A3	57	49	
653	153.897	C#5	73	66	695	125.186	C#5	73	49	
654	154.029	F#3	54	40	696	125.319	F#3	54	49	
655	154.323	F#5	78	60	697	125.586	F#5	78	49	
656	154.324	C#3	49	39	698	125.586	C#3	49	49	
657	154.577	E3	52	39	699	125.853	E3	52	49	
658	154.742	E5	76	56	700	125.986	E5	76	49	
659	154.848	A3	57	41	701	126.119	A3	57	49	
660	155.129	A4	69	53	702	126.386	A4	69	49	
661	155.167	C#4	61	40	703	126.386	C#4	61	49	
662	155.406	F#3	54	43	705	126.653	F#3	54	49	
663	155.546	G#4	68	64	706	126.786	G#4	68	49	
664	155.709	D3	50	37	707	126.919	D3	50	49	
665	156.02	E5	76	56	708	127.186	E5	76	49	
666	156.036	B3	59	35	709	127.186	B3	59	49	
667	156.294	F#3	54	43	711	127.453	F#3	54	49	
668	156.454	D5	74	53	712	127.586	D5	74	49	
669	156.602	G#2	44	51	713	127.719	G#2	44	49	
670	156.968	B4	71	51	714	127.986	B4	71	49	
671	157.007	C#3	49	44	715	127.986	C#3	49	49	
672	157.27	F3	53	40	716	128.253	F3	53	49	
673	157.5	G#4	68	45	717	128.386	G#4	68	49	
674	157.731	B3	59	38	718	128.519	B3	59	49	
675	158.153	C#5	73	57	720	128.786	C#5	73	49	
676	158.154	F#2	42	40	721	128.786	F#2	42	49	
677	158.184	A4	69	47	719	128.786	A4	69	49	
678	158.485	A3	57	46	722	129.053	A3	57	49	
679	158.62	A5	81	77	723	129.186	A5	81	49	
680	158.774	F#3	54	48	724	129.319	F#3	54	49	
681	159.036	C#4	61	62	726	129.586	C#4	61	49	
682	159.112	G#5	80	82	725	129.586	G#5	80	49	
683	159.383	A3	57	61	728	129.853	A3	57	47	
684	159.643	F#3	54	66	729	130.119	F#3	54	44	
685	159.892	F#5	78	78	730	130.386	F#5	78	41	
686	159.969	A4	69	76	731	130.386	A4	69	41	
687	160.248	A3	57	63	733	130.653	A3	57	39	
688	160.525	F#3	54	50	734	130.919	F#3	54	36	
689	160.921	E5	76	74	735	131.186	E5	76	33	
690	160.941	G#4	68	61	736	131.186	G#4	68	33	
691	160.988	D2	38	52	737	131.186	D2	38	33	
692	161.342	A2	45	57	738	131.453	A2	45	33	
693	161.648	D3	50	67	739	131.719	D3	50	33	
694	161.927	A4	69	66	740	131.986	A4	69	33	
695	161.943	F#3	54	52	742	131.986	F#3	54	33	
696	161.956	F#4	66	53	741	131.986	F#4	66	33	
697	162.178	A3	57	59	743	132.253	A3	57	33	
698	162.346	C#5	73	75	744	132.386	C#5	73	33	
699	162.47	D3	50	60	745	132.519	D3	50	33	
700	162.771	E5	76	72	746	132.786	E5	76	33	
701	162.808	F#2	42	54	747	132.786	F#2	42	33	
702	163.066	D3	50	61	748	133.053	D3	50	33	
703	163.168	D5	74	71	749	133.186	D5	74	33	
704	163.301	A3	57	62	750	133.319	A3	57	33	
705	163.535	G#2	44	56	753	133.586	G#2	44	33	
706	163.654	C#5	73	66	751	133.586	C#5	73	33	
707	163.667	E4	64	67	752	133.586	E4	64	33	
708	163.981	E3	52	52	754	133.853	E3	52	33	
709	164.275	G#3	56	47	755	134.119	G#3	56	33	
710	164.534	G#2	44	49	758	134.386	G#2	44	33	
711	164.641	F#4	66	57	756	134.386	F#4	66	33	
712	164.642	Eb4	63	48	757	134.386	Eb4	63	33	
713	164.901	Eb3	51	51	759	134.653	Eb3	51	33	
714	165.076	G#4	68	68	760	134.786	G#4	68	33	
715	165.23	F#3	54	58	761	134.919	F#3	54	33	
716	165.586	A4	69	57	762	135.186	A4	69	33	
717	165.626	C4	60	45	763	135.186	C4	60	33	
718	165.925	F#3	54	47	764	135.453	F#3	54	33	
719	166.088	F#4	66	57	765	135.586	F#4	66	33	
720	166.287	Eb3	51	44	766	135.719	Eb3	51	33	
721	166.785	F4	65	51	768	135.986	F4	65	33	
722	166.823	C#4	61	37	767	135.986	C#4	61	33	
723	166.832	C#2	37	43	769	135.986	C#2	37	33	
724	166.934	C#4	61	3	*	-1	*	-1	-1	
725	167.207	G#2	44	41	770	136.253	G#2	44	33	
726	167.548	C#3	49	43	771	136.519	C#3	49	33	
727	167.843	F3	53	38	773	136.786	F3	53	33	
728	167.977	G#4	68	54	772	136.786	G#4	68	33	
729	168.23	G#3	56	43	774	137.053	G#3	56	33	
730	168.631	B3	59	41	775	137.319	B3	59	33	
731	169.149	F4	65	37	776	137.586	F4	65	33	
732	170.151	C#5	73	43	777	137.986	C#5	73	33	
733	171.281	F#2	42	30	778	138.456	F#2	42	49	
734	171.721	C#3	49	36	779	138.723	C#3	49	49	
735	171.943	F#5	78	51	780	138.856	F#5	78	49	
736	172.118	A3	57	39	781	138.99	A3	57	49	
737	172.54	E5	76	54	782	139.256	E5	76	49	
738	172.664	C#4	61	56	783	139.256	C#4	61	49	
739	173.066	A3	57	40	785	139.523	A3	57	49	
740	173.355	F#3	54	45	786	139.79	F#3	54	49	
741	173.707	D5	74	53	787	140.056	D5	74	49	
742	173.801	F#4	66	55	788	140.056	F#4	66	49	
743	174.192	A3	57	34	790	140.323	A3	57	49	
744	174.482	F#3	54	37	791	140.59	F#3	54	49	
745	174.773	C#5	73	47	792	140.856	C#5	73	49	
746	174.829	E4	64	46	793	140.856	E4	64	49	
747	175.136	A3	57	39	795	141.123	A3	57	49	
748	175.419	F#3	54	43	796	141.39	F#3	54	49	
749	175.724	D4	62	44	798	141.656	D4	62	49	
750	175.861	B4	71	46	797	141.656	B4	71	49	
751	176.142	A3	57	26	800	141.923	A3	57	49	
752	176.298	D5	74	60	801	142.056	D5	74	49	
753	176.455	F#3	54	31	802	142.19	F#3	54	49	
754	176.759	G#5	80	59	803	142.456	G#5	80	49	
755	176.805	B2	47	37	804	142.456	B2	47	49	
756	177.04	F#3	54	43	805	142.723	F#3	54	49	
757	177.194	F#5	78	55	806	142.856	F#5	78	49	
758	177.342	A3	57	45	807	142.99	A3	57	49	
759	177.72	B4	71	50	808	143.256	B4	71	49	
760	177.858	D4	62	58	809	143.256	D4	62	49	
761	178.233	A3	57	33	811	143.523	A3	57	49	
762	178.584	F#3	54	17	812	143.79	F#3	54	49	
763	178.799	A4	69	45	813	144.056	A4	69	49	
764	178.887	C#4	61	38	814	144.056	C#4	61	49	
765	179.184	A3	57	36	816	144.323	A3	57	49	
766	179.344	C#5	73	54	817	144.456	C#5	73	49	
767	179.424	F#3	54	26	818	144.59	F#3	54	49	
768	179.786	F#5	78	49	819	144.856	F#5	78	49	
769	179.797	C#3	49	35	820	144.856	C#3	49	49	
770	180.065	E3	52	23	821	145.123	E3	52	49	
771	180.231	E5	76	50	822	145.256	E5	76	49	
772	180.344	A3	57	38	823	145.39	A3	57	49	
773	180.67	A4	69	48	824	145.656	A4	69	49	
774	180.702	C#4	61	37	825	145.656	C#4	61	49	
775	181.007	F#3	54	35	827	145.923	F#3	54	49	
776	181.127	G#4	68	51	828	146.056	G#4	68	49	
777	181.291	D3	50	24	829	146.19	D3	50	49	
778	181.633	E5	76	46	830	146.456	E5	76	49	
779	181.712	B3	59	27	831	146.456	B3	59	49	
780	181.975	F#3	54	37	833	146.723	F#3	54	49	
781	182.189	D5	74	45	834	146.856	D5	74	49	
782	182.31	G#2	44	37	835	146.99	G#2	44	49	
783	182.656	B4	71	40	836	147.256	B4	71	49	
784	182.692	C#3	49	39	837	147.256	C#3	49	49	
785	182.974	F3	53	37	838	147.523	F3	53	49	
786	183.188	G#4	68	46	839	147.656	G#4	68	49	
787	183.44	B3	59	30	840	147.79	B3	59	49	
788	183.894	F#2	42	37	843	148.056	F#2	42	49	
789	184.038	C#5	73	48	842	148.056	C#5	73	49	
790	184.069	A4	69	39	841	148.056	A4	69	49	
791	184.336	A3	57	37	844	148.323	A3	57	49	
792	184.507	A5	81	73	845	148.456	A5	81	49	
793	184.677	F#3	54	46	846	148.59	F#3	54	49	
794	184.936	C#4	61	55	848	148.856	C#4	61	49	
795	185.033	G#5	80	77	847	148.856	G#5	80	49	
796	185.307	A3	57	55	850	149.123	A3	57	47	
797	185.569	F#3	54	67	851	149.39	F#3	54	44	
798	185.841	F#5	78	75	852	149.656	F#5	78	41	
799	185.872	A4	69	68	853	149.656	A4	69	41	
800	186.163	A3	57	54	855	149.923	A3	57	39	
801	186.434	F#3	54	60	856	150.19	F#3	54	36	
802	186.847	E5	76	74	857	150.456	E5	76	33	
803	186.873	G#4	68	63	858	150.456	G#4	68	33	
804	186.944	D2	38	61	859	150.456	D2	38	33	
805	187.316	A2	45	69	860	150.723	A2	45	33	
806	187.608	D3	50	69	861	150.99	D3	50	33	
807	187.871	A4	69	69	862	151.256	A4	69	33	
808	187.895	F#4	66	52	863	151.256	F#4	66	33	
809	187.907	F#3	54	51	864	151.256	F#3	54	33	
810	188.157	A3	57	50	865	151.523	A3	57	33	
811	188.289	C#5	73	77	866	151.656	C#5	73	33	
812	188.448	D3	50	61	867	151.79	D3	50	33	
813	188.739	E5	76	75	868	152.056	E5	76	33	
814	188.813	F#2	42	59	869	152.056	F#2	42	33	
815	189.09	D3	50	58	870	152.323	D3	50	33	
816	189.212	D5	74	75	871	152.456	D5	74	33	
817	189.387	A3	57	59	872	152.59	A3	57	33	
818	189.639	G#2	44	51	875	152.856	G#2	44	33	
819	189.786	E4	64	64	874	152.856	E4	64	33	
820	189.787	C#5	73	61	873	152.856	C#5	73	33	
821	190.183	E3	52	53	876	153.123	E3	52	33	
822	190.513	G#3	56	49	877	153.39	G#3	56	33	
823	190.809	G#2	44	43	880	153.656	G#2	44	33	
824	191.001	F#4	66	52	878	153.656	F#4	66	33	
825	191.023	Eb4	63	51	879	153.656	Eb4	63	33	
826	191.315	Eb3	51	42	881	153.923	Eb3	51	33	
827	191.492	G#4	68	61	882	154.056	G#4	68	33	
828	191.677	F#3	54	51	883	154.19	F#3	54	33	
829	192.022	A4	69	52	884	154.456	A4	69	33	
830	192.079	C4	60	40	885	154.456	C4	60	33	
831	192.394	F#3	54	43	886	154.723	F#3	54	33	
832	192.616	F#4	66	47	887	154.856	F#4	66	33	
833	192.844	Eb3	51	39	888	154.99	Eb3	51	33	
834	193.5	F4	65	47	890	155.256	F4	65	33	
835	193.512	C#4	61	37	889	155.256	C#4	61	33	
836	193.584	C#2	37	38	891	155.256	C#2	37	33	
837	193.99	G#2	44	41	892	155.523	G#2	44	33	
838	194.34	C#3	49	42	893	155.79	C#3	49	33	
839	194.695	F3	53	37	895	156.056	F3	53	33	
840	194.794	G#4	68	48	894	156.056	G#4	68	33	
841	195.095	G#3	56	44	896	156.323	G#3	56	33	
842	195.522	B3	59	42	897	156.59	B3	59	33	
843	196.216	F4	65	43	898	156.856	F4	65	33	
844	197.366	C#5	73	47	899	157.256	C#5	73	33	
845	199.157	Bb4	70	31	901	157.727	Bb4	70	33	
846	199.184	F#4	66	33	900	157.727	F#4	66	33	
847	199.24	C#3	49	29	903	157.727	C#3	49	33	
848	199.257	F#2	42	32	902	157.727	F#2	42	33	
849	199.276	Bb3	58	22	904	157.727	Bb3	58	33	
850	199.295	F#4	66	3	*	-1	*	-1	-1	
851	200.1	F#5	78	49	905	158.227	F#5	78	33	
852	200.876	F5	77	53	908	158.727	F5	77	33	
853	200.904	F4	65	37	906	158.727	F4	65	33	
854	200.932	Bb4	70	36	907	158.727	Bb4	70	33	
855	200.955	C#4	61	47	911	158.727	C#4	61	33	
856	200.979	C#3	49	34	909	158.727	C#3	49	33	
857	200.98	Bb3	58	35	910	158.727	Bb3	58	33	
858	202.169	Eb5	75	52	914	159.727	Eb5	75	33	
859	202.23	F#4	66	47	917	159.727	F#4	66	33	
860	202.241	Bb4	70	30	913	159.727	Bb4	70	33	
861	202.247	Eb4	63	24	912	159.727	Eb4	63	33	
862	202.254	F#3	54	42	915	159.727	F#3	54	33	
863	202.262	Bb3	58	39	916	159.727	Bb3	58	33	
864	203.465	C#5	73	48	920	160.727	C#5	73	33	
865	203.496	F4	65	33	923	160.727	F4	65	33	
866	203.511	F3	53	29	921	160.727	F3	53	33	
867	203.516	Bb4	70	34	919	160.727	Bb4	70	33	
868	203.517	C#4	61	18	918	160.727	C#4	61	33	
869	203.52	Bb3	58	34	922	160.727	Bb3	58	33	
870	204.766	F#5	78	61	926	161.727	F#5	78	33	
871	204.797	F#4	66	42	924	161.727	F#4	66	33	
872	204.807	Bb4	70	43	925	161.727	Bb4	70	33	
873	204.825	Bb3	58	33	928	161.727	Bb3	58	33	
874	204.829	Eb4	63	32	929	161.727	Eb4	63	33	
875	204.832	Eb3	51	38	927	161.727	Eb3	51	33	
876	206.044	F5	77	59	932	162.727	F5	77	33	
877	206.068	Bb4	70	42	931	162.727	Bb4	70	33	
878	206.076	F4	65	39	930	162.727	F4	65	33	
879	206.098	C#4	61	38	935	162.727	C#4	61	33	
880	206.107	Bb3	58	22	934	162.727	Bb3	58	33	
881	206.123	C#3	49	39	933	162.727	C#3	49	33	
882	207.294	Eb5	75	44	938	163.727	Eb5	75	33	
883	207.337	Bb4	70	39	937	163.727	Bb4	70	33	
884	207.349	Bb3	58	23	940	163.727	Bb3	58	33	
885	207.357	Eb4	63	16	936	163.727	Eb4	63	33	
886	207.369	F#4	66	37	941	163.727	F#4	66	33	
887	207.376	F#3	54	37	939	163.727	F#3	54	33	
888	208.524	C#5	73	48	944	164.727	C#5	73	33	
889	208.555	Bb4	70	39	943	164.727	Bb4	70	33	
890	208.568	F4	65	37	947	164.727	F4	65	33	
891	208.571	C#4	61	27	942	164.727	C#4	61	33	
892	208.587	F3	53	31	945	164.727	F3	53	33	
893	208.595	Bb3	58	37	946	164.727	Bb3	58	33	
894	210.116	C5	72	61	951	165.727	C5	72	33	
895	210.148	C4	60	40	948	165.727	C4	60	33	
896	210.155	Eb4	63	40	955	165.727	Eb4	63	33	
897	210.156	Bb4	70	45	950	165.727	Bb4	70	33	
898	210.163	F#4	66	41	949	165.727	F#4	66	33	
899	210.171	F#3	54	36	953	165.727	F#3	54	33	
900	210.171	Bb3	58	39	954	165.727	Bb3	58	33	
901	210.185	Eb3	51	30	952	165.727	Eb3	51	33	
902	211.446	A4	69	43	957	166.727	A4	69	33	
903	211.461	F4	65	37	956	166.727	F4	65	33	
904	211.479	C4	60	32	960	166.727	C4	60	33	
905	211.482	F3	53	37	958	166.727	F3	53	33	
906	211.486	A3	57	31	959	166.727	A3	57	33	
907	212.747	C#5	73	55	961	167.727	C#5	73	33	
908	212.766	C#4	61	41	962	167.727	C#4	61	33	
909	212.806	Bb2	46	37	963	167.727	Bb2	46	33	
910	212.811	F3	53	37	964	167.727	F3	53	33	
911	212.811	Bb3	58	36	965	167.727	Bb3	58	33	
912	213.317	F4	65	62	967	168.227	F4	65	33	
913	214.01	Bb4	70	57	968	168.727	Bb4	70	33	
914	214.101	B3	59	36	971	168.727	B3	59	33	
915	214.104	F3	53	36	970	168.727	F3	53	33	
916	214.105	C#3	49	41	969	168.727	C#3	49	33	
917	214.864	G#4	68	48	972	169.227	G#4	68	33	
918	215.729	F#4	66	42	973	169.727	F#4	66	33	
919	215.793	C#3	49	37	975	169.727	C#3	49	33	
920	215.801	F#2	42	32	974	169.727	F#2	42	33	
921	215.801	Bb3	58	14	976	169.727	Bb3	58	33	
922	216.537	F#5	78	55	977	170.227	F#5	78	33	
923	217.319	F5	77	55	980	170.727	F5	77	33	
924	217.356	F4	65	44	978	170.727	F4	65	33	
925	217.366	Bb4	70	41	979	170.727	Bb4	70	33	
926	217.385	C#4	61	35	983	170.727	C#4	61	33	
927	217.394	C#3	49	32	981	170.727	C#3	49	33	
928	217.401	Bb3	58	29	982	170.727	Bb3	58	33	
929	218.599	Eb5	75	50	986	171.727	Eb5	75	33	
930	218.627	A4	69	49	985	171.727	A4	69	33	
931	218.655	Eb4	63	34	984	171.727	Eb4	63	33	
932	218.655	F#4	66	39	989	171.727	F#4	66	33	
933	218.662	A3	57	38	988	171.727	A3	57	33	
934	218.663	F#3	54	41	987	171.727	F#3	54	33	
935	219.917	C#5	73	49	992	172.727	C#5	73	33	
936	219.945	C#4	61	29	990	172.727	C#4	61	33	
937	219.949	G#4	68	41	991	172.727	G#4	68	33	
938	219.949	F4	65	41	995	172.727	F4	65	33	
939	219.962	F3	53	36	993	172.727	F3	53	33	
940	219.968	G#3	56	37	994	172.727	G#3	56	33	
941	221.271	F#5	78	66	999	173.727	F#5	78	33	
942	221.289	C5	72	56	998	173.727	C5	72	33	
943	221.293	F#4	66	50	996	173.727	F#4	66	33	
944	221.294	G#4	68	49	997	173.727	G#4	68	33	
945	221.326	Eb3	51	39	1000	173.727	Eb3	51	33	
946	221.326	Eb4	63	42	1002	173.727	Eb4	63	33	
947	221.342	G#3	56	40	1001	173.727	G#3	56	33	
948	222.608	F5	77	64	1006	174.727	F5	77	33	
949	222.636	C#5	73	50	1005	174.727	C#5	73	33	
950	222.648	G#4	68	50	1004	174.727	G#4	68	33	
951	222.656	F4	65	43	1003	174.727	F4	65	33	
952	222.687	G#3	56	36	1008	174.727	G#3	56	33	
953	222.692	C#4	61	40	1009	174.727	C#4	61	33	
954	222.695	C#3	49	41	1007	174.727	C#3	49	33	
955	223.833	Eb5	75	58	1012	175.727	Eb5	75	33	
956	223.869	B4	71	43	1011	175.727	B4	71	33	
957	223.902	G#4	68	39	*	-1	*	-1	-1	
958	223.909	Eb4	63	16	1010	175.727	Eb4	63	33	
959	223.91	F#4	66	53	1016	175.727	F#4	66	33	
960	223.93	F#3	54	47	1013	175.727	F#3	54	33	
961	223.931	B3	59	52	1015	175.727	B3	59	33	
962	223.942	G#3	56	47	1014	175.727	G#3	56	33	
963	225.416	C#5	73	47	1017	176.727	C#5	73	33	
964	225.447	B4	71	44	1020	176.727	B4	71	33	
965	225.454	G#4	68	41	1019	176.727	G#4	68	33	
966	225.466	C#4	61	21	1018	176.727	C#4	61	33	
967	225.478	F4	65	31	1025	176.727	F4	65	33	
968	225.509	F3	53	29	1022	176.727	F3	53	33	
969	225.515	B3	59	34	1024	176.727	B3	59	33	
970	225.521	G#3	56	40	1023	176.727	G#3	56	33	
971	226.816	B4	71	44	1028	177.785	B4	71	33	
972	226.844	F#4	66	33	1027	177.785	F#4	66	33	
973	226.875	C#4	61	19	1026	177.785	C#4	61	33	
974	226.876	F#3	54	27	1030	177.785	F#3	54	33	
975	226.889	Eb3	51	35	1029	177.785	Eb3	51	33	
976	226.889	Eb4	63	33	1031	177.785	Eb4	63	33	
977	228.269	Bb4	70	39	1034	178.91	Bb4	70	33	
978	228.292	F#3	54	33	1036	178.91	F#3	54	33	
979	228.292	C#4	61	31	1032	178.91	C#4	61	33	
980	228.313	F#4	66	32	1033	178.91	F#4	66	33	
981	228.314	C#3	49	31	1035	178.91	C#3	49	33	
982	230.733	C#5	73	41	1038	180.11	C#5	73	33	
983	230.749	F4	65	38	1040	180.11	F4	65	33	
984	230.749	G#4	68	37	1041	180.11	G#4	68	33	
985	230.752	C#4	61	35	1039	180.11	C#4	61	33	
986	230.778	F3	53	31	1043	180.11	F3	53	33	
987	230.78	B3	59	21	1045	180.11	B3	59	33	
988	230.781	C#3	49	28	1042	180.11	C#3	49	33	
989	230.794	G#3	56	25	1044	180.11	G#3	56	33	
990	233.651	C#4	61	68	1046	182.038	C#4	61	33	
991	234.304	F#2	42	35	1047	182.757	F#2	42	33	
992	234.657	C#3	49	44	1048	183.024	C#3	49	33	
993	234.791	F#4	66	76	1049	183.157	F#4	66	33	
994	235.053	A3	57	52	1050	183.29	A3	57	33	
995	235.434	C#5	73	74	1051	183.557	C#5	73	46	
996	235.542	E4	64	72	1052	183.557	E4	64	46	
997	235.923	A3	57	49	1054	183.824	A3	57	46	
998	236.196	F#3	54	54	1055	184.09	F#3	54	46	
999	236.43	F#5	78	75	1056	184.357	F#5	78	46	
1000	236.525	D4	62	72	1057	184.357	D4	62	46	
1001	236.864	A3	57	53	1059	184.624	A3	57	47	
1002	237.108	F#3	54	42	1060	184.89	F#3	54	49	
1003	237.384	C#4	61	61	1062	185.157	C#4	61	51	
1004	237.472	E5	76	74	1061	185.157	E5	76	51	
1005	237.776	A3	57	49	1064	185.424	A3	57	52	
1006	238.027	F#3	54	42	1065	185.69	F#3	54	54	
1007	238.258	B3	59	56	1067	185.957	B3	59	56	
1008	238.349	D5	74	68	1066	185.957	D5	74	56	
1009	238.619	F#3	54	49	1069	186.224	F#3	54	57	
1010	238.779	D4	62	74	1070	186.357	D4	62	58	
1011	238.91	B2	47	60	1071	186.49	B2	47	59	
1012	239.153	B1	35	53	1073	186.757	B1	35	61	
1013	239.165	A4	69	77	1072	186.757	A4	69	61	
1014	239.411	B2	47	43	1074	187.024	B2	47	62	
1015	239.538	G#4	68	75	1075	187.157	G#4	68	63	
1016	239.681	D3	50	60	1076	187.29	D3	50	64	
1017	239.982	D5	74	70	1077	187.557	D5	74	66	
1018	240.044	B3	59	71	1078	187.557	B3	59	66	
1019	240.355	F#3	54	50	1080	187.824	F#3	54	67	
1020	240.598	C#3	49	54	1081	188.09	C#3	49	69	
1021	240.805	C#5	73	72	1082	188.357	C#5	73	71	
1022	240.876	A3	57	62	1083	188.357	A3	57	71	
1023	241.15	F#3	54	52	1085	188.624	F#3	54	72	
1024	241.255	C#4	61	79	1086	188.757	C#4	61	73	
1025	241.418	A2	45	64	1087	188.89	A2	45	74	
1026	241.664	G#4	68	78	1088	189.157	G#4	68	76	
1027	241.678	A1	33	57	1089	189.157	A1	33	76	
1028	241.864	A2	45	43	1090	189.424	A2	45	77	
1029	242.059	F#4	66	79	1091	189.557	F#4	66	78	
1030	242.179	C#3	49	63	1092	189.69	C#3	49	79	
1031	242.514	C#5	73	73	1093	189.957	C#5	73	81	
1032	242.568	A3	57	74	1094	189.957	A3	57	81	
1033	242.588	B2	47	57	1095	189.957	B2	47	81	
1034	242.605	D3	50	51	1096	189.957	D3	50	81	
1035	242.979	G#3	56	83	1097	190.357	G#3	56	83	
1036	243.411	B4	71	73	1098	190.757	B4	71	86	
1037	243.42	E4	64	65	1099	190.757	E4	64	86	
1038	243.44	G#2	44	64	1100	190.757	G#2	44	86	
1039	243.72	B3	59	53	1101	191.024	B3	59	87	
1040	243.89	D4	62	80	1102	191.157	D4	62	88	
1041	244.008	F#3	54	49	1103	191.29	F#3	54	89	
1042	244.316	B3	59	73	1104	191.557	B3	59	91	
1043	244.351	C#2	37	61	1105	191.557	C#2	37	91	
1044	244.631	F3	53	49	1106	191.824	F3	53	92	
1045	244.786	G#3	56	74	1107	191.957	G#3	56	93	
1046	244.989	C#3	49	58	1108	192.09	C#3	49	94	
1047	245.343	F#2	42	58	1110	192.357	F#2	42	96	
1048	245.506	C#5	73	79	1109	192.357	C#5	73	96	
1049	245.765	C#3	49	57	1111	192.624	C#3	49	96	
1050	245.933	C#6	85	84	1112	192.757	C#6	85	96	
1051	246.055	A3	57	63	1113	192.89	A3	57	96	
1052	246.362	B5	83	78	1114	193.157	B5	83	96	
1053	246.469	C#4	61	86	1115	193.157	C#4	61	96	
1054	246.78	A3	57	53	1117	193.424	A3	57	96	
1055	246.935	A5	81	76	1118	193.557	A5	81	96	
1056	246.935	C#5	73	78	1119	193.557	C#5	73	96	
1057	247.08	F#3	54	45	1120	193.69	F#3	54	96	
1058	247.282	A3	57	53	1122	193.957	A3	57	96	
1059	247.346	G#5	80	78	1121	193.957	G#5	80	96	
1060	247.353	B4	71	76	1123	193.957	B4	71	96	
1061	247.568	F#3	54	63	1124	194.224	F#3	54	96	
1062	247.716	F#5	78	82	1125	194.357	F#5	78	96	
1063	247.721	A4	69	78	1126	194.357	A4	69	96	
1064	247.858	C#3	49	65	1127	194.49	C#3	49	96	
1065	248.216	D2	38	69	1130	194.757	D2	38	96	
1066	248.269	E5	76	72	1128	194.757	E5	76	96	
1067	248.285	G#4	68	60	1129	194.757	G#4	68	96	
1068	248.623	A2	45	58	1131	195.024	A2	45	96	
1069	248.862	D3	50	59	1132	195.29	D3	50	96	
1070	249.101	A4	69	70	1133	195.557	A4	69	96	
1071	249.114	F#4	66	61	1134	195.557	F#4	66	96	
1072	249.126	F#3	54	49	1135	195.557	F#3	54	96	
1073	249.351	A3	57	64	1136	195.824	A3	57	96	
1074	249.474	C#5	73	80	1137	195.957	C#5	73	96	
1075	249.599	D3	50	65	1138	196.09	D3	50	96	
1076	249.868	F#3	54	67	1140	196.357	F#3	54	96	
1077	249.912	E5	76	75	1139	196.357	E5	76	96	
1078	250.113	Bb3	58	60	1141	196.624	Bb3	58	96	
1079	250.245	D5	74	80	1142	196.757	D5	74	96	
1080	250.376	D3	50	51	1143	196.89	D3	50	96	
1081	250.745	B1	35	63	1146	197.157	B1	35	96	
1082	250.825	C#5	73	66	1144	197.157	C#5	73	96	
1083	250.837	E4	64	73	1145	197.157	E4	64	96	
1084	251.2	F#2	42	55	1147	197.424	F#2	42	96	
1085	251.443	B2	47	53	1148	197.69	B2	47	96	
1086	251.705	D3	50	59	1151	197.957	D3	50	96	
1087	251.714	F#4	66	65	1149	197.957	F#4	66	96	
1088	251.727	D4	62	60	1150	197.957	D4	62	96	
1089	251.948	F#3	54	63	1152	198.224	F#3	54	96	
1090	252.084	Bb4	70	78	1153	198.357	Bb4	70	96	
1091	252.186	B2	47	69	1154	198.49	B2	47	96	
1092	252.466	D3	50	73	1156	198.757	D3	50	96	
1093	252.466	C#5	73	73	1155	198.757	C#5	73	96	
1094	252.708	G3	55	51	1157	199.024	G3	55	96	
1095	252.867	B4	71	76	1158	199.157	B4	71	96	
1096	252.954	B2	47	64	1159	199.29	B2	47	96	
1097	253.258	C#2	37	65	1162	199.557	C#2	37	96	
1098	253.27	A4	69	66	1160	199.557	A4	69	96	
1099	253.284	C#4	61	57	1161	199.557	C#4	61	96	
1100	253.481	C#3	49	57	1163	199.824	C#3	49	96	
1101	253.643	F#4	66	76	1164	199.957	F#4	66	96	
1102	253.731	A2	45	70	1165	200.09	A2	45	96	
1103	254.011	D4	62	79	1166	200.357	D4	62	96	
1104	254.016	F#3	54	71	1168	200.357	F#3	54	96	
1105	254.024	A3	57	66	1167	200.357	A3	57	96	
1106	254.284	C#3	49	66	1169	200.624	C#3	49	96	
1107	254.385	C4	60	83	1170	200.757	C4	60	96	
1108	254.514	C#2	37	78	1171	200.89	C#2	37	96	
1109	254.735	F3	53	80	1174	201.157	F3	53	96	
1110	254.849	C#4	61	79	1172	201.157	C#4	61	96	
1111	254.856	G#3	56	77	1173	201.157	G#3	56	96	
1112	255.12	B2	47	75	1175	201.424	B2	47	96	
1113	255.343	F3	53	77	1176	201.557	F3	53	96	
1114	255.505	C#2	37	78	1177	201.69	C#2	37	96	
1115	256.175	G#3	56	80	1180	201.957	G#3	56	96	
1116	256.191	B2	47	68	1179	201.957	B2	47	96	
1117	256.192	F#2	42	63	1178	201.957	F#2	42	96	
1118	257.663	F#3	54	49	1182	202.757	F#3	54	96	
1119	257.676	A2	45	45	1181	202.757	A2	45	96	
1120	258.233	A3	57	57	1183	203.024	A3	57	96	
1121	258.511	C#4	61	68	1184	203.29	C#4	61	87	
1122	258.787	F#4	66	69	1185	203.557	F#4	66	78	
1123	259.021	A4	69	63	1186	203.824	A4	69	68	
1124	259.26	C#5	73	74	1187	204.09	C#5	73	59	
1125	259.766	E5	76	82	1189	204.357	E5	76	49	
1126	259.802	E4	64	53	1188	204.357	E4	64	49	
1127	259.802	A4	69	56	1190	204.357	A4	69	49	
1128	259.889	A3	57	36	1192	204.357	A3	57	49	
1129	259.894	F#3	54	37	1191	204.357	F#3	54	49	
1130	261	D5	74	48	1194	205.157	D5	74	49	
1131	261.044	D4	62	22	1193	205.157	D4	62	49	
1132	261.677	F#2	42	42	1195	205.424	F#2	42	49	
1133	261.975	A2	45	53	1196	205.69	A2	45	49	
1134	262.211	D3	50	59	1197	205.957	D3	50	49	
1135	262.476	F#3	54	44	1198	206.251	F#3	54	49	
1136	262.818	A3	57	40	1199	206.545	A3	57	49	
1137	263.362	D4	62	51	1200	206.839	D4	62	49	
1138	263.477	E2	40	47	1201	206.839	E2	40	49	
1139	264.718	C#4	61	35	1202	207.823	C#4	61	49	
1140	265.573	E3	52	34	1203	208.193	E3	52	49	
1141	265.952	A3	57	44	1204	208.564	A3	57	49	
1142	266.335	C#4	61	55	1205	208.934	C#4	61	49	
1143	266.653	E4	64	62	1206	209.36	E4	64	49	
1144	267.019	A4	69	73	1207	209.785	A4	69	49	
1145	267.839	C#5	73	68	1208	210.211	C#5	73	49	
1146	267.855	Eb4	63	61	1209	210.211	Eb4	63	49	
1147	267.855	F#4	66	54	1210	210.211	F#4	66	49	
1148	267.97	E3	52	56	1211	210.211	E3	52	49	
1149	269.864	B4	71	62	1212	211.411	B4	71	49	
1150	270.953	C#5	73	58	1213	211.811	C#5	73	33	
1151	270.976	G#4	68	50	1215	211.811	G#4	68	33	
1152	270.979	D4	62	47	1214	211.811	D4	62	33	
1153	271.048	A2	45	40	1216	211.811	A2	45	33	
1154	271.752	B4	71	63	1217	212.211	B4	71	33	
1155	272.394	D5	74	61	1219	212.611	D5	74	33	
1156	272.436	F#4	66	51	1218	212.611	F#4	66	33	
1157	272.517	A1	33	46	1221	212.611	A1	33	33	
1158	273.121	D4	62	46	1222	213.011	D4	62	33	
1159	273.604	A3	57	51	1223	213.411	A3	57	33	
1160	274.006	F#3	54	57	1224	213.811	F#3	54	33	
1161	274.421	C#5	73	66	1225	214.211	C#5	73	33	
1162	274.432	A4	69	67	1226	214.211	A4	69	33	
1163	274.492	D3	50	46	1228	214.211	D3	50	33	
1164	274.515	A2	45	37	1227	214.211	A2	45	33	
1165	274.91	B4	71	70	1229	214.611	B4	71	33	
1166	274.929	G#4	68	65	1230	214.611	G#4	68	33	
1167	275.228	F#4	66	72	1231	215.011	F#4	66	33	
1168	275.396	A1	33	58	1232	215.011	A1	33	33	
1169	275.599	A5	81	78	1233	215.116	A5	81	33	
1170	275.988	D3	50	52	1234	215.411	D3	50	33	
1171	276.418	A2	45	61	1235	215.811	A2	45	33	
1172	276.804	F#2	42	73	1236	216.211	F#2	42	33	
1173	277.294	G#5	80	81	1238	216.611	G#5	80	55	
1174	277.311	B4	71	74	1237	216.611	B4	71	55	
1175	277.35	D2	38	64	1239	216.611	D2	38	55	
1176	277.748	D3	50	64	1240	217.011	D3	50	55	
1177	277.927	F#5	78	80	1242	217.211	F#5	78	55	
1178	277.939	A4	69	74	1241	217.211	A4	69	55	
1179	278.166	F#5	78	80	1244	217.411	F#5	78	55	
1180	278.175	A3	57	70	1246	217.411	A3	57	55	
1181	278.177	A4	69	73	1243	217.411	A4	69	55	
1182	278.179	F#3	54	61	1245	217.411	F#3	54	55	
1183	278.183	D3	50	63	1247	217.411	D3	50	55	
1184	278.583	B3	59	71	1249	217.811	B3	59	55	
1185	278.589	G#3	56	69	1248	217.811	G#3	56	55	
1186	278.77	F5	77	78	1251	218.011	F5	77	55	
1187	278.787	G#4	68	71	1250	218.011	G#4	68	55	
1188	279.049	F5	77	78	1253	218.211	F5	77	55	
1189	279.069	G#4	68	73	1252	218.211	G#4	68	55	
1190	279.072	C#3	49	61	1256	218.211	C#3	49	55	
1191	279.072	B3	59	66	1255	218.211	B3	59	55	
1192	279.077	G#3	56	61	1254	218.211	G#3	56	55	
1193	279.468	E5	76	83	1258	218.611	E5	76	55	
1194	279.482	A4	69	74	1257	218.611	A4	69	55	
1195	279.498	C#4	61	59	1260	218.611	C#4	61	55	
1196	279.511	A3	57	52	1259	218.611	A3	57	55	
1197	279.953	D5	74	74	1262	219.011	D5	74	55	
1198	279.981	F#4	66	67	1261	219.011	F#4	66	55	
1199	280.029	B1	35	57	1263	219.011	B1	35	55	
1200	280.384	B4	71	73	1265	219.411	B4	71	55	
1201	280.404	D4	62	63	1264	219.411	D4	62	55	
1202	280.443	D3	50	58	1266	219.411	D3	50	55	
1203	280.781	E2	40	56	1269	219.811	E2	40	55	
1204	280.878	A4	69	71	1267	219.811	A4	69	55	
1205	280.894	C#4	61	65	1268	219.811	C#4	61	55	
1206	281.291	E3	52	73	1270	220.211	E3	52	55	
1207	281.795	G#4	68	58	1271	220.611	G#4	68	55	
1208	281.809	B3	59	39	1272	220.611	B3	59	55	
1209	281.899	E3	52	69	1273	220.611	E3	52	55	
1210	282.338	F#3	54	64	1275	221.011	F#3	54	55	
1211	282.997	C#5	73	62	1276	221.411	C#5	73	55	
1212	283.022	E4	64	49	1277	221.411	E4	64	55	
1213	283.042	G3	55	47	1278	221.411	G3	55	55	
1214	283.047	E3	52	48	1279	221.411	E3	52	55	
1215	283.461	B4	71	71	1280	221.811	B4	71	55	
1216	284.003	D5	74	71	1282	222.211	D5	74	55	
1217	284.029	A4	69	58	1281	222.211	A4	69	55	
1218	284.097	F#2	42	36	1284	222.211	F#2	42	55	
1219	284.502	D4	62	56	1285	222.611	D4	62	55	
1220	284.905	A3	57	49	1286	223.011	A3	57	55	
1221	285.316	F#3	54	54	1287	223.411	F#3	54	55	
1222	285.729	C#5	73	75	1288	223.811	C#5	73	55	
1223	285.749	E4	64	64	1289	223.811	E4	64	55	
1224	285.752	A4	69	66	1290	223.811	A4	69	55	
1225	285.809	E2	40	73	1291	223.811	E2	40	55	
1226	286.198	B4	71	78	1292	224.211	B4	71	55	
1227	286.633	Eb2	39	61	1297	224.611	Eb2	39	55	
1228	286.633	B2	47	65	1298	224.611	B2	47	55	
1229	286.732	B5	83	92	1293	224.611	B5	83	55	
1230	286.748	F#5	78	78	1296	224.611	F#5	78	55	
1231	286.757	B4	71	66	1295	224.611	B4	71	55	
1232	286.763	A4	69	67	1294	224.611	A4	69	55	
1233	287.235	Eb3	51	63	1299	225.011	Eb3	51	55	
1234	287.604	Eb5	75	71	1302	225.411	Eb5	75	55	
1235	287.627	B4	71	48	1301	225.411	B4	71	55	
1236	287.631	A4	69	55	1300	225.411	A4	69	55	
1237	287.632	B2	47	61	1304	225.411	B2	47	55	
1238	287.635	F#2	42	51	1303	225.411	F#2	42	55	
1239	287.995	A5	81	85	1305	225.811	A5	81	59	
1240	288.043	F#3	54	70	1306	225.811	F#3	54	59	
1241	288.427	G#5	80	81	1307	226.211	G#5	80	63	
1242	288.447	G#4	68	64	1308	226.211	G#4	68	63	
1243	288.448	C#5	73	66	1309	226.211	C#5	73	63	
1244	288.467	A2	45	57	1310	226.211	A2	45	63	
1245	288.48	B2	47	57	1311	226.211	B2	47	63	
1246	288.861	A3	57	71	1312	226.611	B3	59	67	
1247	289.03	F#5	78	81	1313	226.811	F#5	78	69	
1248	289.045	Eb5	75	72	1315	226.811	D5	74	69	
1249	289.053	F#4	66	71	1314	226.811	F#4	66	69	
1250	289.062	B4	71	59	*	-1	*	-1	-1	
1251	289.292	F#5	78	79	1316	227.011	F#5	78	71	
1252	289.3	Eb5	75	67	1319	227.011	Eb5	75	71	
1253	289.307	B4	71	49	1318	227.011	B4	71	71	
1254	289.308	F#4	66	72	1317	227.011	F#4	66	71	
1255	289.319	G#2	44	65	1321	227.011	G#2	44	71	
1256	289.323	B2	47	63	1320	227.011	B2	47	71	
1257	289.71	E3	52	77	1322	227.411	E3	52	75	
1258	289.916	E5	76	84	1323	227.611	E5	76	77	
1259	289.929	E4	64	73	1324	227.611	E4	64	77	
1260	289.93	C5	72	73	1325	227.611	C5	72	77	
1261	290.212	E5	76	78	1327	227.811	E5	76	80	
1262	290.231	C5	72	73	1326	227.811	C5	72	80	
1263	290.236	E4	64	69	1328	227.811	E4	64	80	
1264	290.241	A2	45	61	1330	227.811	A2	45	80	
1265	290.241	E3	52	70	1329	227.811	E3	52	80	
1266	290.733	C#5	73	78	1331	228.211	C#5	73	80	
1267	290.805	F#3	54	72	1332	228.211	F#3	54	80	
1268	291.37	C#5	73	65	1334	228.611	C#5	73	80	
1269	291.381	E4	64	60	1333	228.611	E4	64	80	
1270	291.417	F#3	54	60	1335	228.611	F#3	54	80	
1271	291.422	B2	47	56	1336	228.611	B2	47	80	
1272	291.984	F#4	66	67	1338	229.011	F#4	66	80	
1273	291.999	Eb4	63	54	1337	229.011	Eb4	63	80	
1274	292.034	A3	57	48	1339	229.011	A3	57	80	
1275	292.752	A4	69	65	1342	229.411	A4	69	80	
1276	292.759	Eb4	63	57	1341	229.411	Eb4	63	80	
1277	292.764	A3	57	53	1340	229.411	A3	57	80	
1278	292.822	E2	40	45	1343	229.411	E2	40	80	
1279	293.476	B2	47	51	1345	229.811	B2	47	80	
1280	294.049	G#4	68	49	1348	230.211	G#4	68	80	
1281	294.076	E4	64	42	1347	230.211	E4	64	80	
1282	294.077	G#3	56	36	1346	230.211	G#3	56	80	
1283	294.117	E3	52	44	1349	230.211	E3	52	80	
1284	294.678	B2	47	40	1350	230.611	B2	47	80	
1285	295.426	E4	64	48	1351	231.011	E4	64	80	
1286	295.466	G3	55	36	1352	231.011	G3	55	80	
1287	295.474	C4	60	33	1353	231.011	C4	60	80	
1288	295.517	E2	40	42	1354	231.011	E2	40	80	
1289	295.952	G2	43	43	1356	231.411	G2	43	80	
1290	296.386	F#4	66	61	1357	231.811	F#4	66	80	
1291	296.538	C3	48	39	1358	231.811	C3	48	80	
1292	296.901	E3	52	35	1359	232.211	E3	52	80	
1293	297.233	E4	64	41	1360	232.611	E4	64	80	
1294	297.277	C3	48	33	1361	232.611	C3	48	80	
1295	297.655	G2	43	41	1362	233.011	G2	43	80	
1296	298.145	E2	40	37	1366	233.411	E2	40	80	
1297	298.265	E4	64	51	1363	233.411	E4	64	80	
1298	298.296	G3	55	38	1364	233.411	G3	55	80	
1299	298.296	C#4	61	41	1365	233.411	C#4	61	80	
1300	298.62	G2	43	46	1368	233.811	G2	43	80	
1301	299.031	F#4	66	66	1369	234.211	F#4	66	80	
1302	299.097	C#3	49	43	1370	234.211	C#3	49	80	
1303	299.428	E3	52	40	1371	234.611	E3	52	80	
1304	299.771	E4	64	49	1372	235.011	E4	64	80	
1305	299.797	C#3	49	40	1373	235.011	C#3	49	80	
1306	300.147	G2	43	39	1374	235.411	G2	43	80	
1307	300.491	B2	47	40	1379	235.811	B2	47	80	
1308	300.494	E2	40	40	1378	235.811	E2	40	80	
1309	300.579	E4	64	56	1375	235.811	E4	64	80	
1310	300.622	D4	62	39	1377	235.811	D4	62	80	
1311	300.635	G#3	56	24	1376	235.811	G#3	56	80	
1312	300.896	E3	52	45	1381	236.211	E3	52	80	
1313	301.246	B4	71	58	1382	236.611	B4	71	80	
1314	301.294	G#3	56	41	1383	236.611	G#3	56	80	
1315	301.62	E3	52	46	1385	237.011	E3	52	80	
1316	302.015	A3	57	47	1389	237.411	A3	57	80	
1317	302.131	A4	69	56	1386	237.411	A4	69	80	
1318	302.162	E4	64	34	1388	237.411	E4	64	80	
1319	302.187	D4	62	35	1387	237.411	D4	62	80	
1320	302.482	E3	52	38	1391	237.811	E3	52	80	
1321	302.818	G#4	68	55	1392	238.211	G#4	68	80	
1322	302.843	B3	59	45	1395	238.211	B3	59	80	
1323	302.867	E4	64	24	1394	238.211	E4	64	80	
1324	302.879	D4	62	28	1393	238.211	D4	62	80	
1325	303.22	E3	52	43	1397	238.611	E3	52	80	
1326	303.762	B4	71	46	1398	239.011	B4	71	80	
1327	303.763	D4	62	44	1399	239.011	D4	62	80	
1328	303.811	A2	45	36	1400	239.011	A2	45	80	
1329	304.288	E3	52	39	1402	239.411	E3	52	80	
1330	304.69	E4	64	40	1403	239.811	E4	64	80	
1331	304.706	G#3	56	35	1404	239.811	G#3	56	80	
1332	305.136	E3	52	32	1405	240.211	E3	52	80	
1333	305.69	A4	69	46	1406	240.611	A4	69	80	
1334	305.707	F4	65	36	1408	240.611	F4	65	80	
1335	305.725	C4	60	32	1407	240.611	C4	60	80	
1336	305.785	A2	45	33	1409	240.611	A2	45	80	
1337	306.188	C3	48	33	1411	241.011	C3	48	80	
1338	306.666	B4	71	53	1412	241.411	B4	71	80	
1339	306.722	F3	53	25	1413	241.411	F3	53	80	
1340	307.055	A3	57	46	1414	241.811	A3	57	80	
1341	307.409	A4	69	66	1415	242.211	A4	69	80	
1342	307.417	F3	53	47	1416	242.211	F3	53	80	
1343	307.769	C3	48	51	1417	242.611	C3	48	80	
1344	308.174	A4	69	68	1418	243.011	A4	69	80	
1345	308.191	C4	60	55	1419	243.011	C4	60	80	
1346	308.195	Eb4	63	62	1420	243.011	Eb4	63	80	
1347	308.23	F2	41	57	1421	243.011	F2	41	80	
1348	308.535	C3	48	61	1423	243.411	C3	48	80	
1349	308.882	Eb3	51	64	1425	243.811	Eb3	51	80	
1350	308.977	C5	72	79	1424	243.811	C5	72	80	
1351	309.232	A3	57	64	1426	244.211	A3	57	80	
1352	309.583	A4	69	80	1427	244.611	A4	69	80	
1353	309.598	Eb3	51	62	1428	244.611	Eb3	51	80	
1354	309.898	C3	48	61	1429	245.011	C3	48	80	
1355	310.251	Eb2	39	70	1433	245.411	Eb2	39	80	
1356	310.257	A4	69	82	1430	245.411	A4	69	80	
1357	310.284	C4	60	59	1431	245.411	C4	60	80	
1358	310.287	F#4	66	58	1432	245.411	F#4	66	80	
1359	310.63	C3	48	68	1435	245.811	C3	48	80	
1360	310.959	F#5	78	86	1436	246.211	F#5	78	80	
1361	311.048	A3	57	42	1437	246.211	A3	57	80	
1362	311.362	Eb3	51	66	1438	246.611	Eb3	51	80	
1363	311.753	A3	57	65	1440	247.011	A3	57	80	
1364	311.863	C5	72	80	1439	247.011	C5	72	80	
1365	312.239	C4	60	75	1441	247.411	C4	60	80	
1366	312.736	F#4	66	75	1442	247.811	F#4	66	80	
1367	313.075	A4	69	79	1443	248.211	A4	69	80	
1368	313.107	C4	60	56	1444	248.211	C4	60	80	
1369	313.456	A3	57	64	1446	248.611	A3	57	80	
1370	313.572	G#4	68	80	1445	248.611	G#4	68	80	
1371	313.949	C4	60	65	1447	249.011	C4	60	80	
1372	314.36	A3	57	59	1448	249.411	A3	57	80	
1373	314.763	E3	52	59	1449	249.811	E3	52	80	
1374	315.197	F#4	66	69	1450	250.211	F#4	66	80	
1375	315.232	C3	48	54	1451	250.211	C3	48	80	
1376	315.761	E4	64	66	1452	250.611	E4	64	80	
1377	315.793	A2	45	52	1453	250.611	A2	45	80	
1378	316.442	G#4	68	63	1454	251.011	G#4	68	80	
1379	316.581	E2	40	42	1456	251.011	E2	40	80	
1380	317.007	B3	59	42	1457	251.411	B3	59	80	
1381	317.413	G#3	56	48	1458	251.811	G#3	56	80	
1382	317.796	E3	52	42	1459	252.211	E3	52	80	
1383	318.139	A4	69	70	1460	252.611	A4	69	80	
1384	318.179	C4	60	42	1461	252.611	C4	60	80	
1385	318.552	A3	57	48	1462	253.011	A3	57	80	
1386	318.961	Bb4	70	63	1463	253.411	Bb4	70	80	
1387	319.089	E2	40	54	1465	253.411	E2	40	80	
1388	319.401	C#4	61	45	1466	253.811	C#4	61	80	
1389	319.777	Bb3	58	42	1467	254.211	Bb3	58	80	
1390	320.132	E3	52	48	1468	254.611	E3	52	80	
1391	320.454	G#4	68	68	1469	255.011	G#4	68	80	
1392	320.476	E4	64	50	1470	255.011	E4	64	80	
1393	320.854	F#4	66	77	1471	255.411	F#4	66	80	
1394	320.878	C#4	61	53	1472	255.411	C#4	61	80	
1395	321.274	B4	71	74	1473	255.811	B4	71	80	
1396	321.405	E2	40	60	1475	255.811	E2	40	80	
1397	321.718	D4	62	56	1476	256.211	D4	62	80	
1398	322.075	B3	59	61	1477	256.611	B3	59	80	
1399	322.405	E3	52	64	1478	257.011	E3	52	80	
1400	322.733	C5	72	79	1479	257.411	C5	72	80	
1401	322.78	Eb4	63	66	1480	257.411	Eb4	63	80	
1402	323.11	C4	60	66	1481	257.811	C4	60	80	
1403	323.472	C#5	73	74	1482	258.211	C#5	73	80	
1404	323.557	E2	40	74	1484	258.211	E2	40	80	
1405	323.903	E4	64	61	1485	258.611	E4	64	80	
1406	324.269	C#4	61	67	1486	259.011	C#4	61	80	
1407	324.596	E3	52	65	1487	259.411	E3	52	80	
1408	324.906	B4	71	76	1488	259.811	B4	71	80	
1409	324.926	G4	67	60	1489	259.811	G4	67	80	
1410	325.288	A4	69	82	1490	260.211	A4	69	80	
1411	325.305	C#4	61	59	1491	260.211	C#4	61	80	
1412	325.765	D5	74	81	1492	260.611	D5	74	80	
1413	325.856	F#2	42	69	1493	260.611	F#2	42	80	
1414	326.198	D4	62	64	1495	261.011	D4	62	80	
1415	326.574	A3	57	65	1496	261.411	A3	57	80	
1416	326.991	C#5	73	78	1497	261.811	C#5	73	80	
1417	327.007	G#4	68	71	1498	261.811	G#4	68	80	
1418	327.043	E2	40	70	1499	261.811	E2	40	80	
1419	327.469	E3	52	72	1500	262.211	E3	52	80	
1420	327.847	B4	71	79	1501	262.611	B4	71	80	
1421	327.879	G#3	56	60	1502	262.611	G#3	56	80	
1422	328.293	D2	38	68	1504	263.011	D2	38	80	
1423	328.496	F#4	66	77	1503	263.011	F#4	66	80	
1424	328.802	A5	81	84	1505	263.116	A5	81	80	
1425	329.085	F#3	54	70	1506	263.411	F#3	54	80	
1426	329.551	A3	57	66	1508	263.811	A3	57	80	
1427	329.554	D3	50	62	1507	263.811	D3	50	80	
1428	329.985	D4	62	69	1510	264.211	D4	62	80	
1429	330	F#3	54	64	1509	264.211	F#3	54	80	
1430	330.535	A4	69	79	1513	264.611	A4	69	80	
1431	330.545	E4	64	65	1512	264.611	E4	64	80	
1432	330.553	A3	57	63	1511	264.611	A3	57	80	
1433	330.583	A2	45	69	1515	264.611	A2	45	80	
1434	330.591	C#2	37	71	1514	264.611	C#2	37	80	
1435	331.017	B1	35	74	1516	265.011	B1	35	80	
1436	331.391	D2	38	68	1520	265.411	D2	38	80	
1437	331.454	G#4	68	78	1517	265.411	G#4	68	80	
1438	331.473	B3	59	60	1519	265.411	B3	59	80	
1439	331.474	A3	57	67	1518	265.411	A3	57	80	
1440	331.901	A2	45	66	1521	265.811	A2	45	80	
1441	332.325	F#4	66	71	1522	266.211	F#4	66	80	
1442	332.675	A2	45	67	1523	266.611	A2	45	80	
1443	333.016	E4	64	75	1524	267.011	E4	64	80	
1444	333.037	C#2	37	65	1527	267.011	C#2	37	80	
1445	333.047	E3	52	53	1525	267.011	E3	52	80	
1446	333.047	A3	57	55	1526	267.011	A3	57	80	
1447	333.338	D4	62	79	1528	267.411	D4	62	80	
1448	333.36	B1	35	69	1529	267.411	B1	35	80	
1449	333.651	D2	38	65	1533	267.811	D2	38	80	
1450	333.77	C#4	61	79	1530	267.811	C#4	61	80	
1451	333.794	F#3	54	64	1531	267.811	F#3	54	80	
1452	333.794	A3	57	60	1532	267.811	A3	57	80	
1453	334.133	A2	45	66	1534	268.211	A2	45	80	
1454	334.488	B3	59	73	1535	268.611	B3	59	80	
1455	334.85	A2	45	62	1536	269.011	A2	45	80	
1456	335.12	C#2	37	65	1540	269.411	C#2	37	49	
1457	335.208	A4	69	79	1537	269.411	A4	69	49	
1458	335.224	E4	64	66	1539	269.411	E4	64	49	
1459	335.228	A3	57	59	1538	269.411	A3	57	49	
1460	335.538	B1	35	67	1541	269.811	B1	35	49	
1461	335.881	D2	38	55	1545	270.211	D2	38	49	
1462	336.037	G4	67	73	1542	270.211	G4	67	49	
1463	336.068	A3	57	50	1543	270.211	A3	57	49	
1464	336.068	B3	59	54	1544	270.211	B3	59	49	
1465	336.51	A2	45	51	1546	270.611	A2	45	49	
1466	337.05	F4	65	53	1547	271.011	F4	65	49	
1467	337.436	A2	45	54	1548	271.411	A2	45	49	
1468	337.839	E4	64	60	1549	271.811	E4	64	49	
1469	337.854	C2	36	49	1552	271.811	C2	36	49	
1470	337.871	E3	52	45	1550	271.811	E3	52	49	
1471	337.874	A3	57	39	1551	271.811	A3	57	49	
1472	338.273	B1	35	62	1554	272.211	B1	35	49	
1473	338.282	D4	62	62	1553	272.211	D4	62	49	
1474	338.83	D2	38	50	1558	272.611	D2	38	49	
1475	338.83	C4	60	52	1555	272.611	C4	60	49	
1476	338.87	A3	57	42	1557	272.611	A3	57	49	
1477	338.879	F3	53	41	1556	272.611	F3	53	49	
1478	339.343	A2	45	47	1559	273.011	A2	45	49	
1479	339.914	B3	59	36	1560	273.411	B3	59	49	
1480	340.611	A2	45	37	1561	273.811	A2	45	49	
1481	341.879	G#5	80	61	1562	274.211	G#5	80	49	
1482	341.892	A4	69	54	1563	274.211	A4	69	49	
1483	341.903	E5	76	50	1568	274.211	E5	76	49	
1484	341.981	E4	64	40	1567	274.211	E4	64	49	
1485	341.988	E3	52	38	1565	274.211	E3	52	49	
1486	341.996	A3	57	39	1566	274.211	A3	57	49	
1487	342.011	C#3	49	38	1564	274.211	C#3	49	49	
1488	342.713	A5	81	51	1569	274.611	A5	81	49	
1489	343.48	F#5	78	56	1571	275.011	F#5	78	49	
1490	343.523	D5	74	37	1570	275.011	D5	74	49	
1491	343.571	A2	45	36	1573	275.011	A2	45	49	
1492	343.584	D2	38	36	1572	275.011	D2	38	49	
1493	344.268	G#4	68	45	1574	275.411	G#4	68	49	
1494	344.684	A4	69	49	1575	275.811	A4	69	49	
1495	344.706	F#3	54	34	1577	275.811	F#3	54	49	
1496	344.714	D3	50	41	1576	275.811	D3	50	49	
1497	345.092	F#4	66	46	1578	276.211	F#4	66	49	
1498	345.119	A3	57	39	1579	276.211	A3	57	49	
1499	345.69	G#5	80	61	1580	276.611	G#5	80	49	
1500	345.699	A4	69	59	1586	276.611	A4	69	49	
1501	345.719	E5	76	51	1581	276.611	E5	76	49	
1502	345.801	E4	64	39	1585	276.611	E4	64	49	
1503	345.822	A3	57	40	1584	276.611	A3	57	49	
1504	345.825	E3	52	40	1583	276.611	E3	52	49	
1505	345.841	C#3	49	36	1582	276.611	C#3	49	49	
1506	346.248	A5	81	61	1587	277.011	A5	81	49	
1507	346.884	B4	71	49	1588	277.411	B4	71	49	
1508	346.925	F#4	66	40	1589	277.411	F#4	66	49	
1509	346.995	B2	47	34	1591	277.411	B2	47	49	
1510	346.996	Eb2	39	45	1590	277.411	Eb2	39	49	
1511	347.513	G#4	68	49	1592	277.811	G#4	68	49	
1512	347.996	A4	69	46	1593	278.211	A4	69	49	
1513	348.011	F#3	54	40	1595	278.211	F#3	54	49	
1514	348.031	Eb3	51	31	1594	278.211	Eb3	51	49	
1515	348.512	B3	59	39	1597	278.611	B3	59	49	
1516	348.519	A3	57	34	*	-1	*	-1	-1	
1517	349.152	B4	71	39	1598	279.011	B4	71	49	
1518	349.169	E4	64	35	1599	279.011	E4	64	49	
1519	349.176	A4	69	37	1600	279.011	A4	69	49	
1520	349.201	E2	40	36	1601	279.011	E2	40	49	
1521	349.634	E3	52	40	1602	279.411	E3	52	49	
1522	349.798	C#5	73	61	1603	279.611	C#5	73	49	
1523	350.042	C#5	73	68	1604	279.811	C#5	73	49	
1524	350.048	E3	52	45	1607	279.811	E3	52	49	
1525	350.05	G#3	56	45	1608	279.811	G#3	56	49	
1526	350.064	G#4	68	53	1606	279.811	G#4	68	49	
1527	350.072	E4	64	35	1605	279.811	E4	64	49	
1528	350.446	C#4	61	50	1609	280.211	C#4	61	49	
1529	350.601	D5	74	76	1610	280.411	D5	74	49	
1530	350.868	D5	74	72	1611	280.611	D5	74	49	
1531	350.905	F#4	66	54	1613	280.611	F#4	66	49	
1532	350.906	F#3	54	47	1615	280.611	F#3	54	49	
1533	350.909	B2	47	45	1614	280.611	B2	47	49	
1534	350.91	D4	62	51	1612	280.611	D4	62	49	
1535	351.275	C#5	73	76	1616	281.011	C#5	73	49	
1536	351.306	B3	59	44	1617	281.011	B3	59	49	
1537	351.787	D5	74	65	1618	281.411	D5	74	49	
1538	351.804	E4	64	50	1620	281.411	E4	64	49	
1539	351.808	D4	62	55	1619	281.411	D4	62	49	
1540	351.868	E2	40	42	1621	281.411	E2	40	49	
1541	352.214	G#4	68	72	1623	281.811	G#4	68	49	
1542	352.235	E3	52	52	1624	281.811	E3	52	49	
1543	352.597	A2	45	55	1627	282.211	A2	45	49	
1544	352.665	G#4	68	61	1625	282.211	G#4	68	49	
1545	352.679	D4	62	54	1626	282.211	D4	62	49	
1546	353.023	E3	52	65	1629	282.611	E3	52	49	
1547	353.42	A4	69	63	1630	283.011	A4	69	49	
1548	353.441	C#4	61	53	1631	283.011	C#4	61	49	
1549	353.449	A3	57	55	1632	283.011	A3	57	49	
1550	353.808	G#3	56	67	1633	283.411	G#3	56	49	
1551	354.3	A4	69	60	1634	283.811	A4	69	49	
1552	354.319	F#4	66	52	1636	283.811	F#4	66	49	
1553	354.328	C#4	61	49	1635	283.811	C#4	61	49	
1554	354.395	A2	45	46	1638	283.811	A2	45	49	
1555	354.396	F#3	54	44	1637	283.811	F#3	54	49	
1556	354.754	A3	57	61	1639	284.211	A3	57	49	
1557	355.172	B4	71	65	1640	284.611	B4	71	49	
1558	355.249	C#4	61	61	1641	284.611	C#4	61	49	
1559	355.594	A3	57	54	1642	285.011	A3	57	49	
1560	355.905	A4	69	72	1643	285.411	A4	69	49	
1561	355.918	F#3	54	58	1644	285.411	F#3	54	49	
1562	356.235	E3	52	59	1645	285.811	E3	52	49	
1563	356.609	A4	69	72	1646	286.211	A4	69	49	
1564	356.629	F#4	66	55	1648	286.211	F#4	66	49	
1565	356.633	D4	62	54	1647	286.211	D4	62	49	
1566	356.685	D3	50	61	1649	286.211	D3	50	49	
1567	356.692	A2	45	56	1650	286.211	A2	45	49	
1568	357.008	F#3	54	65	1651	286.611	F#3	54	49	
1569	357.335	B4	71	72	1652	287.011	B4	71	49	
1570	357.365	A3	57	66	1653	287.011	A3	57	49	
1571	357.684	F#3	54	64	1654	287.411	F#3	54	49	
1572	357.988	A4	69	77	1655	287.811	A4	69	49	
1573	358.003	D3	50	63	1656	287.811	D3	50	49	
1574	358.277	C#3	49	62	1657	288.211	C#3	49	49	
1575	358.627	A2	45	66	1662	288.611	A2	45	49	
1576	358.636	B2	47	68	1661	288.611	B2	47	49	
1577	358.731	A4	69	73	1658	288.611	A4	69	49	
1578	358.748	D4	62	64	1659	288.611	D4	62	49	
1579	358.75	F#4	66	67	1660	288.611	F#4	66	49	
1580	358.983	D3	50	71	1663	289.011	D3	50	49	
1581	359.292	D5	74	77	1664	289.411	D5	74	49	
1582	359.344	F#3	54	62	1667	289.411	F#3	54	49	
1583	359.636	A3	57	66	1668	289.811	A3	57	49	
1584	359.901	A2	45	51	1673	290.211	A2	45	49	
1585	359.902	E3	52	63	1672	290.211	E3	52	49	
1586	360.002	C#5	73	76	1669	290.211	C#5	73	49	
1587	360.021	G#4	68	68	1671	290.211	G#4	68	49	
1588	360.029	E4	64	62	1670	290.211	E4	64	49	
1589	360.42	G#3	56	52	1674	290.611	G#3	56	49	
1590	360.809	B3	59	54	1675	291.011	B3	59	49	
1591	361.156	B4	71	66	1676	291.411	B4	71	49	
1592	361.186	D4	62	45	1677	291.411	D4	62	49	
1593	361.702	G#4	68	57	1678	291.811	G#4	68	49	
1594	361.729	D4	62	48	1679	291.811	D4	62	49	
1595	361.777	A2	45	50	1680	291.811	A2	45	49	
1596	362.196	E3	52	49	1682	292.211	E3	52	49	
1597	362.59	A4	69	47	1683	292.611	A4	69	49	
1598	362.614	C#4	61	38	1684	292.611	C#4	61	49	
1599	362.617	A3	57	42	1685	292.611	A3	57	49	
1600	363.015	G#2	44	49	1686	293.011	G#2	44	49	
1601	363.519	F#2	42	43	1690	293.411	F#2	42	49	
1602	363.624	A4	69	53	1687	293.411	A4	69	49	
1603	363.648	C#4	61	46	1688	293.411	C#4	61	49	
1604	363.651	F#4	66	41	1689	293.411	F#4	66	49	
1605	364.017	C#3	49	55	1692	293.811	C#3	49	49	
1606	364.431	B4	71	62	1693	294.211	B4	71	49	
1607	364.464	A3	57	45	1694	294.211	A3	57	49	
1608	364.802	C#3	49	53	1695	294.611	C#3	49	49	
1609	365.124	A4	69	68	1696	295.011	A4	69	49	
1610	365.144	F#2	42	42	1697	295.011	F#2	42	49	
1611	365.466	E2	40	68	1698	295.411	E2	40	49	
1612	365.774	D2	38	68	1702	295.811	D2	38	49	
1613	365.882	A4	69	77	1699	295.811	A4	69	49	
1614	365.894	F#4	66	62	1701	295.811	F#4	66	49	
1615	365.905	D4	62	62	1700	295.811	D4	62	49	
1616	366.211	A2	45	67	1704	296.211	A2	45	49	
1617	366.637	B4	71	74	1705	296.611	B4	71	49	
1618	366.66	F#3	54	63	1706	296.611	F#3	54	49	
1619	366.956	A2	45	59	1707	297.011	A2	45	49	
1620	367.293	A4	69	78	1708	297.411	A4	69	49	
1621	367.302	D2	38	63	1709	297.411	D2	38	49	
1622	367.68	C#2	37	73	1710	297.811	C#2	37	49	
1623	368.066	B1	35	72	1714	298.211	B1	35	49	
1624	368.186	A4	69	84	1711	298.211	A4	69	49	
1625	368.215	F#4	66	59	1713	298.211	F#4	66	49	
1626	368.218	D4	62	61	1712	298.211	D4	62	49	
1627	368.782	B2	47	70	1716	298.611	B2	47	49	
1628	369.121	F#5	78	85	1717	299.011	F#5	78	49	
1629	369.289	D3	50	64	1718	299.011	D3	50	49	
1630	369.755	F#3	54	78	1719	299.411	F#3	54	49	
1631	370.168	A3	57	76	1721	299.811	A3	57	49	
1632	370.288	D5	74	77	1720	299.811	D5	74	49	
1633	370.594	D4	62	75	1722	300.211	D4	62	49	
1634	371.125	F#4	66	71	1723	300.611	F#4	66	49	
1635	371.701	B4	71	64	1724	301.011	B4	71	49	
1636	371.789	D4	62	67	1725	301.011	D4	62	49	
1637	372.736	G#4	68	57	1726	301.455	G#4	68	49	
1638	372.759	C#4	61	44	1727	301.455	C#4	61	49	
1639	372.76	E4	64	43	1728	301.455	E4	64	49	
1640	372.821	E2	40	56	1729	301.455	E2	40	49	
1641	373.329	C#3	49	46	1730	301.917	C#3	49	49	
1642	373.815	E3	52	47	1732	302.378	E3	52	49	
1643	373.922	A4	69	53	1731	302.378	A4	69	49	
1644	374.328	A3	57	44	1733	302.878	A3	57	49	
1645	375.042	E4	64	52	1734	303.378	E4	64	58	
1646	375.061	C#4	61	42	1735	303.378	C#4	61	49	
1647	375.081	G#3	56	43	1737	303.378	G#3	56	49	
1648	375.117	E1	28	71	1736	303.378	E1	28	49	
1649	375.583	B3	59	66	1738	303.924	B3	59	49	
1650	376.04	E1	28	55	1740	304.469	E1	28	49	
1651	376.145	D4	62	57	1739	304.469	D4	62	49	
1652	376.161	A3	57	52	1742	304.469	A3	57	49	
1653	376.172	F#3	54	48	1741	304.469	F#3	54	49	
1654	376.685	E2	40	45	1743	305.015	E2	40	49	
1655	377.19	A2	45	45	1744	305.56	A2	45	49	
1656	377.856	D3	50	49	1745	306.106	D3	50	49	
1657	378.747	E4	64	53	1746	306.651	E4	64	58	
1658	378.782	C#4	61	45	1747	306.651	C#4	61	49	
1659	378.791	G#3	56	42	1750	306.651	G#3	56	49	
1660	378.862	E2	40	59	1748	306.651	E2	40	49	
1661	379.802	B3	59	51	1751	307.196	B3	59	49	
1662	379.847	D3	50	41	1752	307.196	D3	50	49	
1663	380.442	A1	33	46	1754	307.742	A1	33	49	
1664	381.081	C#3	49	44	*	-1	*	-1	-1	
1665	381.442	A3	57	40	*	-1	*	-1	-1	
1666	382.697	A4	69	45	*	-1	*	-1	-1	
*	-1	*	-1	-1	8	0.8	F#4	66	49	
*	-1	*	-1	-1	20	3.2	F#4	66	49	
*	-1	*	-1	-1	56	8.8	E3	52	49	
*	-1	*	-1	-1	65	10.4	A4	69	49	
*	-1	*	-1	-1	108	16.8	B2	47	45	
*	-1	*	-1	-1	114	17.6	E2	40	41	
*	-1	*	-1	-1	127	20	F#4	66	33	
*	-1	*	-1	-1	139	22.4	F#4	66	33	
*	-1	*	-1	-1	147	24	A4	69	33	
*	-1	*	-1	-1	159	25.4	E4	64	47	
*	-1	*	-1	-1	180	28	E3	52	49	
*	-1	*	-1	-1	189	29.6	A4	69	49	
*	-1	*	-1	-1	234	36	Eb4	63	49	
*	-1	*	-1	-1	242	36.8	E2	40	49	
*	-1	*	-1	-1	253	38.4	E2	40	49	
*	-1	*	-1	-1	265	40.8	E2	40	80	
*	-1	*	-1	-1	278	43.2	E2	40	80	
*	-1	*	-1	-1	282	44	G#3	56	80	
*	-1	*	-1	-1	288	44.8	A3	57	80	
*	-1	*	-1	-1	294	45.6	B3	59	80	
*	-1	*	-1	-1	299	46.4	A2	45	80	
*	-1	*	-1	-1	308	48	A2	45	80	
*	-1	*	-1	-1	320	50.4	F2	41	80	
*	-1	*	-1	-1	332	52.8	Eb2	39	80	
*	-1	*	-1	-1	353	58.4	G#4	68	80	
*	-1	*	-1	-1	362	60.8	Bb4	70	80	
*	-1	*	-1	-1	372	63.2	B4	71	80	
*	-1	*	-1	-1	381	65.6	C#5	73	80	
*	-1	*	-1	-1	392	68	A4	69	80	
*	-1	*	-1	-1	494	86	F#4	66	49	
*	-1	*	-1	-1	520	88.8	B2	47	49	
*	-1	*	-1	-1	526	89.6	A2	45	49	
*	-1	*	-1	-1	563	96.8	F#4	66	49	
*	-1	*	-1	-1	564	96.8	A4	69	49	
*	-1	*	-1	-1	579	99.2	A2	45	49	
*	-1	*	-1	-1	589	100.8	F#2	42	49	
*	-1	*	-1	-1	601	103.2	D2	38	49	
*	-1	*	-1	-1	613	105.6	B1	35	49	
*	-1	*	-1	-1	647	114.386	E2	40	49	
*	-1	*	-1	-1	651	115.586	A4	69	49	
*	-1	*	-1	-1	653	115.586	A3	57	49	
*	-1	*	-1	-1	662	119.986	C#4	61	49	
*	-1	*	-1	-1	667	120.786	F#4	66	49	
*	-1	*	-1	-1	672	121.586	E4	64	49	
*	-1	*	-1	-1	677	122.386	D4	62	49	
*	-1	*	-1	-1	688	123.986	D4	62	49	
*	-1	*	-1	-1	693	124.786	C#4	61	49	
*	-1	*	-1	-1	704	126.386	C#4	61	49	
*	-1	*	-1	-1	710	127.186	B3	59	49	
*	-1	*	-1	-1	727	129.586	C#4	61	49	
*	-1	*	-1	-1	732	130.386	A4	69	41	
*	-1	*	-1	-1	784	139.256	C#4	61	49	
*	-1	*	-1	-1	789	140.056	F#4	66	49	
*	-1	*	-1	-1	794	140.856	E4	64	49	
*	-1	*	-1	-1	799	141.656	D4	62	49	
*	-1	*	-1	-1	810	143.256	D4	62	49	
*	-1	*	-1	-1	815	144.056	C#4	61	49	
*	-1	*	-1	-1	826	145.656	C#4	61	49	
*	-1	*	-1	-1	832	146.456	B3	59	49	
*	-1	*	-1	-1	849	148.856	C#4	61	49	
*	-1	*	-1	-1	854	149.656	A4	69	41	
*	-1	*	-1	-1	966	167.727	C#4	61	33	
*	-1	*	-1	-1	1021	176.727	C#5	73	33	
*	-1	*	-1	-1	1037	178.91	C#4	61	33	
*	-1	*	-1	-1	1053	183.557	E4	64	46	
*	-1	*	-1	-1	1058	184.357	D4	62	46	
*	-1	*	-1	-1	1063	185.157	C#4	61	51	
*	-1	*	-1	-1	1068	185.957	B3	59	56	
*	-1	*	-1	-1	1079	187.557	B3	59	66	
*	-1	*	-1	-1	1084	188.357	A3	57	71	
*	-1	*	-1	-1	1116	193.157	C#4	61	96	
*	-1	*	-1	-1	1220	212.611	F#4	66	33	
*	-1	*	-1	-1	1274	220.611	E3	52	55	
*	-1	*	-1	-1	1283	222.211	A4	69	55	
*	-1	*	-1	-1	1344	229.411	E2	40	80	
*	-1	*	-1	-1	1355	231.011	E2	40	80	
*	-1	*	-1	-1	1367	233.411	E2	40	80	
*	-1	*	-1	-1	1380	235.811	E2	40	80	
*	-1	*	-1	-1	1384	236.611	G#3	56	80	
*	-1	*	-1	-1	1390	237.411	A3	57	80	
*	-1	*	-1	-1	1396	238.211	B3	59	80	
*	-1	*	-1	-1	1401	239.011	A2	45	80	
*	-1	*	-1	-1	1410	240.611	A2	45	80	
*	-1	*	-1	-1	1422	243.011	F2	41	80	
*	-1	*	-1	-1	1434	245.411	Eb2	39	80	
*	-1	*	-1	-1	1455	251.011	G#4	68	80	
*	-1	*	-1	-1	1464	253.411	Bb4	70	80	
*	-1	*	-1	-1	1474	255.811	B4	71	80	
*	-1	*	-1	-1	1483	258.211	C#5	73	80	
*	-1	*	-1	-1	1494	260.611	A4	69	80	
*	-1	*	-1	-1	1596	278.611	F#4	66	49	
*	-1	*	-1	-1	1622	281.411	B2	47	49	
*	-1	*	-1	-1	1628	282.211	A2	45	49	
*	-1	*	-1	-1	1665	289.411	F#4	66	49	
*	-1	*	-1	-1	1666	289.411	A4	69	49	
*	-1	*	-1	-1	1681	291.811	A2	45	49	
*	-1	*	-1	-1	1691	293.411	F#2	42	49	
*	-1	*	-1	-1	1703	295.811	D2	38	49	
*	-1	*	-1	-1	1715	298.211	B1	35	49	
*	-1	*	-1	-1	1749	306.651	E2	40	49	
*	-1	*	-1	-1	1753	307.742	A4	69	49	
*	-1	*	-1	-1	1755	307.742	A3	57	49	
*	-1	*	-1	-1	1756	307.885	C#3	49	49	
