//Version: ScorePerfmMatch_v170104
// Score: ./score_hmm.txt
// Perfm: ./infer_spr.txt
// fmt3x: ./score_fmt3x.txt
0	2.36752	3.70193	A4	46	27	0	0	909	P1-1-2	0	0
1	2.37073	2.68163	A3	38	15	0	0	909	P1-1-0	0	-
2	2.3718	3.3109	Eb4	31	10	0	0	909	P1-1-1	0	-
3	2.37714	4.19979	C3	36	26	0	0	909	P1-1-4	0	-
4	2.39957	3.85043	F3	33	22	0	0	909	P1-1-3	0	-
5	4.65278	6.47971	Bb4	63	18	0	0	2727	P1-1-7	0	-
6	4.66667	5.15599	Bb3	42	34	0	0	2727	P1-1-5	0	-
7	4.68056	7.40813	Bb2	37	1	0	0	2727	P1-1-9	0	-
8	4.68377	5.17629	Eb4	36	40	0	0	2727	P1-1-6	0	-
9	4.69552	6.77672	F3	27	39	0	0	2727	P1-1-8	0	-
10	5.58654	5.96154	D5	62	29	0	0	3636	P1-1-10	0	-
11	6.63462	6.79915	C5	53	36	0	0	4318	P1-1-11	0	-
12	7.15813	8.18377	C5	51	33	0	0	4545	P1-1-14	0	-
13	7.16881	8.34403	A2	30	33	0	0	4545	P1-1-16	0	-
14	7.17736	8.38569	C4	26	35	0	0	4545	P1-1-12	0	-
15	7.17736	8.43484	Eb4	34	35	0	0	4545	P1-1-13	0	-
16	7.17843	8.36326	F3	22	36	0	0	4545	P1-1-15	0	-
17	9.29809	9.71689	Bb4	57	61	0	0	6363	P1-1-19	0	-
18	9.29915	9.7874	Eb4	36	28	0	0	6363	P1-1-18	0	-
19	9.30343	9.74146	Bb3	42	57	0	0	6363	P1-1-17	0	-
20	9.30663	9.72116	Bb2	34	30	0	0	6363	P1-1-21	0	-
21	9.31732	10.4712	F3	31	39	0	0	6363	P1-1-20	0	-
22	10.1261	11.1645	A4	66	22	0	0	7272	P1-1-22	0	-
23	10.1282	10.5011	C3	49	34	0	0	7272	P1-1-25	0	-
24	10.1346	10.4765	A3	39	57	0	0	7272	P1-1-23	0	-
25	10.1368	10.6068	Eb4	42	38	0	0	7272	P1-1-24	0	-
26	11.0203	12.2094	G4	58	41	0	0	8181	P1-1-26	0	-
27	11.0299	11.4861	Bb3	40	36	0	0	8181	P1-1-27	0	-
28	11.0299	12.2895	Eb4	43	42	0	0	8181	P1-1-28	0	-
29	11.0374	11.5043	Bb2	35	80	0	0	8181	P1-1-30	0	-
30	11.0449	12.7383	F3	24	35	0	0	8181	P1-1-29	0	-
31	12.0652	12.3921	F4	44	56	0	0	9090	P1-1-31	0	-
32	12.0684	12.5107	A2	31	40	0	0	9090	P1-1-33	0	-
33	12.0684	15.3184	C4	36	40	0	0	9090	P1-1-32	0	-
34	12.4242	12.9413	G4	46	11	0	0	10000	P1-1-34	0	-
35	12.6154	12.7297	F4	50	57	0	0	10109	P1-1-37	0	-
36	12.7671	13.0395	E4	53	34	0	0	10223	P1-1-38	0	-
37	12.8675	15.3526	F2	35	23	0	0	10000	P1-1-36	0	-
38	12.9477	13.4242	F4	51	35	0	0	10337	P1-1-39	0	-
39	13.2992	14.968	G4	57	38	0	0	10454	P1-1-40	0	-
40	13.3002	15.218	A3	41	42	0	0	-1	*	3	-
41	14.2992	14.5406	Eb4	49	41	0	0	10681	P1-1-41	0	-
42	14.7757	15.3237	Eb4	40	31	0	0	10909	P1-1-42	0	-
43	16.6239	17.6966	Bb1	39	42	0	0	11818	P1-1-46	0	-
44	16.6282	17.7895	Bb2	36	36	0	0	11818	P1-1-47	0	-
45	16.6282	17.7415	D3	45	34	0	0	11818	P1-1-45	0	-
46	16.6346	17.4776	D4	42	34	0	0	11818	P1-1-44	0	-
47	16.6667	17.5513	G#3	14	37	0	0	11818	P1-1-43	0	-
48	18.3387	18.8729	Eb3	60	54	0	0	13636	P1-1-50	0	-
49	18.3387	19.4295	G#3	42	50	0	0	13636	P1-1-48	0	-
50	18.3451	20.9626	C4	44	11	0	0	13636	P1-1-49	0	-
51	18.3504	18.7009	C2	40	38	0	0	13636	P1-1-51	0	-
52	18.3504	18.7596	C3	44	60	0	0	13636	P1-1-52	0	-
53	19.2511	19.828	Eb2	43	36	0	0	14545	P1-1-54	0	-
54	19.2586	20.171	G3	59	39	0	0	14545	P1-1-53	0	-
55	19.2628	19.8675	Eb3	40	34	0	0	14609	P1-1-56	0	-
56	20.0748	20.1613	D2	48	51	0	0	15227	P1-1-58	0	-
57	20.078	20.2757	F3	51	32	0	0	15227	P1-1-57	0	-
58	20.4915	22.5438	F3	47	41	0	0	15454	P1-1-61	0	-
59	20.5022	21.6646	Bb3	50	34	0	0	15454	P1-1-60	0	-
60	20.5128	21.4648	D3	32	36	0	0	15454	P1-1-63	0	-
61	20.5139	21.6229	D2	35	37	0	0	15454	P1-1-62	0	-
62	20.5193	21.5363	G#3	41	40	0	0	15454	P1-1-59	0	-
63	22.4519	24.5876	G#3	46	52	0	0	17272	P1-1-64	0	-
64	22.4573	23.391	Eb3	51	40	0	0	17272	P1-1-66	0	-
65	22.4605	22.8195	C2	38	38	0	0	17272	P1-1-67	0	-
66	22.4626	22.7393	C3	32	39	0	0	17272	P1-1-68	0	-
67	22.4744	24.6784	Bb3	41	48	0	0	17272	P1-1-65	0	-
68	23.3109	24.3419	D3	45	20	0	0	18181	P1-1-69	0	-
69	23.312	23.7928	Bb1	43	38	0	0	18181	P1-1-70	0	-
70	23.3398	23.7169	Bb2	28	36	0	0	18181	P1-1-71	0	-
71	24.2425	24.6891	G#2	33	35	0	0	19090	P1-1-74	0	-
72	24.2468	24.6891	G#1	43	39	0	0	19090	P1-1-73	0	-
73	24.2618	25.3099	C3	45	36	0	0	19090	P1-1-72	0	-
74	25.2554	25.4765	G1	37	38	0	0	20000	P1-1-76	0	-
75	25.2607	25.8312	Bb2	40	29	0	0	20000	P1-1-75	0	-
76	25.2778	25.4541	G2	27	34	0	0	20000	P1-1-77	0	-
77	25.8547	25.9733	G#1	47	48	0	0	20909	P1-1-79	0	-
78	25.8601	26.2853	C3	42	33	0	0	20909	P1-1-78	0	-
79	25.8665	25.9605	G#2	35	47	0	0	20909	P1-1-80	0	-
80	26.2404	26.3291	G1	42	58	0	0	21018	P1-1-82	0	-
81	26.249	26.3034	G2	29	50	0	0	21018	P1-1-83	0	-
82	26.2607	26.5588	Bb2	39	36	0	0	21018	P1-1-81	0	-
83	26.5524	26.8195	A2	40	32	0	0	21132	P1-1-84	0	-
84	26.5534	26.6005	F#2	40	52	0	0	21132	P1-1-86	0	-
85	26.7714	27.1432	Bb2	44	33	0	0	21246	P1-1-87	0	-
86	26.7746	27.109	G1	43	24	0	0	21246	P1-1-88	0	-
87	26.7874	26.8419	G2	25	42	0	0	21246	P1-1-89	0	-
88	27.1261	27.6485	G#2	27	40	0	0	21363	P1-1-92	0	-
89	27.1304	27.7522	G#1	28	27	0	0	21363	P1-1-91	0	-
90	27.1325	29.3943	C3	42	34	0	0	21363	P1-1-90	0	-
91	28.8045	29.0075	F1	33	33	0	0	21590	P1-1-94	0	-
92	28.812	28.984	G#2	29	36	0	0	21590	P1-1-93	0	-
93	28.8152	29.0118	F2	13	40	0	0	21590	P1-1-95	0	-
94	29.2949	29.7949	F1	30	31	0	0	21818	P1-1-97	0	-
95	29.3034	29.7757	G#2	24	36	0	0	21818	P1-1-96	0	-
96	29.3099	29.8344	F2	22	34	0	0	21818	P1-1-98	0	-
97	30.3366	30.469	G2	40	53	0	0	22727	P1-1-103	0	-
98	30.3376	30.469	G1	41	57	0	0	22727	P1-1-102	0	-
99	30.9552	32.2596	B4	70	32	0	0	22727	P1-1-101	0	-
100	30.9829	31.9584	D4	47	38	0	0	22727	P1-1-99	0	-
101	30.9968	31.9701	F3	35	33	0	0	22787	P1-1-104	0	-
102	31.0075	31.8857	G3	35	30	0	0	22787	P1-1-105	0	-
103	32.6122	33.7372	Eb3	56	41	0	0	24545	P1-1-109	0	-
104	32.6176	33.1037	C5	73	59	0	0	24545	P1-1-108	0	-
105	32.6218	33.0513	C4	61	42	0	0	24545	P1-1-106	0	-
106	32.6272	33.3547	G3	51	34	0	0	24545	P1-1-110	0	-
107	32.6379	33.1357	F#4	50	41	0	0	24545	P1-1-107	0	-
108	33.6678	34.6998	F#4	69	62	0	0	25454	P1-1-113	0	-
109	33.6945	34.8056	Eb4	51	41	0	0	25454	P1-1-112	0	-
110	33.7479	36.0214	C3	58	16	0	0	25454	P1-1-114	0	-
111	33.8879	35.2757	A3	52	23	0	0	25454	P1-1-115	0	-
112	34.1443	35.1379	Eb5	72	53	0	0	25518	P1-1-116	1	-
113	35.3889	35.6079	D5	64	48	0	0	26136	P1-1-117	0	-
114	35.8697	36.9701	D5	50	59	0	0	26363	P1-1-119	0	-
115	35.8793	37.0332	G3	32	39	0	0	26363	P1-1-120	0	-
116	35.8921	36.9744	F4	38	41	0	0	26363	P1-1-118	0	-
117	35.8932	37.0866	B2	33	34	0	0	26363	P1-1-121	0	-
118	37.4851	38.3013	C5	65	32	0	0	28181	P1-1-123	0	-
119	37.4979	37.9594	C3	43	32	0	0	28181	P1-1-125	0	-
120	37.499	37.8718	Eb4	52	56	0	0	28181	P1-1-122	0	-
121	37.5064	38.6218	G3	41	39	0	0	28181	P1-1-124	0	-
122	38.2586	39.4402	B4	68	38	0	0	29090	P1-1-127	0	-
123	38.2639	38.7105	F3	40	34	0	0	29090	P1-1-128	0	-
124	38.2682	38.7084	D4	48	55	0	0	29090	P1-1-126	0	-
125	39.1389	39.812	G#4	56	31	0	0	30000	P1-1-130	0	-
126	39.1496	39.6614	C4	41	40	0	0	30000	P1-1-129	0	-
127	39.1592	40.6945	G3	28	38	0	0	30000	P1-1-131	0	-
128	39.1678	40.172	Eb3	35	3	0	0	30000	P1-1-132	0	-
129	40.0706	41.4092	D3	31	30	0	0	30909	P1-1-135	0	-
130	40.0791	40.468	G4	44	48	0	0	30909	P1-1-134	0	-
131	40.0802	40.5492	B3	38	37	0	0	30909	P1-1-133	0	-
132	40.4904	40.7329	G#4	45	38	0	0	31818	P1-1-136	0	-
133	40.7148	40.8633	G4	50	37	0	0	31928	P1-1-140	0	-
134	40.9124	41.1635	F4	52	30	0	0	32041	P1-1-141	0	-
135	41.0823	41.5064	G4	52	32	0	0	32155	P1-1-142	0	-
136	41.4007	42.64	G#4	49	35	0	0	32272	P1-1-143	0	-
137	41.4114	43.2052	F3	26	49	0	0	32500	P1-1-144	1	-
138	41.4156	43.2522	D4	25	41	0	0	32727	P1-1-145	1	-
139	41.4263	43.2255	B2	25	39	0	0	33636	P1-1-149	1	-
140	42.5727	42.6646	F4	43	47	0	0	32500	*	3	-
141	42.9263	43.2319	F4	41	37	0	0	32727	*	3	-
142	44.1763	48.1528	E4	62	38	0	0	33636	*	3	-
143	44.1891	45.0802	C#3	42	36	0	0	33636	*	3	-
144	44.2073	47.2682	Bb3	35	55	0	0	33636	*	3	-
145	44.2126	47.2372	G3	11	39	0	0	33636	*	3	-
146	45.5353	46.0289	C#3	39	40	0	0	35000	P1-1-150	0	-
147	46.0289	46.3654	C3	53	31	0	0	35227	P1-1-151	0	-
148	46.3366	46.5684	Bb2	49	60	0	0	35454	P1-1-152	0	-
149	46.5877	46.7789	C3	57	53	0	0	35681	P1-1-153	0	-
150	46.7629	46.9541	Bb2	55	50	0	0	35909	P1-1-154	0	-
151	46.9285	47.077	G#2	54	60	0	0	36136	P1-1-155	0	-
152	47.0941	47.2212	G2	60	61	0	0	36363	P1-1-156	0	-
153	47.233	47.3644	G#2	64	62	0	0	36590	P1-1-157	0	-
154	47.3836	47.5364	G2	63	61	0	0	36818	P1-1-158	0	-
155	47.5321	47.8665	F2	66	37	0	0	37045	P1-1-159	0	-
156	47.8483	49.4637	G4	63	42	0	0	37272	P1-1-161	0	-
157	47.8526	51.1656	E2	42	36	0	0	37272	P1-1-162	0	-
158	47.858	49.2394	Bb3	50	33	0	0	37272	P1-1-160	0	-
159	49.7105	50.2597	Bb4	60	31	0	0	38636	P1-1-164	0	-
160	49.7265	49.8035	C#4	52	48	0	0	38636	P1-1-163	0	-
161	50.1977	50.6742	G#4	55	53	0	0	39090	P1-1-166	0	-
162	50.2127	50.5278	C4	40	33	0	0	39090	P1-1-165	0	-
163	51.0663	51.3633	G4	59	31	0	0	39772	P1-1-168	0	-
164	51.0727	51.1261	Bb3	48	61	0	0	39772	P1-1-167	0	-
165	51.3013	52.3515	Bb4	57	39	0	0	40000	P1-1-170	0	-
166	51.3195	51.8109	C#4	34	30	0	0	40000	P1-1-169	0	-
167	52.7543	57.0684	A4	42	44	0	0	40909	P1-1-172	0	-
168	52.7607	56.0321	C4	32	54	0	0	40909	P1-1-171	0	-
169	52.7671	53.7383	F#2	41	47	0	0	40909	P1-1-173	0	-
170	54.2586	54.7148	F#2	35	40	0	0	42272	P1-1-174	0	-
171	54.7169	55.1015	F2	37	29	0	0	42500	P1-1-175	0	-
172	55.0471	55.2971	Eb2	46	43	0	0	42727	P1-1-176	0	-
173	55.2928	55.5171	F2	51	37	0	0	42954	P1-1-177	0	-
174	55.4691	55.6475	Eb2	51	54	0	0	43181	P1-1-178	0	-
175	55.6411	55.7907	C#2	50	57	0	0	43409	P1-1-179	0	-
176	55.796	55.9509	C2	60	61	0	0	43636	P1-1-180	0	-
177	55.9627	56.0823	C#2	64	62	0	0	43863	P1-1-181	0	-
178	56.1144	56.2725	C2	61	52	0	0	44090	P1-1-182	0	-
179	56.2768	56.8195	Bb1	63	29	0	0	44318	P1-1-183	0	-
180	56.6571	60.8815	A1	42	36	0	0	44545	P1-1-186	0	-
181	56.6678	58.0332	C5	66	37	0	0	44545	P1-1-185	0	-
182	56.6827	57.9199	Eb4	43	37	0	0	44545	P1-1-184	0	-
183	58.5524	59.0342	F#4	62	39	0	0	45909	P1-1-187	0	-
184	58.5556	59.296	Eb5	62	49	0	0	45909	P1-1-188	0	-
185	59.2159	59.8077	C#5	70	35	0	0	46363	P1-1-190	0	-
186	59.2287	59.4477	F4	58	59	0	0	46363	P1-1-189	0	-
187	59.6678	59.8077	Eb4	67	59	0	0	46818	P1-1-191	0	-
188	59.6678	60.0695	C5	72	36	0	0	46818	P1-1-192	0	-
189	60.046	60.4092	Eb5	69	53	0	0	47272	P1-1-194	0	-
190	60.0631	60.2821	F#4	58	56	0	0	47272	P1-1-193	0	-
191	60.4007	60.8259	C#5	66	39	0	0	47727	P1-1-196	0	-
192	60.4146	60.4969	F4	51	58	0	0	47727	P1-1-195	0	-
193	60.7896	62.936	Bb1	42	38	0	0	48181	P1-1-199	0	-
194	60.7939	61.2479	Bb4	59	36	0	0	48181	P1-1-198	0	-
195	60.8024	61.0033	C#4	46	60	0	0	48181	P1-1-197	0	-
196	61.234	61.4263	F#4	63	56	0	0	48636	P1-1-201	0	-
197	61.2501	61.3419	Bb3	46	58	0	0	48636	P1-1-200	0	-
198	61.7586	62.1186	C#5	67	52	0	0	49090	P1-1-203	0	-
199	61.7682	62.0257	F4	51	45	0	0	49090	P1-1-202	0	-
200	62.4146	62.6026	C5	62	34	0	0	49545	P1-1-205	0	-
201	62.421	62.499	E4	52	51	0	0	49545	P1-1-204	0	-
202	62.8366	63.03	G#4	54	55	0	0	50000	P1-1-207	0	-
203	62.8516	63.0011	C4	45	53	0	0	50000	P1-1-206	0	-
204	62.8633	64.3601	C2	29	30	0	0	50000	P1-1-208	0	-
205	63.3601	64.4338	E4	50	10	0	0	50454	P1-1-210	0	-
206	63.3825	63.686	G3	38	39	0	0	50454	P1-1-209	0	-
207	64.2105	64.9402	F4	42	28	0	0	50909	P1-1-212	0	-
208	64.2127	64.7853	F2	32	39	0	0	50909	P1-1-213	0	-
209	64.2287	64.7575	A3	28	39	0	0	50909	P1-1-211	0	-
210	66.0214	66.312	C3	27	38	0	0	51818	P1-1-217	0	-
211	66.0984	66.2971	F3	30	49	0	0	51818	P1-1-218	0	-
212	66.1582	67.8024	A3	23	41	0	0	51818	P1-1-215	0	-
213	66.3398	68.0813	Eb4	37	36	0	0	51818	P1-1-216	0	-
214	66.6037	67.8911	A4	28	43	0	0	52272	P1-1-219	0	-
215	66.9915	67.0631	F5	47	58	0	0	52727	P1-1-222	1	-
216	68.9915	69.5952	Bb4	45	32	0	0	53636	P1-1-227	0	-
217	69.0001	72.0567	Bb2	30	37	0	0	53636	P1-1-228	0	-
218	69.0043	70.9862	F3	23	18	0	0	53636	P1-1-229	0	-
219	69.0054	69.1977	Bb3	22	34	0	0	53636	P1-1-225	0	-
220	69.0097	69.1454	Eb4	29	33	0	0	53636	P1-1-226	0	-
221	69.7009	70.0919	D4	32	33	0	0	54545	P1-1-231	0	-
222	69.733	69.7928	Eb4	12	42	0	0	54545	P1-1-232	0	-
223	70.0054	70.3772	D5	56	37	0	0	54545	P1-1-230	0	-
224	71.249	71.3366	C5	40	48	0	0	55227	P1-1-234	0	-
225	71.7469	72.7789	C5	48	38	0	0	55454	P1-1-235	0	-
226	71.7725	73.0353	Eb4	27	40	0	0	55454	P1-1-237	0	-
227	71.7789	72.89	F3	16	40	0	0	55454	P1-1-238	0	-
228	71.7896	72.8943	A2	21	40	0	0	55454	P1-1-239	0	-
229	73.5193	73.8398	Bb4	51	49	0	0	57272	P1-1-240	0	-
230	73.5343	74.7095	Bb2	23	38	0	0	57272	P1-1-244	0	-
231	73.5364	74.9605	F3	22	40	0	0	57272	P1-1-243	0	-
232	73.5375	73.8409	Bb3	36	39	0	0	57272	P1-1-241	0	-
233	73.5578	73.8569	Eb4	29	30	0	0	57272	P1-1-242	0	-
234	74.4061	75.2063	A4	59	80	0	0	58181	P1-1-245	0	-
235	74.4071	74.8761	A3	38	59	0	0	58181	P1-1-246	0	-
236	74.4135	74.9637	C3	42	36	0	0	58181	P1-1-248	0	-
237	74.4221	74.9402	Eb4	37	38	0	0	58181	P1-1-247	0	-
238	75.3377	76.6646	G4	56	38	0	0	59090	P1-1-249	0	-
239	75.3537	76.5759	Bb2	32	26	0	0	59090	P1-1-253	0	-
240	75.359	77.3516	F3	26	40	0	0	59090	P1-1-252	0	-
241	75.3644	75.9274	Bb3	33	42	0	0	59090	P1-1-250	0	-
242	75.3697	76.6026	Eb4	37	40	0	0	59090	P1-1-251	0	-
243	76.4883	77.0076	A2	24	46	0	0	60000	P1-1-256	0	-
244	76.5108	76.8858	F4	43	55	0	0	60000	P1-1-254	0	-
245	76.5118	80.7693	C4	36	38	0	0	60000	P1-1-255	0	-
246	76.9231	77.4125	G4	49	12	0	0	60909	P1-1-257	0	-
247	77.109	77.2287	F4	51	59	0	0	61018	P1-1-261	0	-
248	77.2757	77.5011	E4	53	39	0	0	61132	P1-1-262	0	-
249	77.3494	80.2031	F2	39	31	0	0	60909	P1-1-260	0	-
250	77.4552	77.937	F4	54	35	0	0	61246	P1-1-263	0	-
251	77.8313	79.9456	A3	37	42	0	0	-1	*	3	-
252	77.8398	79.5567	G4	51	32	0	0	61363	P1-1-264	0	-
253	78.9488	79.1753	Eb4	33	40	0	0	61590	P1-1-265	0	-
254	79.343	80.608	Eb4	45	40	0	0	61818	P1-1-266	0	-
255	81.5097	86.0247	D4	39	42	0	0	62727	P1-1-268	0	-
256	81.5108	86.0417	C4	33	40	0	0	62727	P1-1-267	0	-
257	81.5161	82.4947	A3	41	40	0	0	62727	P1-1-269	0	-
258	81.5204	83.1155	F#2	50	61	0	0	62727	P1-1-271	0	-
259	81.5279	84.8409	D3	41	35	0	0	62727	P1-1-270	0	-
260	82.8687	84.045	G2	52	48	0	0	64545	P1-1-273	0	-
261	82.8858	84.0642	G3	42	30	0	0	64545	P1-1-272	0	-
262	83.7298	84.7202	Bb2	48	35	0	0	65454	P1-1-276	0	-
263	83.7394	85.983	F#3	38	37	0	0	65454	P1-1-274	0	-
264	84.624	84.8494	A2	50	55	0	0	66136	P1-1-277	0	-
265	85.1016	87.0781	A2	42	51	0	0	66363	P1-1-278	0	-
266	86.8591	87.92	G2	55	55	0	0	67954	P1-1-279	0	-
267	87.7148	88.8623	F#2	55	61	0	0	68863	P1-1-280	0	-
268	88.6603	89.9606	Eb2	49	54	0	0	69772	P1-1-281	0	-
269	89.8291	90.4627	D2	39	46	0	0	70681	P1-1-282	0	-
270	90.3826	91.1625	Eb2	45	33	0	0	70909	P1-1-283	0	-
271	90.6956	90.9712	D2	39	46	0	0	71136	P1-1-284	0	-
272	90.9563	91.264	C2	44	35	0	0	71363	P1-1-285	0	-
273	91.1838	91.6828	D2	45	27	0	0	71590	P1-1-286	0	-
274	91.5492	94.3473	Eb2	37	34	0	0	71818	P1-1-287	0	-
275	94.108	95.1828	C2	26	42	0	0	72500	P1-1-288	0	-
276	94.9905	98.5033	Bb1	21	12	0	0	72727	P1-1-289	0	-
277	101.297	101.468	Bb2	21	37	0	0	78181	P1-1-292	0	-
278	101.304	102.36	D5	58	1	0	0	78181	P1-1-290	0	-
279	102.007	102.383	D4	28	43	0	0	78636	P1-1-293	0	-
280	102.372	102.602	C4	31	42	0	0	79090	P1-1-294	0	-
281	102.656	102.858	Bb3	26	40	0	0	79545	P1-1-295	0	-
282	102.933	103.433	A3	35	41	0	0	80000	P1-1-297	0	-
283	102.947	103.363	Eb5	60	57	0	0	80000	P1-1-296	0	-
284	102.948	103.299	C3	39	37	0	0	80000	P1-1-298	0	-
285	103.295	104.123	Eb4	40	36	0	0	80454	P1-1-299	0	-
286	103.527	103.673	C4	38	55	0	0	80909	P1-1-300	0	-
287	103.734	104.008	A3	46	22	0	0	81363	P1-1-301	0	-
288	103.972	104.32	F#3	30	43	0	0	81818	P1-1-303	0	-
289	103.972	105.058	F#4	57	52	0	0	81818	P1-1-302	0	-
290	103.979	104.51	D3	27	43	0	0	81818	P1-1-304	0	-
291	104.207	104.849	C4	39	30	0	0	82272	P1-1-305	0	-
292	104.422	104.583	Bb3	44	54	0	0	82727	P1-1-306	0	-
293	104.626	104.761	A3	45	46	0	0	83181	P1-1-307	0	-
294	104.886	106.106	G4	54	36	0	0	83636	P1-1-308	0	-
295	104.891	105.139	G3	33	37	0	0	83636	P1-1-309	0	-
296	104.892	105.346	Eb3	37	44	0	0	83636	P1-1-310	0	-
297	105.135	105.971	Bb3	42	37	0	0	84090	P1-1-311	0	-
298	105.358	105.523	G3	39	60	0	0	84545	P1-1-312	0	-
299	105.581	105.931	Eb3	47	36	0	0	85000	P1-1-313	0	-
300	105.817	106.437	F#3	42	35	0	0	85454	P1-1-316	0	-
301	105.935	106.369	A4	62	58	0	0	85454	P1-1-314	0	-
302	106.249	106.943	Eb4	42	52	0	0	85909	P1-1-317	0	-
303	106.474	106.67	D4	45	56	0	0	86363	P1-1-318	0	-
304	106.683	106.855	C4	52	37	0	0	86818	P1-1-319	0	-
305	106.927	107.325	Bb4	65	59	0	0	87272	P1-1-320	0	-
306	106.929	107.137	G3	39	57	0	0	87272	P1-1-322	0	-
307	106.934	107.186	Bb3	40	57	0	0	87272	P1-1-321	0	-
308	107.169	107.995	D4	45	41	0	0	87727	P1-1-323	0	-
309	107.407	107.57	Bb3	45	53	0	0	88181	P1-1-324	0	-
310	107.615	108.14	G3	45	30	0	0	88636	P1-1-325	0	-
311	107.883	108.57	E3	36	40	0	0	89090	P1-1-328	0	-
312	107.89	109.018	C#4	54	33	0	0	89090	P1-1-326	0	-
313	108.162	109.05	Bb3	41	37	0	0	89545	P1-1-329	0	-
314	108.401	109.042	A3	41	15	0	0	90000	P1-1-330	0	-
315	108.664	109.059	G3	41	18	0	0	90454	P1-1-331	0	-
316	108.953	109.259	F#3	35	37	0	0	90909	P1-1-333	0	-
317	108.953	109.745	D4	45	41	0	0	90909	P1-1-332	0	-
318	108.965	109.523	D3	29	38	0	0	90909	P1-1-334	0	-
319	109.246	109.482	A3	36	30	0	0	91363	P1-1-335	0	-
320	109.555	109.651	F#3	35	39	0	0	91818	P1-1-336	0	-
321	109.887	110.02	D3	29	50	0	0	92272	P1-1-337	0	-
322	110.448	110.918	Bb1	45	41	0	0	92727	P1-1-340	0	-
323	110.57	111.202	D4	52	42	0	0	92727	P1-1-338	0	-
324	110.971	111.238	D3	36	41	0	0	93181	P1-1-341	0	-
325	111.208	111.373	C3	43	52	0	0	93636	P1-1-342	0	-
326	111.432	111.592	Bb2	47	37	0	0	94090	P1-1-343	0	-
327	111.671	112.141	C2	43	37	0	0	94545	P1-1-347	0	-
328	111.681	112.269	Eb4	60	29	0	0	94545	P1-1-344	0	-
329	111.719	112.617	A2	24	38	0	0	94545	P1-1-346	0	-
330	111.93	112.149	Eb3	37	36	0	0	95000	P1-1-348	0	-
331	112.154	112.408	A3	52	57	0	0	95454	P1-1-349	0	-
332	112.382	112.818	C4	54	37	0	0	95909	P1-1-350	0	-
333	112.611	112.87	D2	49	51	0	0	96363	P1-1-353	0	-
334	112.708	113.78	F4	65	39	0	0	96363	P1-1-351	0	-
335	112.981	113.375	F3	53	30	0	0	96818	P1-1-354	0	-
336	113.187	113.359	Eb3	55	60	0	0	97272	P1-1-355	0	-
337	113.411	113.78	D3	54	40	0	0	97727	P1-1-356	0	-
338	113.658	114.691	C3	47	59	0	0	98181	P1-1-359	0	-
339	113.659	114.097	Eb2	47	41	0	0	98181	P1-1-360	0	-
340	113.664	114.434	G4	74	57	0	0	98181	P1-1-357	0	-
341	113.901	114.179	G3	54	49	0	0	98636	P1-1-361	0	-
342	114.151	114.434	C4	62	62	0	0	99090	P1-1-362	0	-
343	114.378	114.868	Eb4	69	46	0	0	99545	P1-1-363	0	-
344	114.659	114.994	F#2	41	57	0	0	100000	P1-1-366	0	-
345	114.763	116.308	A4	70	35	0	0	100000	P1-1-364	0	-
346	115.103	115.453	C4	51	37	0	0	100455	P1-1-367	0	-
347	115.394	115.489	Bb3	48	53	0	0	100909	P1-1-368	0	-
348	115.682	116.604	A3	38	41	0	0	101364	P1-1-369	0	-
349	116.066	117.555	G2	42	38	0	0	101818	P1-1-372	0	-
350	116.198	116.873	Bb4	61	54	0	0	101818	P1-1-370	0	-
351	116.57	116.657	Bb3	50	50	0	0	102273	P1-1-373	0	-
352	116.876	117.202	Eb4	51	38	0	0	102727	P1-1-374	0	-
353	116.907	117.233	G3	35	38	0	0	102727	P1-1-375	0	-
354	117.121	117.484	G4	67	55	0	0	103182	P1-1-376	0	-
355	117.36	118.499	A2	32	31	0	0	103636	P1-1-380	0	-
356	117.424	117.982	F4	57	34	0	0	103636	P1-1-378	0	-
357	117.671	117.934	F3	35	36	0	0	104091	P1-1-381	0	-
358	117.936	118.034	C4	44	51	0	0	104545	P1-1-382	0	-
359	118.18	118.561	Eb4	50	36	0	0	105000	P1-1-383	0	-
360	118.482	120.262	Bb2	40	36	0	0	105455	P1-1-386	0	-
361	118.483	119.128	D4	47	41	0	0	105455	P1-1-385	0	-
362	118.773	118.999	F3	33	33	0	0	105909	P1-1-387	0	-
363	119.104	119.202	Bb3	40	52	0	0	106364	P1-1-388	0	-
364	119.47	120.087	D4	24	35	0	0	106818	P1-1-389	0	-
365	120.166	120.474	Bb1	39	44	0	0	107272	P1-1-392	0	-
366	120.314	121.309	D5	52	57	0	0	107272	P1-1-390	0	-
367	120.859	121.202	D4	19	42	0	0	107727	P1-1-393	0	-
368	121.154	121.405	C4	33	42	0	0	108182	P1-1-394	0	-
369	121.424	121.713	Bb3	46	26	0	0	108636	P1-1-395	0	-
370	121.703	122.25	Eb5	58	56	0	0	109091	P1-1-396	0	-
371	121.707	122.174	C3	37	40	0	0	109091	P1-1-399	0	-
372	121.715	122.015	A3	27	40	0	0	109091	P1-1-398	0	-
373	121.958	122.137	Eb4	49	57	0	0	109545	P1-1-400	0	-
374	122.199	122.472	A4	53	57	0	0	110000	P1-1-401	0	-
375	122.442	122.933	C5	59	48	0	0	110455	P1-1-402	0	-
376	122.656	122.933	D2	47	57	0	0	110909	P1-1-405	0	-
377	122.786	123.837	F5	75	55	0	0	110909	P1-1-403	0	-
378	123.051	123.375	F4	58	55	0	0	111364	P1-1-406	0	-
379	123.278	123.449	Eb4	53	38	0	0	111818	P1-1-407	0	-
380	123.511	123.711	D4	56	52	0	0	112273	P1-1-408	0	-
381	123.769	124.547	G5	72	55	0	0	112727	P1-1-409	0	-
382	123.773	124.124	Eb3	50	59	0	0	112727	P1-1-412	0	-
383	123.78	124.882	C4	44	41	0	0	112727	P1-1-411	0	-
384	123.999	124.243	G4	59	59	0	0	113182	P1-1-413	0	-
385	124.242	124.483	C5	71	59	0	0	113636	P1-1-414	0	-
386	124.481	124.614	Eb5	71	63	0	0	114091	P1-1-415	0	-
387	124.785	125.202	F#3	40	38	0	0	114545	P1-1-418	0	-
388	124.91	126.417	A5	76	58	0	0	114545	P1-1-416	0	-
389	125.249	125.491	C5	59	55	0	0	115000	P1-1-419	0	-
390	125.518	125.679	Bb4	60	52	0	0	115455	P1-1-420	0	-
391	125.797	126.816	A4	59	35	0	0	115909	P1-1-421	0	-
392	126.137	127.89	G3	33	40	0	0	116363	P1-1-424	0	-
393	126.269	127.109	Bb5	72	42	0	0	116363	P1-1-422	0	-
394	126.695	126.769	Bb4	43	56	0	0	116818	P1-1-425	0	-
395	127.063	127.484	G4	45	34	0	0	117273	P1-1-427	0	-
396	127.072	127.38	Eb5	48	15	0	0	117273	P1-1-426	0	-
397	127.336	127.778	G5	64	61	0	0	117727	P1-1-428	0	-
398	127.624	129.342	A3	36	39	0	0	118182	P1-1-432	0	-
399	127.654	128.76	F5	65	42	0	0	118182	P1-1-430	0	-
400	127.929	128.407	F4	42	41	0	0	118636	P1-1-433	0	-
401	128.196	128.322	C5	48	54	0	0	119091	P1-1-435	0	-
402	128.422	128.524	Eb4	47	42	0	0	119545	P1-1-438	0	-
403	128.423	128.979	Eb5	63	29	0	0	119545	P1-1-436	0	-
404	128.705	129.191	D4	45	30	0	0	120000	P1-1-441	0	-
405	128.705	129.486	D5	64	32	0	0	120000	P1-1-439	0	-
406	128.994	130.607	F#4	56	35	0	0	120455	P1-1-442	0	-
407	129.472	130.581	C5	40	18	0	0	120909	P1-1-443	0	-
408	129.993	132.79	D5	39	42	0	0	121364	P1-1-444	0	-
409	131.449	131.98	Bb2	30	40	0	0	121818	P1-1-446	0	-
410	132.366	132.67	D4	26	42	0	0	122273	P1-1-447	0	-
411	132.703	132.936	C4	31	44	0	0	122727	P1-1-448	0	-
412	132.981	133.16	Bb3	32	37	0	0	123182	P1-1-449	0	-
413	133.232	133.606	Eb5	54	59	0	0	123636	P1-1-450	0	-
414	133.233	133.664	A3	34	41	0	0	123636	P1-1-453	0	-
415	133.248	133.543	C3	35	34	0	0	123636	P1-1-452	0	-
416	133.526	134.418	Eb4	42	28	0	0	124091	P1-1-454	0	-
417	133.76	133.938	C4	42	55	0	0	124545	P1-1-455	0	-
418	133.994	134.355	A3	43	41	0	0	125000	P1-1-456	0	-
419	134.223	135.284	F#4	61	40	0	0	125455	P1-1-457	0	-
420	134.237	134.797	D3	34	43	0	0	125455	P1-1-459	0	-
421	134.241	134.643	F#3	33	43	0	0	-1	*	3	-
422	134.449	135.185	C4	49	30	0	0	125909	P1-1-460	0	-
423	134.681	134.892	Bb3	49	46	0	0	126364	P1-1-461	0	-
424	134.947	135.047	A3	47	54	0	0	126818	P1-1-462	0	-
425	135.177	136.253	G4	58	15	0	0	127272	P1-1-463	0	-
426	135.18	135.664	Eb3	37	41	0	0	127272	P1-1-464	0	-
427	135.196	135.434	G3	34	35	0	0	127272	P1-1-465	0	-
428	135.42	136.304	Bb3	40	35	0	0	127727	P1-1-466	0	-
429	135.672	135.853	G3	44	59	0	0	128181	P1-1-467	0	-
430	135.919	136.2	Eb3	46	49	0	0	128636	P1-1-468	0	-
431	136.165	136.58	A4	62	57	0	0	129091	P1-1-469	0	-
432	136.166	136.721	F#3	44	50	0	0	129091	P1-1-471	0	-
433	136.426	137.221	Eb4	48	36	0	0	129544	P1-1-472	0	-
434	136.645	136.878	D4	49	52	0	0	130000	P1-1-473	0	-
435	136.88	137.087	C4	52	36	0	0	130455	P1-1-474	0	-
436	137.164	137.59	Bb4	61	59	0	0	130908	P1-1-475	0	-
437	137.165	137.424	G3	38	60	0	0	130908	P1-1-477	0	-
438	137.173	137.456	Bb3	41	62	0	0	130908	P1-1-476	0	-
439	137.41	138.109	D4	37	33	0	0	131364	P1-1-478	0	-
440	137.655	138.003	Bb3	43	35	0	0	131818	P1-1-479	0	-
441	137.92	138.468	G3	42	30	0	0	132273	P1-1-480	0	-
442	138.194	139.012	E3	35	41	0	0	132727	P1-1-483	0	-
443	138.208	139.375	C#4	43	33	0	0	132727	P1-1-481	0	-
444	138.455	139.391	Bb3	39	27	0	0	133182	P1-1-484	0	-
445	138.722	139.39	A3	32	26	0	0	133636	P1-1-485	0	-
446	139.031	139.414	G3	38	34	0	0	134091	P1-1-486	0	-
447	139.307	139.748	F#3	30	43	0	0	134545	P1-1-489	0	-
448	139.312	139.77	D4	41	37	0	0	134545	P1-1-487	0	-
449	139.336	139.82	D3	28	34	0	0	134545	P1-1-488	0	-
450	139.619	141.272	A3	31	38	0	0	135000	P1-1-490	0	-
451	139.929	141.148	F#3	34	39	0	0	135455	P1-1-491	0	-
452	140.341	140.995	D3	34	31	0	0	135909	P1-1-492	0	-
453	140.893	142.018	B2	35	25	0	0	136364	P1-1-494	0	-
454	141.024	142.594	F4	65	60	0	0	136364	P1-1-493	0	-
455	141.484	141.62	G#3	45	44	0	0	136818	P1-1-496	0	-
456	141.843	142.488	G3	36	39	0	0	137273	P1-1-498	0	-
457	141.942	142.265	Eb4	67	58	0	0	137273	P1-1-497	0	-
458	142.213	142.436	F3	48	55	0	0	137727	P1-1-500	0	-
459	142.217	142.511	D4	69	56	0	0	137727	P1-1-499	0	-
460	142.468	142.728	C3	49	53	0	0	138182	P1-1-503	0	-
461	142.482	143.206	C4	63	34	0	0	138182	P1-1-501	0	-
462	142.723	142.989	G3	50	37	0	0	138636	P1-1-504	0	-
463	142.957	143.134	Eb3	51	53	0	0	139091	P1-1-506	0	-
464	142.961	143.196	D4	61	55	0	0	139091	P1-1-505	0	-
465	143.16	143.342	C3	55	47	0	0	139545	P1-1-508	0	-
466	143.173	143.403	Eb4	67	61	0	0	139545	P1-1-507	0	-
467	143.391	143.578	Bb2	40	49	0	0	140000	P1-1-511	0	-
468	143.411	144.081	F4	57	53	0	0	140000	P1-1-509	0	-
469	143.641	143.711	G#3	52	54	0	0	140455	P1-1-512	0	-
470	143.853	144	D3	49	51	0	0	140909	P1-1-514	0	-
471	143.866	145.155	F#4	75	62	0	0	140909	P1-1-513	0	-
472	144.082	144.339	Bb2	56	33	0	0	141364	P1-1-515	0	-
473	144.405	144.517	Eb2	51	63	0	0	141818	P1-1-516	0	-
474	144.788	144.838	G3	41	59	0	0	142273	P1-1-517	0	-
475	145.054	145.844	G4	67	60	0	0	142727	P1-1-518	0	-
476	145.075	145.14	Eb3	51	58	0	0	142727	P1-1-519	0	-
477	145.304	145.484	Bb2	60	53	0	0	143182	P1-1-520	0	-
478	145.594	145.879	Eb2	54	52	0	0	143636	P1-1-523	0	-
479	145.73	146.211	G#4	68	60	0	0	143636	P1-1-521	0	-
480	146.138	146.528	B3	46	11	0	0	144091	P1-1-524	0	-
481	146.425	146.853	G4	72	33	0	0	144545	P1-1-525	0	-
482	146.436	146.494	Bb3	54	57	0	0	144545	P1-1-526	0	-
483	146.657	146.964	F4	71	60	0	0	145000	P1-1-527	0	-
484	146.665	147.145	G#3	61	59	0	0	145000	P1-1-528	0	-
485	146.921	147.161	Eb4	71	59	0	0	145455	P1-1-529	0	-
486	146.924	147.173	Eb3	51	59	0	0	145455	P1-1-531	0	-
487	147.169	147.327	Bb3	66	59	0	0	145909	P1-1-533	0	-
488	147.4	147.731	F4	70	59	0	0	146364	P1-1-534	0	-
489	147.408	147.608	G3	54	28	0	0	146364	P1-1-535	0	-
490	147.618	147.877	Eb3	57	54	0	0	146818	P1-1-537	0	-
491	147.632	148.062	G4	75	52	0	0	146818	P1-1-536	0	-
492	147.921	148.427	D3	44	34	0	0	147273	P1-1-540	0	-
493	148.03	148.461	A4	67	27	0	0	147273	P1-1-538	0	-
494	148.355	149.154	C4	40	37	0	0	147727	P1-1-541	0	-
495	148.633	149.737	Bb4	64	36	0	0	148182	P1-1-542	0	-
496	148.648	148.93	F#3	32	43	0	0	148182	P1-1-543	0	-
497	148.94	149.378	D3	44	33	0	0	148636	P1-1-544	0	-
498	149.321	149.961	G2	35	31	0	0	149091	P1-1-545	0	-
499	149.706	150.453	B3	38	31	0	0	149545	P1-1-546	0	-
500	150.191	150.27	G3	22	44	0	0	150000	P1-1-548	0	-
501	150.215	153.096	B4	56	13	0	0	150000	P1-1-547	0	-
502	150.784	153.206	D3	42	39	0	0	150455	P1-1-549	0	-
503	152.348	153.168	C2	30	40	0	0	150909	P1-1-552	0	-
504	152.536	154.259	D5	46	41	0	0	150909	P1-1-550	0	-
505	153.819	153.949	F4	26	53	0	0	151364	P1-1-553	0	-
506	154.168	154.253	B3	31	43	0	0	151818	P1-1-554	0	-
507	154.47	154.672	G3	16	39	0	0	152273	P1-1-555	0	-
508	154.665	154.969	Eb5	48	57	0	0	152727	P1-1-556	0	-
509	154.94	155.92	Eb4	31	31	0	0	153182	P1-1-558	0	-
510	155.187	155.293	C4	36	49	0	0	153636	P1-1-559	0	-
511	155.444	155.762	G3	31	14	0	0	154091	P1-1-560	0	-
512	155.695	156.858	F#4	46	32	0	0	154545	P1-1-561	0	-
513	155.7	156.563	D3	20	21	0	0	-1	*	3	-
514	155.944	156.25	C4	33	40	0	0	155000	P1-1-563	0	-
515	156.221	156.283	Bb3	30	46	0	0	155455	P1-1-564	0	-
516	156.467	156.837	A3	32	17	0	0	155909	P1-1-565	0	-
517	156.715	157.21	Eb3	33	42	0	0	156364	P1-1-568	0	-
518	156.719	157.586	G4	44	33	0	0	156364	P1-1-566	0	-
519	157.002	157.213	Bb3	41	35	0	0	156818	P1-1-569	0	-
520	157.269	157.452	G3	30	35	0	0	157273	P1-1-570	0	-
521	157.52	157.642	Eb3	38	39	0	0	157727	P1-1-571	0	-
522	157.886	158.333	D3	21	42	0	0	158182	P1-1-573	0	-
523	157.897	158.232	F#2	38	40	0	0	158182	P1-1-574	0	-
524	157.92	158.428	A4	46	60	0	0	158182	P1-1-572	0	-
525	158.279	158.333	C4	39	59	0	0	158636	P1-1-575	0	-
526	158.532	158.777	A3	42	30	0	0	159091	P1-1-576	0	-
527	158.777	159.047	D3	42	35	0	0	159545	P1-1-577	0	-
528	159.034	159.304	G2	33	38	0	0	160000	P1-1-580	0	-
529	159.059	159.363	Bb4	58	47	0	0	160000	P1-1-578	0	-
530	159.343	159.587	Bb3	40	57	0	0	160455	P1-1-581	0	-
531	159.657	160.465	A3	38	48	0	0	160909	P1-1-582	0	-
532	159.945	160.431	G3	37	14	0	0	161364	P1-1-583	0	-
533	160.257	162.21	C#4	40	35	0	0	161818	P1-1-584	0	-
534	160.258	160.656	F3	30	34	0	0	161818	P1-1-586	0	-
535	160.27	161.576	A2	31	30	0	0	161818	P1-1-585	0	-
536	160.541	161.431	E3	44	40	0	0	162273	P1-1-587	0	-
537	160.87	161.814	A3	38	12	0	0	162727	P1-1-588	0	-
538	161.227	162.121	G3	28	42	0	0	163182	P1-1-589	0	-
539	161.592	162.281	D3	36	41	0	0	163636	P1-1-592	0	-
540	161.777	162.439	D4	50	50	0	0	163636	P1-1-590	0	-
541	162.21	167.221	A3	37	21	0	0	164091	P1-1-594	0	-
542	162.484	164.829	F#3	43	30	0	0	164545	P1-1-595	0	-
543	162.806	163.957	D3	38	37	0	0	165000	P1-1-597	0	-
544	162.953	167.69	Eb4	45	28	0	0	165455	P1-1-598	0	-
545	163.682	167.472	C3	31	37	0	0	165455	P1-1-599	0	-
546	163.705	167.416	A4	40	41	0	0	165515	P1-1-603	0	-
547	165.426	168.278	F3	23	14	0	0	167273	P1-1-604	0	-
548	168.639	170.493	Bb4	62	32	0	0	170000	P1-1-608	0	-
549	168.647	169.036	Bb3	43	54	0	0	170000	P1-1-606	0	-
550	168.657	169.039	Eb4	42	57	0	0	170000	P1-1-607	0	-
551	168.658	170.61	Bb2	37	30	0	0	170000	P1-1-610	0	-
552	168.663	170.351	F3	35	26	0	0	170000	P1-1-609	0	-
553	169.553	170.075	D5	57	34	0	0	170909	P1-1-611	0	-
554	170.604	170.705	C5	48	50	0	0	171591	P1-1-613	0	-
555	171.128	172.252	C5	49	33	0	0	171818	P1-1-614	0	-
556	171.154	172.324	F3	29	35	0	0	171818	P1-1-617	0	-
557	171.164	172.762	Eb4	19	35	0	0	171818	P1-1-616	0	-
558	171.166	172.279	C4	17	39	0	0	171818	P1-1-615	0	-
559	171.168	172.457	A2	22	21	0	0	171818	P1-1-618	0	-
560	173.355	173.778	Bb4	57	61	0	0	173636	P1-1-619	0	-
561	173.361	174.533	F3	23	38	0	0	173636	P1-1-622	0	-
562	173.363	174.096	Bb2	32	25	0	0	173636	P1-1-623	0	-
563	173.369	173.922	Eb4	36	34	0	0	173636	P1-1-621	0	-
564	173.391	173.788	Bb3	30	41	0	0	173636	P1-1-620	0	-
565	174.208	174.574	C3	42	33	0	0	174545	P1-1-627	0	-
566	174.213	175.321	A4	59	43	0	0	174545	P1-1-624	0	-
567	174.227	174.681	Eb4	32	37	0	0	174545	P1-1-626	0	-
568	174.239	174.588	A3	31	41	0	0	174545	P1-1-625	0	-
569	175.119	176.353	G4	57	42	0	0	175455	P1-1-628	0	-
570	175.127	176.353	Bb2	32	35	0	0	175455	P1-1-632	0	-
571	175.127	176.916	F3	25	39	0	0	175455	P1-1-631	0	-
572	175.133	175.577	Bb3	36	42	0	0	175455	P1-1-629	0	-
573	175.138	176.389	Eb4	36	36	0	0	175455	P1-1-630	0	-
574	176.19	176.539	F4	49	56	0	0	176364	P1-1-633	0	-
575	176.195	179.417	C4	31	42	0	0	176364	P1-1-634	0	-
576	176.222	176.692	A2	24	40	0	0	176364	P1-1-635	0	-
577	176.566	176.981	G4	44	80	0	0	177273	P1-1-636	0	-
578	176.783	176.886	F4	50	54	0	0	177383	P1-1-639	0	-
579	176.954	177.178	E4	50	51	0	0	177496	P1-1-640	1	-
580	177.044	179.426	F2	34	28	0	0	177273	P1-1-638	0	-
581	177.119	177.595	F4	51	34	0	0	177610	P1-1-641	0	-
582	177.462	179.104	G4	52	39	0	0	177727	P1-1-642	0	-
583	177.466	179.348	A3	37	42	0	0	-1	*	3	-
584	178.536	178.67	Eb4	44	51	0	0	177955	P1-1-643	0	-
585	178.968	179.502	Eb4	25	44	0	0	178182	P1-1-644	0	-
586	180.796	181.948	Bb2	30	47	0	0	179091	P1-1-648	0	-
587	180.796	181.799	G#3	24	38	0	0	179091	P1-1-645	0	-
588	180.797	181.778	D4	38	35	0	0	179091	P1-1-646	0	-
589	180.8	181.911	Bb1	33	44	0	0	179091	*	3	-
590	180.81	181.847	D3	33	43	0	0	179091	P1-1-647	0	-
591	182.632	183.846	G#3	31	42	0	0	180909	P1-1-649	0	-
592	182.637	183.18	Eb3	51	48	0	0	180909	P1-1-651	0	-
593	182.643	183.078	C3	39	45	0	0	180909	P1-1-653	0	-
594	182.649	183.007	C2	38	40	0	0	180909	P1-1-652	0	-
595	182.651	185.249	C4	42	41	0	0	180909	P1-1-650	0	-
596	183.577	184.167	Eb3	30	41	0	0	181818	P1-1-656	0	-
597	183.58	184.16	Eb2	38	43	0	0	181818	P1-1-655	0	-
598	183.584	184.379	G3	54	30	0	0	181818	P1-1-654	0	-
599	184.434	184.533	D2	39	50	0	0	182500	P1-1-658	0	-
600	184.439	184.537	F3	45	52	0	0	182500	P1-1-657	0	-
601	184.819	186.748	Bb3	49	37	0	0	182727	P1-1-660	0	-
602	184.824	186.309	G#3	44	43	0	0	182727	P1-1-662	0	-
603	184.825	186.408	D2	26	32	0	0	182727	P1-1-663	0	-
604	184.825	186.524	F3	39	35	0	0	182727	P1-1-661	0	-
605	184.852	186.163	D3	20	33	0	0	182727	P1-1-664	0	-
606	187.408	188.415	G#3	45	21	0	0	184545	P1-1-666	0	-
607	187.416	189.262	Bb3	43	35	0	0	184545	*	3	-
608	187.426	188.28	Eb3	39	43	0	0	184545	P1-1-665	0	-
609	187.435	187.852	C2	38	32	0	0	184545	P1-1-667	0	-
610	187.437	187.805	C3	33	40	0	0	184545	P1-1-668	0	-
611	188.711	189.343	G3	41	34	0	0	185455	P1-1-670	0	-
612	188.718	189.192	Bb1	40	32	0	0	185455	P1-1-671	0	-
613	188.718	189.042	D3	31	43	0	0	185455	P1-1-669	0	-
614	188.745	189.085	Bb2	31	38	0	0	185455	P1-1-672	0	-
615	189.721	190.229	G#1	44	34	0	0	186364	P1-1-676	0	-
616	189.726	189.972	C3	31	27	0	0	186364	P1-1-674	0	-
617	189.726	192.202	Bb3	38	80	0	0	186364	P1-1-673	0	-
618	189.731	190.945	F3	35	40	0	0	186364	P1-1-675	0	-
619	189.733	190.127	G#2	29	41	0	0	186364	P1-1-677	0	-
620	190.754	191.227	Eb3	41	50	0	0	187273	P1-1-679	0	-
621	190.762	191.035	Bb2	32	38	0	0	187273	P1-1-678	0	-
622	190.764	191.056	G1	32	41	0	0	187273	P1-1-680	0	-
623	190.784	191.042	G2	25	36	0	0	187273	P1-1-681	0	-
624	191.398	191.597	G#1	41	42	0	0	188182	P1-1-685	0	-
625	191.401	191.601	G#2	29	35	0	0	188182	P1-1-686	0	-
626	191.405	192.277	F3	31	40	0	0	188182	P1-1-684	0	-
627	191.799	192.06	Eb3	49	34	0	0	188292	P1-1-688	0	-
628	191.816	191.887	G1	36	57	0	0	188292	P1-1-689	0	-
629	192.136	192.217	F1	46	45	0	0	188405	P1-1-693	0	-
630	192.145	192.419	D3	41	36	0	0	188405	P1-1-692	0	-
631	192.41	192.926	Eb3	52	32	0	0	188519	P1-1-696	0	-
632	192.43	192.5	G1	39	48	0	0	188519	P1-1-697	0	-
633	192.44	192.496	G2	24	45	0	0	188519	P1-1-698	0	-
634	192.852	195.473	G3	51	22	0	0	188636	P1-1-700	0	-
635	192.879	193.655	Bb2	30	34	0	0	188636	P1-1-702	0	-
636	192.909	193.756	Bb1	24	32	0	0	188636	P1-1-701	0	-
637	195.103	195.231	F1	35	39	0	0	188864	P1-1-705	0	-
638	195.119	195.201	F2	19	43	0	0	188864	P1-1-706	0	-
639	195.121	195.326	D3	32	34	0	0	188864	P1-1-704	0	-
640	195.783	197.296	Bb3	50	36	0	0	189091	P1-1-709	0	-
641	195.791	197.092	G2	26	36	0	0	189091	P1-1-711	0	-
642	195.796	197.115	Bb2	28	37	0	0	189091	P1-1-707	0	-
643	195.797	197.466	Eb3	30	42	0	0	189091	P1-1-708	0	-
644	195.806	197.145	G1	25	37	0	0	189091	P1-1-710	0	-
645	198.525	200.5	A3	38	35	0	0	190909	P1-1-714	0	-
646	198.543	200.625	A1	34	34	0	0	190909	P1-1-715	0	-
647	198.556	200.234	E3	26	33	0	0	190909	P1-1-713	0	-
648	198.563	200.159	C#3	27	36	0	0	190909	P1-1-712	0	-
649	198.579	199.972	A2	23	33	0	0	190909	P1-1-716	0	-
650	202.026	207.138	D2	15	12	0	0	192727	P1-1-722	0	-
651	202.035	206.056	D3	20	21	0	0	192727	P1-1-717	0	-
652	202.035	207.152	A3	27	20	0	0	192727	P1-1-719	0	-
653	202.04	207.383	F#3	23	21	0	0	192727	P1-1-718	0	-
654	202.042	207.397	A1	30	29	0	0	192727	P1-1-721	0	-
655	202.045	206.788	D1	17	12	0	0	192727	P1-1-720	0	-
//Missing 10000	P1-1-35
//Missing 14609	P1-1-55
//Missing 21132	P1-1-85
//Missing 22727	P1-1-100
//Missing 25454	P1-1-111
//Missing 31818	P1-1-137
//Missing 31818	P1-1-138
//Missing 31818	P1-1-139
//Missing 33636	P1-1-146
//Missing 51818	P1-1-214
//Missing 52727	P1-1-220
//Missing 52727	P1-1-221
//Missing 52727	P1-1-223
//Missing 52727	P1-1-224
//Missing 55454	P1-1-236
//Missing 60909	P1-1-258
//Missing 60909	P1-1-259
//Missing 65454	P1-1-275
//Missing 78181	P1-1-291
//Missing 85454	P1-1-315
//Missing 89090	P1-1-327
//Missing 92727	P1-1-339
//Missing 94545	P1-1-345
//Missing 96363	P1-1-352
//Missing 98181	P1-1-358
//Missing 100000	P1-1-365
//Missing 101818	P1-1-371
//Missing 103182	P1-1-377
//Missing 103636	P1-1-379
//Missing 105000	P1-1-384
//Missing 107272	P1-1-391
//Missing 109091	P1-1-397
//Missing 110909	P1-1-404
//Missing 112727	P1-1-410
//Missing 114545	P1-1-417
//Missing 116363	P1-1-423
//Missing 117727	P1-1-429
//Missing 118182	P1-1-431
//Missing 118636	P1-1-434
//Missing 119545	P1-1-437
//Missing 120000	P1-1-440
//Missing 121818	P1-1-445
//Missing 123636	P1-1-451
//Missing 125455	P1-1-458
//Missing 129091	P1-1-470
//Missing 132727	P1-1-482
//Missing 136364	P1-1-495
//Missing 138182	P1-1-502
//Missing 140000	P1-1-510
//Missing 143636	P1-1-522
//Missing 145455	P1-1-530
//Missing 145455	P1-1-532
//Missing 147273	P1-1-539
//Missing 150909	P1-1-551
//Missing 152727	P1-1-557
//Missing 154545	P1-1-562
//Missing 156364	P1-1-567
//Missing 160000	P1-1-579
//Missing 163636	P1-1-591
//Missing 163636	P1-1-593
//Missing 164545	P1-1-596
//Missing 165455	P1-1-600
//Missing 165515	P1-1-601
//Missing 165515	P1-1-602
//Missing 167273	P1-1-605
//Missing 170909	P1-1-612
//Missing 177273	P1-1-637
//Missing 182500	P1-1-659
//Missing 188182	P1-1-682
//Missing 188182	P1-1-683
//Missing 188292	P1-1-687
//Missing 188292	P1-1-690
//Missing 188405	P1-1-691
//Missing 188405	P1-1-694
//Missing 188519	P1-1-695
//Missing 188636	P1-1-699
//Missing 188864	P1-1-703
//Missing 33636	P1-1-148
//Missing 33636	P1-1-147
//Missing 54609	P1-1-233
