// alignID alignOntime alignSitch alignPitch alignOnvel refID refOntime refSitch refPitch refOnvel
0	2.01389	G#1	32	41	2	0	G#1	32	96	
1	2.10737	Eb5	75	63	1	0	Eb5	75	96	
2	2.15545	F#4	66	28	0	0	F#4	66	96	
3	2.29033	F5	77	68	4	0.144928	F5	77	80	
4	2.293	G#3	56	53	6	0.144928	G#3	56	80	
5	2.30769	C3	48	44	5	0.144928	C3	48	80	
6	2.3157	G#4	68	59	3	0.144928	G#4	68	80	
7	2.44524	Eb5	75	66	8	0.289855	Eb5	75	80	
8	2.4626	C4	60	37	10	0.289855	C4	60	80	
9	2.47195	F#4	66	52	7	0.289855	F#4	66	80	
10	2.47462	Eb3	51	38	9	0.289855	Eb3	51	80	
11	2.60283	F5	77	73	12	0.434783	F5	77	80	
12	2.62553	G#4	68	76	11	0.434783	G#4	68	80	
13	2.63087	G#3	56	61	13	0.434783	G#3	56	80	
14	2.76442	Eb5	75	71	16	0.579711	Eb5	75	80	
15	2.78445	F#4	66	69	15	0.579711	F#4	66	80	
16	2.81383	Eb3	51	45	17	0.579711	Eb3	51	80	
17	2.90464	C3	48	65	21	0.724638	C3	48	80	
18	2.92067	F5	77	70	20	0.724638	F5	77	80	
19	2.93937	G#4	68	64	19	0.724638	G#4	68	80	
20	3.07291	C#2	37	75	25	0.869566	C#2	37	80	
21	3.08894	C#5	73	74	24	0.869566	C#5	73	80	
22	3.10496	F4	65	62	23	0.869566	F4	65	80	
23	3.25587	Eb5	75	71	27	1.01449	Eb5	75	80	
24	3.25988	G#3	56	63	29	1.01449	G#3	56	80	
25	3.26255	F#4	66	64	26	1.01449	F#4	66	80	
26	3.2719	C#3	49	57	28	1.01449	C3	48	80	
27	3.4001	E5	76	86	31	1.15942	E5	76	80	
28	3.40678	F3	53	58	32	1.15942	F3	53	80	
29	3.42815	C#4	61	35	33	1.15942	C#4	61	80	
30	3.55902	F#5	78	84	35	1.30435	F#5	78	80	
31	3.57371	Bb4	70	76	34	1.30435	Bb4	70	80	
32	3.58573	G#3	56	56	37	1.30435	G#3	56	80	
33	3.6071	C#3	49	43	36	1.30435	C#3	49	80	
34	3.73931	F5	77	74	39	1.44928	F5	77	80	
35	3.74733	G#4	68	72	38	1.44928	G#4	68	80	
36	3.754	F3	53	53	40	1.44928	F3	53	80	
37	3.75934	C#4	61	50	41	1.44928	C#4	61	80	
38	3.87954	C#5	73	66	43	1.5942	C#5	73	80	
39	3.88221	C#3	49	69	44	1.5942	C#3	49	80	
40	3.90758	F4	65	62	42	1.5942	F4	65	80	
41	4.05048	F5	77	66	47	1.73913	F5	77	80	
42	4.05181	G#2	44	69	48	1.73913	G#2	44	80	
43	4.05181	G#4	68	63	46	1.73913	G#4	68	80	
44	4.20406	Eb5	75	69	50	1.88406	Eb5	75	80	
45	4.21474	F#4	66	54	49	1.88406	F#4	66	80	
46	4.22676	G#3	56	60	52	1.88406	G#3	56	80	
47	4.28685	C3	48	19	51	1.88406	C3	48	80	
48	4.35363	F5	77	69	54	2.02899	F5	77	80	
49	4.36298	G#4	68	72	53	2.02899	G#4	68	80	
50	4.36431	C4	60	57	56	2.02899	C4	60	80	
51	4.37099	Eb3	51	60	55	2.02899	Eb3	51	80	
52	4.5032	Eb5	75	70	58	2.17392	Eb5	75	80	
53	4.52056	F#4	66	58	57	2.17392	F#4	66	80	
54	4.5219	Eb4	63	60	60	2.17392	Eb4	63	80	
55	4.53258	G#3	56	53	59	2.17392	G#3	56	80	
56	4.66079	F5	77	74	62	2.31884	F5	77	80	
57	4.67681	Eb3	51	60	63	2.31884	Eb3	51	80	
58	4.67681	G#4	68	73	61	2.31884	G#4	68	80	
59	4.76896	G#3	56	40	68	2.46377	G#3	56	80	
60	4.793	C3	48	68	67	2.46377	C3	48	80	
61	4.80902	Eb5	75	68	66	2.46377	Eb5	75	80	
62	4.82906	F#4	66	68	65	2.46377	F#4	66	80	
63	4.95058	C#2	37	73	71	2.6087	C#2	37	80	
64	4.98397	C#5	73	72	70	2.6087	C#5	73	80	
65	4.99198	F4	65	69	69	2.6087	F4	65	80	
66	5.14289	F#4	66	67	*	-1	*	-1	-1	
67	5.14289	Eb5	75	63	72	2.75363	Eb5	75	80	
68	5.15357	G#3	56	54	74	2.75363	G#3	56	80	
69	5.16292	C#3	49	47	73	2.75363	C#3	49	80	
70	5.28178	E5	76	85	76	2.89855	E5	76	80	
71	5.30582	F3	53	51	77	2.89855	F3	53	80	
72	5.45005	Bb4	70	80	79	3.04348	Bb4	70	80	
73	5.45138	F#5	78	78	80	3.04348	F#5	78	80	
74	5.4634	G#3	56	61	82	3.04348	G#3	56	80	
75	5.48744	C#3	49	52	81	3.04348	C#3	49	80	
76	5.6063	F#5	78	43	*	-1	*	-1	-1	
77	5.62366	F5	77	75	84	3.18841	F5	77	80	
78	5.62499	C#4	61	59	86	3.18841	C#4	61	80	
79	5.6477	G#4	68	42	83	3.18841	G#4	68	80	
80	5.6517	F3	53	44	85	3.18841	F3	53	80	
81	5.75453	C#5	73	76	88	3.33334	C#5	73	80	
82	5.75721	C#3	49	72	89	3.33334	C#3	49	80	
83	5.76655	F4	65	71	87	3.33334	F4	65	80	
84	5.92547	Eb5	75	75	92	3.47826	E5	76	80	
85	5.92681	Eb2	39	71	93	3.47826	Eb2	39	80	
86	5.95486	G4	67	42	91	3.47826	G4	67	80	
87	6.0844	F5	77	78	95	3.62319	F5	77	80	
88	6.0884	G#4	68	77	94	3.62319	G#4	68	80	
89	6.10443	C#4	61	72	97	3.62319	C#4	61	80	
90	6.12312	Eb3	51	55	96	3.62319	Eb3	51	80	
91	6.23664	F#5	78	88	99	3.76812	F#5	78	80	
92	6.23797	Eb4	63	63	101	3.76812	Eb4	63	80	
93	6.24599	A4	69	68	98	3.76812	A4	69	80	
94	6.24999	Bb3	58	71	100	3.76812	Bb3	58	80	
95	6.37686	G5	79	85	103	3.91305	G5	79	80	
96	6.38488	Bb4	70	83	102	3.91305	Bb4	70	80	
97	6.40491	C#4	61	69	104	3.91305	C#4	61	80	
98	6.41559	G4	67	45	105	3.91305	G4	67	80	
99	6.42895	F4	65	40	*	-1	*	-1	-1	
100	6.52644	G#5	80	94	107	4.05797	G#5	80	80	
101	6.52777	Bb3	58	72	108	4.05797	Bb3	58	80	
102	6.54113	C5	72	68	106	4.05797	C5	72	80	
103	6.5478	B4	71	65	*	-1	*	-1	-1	
104	6.59588	Eb4	63	22	109	4.05797	Eb4	63	80	
105	6.67334	C#5	73	76	110	4.2029	C#5	73	80	
106	6.67734	C#4	61	44	113	4.2029	C#4	61	80	
107	6.6907	Bb5	82	96	111	4.2029	Bb5	82	80	
108	6.69738	Eb3	51	85	112	4.2029	Eb3	51	80	
109	6.84695	B5	83	87	115	4.34783	B5	83	80	
110	6.8603	D5	74	68	114	4.34783	D5	74	80	
111	6.86431	G#2	44	74	116	4.34783	G#2	44	80	
112	7.00186	C6	84	91	118	4.49276	C6	84	80	
113	7.00453	Eb5	75	84	117	4.49276	E5	76	80	
114	7.04994	D4	62	50	120	4.49276	Eb4	63	80	
115	7.16078	C6	84	90	122	4.63769	C6	84	80	
116	7.16479	E5	76	80	121	4.63769	E5	76	80	
117	7.18616	G#3	56	66	124	4.63769	G#4	68	80	
118	7.35576	Eb6	87	81	126	4.78261	Eb6	87	80	
119	7.36377	C#3	49	69	127	4.78261	C#3	49	80	
120	7.38114	G5	79	63	125	4.78261	G5	79	80	
121	7.5454	C#6	85	83	129	4.92754	C#6	85	80	
122	7.55475	F5	77	72	128	4.92754	F5	77	80	
123	7.56944	C#4	61	62	131	4.92754	C#4	61	80	
124	7.60282	F3	53	35	130	4.92754	F3	53	80	
125	7.70565	G#5	80	76	133	5.07247	G#5	80	80	
126	7.71767	G#3	56	68	134	5.07247	G#3	56	80	
127	7.71901	C5	72	69	132	5.07247	C5	72	80	
128	7.72702	F4	65	51	135	5.07247	F4	65	80	
129	7.86858	C6	84	77	137	5.2174	C6	84	80	
130	7.87659	Eb3	51	72	138	5.2174	Eb3	51	80	
131	7.88461	Eb5	75	68	136	5.2174	Eb5	75	80	
132	8.03819	C#5	73	72	139	5.36232	C#5	73	80	
133	8.04486	Bb5	82	79	140	5.36232	Bb5	82	80	
134	8.05822	Eb4	63	60	142	5.36232	Eb4	63	80	
135	8.18776	Bb3	58	64	145	5.50725	Bb3	58	80	
136	8.18776	G4	67	59	146	5.50725	G4	67	80	
137	8.19177	C6	84	81	144	5.50725	C6	84	80	
138	8.20378	Eb5	75	74	143	5.50725	Eb5	75	80	
139	8.35202	Bb5	82	80	148	5.65218	Bb5	82	80	
140	8.35736	C#5	73	71	147	5.65218	C#5	73	80	
141	8.36003	Bb4	70	63	150	5.65218	Bb4	70	80	
142	8.36003	C#4	61	65	149	5.65218	C#4	61	80	
143	8.49358	C6	84	83	152	5.79711	C6	84	80	
144	8.49759	Bb3	58	65	153	5.79711	Bb3	58	80	
145	8.52296	Eb5	75	70	151	5.79711	Eb5	75	80	
146	8.65918	Bb5	82	88	156	5.94203	Bb5	82	80	
147	8.6712	G3	55	46	157	5.94203	G3	55	80	
148	8.67387	Eb4	63	67	158	5.94203	Eb4	63	80	
149	8.67387	C#5	73	67	155	5.94203	C#5	73	80	
150	8.81142	G#4	68	69	162	6.08696	G#4	68	80	
151	8.82344	C4	60	57	161	6.08696	C4	60	80	
152	8.82878	G#5	80	81	160	6.08696	G#5	80	80	
153	8.83813	C5	72	68	159	6.08696	C5	72	80	
154	8.99171	F4	65	67	166	6.23189	F4	65	80	
155	8.99839	C#5	73	70	163	6.23189	C#5	73	80	
156	8.99972	G#3	56	63	165	6.23189	G#3	56	80	
157	9.00774	Bb5	82	71	164	6.23189	Bb5	82	80	
158	9.15864	Bb4	70	68	167	6.37682	Bb4	70	80	
159	9.15998	Bb3	58	58	169	6.37682	Bb3	58	80	
160	9.16799	F#5	78	76	168	6.37682	F#5	78	80	
161	9.18001	F#4	66	47	170	6.37682	F#4	66	80	
162	9.34027	Eb4	63	56	174	6.52174	Eb4	63	80	
163	9.35095	G#5	80	58	172	6.52174	G#5	80	80	
164	9.36564	C5	72	50	171	6.52174	C5	72	80	
165	9.36698	F#3	54	44	173	6.52174	F#3	54	80	
166	9.5259	G#3	56	51	177	6.66667	G#3	56	80	
167	9.52991	F5	77	61	176	6.66667	F5	77	80	
168	9.54593	G#4	68	52	175	6.66667	G#4	68	80	
169	9.74892	C#4	61	38	182	6.8116	F4	65	80	
170	9.74892	F#5	78	65	180	6.8116	F#5	78	80	
171	9.76094	Bb4	70	55	179	6.8116	Bb4	70	80	
172	9.76628	F3	53	42	181	6.8116	F3	53	80	
173	10.0013	Eb5	75	61	184	6.95653	Eb5	75	96	
174	10.0107	G#2	44	57	185	6.95653	G#1	32	96	
175	10.0214	F#4	66	39	183	6.95653	F#4	66	96	
176	10.2203	F5	77	64	187	7.10146	F5	77	80	
177	10.223	G#3	56	58	189	7.10146	G#3	56	80	
178	10.2324	G#4	68	62	186	7.10146	G#4	68	80	
179	10.2698	C3	48	32	188	7.10146	C3	48	80	
180	10.3699	C4	60	54	193	7.24638	C4	60	80	
181	10.3806	Eb5	75	75	191	7.24638	Eb5	75	80	
182	10.3899	F#4	66	58	190	7.24638	F#4	66	80	
183	10.394	Eb3	51	55	192	7.24638	Eb3	51	80	
184	10.5288	F5	77	72	195	7.39131	F5	77	80	
185	10.5328	Eb4	63	60	197	7.39131	Eb4	63	80	
186	10.5395	G#4	68	68	194	7.39131	G#4	68	80	
187	10.5702	G#3	56	39	196	7.39131	G#3	56	80	
188	10.6931	Eb5	75	76	199	7.53624	Eb5	75	80	
189	10.6998	F#4	66	71	198	7.53624	F#4	66	80	
190	10.7105	Eb3	51	60	200	7.53624	Eb3	51	80	
191	10.7438	C4	60	19	201	7.53624	C4	60	80	
192	10.8146	G#3	56	28	205	7.68117	G#3	56	80	
193	10.8347	C3	48	56	204	7.68117	C3	48	80	
194	10.8347	F5	77	78	203	7.68117	F5	77	80	
195	10.856	G#4	68	69	202	7.68117	G#4	68	80	
196	10.9869	C#2	37	72	208	7.82609	C#2	37	80	
197	10.9989	C#5	73	73	207	7.82609	C#5	73	80	
198	11.0136	F4	65	63	206	7.82609	F4	65	80	
199	11.1565	Eb5	75	74	210	7.97102	Eb5	75	80	
200	11.1618	F#4	66	68	209	7.97102	F#4	66	80	
201	11.1739	G#3	56	59	212	7.97102	G#3	56	80	
202	11.1779	C#3	49	59	211	7.97102	C3	48	80	
203	11.3034	E5	76	83	214	8.11595	E5	76	80	
204	11.3248	F3	53	57	215	8.11595	F3	53	80	
205	11.4583	F#5	78	81	218	8.26088	F#5	78	80	
206	11.465	G#3	56	56	220	8.26088	G#3	56	80	
207	11.4703	Bb4	70	76	217	8.26088	Bb4	70	80	
208	11.4957	C#3	49	52	219	8.26088	C#3	49	80	
209	11.6132	F5	77	78	222	8.4058	F5	77	80	
210	11.6346	G#4	68	72	221	8.4058	G#4	68	80	
211	11.6413	F3	53	54	223	8.4058	F3	53	80	
212	11.6466	C#4	61	42	224	8.4058	C#4	61	80	
213	11.7748	C#5	73	68	226	8.55073	C#5	73	80	
214	11.7775	C#3	49	69	227	8.55073	C#3	49	80	
215	11.7989	F4	65	62	225	8.55073	F4	65	80	
216	11.9378	F5	77	73	230	8.69566	F5	77	80	
217	11.9458	G#2	44	64	231	8.69566	G#2	44	80	
218	11.9618	G#4	68	65	229	8.69566	G#4	68	80	
219	12.106	Eb5	75	79	233	8.84059	Eb5	75	80	
220	12.1114	F#4	66	67	232	8.84059	F#4	66	80	
221	12.1261	G#3	56	58	235	8.84059	G#3	56	80	
222	12.1675	C3	48	43	234	8.84059	C3	48	80	
223	12.2489	F5	77	79	237	8.98552	F5	77	80	
224	12.2503	C4	60	67	239	8.98552	C4	60	80	
225	12.2556	G#4	68	79	236	8.98552	G#4	68	80	
226	12.2609	Eb3	51	66	238	8.98552	Eb3	51	80	
227	12.3985	Eb5	75	81	241	9.13044	Eb5	75	80	
228	12.4078	F#4	66	72	240	9.13044	F#4	66	80	
229	12.4118	Eb4	63	70	243	9.13044	Eb4	63	80	
230	12.4345	G#3	56	50	242	9.13044	G#3	56	80	
231	12.5374	F5	77	78	245	9.27537	F5	77	80	
232	12.5574	G#4	68	82	244	9.27537	G#4	68	80	
233	12.5628	Eb3	51	62	246	9.27537	Eb3	51	80	
234	12.6669	G#3	56	48	251	9.4203	G#3	56	80	
235	12.6896	C3	48	66	250	9.4203	C3	48	80	
236	12.695	Eb5	75	75	249	9.4203	Eb5	75	80	
237	12.715	F#4	66	72	248	9.4203	F#4	66	80	
238	12.8459	C#2	37	74	254	9.56523	C#2	37	80	
239	12.8619	C#5	73	76	253	9.56523	C#5	73	80	
240	12.8686	F4	65	71	252	9.56523	F4	65	80	
241	13.0168	Eb5	75	78	255	9.71015	Eb5	75	80	
242	13.0181	F#4	66	76	*	-1	*	-1	-1	
243	13.0288	G#3	56	61	257	9.71015	G#3	56	80	
244	13.0355	C#3	49	54	256	9.71015	C#3	49	80	
245	13.1557	E5	76	85	259	9.85508	E5	76	80	
246	13.1717	F3	53	56	260	9.85508	F3	53	80	
247	13.1904	C#4	61	21	261	9.85508	C#4	61	80	
248	13.3173	F#5	78	81	263	10	F#5	78	80	
249	13.332	G#3	56	54	265	10	G#3	56	80	
250	13.348	Bb4	70	63	262	10	Bb4	70	80	
251	13.364	C#3	49	52	264	10	C#3	49	80	
252	13.4949	F5	77	76	267	10.1449	F5	77	80	
253	13.5176	G#4	68	53	266	10.1449	G#4	68	80	
254	13.523	F3	53	38	268	10.1449	F3	53	80	
255	13.531	C#4	61	39	269	10.1449	C#4	61	80	
256	13.6672	C#5	73	66	271	10.2899	C#5	73	80	
257	13.6992	C#3	49	53	272	10.2899	C#3	49	80	
258	13.7166	F4	65	51	270	10.2899	F4	65	80	
259	13.9142	Eb5	75	67	275	10.4348	Eb5	75	80	
260	13.9236	F#2	42	49	276	10.4348	F#2	42	80	
261	13.9289	F#4	66	52	274	10.4348	F#4	66	80	
262	14.1092	E5	76	72	278	10.5797	E5	76	80	
263	14.1106	G4	67	64	277	10.5797	G4	67	80	
264	14.1293	C#4	61	58	280	10.5797	C#4	61	80	
265	14.1573	F#3	54	43	279	10.5797	F#3	54	80	
266	14.2628	F5	77	76	282	10.7246	F5	77	80	
267	14.2748	G#4	68	63	281	10.7246	G#4	68	80	
268	14.2828	Bb3	58	52	283	10.7246	Bb3	58	80	
269	14.2895	Eb4	63	63	284	10.7246	Eb4	63	80	
270	14.4084	C#4	61	69	287	10.8696	C#4	61	81	
271	14.4137	F#5	78	83	286	10.8696	F#5	78	81	
272	14.4244	A4	69	69	285	10.8696	A4	69	81	
273	14.4297	F#4	66	65	288	10.8696	F#4	66	81	
274	14.5553	Bb3	58	49	291	11.0145	Bb3	58	82	
275	14.5553	G5	79	85	290	11.0145	G5	79	82	
276	14.5646	Eb4	63	66	292	11.0145	Eb4	63	82	
277	14.5673	Bb4	70	74	289	11.0145	Bb4	70	82	
278	14.7089	F#3	54	78	295	11.1594	F#3	54	84	
279	14.7209	G#5	80	79	294	11.1594	G#5	80	84	
280	14.7409	B4	71	69	293	11.1594	B4	71	84	
281	14.8638	F#2	42	84	299	11.3044	F#2	42	85	
282	14.8771	A5	81	83	298	11.3044	A5	81	85	
283	14.8998	C5	72	67	297	11.3044	C5	72	85	
284	15.032	Bb5	82	77	301	11.4493	Bb5	82	87	
285	15.0334	Eb4	63	71	303	11.4493	Eb4	63	87	
286	15.0427	C#5	73	59	300	11.4493	C#5	73	87	
287	15.0734	F#3	54	40	302	11.4493	F#3	54	87	
288	15.1629	B5	83	86	305	11.5942	B5	83	88	
289	15.1736	D5	74	75	304	11.5942	D5	74	88	
290	15.1803	F#4	66	72	307	11.5942	F#4	66	88	
291	15.1829	C#4	61	70	306	11.5942	C#4	61	88	
292	15.3165	C6	84	88	309	11.7391	C6	84	90	
293	15.3245	Bb4	70	80	311	11.7391	Bb4	70	90	
294	15.3258	Eb5	75	77	308	11.7391	Eb5	75	90	
295	15.3298	Eb4	63	69	310	11.7391	Eb4	63	90	
296	15.4581	C#4	61	76	314	11.8841	C#4	61	91	
297	15.4594	C#6	85	94	313	11.8841	C#6	85	91	
298	15.4808	E5	76	72	312	11.8841	E5	76	91	
299	15.5769	Eb4	63	51	319	12.029	Eb4	63	93	
300	15.6009	D6	86	92	317	12.029	D6	86	93	
301	15.609	F#3	54	87	318	12.029	F#3	54	93	
302	15.633	F5	77	77	316	12.029	F5	77	93	
303	15.7786	Eb6	87	94	321	12.1739	Eb6	87	94	
304	15.7799	F#5	78	76	320	12.1739	F#5	78	94	
305	15.7839	G#2	44	85	322	12.1739	G#2	44	94	
306	15.9548	Bb6	94	87	324	12.3189	Bb6	94	96	
307	15.9562	C#6	85	80	323	12.3189	C#6	85	96	
308	15.9602	F#4	66	71	326	12.3189	F#4	66	96	
309	15.9829	G#3	56	57	325	12.3189	G#3	56	96	
310	16.1084	G6	91	80	328	12.4638	G6	91	96	
311	16.1124	G#4	68	59	330	12.4638	G#4	68	96	
312	16.1164	B5	83	83	327	12.4638	B5	83	96	
313	16.1365	Eb4	63	67	329	12.4638	Eb4	63	96	
314	16.3021	G#6	92	85	332	12.6087	G#6	92	96	
315	16.3087	C5	72	64	334	12.6087	C5	72	96	
316	16.3087	C6	84	74	331	12.6087	C6	84	96	
317	16.3248	F#4	66	62	333	12.6087	F#4	66	96	
318	16.4583	Eb4	63	61	337	12.7536	Eb4	63	96	
319	16.469	F6	89	81	336	12.7536	F6	89	96	
320	16.4717	A5	81	82	335	12.7536	A5	81	96	
321	16.6039	G#3	56	72	341	12.8986	G#3	56	96	
322	16.6239	F#6	90	77	340	12.8986	F#6	90	96	
323	16.6346	Bb5	82	78	339	12.8986	Bb5	82	96	
324	16.7842	E6	88	62	344	13.0435	E6	88	96	
325	16.7868	C#3	49	64	345	13.0435	C#3	49	96	
326	16.7882	G5	79	72	343	13.0435	G5	79	96	
327	16.8055	F6	89	58	*	-1	*	-1	-1	
328	16.9404	F6	89	73	347	13.1884	F6	89	96	
329	16.9725	F4	65	56	349	13.1884	F4	65	96	
330	16.9738	G#3	56	47	348	13.1884	G#3	56	96	
331	16.9738	G#5	80	68	346	13.1884	G#5	80	96	
332	17.0486	C#6	85	45	*	-1	*	-1	-1	
333	17.122	G#4	68	60	353	13.3333	G#4	68	96	
334	17.122	D6	86	67	351	13.3333	D6	86	96	
335	17.1354	F5	77	71	350	13.3333	F5	77	96	
336	17.1381	C#4	61	59	352	13.3333	C#4	61	96	
337	17.301	Eb6	87	76	355	13.4783	Eb6	87	96	
338	17.321	F4	65	48	356	13.4783	F4	65	96	
339	17.325	F#5	78	67	354	13.4783	F#5	78	96	
340	17.325	C#5	73	53	357	13.4783	C#5	73	96	
341	17.508	C6	84	68	359	13.6232	C6	84	96	
342	17.516	C#4	61	57	360	13.6232	C#4	61	96	
343	17.528	E5	76	65	358	13.6232	E5	76	96	
344	17.747	C#6	85	70	363	13.7681	C#6	85	96	
345	17.7697	F5	77	57	362	13.7681	F5	77	96	
346	17.7764	G#3	56	46	364	13.7681	G#3	56	96	
347	18.0969	Bb2	46	29	368	13.9131	Bb2	46	96	
348	18.1517	Bb5	82	64	367	13.9131	Bb5	82	96	
349	18.1757	C#5	73	34	366	13.9131	C#5	73	96	
350	18.4762	Eb6	87	70	370	14.058	Eb6	87	96	
351	18.4909	C#4	61	46	372	14.058	C#4	61	96	
352	18.5002	F#5	78	56	369	14.058	F#5	78	96	
353	18.6538	C6	84	70	374	14.2029	C6	84	96	
354	18.6538	F4	65	45	376	14.2029	F4	65	96	
355	18.6592	Bb3	58	58	375	14.2029	Bb3	58	96	
356	18.6779	E5	76	50	373	14.2029	E5	76	96	
357	18.7994	C#6	85	69	378	14.3478	C#6	85	96	
358	18.8194	F5	77	69	377	14.3478	F5	77	96	
359	18.8248	C#4	61	58	379	14.3478	C#4	61	96	
360	18.8274	Bb4	70	44	380	14.3478	Bb4	70	96	
361	18.9703	Bb5	82	77	382	14.4928	Bb5	82	96	
362	18.973	C#5	73	66	381	14.4928	C#5	73	96	
363	18.9743	Bb3	58	53	383	14.4928	Bb3	58	96	
364	19.0117	F4	65	24	384	14.4928	F4	65	96	
365	19.1039	F3	53	69	387	14.6377	F3	53	96	
366	19.1239	C#6	85	73	386	14.6377	C#6	85	96	
367	19.1293	F5	77	61	385	14.6377	F5	77	96	
368	19.2748	F2	41	76	391	14.7826	F2	41	96	
369	19.2855	C6	84	73	390	14.7826	C6	84	96	
370	19.2989	Eb5	75	54	389	14.7826	Eb5	75	96	
371	19.4418	C#6	85	72	393	14.9275	C#6	85	96	
372	19.4605	F5	77	67	392	14.9275	F5	77	96	
373	19.4778	C4	60	65	395	14.9275	C4	60	96	
374	19.5152	F3	53	34	394	14.9275	F3	53	96	
375	19.594	C6	84	80	397	15.0725	C6	84	96	
376	19.6114	F4	65	60	399	15.0725	F4	65	96	
377	19.618	Eb5	75	74	396	15.0725	Eb5	75	96	
378	19.6447	A3	57	64	398	15.0725	A3	57	96	
379	19.7649	Bb5	82	80	401	15.2174	Bb5	82	96	
380	19.7676	C4	60	68	402	15.2174	C4	60	96	
381	19.7716	C#5	73	75	400	15.2174	C#5	73	96	
382	19.8037	A4	69	36	403	15.2174	A4	69	96	
383	19.9078	A5	81	78	405	15.3623	A5	81	96	
384	19.9199	A3	57	69	406	15.3623	A3	57	96	
385	19.9199	C5	72	75	404	15.3623	C5	72	96	
386	19.9506	F4	65	46	407	15.3623	F4	65	96	
387	20.036	C4	60	44	411	15.5073	C4	60	96	
388	20.0441	F3	53	78	410	15.5073	F3	53	96	
389	20.0601	C6	84	87	409	15.5073	C6	84	96	
390	20.0748	Eb5	75	76	408	15.5073	Eb5	75	96	
391	20.207	F#2	42	78	414	15.6522	F#2	42	96	
392	20.2203	C#5	73	74	412	15.6522	C#5	73	96	
393	20.2257	Bb5	82	76	413	15.6522	Bb5	82	96	
394	20.3819	Eb5	75	70	415	15.7971	Eb5	75	96	
395	20.3819	C6	84	75	416	15.7971	C6	84	96	
396	20.3833	Bb3	58	68	418	15.7971	Bb3	58	96	
397	20.4153	C#3	49	47	417	15.7971	C#3	49	96	
398	20.5181	Bb5	82	84	420	15.942	Bb5	82	96	
399	20.5328	C#5	73	82	419	15.942	C#5	73	96	
400	20.5368	F#3	54	68	421	15.942	F#3	54	96	
401	20.5449	C#4	61	40	422	15.942	C#4	61	96	
402	20.6704	F#4	66	80	426	16.087	F#4	66	96	
403	20.6811	C5	72	78	423	16.087	C5	72	96	
404	20.6904	G#5	80	82	424	16.087	G#5	80	96	
405	20.6971	Bb3	58	62	425	16.087	Bb3	58	96	
406	20.816	F#5	78	85	428	16.2319	F#5	78	96	
407	20.824	F#3	54	76	429	16.2319	F#3	54	96	
408	20.836	Bb4	70	73	427	16.2319	Bb4	70	96	
409	20.9615	C#3	49	79	433	16.3768	C#3	49	96	
410	20.9869	Bb5	82	88	432	16.3768	Bb5	82	96	
411	20.9962	C#5	73	76	431	16.3768	C#5	73	96	
412	21.1311	D2	38	78	437	16.5218	D2	38	96	
413	21.1431	G#5	80	84	436	16.5218	G#5	80	96	
414	21.1498	B4	71	77	435	16.5218	B4	71	96	
415	21.3047	Bb5	82	89	439	16.6667	Bb5	82	96	
416	21.3074	C#5	73	79	438	16.6667	C#5	73	96	
417	21.3154	G#3	56	78	441	16.6667	G#3	56	96	
418	21.3555	D3	50	38	440	16.6667	D3	50	96	
419	21.4463	G5	79	81	443	16.8116	G5	79	96	
420	21.4543	Bb4	70	83	442	16.8116	Bb4	70	96	
421	21.4556	B3	59	70	445	16.8116	B3	59	96	
422	21.489	F3	53	61	444	16.8116	F3	53	96	
423	21.5945	G#5	80	84	447	16.9565	G#5	80	96	
424	21.5999	B4	71	80	446	16.9565	B4	71	96	
425	21.6065	G#3	56	74	448	16.9565	G#3	56	96	
426	21.6106	D4	62	69	449	16.9565	D4	62	96	
427	21.7508	B3	59	67	453	17.1015	B3	59	96	
428	21.7668	F5	77	80	451	17.1015	F5	77	96	
429	21.7721	G#4	68	87	450	17.1015	G#4	68	96	
430	21.7762	F3	53	71	452	17.1015	F3	53	96	
431	21.9097	D3	50	71	456	17.2464	D3	50	96	
432	21.9271	G#5	80	89	455	17.2464	G#5	80	96	
433	21.9297	B4	71	77	454	17.2464	B4	71	96	
434	22.0913	Eb2	39	83	460	17.3913	Eb2	39	96	
435	22.1888	F#5	78	91	459	17.3913	F#5	78	96	
436	22.2129	Bb4	70	66	458	17.3913	Bb4	70	96	
437	22.3758	Bb3	58	77	464	17.5362	Bb3	58	96	
438	22.3784	G#5	80	85	462	17.5362	G#5	80	96	
439	22.3878	C5	72	77	461	17.5362	C5	72	96	
440	22.4078	Eb3	51	50	463	17.5362	Eb3	51	96	
441	22.5187	F#5	78	89	466	17.6812	F#5	78	96	
442	22.5294	F#3	54	68	467	17.6812	F#3	54	96	
443	22.532	Bb4	70	84	465	17.6812	Bb4	70	96	
444	22.5347	Eb4	63	56	468	17.6812	Eb4	63	96	
445	22.5481	Eb3	51	63	*	-1	*	-1	-1	
446	22.6909	F5	77	84	470	17.8261	F5	77	96	
447	22.695	G#4	68	86	469	17.8261	G#4	68	96	
448	22.695	G#2	44	84	471	17.8261	G#2	44	96	
449	22.8379	Eb5	75	78	473	17.971	Eb5	75	96	
450	22.8445	F#4	66	78	472	17.971	F#4	66	96	
451	22.8632	G#3	56	71	475	17.971	G#3	56	96	
452	22.954	C3	48	58	*	-1	*	-1	-1	
453	22.9848	F#5	78	92	477	18.116	F#5	78	96	
454	22.9928	Eb3	51	68	478	18.116	Eb3	51	96	
455	22.9981	Bb4	70	81	476	18.116	Bb4	70	96	
456	23.141	F5	77	76	481	18.2609	F5	77	96	
457	23.1463	G#4	68	79	480	18.2609	G#4	68	96	
458	23.1557	C#2	37	65	482	18.2609	C#2	37	96	
459	23.1597	Eb2	39	54	*	-1	*	-1	-1	
460	23.1824	E5	76	50	*	-1	*	-1	-1	
461	23.2919	F#5	78	84	484	18.4058	F#5	78	96	
462	23.3013	Bb4	70	81	483	18.4058	Bb4	70	96	
463	23.352	C#4	61	47	*	-1	*	-1	-1	
464	23.3654	A3	57	39	486	18.4058	G#3	56	96	
465	23.4134	C#3	49	26	485	18.4058	C#3	49	96	
466	23.4361	F5	77	85	488	18.5507	F5	77	96	
467	23.4455	G#4	68	84	487	18.5507	G#4	68	96	
468	23.4735	F3	53	25	489	18.5507	F3	53	96	
469	23.5951	Bb1	34	79	493	18.6957	Bb1	34	96	
470	23.6057	Eb5	75	76	492	18.6957	Eb5	75	96	
471	23.6218	F#4	66	76	491	18.6957	F#4	66	96	
472	23.7567	C#5	73	78	495	18.8406	C#5	73	96	
473	23.778	F4	65	71	494	18.8406	F4	65	96	
474	23.7954	F3	53	59	497	18.8406	F3	53	96	
475	23.9022	C#3	49	64	500	18.9855	C#3	49	96	
476	23.9129	F5	77	83	499	18.9855	F5	77	96	
477	23.9223	G#4	68	77	498	18.9855	G#4	68	96	
478	24.0638	Eb2	39	79	504	19.1305	Eb2	39	96	
479	24.0732	G4	67	76	502	19.1305	G4	67	96	
480	24.0732	Eb5	75	80	503	19.1305	Eb5	75	96	
481	24.2281	F5	77	78	506	19.2754	F5	77	96	
482	24.2334	Eb3	51	70	508	19.2754	Eb3	51	96	
483	24.2521	G#4	68	77	505	19.2754	G#4	68	96	
484	24.2575	G2	43	45	507	19.2754	G2	43	96	
485	24.379	G3	55	62	512	19.4203	G3	55	96	
486	24.379	Eb5	75	73	510	19.4203	Eb5	75	96	
487	24.3843	Bb2	46	68	511	19.4203	Bb2	46	96	
488	24.399	G4	67	71	509	19.4203	G4	67	96	
489	24.5539	F4	65	76	513	19.5652	F4	65	96	
490	24.5579	C#5	73	72	514	19.5652	C#5	73	96	
491	24.5593	C#3	49	59	515	19.5652	Eb3	51	96	
492	24.57	Bb3	58	39	516	19.5652	Bb3	58	96	
493	24.7289	Bb4	70	70	518	19.7102	Bb4	70	96	
494	24.7489	Bb2	46	57	519	19.7102	Bb2	46	96	
495	24.7569	G3	55	49	520	19.7102	G3	55	96	
496	24.9239	G2	43	58	523	19.8551	G2	43	96	
497	24.9279	Eb3	51	49	524	19.8551	Eb3	51	96	
498	24.9319	C5	72	68	522	19.8551	C5	72	96	
499	24.9439	Eb4	63	56	521	19.8551	Eb4	63	96	
500	25.1536	G#4	68	72	526	20	G#4	68	96	
501	25.1629	G#1	32	59	527	20	G#1	32	96	
502	25.2096	C4	60	9	525	20	C4	60	96	
503	25.426	C#4	61	55	528	20.1449	C#4	61	96	
504	25.426	Bb4	70	62	529	20.1449	Bb4	70	96	
505	25.5929	G#4	68	73	531	20.2899	G#4	68	96	
506	25.6063	C4	60	46	530	20.2899	C4	60	96	
507	25.6076	G#2	44	55	532	20.2899	G#2	44	96	
508	25.6076	G#3	56	55	533	20.2899	G#3	56	96	
509	25.7745	Bb4	70	66	535	20.4348	Bb4	70	96	
510	25.7812	C3	48	51	536	20.4348	C3	48	96	
511	25.7839	C#4	61	64	534	20.4348	C#4	61	96	
512	25.7879	Eb3	51	43	537	20.4348	Eb3	51	96	
513	25.9148	G#3	56	58	541	20.5797	G#3	56	96	
514	25.9308	G#4	68	73	539	20.5797	G#4	68	96	
515	25.9375	C4	60	51	538	20.5797	C4	60	96	
516	25.9789	G#2	44	32	540	20.5797	G#2	44	96	
517	26.071	C3	48	59	544	20.7247	C3	48	96	
518	26.075	Eb3	51	53	545	20.7247	Eb3	51	96	
519	26.0857	C5	72	68	543	20.7247	Bb4	70	96	
520	26.1017	Eb4	63	59	542	20.7247	C#4	61	96	
521	26.25	G#2	44	47	548	20.8696	G#2	44	96	
522	26.25	G3	55	50	549	20.8696	G3	55	96	
523	26.2526	C#4	61	64	546	20.8696	C#4	61	96	
524	26.2567	Bb4	70	67	547	20.8696	Bb4	70	96	
525	26.4116	C5	72	54	551	21.0145	C5	72	96	
526	26.4129	Eb4	63	61	550	21.0145	Eb4	63	96	
527	26.4142	Eb3	51	37	553	21.0145	Eb3	51	96	
528	26.4289	C#3	49	52	552	21.0145	C#3	49	96	
529	26.5611	C#4	61	66	554	21.1594	C#4	61	96	
530	26.5745	Bb4	70	68	555	21.1594	Bb4	70	96	
531	26.5798	G3	55	45	557	21.1594	G3	55	96	
532	26.5878	G#2	44	49	556	21.1594	G#2	44	96	
533	26.7227	C5	72	61	559	21.3044	C5	72	96	
534	26.7307	Eb4	63	66	558	21.3044	Eb4	63	96	
535	26.7468	C#3	49	60	560	21.3044	C#3	49	96	
536	26.7534	Eb3	51	37	561	21.3044	Eb3	51	96	
537	26.871	Bb4	70	71	563	21.4493	Bb4	70	96	
538	26.8883	C#4	61	71	562	21.4493	C#4	61	96	
539	26.903	G3	55	52	565	21.4493	G3	55	96	
540	26.911	G#2	44	49	564	21.4493	G#2	44	96	
541	27.0366	C5	72	69	567	21.5942	C5	72	96	
542	27.0499	Eb4	63	68	566	21.5942	Eb4	63	96	
543	27.0566	C#3	49	64	568	21.5942	C#3	49	96	
544	27.0579	Eb3	51	49	569	21.5942	Eb3	51	96	
545	27.1968	G#4	68	73	571	21.7391	G#4	68	96	
546	27.2062	C4	60	67	570	21.7391	C4	60	96	
547	27.2115	G#3	56	66	573	21.7391	G#3	56	96	
548	27.2329	G#2	44	44	572	21.7391	G#2	44	96	
549	27.3571	Bb4	70	78	575	21.8841	Bb4	70	96	
550	27.3611	C#4	61	77	574	21.8841	C#4	61	96	
551	27.3624	C3	48	60	576	21.8841	C3	48	96	
552	27.3638	Eb3	51	54	577	21.8841	Eb3	51	96	
553	27.5	B4	71	85	579	22.029	B4	71	96	
554	27.5147	G#3	56	68	581	22.029	G#3	56	96	
555	27.532	G#2	44	57	580	22.029	G#2	44	96	
556	27.6629	C#5	73	83	583	22.1739	C#5	73	96	
557	27.6829	Eb3	51	60	585	22.1739	Eb3	51	96	
558	27.6869	F4	65	71	582	22.1739	F4	65	96	
559	27.6976	C3	48	61	584	22.1739	C3	48	96	
560	27.8165	G#3	56	64	589	22.3189	G#3	56	96	
561	27.8285	Eb4	63	80	586	22.3189	Eb4	63	96	
562	27.8298	C5	72	82	587	22.3189	C5	72	96	
563	27.8579	G#2	44	55	588	22.3189	G#2	44	96	
564	27.9794	Eb3	51	57	593	22.4638	Eb3	51	96	
565	27.9807	G#4	68	78	591	22.4638	G#4	68	96	
566	27.9847	C3	48	56	592	22.4638	C3	48	96	
567	28.0088	C4	60	67	590	22.4638	C4	60	96	
568	28.1503	C5	72	68	595	22.6087	C5	72	96	
569	28.153	G#2	44	47	596	22.6087	G#2	44	96	
570	28.165	G3	55	50	597	22.6087	G3	55	96	
571	28.1677	Eb4	63	65	594	22.6087	Eb4	63	96	
572	28.3159	Eb3	51	43	601	22.7536	Eb3	51	96	
573	28.328	Bb4	70	71	599	22.7536	Bb4	70	96	
574	28.332	C#3	49	55	600	22.7536	C#3	49	96	
575	28.34	C#4	61	58	598	22.7536	C#4	61	96	
576	28.4775	C5	72	68	603	22.8986	C5	72	96	
577	28.4882	Eb4	63	66	602	22.8986	Eb4	63	96	
578	28.4909	G3	55	40	605	22.8986	G3	55	96	
579	28.5083	G#2	44	45	604	22.8986	G#2	44	96	
580	28.6458	Bb4	70	71	607	23.0435	Bb4	70	96	
581	28.6538	C#4	61	57	606	23.0435	C#4	61	96	
582	28.6765	Eb3	51	31	609	23.0435	Eb3	51	96	
583	28.6792	C#3	49	53	608	23.0435	C#3	49	96	
584	28.79	C5	72	69	611	23.1884	C5	72	96	
585	28.8034	Eb4	63	61	610	23.1884	Eb4	63	96	
586	28.8167	G3	55	54	613	23.1884	G3	55	96	
587	28.8234	G#2	44	51	612	23.1884	G#2	44	96	
588	28.9463	Bb4	70	76	615	23.3334	Bb4	70	96	
589	28.9636	C#4	61	63	614	23.3334	C#4	61	96	
590	28.969	Eb3	51	43	617	23.3334	Eb3	51	96	
591	28.9717	C#3	49	56	616	23.3334	C#3	49	96	
592	29.1092	G#4	68	77	619	23.4783	G#4	68	96	
593	29.1105	G#3	56	68	621	23.4783	G#3	56	96	
594	29.1172	G#2	44	58	620	23.4783	G#2	44	96	
595	29.1252	C4	60	60	618	23.4783	C4	60	96	
596	29.2601	C#4	61	77	622	23.6232	C#4	61	96	
597	29.2601	Bb4	70	79	623	23.6232	Bb4	70	96	
598	29.2735	Eb3	51	48	625	23.6232	Eb3	51	96	
599	29.2935	C3	48	55	624	23.6232	C3	48	96	
600	29.403	B4	71	81	627	23.7681	B4	71	96	
601	29.4177	G#3	56	65	629	23.7681	G#3	56	96	
602	29.4377	G#2	44	58	628	23.7681	G#2	44	96	
603	29.5472	C#5	73	78	631	23.9131	C#5	73	96	
604	29.59	Eb3	51	58	633	23.9131	Eb3	51	96	
605	29.59	F4	65	50	630	23.9131	F4	65	96	
606	29.602	C3	48	53	632	23.9131	C3	48	96	
607	29.7222	C5	72	76	635	24.058	C5	72	96	
608	29.7302	G#3	56	56	637	24.058	G#3	56	96	
609	29.7609	G#2	44	51	636	24.058	G#2	44	96	
610	29.7649	Eb4	63	34	634	24.058	Eb4	63	96	
611	29.8731	G#4	68	79	639	24.2029	G#4	68	96	
612	29.8798	Eb3	51	45	641	24.2029	Eb3	51	96	
613	29.8851	C3	48	58	640	24.2029	C3	48	96	
614	29.9038	C4	60	50	638	24.2029	C4	60	96	
615	30.0801	G#2	44	45	644	24.3478	G#2	44	96	
616	30.0828	G#3	56	40	645	24.3478	G#3	56	96	
617	30.1148	Eb5	75	63	643	24.3478	Eb5	75	96	
618	30.3646	Eb3	51	46	648	24.4928	Eb3	51	96	
619	30.3659	F#3	54	28	649	24.4928	F#3	54	96	
620	30.3806	E5	76	60	647	24.4928	E5	76	96	
621	30.3832	G#4	68	54	646	24.4928	G#4	68	96	
622	30.5448	Eb5	75	62	651	24.6377	Eb5	75	96	
623	30.5462	G#3	56	42	653	24.6377	G#3	56	96	
624	30.5689	F#4	66	53	650	24.6377	F#4	66	96	
625	30.5716	G#2	44	32	652	24.6377	G#2	44	96	
626	30.7238	E5	76	66	655	24.7826	E5	76	96	
627	30.7265	Eb3	51	52	656	24.7826	Eb3	51	96	
628	30.7305	F#3	54	30	657	24.7826	F#3	54	96	
629	30.7318	G#4	68	61	654	24.7826	G#4	68	96	
630	30.88	Eb5	75	72	659	24.9276	Eb5	75	96	
631	30.8841	F#4	66	64	658	24.9276	F#4	66	96	
632	30.8854	G#3	56	36	661	24.9276	G#3	56	96	
633	30.9027	G#2	44	46	660	24.9276	G#2	44	96	
634	31.0296	Eb3	51	63	664	25.0725	Eb3	51	96	
635	31.031	E5	76	72	663	25.0725	E5	76	96	
636	31.035	F#3	54	43	665	25.0725	F#3	54	96	
637	31.0577	G#4	68	62	662	25.0725	G#4	68	96	
638	31.1819	G#3	56	62	669	25.2174	G#3	56	96	
639	31.1925	C#5	73	68	667	25.2174	C#5	73	96	
640	31.2219	G#2	44	44	668	25.2174	G#2	44	96	
641	31.2393	E4	64	25	666	25.2174	E4	64	96	
642	31.3288	D5	74	77	671	25.3623	D5	74	96	
643	31.3435	C#3	49	52	672	25.3623	C#3	49	96	
644	31.3528	F4	65	62	670	25.3623	F4	65	96	
645	31.3608	E3	52	45	673	25.3623	E3	52	96	
646	31.489	Eb5	75	81	675	25.5073	Eb5	75	96	
647	31.4984	G#3	56	58	677	25.5073	G#3	56	96	
648	31.5157	F#4	66	52	674	25.5073	F#4	66	96	
649	31.5424	G#2	44	50	676	25.5073	G#2	44	96	
650	31.6519	F#5	78	84	679	25.6522	F#5	78	96	
651	31.6746	A4	69	69	678	25.6522	A4	69	96	
652	31.688	E3	52	49	681	25.6522	E3	52	96	
653	31.692	C#3	49	55	680	25.6522	C#3	49	96	
654	31.8015	E5	76	78	683	25.7971	E5	76	96	
655	31.8029	G#3	56	61	685	25.7971	G#3	56	96	
656	31.8162	G#4	68	70	682	25.7971	G#4	68	96	
657	31.8349	G#2	44	54	684	25.7971	G#2	44	96	
658	31.9377	C#3	49	55	688	25.9421	C#3	49	96	
659	31.9457	C#5	73	78	687	25.9421	C#5	73	96	
660	31.9511	E3	52	51	689	25.9421	E3	52	96	
661	31.9591	E4	64	66	686	25.9421	E4	64	96	
662	32.102	G#3	56	51	693	26.087	G#3	56	96	
663	32.1167	E5	76	71	691	26.087	E5	76	96	
664	32.126	G#4	68	59	690	26.087	G#4	68	96	
665	32.1274	G#2	44	46	692	26.087	G#2	44	96	
666	32.281	Eb5	75	66	695	26.2319	Eb5	75	96	
667	32.2836	F#3	54	44	697	26.2319	F#3	54	96	
668	32.293	Eb3	51	47	696	26.2319	Eb3	51	96	
669	32.313	F#4	66	37	694	26.2319	F#4	66	96	
670	32.4279	E5	76	67	699	26.3768	E5	76	96	
671	32.4372	G#3	56	45	701	26.3768	G#3	56	96	
672	32.4372	G#4	68	63	698	26.3768	G#4	68	96	
673	32.4546	G#2	44	44	700	26.3768	G#2	44	96	
674	32.5894	Eb5	75	72	703	26.5218	Eb5	75	96	
675	32.5921	F#3	54	36	705	26.5218	F#3	54	96	
676	32.5975	Eb3	51	51	704	26.5218	Eb3	51	96	
677	32.6028	F#4	66	51	702	26.5218	F#4	66	96	
678	32.735	E5	76	74	707	26.6667	E5	76	96	
679	32.7404	G#3	56	54	709	26.6667	G#3	56	96	
680	32.755	G#4	68	69	706	26.6667	G#4	68	96	
681	32.7644	G#2	44	54	708	26.6667	G#2	44	96	
682	32.8873	Eb5	75	80	711	26.8116	Eb5	75	96	
683	32.8993	F#3	54	47	713	26.8116	F#3	54	96	
684	32.8993	F#4	66	73	710	26.8116	F#4	66	96	
685	32.9006	Eb3	51	65	712	26.8116	Eb3	51	96	
686	33.0382	G#3	56	73	717	26.9565	G#3	56	96	
687	33.0435	C#5	73	73	715	26.9565	C#5	73	96	
688	33.0635	G#2	44	62	716	26.9565	G#2	44	96	
689	33.0729	E4	64	50	714	26.9565	E4	64	96	
690	33.1797	D5	74	84	719	27.1015	D5	74	96	
691	33.2011	C#3	49	58	720	27.1015	C#3	49	96	
692	33.2038	E4	64	56	*	-1	*	-1	-1	
693	33.2158	E3	52	53	721	27.1015	E3	52	96	
694	33.2198	F4	65	55	718	27.1015	F4	65	96	
695	33.2318	C#5	73	26	*	-1	*	-1	-1	
696	33.332	Eb5	75	86	723	27.2464	Eb5	75	96	
697	33.348	G#3	56	64	725	27.2464	G#3	56	96	
698	33.3854	G#2	44	54	724	27.2464	G#2	44	96	
699	33.4842	F#5	78	84	727	27.3913	F#5	78	96	
700	33.4976	A4	69	77	726	27.3913	A4	69	96	
701	33.5203	E3	52	60	729	27.3913	E3	52	96	
702	33.5216	F5	77	65	*	-1	*	-1	-1	
703	33.5296	C#3	49	54	728	27.3913	C#3	49	96	
704	33.6418	G#3	56	70	733	27.5363	G#3	56	96	
705	33.6418	E5	76	77	731	27.5363	E5	76	96	
706	33.6632	G#4	68	76	730	27.5363	G#4	68	96	
707	33.6658	G#2	44	63	732	27.5363	G#2	44	96	
708	33.8047	C#5	73	85	735	27.6812	C#5	73	96	
709	33.8141	E4	64	76	734	27.6812	E4	64	96	
710	33.8475	C#3	49	43	736	27.6812	C#3	49	96	
711	33.8608	E3	52	20	737	27.6812	E3	52	96	
712	34.0304	E5	76	82	739	27.8261	E5	76	96	
713	34.0398	G#4	68	70	738	27.8261	G#4	68	96	
714	34.0718	G#2	44	46	740	27.8261	G#2	44	96	
715	34.0731	G3	55	54	741	27.8261	G3	55	96	
716	34.2347	C#3	49	43	744	27.971	C#3	49	96	
717	34.2347	G4	67	67	742	27.971	G4	67	96	
718	34.2347	Eb5	75	74	743	27.971	Eb5	75	96	
719	34.2508	Eb3	51	42	745	27.971	Eb3	51	96	
720	34.387	G5	79	80	747	28.116	G5	79	96	
721	34.3897	G3	55	48	749	28.116	G3	55	96	
722	34.391	G#2	44	51	748	28.116	G#2	44	96	
723	34.3937	Bb4	70	77	746	28.116	Bb4	70	96	
724	34.5312	F5	77	69	751	28.2609	F5	77	96	
725	34.5419	G#4	68	74	750	28.2609	G#4	68	96	
726	34.5512	C#3	49	56	752	28.2609	C#3	49	96	
727	34.5579	Eb3	51	44	753	28.2609	Eb3	51	96	
728	34.6968	G3	55	59	757	28.4058	G3	55	96	
729	34.6968	G#5	80	83	755	28.4058	G#5	80	96	
730	34.7008	C5	72	61	754	28.4058	C5	72	96	
731	34.7062	G#2	44	57	756	28.4058	G#2	44	96	
732	34.837	G5	79	84	759	28.5508	G5	79	96	
733	34.8557	Bb4	70	61	758	28.5508	Bb4	70	96	
734	34.8691	C#3	49	61	760	28.5508	C#3	49	96	
735	34.8691	Eb3	51	46	761	28.5508	Eb3	51	96	
736	34.9853	Bb5	82	85	763	28.6957	Bb5	82	96	
737	34.996	G3	55	59	765	28.6957	G3	55	96	
738	34.996	C#5	73	75	762	28.6957	C#5	73	96	
739	35.016	G#2	44	57	764	28.6957	G#2	44	96	
740	35.1362	C5	72	75	766	28.8406	C5	72	96	
741	35.1389	G#5	80	83	767	28.8406	G#5	80	96	
742	35.1482	Eb3	51	50	769	28.8406	Eb3	51	96	
743	35.1509	C#3	49	63	768	28.8406	C#3	49	96	
744	35.2751	C6	84	82	771	28.9855	C6	84	96	
745	35.2817	G3	55	59	773	28.9855	G3	55	96	
746	35.2964	G#2	44	56	772	28.9855	G#2	44	96	
747	35.2978	Eb5	75	71	770	28.9855	Eb5	75	96	
748	35.43	Bb5	82	83	775	29.1305	Bb5	82	96	
749	35.4313	C#5	73	77	774	29.1305	C#5	73	96	
750	35.446	Eb3	51	50	777	29.1305	Eb3	51	96	
751	35.4487	C#3	49	58	776	29.1305	C#3	49	96	
752	35.5729	G3	55	61	781	29.2754	G3	55	96	
753	35.5729	F5	77	73	778	29.2754	F5	77	96	
754	35.5782	C#6	85	84	779	29.2754	C#6	85	96	
755	35.5956	G#2	44	64	780	29.2754	G#2	44	96	
756	35.7144	C6	84	89	783	29.4203	C6	84	96	
757	35.7171	Eb5	75	81	782	29.4203	Eb5	75	96	
758	35.7465	Eb3	51	57	785	29.4203	Eb3	51	96	
759	35.7492	C#3	49	65	784	29.4203	C#3	49	96	
760	35.868	Eb6	87	89	787	29.5652	Eb6	87	96	
761	35.872	G5	79	84	786	29.5652	G5	79	96	
762	35.8734	G3	55	73	789	29.5652	G3	55	96	
763	35.884	G#2	44	69	788	29.5652	G#2	44	96	
764	36.0149	C#6	85	92	791	29.7102	C#6	85	96	
765	36.0176	F5	77	83	790	29.7102	F5	77	96	
766	36.0269	Eb3	51	62	793	29.7102	Eb3	51	96	
767	36.0363	C#3	49	66	792	29.7102	C#3	49	96	
768	36.1578	G3	55	74	797	29.8551	G3	55	96	
769	36.1645	F6	89	85	795	29.8551	F6	89	96	
770	36.1658	G#5	80	90	794	29.8551	G#5	80	96	
771	36.1712	G#2	44	71	796	29.8551	G#2	44	96	
772	36.3087	G5	79	87	798	30	G5	79	96	
773	36.3087	Eb6	87	91	799	30	Eb6	87	96	
774	36.3288	C#3	49	68	800	30	C#3	49	96	
775	36.3301	Eb3	51	66	801	30	Eb3	51	96	
776	36.453	G6	91	92	803	30.145	G6	91	96	
777	36.461	G3	55	82	805	30.145	G3	55	96	
778	36.4636	Bb5	82	87	802	30.145	Bb5	82	96	
779	36.465	G#2	44	71	804	30.145	G#2	44	96	
780	36.5959	F6	89	76	807	30.2899	F6	89	96	
781	36.6092	G#5	80	88	806	30.2899	G#5	80	96	
782	36.6279	C#3	49	73	808	30.2899	C#3	49	96	
783	36.6319	Eb3	51	71	809	30.2899	Eb3	51	96	
784	36.7628	G#6	92	99	811	30.4348	G#6	92	96	
785	36.7628	C6	84	74	810	30.4348	C6	84	96	
786	36.7668	G3	55	84	813	30.4348	G3	55	96	
787	36.7775	G#2	44	72	812	30.4348	G#2	44	96	
788	36.8963	G6	91	95	815	30.5797	G6	91	96	
789	36.9017	Bb5	82	86	814	30.5797	Bb5	82	96	
790	36.9284	Eb3	51	67	817	30.5797	Eb3	51	96	
791	36.9311	C#3	49	68	816	30.5797	C#3	49	96	
792	37.0499	Bb6	94	100	819	30.7247	Bb6	94	96	
793	37.0553	G3	55	77	821	30.7247	G3	55	96	
794	37.0553	C#6	85	89	818	30.7247	C#6	85	96	
795	37.0753	G#2	44	70	820	30.7247	G#2	44	96	
796	37.2048	G#6	92	103	823	30.8696	G#6	92	96	
797	37.2115	C6	84	95	822	30.8696	C6	84	96	
798	37.2342	C#3	49	67	824	30.8696	C#3	49	96	
799	37.2395	Eb3	51	65	825	30.8696	Eb3	51	96	
800	37.3771	G3	55	73	829	31.0145	G3	55	96	
801	37.3784	C7	96	104	827	31.0145	C7	96	96	
802	37.3905	G#2	44	67	828	31.0145	G#2	44	96	
803	37.3918	Eb6	87	95	826	31.0145	Eb6	87	96	
804	37.5707	Bb6	94	104	831	31.1594	Bb6	94	96	
805	37.5788	C#6	85	94	830	31.1594	C#6	85	96	
806	37.5841	C#3	49	67	832	31.1594	C#3	49	96	
807	37.6015	Eb3	51	53	833	31.1594	Eb3	51	96	
808	37.707	G#2	44	79	836	31.3044	G#2	44	96	
809	37.8338	G#3	56	87	837	31.3044	G#3	56	96	
810	37.8499	G#6	92	106	835	31.3044	G#6	92	96	
811	37.8579	C6	84	96	834	31.3044	C6	84	96	
812	38.0702	Bb6	94	89	839	31.4493	Bb6	94	96	
813	38.0889	C#6	85	90	838	31.4493	C#6	85	96	
814	38.2371	F#4	66	65	842	31.5942	F#4	66	96	
815	38.2371	F#6	90	86	841	31.5942	F#6	90	96	
816	38.2398	Bb5	82	88	840	31.5942	Bb5	82	96	
817	38.2492	Eb5	75	63	843	31.5942	Eb5	75	96	
818	38.4054	G#6	92	81	845	31.7392	G#6	92	96	
819	38.4121	F5	77	74	847	31.7392	F5	77	96	
820	38.4134	C6	84	84	844	31.7392	C6	84	96	
821	38.4214	G#4	68	67	846	31.7392	G#4	68	96	
822	38.5683	F4	65	68	850	31.8841	F4	65	96	
823	38.571	G#5	80	86	848	31.8841	G#5	80	96	
824	38.571	F6	89	80	849	31.8841	F6	89	96	
825	38.575	C#5	73	68	851	31.8841	C#5	73	96	
826	38.7219	Eb5	75	70	855	32.029	Eb5	75	96	
827	38.7233	F#4	66	69	854	32.029	F#4	66	96	
828	38.7299	F#6	90	76	853	32.029	F#6	90	96	
829	38.7446	Bb5	82	83	852	32.029	Bb5	82	96	
830	38.8728	Eb6	87	82	857	32.1739	Eb6	87	96	
831	38.8755	F#5	78	77	856	32.1739	F#5	78	96	
832	38.8835	C5	72	74	859	32.1739	C5	72	96	
833	38.9049	Eb4	63	61	858	32.1739	Eb4	63	96	
834	39.0237	F6	89	74	861	32.3189	F6	89	96	
835	39.0237	F4	65	68	862	32.3189	F4	65	96	
836	39.0451	G#5	80	82	860	32.3189	G#5	80	96	
837	39.0518	C#5	73	68	863	32.3189	C#5	73	96	
838	39.0932	E6	88	11	*	-1	*	-1	-1	
839	39.1853	C#6	85	83	865	32.4638	C#6	85	96	
840	39.192	Bb4	70	71	867	32.4638	Bb4	70	96	
841	39.192	F5	77	73	864	32.4638	F5	77	96	
842	39.2	C#4	61	66	866	32.4638	C#4	61	96	
843	39.3215	Eb6	87	74	869	32.6087	Eb6	87	96	
844	39.3255	Eb4	63	66	870	32.6087	Eb4	63	96	
845	39.3576	F#5	78	73	868	32.6087	F#5	78	96	
846	39.3603	C5	72	70	871	32.6087	C5	72	96	
847	39.4845	C6	84	79	873	32.7537	C6	84	96	
848	39.4885	Eb5	75	76	872	32.7537	Eb5	75	96	
849	39.5018	G#4	68	72	875	32.7537	G#4	68	96	
850	39.5219	C4	60	55	874	32.7537	C4	60	96	
851	39.614	C#6	85	67	877	32.8986	C#6	85	96	
852	39.6541	C#4	61	70	878	32.8986	C#4	61	96	
853	39.6554	F5	77	73	876	32.8986	F5	77	96	
854	39.6608	Bb4	70	71	879	32.8986	Bb4	70	96	
855	39.7809	Bb5	82	77	881	33.0435	Bb5	82	96	
856	39.7836	C#5	73	74	880	33.0435	C#5	73	96	
857	39.7876	F#4	66	72	883	33.0435	F#4	66	96	
858	39.8357	Bb3	58	54	882	33.0435	Bb3	58	96	
859	39.9319	C6	84	73	885	33.1884	C6	84	96	
860	39.9332	C4	60	70	886	33.1884	C4	60	96	
861	39.9465	Eb5	75	74	884	33.1884	Eb5	75	96	
862	39.9626	G#4	68	55	887	33.1884	G#4	68	96	
863	40.0828	G#5	80	82	889	33.3334	G#5	80	96	
864	40.0868	C5	72	67	888	33.3334	C5	72	96	
865	40.1001	F4	65	70	891	33.3334	F4	65	96	
866	40.1388	G#3	56	51	890	33.3334	G#3	56	96	
867	40.231	Bb5	82	69	893	33.4783	Bb5	82	96	
868	40.2457	F#4	66	68	895	33.4783	F#4	66	96	
869	40.2617	Bb3	58	62	894	33.4783	Bb3	58	96	
870	40.2671	C#5	73	69	892	33.4783	C#5	73	96	
871	40.3899	F#5	78	76	897	33.6232	F#5	78	96	
872	40.4059	Bb4	70	63	896	33.6232	Bb4	70	96	
873	40.4086	F#3	54	67	898	33.6232	F#3	54	96	
874	40.4126	Eb4	63	66	899	33.6232	Eb4	63	96	
875	40.5368	G#5	80	70	901	33.7681	G#5	80	96	
876	40.5435	G#3	56	67	902	33.7681	G#3	56	96	
877	40.5609	C5	72	65	900	33.7681	C5	72	96	
878	40.5849	F4	65	56	903	33.7681	F4	65	96	
879	40.7238	F5	77	69	905	33.9131	F5	77	96	
880	40.7305	G#4	68	69	904	33.9131	G#4	68	96	
881	40.7305	C#4	61	65	907	33.9131	C#4	61	96	
882	40.7371	F3	53	55	906	33.9131	F3	53	96	
883	40.868	F#5	78	70	909	34.058	F#5	78	96	
884	40.8774	Eb4	63	64	911	34.058	Eb4	63	96	
885	40.8921	F#3	54	60	910	34.058	F#3	54	96	
886	40.9027	Bb4	70	67	908	34.058	Bb4	70	96	
887	41.0376	C4	60	63	915	34.2029	C4	60	96	
888	41.039	Eb5	75	65	913	34.2029	Eb5	75	96	
889	41.067	F#4	66	60	912	34.2029	F#4	66	96	
890	41.0683	Eb3	51	54	914	34.2029	Eb3	51	96	
891	41.2273	F3	53	45	918	34.3479	F3	53	96	
892	41.2299	F5	77	65	917	34.3479	F5	77	96	
893	41.2379	G#4	68	61	916	34.3479	G#4	68	96	
894	41.246	C#4	61	40	919	34.3479	C#4	61	96	
895	41.4142	C#5	73	64	921	34.4928	C#5	73	96	
896	41.4396	Bb3	58	57	923	34.4928	Bb3	58	96	
897	41.4556	F4	65	45	920	34.4928	F4	65	96	
898	41.4716	C#3	49	51	922	34.4928	C#3	49	96	
899	41.6386	F3	53	51	926	34.6377	F3	53	96	
900	41.6399	C#4	61	42	927	34.6377	C#4	61	96	
901	41.6466	F5	77	66	925	34.6377	F5	77	96	
902	41.6519	G#4	68	55	924	34.6377	G#4	68	96	
903	41.9043	Eb5	75	60	929	34.7826	Eb5	75	96	
904	41.915	F#4	66	43	928	34.7826	F#4	66	96	
905	41.9351	G#2	44	45	930	34.7826	G#2	44	115	
906	41.9978	F#4	66	6	*	-1	*	-1	-1	
907	42.1714	G#3	56	60	934	34.9276	G#3	56	96	
908	42.1728	F5	77	68	932	34.9276	F5	77	96	
909	42.1754	G#4	68	64	931	34.9276	G#4	68	96	
910	42.2088	C3	48	38	933	34.9276	C3	48	96	
911	42.3277	Eb5	75	77	936	35.0725	Eb5	75	96	
912	42.329	C4	60	45	938	35.0725	C4	60	96	
913	42.3317	F#4	66	68	935	35.0725	F#4	66	96	
914	42.3357	Eb3	51	58	937	35.0725	Eb3	51	96	
915	42.4759	F5	77	71	940	35.2174	F5	77	96	
916	42.4826	Eb4	63	54	942	35.2174	Eb4	63	96	
917	42.4853	G#3	56	58	941	35.2174	G#3	56	96	
918	42.4879	G#4	68	71	939	35.2174	G#4	68	96	
919	42.6348	Eb5	75	83	944	35.3624	Eb5	75	96	
920	42.6482	F#4	66	70	943	35.3624	F#4	66	96	
921	42.6509	Eb3	51	59	945	35.3624	Eb3	51	96	
922	42.7764	C3	48	61	949	35.5073	C3	48	96	
923	42.7764	F5	77	79	948	35.5073	F5	77	96	
924	42.7817	G#3	56	28	950	35.5073	G#3	56	96	
925	42.7938	G#4	68	76	947	35.5073	G#4	68	96	
926	42.942	C#5	73	77	952	35.6522	C#5	73	96	
927	42.946	C#2	37	73	953	35.6522	C#2	37	96	
928	42.958	F4	65	66	951	35.6522	F4	65	96	
929	43.0982	Eb5	75	80	955	35.7971	Eb5	75	96	
930	43.1089	F#4	66	74	954	35.7971	F#4	66	96	
931	43.1343	G#3	56	65	957	35.7971	G#3	56	96	
932	43.1477	C#3	49	55	956	35.7971	C3	48	96	
933	43.2438	E5	76	83	959	35.9421	E5	76	96	
934	43.2585	C#4	61	47	961	35.9421	C#4	61	96	
935	43.2679	F3	53	56	960	35.9421	F3	53	96	
936	43.3987	F#5	78	91	963	36.087	F#5	78	96	
937	43.4161	Bb4	70	81	962	36.087	Bb4	70	96	
938	43.4174	G#3	56	61	965	36.087	G#3	56	96	
939	43.4415	C#3	49	64	964	36.087	C#3	49	96	
940	43.551	F5	77	83	967	36.2319	F5	77	96	
941	43.5657	G#4	68	82	966	36.2319	G#4	68	96	
942	43.5697	F3	53	60	968	36.2319	F3	53	96	
943	43.583	C#4	61	55	969	36.2319	C#4	61	96	
944	43.7072	C#3	49	74	972	36.3768	C#3	49	96	
945	43.7139	C#5	73	78	971	36.3768	C#5	73	96	
946	43.7286	F4	65	74	970	36.3768	F4	65	96	
947	43.8688	G#2	44	73	976	36.5218	G#2	44	96	
948	43.8768	F5	77	72	975	36.5218	F5	77	96	
949	43.8915	G#4	68	73	974	36.5218	G#4	68	96	
950	44.0504	Eb5	75	74	978	36.6667	Eb5	75	96	
951	44.0558	F#4	66	62	977	36.6667	F#4	66	96	
952	44.0571	G#3	56	62	980	36.6667	G#3	56	96	
953	44.0958	C3	48	45	979	36.6667	C3	48	96	
954	44.176	C4	60	64	984	36.8116	C4	60	96	
955	44.192	F5	77	74	982	36.8116	F5	77	96	
956	44.204	G#4	68	79	981	36.8116	G#4	68	96	
957	44.208	Eb3	51	59	983	36.8116	Eb3	51	96	
958	44.3482	Eb4	63	66	988	36.9566	Eb4	63	96	
959	44.3549	F#4	66	71	985	36.9566	F#4	66	96	
960	44.3549	Eb5	75	77	986	36.9566	Eb5	75	96	
961	44.3709	G#3	56	54	987	36.9566	G#3	56	96	
962	44.4925	F5	77	80	990	37.1015	F5	77	96	
963	44.4992	Eb3	51	62	991	37.1015	Eb3	51	96	
964	44.5098	G#4	68	75	989	37.1015	G#4	68	96	
965	44.6287	C3	48	75	995	37.2464	C3	48	96	
966	44.6354	G#3	56	29	996	37.2464	G#3	56	96	
967	44.6634	Eb5	75	82	994	37.2464	Eb5	75	96	
968	44.6768	F#4	66	75	993	37.2464	F#4	66	96	
969	44.797	C#2	37	78	999	37.3913	C#2	37	96	
970	44.8304	C#5	73	79	998	37.3913	C#5	73	96	
971	44.8384	F4	65	73	997	37.3913	F4	65	96	
972	44.9839	F#4	66	83	*	-1	*	-1	-1	
973	44.9853	Eb5	75	79	1000	37.5363	Eb5	75	96	
974	44.9933	C#3	49	59	1001	37.5363	C#3	49	96	
975	44.9946	G#3	56	62	1002	37.5363	G#3	56	96	
976	45.1228	E5	76	86	1004	37.6812	E5	76	96	
977	45.1295	F3	53	65	1005	37.6812	F3	53	96	
978	45.1322	C#4	61	61	1006	37.6812	C#4	61	96	
979	45.2751	F#5	78	89	1008	37.8261	F#5	78	96	
980	45.2857	G#3	56	67	1010	37.8261	G#3	56	96	
981	45.2898	Bb4	70	82	1007	37.8261	Bb4	70	96	
982	45.3125	C#3	49	63	1009	37.8261	C#3	49	96	
983	45.4353	C#4	61	70	1014	37.971	C#4	61	96	
984	45.4367	F5	77	87	1012	37.971	F5	77	96	
985	45.4393	F3	53	64	1013	37.971	F3	53	96	
986	45.45	G#4	68	79	1011	37.971	G#4	68	96	
987	45.5876	C#3	49	77	1017	38.116	C#3	49	96	
988	45.5969	C#5	73	89	1016	38.116	C#5	73	96	
989	45.6143	F4	65	78	1015	38.116	F4	65	96	
990	45.7972	Bb2	46	77	1021	38.2609	Bb2	46	96	
991	45.8867	F5	77	91	1020	38.2609	F5	77	96	
992	45.9188	G#4	68	62	1019	38.2609	G#4	68	96	
993	46.1338	F#5	78	83	1023	38.4058	F#5	78	96	
994	46.1525	Bb4	70	78	1022	38.4058	Bb4	70	96	
995	46.1578	Bb3	58	66	1025	38.4058	Bb3	58	96	
996	46.2099	F3	53	33	1024	38.4058	F3	53	96	
997	46.3074	F5	77	84	1027	38.5508	F5	77	96	
998	46.3154	G#4	68	78	1026	38.5508	G#4	68	96	
999	46.3301	G#3	56	64	1028	38.5508	G#3	56	96	
1000	46.3595	D4	62	65	1029	38.5508	D4	62	96	
1001	46.4676	F#5	78	82	1031	38.6957	F#5	78	96	
1002	46.4837	Bb4	70	80	1030	38.6957	Bb4	70	96	
1003	46.4863	Bb3	58	62	1032	38.6957	Bb3	58	96	
1004	46.517	F4	65	50	1033	38.6957	F4	65	96	
1005	46.6119	F5	77	64	1035	38.8406	F5	77	96	
1006	46.6252	D4	62	71	1037	38.8406	D4	62	96	
1007	46.6319	G#4	68	87	1034	38.8406	G#4	68	96	
1008	46.6399	G#3	56	61	1036	38.8406	G#3	56	96	
1009	46.68	E5	76	14	*	-1	*	-1	-1	
1010	46.7548	F#5	78	76	1039	38.9855	F#5	78	96	
1011	46.7668	Bb3	58	51	1041	38.9855	Bb3	58	96	
1012	46.7721	F3	53	73	1040	38.9855	F3	53	96	
1013	46.7868	Bb4	70	78	1038	38.9855	Bb4	70	96	
1014	46.9204	Eb3	51	75	1044	39.1305	Eb3	51	96	
1015	46.9284	F#4	66	73	1042	39.1305	F#4	66	96	
1016	46.9337	Eb5	75	71	1043	39.1305	Eb5	75	96	
1017	47.0726	F5	77	74	1046	39.2754	F5	77	96	
1018	47.0753	Bb3	58	68	1047	39.2754	Bb3	58	96	
1019	47.0833	G#4	68	71	1045	39.2754	G#4	68	96	
1020	47.2048	F#5	78	84	1049	39.4203	F#5	78	96	
1021	47.2208	F#3	54	69	1050	39.4203	F#3	54	96	
1022	47.2329	Bb4	70	67	1048	39.4203	Bb4	70	96	
1023	47.3584	C#3	49	85	1054	39.5653	C#3	49	96	
1024	47.3677	G#5	80	87	1053	39.5653	G#5	80	96	
1025	47.3838	B4	71	68	1052	39.5653	B4	71	96	
1026	47.504	C#4	61	77	1057	39.7102	C#4	61	96	
1027	47.508	Bb5	82	86	1056	39.7102	Bb5	82	96	
1028	47.5253	C#5	73	82	1055	39.7102	C#5	73	96	
1029	47.6575	G#3	56	75	1060	39.8551	G#3	56	96	
1030	47.6629	B4	71	84	1058	39.8551	B4	71	96	
1031	47.6642	G#5	80	92	1059	39.8551	G#5	80	96	
1032	47.8098	F#3	54	79	1064	40	F#3	54	96	
1033	47.8125	Bb4	70	88	1062	40	Bb4	70	96	
1034	47.8138	F#5	78	85	1063	40	F#5	78	96	
1035	47.926	C#4	61	72	1067	40.145	C#4	61	96	
1036	47.9513	G#5	80	90	1066	40.145	G#5	80	96	
1037	47.958	B4	71	88	1065	40.145	B4	71	96	
1038	48.0649	F#4	66	60	1071	40.2899	F#4	66	96	
1039	48.0969	Bb5	82	95	1069	40.2899	Bb5	82	96	
1040	48.0996	C#5	73	80	1068	40.2899	C#5	73	96	
1041	48.1049	Bb3	58	74	1070	40.2899	Bb3	58	96	
1042	48.2385	C6	84	92	1073	40.4348	C6	84	96	
1043	48.2411	F3	53	83	1074	40.4348	F3	53	96	
1044	48.2438	Eb5	75	84	1072	40.4348	Eb5	75	96	
1045	48.38	C#6	85	91	1076	40.5797	C#6	85	96	
1046	48.384	F4	65	85	1077	40.5797	F4	65	96	
1047	48.3934	F5	77	88	1075	40.5797	F5	77	96	
1048	48.5189	C6	84	83	1079	40.7247	C6	84	96	
1049	48.5229	C4	60	86	1080	40.7247	C4	60	96	
1050	48.5243	Eb5	75	84	1078	40.7247	Eb5	75	96	
1051	48.6925	Bb3	58	79	1084	40.8696	Bb3	58	96	
1052	48.6925	C#5	73	87	1082	40.8696	C#5	73	96	
1053	48.6979	Bb5	82	86	1083	40.8696	Bb5	82	96	
1054	48.8368	F4	65	72	1087	41.0145	F4	65	96	
1055	48.8408	Eb5	75	93	1085	41.0145	Eb5	75	96	
1056	48.8408	C6	84	90	1086	41.0145	C6	84	96	
1057	48.8648	Bb4	70	75	1091	41.1595	Bb4	70	96	
1058	48.9249	D5	74	11	*	-1	*	-1	-1	
1059	48.9837	F5	77	85	1088	41.1595	F5	77	96	
1060	48.989	C#6	85	92	1089	41.1595	C#6	85	96	
1061	48.997	C#4	61	83	1090	41.1595	C#4	61	96	
1062	49.1466	A3	57	82	1094	41.3044	A3	57	96	
1063	49.1506	Eb6	87	101	1093	41.3044	Eb6	87	96	
1064	49.1626	G5	79	88	1092	41.3044	G5	79	96	
1065	49.3229	Eb4	63	73	1097	41.4493	Eb4	63	96	
1066	49.3255	F6	89	97	1096	41.4493	F6	89	96	
1067	49.3269	G#5	80	95	1095	41.4493	G#5	80	96	
1068	49.4738	C#4	61	68	1100	41.5942	C#4	61	96	
1069	49.4965	Eb6	87	96	1099	41.5942	Eb6	87	96	
1070	49.4991	G5	79	100	1098	41.5942	G5	79	96	
1071	49.5178	G4	67	65	1101	41.5942	G4	67	96	
1072	49.7235	C#5	73	77	1105	41.7392	C#5	73	96	
1073	49.7355	Eb4	63	70	1104	41.7392	Eb4	63	96	
1074	49.7435	F6	89	94	1103	41.7392	F6	89	96	
1075	49.7449	G#5	80	91	1102	41.7392	G#5	80	96	
1076	49.9732	Eb6	87	93	1107	41.8841	Eb6	87	96	
1077	49.9853	G5	79	86	1106	41.8841	G5	79	96	
1078	50.1736	G#5	80	86	1108	42.029	G#5	80	96	
1079	50.1736	F6	89	85	1109	42.029	F6	89	96	
1080	50.3338	Eb6	87	87	1111	42.174	Eb6	87	96	
1081	50.3418	G5	79	78	1110	42.174	G5	79	96	
1082	50.4847	F6	89	83	1113	42.3189	F6	89	96	
1083	50.4967	G#5	80	80	1112	42.3189	G#5	80	96	
1084	50.653	Eb6	87	83	1115	42.4638	Eb6	87	96	
1085	50.6623	G5	79	76	1114	42.4638	G5	79	96	
1086	50.8173	F6	89	81	1117	42.6087	F6	89	96	
1087	50.8239	G#5	80	81	1116	42.6087	G#5	80	96	
1088	50.9668	Eb6	87	78	1119	42.7537	Eb6	87	96	
1089	50.9748	G5	79	76	1118	42.7537	G5	79	96	
1090	51.1191	F6	89	80	1121	42.8986	F6	89	96	
1091	51.1324	G#5	80	75	1120	42.8986	G#5	80	96	
1092	51.282	A1	33	47	1124	43.0435	A1	33	115	
1093	51.282	A2	45	46	1125	43.0435	A2	45	115	
1094	51.29	Eb6	87	78	1123	43.0435	Eb6	87	96	
1095	51.2967	G5	79	66	1122	43.0435	G5	79	96	
1096	51.465	F6	89	71	1127	43.1884	F6	89	96	
1097	51.4863	G#5	80	67	1126	43.1884	G#5	80	96	
1098	51.6519	Eb6	87	76	1129	43.3334	Eb6	87	96	
1099	51.6693	G5	79	60	1128	43.3334	G5	79	96	
1100	51.8816	G#2	44	38	1133	43.4783	G#2	44	96	
1101	51.8896	F6	89	65	1131	43.4783	F6	89	96	
1102	51.899	G#1	32	36	1132	43.4783	G#1	32	96	
1103	51.903	G#5	80	52	1130	43.4783	G#5	80	96	
1104	52.1848	Eb6	87	62	1135	43.6232	Eb6	87	96	
1105	52.1928	F#5	78	59	1134	43.6232	F#5	78	96	
1106	52.3651	F6	89	71	1137	43.7682	F6	89	96	
1107	52.3878	G#5	80	56	1136	43.7682	G#5	80	96	
1108	52.548	Bb4	70	46	1141	43.9131	Bb4	70	96	
1109	52.5534	Eb6	87	71	1139	43.9131	Eb6	87	96	
1110	52.5641	F#4	66	46	1140	43.9131	F#4	66	96	
1111	52.5694	F#5	78	55	1138	43.9131	F#5	78	96	
1112	52.7443	G#4	68	61	1145	44.058	G#4	68	96	
1113	52.747	F6	89	62	1143	44.058	F6	89	96	
1114	52.747	G#5	80	63	1142	44.058	G#5	80	96	
1115	52.7483	C4	60	46	1144	44.058	C4	60	96	
1116	52.8886	F#5	78	71	1146	44.2029	F#5	78	96	
1117	52.8939	Eb6	87	81	1147	44.2029	Eb6	87	96	
1118	52.9019	Bb4	70	47	1149	44.2029	Bb4	70	96	
1119	52.9086	F#4	66	58	1148	44.2029	F#4	66	96	
1120	53.0421	G#4	68	67	1153	44.3479	G#4	68	96	
1121	53.0448	F6	89	78	1151	44.3479	F6	89	96	
1122	53.0475	G#5	80	75	1150	44.3479	G#5	80	96	
1123	53.0662	C4	60	62	1152	44.3479	C4	60	96	
1124	53.1917	F#5	78	84	1154	44.4928	F#5	78	94	
1125	53.1917	Eb6	87	81	1155	44.4928	Eb6	87	94	
1126	53.1944	F#4	66	72	1156	44.4928	F#4	66	94	
1127	53.2091	Bb4	70	58	1157	44.4928	Bb4	70	94	
1128	53.34	F6	89	80	1159	44.6377	F6	89	91	
1129	53.344	G#5	80	84	1158	44.6377	G#5	80	91	
1130	53.3453	G#4	68	69	1161	44.6377	G#4	68	91	
1131	53.3493	C4	60	67	1160	44.6377	C4	60	91	
1132	53.4922	Eb6	87	89	1163	44.7826	Eb6	87	89	
1133	53.4949	F#5	78	92	1162	44.7826	F#5	78	89	
1134	53.5069	F#4	66	68	1164	44.7826	F#4	66	89	
1135	53.5096	Bb4	70	68	1165	44.7826	Bb4	70	89	
1136	53.6685	F6	89	84	1167	44.9276	F6	89	86	
1137	53.6738	G#5	80	95	1166	44.9276	G#5	80	86	
1138	53.6765	C4	60	72	1168	44.9276	C4	60	86	
1139	53.6765	G#4	68	81	1169	44.9276	G#4	68	86	
1140	53.8167	Eb4	63	63	1172	45.0725	Eb4	63	83	
1141	53.8314	F#5	78	97	1170	45.0725	F#5	78	83	
1142	53.8368	Eb6	87	94	1171	45.0725	Eb6	87	83	
1143	53.8421	C5	72	85	1173	45.0725	C5	72	83	
1144	54.0064	Eb5	75	91	1175	45.2174	Eb5	75	81	
1145	54.017	F#4	66	87	1174	45.2174	F#4	66	81	
1146	54.184	F#6	90	91	1177	45.3624	F#6	90	78	
1147	54.1987	Bb5	82	87	1176	45.3624	Bb5	82	78	
1148	54.383	F6	89	90	1179	45.5073	F6	89	76	
1149	54.391	G#5	80	96	1178	45.5073	G#5	80	76	
1150	54.5699	G#2	44	75	1182	45.6522	G#2	44	73	
1151	54.5793	Eb6	87	91	1181	45.6522	Eb6	87	73	
1152	54.5859	F#5	78	92	1180	45.6522	F#5	78	73	
1153	54.7542	C3	48	75	1185	45.7971	C3	48	70	
1154	54.7542	C#6	85	87	1184	45.7971	C#6	85	70	
1155	54.7636	G#3	56	74	1186	45.7971	G#3	56	70	
1156	54.7649	F5	77	89	1183	45.7971	F5	77	70	
1157	54.9131	C4	60	74	1190	45.9421	C4	60	68	
1158	54.9185	Eb3	51	77	1189	45.9421	Eb3	51	68	
1159	54.9278	Bb5	82	92	1188	45.9421	Bb5	82	68	
1160	54.9318	C#5	73	86	1187	45.9421	C#5	73	68	
1161	54.9839	D5	74	16	*	-1	*	-1	-1	
1162	55.0868	G#5	80	88	1192	46.087	G#5	80	65	
1163	55.0894	F#3	54	85	1193	46.087	F#3	54	65	
1164	55.0948	Eb4	63	87	1194	46.087	Eb4	63	65	
1165	55.0988	C5	72	87	1191	46.087	C5	72	65	
1166	55.259	C6	84	95	1196	46.2319	C6	84	63	
1167	55.2751	Eb5	75	88	1195	46.2319	Eb5	75	63	
1168	55.45	Bb5	82	96	1198	46.3769	Bb5	82	60	
1169	55.4527	C#5	73	94	1197	46.3769	C#5	73	60	
1170	55.6637	G#5	80	93	1200	46.5218	G#5	80	57	
1171	55.665	C5	72	90	1199	46.5218	C5	72	57	
1172	55.892	F#5	78	99	1202	46.6667	F#5	78	55	
1173	55.896	Bb4	70	97	1201	46.6667	Bb4	70	55	
1174	56.1525	Eb5	75	93	1204	46.8116	Eb5	75	52	
1175	56.1551	F#4	66	93	1203	46.8116	F#4	66	52	
1176	56.4529	C#1	25	93	*	-1	*	-1	-1	
1177	56.4596	C#2	37	84	1207	46.9566	C#2	37	49	
1178	56.5344	C#5	73	99	1206	46.9566	C#5	73	49	
1179	56.5437	F4	65	95	1205	46.9566	F4	65	49	
1180	56.8709	F4	65	89	1209	47.1015	F4	65	49	
1181	56.8776	G#3	56	83	1208	47.1015	G#3	56	49	
1182	57.0779	C#6	85	102	1211	47.2464	C#6	85	49	
1183	57.0859	F5	77	85	1210	47.2464	F5	77	49	
1184	57.09	C#4	61	81	1212	47.2464	C#4	61	49	
1185	57.1046	G#4	68	74	1213	47.2464	G#4	68	49	
1186	57.2983	F4	65	78	1216	47.3913	F4	65	49	
1187	57.305	Eb6	87	96	1215	47.3913	Eb6	87	49	
1188	57.3143	F#5	78	99	1214	47.3913	F#5	78	49	
1189	57.317	C#5	73	67	1217	47.3913	C#5	73	49	
1190	57.4879	C#4	61	74	1220	47.5363	C#4	61	49	
1191	57.4986	C#6	85	91	1219	47.5363	C#6	85	49	
1192	57.4999	F5	77	84	1218	47.5363	F5	77	49	
1193	57.5093	G#4	68	65	1221	47.5363	G#4	68	49	
1194	57.6669	G#3	56	87	1224	47.6812	G#3	56	49	
1195	57.6722	Bb5	82	95	1223	47.6812	Bb5	82	49	
1196	57.6749	C#5	73	94	1222	47.6812	C#5	73	49	
1197	57.8338	B5	83	85	1227	47.8261	B5	83	49	
1198	57.8378	Eb5	75	79	1226	47.8261	Eb5	75	49	
1199	57.8392	C#3	49	83	1228	47.8261	C#3	49	49	
1200	58.0074	C#6	85	87	1230	47.9711	C#6	85	49	
1201	58.0168	F5	77	77	1229	47.9711	F5	77	49	
1202	58.0194	F4	65	79	1232	47.9711	F4	65	49	
1203	58.0421	G#3	56	55	1231	47.9711	G#3	56	49	
1204	58.1637	Eb5	75	81	1233	48.116	Eb5	75	49	
1205	58.165	C#4	61	75	1235	48.116	C#4	61	49	
1206	58.177	B5	83	85	1234	48.116	B5	83	49	
1207	58.1944	G#4	68	46	1236	48.116	G#4	68	49	
1208	58.2064	Bb5	82	45	*	-1	*	-1	-1	
1209	58.3159	C#6	85	81	1238	48.2609	C#6	85	49	
1210	58.3186	F4	65	67	1239	48.2609	F4	65	49	
1211	58.3199	B4	71	56	1240	48.2609	B4	71	49	
1212	58.3199	F5	77	83	1237	48.2609	F5	77	49	
1213	58.3239	B5	83	36	*	-1	*	-1	-1	
1214	58.4508	C#4	61	71	1243	48.4058	C#4	61	49	
1215	58.4548	B5	83	87	1242	48.4058	B5	83	49	
1216	58.4575	Eb5	75	83	1241	48.4058	Eb5	75	49	
1217	58.4748	G#4	68	63	1244	48.4058	G#4	68	49	
1218	58.591	G#3	56	84	1247	48.5508	G#3	56	49	
1219	58.6097	F5	77	79	1245	48.5508	F5	77	49	
1220	58.6111	C#6	85	80	1246	48.5508	C#6	85	49	
1221	58.7606	C#2	37	81	1251	48.6957	C#2	37	49	
1222	58.778	Eb5	75	78	1249	48.6957	Eb5	75	49	
1223	58.7793	B5	83	79	1250	48.6957	B5	83	49	
1224	58.9316	C#6	85	77	1253	48.8406	C#6	85	49	
1225	58.9409	F5	77	76	1252	48.8406	F5	77	49	
1226	58.9556	C#4	61	70	1255	48.8406	C#4	61	49	
1227	58.977	F3	53	63	1254	48.8406	F3	53	49	
1228	59.0718	Eb5	75	83	1256	48.9856	Eb5	75	49	
1229	59.0811	F4	65	64	1259	48.9856	F4	65	49	
1230	59.0838	B5	83	79	1257	48.9856	B5	83	49	
1231	59.0958	G#3	56	70	1258	48.9856	G#3	56	49	
1232	59.1239	Bb5	82	32	*	-1	*	-1	-1	
1233	59.2307	C#6	85	83	1261	49.1305	C#6	85	49	
1234	59.2361	G#4	68	82	1263	49.1305	G#4	68	49	
1235	59.2387	F5	77	84	1260	49.1305	F5	77	49	
1236	59.2507	C#4	61	71	1262	49.1305	C#4	61	49	
1237	59.391	G#3	56	70	1266	49.2754	G#3	56	49	
1238	59.391	B5	83	83	1265	49.2754	B5	83	49	
1239	59.4003	Eb5	75	78	1264	49.2754	Eb5	75	49	
1240	59.4244	F4	65	45	1267	49.2754	F4	65	49	
1241	59.4738	C#4	61	57	1271	49.4203	C#4	61	49	
1242	59.5178	F3	53	73	1270	49.4203	F3	53	49	
1243	59.5325	G#5	80	88	1269	49.4203	G#5	80	49	
1244	59.5379	B4	71	86	1268	49.4203	B4	71	49	
1245	59.6861	F#2	42	75	1274	49.5653	F#2	42	49	
1246	59.7061	C#5	73	79	1272	49.5653	C#5	73	49	
1247	59.7061	Bb5	82	80	1273	49.5653	Bb5	82	49	
1248	59.8437	Bb4	70	84	1275	49.7102	Bb4	70	49	
1249	59.8437	F#5	78	90	1276	49.7102	F#5	78	49	
1250	59.8597	C#4	61	67	1278	49.7102	C#4	61	49	
1251	59.8624	F#4	66	65	*	-1	*	-1	-1	
1252	59.9973	Bb3	58	69	1281	49.8551	Bb3	58	49	
1253	60.0026	Bb5	82	87	1280	49.8551	Bb5	82	49	
1254	60.0053	C#5	73	77	1279	49.8551	C#5	73	49	
1255	60.1589	G#2	44	74	1285	50	G#2	44	49	
1256	60.1602	G#5	80	80	1284	50	G#5	80	49	
1257	60.1629	C5	72	78	1283	50	C5	72	49	
1258	60.3138	F#4	66	76	1286	50.145	F#4	66	49	
1259	60.3138	Eb5	75	75	1287	50.145	Eb5	75	49	
1260	60.3191	G#3	56	69	1289	50.145	G#3	56	49	
1261	60.45	Eb3	51	75	1292	50.2899	Eb3	51	49	
1262	60.4647	F5	77	79	1291	50.2899	F5	77	49	
1263	60.47	G#4	68	72	1290	50.2899	G#4	68	49	
1264	60.633	C#2	37	71	1296	50.4348	C#2	37	49	
1265	60.645	C#5	73	77	1295	50.4348	C#5	73	49	
1266	60.6463	F4	65	75	1294	50.4348	F4	65	49	
1267	60.8092	Eb5	75	72	1298	50.5798	Eb5	75	49	
1268	60.8226	F3	53	69	1300	50.5798	F3	53	49	
1269	60.8293	F#4	66	72	1297	50.5798	F#4	66	49	
1270	60.8306	G#2	44	54	1299	50.5798	G#2	44	49	
1271	60.9655	C#5	73	86	1302	50.7247	C#5	73	49	
1272	60.9695	C#3	49	68	1303	50.7247	C#3	49	49	
1273	60.9748	G#3	56	58	1304	50.7247	G#3	56	49	
1274	60.9748	F4	65	72	1301	50.7247	F4	65	49	
1275	61.1111	Eb5	75	73	1306	50.8696	Eb5	75	49	
1276	61.1124	C#4	61	69	1308	50.8696	C#4	61	49	
1277	61.1217	F3	53	63	1307	50.8696	F3	53	49	
1278	61.1378	F#4	66	77	1305	50.8696	F#4	66	49	
1279	61.2473	C#3	49	63	1311	51.0145	C#3	49	49	
1280	61.27	C#5	73	79	1310	51.0145	C#5	73	49	
1281	61.2847	F4	65	67	1309	51.0145	F4	65	49	
1282	61.4062	G#2	44	68	1315	51.1595	G#2	44	49	
1283	61.4249	Bb4	70	80	1314	51.1595	Bb4	70	49	
1284	61.4316	C#4	61	78	1313	51.1595	C#4	61	49	
1285	61.6399	C#2	37	69	1319	51.3044	C#2	37	49	
1286	61.6412	B4	71	68	1318	51.3044	B4	71	49	
1287	61.6586	Eb4	63	53	1317	51.3044	Eb4	63	49	
1288	61.8576	C#5	73	69	1321	51.4493	C#5	73	49	
1289	61.8749	F3	53	59	1323	51.4493	F3	53	49	
1290	61.8883	F4	65	61	1320	51.4493	F4	65	49	
1291	61.8923	G#2	44	49	1322	51.4493	G#2	44	49	
1292	62.0085	G#3	56	63	1327	51.5942	G#3	56	49	
1293	62.0138	B4	71	73	1325	51.5942	B4	71	49	
1294	62.0205	Eb4	63	66	1324	51.5942	Eb4	63	49	
1295	62.0258	C#3	49	61	1326	51.5942	C#3	49	49	
1296	62.1701	C#5	73	68	1329	51.7392	C#5	73	49	
1297	62.1768	F3	53	58	1330	51.7392	F3	53	49	
1298	62.1928	F4	65	65	1328	51.7392	F4	65	49	
1299	62.2969	C#3	49	60	1334	51.8841	C#3	49	49	
1300	62.321	G#3	56	47	1335	51.8841	G#3	56	49	
1301	62.325	Eb4	63	63	1332	51.8841	Eb4	63	49	
1302	62.3277	B4	71	71	1333	51.8841	B4	71	49	
1303	62.4358	G#2	44	72	1338	52.029	G#2	44	49	
1304	62.4625	C#5	73	68	1337	52.029	C#5	73	49	
1305	62.4732	F4	65	63	1336	52.029	F4	65	49	
1306	62.5988	C#2	37	74	1342	52.174	C#2	37	49	
1307	62.6402	Eb4	63	54	1340	52.174	Eb4	63	49	
1308	62.6468	B4	71	65	1341	52.174	B4	71	49	
1309	62.7003	Bb4	70	17	*	-1	*	-1	-1	
1310	62.771	C#5	73	67	1344	52.3189	C#5	73	49	
1311	62.7804	C#3	49	67	1346	52.3189	C#3	49	49	
1312	62.7911	F4	65	65	1343	52.3189	F4	65	49	
1313	62.9139	B4	71	59	1348	52.4638	B4	71	49	
1314	62.9166	F3	53	51	1350	52.4638	F3	53	49	
1315	62.9219	Eb4	63	57	1347	52.4638	Eb4	63	49	
1316	62.9366	G#2	44	60	1349	52.4638	G#2	44	49	
1317	63.0755	C#5	73	63	1352	52.6087	C#5	73	49	
1318	63.0889	F4	65	73	1351	52.6087	F4	65	49	
1319	63.0889	G#3	56	54	1354	52.6087	G#3	56	49	
1320	63.137	C#3	49	38	1353	52.6087	C#3	49	49	
1321	63.2304	G#2	44	44	1357	52.7537	G#2	44	49	
1322	63.2331	B4	71	73	1356	52.7537	B4	71	49	
1323	63.2505	Eb4	63	66	1355	52.7537	Eb4	63	49	
1324	63.3039	C#3	49	51	1362	52.8986	C#3	49	49	
1325	63.36	F2	41	60	1361	52.8986	F2	41	49	
1326	63.376	G#4	68	71	1360	52.8986	G#4	68	49	
1327	63.392	B3	59	72	1359	52.8986	B3	59	49	
1328	63.5229	F#1	30	67	1365	53.0435	F#1	30	49	
1329	63.5376	Bb4	70	76	1364	53.0435	Bb4	70	49	
1330	63.5456	C#4	61	70	1363	53.0435	C#4	61	49	
1331	63.6925	Bb3	58	71	1366	53.1885	Bb3	58	49	
1332	63.6938	F#4	66	73	1367	53.1885	F#4	66	49	
1333	63.7059	C#3	49	54	1368	53.1885	C#3	49	49	
1334	63.7099	F#3	54	52	*	-1	*	-1	-1	
1335	63.8341	Bb2	46	72	1371	53.3334	Bb2	46	49	
1336	63.8381	C#4	61	62	1369	53.3334	C#4	61	49	
1337	63.8448	Bb4	70	77	1370	53.3334	Bb4	70	49	
1338	64.001	G#1	32	75	1375	53.4783	G#1	32	49	
1339	64.0197	F#4	66	58	1374	53.4783	G#4	68	49	
1340	64.025	C4	60	54	1373	53.4783	C4	60	49	
1341	64.0411	B3	59	35	*	-1	*	-1	-1	
1342	64.1559	Eb4	63	68	1377	53.6232	Eb4	63	49	
1343	64.1639	G#2	44	63	1378	53.6232	F#2	42	49	
1344	64.1639	F#3	54	59	1376	53.6232	F#3	54	49	
1345	64.3135	F4	65	74	1380	53.7682	F4	65	49	
1346	64.3162	G#3	56	67	1379	53.7682	G#3	56	49	
1347	64.3175	Eb2	39	58	1381	53.7682	Eb2	39	49	
1348	64.4671	C#2	37	61	1385	53.9131	C#2	37	49	
1349	64.4684	C#3	49	62	1386	53.9131	C#3	49	49	
1350	64.4724	C#4	61	70	1384	53.9131	C#4	61	49	
1351	64.4791	F3	53	63	1383	53.9131	F3	53	49	
1352	64.63	D4	62	71	1388	54.058	D4	62	50	
1353	64.6447	F#3	54	59	1387	54.058	F#3	54	50	
1354	64.7809	G3	55	68	1389	54.2029	G3	55	52	
1355	64.7836	Eb4	63	76	1390	54.2029	Eb4	63	52	
1356	64.9118	E4	64	70	1392	54.3479	E4	64	54	
1357	64.9358	G#3	56	47	1391	54.3479	G#3	56	54	
1358	65.06	F4	65	65	1394	54.4928	F4	65	56	
1359	65.0694	A3	57	60	1393	54.4928	A3	57	56	
1360	65.2029	F#4	66	76	1396	54.6377	F#4	66	57	
1361	65.2216	Bb3	58	56	1395	54.6377	Bb3	58	57	
1362	65.3512	G4	67	74	1398	54.7827	G4	67	59	
1363	65.3538	B3	59	71	1397	54.7827	B3	59	59	
1364	65.3605	G#3	56	67	1400	54.7827	G#3	56	59	
1365	65.3699	G#2	44	60	1399	54.7827	G#2	44	59	
1366	65.5074	C4	60	57	1401	54.9276	C4	60	61	
1367	65.5074	G#4	68	72	1402	54.9276	G#4	68	61	
1368	65.5154	Eb3	51	56	1403	54.9276	Eb3	51	61	
1369	65.5208	F#3	54	50	1404	54.9276	F#3	54	61	
1370	65.6543	A4	69	70	1406	55.0725	A4	69	63	
1371	65.661	C#4	61	60	1405	55.0725	C#4	61	63	
1372	65.6623	G#3	56	55	1408	55.0725	G#3	56	63	
1373	65.677	G#2	44	52	1407	55.0725	G#2	44	63	
1374	65.7919	Bb4	70	78	1410	55.2174	Bb4	70	64	
1375	65.8026	D4	62	59	1409	55.2174	D4	62	64	
1376	65.8253	F#3	54	42	1412	55.2174	F#3	54	64	
1377	65.8306	Eb3	51	57	1411	55.2174	Eb3	51	64	
1378	65.9241	B4	71	75	1414	55.3624	B4	71	66	
1379	65.9508	Eb4	63	47	1413	55.3624	Eb4	63	66	
1380	65.9588	Bb4	70	7	*	-1	*	-1	-1	
1381	65.9668	G#3	56	49	1416	55.3624	G#3	56	66	
1382	65.9708	G#2	44	51	1415	55.3624	G#2	44	66	
1383	66.0883	C5	72	76	1418	55.5073	C5	72	68	
1384	66.1017	E4	64	48	1417	55.5073	E4	64	68	
1385	66.1151	F#3	54	39	1420	55.5073	F#3	54	68	
1386	66.1164	Eb3	51	54	1419	55.5073	Eb3	51	68	
1387	66.2312	F4	65	67	1421	55.6522	F4	65	70	
1388	66.2312	C#5	73	77	1422	55.6522	C#5	73	70	
1389	66.2406	G#3	56	58	1424	55.6522	G#3	56	70	
1390	66.2579	G#2	44	52	1423	55.6522	G#2	44	70	
1391	66.3688	D5	74	76	1426	55.7972	D5	74	71	
1392	66.3701	F#4	66	66	1425	55.7972	F#4	66	71	
1393	66.4008	Eb3	51	55	1427	55.7972	Eb3	51	71	
1394	66.4035	F#3	54	43	1428	55.7972	F#3	54	71	
1395	66.513	Eb5	75	76	1430	55.9421	Eb5	75	73	
1396	66.5144	G4	67	67	1429	55.9421	G4	67	73	
1397	66.525	G#3	56	56	1432	55.9421	G#3	56	73	
1398	66.5491	G#2	44	52	1431	55.9421	G#2	44	73	
1399	66.6679	E5	76	76	1434	56.087	E5	76	75	
1400	66.6719	G#4	68	71	1433	56.087	G#4	68	75	
1401	66.6773	Eb5	75	33	*	-1	*	-1	-1	
1402	66.68	F#3	54	51	1436	56.087	F#3	54	75	
1403	66.6826	Eb3	51	62	1435	56.087	Eb3	51	75	
1404	66.8068	G#3	56	62	1440	56.2319	G#3	56	77	
1405	66.8108	A4	69	71	1437	56.2319	A4	69	77	
1406	66.8108	F5	77	74	1438	56.2319	F5	77	77	
1407	66.8228	G#2	44	58	1439	56.2319	G#2	44	77	
1408	66.9524	F#5	78	82	1442	56.3769	F#5	78	78	
1409	66.9537	Eb3	51	59	1443	56.3769	Eb3	51	78	
1410	66.9564	F#3	54	51	1444	56.3769	F#3	54	78	
1411	66.9724	Bb4	70	62	1441	56.3769	Bb4	70	78	
1412	67.0819	G5	79	86	1446	56.5218	G5	79	80	
1413	67.0899	G#3	56	59	1448	56.5218	G#3	56	80	
1414	67.0913	G#2	44	64	1447	56.5218	G#2	44	80	
1415	67.0966	B4	71	69	1445	56.5218	B4	71	80	
1416	67.2222	C5	72	75	1449	56.6667	C5	72	82	
1417	67.2235	G#5	80	83	1450	56.6667	G#5	80	82	
1418	67.2275	Eb3	51	60	1451	56.6667	Eb3	51	82	
1419	67.2355	F#3	54	55	1452	56.6667	F#3	54	82	
1420	67.3517	A5	81	85	1454	56.8116	A5	81	84	
1421	67.3637	C#5	73	72	1453	56.8116	C#5	73	84	
1422	67.3717	G#3	56	65	1456	56.8116	G#3	56	84	
1423	67.3784	G#2	44	62	1455	56.8116	G#2	44	84	
1424	67.4946	Bb5	82	93	1458	56.9566	Bb5	82	85	
1425	67.4986	D5	74	79	1457	56.9566	D5	74	85	
1426	67.5133	F#3	54	57	1460	56.9566	F#3	54	85	
1427	67.5213	Eb3	51	63	1459	56.9566	Eb3	51	85	
1428	67.6308	B5	83	86	1462	57.1015	B5	83	87	
1429	67.6495	G#3	56	74	1464	57.1015	G#3	56	87	
1430	67.6495	Eb5	75	68	1461	57.1015	Eb5	75	87	
1431	67.6655	G#2	44	67	1463	57.1015	G#2	44	87	
1432	67.775	C6	84	89	1466	57.2464	C6	84	89	
1433	67.7857	E5	76	76	1465	57.2464	E5	76	89	
1434	67.8058	Eb3	51	61	1467	57.2464	Eb3	51	89	
1435	67.8084	F#3	54	57	1468	57.2464	F#3	54	89	
1436	67.9139	F5	77	77	1469	57.3914	F5	77	91	
1437	67.9193	G#3	56	68	1472	57.3914	G#3	56	91	
1438	67.9193	C#6	85	84	1470	57.3914	C#6	85	91	
1439	67.942	G#2	44	64	1471	57.3914	G#2	44	91	
1440	68.0501	D6	86	78	1474	57.5363	D6	86	92	
1441	68.0568	F#5	78	73	1473	57.5363	F#5	78	92	
1442	68.0595	F#3	54	65	1476	57.5363	F#3	54	92	
1443	68.0715	Eb3	51	67	1475	57.5363	Eb3	51	92	
1444	68.1022	C6	84	34	*	-1	*	-1	-1	
1445	68.1743	G5	79	91	1477	57.6812	G5	79	94	
1446	68.181	Eb6	87	86	1478	57.6812	Eb6	87	94	
1447	68.1864	G#3	56	76	1480	57.6812	G#3	56	94	
1448	68.2024	G#2	44	66	1479	57.6812	G#2	44	94	
1449	68.3119	Eb6	87	49	*	-1	*	-1	-1	
1450	68.3159	E6	88	85	1482	57.8261	E6	88	96	
1451	68.3266	F#3	54	67	1484	57.8261	F#3	54	96	
1452	68.3279	G#5	80	80	1481	57.8261	G#5	80	96	
1453	68.3293	Eb3	51	70	1483	57.8261	Eb3	51	96	
1454	68.4454	G#3	56	74	1488	57.9711	G#3	56	98	
1455	68.4481	A5	81	92	1485	57.9711	A5	81	98	
1456	68.4508	F6	89	91	1486	57.9711	F6	89	98	
1457	68.4641	G#2	44	68	1487	57.9711	G#2	44	98	
1458	68.5763	F#6	90	90	1490	58.116	F#6	90	99	
1459	68.5857	F#3	54	67	1492	58.116	F#3	54	99	
1460	68.5883	Eb3	51	67	1491	58.116	Eb3	51	99	
1461	68.595	Bb5	82	81	1489	58.116	Bb5	82	99	
1462	68.7219	G#3	56	78	1496	58.2609	G#3	56	101	
1463	68.7232	G#2	44	73	1495	58.2609	G#2	44	101	
1464	68.7259	G6	91	95	1494	58.2609	G6	91	101	
1465	68.7312	B5	83	90	1493	58.2609	B5	83	101	
1466	68.8554	G#6	92	93	1498	58.4058	G#6	92	103	
1467	68.8648	Eb3	51	69	1499	58.4058	Eb3	51	103	
1468	68.8728	F#3	54	66	1500	58.4058	F#3	54	103	
1469	68.8741	C6	84	72	1497	58.4058	C6	84	103	
1470	68.9716	C#6	85	74	1501	58.5508	C#6	85	105	
1471	69.0077	G#3	56	78	1504	58.5508	G#3	56	105	
1472	69.0077	A6	93	79	1502	58.5508	A6	93	105	
1473	69.009	G#2	44	74	1503	58.5508	G#2	44	105	
1474	69.1145	D6	86	89	1505	58.6957	D6	86	106	
1475	69.1158	Bb6	94	95	1506	58.6957	Bb6	94	106	
1476	69.1412	Eb3	51	70	1507	58.6957	Eb3	51	106	
1477	69.1479	F#3	54	68	1508	58.6957	F#3	54	106	
1478	69.24	B6	95	95	1510	58.8406	B6	95	108	
1479	69.2641	G#3	56	80	1512	58.8406	G#3	56	108	
1480	69.2748	G#2	44	72	1511	58.8406	G#2	44	108	
1481	69.3175	Eb6	87	8	1509	58.8406	Eb6	87	108	
1482	69.3683	C7	96	98	1514	58.9856	C7	96	110	
1483	69.3883	E6	88	79	1513	58.9856	E6	88	110	
1484	69.3976	Eb3	51	72	1515	58.9856	Eb3	51	110	
1485	69.399	F#3	54	71	1516	58.9856	F#3	54	110	
1486	69.4163	B6	95	22	*	-1	*	-1	-1	
1487	69.5178	C#7	97	113	1518	59.1305	C#7	97	112	
1488	69.5258	G#3	56	91	*	-1	*	-1	-1	
1489	69.5272	F6	89	94	1517	59.1305	F6	89	112	
1490	69.5325	C#3	49	83	1519	59.1305	C#3	49	112	
1491	69.5325	F3	53	86	1520	59.1305	F3	53	112	
1492	69.5339	G6	91	85	*	-1	*	-1	-1	
1493	69.5419	D7	98	78	*	-1	*	-1	-1	
1494	69.9211	G#5	80	93	1523	59.5653	G#5	80	112	
1495	69.9265	F#4	66	100	1526	59.5653	F#4	66	112	
1496	69.9265	G#4	68	95	1521	59.5653	G#4	68	112	
1497	69.9265	Eb5	75	96	1522	59.5653	Eb5	75	112	
1498	69.9332	C4	60	82	1525	59.5653	C4	60	112	
1499	69.9358	G#3	56	90	1524	59.5653	G#3	56	112	
1500	70.3084	F5	77	95	1530	60.0001	F5	77	112	
1501	70.3138	C#3	49	92	1531	60.0001	C#3	49	112	
1502	70.3138	C#4	61	96	1533	60.0001	C#4	61	112	
1503	70.3151	F4	65	92	1527	60.0001	F4	65	112	
1504	70.3151	C#5	73	95	1529	60.0001	C#5	73	112	
1505	70.3164	G#4	68	94	1528	60.0001	G#4	68	112	
1506	70.3218	G#3	56	90	1532	60.0001	G#3	56	112	
1507	70.7531	F#2	42	94	1538	60.4348	F#2	42	112	
1508	70.7531	Bb3	58	100	1534	60.4348	Bb3	58	112	
1509	70.7531	Bb4	70	105	1537	60.4348	Bb4	70	112	
1510	70.7545	F#3	54	97	1540	60.4348	F#3	54	112	
1511	70.7598	C#4	61	100	1535	60.4348	C#4	61	112	
1512	70.7625	C#3	49	92	1539	60.4348	C#3	49	112	
1513	70.7625	F#4	66	93	1536	60.4348	F#4	66	112	
1514	71.1591	C#2	37	94	1544	60.8696	C#2	37	112	
1515	71.2726	G#2	44	85	*	-1	*	-1	-1	
1516	71.3154	C#4	61	84	1541	60.8696	C#4	61	112	
1517	71.4075	F4	65	78	*	-1	*	-1	-1	
1518	71.4422	F3	53	91	*	-1	*	-1	-1	
1519	71.4422	G#4	68	93	1542	60.8696	G#4	68	112	
1520	71.493	C#5	73	96	1543	60.8696	C#5	73	112	
*	-1	*	-1	-1	14	0.434783	Eb4	63	80	
*	-1	*	-1	-1	18	0.579711	C4	60	80	
*	-1	*	-1	-1	22	0.724638	G#3	56	80	
*	-1	*	-1	-1	30	1.15942	G4	67	80	
*	-1	*	-1	-1	45	1.5942	G#3	56	80	
*	-1	*	-1	-1	64	2.31884	C4	60	80	
*	-1	*	-1	-1	75	2.89855	G4	67	80	
*	-1	*	-1	-1	78	2.89855	C#4	61	80	
*	-1	*	-1	-1	90	3.33334	G#3	56	80	
*	-1	*	-1	-1	119	4.49276	G#3	56	80	
*	-1	*	-1	-1	123	4.63769	C4	60	80	
*	-1	*	-1	-1	141	5.36232	G3	55	80	
*	-1	*	-1	-1	154	5.79711	G4	67	80	
*	-1	*	-1	-1	178	6.66667	F4	65	80	
*	-1	*	-1	-1	213	8.11595	G4	67	80	
*	-1	*	-1	-1	216	8.11595	C#4	61	80	
*	-1	*	-1	-1	228	8.55073	G#3	56	80	
*	-1	*	-1	-1	247	9.27537	C4	60	80	
*	-1	*	-1	-1	258	9.85508	G4	67	80	
*	-1	*	-1	-1	273	10.2899	G#3	56	80	
*	-1	*	-1	-1	296	11.1594	C#4	61	84	
*	-1	*	-1	-1	315	11.8841	F#4	66	91	
*	-1	*	-1	-1	338	12.7536	G#4	68	96	
*	-1	*	-1	-1	342	12.8986	F#4	66	96	
*	-1	*	-1	-1	361	13.6232	G#4	68	96	
*	-1	*	-1	-1	365	13.7681	F4	65	96	
*	-1	*	-1	-1	371	14.058	F3	53	96	
*	-1	*	-1	-1	388	14.6377	C#4	61	96	
*	-1	*	-1	-1	430	16.2319	C#4	61	96	
*	-1	*	-1	-1	434	16.3768	Bb3	58	96	
*	-1	*	-1	-1	457	17.2464	G#3	56	96	
*	-1	*	-1	-1	479	18.116	C4	60	96	
*	-1	*	-1	-1	496	18.8406	Bb2	46	96	
*	-1	*	-1	-1	501	18.9855	Bb3	58	96	
*	-1	*	-1	-1	517	19.7102	C#4	61	96	
*	-1	*	-1	-1	578	22.029	D4	62	96	
*	-1	*	-1	-1	626	23.7681	D4	62	96	
*	-1	*	-1	-1	642	24.3478	F#4	66	96	
*	-1	*	-1	-1	722	27.2464	F#4	66	96	
*	-1	*	-1	-1	946	35.3624	C4	60	96	
*	-1	*	-1	-1	958	35.9421	G4	67	96	
*	-1	*	-1	-1	973	36.3768	G#3	56	96	
*	-1	*	-1	-1	992	37.1015	C4	60	96	
*	-1	*	-1	-1	1003	37.6812	G4	67	96	
*	-1	*	-1	-1	1018	38.116	G#3	56	96	
*	-1	*	-1	-1	1051	39.4203	Eb4	63	96	
*	-1	*	-1	-1	1061	39.8551	F4	65	96	
*	-1	*	-1	-1	1081	40.7247	A4	69	96	
*	-1	*	-1	-1	1225	47.6812	F4	65	49	
*	-1	*	-1	-1	1248	48.5508	F4	65	49	
*	-1	*	-1	-1	1277	49.7102	F#3	54	49	
*	-1	*	-1	-1	1282	49.8551	F#4	66	49	
*	-1	*	-1	-1	1288	50.145	C3	48	49	
*	-1	*	-1	-1	1293	50.2899	C4	60	49	
*	-1	*	-1	-1	1312	51.0145	G#3	56	49	
*	-1	*	-1	-1	1316	51.1595	F3	53	49	
*	-1	*	-1	-1	1331	51.7392	B3	59	49	
*	-1	*	-1	-1	1339	52.029	F3	53	49	
*	-1	*	-1	-1	1345	52.3189	F2	41	49	
*	-1	*	-1	-1	1358	52.7537	F3	53	49	
*	-1	*	-1	-1	1372	53.3334	F#3	54	49	
*	-1	*	-1	-1	1382	53.7682	C3	48	49	
*	-1	*	-1	-1	1545	60.9267	G#2	44	112	
*	-1	*	-1	-1	1546	60.9838	F3	53	112	
*	-1	*	-1	-1	474	17.971	C3	48	96	
*	-1	*	-1	-1	490	18.5507	C#4	61	96	
