// alignID alignOntime alignSitch alignPitch alignOnvel refID refOntime refSitch refPitch refOnvel
0	1.50774	C4	60	94	6	0	C4	60	96	
1	1.50908	C3	48	88	3	0	C3	48	96	
2	1.51042	Eb4	63	93	0	0	Eb4	63	96	
3	1.51175	C5	72	87	2	0	C5	72	96	
4	1.51709	G3	55	86	5	0	G3	55	96	
5	1.51976	G4	67	82	1	0	G4	67	96	
6	1.52377	Eb3	51	79	4	0	Eb3	51	96	
7	2.10871	G4	67	73	7	0.532996	G4	67	96	
8	2.18082	Eb5	75	81	8	0.609138	Eb5	75	96	
9	2.37981	C5	72	74	9	0.837565	C5	72	96	
10	2.44524	G5	79	89	10	0.913707	G5	79	96	
11	2.64556	Eb5	75	83	11	1.14213	Eb5	75	96	
12	2.71501	C6	84	90	12	1.21828	C6	84	96	
13	2.93269	G5	79	79	13	1.4467	G5	79	96	
14	3.01949	Eb6	87	93	14	1.52284	Eb6	87	96	
15	3.31463	Eb6	87	92	15	1.82741	Eb6	87	96	
16	3.92895	C5	72	50	17	2.43655	C5	72	49	
17	3.93696	G4	67	39	16	2.43655	G4	67	49	
18	3.94765	Eb4	63	37	19	2.43655	Eb4	63	49	
19	3.94765	C4	60	32	18	2.43655	C4	60	49	
20	4.26949	G4	67	45	20	2.74112	G4	67	49	
21	4.27216	C5	72	54	21	2.74112	C5	72	49	
22	4.28018	C4	60	40	22	2.74112	C4	60	49	
23	4.28018	Eb4	63	41	23	2.74112	Eb4	63	49	
24	4.89583	B4	71	60	25	3.35026	B4	71	49	
25	4.9172	G4	67	46	24	3.35026	G4	67	49	
26	4.92922	F4	65	46	27	3.35026	F4	65	49	
27	4.93589	D4	62	47	26	3.35026	D4	62	49	
28	5.34455	B3	59	94	34	3.65483	B3	59	96	
29	5.34588	B4	71	95	30	3.65483	B4	71	96	
30	5.34722	D4	62	94	35	3.65483	D4	62	96	
31	5.34989	D3	50	85	31	3.65483	D3	50	96	
32	5.35256	G#3	56	88	33	3.65483	G#3	56	96	
33	5.35256	F4	65	84	28	3.65483	F4	65	96	
34	5.35256	G#4	68	88	29	3.65483	G#4	68	96	
35	5.35657	F3	53	87	32	3.65483	F3	53	96	
36	5.8774	B4	71	78	36	4.18782	B4	71	96	
37	5.95218	F5	77	85	37	4.26397	F5	77	96	
38	6.14983	D5	74	85	38	4.49239	D5	74	96	
39	6.20726	B5	83	91	39	4.56853	B5	83	96	
40	6.41559	F5	77	79	40	4.79696	F5	77	96	
41	6.49438	D6	86	89	41	4.8731	D6	86	96	
42	6.68669	B5	83	86	42	5.10153	B5	83	96	
43	6.74145	F6	89	94	43	5.17767	F6	89	96	
44	7.03525	F6	89	104	44	5.48224	F6	89	96	
45	7.60416	B4	71	47	45	6.09138	B4	71	49	
46	7.6095	F4	65	39	48	6.09138	F4	65	49	
47	7.61351	D5	74	50	46	6.09138	D5	74	49	
48	7.61751	G#4	68	42	49	6.09138	G#4	68	49	
49	7.64155	D4	62	27	47	6.09138	D4	62	49	
50	7.98744	F4	65	52	53	6.39595	F4	65	49	
51	7.99011	G#4	68	52	54	6.39595	G#4	68	49	
52	7.99145	B4	71	50	50	6.39595	B4	71	49	
53	7.99145	D5	74	63	51	6.39595	D5	74	49	
54	7.99812	D4	62	46	52	6.39595	D4	62	49	
55	8.62579	Eb4	63	49	56	7.00509	Eb4	63	49	
56	8.6525	C5	72	62	55	7.00509	C5	72	49	
57	8.65384	G4	67	47	57	7.00509	G4	67	49	
58	8.85015	C5	72	59	58	7.30966	C5	72	49	
59	8.91826	Eb5	75	67	59	7.46131	Eb5	75	49	
60	8.97702	G5	79	70	60	7.61422	G5	79	49	
61	9.41505	F5	77	65	61	7.76651	F5	77	49	
62	9.56997	Eb5	75	67	62	7.91879	Eb5	75	49	
63	9.57798	C4	60	46	65	7.91879	C4	60	49	
64	9.58733	G3	55	47	64	7.91879	G3	55	49	
65	9.59401	Eb3	51	46	63	7.91879	Eb3	51	49	
66	9.92253	D5	74	69	66	8.22336	D5	74	49	
67	9.9252	F3	53	54	67	8.22336	F3	53	49	
68	9.92654	B3	59	40	69	8.22336	B3	59	49	
69	9.92921	G#3	56	49	68	8.22336	G#3	56	49	
70	10.5208	G3	55	43	72	8.8325	G3	55	49	
71	10.5262	C5	72	55	70	8.8325	C5	72	49	
72	10.5368	C4	60	45	73	8.8325	C4	60	49	
73	10.5395	Eb3	51	47	71	8.8325	Eb3	51	49	
74	10.6664	G4	67	59	74	9.13707	G4	67	49	
75	10.7332	C5	72	72	75	9.23796	C5	72	49	
76	10.7986	Eb5	75	75	76	9.33948	Eb5	75	49	
77	10.8574	G5	79	81	77	9.44164	G5	79	49	
78	11.2887	F5	77	68	78	9.59392	F5	77	49	
79	11.4329	Eb5	75	72	80	9.74621	Eb5	75	49	
80	11.4423	G4	67	46	82	9.74621	G4	67	49	
81	11.4436	Eb4	63	54	81	9.74621	Eb4	63	49	
82	11.4557	C5	72	56	79	9.74621	C5	72	49	
83	11.7708	D5	74	66	84	10.0508	D5	74	49	
84	11.7748	B4	71	60	83	10.0508	B4	71	49	
85	11.7775	F4	65	55	85	10.0508	F4	65	49	
86	11.7815	G#4	68	60	86	10.0508	G#4	68	49	
87	12.3237	C5	72	66	87	10.6599	C5	72	49	
88	12.325	G4	67	52	89	10.6599	G4	67	49	
89	12.3304	Eb4	63	63	88	10.6599	Eb4	63	49	
90	12.5053	G4	67	55	90	10.9645	G4	67	49	
91	12.5587	C5	72	57	91	11.0654	C5	72	49	
92	12.5975	Eb5	75	74	92	11.1669	Eb5	75	49	
93	12.6562	G4	67	93	93	11.2691	G4	67	49	
94	12.6589	G5	79	95	94	11.2691	G5	79	49	
95	13.1397	F5	77	92	96	11.4213	F5	77	49	
96	13.149	F4	65	80	95	11.4213	F4	65	49	
97	13.2933	C4	60	70	101	11.5736	C4	60	49	
98	13.3013	Eb5	75	91	98	11.5736	Eb5	75	49	
99	13.3026	Eb3	51	66	99	11.5736	Eb3	51	49	
100	13.3053	G3	55	65	100	11.5736	G3	55	49	
101	13.3066	Eb4	63	87	97	11.5736	Eb4	63	49	
102	13.5897	B3	59	72	104	11.8782	B3	59	49	
103	13.5977	F3	53	62	102	11.8782	F3	53	49	
104	13.5991	G#3	56	67	103	11.8782	G#3	56	49	
105	13.9062	D5	74	81	106	12.1828	D5	74	49	
106	13.9076	D4	62	77	105	12.1828	D4	62	49	
107	14.2094	Eb3	51	65	109	12.4873	Eb3	51	49	
108	14.2094	C5	72	79	108	12.4873	C5	72	49	
109	14.2107	C4	60	76	107	12.4873	C4	60	49	
110	14.2121	G3	55	68	110	12.4873	G3	55	49	
111	14.4858	D3	50	68	111	12.7919	D3	50	49	
112	14.4885	F3	53	68	112	12.7919	F3	53	49	
113	14.7556	B4	71	72	114	13.0965	B4	71	49	
114	14.7596	B3	59	68	113	13.0965	B3	59	49	
115	15.0654	G#3	56	64	115	13.401	G#3	56	49	
116	15.0681	G#4	68	70	116	13.401	G#4	68	49	
117	15.0788	C3	48	52	117	13.401	C3	48	49	
118	15.0828	Eb3	51	54	118	13.401	Eb3	51	49	
119	15.3712	B2	47	58	119	13.7056	B2	47	49	
120	15.3739	D3	50	53	120	13.7056	D3	50	49	
121	15.6437	G3	55	48	121	14.0102	G3	55	49	
122	15.6437	G4	67	53	122	14.0102	G4	67	49	
123	16.4717	B3	59	48	123	14.9239	B3	59	33	
124	16.5745	D4	62	48	124	15.0254	D4	62	33	
125	16.6466	F4	65	56	125	15.1269	F4	65	33	
126	16.7267	B2	47	49	127	15.2284	B2	47	33	
127	16.7308	G#4	68	64	126	15.2284	G#4	68	33	
128	16.7441	D3	50	40	128	15.2284	D3	50	33	
129	16.7494	G#3	56	28	130	15.2284	G#3	56	33	
130	16.7935	G4	67	52	131	15.33	G4	67	33	
131	16.9191	F4	65	56	132	15.4315	F4	65	33	
132	17.0099	C3	48	44	134	15.533	C3	48	33	
133	17.0205	Eb3	51	42	135	15.533	Eb3	51	33	
134	17.0446	Eb4	63	49	133	15.533	Eb4	63	33	
135	17.0499	G3	55	37	136	15.533	G3	55	33	
136	18.0863	F3	53	50	137	16.7513	F3	53	33	
137	18.1717	G#3	56	58	138	16.8528	G#3	56	33	
138	18.2612	D4	62	42	139	16.9543	D4	62	33	
139	18.3293	F4	65	61	140	17.0559	F4	65	33	
140	18.3387	D3	50	43	143	17.0559	D3	50	33	
141	18.3547	F2	41	39	141	17.0559	F2	41	33	
142	18.36	G#2	44	53	142	17.0559	G#2	44	33	
143	18.4388	Eb4	63	66	144	17.1574	Eb4	63	33	
144	18.5109	D4	62	60	145	17.2589	D4	62	33	
145	18.6111	C3	48	49	148	17.3604	C3	48	33	
146	18.6204	C4	60	69	146	17.3604	C4	60	33	
147	18.6244	Eb3	51	52	149	17.3604	Eb3	51	33	
148	18.6311	G2	43	46	147	17.3604	G2	43	33	
149	19.5486	G3	55	77	150	18.5787	G3	55	112	
150	19.622	B3	59	74	151	18.6802	B3	59	112	
151	19.7102	D4	62	69	152	18.7818	D4	62	112	
152	19.7783	G2	43	97	155	18.8833	G2	43	112	
153	19.7796	G1	31	92	154	18.8833	G1	31	112	
154	19.7836	F4	65	85	153	18.8833	F4	65	112	
155	19.9092	D4	62	79	156	18.9848	D4	62	112	
156	19.9546	B3	59	76	157	19.0863	B3	59	112	
157	20.211	C3	48	101	164	19.1878	C3	48	96	
158	20.2137	C2	36	84	161	19.1878	C2	36	96	
159	20.2137	Eb3	51	94	159	19.1878	Eb3	51	96	
160	20.2137	C4	60	82	158	19.1878	C4	60	96	
161	20.219	G3	55	85	160	19.1878	G3	55	96	
162	20.2243	G2	43	84	163	19.1878	G2	43	96	
163	20.2297	Eb2	39	79	162	19.1878	Eb2	39	96	
164	20.7839	C4	60	68	165	19.7208	C4	60	96	
165	20.8427	G4	67	83	166	19.797	G4	67	96	
166	21.0577	Eb4	63	79	167	20.0254	Eb4	63	96	
167	21.1218	C5	72	89	168	20.1016	C5	72	96	
168	21.3381	G4	67	73	169	20.33	G4	67	96	
169	21.4062	Eb5	75	86	170	20.4061	Eb5	75	96	
170	21.6092	C5	72	74	171	20.6345	C5	72	96	
171	21.6707	G5	79	94	173	20.7107	G5	79	96	
172	21.6747	G4	67	86	172	20.7107	G4	67	96	
173	21.6773	G3	55	92	176	20.7107	G3	55	96	
174	21.6813	C3	48	83	174	20.7107	C3	48	96	
175	21.6867	Eb3	51	87	175	20.7107	Eb3	51	96	
176	21.9965	G3	55	93	181	21.0153	G3	55	96	
177	21.9992	B2	47	85	179	21.0153	B2	47	96	
178	21.9992	G5	79	93	178	21.0153	G5	79	96	
179	22.0032	G4	67	88	177	21.0153	G4	67	96	
180	22.0059	D3	50	92	180	21.0153	D3	50	96	
181	22.0165	F5	77	76	*	-1	*	-1	-1	
182	22.0232	F4	65	53	*	-1	*	-1	-1	
183	22.5574	B3	59	73	182	21.5483	B3	59	96	
184	22.6255	G4	67	84	183	21.6244	G4	67	96	
185	22.8365	D4	62	77	184	21.8528	D4	62	96	
186	22.906	B4	71	90	185	21.929	B4	71	96	
187	23.1317	G4	67	75	186	22.1574	G4	67	96	
188	23.1904	D5	74	91	187	22.2335	D5	74	96	
189	23.3947	B4	71	62	188	22.462	B4	71	96	
190	23.4388	G5	79	97	190	22.5381	G5	79	96	
191	23.4442	G3	55	94	193	22.5381	G3	55	96	
192	23.4455	G4	67	83	189	22.5381	G4	67	96	
193	23.4495	B2	47	79	191	22.5381	B2	47	96	
194	23.4602	D3	50	81	192	22.5381	D3	50	96	
195	23.758	G5	79	94	195	22.8427	G5	79	96	
196	23.7593	G3	55	94	198	22.8427	G3	55	96	
197	23.7593	G4	67	98	194	22.8427	G4	67	96	
198	23.7647	C3	48	87	196	22.8427	C3	48	96	
199	23.7713	Eb3	51	91	197	22.8427	Eb3	51	96	
200	24.3095	Eb4	63	71	199	23.3757	Eb4	63	96	
201	24.3736	G4	67	79	200	23.4518	G4	67	96	
202	24.5539	Eb4	63	65	201	23.6802	Eb4	63	96	
203	24.6407	C5	72	87	202	23.7564	C5	72	96	
204	24.8504	G4	67	72	203	23.9848	G4	67	96	
205	24.9225	Eb5	75	86	204	24.061	Eb5	75	96	
206	25.1335	C5	72	74	205	24.2894	C5	72	96	
207	25.2056	G5	79	93	206	24.3655	G5	79	96	
208	25.2177	C4	60	84	209	24.3655	C4	60	96	
209	25.2203	Eb3	51	81	207	24.3655	Eb3	51	96	
210	25.2404	G3	55	65	208	24.3655	G3	55	96	
211	25.4166	Eb5	75	74	210	24.5939	Eb5	75	96	
212	25.5195	D5	74	99	211	24.6701	D5	74	112	
213	25.5235	D4	62	95	214	24.6701	D4	62	112	
214	25.5288	F3	53	77	212	24.6701	F3	53	112	
215	25.5315	G#3	56	86	213	24.6701	G#3	56	112	
216	25.8453	F6	89	95	215	24.9747	F6	89	112	
217	25.8467	G6	91	94	*	-1	*	-1	-1	
218	26.4156	B4	71	95	216	25.5838	B4	71	112	
219	26.4182	D4	62	99	219	25.5838	D4	62	112	
220	26.4222	G3	55	86	217	25.5838	G3	55	112	
221	26.4329	B3	59	87	218	25.5838	B3	59	112	
222	26.7828	D6	86	104	220	25.8884	D6	86	112	
223	27.3397	C3	48	85	222	26.4975	C3	48	112	
224	27.3397	C4	60	91	225	26.4975	C4	60	112	
225	27.3411	C5	72	101	221	26.4975	C5	72	112	
226	27.3517	G3	55	84	224	26.4975	G3	55	112	
227	27.3597	Eb3	51	78	223	26.4975	Eb3	51	112	
228	27.707	C6	84	105	226	26.8021	C6	84	112	
229	29.3977	Eb4	63	78	227	28.3249	Eb4	63	96	
230	30.2697	C#4	61	40	228	29.2386	C#4	61	49	
231	30.5422	G4	67	44	229	29.5432	G4	67	49	
232	30.8333	Eb5	75	62	231	29.8478	Eb5	75	49	
233	31.1752	Eb5	75	60	232	30.1523	Eb5	75	49	
234	31.1792	G#4	68	54	233	30.1523	G#4	68	49	
235	31.1925	C4	60	41	234	30.1523	C4	60	49	
236	31.7895	Eb5	75	64	235	30.7615	Eb5	75	49	
237	32.1007	Bb3	58	46	237	31.066	Bb3	58	49	
238	32.1113	C#4	61	39	238	31.066	C#4	61	49	
239	32.1127	G4	67	49	236	31.066	G4	67	49	
240	32.4065	F5	77	71	239	31.3706	F5	77	49	
241	32.6843	C#5	73	65	240	31.6752	C#5	73	49	
242	33.0155	Eb4	63	40	243	31.9797	Eb4	63	49	
243	33.0235	G#3	56	36	242	31.9797	G#3	56	49	
244	33.0288	G#4	68	46	241	31.9797	G#4	68	49	
245	33.3213	B4	71	56	244	32.2843	B4	71	49	
246	33.6418	C5	72	53	245	32.5889	C5	72	49	
247	33.9476	Bb4	70	44	247	32.8935	Bb4	70	49	
248	33.9636	C5	72	51	246	32.8935	C5	72	49	
249	34.2414	E5	76	57	248	33.198	E5	76	49	
250	34.5432	C6	84	69	250	33.5026	C6	84	49	
251	34.8945	C6	84	63	251	33.8072	C6	84	49	
252	34.8998	G#4	68	43	253	33.8072	G#4	68	49	
253	34.9011	F5	77	55	252	33.8072	F5	77	49	
254	35.5141	C6	84	70	254	34.4163	C6	84	49	
255	35.8373	Bb4	70	37	256	34.7209	Bb4	70	49	
256	35.8373	E5	76	60	255	34.7209	E5	76	49	
257	35.8533	G4	67	44	257	34.7209	G4	67	49	
258	36.1605	C#6	85	73	258	35.0254	C#6	85	49	
259	36.4543	Bb5	82	71	259	35.33	Bb5	82	49	
260	36.7321	G#4	68	21	261	35.6346	G#4	68	49	
261	36.7628	C5	72	55	260	35.6346	C5	72	49	
262	36.7775	F4	65	37	262	35.6346	F4	65	49	
263	37.0846	G5	79	56	263	35.9391	G5	79	49	
264	37.3891	G#5	80	58	264	36.2437	G#5	80	49	
265	37.6923	G#4	68	39	265	36.5483	G#4	68	49	
266	37.6976	F#4	66	42	266	36.5483	F#4	66	49	
267	37.9687	C5	72	50	267	36.8528	C5	72	49	
268	38.2839	G#5	80	60	269	37.1574	G#5	80	49	
269	38.6338	C#5	73	47	271	37.462	C#5	73	49	
270	38.6338	G#5	80	54	270	37.462	G#5	80	49	
271	38.6418	F4	65	33	272	37.462	F4	65	49	
272	39.2748	G#5	80	61	273	38.0711	G#5	80	49	
273	39.5806	C5	72	48	274	38.3757	C5	72	49	
274	39.6007	Eb4	63	42	276	38.3757	Eb4	63	49	
275	39.6047	F#4	66	39	275	38.3757	F#4	66	49	
276	39.9225	Bb5	82	65	277	38.6803	Bb5	82	49	
277	40.2216	F#5	78	64	278	38.9848	F#5	78	49	
278	40.4981	C#4	61	48	281	39.2894	C#4	61	49	
279	40.5088	F4	65	53	280	39.2894	F4	65	49	
280	40.5114	G#4	68	54	279	39.2894	G#4	68	49	
281	40.8173	E5	76	70	282	39.594	E5	76	49	
282	41.1204	F5	77	73	283	39.8985	F5	77	49	
283	41.4343	A4	69	63	284	40.2031	A4	69	49	
284	41.4436	Eb4	63	52	285	40.2031	Eb4	63	49	
285	41.453	B3	59	55	286	40.2031	B3	59	49	
286	41.7654	F#5	78	79	287	40.5077	F#5	78	49	
287	42.0886	Eb5	75	73	288	40.8122	Eb5	75	49	
288	42.3784	F4	65	51	289	41.1168	F4	65	49	
289	42.3918	Bb3	58	51	290	41.1168	Bb3	58	49	
290	42.6896	Eb5	75	61	291	41.4214	Eb5	75	49	
291	42.9927	D5	74	60	292	41.726	D5	74	49	
292	43.2946	F#4	66	47	293	42.0305	F#4	66	49	
293	43.3079	A3	57	35	294	42.0305	A3	57	49	
294	43.5897	Eb5	75	56	295	42.3351	Eb5	75	49	
295	43.9196	Eb4	63	47	297	42.6397	Eb4	63	49	
296	43.9209	F#4	66	45	296	42.6397	F#4	66	49	
297	44.2668	Bb2	46	38	300	42.9442	Bb2	46	49	
298	44.2681	D4	62	42	299	42.9442	D4	62	49	
299	44.2841	F4	65	39	298	42.9442	F4	65	49	
300	44.5806	F3	53	48	301	43.2488	F3	53	49	
301	44.8811	G3	55	53	302	43.5534	G3	55	49	
302	45.1816	G#3	56	54	303	43.8579	G#3	56	49	
303	45.458	E3	52	54	305	44.1625	E3	52	49	
304	45.47	C5	72	58	304	44.1625	C5	72	49	
305	45.7545	F3	53	62	307	44.4671	F3	53	49	
306	45.7585	C5	72	71	306	44.4671	C5	72	49	
307	46.0817	Bb2	46	45	310	44.7716	Bb2	46	49	
308	46.0937	G3	55	51	309	44.7716	G3	55	49	
309	46.0937	C5	72	69	308	44.7716	C5	72	49	
310	46.3701	Bb4	70	62	311	45.0762	Bb4	70	49	
311	46.4236	D3	50	50	312	45.0762	D3	50	49	
312	46.7134	Eb3	51	51	313	45.3808	Eb3	51	49	
313	47.0285	F3	53	56	314	45.6853	F3	53	49	
314	47.293	G#4	68	62	315	45.9899	G#4	68	49	
315	47.2956	C3	48	53	316	45.9899	C3	48	49	
316	47.5841	D3	50	59	318	46.2945	D3	50	49	
317	47.5841	G#4	68	72	317	46.2945	G#4	68	49	
318	47.8832	G#4	68	69	319	46.5991	G#4	68	49	
319	47.9046	Eb3	51	61	320	46.5991	Eb3	51	49	
320	47.9126	Bb2	46	43	321	46.5991	Bb2	46	49	
321	48.1877	F3	53	63	323	46.9036	F3	53	49	
322	48.2037	G4	67	60	322	46.9036	G4	67	49	
323	48.4775	G3	55	58	324	47.2082	G3	55	49	
324	48.774	G#3	56	63	325	47.5128	G#3	56	49	
325	48.9236	C5	72	64	326	47.665	C5	72	49	
326	49.0691	B4	71	71	327	47.8173	B4	71	49	
327	49.0838	E3	52	63	328	47.8173	E3	52	49	
328	49.2147	C5	72	74	329	47.9696	C5	72	49	
329	49.3549	D5	74	74	330	48.1219	D5	74	49	
330	49.3696	F3	53	63	331	48.1219	F3	53	49	
331	49.4951	C5	72	68	332	48.2742	C5	72	49	
332	49.6634	Bb2	46	45	334	48.4265	Bb2	46	49	
333	49.6634	G3	55	55	333	48.4265	G3	55	49	
334	49.7876	Bb4	70	65	335	48.5788	Bb4	70	49	
335	49.9519	A4	69	64	336	48.731	A4	69	49	
336	49.9866	D3	50	58	337	48.731	D3	50	49	
337	50.1135	Bb4	70	68	338	48.8833	Bb4	70	49	
338	50.2524	C5	72	66	339	49.0356	C5	72	49	
339	50.2577	Eb3	51	53	340	49.0356	Eb3	51	49	
340	50.4126	Bb4	70	66	341	49.1879	Bb4	70	49	
341	50.5689	F3	53	59	342	49.3402	F3	53	49	
342	50.7171	G#4	68	61	343	49.4925	G#4	68	49	
343	50.8573	C3	48	47	345	49.6447	C3	48	49	
344	50.8587	G4	67	59	344	49.6447	G4	67	49	
345	51.0243	G#4	68	69	346	49.797	G#4	68	49	
346	51.1578	Bb4	70	67	347	49.9493	Bb4	70	49	
347	51.1725	D3	50	51	348	49.9493	D3	50	49	
348	51.3047	G#4	68	67	349	50.1016	G#4	68	49	
349	51.4449	Eb3	51	47	351	50.2539	Eb3	51	49	
350	51.4569	G4	67	63	350	50.2539	G4	67	49	
351	51.6038	Bb3	58	59	352	50.4062	Bb3	58	49	
352	51.7534	G3	55	47	353	50.5585	G3	55	49	
353	51.9017	Bb3	58	55	354	50.7107	Bb3	58	49	
354	52.0446	F3	53	48	355	50.863	F3	53	49	
355	52.1995	Bb3	58	47	356	51.0153	Bb3	58	49	
356	52.3197	Eb3	51	58	357	51.1676	Eb3	51	49	
357	52.4639	Bb3	58	55	358	51.3199	Bb3	58	49	
358	52.5908	F3	53	57	359	51.4722	F3	53	49	
359	52.7243	Bb4	70	70	360	51.6244	Bb4	70	49	
360	52.7283	Bb3	58	60	361	51.6244	Bb3	58	49	
361	52.8645	G3	55	61	363	51.7767	G3	55	49	
362	52.8645	Eb5	75	77	362	51.7767	Eb5	75	49	
363	53.0154	Bb3	58	65	364	51.929	Bb3	58	49	
364	53.1757	Eb5	75	72	365	52.0813	Eb5	75	49	
365	53.1957	F3	53	54	366	52.0813	F3	53	49	
366	53.3266	Bb3	58	58	367	52.2336	Bb3	58	49	
367	53.4735	G3	55	50	368	52.3859	G3	55	49	
368	53.6057	Bb3	58	53	369	52.5382	Bb3	58	49	
369	53.7686	G#3	56	49	370	52.6904	G#3	56	49	
370	53.9169	Bb3	58	48	371	52.8427	Bb3	58	49	
371	54.0371	D5	74	63	372	52.995	D5	74	49	
372	54.0611	F3	53	48	373	52.995	F3	53	49	
373	54.2013	Bb3	58	60	374	53.1473	Bb3	58	49	
374	54.3456	G3	55	48	375	53.2996	G3	55	49	
375	54.4658	Bb3	58	52	376	53.4519	Bb3	58	49	
376	54.6327	G#3	56	48	377	53.6041	G#3	56	49	
377	54.7662	Bb3	58	53	378	53.7564	Bb3	58	49	
378	54.8878	Bb4	70	75	379	53.9087	Bb4	70	49	
379	54.9038	D3	50	54	380	53.9087	D3	50	49	
380	55.0467	Bb3	58	51	381	54.061	Bb3	58	49	
381	55.1882	F3	53	52	382	54.2133	F3	53	49	
382	55.3151	Bb3	58	58	383	54.3656	Bb3	58	49	
383	55.4714	Eb3	51	56	384	54.5179	Eb3	51	49	
384	55.5809	C5	72	47	395	54.9747	C5	72	49	
385	55.6196	Bb3	58	57	385	54.6701	Bb3	58	49	
386	55.6663	Bb4	70	63	397	55.0255	Bb4	70	49	
387	55.7278	A4	69	65	398	55.0762	A4	69	49	
388	55.7785	D3	50	55	388	54.8224	D3	50	49	
389	55.8026	Bb4	70	79	399	55.127	Bb4	70	49	
390	55.9361	Bb3	58	64	396	54.9747	Bb3	58	49	
391	56.0897	Eb3	51	67	400	55.127	Eb3	51	49	
392	56.2232	Bb3	58	75	402	55.2793	Bb3	58	49	
393	56.2366	F5	77	83	401	55.2793	F5	77	49	
394	56.3661	G#5	80	86	403	55.4316	G#5	80	49	
395	56.3728	F3	53	67	404	55.4316	F3	53	49	
396	56.5117	Bb3	58	65	405	55.5838	Bb3	58	49	
397	56.6586	Eb3	51	62	407	55.7361	Eb3	51	49	
398	56.6706	G#5	80	86	406	55.7361	G#5	80	49	
399	56.8135	Bb3	58	61	408	55.8884	Bb3	58	49	
400	56.9591	F3	53	54	409	56.0407	F3	53	49	
401	57.0966	Bb3	58	53	410	56.193	Bb3	58	49	
402	57.2369	G3	55	48	411	56.3453	G3	55	49	
403	57.3677	Bb3	58	54	412	56.4975	Bb3	58	49	
404	57.508	Eb3	51	56	414	56.6498	Eb3	51	49	
405	57.512	G5	79	68	413	56.6498	G5	79	49	
406	57.6589	Bb3	58	61	415	56.8021	Bb3	58	49	
407	57.8044	F3	53	50	416	56.9544	F3	53	49	
408	57.9353	Bb3	58	53	417	57.1067	Bb3	58	49	
409	58.0809	G3	55	50	418	57.259	G3	55	49	
410	58.2077	Bb3	58	57	419	57.4113	Bb3	58	49	
411	58.3586	G4	67	54	420	57.5635	G4	67	49	
412	58.3627	Eb3	51	51	421	57.5635	Eb3	51	49	
413	58.5056	Bb3	58	55	423	57.7158	Bb3	58	49	
414	58.5056	G#4	68	56	422	57.7158	G#4	68	49	
415	58.6284	Bb4	70	68	424	57.8681	Bb4	70	49	
416	58.6297	G3	55	56	425	57.8681	G3	55	49	
417	58.7673	C5	72	72	426	58.0204	C5	72	49	
418	58.7686	Bb3	58	65	427	58.0204	Bb3	58	49	
419	58.9209	D5	74	73	428	58.1727	D5	74	49	
420	58.9302	Eb3	51	59	429	58.1727	Eb3	51	49	
421	59.0571	Bb3	58	67	431	58.325	Bb3	58	49	
422	59.0598	Eb5	75	77	430	58.325	Eb5	75	49	
423	59.1906	Eb3	51	61	433	58.4772	Eb3	51	49	
424	59.2027	F5	77	80	432	58.4772	F5	77	49	
425	59.3255	Bb3	58	66	435	58.6295	Bb3	58	49	
426	59.3375	G5	79	78	434	58.6295	G5	79	49	
427	59.4631	G3	55	65	437	58.7818	G3	55	49	
428	59.4724	G#5	80	79	436	58.7818	G#5	80	49	
429	59.594	Bb3	58	75	439	58.9341	Bb3	58	49	
430	59.6006	Bb5	82	80	438	58.9341	Bb5	82	49	
431	59.7302	Eb3	51	66	441	59.0864	Eb3	51	49	
432	59.7435	C6	84	85	440	59.0864	C6	84	49	
433	59.8824	Bb3	58	70	443	59.2387	Bb3	58	49	
434	59.8838	D6	86	86	442	59.2387	D6	86	49	
435	60.0333	F3	53	61	445	59.391	F3	53	49	
436	60.0387	Eb6	87	90	444	59.391	Eb6	87	64	
437	60.1802	Bb3	58	71	446	59.5432	Bb3	58	49	
438	60.3218	G#3	56	68	447	59.6955	G#3	56	49	
439	60.4647	Bb3	58	67	448	59.8478	Bb3	58	49	
440	60.6129	F3	53	61	449	60.0001	F3	53	49	
441	60.7505	Bb3	58	64	450	60.1524	Bb3	58	49	
442	60.8827	D6	86	76	451	60.3047	D6	86	49	
443	60.9081	F3	53	57	452	60.3047	F3	53	49	
444	61.0363	Bb3	58	66	453	60.4569	Bb3	58	49	
445	61.1912	G#3	56	55	454	60.6092	G#3	56	49	
446	61.3367	Bb3	58	62	455	60.7615	Bb3	58	49	
447	61.481	F3	53	54	456	60.9138	F3	53	49	
448	61.6038	Bb3	58	57	457	61.0661	Bb3	58	49	
449	61.7454	D3	50	56	459	61.2184	D3	50	49	
450	61.7628	Bb3	58	55	458	61.2184	Bb3	58	49	
451	61.9083	Bb3	58	64	461	61.3707	Bb3	58	49	
452	61.919	C4	60	55	460	61.3707	C4	60	49	
453	62.0472	F3	53	58	463	61.5229	F3	53	49	
454	62.0499	D4	62	60	462	61.5229	D4	62	49	
455	62.1794	Bb3	58	72	465	61.6752	Bb3	58	49	
456	62.1794	Eb4	63	69	464	61.6752	Eb4	63	49	
457	62.325	F4	65	75	466	61.8275	F4	65	49	
458	62.3317	D3	50	64	467	61.8275	D3	50	49	
459	62.4599	Bb3	58	74	469	61.9798	Bb3	58	49	
460	62.4625	G4	67	71	468	61.9798	G4	67	49	
461	62.5948	G#4	68	82	470	62.1321	G#4	68	49	
462	62.5961	D3	50	70	471	62.1321	D3	50	49	
463	62.7336	Bb4	70	79	472	62.2844	Bb4	70	49	
464	62.7417	Bb3	58	81	473	62.2844	Bb3	58	49	
465	62.8926	F3	53	72	475	62.4366	F3	53	49	
466	62.8939	C5	72	82	474	62.4366	C5	72	49	
467	63.0221	D5	74	84	476	62.5889	D5	74	49	
468	63.0234	Bb3	58	82	477	62.5889	Bb3	58	49	
469	63.1583	Eb5	75	84	478	62.7412	Eb5	75	49	
470	63.1623	D3	50	73	479	62.7412	D3	50	49	
471	63.2905	Bb3	58	78	481	62.8935	Bb3	58	49	
472	63.3026	F5	77	87	480	62.8935	F5	77	49	
473	63.4615	G5	79	83	482	63.0458	G5	79	56	
474	63.6204	Eb3	51	64	483	63.1981	Eb3	51	56	
475	63.7553	D3	50	73	484	63.3504	D3	50	56	
476	63.9008	Eb3	51	86	485	63.5026	Eb3	51	56	
477	64.0518	D3	50	79	486	63.6549	D3	50	56	
478	64.1866	Eb3	51	85	487	63.8072	Eb3	51	56	
479	64.3456	G2	43	77	489	63.9595	G2	43	61	
480	64.3536	Eb6	87	94	488	63.9595	Eb6	87	61	
481	64.4871	Eb3	51	81	490	64.1118	Eb3	51	61	
482	64.6233	G#2	44	78	491	64.2641	G#2	44	61	
483	64.7702	Eb3	51	78	492	64.4163	Eb3	51	61	
484	64.9305	Bb2	46	77	494	64.5686	Bb2	46	61	
485	64.9452	G3	55	85	493	64.5686	G3	55	61	
486	65.064	Eb3	51	73	495	64.7209	Eb3	51	61	
487	65.2417	G#2	44	78	497	64.8732	G#2	44	66	
488	65.2617	G#3	56	89	496	64.8732	G#3	56	81	
489	65.4126	Eb3	51	80	498	65.0255	Eb3	51	66	
490	65.5475	Bb2	46	72	499	65.1778	Bb2	46	66	
491	65.6797	Eb3	51	77	500	65.3301	Eb3	51	66	
492	65.8266	C3	48	74	501	65.4823	C3	48	66	
493	65.9762	Eb3	51	80	502	65.6346	Eb3	51	66	
494	66.1444	A2	45	78	504	65.7869	A2	45	71	
495	66.1578	A3	57	94	503	65.7869	A3	57	86	
496	66.2887	Eb3	51	80	505	65.9392	Eb3	51	71	
497	66.4382	Bb2	46	75	506	66.0915	Bb2	46	71	
498	66.5718	Eb3	51	72	507	66.2438	Eb3	51	71	
499	66.724	C3	48	69	508	66.396	C3	48	71	
500	66.8856	Eb3	51	74	509	66.5483	Eb3	51	71	
501	67.0339	Bb2	46	79	511	66.7006	Bb2	46	76	
502	67.0445	Bb3	58	90	510	66.7006	Bb3	58	91	
503	67.1874	G3	55	72	512	66.8529	G3	55	76	
504	67.3383	Eb3	51	71	513	67.0052	Eb3	51	76	
505	67.4986	G3	55	71	514	67.1575	G3	55	76	
506	67.6415	Bb2	46	65	515	67.3097	Bb2	46	76	
507	67.7857	G3	55	69	516	67.462	G3	55	76	
508	67.9219	Bb2	46	76	519	67.6143	Bb2	46	81	
509	67.9567	G#3	56	69	517	67.6143	G#3	56	96	
510	68.0381	F3	53	76	526	67.7666	F3	53	81	
511	68.0528	Bb3	58	73	520	67.6518	Bb3	58	96	
512	68.1383	G#3	56	77	525	67.766	G#3	56	96	
513	68.1476	D3	50	76	534	67.9189	D3	50	81	
514	68.2411	Bb3	58	76	531	67.8802	Bb3	58	96	
515	68.2772	F3	53	75	542	68.0712	F3	53	81	
516	68.3466	G#3	56	78	540	68.0458	G#3	56	81	
517	68.3787	Bb2	46	68	550	68.2235	Bb2	46	81	
518	68.4668	G3	55	79	552	68.2615	G#3	56	81	
519	68.5122	F3	53	63	558	68.3757	F3	53	81	
520	68.5817	G#3	56	76	561	68.4512	G#3	56	96	
521	68.6992	G3	55	83	564	68.528	G3	55	86	
522	68.7032	Eb3	51	86	566	68.528	Eb3	51	86	
523	68.7125	Eb2	39	68	565	68.528	Eb2	39	86	
524	68.8915	Bb3	58	70	567	68.6803	Bb3	58	86	
525	69.0277	Eb4	63	69	568	68.8326	Eb4	63	86	
526	69.1586	Bb3	58	70	569	68.9849	Bb3	58	86	
527	69.3068	Eb4	63	62	570	69.1372	Eb4	63	86	
528	69.4738	G4	67	75	571	69.2894	G4	67	86	
529	69.6126	Bb4	70	77	572	69.4417	Bb4	70	91	
530	69.7555	G4	67	80	573	69.594	G4	67	91	
531	69.8998	Bb4	70	82	574	69.7463	Bb4	70	91	
532	70.0507	Eb5	75	78	575	69.8986	Eb5	75	91	
533	70.1962	G5	79	86	576	70.0509	G5	79	91	
534	70.3338	Bb5	82	81	577	70.2032	Bb5	82	91	
535	70.4927	Eb6	87	90	578	70.3554	Eb6	87	96	
536	70.5061	G2	43	69	579	70.3554	G2	43	96	
537	70.6116	Eb3	51	75	580	70.5077	Eb3	51	96	
538	70.7638	G#2	44	72	581	70.66	G#2	44	96	
539	70.9214	Eb3	51	66	582	70.8123	Eb3	51	96	
540	71.0963	Bb2	46	69	584	70.9646	Bb2	46	96	
541	71.107	Eb4	63	88	583	70.9646	Eb4	63	105	
542	71.2499	Eb3	51	66	585	71.1169	Eb3	51	96	
543	71.3955	G2	43	63	586	71.2691	G2	43	96	
544	71.5558	Eb3	51	67	587	71.4214	Eb3	51	96	
545	71.7107	G#2	44	66	588	71.5737	G#2	44	96	
546	71.8576	Eb3	51	68	589	71.726	Eb3	51	96	
547	72.0138	G3	55	79	590	71.8783	G3	55	96	
548	72.0312	Bb2	46	68	591	71.8783	Bb2	46	96	
549	72.1781	Eb3	51	69	592	72.0306	Eb3	51	96	
550	72.329	G#3	56	80	593	72.1829	G#3	56	96	
551	72.3357	G#2	44	69	594	72.1829	G#2	44	96	
552	72.4946	Eb3	51	75	595	72.3351	Eb3	51	96	
553	72.6321	Bb2	46	72	596	72.4874	Bb2	46	96	
554	72.7644	Eb3	51	77	597	72.6397	Eb3	51	96	
555	72.9353	C3	48	72	599	72.792	C3	48	96	
556	72.942	Eb4	63	86	598	72.792	Eb4	63	105	
557	73.0915	Eb3	51	80	600	72.9443	Eb3	51	96	
558	73.2424	A3	57	80	601	73.0966	A3	57	96	
559	73.2558	A2	45	69	602	73.0966	A2	45	96	
560	73.4	Eb3	51	80	603	73.2488	Eb3	51	96	
561	73.5443	Bb2	46	74	604	73.4011	Bb2	46	96	
562	73.6832	Eb3	51	76	605	73.5534	Eb3	51	96	
563	73.8488	C3	48	72	607	73.7057	C3	48	96	
564	73.8768	Eb4	63	85	606	73.7057	Eb4	63	105	
565	73.9997	Eb3	51	79	608	73.858	Eb3	51	96	
566	74.1746	Bb2	46	52	610	74.0103	Bb2	46	97	
567	74.1746	Bb3	58	61	609	74.0103	Bb3	58	97	
568	74.3215	Eb3	51	64	612	74.1626	Eb3	51	98	
569	74.3242	Eb4	63	62	611	74.1626	Eb4	63	98	
570	74.4738	D3	50	59	614	74.3148	D3	50	99	
571	74.4844	D4	62	62	613	74.3148	D4	62	99	
572	74.6153	Eb3	51	69	616	74.4671	Eb3	51	100	
573	74.6247	Eb4	63	68	615	74.4671	Eb4	63	100	
574	74.7809	B2	47	64	618	74.6194	B2	47	101	
575	74.7849	B3	59	66	617	74.6194	B3	59	101	
576	74.9238	Eb4	63	68	619	74.7717	Eb4	63	102	
577	74.9278	Eb3	51	68	620	74.7717	Eb3	51	102	
578	75.0814	C3	48	67	622	74.924	C3	48	103	
579	75.0907	C4	60	67	621	74.924	C4	60	103	
580	75.2216	Eb3	51	70	624	75.0763	Eb3	51	104	
581	75.2376	Eb4	63	69	623	75.0763	Eb4	63	104	
582	75.3765	D3	50	68	626	75.2285	D3	50	105	
583	75.3939	D4	62	68	625	75.2285	D4	62	105	
584	75.5248	Eb3	51	69	628	75.3808	Eb3	51	107	
585	75.5421	Eb4	63	71	627	75.3808	Eb4	63	107	
586	75.693	A3	57	70	629	75.5331	A3	57	109	
587	75.6957	A2	45	60	630	75.5331	A2	45	109	
588	75.8413	Eb4	63	73	631	75.6854	Eb4	63	111	
589	75.8439	Eb3	51	76	632	75.6854	Eb3	51	111	
590	76.0095	Bb3	58	76	633	75.8377	Bb3	58	112	
591	76.0109	Bb2	46	72	634	75.8377	Bb2	46	112	
592	76.1511	Eb3	51	75	636	75.99	Eb3	51	112	
593	76.1564	Eb4	63	79	635	75.99	Eb4	63	112	
594	76.3047	C#4	61	76	637	76.1422	C#4	61	112	
595	76.3087	C#3	49	74	638	76.1422	C#3	49	112	
596	76.4502	Eb4	63	78	639	76.2945	Eb4	63	112	
597	76.4529	Eb3	51	81	640	76.2945	Eb3	51	112	
598	76.6038	B3	59	80	641	76.4468	B3	59	112	
599	76.6145	B2	47	70	642	76.4468	B2	47	112	
600	76.7387	Eb4	63	80	643	76.5991	Eb4	63	112	
601	76.7587	Eb3	51	80	644	76.5991	Eb3	51	112	
602	76.9137	C4	60	81	645	76.7514	C4	60	112	
603	76.9177	C3	48	77	646	76.7514	C3	48	112	
604	77.0512	Eb4	63	78	647	76.9037	Eb4	63	112	
605	77.0552	Eb3	51	83	648	76.9037	Eb3	51	112	
606	77.2061	D4	62	81	649	77.056	D4	62	112	
607	77.2075	D3	50	78	650	77.056	D3	50	112	
608	77.3517	Eb4	63	81	651	77.2082	Eb4	63	112	
609	77.3544	Eb3	51	84	652	77.2082	Eb3	51	112	
610	77.4986	A3	57	80	653	77.3605	A3	57	112	
611	77.5013	A2	45	75	654	77.3605	A2	45	112	
612	77.6428	Eb4	63	80	655	77.5128	Eb4	63	112	
613	77.6442	Eb3	51	81	656	77.5128	Eb3	51	112	
614	77.8017	Bb3	58	91	657	77.6651	Bb3	58	112	
615	77.8057	Bb2	46	90	658	77.6651	Bb2	46	112	
616	77.8258	Eb3	51	18	*	-1	*	-1	-1	
617	78.1169	Bb2	46	78	659	77.9697	Bb2	46	112	
618	78.1209	Eb3	51	60	660	77.9697	Eb3	51	112	
619	78.1223	G3	55	90	661	77.9697	G3	55	112	
620	78.3506	Eb4	63	80	662	78.1981	Eb4	63	112	
621	78.4321	Bb4	70	85	663	78.2742	Bb4	70	112	
622	78.6404	G4	67	76	664	78.5027	G4	67	112	
623	78.7045	Eb5	75	90	665	78.5788	Eb5	75	119	
624	79.0103	F#3	54	101	668	78.8834	F3	53	112	
625	79.0117	C3	48	93	666	78.8834	C3	48	112	
626	79.0277	Eb3	51	82	667	78.8834	F3	53	112	
627	79.2547	Eb4	63	80	669	79.1118	Eb4	63	112	
628	79.3162	A4	69	79	670	79.1879	A4	69	112	
629	79.5325	F#4	66	81	671	79.4164	F#4	66	112	
630	79.6006	Eb5	75	89	672	79.4925	Eb5	75	119	
631	79.8958	Bb2	46	94	673	79.7971	Bb2	46	112	
632	79.8958	G3	55	94	675	79.7971	G3	55	112	
633	79.9024	Eb3	51	95	674	79.7971	Eb3	51	112	
634	80.1348	Eb4	63	77	676	80.0255	Eb4	63	112	
635	80.2096	Bb4	70	83	677	80.1016	Bb4	70	112	
636	80.4099	G4	67	74	678	80.3301	G4	67	112	
637	80.4807	Eb5	75	91	679	80.4062	Eb5	75	119	
638	80.7585	A3	57	94	683	80.7108	A3	57	112	
639	80.7638	A2	45	78	680	80.7108	A2	45	112	
640	80.7651	F#3	54	93	682	80.7108	F#3	54	112	
641	80.7718	Eb3	51	85	681	80.7108	Eb3	51	112	
642	80.8025	B2	47	45	*	-1	*	-1	-1	
643	80.8319	C3	48	45	*	-1	*	-1	-1	
644	81.0042	C5	72	71	684	80.9392	C5	72	112	
645	81.0776	F#5	78	91	685	81.0154	F#5	78	112	
646	81.2753	Eb5	75	81	686	81.2438	Eb5	75	112	
647	81.3714	G5	79	93	687	81.3199	G5	79	112	
648	81.6399	Bb2	46	88	688	81.6245	Bb2	46	112	
649	81.6425	Bb3	58	93	691	81.6245	Bb3	58	112	
650	81.6506	G3	55	84	690	81.6245	G3	55	112	
651	81.6586	Eb3	51	78	689	81.6245	Eb3	51	112	
652	81.7868	Eb5	75	86	692	81.7768	Eb5	75	112	
653	81.9537	Eb5	75	93	693	81.9291	Eb5	75	112	
654	82.0899	Bb4	70	80	694	82.0813	Bb4	70	112	
655	82.2475	Bb4	70	80	695	82.2336	Bb4	70	112	
656	82.3811	G4	67	72	696	82.3859	G4	67	112	
657	82.5346	G4	67	76	697	82.5382	G4	67	112	
658	82.6628	Eb4	63	73	698	82.6905	Eb4	63	112	
659	82.8231	Eb4	63	85	699	82.8428	Eb4	63	112	
660	82.9753	Bb3	58	75	700	82.9951	Bb3	58	112	
661	83.1222	Bb3	58	79	701	83.1473	Bb3	58	112	
662	83.2745	G3	55	73	702	83.2996	G3	55	112	
663	83.412	G3	55	74	703	83.4519	G3	55	112	
664	83.563	Eb3	51	83	704	83.6042	Eb3	51	112	
665	83.7406	E3	52	68	*	-1	*	-1	-1	
666	83.7513	Eb3	51	39	705	83.7565	Eb3	51	112	
667	83.778	F3	53	39	*	-1	*	-1	-1	
668	83.8808	Bb2	46	83	706	83.9088	Bb2	46	112	
669	84.0544	Bb2	46	101	708	84.061	Bb2	46	112	
670	84.0597	Bb1	34	86	707	84.061	Bb1	34	112	
671	84.6273	F3	53	92	711	84.6702	F3	53	119	
672	84.6287	D4	62	87	710	84.6702	D4	62	119	
673	84.6353	G#3	56	86	712	84.6702	G#3	56	119	
674	84.6367	Bb3	58	83	709	84.6702	Bb3	58	119	
675	84.9772	G3	55	70	714	84.9748	G3	55	112	
676	84.9785	Eb4	63	73	713	84.9748	Eb4	63	112	
677	84.9812	Eb2	39	66	716	84.9748	Eb2	39	112	
678	85.279	Bb2	46	85	717	85.2793	Bb2	46	96	
679	85.5728	A2	45	74	719	85.5839	A2	45	49	
680	85.9	G#2	44	68	720	85.8885	G#2	44	49	
681	86.1818	G2	43	62	725	86.193	G2	43	49	
682	86.1858	G#4	68	56	724	86.193	G#4	68	49	
683	86.1898	Bb4	70	59	721	86.193	Bb4	70	49	
684	86.1938	D4	62	42	722	86.193	D4	62	49	
685	86.2085	F4	65	40	723	86.193	F4	65	49	
686	86.493	D4	62	59	727	86.4976	D4	62	49	
687	86.4983	F2	41	61	730	86.4976	F2	41	49	
688	86.501	Bb4	70	63	726	86.4976	Bb4	70	49	
689	86.517	F4	65	38	728	86.4976	F4	65	49	
690	86.5183	G#4	68	57	729	86.4976	G#4	68	49	
691	86.8108	C5	72	63	731	86.8022	C5	72	49	
692	86.8188	Eb4	63	57	732	86.8022	Eb4	63	49	
693	86.8215	G4	67	55	733	86.8022	G4	67	49	
694	86.8255	Eb2	39	50	734	86.8022	Eb2	39	49	
695	87.1193	Bb4	70	59	735	87.1067	Bb4	70	49	
696	87.146	G2	43	48	736	87.1067	G2	43	49	
697	87.4398	Bb2	46	50	737	87.4113	Bb2	46	49	
698	87.7483	Bb1	34	53	738	87.7159	Bb1	34	49	
699	88.0568	F2	41	46	742	88.0204	F2	41	49	
700	88.0648	D5	74	59	741	88.0204	D5	74	49	
701	88.0662	F4	65	43	739	88.0204	F4	65	49	
702	88.0782	G#4	68	49	740	88.0204	G#4	68	49	
703	88.3546	F4	65	53	743	88.325	F4	65	49	
704	88.3586	D5	74	63	745	88.325	D5	74	49	
705	88.372	G#4	68	46	744	88.325	G#4	68	49	
706	88.3746	Bb2	46	50	746	88.325	Bb2	46	49	
707	88.6791	Bb4	70	58	749	88.6296	Bb4	70	49	
708	88.6805	F5	77	64	747	88.6296	F5	77	49	
709	88.6885	G4	67	54	748	88.6296	G4	67	49	
710	88.6898	Eb2	39	59	750	88.6296	Eb2	39	49	
711	88.9863	Bb2	46	90	752	88.9341	Bb2	46	96	
712	88.9996	Eb5	75	72	751	88.9341	Eb5	75	49	
713	89.2961	A2	45	76	754	89.2387	A2	45	49	
714	89.6206	G#2	44	71	755	89.5433	G#2	44	49	
715	89.9078	G2	43	60	760	89.8479	G2	43	49	
716	89.9078	D4	62	50	757	89.8479	D4	62	49	
717	89.9118	G#4	68	57	759	89.8479	G#4	68	49	
718	89.9158	Bb4	70	58	756	89.8479	Bb4	70	49	
719	89.9318	F4	65	42	758	89.8479	F4	65	49	
720	90.2042	F2	41	61	765	90.1524	F2	41	49	
721	90.2082	D4	62	59	762	90.1524	D4	62	49	
722	90.2082	Bb4	70	64	761	90.1524	Bb4	70	49	
723	90.2256	G#4	68	62	764	90.1524	G#4	68	49	
724	90.2577	F4	65	16	763	90.1524	F4	65	49	
725	90.5221	Eb2	39	52	769	90.457	Eb2	39	49	
726	90.5247	C5	72	66	766	90.457	C5	72	49	
727	90.5301	Eb4	63	59	767	90.457	Eb4	63	49	
728	90.5408	G4	67	54	768	90.457	G4	67	49	
729	90.8145	Bb4	70	58	770	90.7616	Bb4	70	49	
730	90.8292	G2	43	48	771	90.7616	G2	43	49	
731	91.1324	Bb2	46	53	772	91.0661	Bb2	46	49	
732	91.4476	Bb1	34	50	773	91.3707	Bb1	34	49	
733	91.7227	F2	41	49	777	91.6753	F2	41	49	
734	91.7293	D4	62	54	776	91.6753	D4	62	49	
735	91.7333	F3	53	37	774	91.6753	F3	53	49	
736	91.7374	G#3	56	44	775	91.6753	G#3	56	49	
737	92.0365	Bb2	46	52	781	91.9798	Bb2	46	49	
738	92.0378	D4	62	60	780	91.9798	D4	62	49	
739	92.0405	F3	53	42	778	91.9798	F3	53	49	
740	92.0499	G#3	56	37	779	91.9798	G#3	56	49	
741	92.3397	F4	65	58	782	92.2844	F4	65	49	
742	92.3437	Eb2	39	44	785	92.2844	Eb2	39	49	
743	92.349	G3	55	48	783	92.2844	G3	55	49	
744	92.3557	Bb3	58	47	784	92.2844	Bb3	58	49	
745	92.6254	Eb4	63	56	786	92.589	Eb4	63	49	
746	92.6428	G2	43	42	787	92.589	G2	43	49	
747	92.958	Bb2	46	42	788	92.8935	Bb2	46	49	
748	93.2772	Bb1	34	45	789	93.1981	Bb1	34	49	
749	93.5549	G#3	56	44	791	93.5027	G#3	56	49	
750	93.5576	F2	41	43	793	93.5027	F2	41	49	
751	93.5603	D4	62	47	792	93.5027	D4	62	49	
752	93.5683	F3	53	27	790	93.5027	F3	53	49	
753	93.8567	D4	62	57	796	93.8073	D4	62	49	
754	93.8608	F3	53	40	794	93.8073	F3	53	49	
755	93.8648	Bb2	46	49	797	93.8073	Bb2	46	49	
756	93.8888	G#3	56	31	795	93.8073	G#3	56	49	
757	94.1933	G#3	56	43	798	94.1118	G#3	56	49	
758	94.1986	F4	65	54	800	94.1118	F4	65	49	
759	94.2026	Eb2	39	46	801	94.1118	Eb2	39	49	
760	94.2173	D4	62	43	799	94.1118	D4	62	49	
761	94.5031	G2	43	45	802	94.4164	G2	43	49	
762	94.7942	Bb2	46	42	803	94.721	Bb2	46	49	
763	95.1535	Eb4	63	47	806	95.0255	Eb4	63	49	
764	95.1775	Eb3	51	32	807	95.0255	Eb3	51	49	
765	95.1775	Bb3	58	37	805	95.0255	Bb3	58	49	
766	95.1775	G3	55	38	804	95.0255	G3	55	49	
767	96.1885	C3	48	86	811	95.9392	C3	48	96	
768	96.1898	C4	60	93	814	95.9392	C4	60	96	
769	96.1898	C5	72	100	810	95.9392	C5	72	96	
770	96.1938	E4	64	99	808	95.9392	E4	64	96	
771	96.1938	G4	67	93	809	95.9392	G4	67	96	
772	96.1938	G3	55	87	813	95.9392	G3	55	96	
773	96.2005	E3	52	82	812	95.9392	E3	52	96	
774	96.2379	D3	50	43	*	-1	*	-1	-1	
775	96.2646	F3	53	30	*	-1	*	-1	-1	
776	96.5036	F3	53	23	*	-1	*	-1	-1	
777	96.7373	G4	67	69	815	96.4722	G4	67	96	
778	96.8081	E5	76	84	816	96.5484	E5	76	96	
779	97.0258	C5	72	78	817	96.7768	C5	72	96	
780	97.0886	G5	79	85	818	96.8529	G5	79	96	
781	97.2929	E5	76	83	819	97.0814	E5	76	96	
782	97.369	C6	84	91	820	97.1575	C6	84	96	
783	97.5707	G5	79	77	821	97.3859	G5	79	96	
784	97.6388	E6	88	91	822	97.4621	E6	88	96	
785	97.9259	E6	88	103	823	97.7666	E6	88	96	
786	98.5095	C5	72	45	824	98.3758	C5	72	49	
787	98.5135	E5	76	54	825	98.3758	E5	76	49	
788	98.5295	G4	67	37	827	98.3758	G4	67	49	
789	98.5349	E4	64	39	826	98.3758	E4	64	49	
790	98.8888	E5	76	58	829	98.6804	E5	76	49	
791	98.8901	G4	67	48	831	98.6804	G4	67	49	
792	98.9008	C5	72	51	828	98.6804	C5	72	49	
793	98.9008	E4	64	49	830	98.6804	E4	64	49	
794	99.5298	F4	65	42	834	99.2895	F4	65	49	
795	99.5338	D5	74	50	833	99.2895	D5	74	49	
796	99.5405	G#4	68	44	835	99.2895	G#4	68	49	
797	99.5472	B4	71	43	832	99.2895	B4	71	49	
798	99.9078	D5	74	56	837	99.5941	D5	74	49	
799	99.9091	B4	71	53	836	99.5941	B4	71	49	
800	99.9158	G#4	68	48	839	99.5941	G#4	68	49	
801	99.9184	F4	65	48	838	99.5941	F4	65	49	
802	100.566	B4	71	78	840	100.127	B4	71	96	
803	100.638	F5	77	88	841	100.203	F5	77	96	
804	100.843	D5	74	86	842	100.432	D5	74	96	
805	100.912	B5	83	88	843	100.508	B5	83	96	
806	101.12	F5	77	81	844	100.736	F5	77	96	
807	101.19	D6	86	90	845	100.812	D6	86	96	
808	101.385	B5	83	81	846	101.041	B5	83	96	
809	101.456	F6	89	95	847	101.117	F6	89	96	
810	101.727	F6	89	101	848	101.421	F6	89	96	
811	102.28	D5	74	46	850	102.031	D5	74	49	
812	102.286	F5	77	54	849	102.031	F5	77	49	
813	102.305	F4	65	41	851	102.031	F4	65	49	
814	102.308	G#4	68	45	852	102.031	G#4	68	49	
815	102.649	D5	74	55	854	102.335	D5	74	49	
816	102.651	F4	65	44	855	102.335	F4	65	49	
817	102.659	G#4	68	43	856	102.335	G#4	68	49	
818	102.661	F5	77	67	853	102.335	F5	77	49	
819	103.307	E5	76	50	857	102.944	E5	76	49	
820	103.315	C#5	73	45	858	102.944	C#5	73	49	
821	103.323	Bb4	70	40	860	102.944	Bb4	70	49	
822	103.324	G4	67	45	859	102.944	G4	67	49	
823	103.67	E5	76	53	861	103.249	E5	76	49	
824	103.674	Bb4	70	34	864	103.249	Bb4	70	49	
825	103.676	G4	67	45	863	103.249	G4	67	49	
826	103.679	C#5	73	47	862	103.249	C#5	73	49	
827	104.292	Bb4	70	81	865	103.782	Bb4	70	96	
828	104.387	E5	76	82	866	103.858	E5	76	96	
829	104.597	C#5	73	79	867	104.086	C#5	73	96	
830	104.659	G5	79	89	868	104.163	G5	79	96	
831	104.868	E5	76	71	869	104.391	E5	76	96	
832	104.96	Bb5	82	87	870	104.467	Bb5	82	96	
833	105.163	G5	79	80	871	104.696	G5	79	96	
834	105.23	C#6	85	88	872	104.772	C#6	85	96	
835	105.53	G4	67	104	873	105.076	G4	67	96	
836	105.839	Bb5	82	100	874	105.381	Bb5	82	96	
837	106.424	E4	64	98	875	105.99	E4	64	96	
838	106.795	G5	79	100	876	106.295	G5	79	96	
839	107.46	F4	65	49	877	106.904	F4	65	49	
840	107.462	F5	77	58	878	106.904	F5	77	49	
841	107.476	F3	53	35	879	106.904	F3	53	49	
842	107.631	C4	60	35	880	107.056	C4	60	49	
843	107.802	G#3	56	47	881	107.208	G#3	56	49	
844	107.967	C4	60	41	882	107.361	C4	60	49	
845	108.087	F3	53	45	883	107.513	F3	53	49	
846	108.212	C4	60	52	884	107.665	C4	60	49	
847	108.379	F3	53	47	887	107.817	F3	53	49	
848	108.379	C5	72	67	885	107.817	C5	72	49	
849	108.381	C6	84	69	886	107.817	C6	84	49	
850	108.544	C4	60	44	888	107.97	C4	60	49	
851	108.683	G#3	56	46	889	108.122	G#3	56	49	
852	108.825	C4	60	41	890	108.274	C4	60	49	
853	108.933	F3	53	51	893	108.427	F3	53	49	
854	108.938	C5	72	69	891	108.427	C5	72	49	
855	108.942	C6	84	71	892	108.427	C6	84	49	
856	109.082	C4	60	54	894	108.579	C4	60	49	
857	109.221	C5	72	68	895	108.731	C5	72	49	
858	109.227	C6	84	69	896	108.731	C6	84	49	
859	109.236	G3	55	49	897	108.731	G3	55	49	
860	109.384	C4	60	51	898	108.883	C4	60	49	
861	109.498	B5	83	77	900	109.036	B5	83	49	
862	109.499	B4	71	68	899	109.036	B4	71	49	
863	109.633	C4	60	43	902	109.188	C4	60	49	
864	109.772	C#6	85	72	904	109.34	C#6	85	49	
865	109.776	G3	55	68	905	109.34	G3	55	49	
866	109.776	C#5	73	72	903	109.34	C#5	73	49	
867	109.937	C4	60	61	906	109.493	C4	60	49	
868	110.087	C5	72	70	907	109.645	C5	72	49	
869	110.087	C6	84	76	908	109.645	C6	84	49	
870	110.105	E3	52	57	909	109.645	E3	52	49	
871	110.263	C4	60	54	910	109.797	C4	60	49	
872	110.372	Bb5	82	75	912	109.949	Bb5	82	49	
873	110.379	Bb4	70	73	911	109.949	Bb4	70	49	
874	110.38	G3	55	56	913	109.949	G3	55	49	
875	110.53	C4	60	55	914	110.102	C4	60	49	
876	110.656	E3	52	53	917	110.254	E3	52	49	
877	110.666	G4	67	65	915	110.254	G4	67	49	
878	110.666	G5	79	68	916	110.254	G5	79	49	
879	110.815	C4	60	52	918	110.406	C4	60	49	
880	110.987	E4	64	59	919	110.559	E4	64	49	
881	110.988	E5	76	64	920	110.559	E5	76	49	
882	110.996	C3	48	56	921	110.559	C3	48	49	
883	111.167	C4	60	56	922	110.711	C4	60	60	
884	111.299	E3	52	55	923	110.863	E3	52	72	
885	111.448	C4	60	53	924	111.015	C4	60	84	
886	111.544	G5	79	75	926	111.168	G5	79	96	
887	111.548	G4	67	70	925	111.168	G4	67	96	
888	111.56	G3	55	61	927	111.168	G3	55	96	
889	111.707	C4	60	44	928	111.32	C4	60	96	
890	111.839	C6	84	75	930	111.472	C6	84	96	
891	111.843	C5	72	69	929	111.472	C5	72	96	
892	111.854	E3	52	50	931	111.472	E3	52	96	
893	112.002	C4	60	57	932	111.625	C4	60	96	
894	112.122	G3	55	51	933	111.777	G3	55	96	
895	112.261	C4	60	55	934	111.929	C4	60	96	
896	112.384	Bb3	58	60	937	112.081	Bb3	58	96	
897	112.398	G5	79	67	936	112.081	G5	79	96	
898	112.405	G4	67	61	935	112.081	G4	67	96	
899	112.527	C4	60	47	938	112.234	C4	60	96	
900	112.687	Bb5	82	72	940	112.386	Bb5	82	96	
901	112.7	F3	53	48	941	112.386	F3	53	96	
902	112.704	Bb4	70	65	939	112.386	Bb4	70	96	
903	112.883	C4	60	38	942	112.538	C4	60	96	
904	113.022	G#3	56	49	943	112.691	G#3	56	96	
905	113.17	C4	60	53	944	112.843	C4	60	96	
906	113.288	F3	53	45	945	112.995	F3	53	96	
907	113.457	C4	60	54	946	113.147	C4	60	96	
908	113.59	G#4	68	57	947	113.3	G#4	68	96	
909	113.592	G#5	80	55	948	113.3	G#5	80	96	
910	113.598	F3	53	43	949	113.3	F3	53	96	
911	113.757	C4	60	55	950	113.452	C4	60	96	
912	113.917	E3	52	52	951	113.604	E3	52	96	
913	114.05	F3	53	53	952	113.757	F3	53	96	
914	114.191	A4	69	63	953	113.909	A4	69	96	
915	114.199	Eb3	51	56	955	113.909	Eb3	51	96	
916	114.209	A5	81	62	954	113.909	A5	81	96	
917	114.341	F3	53	64	956	114.061	F3	53	96	
918	114.496	Bb4	70	66	957	114.213	Bb4	70	96	
919	114.498	Bb5	82	71	958	114.213	Bb5	82	96	
920	114.5	C#3	49	60	959	114.213	C#3	49	96	
921	114.649	F3	53	67	960	114.366	F3	53	96	
922	114.8	C3	48	67	961	114.518	C3	48	96	
923	114.965	F3	53	70	962	114.67	F3	53	96	
924	115.111	C#3	49	60	963	114.823	C#3	49	96	
925	115.264	F3	53	64	964	114.975	F3	53	96	
926	115.421	F5	77	73	965	115.127	F5	77	96	
927	115.421	F6	89	74	966	115.127	F6	89	96	
928	115.433	Bb2	46	57	967	115.127	Bb2	46	96	
929	115.596	F3	53	57	968	115.279	F3	53	96	
930	115.718	C3	48	68	969	115.432	C3	48	96	
931	115.852	F3	53	73	970	115.584	F3	53	96	
932	116.007	C#3	49	69	973	115.736	C#3	49	96	
933	116.015	F5	77	77	971	115.736	F5	77	96	
934	116.018	F6	89	79	972	115.736	F6	89	96	
935	116.148	F3	53	65	974	115.889	F3	53	96	
936	116.303	F5	77	77	975	116.041	F5	77	96	
937	116.311	F6	89	76	976	116.041	F6	89	96	
938	116.313	C3	48	61	977	116.041	C3	48	96	
939	116.46	F3	53	64	978	116.193	F3	53	96	
940	116.604	Eb3	51	65	981	116.345	Eb3	51	96	
941	116.604	E6	88	78	980	116.345	E6	88	96	
942	116.605	E5	76	73	979	116.345	E5	76	96	
943	116.752	F3	53	60	982	116.498	F3	53	96	
944	116.887	C3	48	67	985	116.65	C3	48	96	
945	116.898	F#6	90	79	984	116.65	F#6	90	96	
946	116.898	F#5	78	78	983	116.65	F#5	78	96	
947	117.034	F3	53	69	986	116.802	F3	53	96	
948	117.191	A2	45	65	989	116.954	A2	45	96	
949	117.205	F5	77	73	987	116.954	F5	77	96	
950	117.205	F6	89	82	988	116.954	F6	89	96	
951	117.36	F3	53	50	990	117.107	F3	53	96	
952	117.468	C3	48	61	993	117.259	C3	48	96	
953	117.48	Eb6	87	75	992	117.259	Eb6	87	96	
954	117.487	Eb5	75	82	991	117.259	Eb5	75	96	
955	117.621	F3	53	59	994	117.411	F3	53	96	
956	117.767	A2	45	61	997	117.564	A2	45	96	
957	117.779	C5	72	75	995	117.564	C5	72	96	
958	117.786	C6	84	76	996	117.564	C6	84	96	
959	117.945	F3	53	54	998	117.716	F3	53	96	
960	118.112	A4	69	68	999	117.868	A4	69	96	
961	118.121	A5	81	66	1000	117.868	A5	81	96	
962	118.125	F2	41	54	1001	117.868	F2	41	96	
963	118.28	F3	53	52	1002	118.02	F3	53	96	
964	118.407	A2	45	61	1003	118.173	A2	45	96	
965	118.544	F3	53	57	1004	118.325	F3	53	96	
966	118.654	C3	48	64	1007	118.477	C3	48	96	
967	118.662	C6	84	76	1006	118.477	C6	84	96	
968	118.664	C5	72	72	1005	118.477	C5	72	96	
969	118.791	F3	53	56	1008	118.63	F3	53	96	
970	118.964	A2	45	55	1011	118.782	A2	45	96	
971	118.981	F6	89	82	1010	118.782	F6	89	96	
972	118.984	F5	77	83	1009	118.782	F5	77	96	
973	119.118	F3	53	64	1012	118.934	F3	53	96	
974	119.248	C3	48	57	1013	119.086	C3	48	96	
975	119.402	F3	53	62	1014	119.239	F3	53	96	
976	119.519	Eb3	51	62	1017	119.391	Eb3	51	96	
977	119.543	C5	72	59	1015	119.391	C5	72	96	
978	119.544	C6	84	66	1016	119.391	C6	84	96	
979	119.673	F3	53	56	1018	119.543	F3	53	96	
980	119.836	Bb2	46	48	1021	119.696	Bb2	46	96	
981	119.836	Eb6	87	72	1020	119.696	Eb6	87	96	
982	119.842	Eb5	75	64	1019	119.696	Eb5	75	96	
983	120.021	F3	53	37	1022	119.848	F3	53	96	
984	120.163	C#3	49	48	1023	120	C#3	49	96	
985	120.303	F3	53	53	1024	120.152	F3	53	96	
986	120.453	Bb2	46	45	1025	120.305	Bb2	46	96	
987	120.591	F3	53	50	1026	120.457	F3	53	96	
988	120.741	Bb2	46	49	1029	120.609	Bb2	46	96	
989	120.753	C#5	73	64	1027	120.609	C#5	73	96	
990	120.764	C#6	85	59	1028	120.609	C#6	85	96	
991	120.937	F3	53	51	1030	120.762	F3	53	96	
992	121.068	C#3	49	52	1031	120.914	C#3	49	96	
993	121.202	F3	53	56	1032	121.066	F3	53	96	
994	121.345	Bb2	46	50	1034	121.218	Bb2	46	96	
995	121.345	C#5	73	81	1033	121.218	C#5	73	96	
996	121.516	F3	53	57	1035	121.371	F3	53	96	
997	121.691	G#2	44	59	1038	121.523	G#2	44	96	
998	121.699	C5	72	74	1036	121.523	C5	72	96	
999	121.866	F#3	54	62	1039	121.675	F#3	54	96	
1000	122.006	Eb3	51	63	1040	121.828	Eb3	51	96	
1001	122.149	F#3	54	68	1042	121.98	F#3	54	96	
1002	122.272	F5	77	59	1041	121.98	F5	77	96	
1003	122.292	G#2	44	49	1046	122.132	G#2	44	96	
1004	122.34	Eb5	75	59	1043	122.031	Eb5	75	96	
1005	122.428	D5	74	70	1044	122.081	D5	74	96	
1006	122.44	F#3	54	59	1050	122.284	F#3	54	96	
1007	122.492	Eb5	75	69	1047	122.17	Eb5	75	96	
1008	122.583	G#2	44	62	1052	122.437	G#2	44	96	
1009	122.592	G#5	80	83	1048	122.208	D5	74	96	
1010	122.751	F#3	54	61	1053	122.589	F#3	54	96	
1011	122.901	C3	48	51	1054	122.741	C3	48	96	
1012	123.037	F#3	54	58	1055	122.894	F#3	54	96	
1013	123.168	G#2	44	56	1057	123.046	G#2	44	96	
1014	123.186	Eb5	75	65	1056	123.046	Eb5	75	96	
1015	123.285	F#3	54	52	1058	123.198	F#3	54	96	
1016	123.52	F3	53	44	1061	123.35	F3	53	96	
1017	123.524	C#3	49	40	1060	123.35	C#3	49	96	
1018	123.538	F5	77	59	1059	123.35	F5	77	96	
1019	123.865	E5	76	55	1062	123.655	E5	76	96	
1020	124.165	F#5	78	66	1063	123.96	F#5	78	96	
1021	124.454	F5	77	55	1064	124.264	F5	77	96	
1022	124.463	G#4	68	49	1065	124.264	G#4	68	96	
1023	124.769	Eb5	75	62	1066	124.569	Eb5	75	96	
1024	124.78	F#4	66	48	1067	124.569	F#4	66	96	
1025	125.091	Eb4	63	45	1069	124.873	Eb4	63	96	
1026	125.099	C5	72	62	1068	124.873	C5	72	96	
1027	125.398	F4	65	51	1071	125.178	F4	65	96	
1028	125.402	G#5	80	58	1070	125.178	G#5	80	96	
1029	125.705	E4	64	56	1073	125.482	E4	64	96	
1030	125.718	G5	79	70	1072	125.482	G5	79	96	
1031	126.004	F#4	66	56	1075	125.787	F#4	66	96	
1032	126.018	Bb5	82	69	1074	125.787	Bb5	82	96	
1033	126.321	F4	65	53	1077	126.092	F4	65	96	
1034	126.33	G#5	80	70	1076	126.092	G#5	80	96	
1035	126.624	Eb4	63	59	1079	126.396	Eb4	63	96	
1036	126.629	F#5	78	73	1078	126.396	F#5	78	96	
1037	126.964	Eb5	75	69	1080	126.701	Eb5	75	96	
1038	126.966	C4	60	56	1081	126.701	C4	60	96	
1039	127.268	C#4	61	56	1083	127.005	C#4	61	96	
1040	127.277	F5	77	72	1082	127.005	F5	77	96	
1041	127.569	C4	60	58	1085	127.31	C4	60	96	
1042	127.584	E5	76	73	1084	127.31	E5	76	96	
1043	127.882	Eb4	63	56	1087	127.614	Eb4	63	96	
1044	127.893	F#5	78	73	1086	127.614	F#5	78	96	
1045	128.178	F5	77	72	1088	127.919	F5	77	96	
1046	128.2	C#4	61	60	1089	127.919	C#4	61	96	
1047	128.503	Eb5	75	69	1090	128.224	Eb5	75	96	
1048	128.507	C4	60	57	1091	128.224	C4	60	96	
1049	128.809	A3	57	51	1093	128.528	A3	57	96	
1050	128.811	C5	72	67	1092	128.528	C5	72	96	
1051	129.138	C#5	73	66	1094	128.833	C#5	73	56	
1052	129.14	Bb3	58	53	1095	128.833	Bb3	58	56	
1053	129.446	C#4	61	51	1096	129.137	C#4	61	56	
1054	129.753	G#3	56	61	1097	129.442	G#3	56	56	
1055	130.085	Bb5	82	75	1099	129.746	Bb5	82	61	
1056	130.087	G3	55	61	1100	129.746	G3	55	61	
1057	130.088	C#5	73	68	1098	129.746	C#5	73	61	
1058	130.394	Bb3	58	72	1101	130.051	Bb3	58	61	
1059	130.672	C#5	73	84	1102	130.356	C#5	73	61	
1060	130.677	Bb5	82	81	1103	130.356	Bb5	82	61	
1061	130.686	F3	53	64	1104	130.356	F3	53	61	
1062	131.012	C5	72	83	1105	130.66	C5	72	81	
1063	131.013	E3	52	71	1107	130.66	E3	52	66	
1064	131.013	Bb5	82	83	1106	130.66	Bb5	82	81	
1065	131.303	G3	55	70	1108	130.965	G3	55	66	
1066	131.609	D3	50	71	1109	131.269	D3	50	66	
1067	131.923	C3	48	68	1110	131.574	C3	48	71	
1068	132.21	D3	50	73	1111	131.878	D3	50	71	
1069	132.501	E3	52	64	1114	132.183	E3	52	71	
1070	132.511	G4	67	71	1112	132.183	G4	67	71	
1071	132.511	Bb4	70	73	1113	132.183	Bb4	70	71	
1072	132.814	G#4	68	73	1116	132.488	G#4	68	76	
1073	132.819	F4	65	67	1115	132.488	F4	65	76	
1074	132.824	F3	53	67	1117	132.488	F3	53	76	
1075	133.116	G#3	56	72	1118	132.792	G#3	56	76	
1076	133.425	Eb3	51	77	1119	133.097	Eb3	51	76	
1077	133.735	D3	50	69	1122	133.401	D3	50	81	
1078	133.741	G#5	80	81	1121	133.401	G#5	80	81	
1079	133.741	F5	77	79	1120	133.401	F5	77	81	
1080	134.044	F3	53	79	1123	133.706	F3	53	81	
1081	134.32	G#5	80	92	1125	134.01	G#5	80	81	
1082	134.323	C3	48	76	1126	134.01	C3	48	81	
1083	134.324	F5	77	85	1124	134.01	F5	77	81	
1084	134.642	B2	47	79	1129	134.315	B2	47	86	
1085	134.649	G5	79	94	1128	134.315	G5	79	101	
1086	134.655	F5	77	84	1127	134.315	F5	77	101	
1087	134.953	D3	50	80	1130	134.619	D3	50	86	
1088	135.258	A2	45	77	1131	134.924	A2	45	86	
1089	135.565	G2	43	76	1132	135.229	G2	43	91	
1090	135.835	A2	45	77	1133	135.533	A2	45	91	
1091	136.15	B2	47	75	1136	135.838	B2	47	91	
1092	136.162	D4	62	82	1134	135.838	D4	62	91	
1093	136.168	F4	65	74	1135	135.838	F4	65	91	
1094	136.474	Eb4	63	80	1138	136.142	Eb4	63	93	
1095	136.476	C4	60	80	1137	136.142	C4	60	93	
1096	136.48	C3	48	79	1139	136.142	C3	48	93	
1097	136.783	Eb3	51	82	1140	136.447	Eb3	51	93	
1098	137.117	Bb2	46	83	1141	136.751	Bb2	46	93	
1099	137.424	G#2	44	81	1145	137.056	G#2	44	96	
1100	137.424	C6	84	91	1144	137.056	C6	84	96	
1101	137.428	C5	72	81	1142	137.056	C5	72	96	
1102	137.428	Eb5	75	85	1143	137.056	Eb5	75	96	
1103	137.72	C3	48	83	1146	137.361	C3	48	96	
1104	138.015	G2	43	77	1150	137.665	G2	43	96	
1105	138.018	Eb5	75	83	1148	137.665	Eb5	75	96	
1106	138.025	C6	84	87	1149	137.665	C6	84	96	
1107	138.027	C5	72	77	1147	137.665	C5	72	96	
1108	138.083	B4	71	13	*	-1	*	-1	-1	
1109	138.343	C5	72	93	1151	137.97	C5	72	105	
1110	138.344	C6	84	97	1153	137.97	C6	84	105	
1111	138.345	F2	41	85	1154	137.97	F2	41	96	
1112	138.383	D5	74	59	*	-1	*	-1	-1	
1113	138.391	G#5	80	49	1152	137.97	G#5	80	105	
1114	138.407	Bb5	82	50	*	-1	*	-1	-1	
1115	138.443	G5	79	60	*	-1	*	-1	-1	
1116	138.463	G#5	80	6	*	-1	*	-1	-1	
1117	138.635	G#2	44	81	1155	138.274	G#2	44	96	
1118	138.937	Eb2	39	79	1156	138.579	Eb2	39	96	
1119	139.227	D2	38	84	1160	138.883	D2	38	96	
1120	139.235	F5	77	88	1157	138.883	F5	77	96	
1121	139.235	G#5	80	89	1158	138.883	G#5	80	96	
1122	139.235	F6	89	92	1159	138.883	F6	89	96	
1123	139.508	F2	41	83	1161	139.188	F2	41	96	
1124	139.788	F5	77	87	1162	139.493	F5	77	96	
1125	139.788	G#5	80	84	1163	139.493	G#5	80	96	
1126	139.79	F6	89	92	1164	139.493	F6	89	96	
1127	139.792	C2	36	87	1165	139.493	C2	36	96	
1128	140.119	B1	35	84	1170	139.797	B1	35	112	
1129	140.12	F6	89	95	1169	139.797	F6	89	112	
1130	140.123	D6	86	90	1168	139.797	D6	86	112	
1131	140.125	F5	77	88	1166	139.797	F5	77	112	
1132	140.127	G5	79	93	1167	139.797	G5	79	112	
1133	140.198	E6	88	44	*	-1	*	-1	-1	
1134	140.422	D2	38	86	1171	140.102	D2	38	112	
1135	140.721	A1	33	84	1172	140.406	A1	33	112	
1136	141.027	G1	31	86	1173	140.711	G1	31	112	
1137	141.301	A1	33	81	1174	141.015	A1	33	112	
1138	141.592	D5	74	95	1175	141.32	D5	74	119	
1139	141.597	B1	35	84	1177	141.32	B1	35	112	
1140	141.597	F5	77	96	1176	141.32	F5	77	119	
1141	141.62	G1	31	27	*	-1	*	-1	-1	
1142	141.914	C2	36	84	1180	141.625	C2	36	112	
1143	141.916	Eb5	75	86	1179	141.625	Eb5	75	112	
1144	141.922	C5	72	86	1178	141.625	C5	72	112	
1145	142.205	D2	38	83	1181	141.929	D2	38	112	
1146	142.503	Eb2	39	86	1184	142.234	Eb2	39	112	
1147	142.507	G4	67	84	1182	142.234	G4	67	119	
1148	142.509	Eb5	75	89	1183	142.234	Eb5	75	119	
1149	142.591	B1	35	10	*	-1	*	-1	-1	
1150	142.787	F2	41	98	1186	142.538	F2	41	112	
1151	142.791	G#4	68	91	1185	142.538	G#4	68	112	
1152	143.075	F4	65	91	1187	142.843	F4	65	112	
1153	143.077	D5	74	89	1188	142.843	D5	74	112	
1154	143.351	Eb4	63	95	1189	143.147	Eb4	63	112	
1155	143.353	C5	72	74	1191	143.147	C5	72	112	
1156	143.355	F#2	42	92	1192	143.147	F#2	42	112	
1157	143.359	A4	69	78	1190	143.147	A4	69	112	
1158	143.392	F2	41	5	*	-1	*	-1	-1	
1159	143.652	B4	71	85	1195	143.452	B4	71	112	
1160	143.654	D4	62	88	1193	143.452	D4	62	112	
1161	143.654	G2	43	96	1196	143.452	G2	43	112	
1162	143.658	G4	67	84	1194	143.452	G4	67	112	
1163	143.71	F2	41	31	*	-1	*	-1	-1	
1164	143.714	F#2	42	3	*	-1	*	-1	-1	
1165	143.749	E2	40	3	*	-1	*	-1	-1	
1166	143.95	G3	55	99	1197	143.757	G3	55	112	
1167	144.228	B4	71	70	1198	144.061	B4	71	49	
1168	144.228	D5	74	70	1199	144.061	D5	74	49	
1169	144.235	G5	79	70	1200	144.061	G5	79	49	
1170	144.502	F#5	78	72	1203	144.366	F5	77	48	
1171	144.516	G#4	68	73	1201	144.366	G#4	68	48	
1172	144.526	C5	72	66	1202	144.366	C5	72	48	
1173	144.801	G3	55	71	1204	144.67	G3	55	48	
1174	145.091	Eb5	75	77	1207	144.975	Eb5	75	47	
1175	145.091	G4	67	66	1205	144.975	G4	67	47	
1176	145.103	Bb4	70	63	1206	144.975	Bb4	70	47	
1177	145.382	D5	74	69	1210	145.279	D5	74	47	
1178	145.383	F4	65	70	1208	145.279	F4	65	47	
1179	145.394	G#4	68	68	1209	145.279	G#4	68	47	
1180	145.674	G3	55	68	1211	145.584	G3	55	46	
1181	145.963	Eb4	63	75	1212	145.889	Eb4	63	46	
1182	145.971	C5	72	65	1214	145.889	C5	72	46	
1183	145.976	G4	67	66	1213	145.889	G4	67	46	
1184	146.257	B4	71	72	1217	146.193	B4	71	45	
1185	146.261	D4	62	72	1215	146.193	D4	62	45	
1186	146.266	F4	65	67	1216	146.193	F4	65	45	
1187	146.549	G3	55	72	1218	146.498	G3	55	45	
1188	146.831	G#4	68	71	1221	146.802	G#4	68	44	
1189	146.835	Eb4	63	69	1220	146.802	Eb4	63	44	
1190	146.839	C4	60	57	1219	146.802	C4	60	44	
1191	147.133	B3	59	69	1222	147.107	B3	59	44	
1192	147.134	G4	67	68	1224	147.107	G4	67	44	
1193	147.146	D4	62	61	1223	147.107	D4	62	44	
1194	147.44	G2	43	67	1225	147.411	G2	43	43	
1195	147.719	G5	79	66	1228	147.716	G5	79	43	
1196	147.723	B4	71	62	1226	147.716	B4	71	43	
1197	147.726	D5	74	64	1227	147.716	D5	74	43	
1198	148.017	G#4	68	69	1229	148.021	G#4	68	42	
1199	148.017	F5	77	66	1231	148.021	F5	77	42	
1200	148.033	C5	72	60	1230	148.021	C5	72	42	
1201	148.324	G2	43	64	1232	148.325	G2	43	42	
1202	148.602	Eb5	75	67	1235	148.63	Eb5	75	41	
1203	148.606	G4	67	56	1233	148.63	G4	67	41	
1204	148.618	Bb4	70	52	1234	148.63	Bb4	70	41	
1205	148.875	D5	74	72	1238	148.934	D5	74	41	
1206	148.877	F4	65	63	1236	148.934	F4	65	41	
1207	148.893	G#4	68	69	1237	148.934	G#4	68	41	
1208	149.195	G2	43	66	1239	149.239	G2	43	40	
1209	149.476	Eb4	63	64	1240	149.543	Eb4	63	40	
1210	149.482	C5	72	55	1242	149.543	C5	72	40	
1211	149.483	G4	67	64	1241	149.543	G4	67	40	
1212	149.765	B4	71	61	1245	149.848	B4	71	39	
1213	149.773	D4	62	58	1243	149.848	D4	62	39	
1214	149.779	F4	65	58	1244	149.848	F4	65	39	
1215	150.089	G2	43	53	1246	150.153	G2	43	39	
1216	150.363	Eb4	63	64	1248	150.457	Eb4	63	37	
1217	150.375	C4	60	53	1247	150.457	C4	60	37	
1218	150.379	G#4	68	51	1249	150.457	G#4	68	37	
1219	150.646	B3	59	60	1250	150.762	B3	59	37	
1220	150.652	G4	67	55	1252	150.762	G4	67	37	
1221	150.654	D4	62	57	1251	150.762	D4	62	37	
1222	150.948	G1	31	71	1253	151.066	G1	31	35	
1223	150.952	G2	43	65	1254	151.066	G2	43	35	
1224	151.218	G#3	56	66	1255	151.371	G#3	56	35	
1225	151.226	F4	65	57	1257	151.371	F4	65	35	
1226	151.246	C4	60	47	1256	151.371	C4	60	35	
1227	151.516	G3	55	62	1258	151.675	G3	55	35	
1228	151.522	Eb4	63	54	1260	151.675	Eb4	63	35	
1229	151.529	C4	60	53	1259	151.675	C4	60	35	
1230	151.793	G1	31	70	1261	151.98	G1	31	35	
1231	151.796	G2	43	69	1262	151.98	G2	43	35	
1232	152.086	F3	53	72	1263	152.284	F3	53	33	
1233	152.098	D4	62	60	1265	152.284	D4	62	33	
1234	152.101	B3	59	63	1264	152.284	B3	59	33	
1235	152.434	C3	48	99	1272	152.589	C3	48	96	
1236	152.436	C2	36	87	1269	152.589	C2	36	96	
1237	152.438	Eb3	51	95	1266	152.589	Eb3	51	96	
1238	152.444	G3	55	85	1267	152.589	G3	55	96	
1239	152.444	C4	60	86	1268	152.589	C4	60	96	
1240	152.445	G2	43	82	1271	152.589	G2	43	96	
1241	152.45	Eb2	39	79	1270	152.589	Eb2	39	96	
1242	152.782	E2	40	41	*	-1	*	-1	-1	
1243	153.025	G4	67	73	1273	153.122	G4	67	96	
1244	153.097	Eb5	75	82	1274	153.198	Eb5	75	96	
1245	153.3	C5	72	72	1275	153.427	C5	72	96	
1246	153.357	G5	79	86	1276	153.503	G5	79	96	
1247	153.556	Eb5	75	84	1277	153.731	Eb5	75	96	
1248	153.631	C6	84	88	1278	153.807	C6	84	96	
1249	153.825	G5	79	77	1279	154.036	G5	79	96	
1250	153.913	Eb6	87	93	1280	154.112	Eb6	87	96	
1251	154.207	Eb6	87	94	1281	154.416	Eb6	87	96	
1252	154.783	C5	72	52	1283	155.026	C5	72	49	
1253	154.796	Eb4	63	39	1285	155.026	Eb4	63	49	
1254	154.796	G4	67	49	1282	155.026	G4	67	49	
1255	154.8	C4	60	35	1284	155.026	C4	60	49	
1256	155.149	G4	67	44	1286	155.33	G4	67	49	
1257	155.157	C5	72	53	1287	155.33	C5	72	49	
1258	155.161	C4	60	38	1288	155.33	C4	60	49	
1259	155.163	Eb4	63	44	1289	155.33	Eb4	63	49	
1260	155.748	B4	71	59	1291	155.939	B4	71	49	
1261	155.757	F4	65	54	1293	155.939	F4	65	49	
1262	155.764	D4	62	50	1292	155.939	D4	62	49	
1263	155.772	G4	67	53	1290	155.939	G4	67	49	
1264	156.178	B3	59	99	1300	156.244	B3	59	96	
1265	156.178	D4	62	93	1301	156.244	D4	62	96	
1266	156.18	B4	71	95	1296	156.244	B4	71	96	
1267	156.184	G#3	56	92	1299	156.244	G#3	56	96	
1268	156.184	F4	65	89	1294	156.244	F4	65	96	
1269	156.184	G#4	68	88	1295	156.244	G#4	68	96	
1270	156.186	D3	50	83	1297	156.244	D3	50	96	
1271	156.192	F3	53	82	1298	156.244	F3	53	96	
1272	156.236	F#3	54	29	*	-1	*	-1	-1	
1273	156.245	E3	52	38	*	-1	*	-1	-1	
1274	156.743	B4	71	76	1302	156.777	B4	71	96	
1275	156.823	F5	77	88	1303	156.853	F5	77	96	
1276	157.022	D5	74	80	1304	157.081	D5	74	96	
1277	157.101	B5	83	92	1305	157.158	B5	83	96	
1278	157.313	F5	77	80	1306	157.386	F5	77	96	
1279	157.384	D6	86	89	1307	157.462	D6	86	96	
1280	157.569	B5	83	80	1308	157.691	B5	83	96	
1281	157.635	F6	89	93	1309	157.767	F6	89	96	
1282	157.925	F6	89	99	1310	158.071	F6	89	96	
1283	158.471	B4	71	44	1311	158.68	B4	71	49	
1284	158.483	D5	74	48	1312	158.68	D5	74	49	
1285	158.485	G#4	68	43	1315	158.68	G#4	68	49	
1286	158.489	F4	65	38	1314	158.68	F4	65	49	
1287	158.513	D4	62	28	1313	158.68	D4	62	49	
1288	158.845	G#4	68	49	1320	158.985	G#4	68	49	
1289	158.847	F4	65	48	1319	158.985	F4	65	49	
1290	158.849	D5	74	61	1317	158.985	D5	74	49	
1291	158.85	B4	71	50	1316	158.985	B4	71	49	
1292	158.854	D4	62	44	1318	158.985	D4	62	49	
1293	159.475	Eb4	63	47	1322	159.594	Eb4	63	49	
1294	159.482	C5	72	63	1321	159.594	C5	72	49	
1295	159.496	G4	67	40	1323	159.594	G4	67	49	
1296	159.662	C5	72	65	1324	159.899	C5	72	49	
1297	159.711	Eb5	75	64	1325	160.05	Eb5	75	49	
1298	159.789	G5	79	66	1326	160.203	G5	79	49	
1299	160.262	F5	77	63	1327	160.356	F5	77	49	
1300	160.411	C4	60	46	1331	160.508	C4	60	49	
1301	160.419	G3	55	44	1330	160.508	G3	55	49	
1302	160.421	Eb5	75	67	1328	160.508	Eb5	75	49	
1303	160.427	Eb3	51	40	1329	160.508	Eb3	51	49	
1304	160.737	B3	59	48	1335	160.812	B3	59	49	
1305	160.738	D5	74	74	1332	160.812	D5	74	49	
1306	160.74	F3	53	51	1333	160.812	F3	53	49	
1307	160.74	G#3	56	47	1334	160.812	G#3	56	49	
1308	161.353	G3	55	43	1338	161.422	G3	55	49	
1309	161.369	C5	72	59	1336	161.422	C5	72	49	
1310	161.381	Eb3	51	43	1337	161.422	Eb3	51	49	
1311	161.386	C4	60	42	1339	161.422	C4	60	49	
1312	161.516	G4	67	60	1340	161.726	G4	67	49	
1313	161.606	C5	72	70	1341	161.827	C5	72	49	
1314	161.648	Eb5	75	76	1342	161.929	Eb5	75	49	
1315	161.731	G5	79	78	1343	162.031	G5	79	49	
1316	162.171	F5	77	67	1344	162.183	F5	77	49	
1317	162.32	Eb5	75	69	1346	162.335	Eb5	75	49	
1318	162.322	G4	67	51	1348	162.335	G4	67	49	
1319	162.33	Eb4	63	50	1347	162.335	Eb4	63	49	
1320	162.344	C5	72	54	1345	162.335	C5	72	49	
1321	162.644	D5	74	66	1350	162.64	D5	74	49	
1322	162.655	B4	71	57	1349	162.64	B4	71	49	
1323	162.656	F4	65	51	1351	162.64	F4	65	49	
1324	162.663	G#4	68	56	1352	162.64	G#4	68	49	
1325	163.176	G4	67	49	1355	163.249	G4	67	49	
1326	163.182	Eb4	63	55	1354	163.249	Eb4	63	49	
1327	163.184	C5	72	68	1353	163.249	C5	72	49	
1328	163.36	G4	67	55	1356	163.554	G4	67	49	
1329	163.404	C5	72	71	1357	163.654	C5	72	49	
1330	163.455	Eb5	75	78	1358	163.756	Eb5	75	49	
1331	163.483	G4	67	87	1359	163.858	G4	67	49	
1332	163.504	G5	79	93	1360	163.858	G5	79	49	
1333	163.95	F5	77	89	1362	164.01	F5	77	49	
1334	163.951	F4	65	89	1361	164.01	F4	65	49	
1335	164.116	C4	60	72	1367	164.163	C4	60	49	
1336	164.122	Eb5	75	90	1364	164.163	Eb5	75	49	
1337	164.132	Eb4	63	85	1363	164.163	Eb4	63	49	
1338	164.133	G3	55	62	1366	164.163	G3	55	49	
1339	164.134	Eb3	51	63	1365	164.163	Eb3	51	49	
1340	164.416	B3	59	72	1370	164.467	B3	59	49	
1341	164.419	F3	53	68	1368	164.467	F3	53	49	
1342	164.431	G#3	56	67	1369	164.467	G#3	56	49	
1343	164.703	D4	62	74	1371	164.772	D4	62	49	
1344	164.705	D5	74	80	1372	164.772	D5	74	49	
1345	165.015	C4	60	79	1373	165.076	C4	60	49	
1346	165.019	C5	72	79	1374	165.076	C5	72	49	
1347	165.025	Eb3	51	63	1375	165.076	Eb3	51	49	
1348	165.027	G3	55	64	1376	165.076	G3	55	49	
1349	165.302	F3	53	76	1378	165.381	F3	53	49	
1350	165.311	D3	50	64	1377	165.381	D3	50	49	
1351	165.573	B4	71	81	1380	165.686	B4	71	49	
1352	165.579	B3	59	73	1379	165.686	B3	59	49	
1353	165.871	G#3	56	69	1381	165.99	G#3	56	49	
1354	165.871	G#4	68	72	1382	165.99	G#4	68	49	
1355	165.883	Eb3	51	53	1384	165.99	Eb3	51	49	
1356	165.885	C3	48	53	1383	165.99	C3	48	49	
1357	166.146	D3	50	59	1386	166.295	D3	50	49	
1358	166.158	B2	47	59	1385	166.295	B2	47	49	
1359	166.434	G3	55	59	1387	166.599	G3	55	49	
1360	166.434	G4	67	59	1388	166.599	G4	67	49	
1361	167.368	B3	59	48	1389	167.513	B3	59	33	
1362	167.477	D4	62	45	1390	167.614	D4	62	33	
1363	167.547	F4	65	48	1391	167.716	F4	65	33	
1364	167.635	G#4	68	58	1392	167.818	G#4	68	33	
1365	167.647	G#3	56	35	1396	167.818	G#3	56	33	
1366	167.664	D3	50	37	1394	167.818	D3	50	33	
1367	167.665	B2	47	35	1393	167.818	B2	47	33	
1368	167.677	G4	67	51	1397	167.919	G4	67	33	
1369	167.679	F3	53	18	*	-1	*	-1	-1	
1370	167.794	F4	65	56	1398	168.021	F4	65	33	
1371	167.926	C3	48	37	1400	168.122	C3	48	33	
1372	167.926	Eb4	63	54	1399	168.122	Eb4	63	33	
1373	167.929	Eb3	51	45	1401	168.122	Eb3	51	33	
1374	167.954	G3	55	39	1402	168.122	G3	55	33	
1375	169.049	F3	53	44	1403	169.34	F3	53	33	
1376	169.128	G#3	56	61	1404	169.442	G#3	56	33	
1377	169.216	D4	62	53	1405	169.543	D4	62	33	
1378	169.303	F4	65	64	1406	169.645	F4	65	33	
1379	169.311	D3	50	52	1409	169.645	D3	50	33	
1380	169.323	F2	41	48	1407	169.645	F2	41	33	
1381	169.329	G#2	44	59	1408	169.645	G#2	44	33	
1382	169.41	Eb4	63	60	1410	169.746	Eb4	63	33	
1383	169.479	D4	62	68	1411	169.848	D4	62	33	
1384	169.563	C3	48	38	1414	169.95	C3	48	33	
1385	169.589	Eb3	51	57	1415	169.95	Eb3	51	33	
1386	169.595	C4	60	67	1412	169.95	C4	60	33	
1387	169.609	G2	43	47	1413	169.95	G2	43	33	
1388	170.539	G3	55	71	1416	171.168	G3	55	112	
1389	170.613	B3	59	71	1417	171.269	B3	59	112	
1390	170.696	D4	62	68	1418	171.371	D4	62	112	
1391	170.766	G2	43	99	1421	171.472	G2	43	112	
1392	170.774	G1	31	85	1420	171.472	G1	31	112	
1393	170.774	F4	65	84	1419	171.472	F4	65	112	
1394	170.817	A1	33	43	*	-1	*	-1	-1	
1395	170.889	D4	62	70	1422	171.574	D4	62	112	
1396	170.959	B3	59	68	1423	171.675	B3	59	112	
1397	170.987	C4	60	54	*	-1	*	-1	-1	
1398	171.086	C4	60	94	1424	171.777	C4	60	112	
1399	171.098	C3	48	101	1426	171.777	C3	48	112	
1400	171.103	C2	36	86	1425	171.777	C2	36	112	
1401	172.772	C#4	61	76	1427	173.604	C#4	61	96	
1402	173.642	B3	59	44	1428	174.518	B3	59	49	
1403	173.945	F4	65	44	1429	174.823	F4	65	49	
1404	174.221	C#5	73	62	1431	175.127	C#5	73	49	
1405	174.527	Bb3	58	45	1434	175.432	Bb3	58	49	
1406	174.538	F#4	66	55	1433	175.432	F#4	66	49	
1407	174.538	C#5	73	63	1432	175.432	C#5	73	49	
1408	175.16	C#5	73	65	1435	176.041	C#5	73	49	
1409	175.461	F4	65	47	1436	176.345	F4	65	49	
1410	175.478	G#3	56	44	1437	176.345	G#3	56	49	
1411	175.489	B3	59	40	1438	176.345	B3	59	49	
1412	175.77	Eb5	75	70	1439	176.65	Eb5	75	49	
1413	176.062	B4	71	60	1440	176.955	B4	71	49	
1414	176.366	F#4	66	50	1441	177.259	F#4	66	49	
1415	176.37	C#4	61	40	1443	177.259	C#4	61	49	
1416	176.374	F#3	54	39	1442	177.259	F#3	54	49	
1417	176.654	A4	69	54	1444	177.564	A4	69	49	
1418	176.958	Bb4	70	51	1445	177.868	Bb4	70	49	
1419	177.241	B4	71	46	1447	178.173	B4	71	49	
1420	177.261	C#5	73	46	1446	178.173	C#5	73	49	
1421	177.565	F5	77	53	1448	178.477	F5	77	49	
1422	177.886	C#6	85	60	1450	178.782	C#6	85	49	
1423	178.198	Bb4	70	48	1453	179.087	Bb4	70	49	
1424	178.209	C#6	85	65	1451	179.087	C#6	85	49	
1425	178.214	F#5	78	54	1452	179.087	F#5	78	49	
1426	178.841	C#6	85	70	1454	179.696	C#6	85	49	
1427	179.161	F5	77	59	1455	180	F5	77	49	
1428	179.168	B4	71	45	1457	180	B4	71	49	
1429	179.175	G#4	68	47	1456	180	G#4	68	49	
1430	179.464	Eb6	87	77	1458	180.305	Eb6	87	49	
1431	179.774	B5	83	68	1459	180.609	B5	83	49	
1432	180.091	F#4	66	44	1461	180.914	F#4	66	49	
1433	180.095	C#5	73	38	1462	180.914	C#5	73	49	
1434	180.097	F#5	78	52	1460	180.914	F#5	78	49	
1435	180.402	A5	81	57	1463	181.219	A5	81	49	
1436	180.712	Bb5	82	50	1464	181.523	Bb5	82	49	
1437	181.003	G#4	68	42	1466	181.828	G#4	68	49	
1438	181.007	Bb4	70	38	1465	181.828	Bb4	70	49	
1439	181.298	D5	74	51	1467	182.132	D5	74	49	
1440	181.605	Bb5	82	58	1469	182.437	Bb5	82	49	
1441	181.928	F#4	66	43	1472	182.741	F#4	66	49	
1442	181.93	Eb5	75	50	1471	182.741	Eb5	75	49	
1443	181.934	Bb5	82	57	1470	182.741	Bb5	82	49	
1444	182.539	Bb5	82	62	1473	183.351	Bb5	82	49	
1445	182.835	G#4	68	40	1476	183.655	G#4	68	49	
1446	182.836	F4	65	44	1475	183.655	F4	65	49	
1447	182.84	D5	74	50	1474	183.655	D5	74	49	
1448	183.154	B5	83	66	1477	183.96	B5	83	49	
1449	183.445	G#5	80	73	1478	184.264	G#5	80	49	
1450	183.73	Eb4	63	43	1480	184.569	Eb4	63	49	
1451	183.74	F#4	66	46	1481	184.569	F#4	66	49	
1452	183.754	Bb4	70	58	1479	184.569	Bb4	70	49	
1453	184.072	F5	77	73	1482	184.873	F5	77	49	
1454	184.375	F#5	78	77	1483	185.178	F#5	78	49	
1455	184.658	C#4	61	49	1485	185.483	C#4	61	49	
1456	184.685	B4	71	63	1484	185.483	B4	71	49	
1457	184.687	F4	65	54	1486	185.483	F4	65	49	
1458	184.997	G#5	80	74	1487	185.787	G#5	80	49	
1459	185.3	F5	77	74	1488	186.092	F5	77	49	
1460	185.591	C4	60	45	1490	186.396	C4	60	49	
1461	185.598	C5	72	63	1489	186.396	C5	72	49	
1462	185.605	G4	67	46	1491	186.396	G4	67	49	
1463	185.92	F5	77	63	1492	186.701	F5	77	49	
1464	186.204	E5	76	59	1493	187.005	E5	76	49	
1465	186.51	G#4	68	52	1494	187.31	G#4	68	49	
1466	186.512	B3	59	42	1495	187.31	B3	59	49	
1467	186.792	F5	77	59	1496	187.615	F5	77	49	
1468	187.115	G#4	68	49	1497	187.919	G#4	68	49	
1469	187.126	F4	65	42	1498	187.919	F4	65	49	
1470	187.438	C3	48	46	1502	188.224	C3	48	49	
1471	187.441	C4	60	42	1501	188.224	C4	60	49	
1472	187.446	E4	64	48	1500	188.224	E4	64	49	
1473	187.464	G4	67	46	1499	188.224	G4	67	49	
1474	187.746	G3	55	49	1503	188.528	G3	55	49	
1475	188.061	G#3	56	54	1504	188.833	G#3	56	49	
1476	188.356	Bb3	58	51	1505	189.137	Bb3	58	49	
1477	188.618	C#5	73	57	1506	189.442	C#5	73	49	
1478	188.639	F3	53	46	1507	189.442	F3	53	49	
1479	188.915	C#5	73	69	1508	189.746	C#5	73	49	
1480	188.922	G3	55	59	1509	189.746	G3	55	49	
1481	189.227	C#5	73	75	1510	190.051	C#5	73	49	
1482	189.228	C3	48	53	1512	190.051	C3	48	49	
1483	189.231	G#3	56	50	1511	190.051	G#3	56	49	
1484	189.531	C5	72	55	1513	190.356	C5	72	49	
1485	189.543	E3	52	54	1514	190.356	E3	52	49	
1486	189.842	F3	53	54	1515	190.66	F3	53	49	
1487	190.163	G3	55	56	1516	190.965	G3	55	49	
1488	190.435	Bb4	70	56	1517	191.269	Bb4	70	49	
1489	190.445	D3	50	48	1518	191.269	D3	50	49	
1490	190.716	Bb4	70	66	1519	191.574	Bb4	70	49	
1491	190.72	E3	52	62	1520	191.574	E3	52	49	
1492	191.009	C3	48	51	1523	191.878	C3	48	49	
1493	191.023	Bb4	70	72	1521	191.878	Bb4	70	49	
1494	191.032	F3	53	60	1522	191.878	F3	53	49	
1495	191.299	G3	55	64	1525	192.183	G3	55	49	
1496	191.315	A4	69	60	1524	192.183	A4	69	49	
1497	191.61	A3	57	63	1526	192.488	A3	57	49	
1498	191.907	Bb3	58	65	1527	192.792	Bb3	58	49	
1499	192.046	D5	74	64	1528	192.944	D5	74	49	
1500	192.182	C#5	73	74	1529	193.097	C#5	73	49	
1501	192.221	F#3	54	65	1530	193.097	F#3	54	49	
1502	192.326	D5	74	76	1531	193.249	D5	74	49	
1503	192.469	E5	76	75	1532	193.401	E5	76	49	
1504	192.486	G3	55	56	1533	193.401	G3	55	49	
1505	192.605	D5	74	73	1534	193.554	D5	74	49	
1506	192.78	A3	57	58	1535	193.706	A3	57	49	
1507	192.795	C3	48	45	1536	193.706	C3	48	49	
1508	192.916	C5	72	64	1537	193.858	C5	72	49	
1509	193.055	B4	71	65	1538	194.01	B4	71	49	
1510	193.101	E3	52	51	1539	194.01	E3	52	49	
1511	193.216	C5	72	65	1540	194.163	C5	72	49	
1512	193.353	D5	74	63	1541	194.315	D5	74	49	
1513	193.357	F3	53	49	1542	194.315	F3	53	49	
1514	193.511	C5	72	67	1543	194.467	C5	72	49	
1515	193.638	G3	55	49	1544	194.62	G3	55	49	
1516	193.785	Bb4	70	62	1545	194.772	Bb4	70	49	
1517	193.935	A4	69	62	1546	194.924	A4	69	49	
1518	193.959	D3	50	39	1547	194.924	D3	50	49	
1519	194.096	Bb4	70	61	1548	195.076	Bb4	70	49	
1520	194.223	C5	72	62	1549	195.229	C5	72	49	
1521	194.229	E3	52	48	1550	195.229	E3	52	49	
1522	194.356	Bb4	70	70	1551	195.381	Bb4	70	49	
1523	194.504	A4	69	66	1552	195.533	A4	69	49	
1524	194.662	C4	60	51	1554	195.686	C4	60	49	
1525	194.826	A3	57	48	1555	195.838	A3	57	49	
1526	194.985	C4	60	40	1556	195.99	C4	60	49	
1527	195.123	G3	55	51	1557	196.142	G3	55	49	
1528	195.242	C4	60	51	1558	196.295	C4	60	49	
1529	195.407	F3	53	53	1559	196.447	F3	53	49	
1530	195.562	C4	60	52	1560	196.599	C4	60	49	
1531	195.68	G3	55	59	1561	196.752	G3	55	49	
1532	195.806	C5	72	71	1562	196.904	C5	72	49	
1533	195.82	C4	60	60	1563	196.904	C4	60	49	
1534	195.959	F5	77	74	1564	197.056	F5	77	49	
1535	195.98	A3	57	51	1565	197.056	A3	57	49	
1536	196.1	C4	60	58	1566	197.208	C4	60	49	
1537	196.262	G3	55	51	1568	197.361	G3	55	49	
1538	196.271	F5	77	76	1567	197.361	F5	77	49	
1539	196.405	C4	60	61	1569	197.513	C4	60	49	
1540	196.548	A3	57	51	1570	197.665	A3	57	49	
1541	196.701	C4	60	43	1571	197.818	C4	60	49	
1542	196.819	Bb3	58	51	1572	197.97	Bb3	58	49	
1543	196.986	C4	60	49	1573	198.122	C4	60	49	
1544	197.117	E5	76	59	1574	198.274	E5	76	49	
1545	197.125	G3	55	49	1575	198.274	G3	55	49	
1546	197.285	C4	60	51	1576	198.427	C4	60	49	
1547	197.422	A3	57	47	1577	198.579	A3	57	49	
1548	197.58	C4	60	48	1578	198.731	C4	60	49	
1549	197.703	Bb3	58	55	1579	198.884	Bb3	58	49	
1550	197.848	C4	60	55	1580	199.036	C4	60	49	
1551	198.01	C5	72	78	1581	199.188	C5	72	49	
1552	198.015	E3	52	49	1582	199.188	E3	52	49	
1553	198.152	C4	60	59	1583	199.34	C4	60	49	
1554	198.273	G3	55	58	1584	199.493	G3	55	49	
1555	198.423	C4	60	57	1585	199.645	C4	60	49	
1556	198.563	F3	53	57	1586	199.797	F3	53	49	
1557	198.591	D5	74	59	1597	200.254	D5	74	49	
1558	198.694	C5	72	55	1599	200.305	C5	72	49	
1559	198.707	C4	60	60	1587	199.95	C4	60	49	
1560	198.746	B4	71	64	1600	200.356	B4	71	49	
1561	198.813	C5	72	78	1601	200.406	C5	72	49	
1562	198.858	E3	52	60	1590	200.102	E3	52	49	
1563	199.012	C4	60	61	1598	200.254	C4	60	49	
1564	199.148	F3	53	67	1602	200.406	F3	53	49	
1565	199.281	C4	60	73	1604	200.559	C4	60	49	
1566	199.301	G5	79	80	1603	200.559	G5	79	49	
1567	199.427	G3	55	68	1606	200.711	G3	55	49	
1568	199.427	Bb5	82	87	1605	200.711	Bb5	82	49	
1569	199.572	C4	60	66	1607	200.863	C4	60	49	
1570	199.722	F3	53	55	1609	201.016	F3	53	49	
1571	199.733	Bb5	82	80	1608	201.016	Bb5	82	49	
1572	199.872	C4	60	59	1610	201.168	C4	60	49	
1573	200.01	G3	55	57	1611	201.32	G3	55	49	
1574	200.163	C4	60	47	1612	201.472	C4	60	49	
1575	200.276	A3	57	51	1613	201.625	A3	57	49	
1576	200.428	C4	60	50	1614	201.777	C4	60	49	
1577	200.562	A5	81	61	1615	201.929	A5	81	49	
1578	200.57	F3	53	51	1616	201.929	F3	53	49	
1579	200.704	C4	60	54	1617	202.082	C4	60	49	
1580	200.849	G3	55	51	1618	202.234	G3	55	49	
1581	201.007	C4	60	47	1619	202.386	C4	60	49	
1582	201.13	A3	57	49	1620	202.538	A3	57	49	
1583	201.282	C4	60	53	1621	202.691	C4	60	49	
1584	201.419	F3	53	51	1623	202.843	F3	53	49	
1585	201.429	A4	69	65	1622	202.843	A4	69	49	
1586	201.548	C4	60	57	1625	202.995	C4	60	49	
1587	201.565	Bb4	70	63	1624	202.995	Bb4	70	49	
1588	201.67	A3	57	58	1627	203.148	A3	57	49	
1589	201.695	C5	72	65	1626	203.148	C5	72	49	
1590	201.816	C4	60	62	1629	203.3	C4	60	49	
1591	201.828	D5	74	63	1628	203.3	D5	74	49	
1592	201.972	E5	76	71	1630	203.452	E5	76	49	
1593	201.974	F3	53	55	1631	203.452	F3	53	49	
1594	202.1	C4	60	64	1633	203.604	C4	60	49	
1595	202.104	F5	77	79	1632	203.604	F5	77	49	
1596	202.242	F3	53	54	1635	203.757	F3	53	49	
1597	202.246	G5	79	79	1634	203.757	G5	79	49	
1598	202.378	C4	60	67	1637	203.909	C4	60	49	
1599	202.388	A5	81	78	1636	203.909	A5	81	49	
1600	202.508	A3	57	65	1639	204.061	A3	57	49	
1601	202.524	Bb5	82	81	1638	204.061	Bb5	82	49	
1602	202.655	C4	60	72	1641	204.214	C4	60	49	
1603	202.66	C6	84	82	1640	204.214	C6	84	49	
1604	202.798	D6	86	88	1642	204.366	D6	86	49	
1605	202.8	F3	53	63	1643	204.366	F3	53	49	
1606	202.928	E6	88	91	1644	204.518	E6	88	49	
1607	202.935	C4	60	68	1645	204.518	C4	60	49	
1608	203.094	G3	55	60	1647	204.67	G3	55	49	
1609	203.097	F6	89	94	1646	204.67	F6	89	64	
1610	203.226	C4	60	67	1648	204.823	C4	60	49	
1611	203.361	Bb3	58	65	1649	204.975	Bb3	58	49	
1612	203.499	C4	60	65	1650	205.127	C4	60	49	
1613	203.655	G3	55	63	1651	205.28	G3	55	49	
1614	203.795	C4	60	61	1652	205.432	C4	60	49	
1615	203.941	E6	88	74	1653	205.584	E6	88	49	
1616	203.953	G3	55	55	1654	205.584	G3	55	49	
1617	204.102	C4	60	59	1655	205.736	C4	60	49	
1618	204.244	Bb3	58	58	1656	205.889	Bb3	58	49	
1619	204.397	C4	60	54	1657	206.041	C4	60	49	
1620	204.542	G3	55	49	1658	206.193	G3	55	49	
1621	204.679	C4	60	56	1659	206.345	C4	60	49	
1622	204.816	C4	60	63	1660	206.498	C4	60	49	
1623	204.857	E3	52	46	1661	206.498	E3	52	49	
1624	204.984	C4	60	55	1663	206.65	C4	60	49	
1625	204.988	D4	62	58	1662	206.65	D4	62	49	
1626	205.136	E4	64	61	1664	206.802	E4	64	49	
1627	205.139	G3	55	57	1665	206.802	G3	55	49	
1628	205.274	C4	60	65	1667	206.955	C4	60	49	
1629	205.276	F4	65	69	1666	206.955	F4	65	49	
1630	205.424	G4	67	69	1668	207.107	G4	67	49	
1631	205.428	E3	52	61	1669	207.107	E3	52	49	
1632	205.553	C4	60	68	1671	207.259	C4	60	49	
1633	205.563	A4	69	76	1670	207.259	A4	69	49	
1634	205.696	E3	52	64	1673	207.411	E3	52	49	
1635	205.712	Bb4	70	80	1672	207.411	Bb4	70	49	
1636	205.846	C4	60	73	1675	207.564	C4	60	49	
1637	205.863	C5	72	80	1674	207.564	C5	72	49	
1638	206.007	G3	55	65	1677	207.716	G3	55	49	
1639	206.012	D5	74	81	1676	207.716	D5	74	49	
1640	206.139	E5	76	81	1678	207.868	E5	76	49	
1641	206.146	C4	60	74	1679	207.868	C4	60	49	
1642	206.281	E3	52	63	1681	208.021	E3	52	49	
1643	206.283	F5	77	87	1680	208.021	F5	77	49	
1644	206.414	C4	60	72	1683	208.173	C4	60	49	
1645	206.421	G5	79	86	1682	208.173	G5	79	49	
1646	206.585	F3	53	63	1685	208.325	F3	53	49	
1647	206.592	G#5	80	93	1684	208.325	G#5	80	64	
1648	206.732	C4	60	70	1686	208.477	C4	60	49	
1649	206.891	G3	55	65	1687	208.63	G3	55	49	
1650	207.044	C4	60	66	1688	208.782	C4	60	49	
1651	207.182	G#3	56	63	1689	208.934	G#3	56	49	
1652	207.326	C4	60	66	1690	209.087	C4	60	49	
1653	207.481	F3	53	68	1691	209.239	F3	53	49	
1654	207.611	C4	60	72	1692	209.391	C4	60	49	
1655	207.75	G3	55	76	1694	209.543	G3	55	49	
1656	207.799	G5	79	84	1693	209.543	G5	79	49	
1657	207.918	C4	60	76	1695	209.696	C4	60	49	
1658	208.061	G#3	56	78	1697	209.848	G#3	56	49	
1659	208.073	F5	77	85	1696	209.848	F5	77	49	
1660	208.208	C4	60	75	1698	210	C4	60	49	
1661	208.358	G3	55	67	1700	210.153	G3	55	49	
1662	208.371	Eb5	75	83	1701	210.19	Eb5	75	49	
1663	208.503	Eb4	63	72	1704	210.305	Eb4	63	49	
1664	208.634	C4	60	64	1705	210.457	C4	60	49	
1665	208.774	Eb4	63	72	1706	210.609	Eb4	63	49	
1666	208.917	F5	77	65	1707	210.762	F5	77	49	
1667	208.929	G3	55	63	1708	210.762	G3	55	49	
1668	209.005	Eb5	75	67	1709	210.838	Eb5	75	49	
1669	209.06	Eb4	63	74	1711	210.914	Eb4	63	49	
1670	209.084	D5	74	76	1710	210.914	D5	74	49	
1671	209.148	Eb5	75	70	1712	210.99	Eb5	75	49	
1672	209.231	G3	55	71	1714	211.066	G3	55	49	
1673	209.257	G5	79	84	1713	211.066	G5	79	49	
1674	209.391	D4	62	72	1715	211.219	D4	62	49	
1675	209.534	B3	59	78	1717	211.371	B3	59	49	
1676	209.548	F5	77	83	1716	211.371	F5	77	49	
1677	209.674	D4	62	82	1718	211.523	D4	62	49	
1678	209.815	G3	55	79	1720	211.675	G3	55	49	
1679	209.832	D5	74	84	1719	211.675	D5	74	49	
1680	209.957	D4	62	80	1721	211.828	D4	62	49	
1681	210.175	Eb4	63	92	1722	211.98	Eb4	63	96	
1682	210.184	C3	48	74	1724	211.98	C3	48	96	
1683	210.184	Eb5	75	85	1723	211.98	Eb5	75	96	
1684	210.36	G3	55	72	1725	212.132	G3	55	96	
1685	210.514	Eb3	51	74	1726	212.285	Eb3	51	96	
1686	210.635	G3	55	76	1727	212.437	G3	55	96	
1687	210.806	D3	50	76	1728	212.589	D3	50	96	
1688	210.959	G3	55	78	1729	212.741	G3	55	96	
1689	211.118	C3	48	78	1730	212.894	C3	48	96	
1690	211.258	G3	55	80	1731	213.046	G3	55	96	
1691	211.393	D3	50	83	1732	213.198	D3	50	96	
1692	211.526	G3	55	87	1735	213.351	G3	55	96	
1693	211.534	G4	67	84	1733	213.351	G4	67	96	
1694	211.538	G5	79	84	1734	213.351	G5	79	96	
1695	211.676	Eb3	51	80	1738	213.503	Eb3	51	96	
1696	211.688	C5	72	84	1736	213.503	C5	72	96	
1697	211.69	C6	84	91	1737	213.503	C6	84	96	
1698	211.811	G3	55	76	1739	213.655	G3	55	96	
1699	211.988	D3	50	77	1742	213.807	D3	50	96	
1700	211.998	C5	72	91	1740	213.807	C5	72	105	
1701	211.999	C6	84	93	1741	213.807	C6	84	105	
1702	212.139	G3	55	74	1743	213.96	G3	55	96	
1703	212.289	Eb3	51	68	1744	214.112	Eb3	51	96	
1704	212.412	G3	55	72	1745	214.264	G3	55	96	
1705	212.563	F3	53	69	1746	214.417	F3	53	96	
1706	212.699	G3	55	74	1747	214.569	G3	55	96	
1707	212.866	D3	50	74	1750	214.721	D3	50	96	
1708	212.899	B5	83	80	1749	214.721	B5	83	96	
1709	212.9	B4	71	82	1748	214.721	B4	71	96	
1710	213.018	G3	55	73	1751	214.873	G3	55	96	
1711	213.172	Eb3	51	70	1752	215.026	Eb3	51	96	
1712	213.309	G3	55	66	1753	215.178	G3	55	96	
1713	213.461	F3	53	66	1754	215.33	F3	53	96	
1714	213.594	G3	55	70	1755	215.483	G3	55	96	
1715	213.751	G4	67	86	1756	215.635	G4	67	96	
1716	213.754	B2	47	64	1758	215.635	B2	47	96	
1717	213.755	G5	79	87	1757	215.635	G5	79	96	
1718	213.913	G3	55	69	1759	215.787	G3	55	96	
1719	214.025	D3	50	69	1760	215.939	D3	50	96	
1720	214.156	G3	55	70	1761	216.092	G3	55	96	
1721	214.317	C3	48	71	1762	216.244	C3	48	96	
1722	214.454	G3	55	72	1763	216.396	G3	55	96	
1723	214.611	B2	47	74	1764	216.549	B2	47	96	
1724	214.751	G3	55	79	1765	216.701	G3	55	96	
1725	214.906	C3	48	79	1766	216.853	C3	48	96	
1726	215.047	G3	55	86	1769	217.005	G3	55	96	
1727	215.065	D5	74	89	1767	217.005	D5	74	96	
1728	215.069	D6	86	86	1768	217.005	D6	86	96	
1729	215.199	D3	50	76	1772	217.158	D3	50	96	
1730	215.209	F5	77	95	1770	217.158	F5	77	96	
1731	215.215	F6	89	90	1771	217.158	F6	89	96	
1732	215.342	G3	55	78	1773	217.31	G3	55	96	
1733	215.499	C3	48	66	1776	217.462	C3	48	96	
1734	215.517	F5	77	89	1774	217.462	F5	77	105	
1735	215.517	F6	89	86	1775	217.462	F6	89	105	
1736	215.66	G3	55	75	1777	217.615	G3	55	96	
1737	215.801	D3	50	67	1778	217.767	D3	50	96	
1738	215.955	G3	55	68	1779	217.919	G3	55	96	
1739	216.09	Eb3	51	66	1780	218.071	Eb3	51	96	
1740	216.23	G3	55	69	1781	218.224	G3	55	96	
1741	216.379	C3	48	65	1784	218.376	C3	48	96	
1742	216.393	Eb5	75	73	1782	218.376	Eb5	75	96	
1743	216.393	Eb6	87	74	1783	218.376	Eb6	87	96	
1744	216.529	G3	55	69	1785	218.528	G3	55	96	
1745	216.676	D3	50	61	1786	218.681	D3	50	96	
1746	216.836	G3	55	59	1787	218.833	G3	55	96	
1747	216.986	Eb3	51	56	1788	218.985	Eb3	51	96	
1748	217.13	G3	55	59	1789	219.137	G3	55	96	
1749	217.275	C3	48	53	1791	219.29	C3	48	96	
1750	217.289	Eb4	63	57	1790	219.29	Eb4	63	96	
1751	217.428	G4	67	61	1792	219.442	G4	67	96	
1752	217.438	G3	55	61	1793	219.442	G3	55	96	
1753	217.583	C5	72	66	1794	219.594	C5	72	96	
1754	217.585	Eb3	51	64	1795	219.594	Eb3	51	96	
1755	217.731	G3	55	71	1797	219.747	G3	55	96	
1756	217.733	G4	67	72	1796	219.747	G4	67	96	
1757	217.866	C3	48	58	1799	219.899	C3	48	96	
1758	217.882	C5	72	70	1798	219.899	C5	72	96	
1759	218.017	Eb5	75	76	1800	220.051	Eb5	75	96	
1760	218.026	G3	55	71	1801	220.051	G3	55	96	
1761	218.169	C3	48	68	1803	220.203	C3	48	96	
1762	218.18	C5	72	81	1802	220.203	C5	72	96	
1763	218.316	G3	55	73	1805	220.356	G3	55	96	
1764	218.322	Eb5	75	78	1804	220.356	Eb5	75	96	
1765	218.467	G5	79	82	1806	220.508	G5	79	96	
1766	218.469	Eb3	51	70	1807	220.508	Eb3	51	96	
1767	218.602	G3	55	75	1809	220.66	G3	55	96	
1768	218.615	Eb5	75	86	1808	220.66	Eb5	75	96	
1769	218.734	C3	48	65	1811	220.813	C3	48	96	
1770	218.77	G5	79	79	1810	220.813	G5	79	96	
1771	218.895	G3	55	78	1813	220.965	G3	55	96	
1772	218.898	C6	84	86	1812	220.965	C6	84	96	
1773	219.076	D3	50	67	1815	221.117	D3	50	96	
1774	219.082	C6	84	95	1814	221.117	C6	84	105	
1775	219.224	G3	55	70	1816	221.269	G3	55	96	
1776	219.38	F3	53	64	1817	221.422	F3	53	96	
1777	219.522	G3	55	72	1818	221.574	G3	55	96	
1778	219.701	D3	50	63	1819	221.726	D3	50	96	
1779	219.841	G3	55	59	1820	221.879	G3	55	96	
1780	219.989	B5	83	71	1821	222.031	B5	83	96	
1781	219.998	D3	50	58	1822	222.031	D3	50	96	
1782	220.163	G3	55	63	1823	222.183	G3	55	96	
1783	220.316	F3	53	54	1824	222.335	F3	53	96	
1784	220.467	G3	55	56	1825	222.488	G3	55	96	
1785	220.601	D3	50	48	1826	222.64	D3	50	96	
1786	220.73	G3	55	60	1827	222.792	G3	55	96	
1787	220.907	G3	55	56	1828	222.945	G3	55	96	
1788	220.911	B2	47	62	1829	222.945	B2	47	96	
1789	221.047	B3	59	57	1830	223.097	B3	59	96	
1790	221.073	G3	55	58	1831	223.097	G3	55	96	
1791	221.199	D4	62	67	1832	223.249	D4	62	96	
1792	221.227	D3	50	59	1833	223.249	D3	50	96	
1793	221.342	B3	59	72	1834	223.401	B3	59	96	
1794	221.351	G3	55	70	1835	223.401	G3	55	96	
1795	221.494	D4	62	73	1836	223.554	D4	62	96	
1796	221.509	B2	47	59	1837	223.554	B2	47	96	
1797	221.637	G3	55	71	1839	223.706	G3	55	96	
1798	221.644	G4	67	70	1838	223.706	G4	67	96	
1799	221.792	D4	62	82	1840	223.858	D4	62	96	
1800	221.793	B2	47	66	1841	223.858	B2	47	96	
1801	221.944	G4	67	75	1842	224.01	G4	67	96	
1802	221.946	G3	55	78	1843	224.01	G3	55	96	
1803	222.088	B4	71	79	1844	224.163	B4	71	96	
1804	222.09	D3	50	74	1845	224.163	D3	50	96	
1805	222.219	G3	55	81	1847	224.315	G3	55	96	
1806	222.234	G4	67	83	1846	224.315	G4	67	96	
1807	222.353	B2	47	69	1849	224.467	B2	47	96	
1808	222.372	B4	71	78	1848	224.467	B4	71	96	
1809	222.501	G3	55	81	1851	224.62	G3	55	96	
1810	222.521	D5	74	82	1850	224.62	D5	74	96	
1811	222.664	Eb5	75	82	1852	224.772	Eb5	75	96	
1812	222.802	C3	48	81	1853	224.924	C3	48	96	
1813	222.963	B2	47	78	1854	225.076	B2	47	96	
1814	223.105	C3	48	88	1855	225.229	C3	48	96	
1815	223.254	B2	47	84	1857	225.381	B2	47	96	
1816	223.264	C6	84	95	1856	225.381	C6	84	105	
1817	223.403	C3	48	85	1858	225.533	C3	48	96	
1818	223.56	E2	40	71	1859	225.686	E2	40	96	
1819	223.706	C3	48	84	1860	225.838	C3	48	96	
1820	223.861	F2	41	77	1861	225.99	F2	41	96	
1821	224.021	C3	48	83	1862	226.142	C3	48	96	
1822	224.178	G2	43	78	1864	226.295	G2	43	96	
1823	224.182	E3	52	91	1863	226.295	E3	52	96	
1824	224.335	C3	48	74	1865	226.447	C3	48	96	
1825	224.494	F2	41	84	1867	226.599	F2	41	96	
1826	224.495	F3	53	92	1866	226.599	F3	53	105	
1827	224.653	C3	48	74	1868	226.752	C3	48	96	
1828	224.809	G2	43	71	1869	226.904	G2	43	96	
1829	224.961	C3	48	72	1870	227.056	C3	48	96	
1830	225.116	G#2	44	73	1871	227.208	G#2	44	96	
1831	225.255	C3	48	69	1872	227.361	C3	48	96	
1832	225.391	F#3	54	92	1873	227.513	F#3	54	105	
1833	225.402	F#2	42	82	1874	227.513	F#2	42	96	
1834	225.543	C3	48	81	1875	227.665	C3	48	96	
1835	225.688	G2	43	71	1876	227.818	G2	43	96	
1836	225.825	C3	48	71	1877	227.97	C3	48	96	
1837	225.984	A2	45	74	1878	228.122	A2	45	96	
1838	226.142	C3	48	77	1879	228.274	C3	48	96	
1839	226.278	G3	55	93	1880	228.427	G3	55	105	
1840	226.284	G2	43	80	1881	228.427	G2	43	96	
1841	226.431	Eb3	51	81	1882	228.579	Eb3	51	96	
1842	226.562	C3	48	53	1883	228.731	C3	48	96	
1843	226.719	Eb3	51	80	1884	228.884	Eb3	51	96	
1844	226.864	G2	43	65	1885	229.036	G2	43	96	
1845	227.01	Eb3	51	76	1886	229.188	Eb3	51	96	
1846	227.157	G2	43	70	1889	229.34	G2	43	96	
1847	227.185	F3	53	75	1887	229.34	F3	53	96	
1848	227.281	G3	55	76	1891	229.394	G3	55	81	
1849	227.285	D3	50	77	1896	229.493	D3	50	96	
1850	227.388	F3	53	78	1895	229.492	F3	53	96	
1851	227.401	B2	47	76	1904	229.645	B2	47	96	
1852	227.485	G3	55	77	1902	229.61	G3	55	81	
1853	227.522	D3	50	80	1912	229.797	D3	50	96	
1854	227.585	F3	53	72	1910	229.772	F3	53	81	
1855	227.628	G2	43	69	1920	229.95	G2	43	96	
1856	227.697	E3	52	78	1921	229.987	F#3	54	96	
1857	227.758	D3	50	67	1928	230.102	D3	50	96	
1858	227.815	F3	53	74	1931	230.177	F3	53	96	
1859	227.954	C3	48	92	1936	230.254	C3	48	96	
1860	227.958	C2	36	76	1935	230.254	C2	36	96	
1861	227.958	Eb3	51	85	1934	230.254	Eb3	51	96	
1862	228.117	G3	55	74	1937	230.406	G3	55	96	
1863	228.246	C4	60	73	1938	230.559	C4	60	96	
1864	228.399	G3	55	71	1939	230.711	G3	55	96	
1865	228.539	C4	60	64	1940	230.863	C4	60	96	
1866	228.67	Eb4	63	74	1941	231.016	Eb4	63	96	
1867	228.806	G4	67	71	1942	231.168	G4	67	96	
1868	228.957	Eb4	63	76	1943	231.32	Eb4	63	96	
1869	229.096	G4	67	77	1944	231.472	G4	67	96	
1870	229.229	C5	72	83	1945	231.625	C5	72	96	
1871	229.379	Eb5	75	80	1946	231.777	Eb5	75	96	
1872	229.515	G5	79	80	1947	231.929	G5	79	96	
1873	229.663	Eb2	39	74	1949	232.082	Eb2	39	96	
1874	229.666	C6	84	93	1948	232.082	C6	84	96	
1875	229.806	C3	48	73	1950	232.234	C3	48	96	
1876	229.958	F2	41	60	1951	232.386	F2	41	96	
1877	230.089	C3	48	69	1952	232.538	C3	48	96	
1878	230.263	C4	60	91	1953	232.691	C4	60	105	
1879	230.264	G2	43	75	1954	232.691	G2	43	96	
1880	230.406	C3	48	78	1955	232.843	C3	48	96	
1881	230.542	E2	40	70	1956	232.995	E2	40	96	
1882	230.7	C3	48	71	1957	233.148	C3	48	96	
1883	230.866	F2	41	69	1958	233.3	F2	41	96	
1884	231.019	C3	48	76	1959	233.452	C3	48	96	
1885	231.167	E3	52	83	1960	233.604	E3	52	96	
1886	231.175	G2	43	72	1961	233.604	G2	43	96	
1887	231.321	C3	48	70	1962	233.757	C3	48	96	
1888	231.465	F2	41	73	1964	233.909	F2	41	96	
1889	231.478	F3	53	82	1963	233.909	F3	53	96	
1890	231.618	C3	48	79	1965	234.061	C3	48	96	
1891	231.74	G2	43	72	1966	234.214	G2	43	96	
1892	231.887	C3	48	74	1967	234.366	C3	48	96	
1893	232.046	G#2	44	82	1969	234.518	G#2	44	96	
1894	232.056	C4	60	88	1968	234.518	C4	60	105	
1895	232.179	C3	48	78	1970	234.67	C3	48	96	
1896	232.36	F#3	54	87	1971	234.823	F#3	54	96	
1897	232.364	F#2	42	77	1972	234.823	F#2	42	96	
1898	232.513	C3	48	75	1973	234.975	C3	48	96	
1899	232.667	G2	43	71	1974	235.127	G2	43	96	
1900	232.802	C3	48	74	1975	235.28	C3	48	96	
1901	232.969	A2	45	77	1977	235.432	A2	45	96	
1902	232.979	C4	60	85	1976	235.432	C4	60	105	
1903	233.113	C3	48	71	1978	235.584	C3	48	96	
1904	233.288	G3	55	52	1979	235.736	G3	55	100	
1905	233.292	G2	43	57	1980	235.736	G2	43	100	
1906	233.431	C3	48	58	1982	235.889	C3	48	100	
1907	233.435	C4	60	55	1981	235.889	C4	60	100	
1908	233.575	B2	47	61	1984	236.041	B2	47	100	
1909	233.575	B3	59	61	1983	236.041	B3	59	100	
1910	233.73	C3	48	63	1986	236.193	C3	48	100	
1911	233.732	C4	60	64	1985	236.193	C4	60	100	
1912	233.871	G2	43	58	1988	236.346	G2	43	104	
1913	233.887	G3	55	72	1987	236.346	G3	55	104	
1914	234.018	C3	48	62	1990	236.498	C3	48	104	
1915	234.026	C4	60	64	1989	236.498	C4	60	104	
1916	234.162	G#2	44	67	1992	236.65	G#2	44	104	
1917	234.197	G#3	56	68	1991	236.65	G#3	56	104	
1918	234.32	C3	48	63	1994	236.802	C3	48	104	
1919	234.335	C4	60	71	1993	236.802	C4	60	104	
1920	234.458	B2	47	67	1996	236.955	B2	47	108	
1921	234.484	B3	59	68	1995	236.955	B3	59	108	
1922	234.611	C3	48	77	1998	237.107	C3	48	108	
1923	234.624	C4	60	74	1997	237.107	C4	60	108	
1924	234.766	F#3	54	82	1999	237.259	F#3	54	108	
1925	234.767	F#2	42	74	2000	237.259	F#2	42	108	
1926	234.91	C3	48	77	2002	237.412	C3	48	108	
1927	234.92	C4	60	80	2001	237.412	C4	60	108	
1928	235.061	G2	43	76	2004	237.564	G2	43	112	
1929	235.075	G3	55	79	2003	237.564	G3	55	112	
1930	235.196	C3	48	79	2006	237.716	C3	48	112	
1931	235.228	C4	60	81	2005	237.716	C4	60	112	
1932	235.342	B2	47	77	2008	237.868	B2	47	112	
1933	235.36	B3	59	72	2007	237.868	B3	59	112	
1934	235.482	C3	48	78	2010	238.021	C3	48	112	
1935	235.495	C4	60	81	2009	238.021	C4	60	112	
1936	235.642	E2	40	81	2012	238.173	E2	40	112	
1937	235.645	E3	52	84	2011	238.173	E3	52	112	
1938	235.773	C3	48	74	2014	238.325	C3	48	112	
1939	235.789	C4	60	78	2013	238.325	C4	60	112	
1940	235.941	F2	41	80	2016	238.478	F2	41	112	
1941	235.941	F3	53	86	2015	238.478	F3	53	112	
1942	236.077	C3	48	80	2018	238.63	C3	48	112	
1943	236.079	C4	60	83	2017	238.63	C4	60	112	
1944	236.222	G#3	56	78	2019	238.782	G#3	56	112	
1945	236.222	G#2	44	83	2020	238.782	G#2	44	112	
1946	236.361	C3	48	82	2022	238.934	C3	48	112	
1947	236.366	C4	60	84	2021	238.934	C4	60	112	
1948	236.513	F#3	54	85	2023	239.087	F#3	54	112	
1949	236.514	F#2	42	80	2024	239.087	F#2	42	112	
1950	236.672	C4	60	81	2025	239.239	C4	60	112	
1951	236.676	C3	48	80	2026	239.239	C3	48	112	
1952	236.816	G3	55	93	2027	239.391	G3	55	112	
1953	236.819	G2	43	85	2028	239.391	G2	43	112	
1954	237.141	G3	55	83	2029	239.696	G3	55	112	
1955	237.142	Eb4	63	100	2031	239.696	Eb4	63	112	
1956	237.158	C4	60	77	2030	239.696	C4	60	112	
1957	237.201	B3	59	28	*	-1	*	-1	-1	
1958	237.376	G4	67	76	2032	239.924	G4	67	112	
1959	237.438	Eb5	75	82	2033	240	Eb5	75	112	
1960	237.637	C5	72	77	2034	240.229	C5	72	112	
1961	237.709	F#5	78	92	2035	240.305	F#5	78	119	
1962	238.009	Eb4	63	103	2038	240.61	Eb4	63	112	
1963	238.009	G#3	56	93	2036	240.61	G#3	56	112	
1964	238.022	C4	60	85	2037	240.61	C4	60	112	
1965	238.246	F#4	66	82	2039	240.838	F#4	66	112	
1966	238.31	Eb5	75	84	2040	240.914	Eb5	75	112	
1967	238.527	C5	72	76	2041	241.143	C5	72	112	
1968	238.59	G5	79	95	2042	241.219	G5	79	119	
1969	238.905	Eb4	63	103	2045	241.523	Eb4	63	112	
1970	238.91	G3	55	78	2043	241.523	G3	55	112	
1971	238.918	C4	60	84	2044	241.523	C4	60	112	
1972	239.136	G4	67	79	2046	241.752	G4	67	112	
1973	239.206	Eb5	75	89	2047	241.828	Eb5	75	112	
1974	239.431	C5	72	69	2048	242.056	C5	72	112	
1975	239.447	B4	71	55	*	-1	*	-1	-1	
1976	239.487	A5	81	93	2049	242.132	A5	81	119	
1977	239.765	Eb4	63	101	2052	242.437	Eb4	63	112	
1978	239.767	F#3	54	88	2050	242.437	F#3	54	112	
1979	239.777	C4	60	83	2051	242.437	C4	60	112	
1980	240.017	A4	69	75	2053	242.665	A4	69	112	
1981	240.099	Eb5	75	87	2054	242.741	Eb5	75	112	
1982	240.314	C5	72	83	2055	242.97	C5	72	112	
1983	240.396	G5	79	93	2056	243.046	G5	79	112	
1984	240.658	Eb4	63	97	2059	243.351	Eb4	63	112	
1985	240.665	G3	55	76	2057	243.351	G3	55	112	
1986	240.669	C4	60	82	2058	243.351	C4	60	112	
1987	240.8	Eb5	75	88	2060	243.503	Eb5	75	112	
1988	240.955	Eb5	75	90	2061	243.655	Eb5	75	112	
1989	241.098	C5	72	87	2062	243.807	C5	72	112	
1990	241.242	C5	72	93	2063	243.96	C5	72	112	
1991	241.381	G4	67	73	2064	244.112	G4	67	112	
1992	241.526	G4	67	79	2065	244.264	G4	67	112	
1993	241.668	Eb4	63	72	2066	244.417	Eb4	63	112	
1994	241.819	Eb4	63	82	2067	244.569	Eb4	63	112	
1995	241.974	C4	60	71	2068	244.721	C4	60	112	
1996	242.116	C4	60	86	2069	244.873	C4	60	112	
1997	242.257	G3	55	75	2070	245.026	G3	55	112	
1998	242.416	G3	55	91	2071	245.178	G3	55	112	
1999	242.572	Eb3	51	61	2072	245.33	Eb3	51	112	
2000	242.609	D3	50	45	*	-1	*	-1	-1	
2001	242.707	Eb3	51	89	2073	245.483	Eb3	51	112	
2002	242.85	C3	48	90	2074	245.635	C3	48	112	
2003	243.022	G2	43	96	2076	245.787	G2	43	112	
2004	243.025	G1	31	83	2075	245.787	G1	31	112	
2005	243.612	B3	59	84	*	-1	*	-1	-1	
2006	243.614	D3	50	90	2077	246.396	D3	50	119	
2007	243.618	G3	55	82	2079	246.396	G3	55	119	
2008	243.626	F3	53	77	2078	246.396	F3	53	119	
2009	243.724	A3	57	7	2080	246.396	B3	59	119	
2010	243.958	C2	36	71	2084	246.701	C2	36	112	
2011	243.958	C4	60	72	2083	246.701	C4	60	112	
2012	243.962	Eb3	51	76	2081	246.701	Eb3	51	112	
2013	244.243	G2	43	86	2085	247.005	G2	43	49	
2014	244.539	F#2	42	71	2087	247.31	F#2	42	49	
2015	244.829	F2	41	67	2088	247.615	F2	41	49	
2016	245.115	F4	65	55	2091	247.919	F4	65	49	
2017	245.123	B3	59	53	2089	247.919	B3	59	49	
2018	245.131	G4	67	57	2092	247.919	G4	67	49	
2019	245.136	Eb2	39	59	2093	247.919	Eb2	39	49	
2020	245.149	D4	62	40	2090	247.919	D4	62	49	
2021	245.418	B3	59	63	2094	248.224	B3	59	49	
2022	245.419	D2	38	64	2098	248.224	D2	38	49	
2023	245.434	F4	65	59	2096	248.224	F4	65	49	
2024	245.436	G4	67	58	2097	248.224	G4	67	49	
2025	245.712	C2	36	50	2102	248.528	C2	36	49	
2026	245.712	G#4	68	69	2099	248.528	G#4	68	49	
2027	245.729	C4	60	56	2100	248.528	C4	60	49	
2028	245.732	Eb4	63	55	2101	248.528	Eb4	63	49	
2029	246.012	G4	67	59	2103	248.833	G4	67	49	
2030	246.029	Eb2	39	52	2104	248.833	Eb2	39	49	
2031	246.345	G2	43	53	2105	249.137	G2	43	49	
2032	246.641	G1	31	57	2106	249.442	G1	31	49	
2033	246.942	B4	71	58	2109	249.747	B4	71	49	
2034	246.948	D2	38	53	2110	249.747	D2	38	49	
2035	246.95	D4	62	43	2107	249.747	D4	62	49	
2036	246.96	F4	65	45	2108	249.747	F4	65	49	
2037	247.23	B4	71	62	2113	250.051	B4	71	49	
2038	247.249	D4	62	46	2111	250.051	D4	62	49	
2039	247.254	F4	65	48	2112	250.051	F4	65	49	
2040	247.263	G2	43	54	2114	250.051	G2	43	49	
2041	247.552	D5	74	80	2115	250.356	D5	74	49	
2042	247.563	Eb4	63	65	2116	250.356	Eb4	63	49	
2043	247.563	C2	36	64	2118	250.356	C2	36	49	
2044	247.588	G4	67	57	2117	250.356	G4	67	49	
2045	247.839	G2	43	90	2120	250.66	G2	43	96	
2046	247.839	C5	72	69	2119	250.66	C5	72	49	
2047	248.129	F#2	42	79	2122	250.965	F#2	42	49	
2048	248.445	F2	41	74	2123	251.269	F2	41	49	
2049	248.728	B3	59	55	2124	251.574	B3	59	49	
2050	248.731	F4	65	57	2126	251.574	F4	65	49	
2051	248.734	Eb2	39	67	2128	251.574	Eb2	39	49	
2052	248.739	G4	67	55	2127	251.574	G4	67	49	
2053	248.746	D4	62	50	2125	251.574	D4	62	49	
2054	249.04	B3	59	65	2129	251.879	B3	59	49	
2055	249.044	D2	38	63	2133	251.879	D2	38	49	
2056	249.053	G4	67	63	2132	251.879	G4	67	49	
2057	249.062	F4	65	55	2131	251.879	F4	65	49	
2058	249.341	C2	36	51	2137	252.183	C2	36	49	
2059	249.353	G#4	68	69	2134	252.183	G#4	68	49	
2060	249.355	Eb4	63	52	2136	252.183	Eb4	63	49	
2061	249.364	C4	60	54	2135	252.183	C4	60	49	
2062	249.635	G4	67	54	2138	252.488	G4	67	49	
2063	249.662	Eb2	39	54	2139	252.488	Eb2	39	49	
2064	249.976	G2	43	52	2140	252.792	G2	43	49	
2065	250.271	G1	31	55	2141	253.097	G1	31	49	
2066	250.571	B3	59	53	2144	253.401	B3	59	49	
2067	250.581	D2	38	47	2145	253.401	D2	38	49	
2068	250.585	D3	50	37	2142	253.401	D3	50	49	
2069	250.589	F3	53	41	2143	253.401	F3	53	49	
2070	250.86	B3	59	54	2148	253.706	B3	59	49	
2071	250.872	D3	50	40	2146	253.706	D3	50	49	
2072	250.895	G2	43	49	2149	253.706	G2	43	49	
2073	250.903	F3	53	37	2147	253.706	F3	53	49	
2074	251.195	D4	62	54	2150	254.011	D4	62	49	
2075	251.199	Eb3	51	50	2151	254.011	Eb3	51	49	
2076	251.2	C2	36	41	2153	254.011	C2	36	49	
2077	251.204	G3	55	44	2152	254.011	G3	55	49	
2078	251.477	C4	60	48	2154	254.315	C4	60	49	
2079	251.507	Eb2	39	42	2155	254.315	Eb2	39	49	
2080	251.787	G2	43	44	2156	254.62	G2	43	49	
2081	252.102	G1	31	49	2157	254.924	G1	31	49	
2082	252.377	D2	38	46	2161	255.229	D2	38	49	
2083	252.382	B3	59	51	2160	255.229	B3	59	49	
2084	252.396	F3	53	41	2159	255.229	F3	53	49	
2085	252.397	D3	50	35	2158	255.229	D3	50	49	
2086	252.653	B3	59	52	2164	255.533	B3	59	49	
2087	252.671	G2	43	49	2165	255.533	G2	43	49	
2088	252.675	D3	50	36	2162	255.533	D3	50	49	
2089	253.009	Eb3	51	49	2166	255.838	Eb3	51	49	
2090	253.021	C2	36	37	2169	255.838	C2	36	49	
2091	253.021	C4	60	47	2168	255.838	C4	60	49	
2092	253.033	G3	55	39	2167	255.838	G3	55	49	
2093	254.073	G2	43	97	2177	256.752	G2	43	112	
2094	254.076	G1	31	93	2174	256.752	G1	31	112	
2095	254.076	G4	67	92	2170	256.752	G4	67	112	
2096	254.076	G5	79	99	2173	256.752	G5	79	112	
2097	254.077	D2	38	84	2176	256.752	D2	38	112	
2098	254.077	B4	71	96	2171	256.752	B4	71	112	
2099	254.078	D5	74	97	2172	256.752	D5	74	112	
2100	254.084	B1	35	83	2175	256.752	B1	35	112	
2101	254.15	A1	33	37	*	-1	*	-1	-1	
2102	254.164	E5	76	17	*	-1	*	-1	-1	
2103	254.178	F5	77	22	*	-1	*	-1	-1	
2104	255.079	C3	48	97	2185	257.665	C3	48	112	
2105	255.081	Eb4	63	93	2179	257.665	Eb4	63	112	
2106	255.081	C5	72	97	2181	257.665	C5	72	112	
2107	255.083	C4	60	95	2178	257.665	C4	60	112	
2108	255.084	C2	36	88	2182	257.665	C2	36	112	
2109	255.085	G4	67	89	2180	257.665	G4	67	112	
2110	255.089	G2	43	85	2184	257.665	G2	43	112	
2111	255.092	Eb2	39	84	2183	257.665	Eb2	39	112	
2112	255.129	A4	69	53	*	-1	*	-1	-1	
2113	255.147	E2	40	45	*	-1	*	-1	-1	
*	-1	*	-1	-1	129	15.2284	F3	53	33	
*	-1	*	-1	-1	230	29.5432	G4	67	49	
*	-1	*	-1	-1	249	33.198	E5	76	49	
*	-1	*	-1	-1	268	36.8528	C5	72	49	
*	-1	*	-1	-1	387	54.8224	C5	72	49	
*	-1	*	-1	-1	389	54.8599	Bb4	70	49	
*	-1	*	-1	-1	391	54.8979	G#4	68	49	
*	-1	*	-1	-1	393	54.9366	Bb4	70	49	
*	-1	*	-1	-1	518	67.6143	G#3	56	81	
*	-1	*	-1	-1	521	67.6683	Bb3	58	81	
*	-1	*	-1	-1	523	67.7222	G#3	56	81	
*	-1	*	-1	-1	524	67.7285	Bb3	58	96	
*	-1	*	-1	-1	528	67.804	Bb3	58	96	
*	-1	*	-1	-1	529	67.8301	G#3	56	81	
*	-1	*	-1	-1	530	67.8427	G#3	56	96	
*	-1	*	-1	-1	532	67.884	Bb3	58	81	
*	-1	*	-1	-1	535	67.9379	G#3	56	81	
*	-1	*	-1	-1	536	67.957	Bb3	58	96	
*	-1	*	-1	-1	537	67.9919	Bb3	58	81	
*	-1	*	-1	-1	538	67.9944	G#3	56	96	
*	-1	*	-1	-1	541	68.0712	G#3	56	96	
*	-1	*	-1	-1	543	68.0997	Bb3	58	81	
*	-1	*	-1	-1	544	68.1086	Bb3	58	96	
*	-1	*	-1	-1	546	68.1537	G#3	56	81	
*	-1	*	-1	-1	547	68.1854	Bb3	58	96	
*	-1	*	-1	-1	548	68.2076	Bb3	58	81	
*	-1	*	-1	-1	549	68.2228	G#3	56	96	
*	-1	*	-1	-1	551	68.2609	Bb3	58	96	
*	-1	*	-1	-1	553	68.2996	G#3	56	96	
*	-1	*	-1	-1	554	68.3155	Bb3	58	81	
*	-1	*	-1	-1	555	68.337	Bb3	58	96	
*	-1	*	-1	-1	556	68.3694	G#3	56	81	
*	-1	*	-1	-1	557	68.3751	G#3	56	96	
*	-1	*	-1	-1	559	68.4138	Bb3	58	96	
*	-1	*	-1	-1	560	68.4233	G3	55	81	
*	-1	*	-1	-1	562	68.4773	G#3	56	81	
*	-1	*	-1	-1	563	68.4893	Bb3	58	96	
*	-1	*	-1	-1	715	84.9748	Bb3	58	112	
*	-1	*	-1	-1	718	85.2793	Bb2	46	96	
*	-1	*	-1	-1	753	88.9341	Bb2	46	96	
*	-1	*	-1	-1	901	109.036	Bb3	58	49	
*	-1	*	-1	-1	1037	121.523	C5	72	96	
*	-1	*	-1	-1	1045	122.132	F5	77	96	
*	-1	*	-1	-1	1049	122.246	Eb5	75	96	
*	-1	*	-1	-1	1430	174.823	F4	65	49	
*	-1	*	-1	-1	1449	178.477	F5	77	49	
*	-1	*	-1	-1	1468	182.132	D5	74	49	
*	-1	*	-1	-1	1553	195.533	F3	53	49	
*	-1	*	-1	-1	1589	200.102	D5	74	49	
*	-1	*	-1	-1	1592	200.139	C5	72	49	
*	-1	*	-1	-1	1593	200.177	Bb4	70	49	
*	-1	*	-1	-1	1596	200.216	C5	72	49	
*	-1	*	-1	-1	1699	210.153	F5	77	49	
*	-1	*	-1	-1	1703	210.267	Eb5	75	49	
*	-1	*	-1	-1	1888	229.34	F3	53	81	
*	-1	*	-1	-1	1890	229.378	F#3	54	96	
*	-1	*	-1	-1	1893	229.448	F3	53	81	
*	-1	*	-1	-1	1894	229.455	F#3	54	96	
*	-1	*	-1	-1	1898	229.53	F#3	54	96	
*	-1	*	-1	-1	1899	229.556	F3	53	81	
*	-1	*	-1	-1	1900	229.569	F3	53	96	
*	-1	*	-1	-1	1901	229.606	F#3	54	96	
*	-1	*	-1	-1	1905	229.664	F3	53	81	
*	-1	*	-1	-1	1906	229.683	F#3	54	96	
*	-1	*	-1	-1	1907	229.718	G3	55	81	
*	-1	*	-1	-1	1908	229.721	F3	53	96	
*	-1	*	-1	-1	1909	229.759	F#3	54	96	
*	-1	*	-1	-1	1911	229.797	F3	53	96	
*	-1	*	-1	-1	1914	229.835	F#3	54	96	
*	-1	*	-1	-1	1916	229.88	F3	53	81	
*	-1	*	-1	-1	1917	229.912	F#3	54	96	
*	-1	*	-1	-1	1918	229.934	G3	55	81	
*	-1	*	-1	-1	1919	229.949	F3	53	96	
*	-1	*	-1	-1	1922	229.988	F3	53	81	
*	-1	*	-1	-1	1923	230.026	F3	53	96	
*	-1	*	-1	-1	1924	230.042	G3	55	81	
*	-1	*	-1	-1	1925	230.063	F#3	54	96	
*	-1	*	-1	-1	1926	230.096	F3	53	81	
*	-1	*	-1	-1	1927	230.101	F3	53	96	
*	-1	*	-1	-1	1929	230.14	F#3	54	96	
*	-1	*	-1	-1	1930	230.149	E3	52	81	
*	-1	*	-1	-1	1932	230.203	F3	53	81	
*	-1	*	-1	-1	1933	230.215	F#3	54	96	
*	-1	*	-1	-1	2082	246.701	G3	55	112	
*	-1	*	-1	-1	2086	247.005	G2	43	96	
*	-1	*	-1	-1	2095	248.224	D4	62	49	
*	-1	*	-1	-1	2121	250.66	G2	43	49	
*	-1	*	-1	-1	2130	251.879	D4	62	49	
*	-1	*	-1	-1	2163	255.533	F3	53	49	
*	-1	*	-1	-1	386	54.8224	C5	72	49	
*	-1	*	-1	-1	390	54.8599	Bb4	70	49	
*	-1	*	-1	-1	392	54.8979	G#4	68	49	
*	-1	*	-1	-1	394	54.9366	Bb4	70	49	
*	-1	*	-1	-1	522	67.6898	G#3	56	96	
*	-1	*	-1	-1	527	67.7761	Bb3	58	81	
*	-1	*	-1	-1	533	67.9183	G#3	56	96	
*	-1	*	-1	-1	539	68.0325	Bb3	58	96	
*	-1	*	-1	-1	545	68.1467	G#3	56	96	
*	-1	*	-1	-1	1051	122.437	G#5	80	96	
*	-1	*	-1	-1	1395	167.818	F3	53	33	
*	-1	*	-1	-1	1588	200.102	D5	74	49	
*	-1	*	-1	-1	1591	200.139	C5	72	49	
*	-1	*	-1	-1	1594	200.177	Bb4	70	49	
*	-1	*	-1	-1	1595	200.216	C5	72	49	
*	-1	*	-1	-1	1702	210.228	D5	74	49	
*	-1	*	-1	-1	1892	229.416	F3	53	96	
*	-1	*	-1	-1	1897	229.502	G3	55	81	
*	-1	*	-1	-1	1903	229.644	F3	53	96	
*	-1	*	-1	-1	1913	229.826	G3	55	81	
*	-1	*	-1	-1	1915	229.873	F3	53	96	
