//Version: ScorePerfmMatch_v170104
// Score: ./score_hmm.txt
// Perfm: ./infer_spr.txt
// fmt3x: ./score_fmt3x.txt
0	0.510683	2.40278	B4	64	39	0	0	0	P1-1-2	0	0
1	0.530982	2.34722	B3	33	44	0	0	0	P1-1-5	0	-
2	0.532051	2.52564	F#3	29	44	0	0	0	P1-1-4	0	-
3	0.533119	2.41453	D4	42	43	0	0	0	P1-1-0	0	-
4	0.536324	2.36966	D3	27	36	0	0	0	P1-1-3	0	-
5	0.54594	2.24466	F#4	44	35	0	0	0	P1-1-1	0	-
6	2.18483	2.47756	A4	40	48	0	0	705	P1-1-6	0	-
7	2.22756	2.47115	A3	13	41	0	0	705	P1-1-7	0	-
8	2.82265	3.07265	A3	34	34	0	0	1058	P1-1-13	0	-
9	2.84295	3.05448	A4	48	57	0	0	1058	P1-1-10	0	-
10	2.87072	3.04273	F#4	30	34	0	0	1058	P1-1-9	0	-
11	2.87393	3.04594	D3	12	29	0	0	1058	P1-1-11	0	-
12	2.88354	3.05983	F#3	11	40	0	0	1058	P1-1-12	0	-
13	3.36859	3.53953	A3	34	50	0	0	1411	P1-1-19	0	-
14	3.37713	3.51923	D3	33	50	0	0	1411	P1-1-17	0	-
15	3.37713	3.60256	A4	51	39	0	0	1411	P1-1-16	0	-
16	3.39423	3.58119	F#3	21	38	0	0	1411	P1-1-18	0	-
17	3.40064	3.58333	F#4	39	53	0	0	1411	P1-1-15	0	-
18	3.4391	3.53953	D4	20	36	0	0	1411	P1-1-14	0	-
19	3.93055	4.16666	A3	30	39	0	0	1764	P1-1-25	0	-
20	3.93696	4.22649	A4	49	25	0	0	1764	P1-1-22	0	-
21	3.94871	4.15064	F#4	33	44	0	0	1764	P1-1-21	0	-
22	3.96367	4.0844	D3	22	48	0	0	1764	P1-1-23	0	-
23	3.97008	4.11859	F#3	25	30	0	0	1764	P1-1-24	0	-
24	3.98931	4.09615	D4	13	36	0	0	1764	P1-1-20	0	-
25	4.60683	6.52029	F#4	45	33	0	0	2117	P1-1-27	0	-
26	4.61111	5.21367	D3	32	34	0	0	2117	P1-1-28	0	-
27	4.61965	5.4188	F#3	31	38	0	0	2117	P1-1-29	0	-
28	4.64316	5.89529	D4	24	39	0	0	2117	P1-1-26	0	-
29	6.38781	6.66987	F#3	36	49	0	0	3176	P1-1-32	0	-
30	6.39636	6.66239	D3	14	41	0	0	3176	P1-1-31	0	-
31	6.41346	7.15063	D4	38	52	0	0	3176	P1-1-30	0	-
32	6.94978	7.67841	F#4	54	49	0	0	3529	P1-1-33	0	-
33	6.99038	7.23183	D3	31	35	0	0	3529	P1-1-34	0	-
34	7.0064	7.27457	F#3	32	43	0	0	3529	P1-1-35	0	-
35	7.49999	7.97328	D4	62	58	0	0	3882	P1-1-36	0	-
36	7.50427	7.66452	D3	42	54	0	0	3882	P1-1-37	0	-
37	7.51709	7.78845	F#3	32	36	0	0	3882	P1-1-38	0	-
38	8.15704	9.74892	E3	35	39	0	0	4235	P1-1-42	0	-
39	8.17093	8.87499	B3	46	41	0	0	4235	*	3	-
40	8.17948	9.58653	B4	72	43	0	0	4235	*	3	-
41	8.1955	9.80661	E4	53	42	0	0	4235	P1-1-39	0	-
42	8.19978	9.76495	C#3	41	36	0	0	4235	P1-1-41	0	-
43	8.20298	9.69443	G3	33	41	0	0	4235	P1-1-43	0	-
44	8.21367	9.6314	G4	44	31	0	0	4235	P1-1-40	0	-
45	9.5064	9.8173	A4	51	50	0	0	4941	P1-1-44	0	-
46	9.52884	9.83867	A3	27	39	0	0	4941	P1-1-45	0	-
47	10.1036	10.3664	A3	27	43	0	0	5294	P1-1-52	0	-
48	10.1079	10.3429	A4	50	37	0	0	5294	P1-1-48	0	-
49	10.1367	10.3921	E3	22	43	0	0	5294	P1-1-50	0	-
50	10.1453	10.3782	C#3	30	40	0	0	5294	P1-1-49	0	-
51	10.1538	10.3002	E4	18	29	0	0	5294	P1-1-46	0	-
52	10.1677	10.391	G3	21	42	0	0	5294	P1-1-51	0	-
53	10.6186	10.8825	E3	30	46	0	0	5647	P1-1-57	0	-
54	10.6229	10.8408	A4	55	47	0	0	5647	P1-1-55	0	-
55	10.6239	10.9177	G3	29	41	0	0	5647	P1-1-58	0	-
56	10.625	10.8696	A3	34	36	0	0	5647	P1-1-59	0	-
57	10.6357	10.8846	C#3	28	40	0	0	5647	P1-1-56	0	-
58	10.6485	10.8964	E4	42	30	0	0	5647	P1-1-53	0	-
59	11.1517	11.4006	E3	20	40	0	0	6000	P1-1-64	0	-
60	11.1624	11.7863	A4	55	43	0	0	6000	P1-1-62	0	-
61	11.1667	11.3739	A3	31	36	0	0	6000	P1-1-66	0	-
62	11.1688	11.3825	C#3	30	40	0	0	6000	P1-1-63	0	-
63	11.188	11.3985	G3	21	39	0	0	6000	P1-1-65	0	-
64	11.1944	11.2799	E4	29	50	0	0	6000	P1-1-60	0	-
65	11.8301	12.9006	G3	30	39	0	0	6352	P1-1-69	0	-
66	11.8333	12.8974	C#3	34	39	0	0	6352	P1-1-68	0	-
67	11.8387	12.9241	A3	32	39	0	0	6352	P1-1-70	0	-
68	11.8429	12.6634	E4	45	39	0	0	6352	P1-1-67	0	-
69	13.5887	14.282	E4	47	36	0	0	7411	P1-1-71	0	-
70	13.5961	13.9295	E3	23	41	0	0	7411	P1-1-73	0	-
71	13.5972	13.9786	A3	23	36	0	0	7411	P1-1-74	0	-
72	13.6218	13.9188	C#3	31	44	0	0	7411	P1-1-72	0	-
73	14.1496	14.8964	G4	57	35	0	0	7764	P1-1-75	0	-
74	14.157	14.4113	G3	34	38	0	0	7764	P1-1-77	0	-
75	14.1891	14.4476	A3	39	32	0	0	7764	P1-1-78	0	-
76	14.2105	14.6335	C#3	29	80	0	0	7764	P1-1-76	0	-
77	14.6848	14.8408	E3	40	45	0	0	8117	P1-1-81	0	-
78	14.6859	14.9508	A3	32	44	0	0	8117	P1-1-82	0	-
79	14.7051	15.1346	E4	63	60	0	0	8117	P1-1-79	0	-
80	15.4273	16.8258	B4	65	37	0	0	8470	*	3	-
81	15.4476	16.9038	D3	31	21	0	0	8470	P1-1-85	0	-
82	15.4572	16.9786	B3	35	38	0	0	8470	*	3	-
83	15.4605	16.9199	F#3	31	32	0	0	8470	P1-1-86	0	-
84	15.4647	17.0929	D4	39	37	0	0	8470	P1-1-83	0	-
85	15.4775	17.1015	F#4	37	33	0	0	8470	P1-1-84	0	-
86	16.8216	17.0983	A3	23	50	0	0	9176	P1-1-88	0	-
87	16.8226	17.1325	A4	35	61	0	0	9176	P1-1-87	0	-
88	17.3803	17.6228	A3	40	50	0	0	9529	P1-1-94	0	-
89	17.391	17.5566	A4	56	65	0	0	9529	P1-1-91	0	-
90	17.4102	17.5416	F#4	38	51	0	0	9529	P1-1-90	0	-
91	17.4134	17.5673	D4	36	52	0	0	9529	P1-1-89	0	-
92	17.4209	17.6314	D3	28	35	0	0	9529	P1-1-92	0	-
93	17.4295	17.6528	F#3	26	44	0	0	9529	P1-1-93	0	-
94	17.9134	18.2585	A4	68	58	0	0	9882	P1-1-97	0	-
95	17.9199	18.1549	A3	40	35	0	0	9882	P1-1-100	0	-
96	17.9412	18.0716	F#3	31	35	0	0	9882	P1-1-99	0	-
97	17.9423	18.188	D4	25	42	0	0	9882	P1-1-95	0	-
98	17.9423	18.0395	F#4	43	49	0	0	9882	P1-1-96	0	-
99	17.9444	18.141	D3	25	35	0	0	9882	P1-1-98	0	-
100	18.4487	18.5192	A3	33	57	0	0	10235	*	3	-
101	18.4637	18.6496	D5	70	61	0	0	10235	P1-1-103	0	-
102	18.469	18.5534	F#3	40	55	0	0	10235	P1-1-105	0	-
103	18.4786	18.6688	D4	48	44	0	0	10235	P1-1-101	0	-
104	18.4786	18.6912	F#4	52	50	0	0	10235	P1-1-102	0	-
105	18.4893	18.5641	D3	25	55	0	0	10235	P1-1-104	0	-
106	19.2094	20.4369	F#4	64	56	0	0	10588	P1-1-108	0	-
107	19.2147	20.6624	A2	37	40	0	0	10588	P1-1-109	0	-
108	19.2308	20.7521	C#4	45	25	0	0	10588	P1-1-107	0	-
109	19.2607	20.6902	G3	20	42	0	0	10588	P1-1-110	0	-
110	20.4423	20.7949	E4	37	35	0	0	11294	P1-1-111	0	-
111	21.0726	21.235	A2	30	27	0	0	11647	P1-1-114	0	-
112	21.0758	21.2286	G3	34	47	0	0	11647	P1-1-115	0	-
113	21.0801	21.2478	E4	39	47	0	0	11647	P1-1-113	0	-
114	21.1132	21.2201	C#4	18	38	0	0	11647	P1-1-112	0	-
115	21.6581	21.8184	A2	33	46	0	0	12000	P1-1-118	0	-
116	21.6666	21.8162	E4	48	55	0	0	12000	P1-1-117	0	-
117	21.6773	21.8109	G3	34	50	0	0	12000	P1-1-119	0	-
118	21.6795	21.7884	C#4	32	49	0	0	12000	P1-1-116	0	-
119	22.2735	22.4295	A4	54	52	0	0	12352	P1-1-121	0	-
120	22.2981	22.422	G3	30	54	0	0	12352	P1-1-123	0	-
121	22.3045	22.4327	C#4	31	40	0	0	12352	P1-1-120	0	-
122	22.3055	22.407	A2	25	40	0	0	12352	P1-1-122	0	-
123	23.0566	24.4434	B2	37	38	0	0	12705	P1-1-126	0	-
124	23.0577	24.1976	D4	51	44	0	0	12705	P1-1-124	0	-
125	23.0587	24.3995	F#3	36	40	0	0	12705	P1-1-127	0	-
126	24.1047	24.2147	E4	53	58	0	0	13235	P1-1-128	0	-
127	24.1987	24.344	F#4	62	62	0	0	13235	*	3	-
128	24.3237	26.1122	A3	36	43	0	0	13411	P1-1-132	0	-
129	24.328	25.7703	C#3	36	34	0	0	13411	P1-1-131	0	-
130	24.3354	25.0993	G4	59	52	0	0	13411	P1-1-129	0	-
131	24.3483	25.5	E4	53	43	0	0	13411	P1-1-130	0	-
132	25.4711	25.5278	B4	36	47	0	0	-1	*	3	-
133	25.5566	25.6848	A4	45	59	0	0	14029	P1-1-133	0	-
134	25.7414	26.188	D3	26	41	0	0	14117	P1-1-136	0	-
135	25.7414	26.1111	F#4	44	54	0	0	14117	P1-1-134	0	-
136	27.188	28.8611	B4	61	47	0	0	14823	P1-1-139	0	-
137	27.2019	28.8579	D3	23	32	0	0	14823	P1-1-140	0	-
138	27.2019	28.4765	B3	33	17	0	0	14823	*	3	-
139	27.2136	28.8077	F#4	42	34	0	0	14823	P1-1-138	0	-
140	27.219	28.8846	D4	33	44	0	0	14823	P1-1-137	0	-
141	27.2275	28.9893	F#3	13	42	0	0	14823	P1-1-141	0	-
142	28.7104	28.9572	A4	45	35	0	0	15529	P1-1-142	0	-
143	28.7233	28.9594	A3	15	41	0	0	15529	P1-1-143	0	-
144	29.3226	29.5384	A3	31	35	0	0	15882	P1-1-149	0	-
145	29.3461	29.4754	F#4	27	49	0	0	15882	P1-1-145	0	-
146	29.3483	29.4797	A4	50	47	0	0	15882	P1-1-146	0	-
147	29.3707	29.4807	D3	16	47	0	0	15882	P1-1-147	0	-
148	29.376	29.4925	F#3	17	36	0	0	15882	P1-1-148	0	-
149	29.406	29.4647	D4	3	46	0	0	15882	P1-1-144	0	-
150	29.875	30.0641	A4	53	61	0	0	16235	P1-1-152	0	-
151	29.8792	30.0651	A3	35	50	0	0	16235	P1-1-155	0	-
152	29.8857	30.063	F#4	42	55	0	0	16235	P1-1-151	0	-
153	29.9006	30.0598	D4	30	44	0	0	16235	P1-1-150	0	-
154	29.9145	30.0577	D3	24	49	0	0	16235	P1-1-153	0	-
155	29.9337	30.11	F#3	18	36	0	0	16235	P1-1-154	0	-
156	30.4412	30.6891	A3	33	36	0	0	16588	P1-1-161	0	-
157	30.4423	30.6966	A4	54	49	0	0	16588	P1-1-158	0	-
158	30.4498	30.688	F#4	40	53	0	0	16588	P1-1-157	0	-
159	30.4701	30.6335	D3	31	51	0	0	16588	P1-1-159	0	-
160	30.4711	30.6592	D4	31	36	0	0	16588	P1-1-156	0	-
161	30.485	30.6741	F#3	21	35	0	0	16588	P1-1-160	0	-
162	31.1367	31.5534	D3	33	36	0	0	16941	P1-1-164	0	-
163	31.1367	31.8814	F#4	50	33	0	0	16941	P1-1-163	0	-
164	31.1581	31.6346	D4	39	25	0	0	16941	P1-1-162	0	-
165	31.1634	31.6581	F#3	38	34	0	0	16941	P1-1-165	0	-
166	32.9508	33.3824	D4	47	55	0	0	18000	P1-1-166	0	-
167	32.9604	33.2414	D3	22	40	0	0	18000	P1-1-167	0	-
168	33.501	33.9636	F#4	66	57	0	0	18352	P1-1-169	0	-
169	33.5267	33.7745	D3	36	34	0	0	18352	P1-1-170	0	-
170	33.5406	33.9124	D4	51	57	0	0	18352	P1-1-168	0	-
171	33.548	33.8248	F#3	34	44	0	0	18352	P1-1-171	0	-
172	34.0619	34.3077	B4	75	64	0	0	18705	P1-1-173	1	-
173	34.0683	34.2083	B3	50	53	0	0	18705	*	3	-
174	34.078	34.4113	D4	47	28	0	0	18705	P1-1-172	0	-
175	34.0918	34.1581	D3	39	57	0	0	18705	P1-1-174	0	-
176	34.0929	34.1912	F#3	11	50	0	0	18705	P1-1-175	0	-
177	34.8226	36.6549	F#3	40	43	0	0	19058	P1-1-180	0	-
178	34.828	35.6559	C#4	54	36	0	0	19058	P1-1-181	0	-
179	34.8301	36.376	C#5	75	54	0	0	19058	P1-1-178	0	-
180	34.8429	36.6132	B2	38	39	0	0	19058	P1-1-179	0	-
181	34.8579	36.7083	D4	47	40	0	0	19058	P1-1-176	0	-
182	34.8579	36.7136	F#4	49	44	0	0	19058	P1-1-177	0	-
183	36.3408	36.7275	B3	18	46	0	0	19764	P1-1-183	0	-
184	36.3504	36.7745	B4	47	30	0	0	19764	P1-1-182	0	-
185	36.9914	37.2019	B4	41	48	0	0	20117	P1-1-186	0	-
186	37.0117	37.1987	F#4	36	48	0	0	20117	P1-1-185	0	-
187	37.0224	37.2147	B3	31	37	0	0	20117	P1-1-189	0	-
188	37.0256	37.235	B2	26	42	0	0	20117	P1-1-187	0	-
189	37.0277	37.2062	F#3	25	33	0	0	20117	P1-1-188	0	-
190	37.0502	37.1976	D4	26	38	0	0	20117	P1-1-184	0	-
191	37.5854	37.8386	B4	49	37	0	0	20470	P1-1-192	0	-
192	37.5929	37.8055	B2	22	39	0	0	20470	P1-1-193	0	-
193	37.6036	37.7852	B3	27	40	0	0	20470	P1-1-195	0	-
194	37.6047	37.8183	F#4	30	37	0	0	20470	P1-1-191	0	-
195	37.6143	37.7617	F#3	26	27	0	0	20470	P1-1-194	0	-
196	37.6506	37.7692	D4	4	39	0	0	20470	P1-1-190	0	-
197	38.172	38.4978	F#4	39	44	0	0	20823	P1-1-197	0	-
198	38.1762	38.594	B4	51	24	0	0	20823	P1-1-198	0	-
199	38.2051	38.4412	B3	35	37	0	0	20823	P1-1-201	0	-
200	38.2136	38.4775	D4	29	42	0	0	20823	P1-1-196	0	-
201	38.2211	38.3824	F#3	21	31	0	0	20823	P1-1-200	0	-
202	38.2243	38.407	B2	19	33	0	0	20823	P1-1-199	0	-
203	38.9305	39.719	F#4	45	35	0	0	21176	P1-1-203	0	-
204	38.9327	39.9465	F#3	29	40	0	0	21176	P1-1-205	0	-
205	38.9423	39.6827	D4	36	33	0	0	21176	P1-1-202	0	-
206	38.9487	39.8931	B2	23	38	0	0	21176	P1-1-204	0	-
207	40.8878	41.3888	B4	62	60	0	0	22235	P1-1-206	0	-
208	40.9188	41.2574	B3	38	44	0	0	22235	P1-1-207	0	-
209	41.4914	42.032	D5	65	61	0	0	22588	P1-1-209	0	-
210	41.5064	41.8931	D4	33	37	0	0	22588	P1-1-211	0	-
211	41.516	41.9711	B4	56	55	0	0	22588	P1-1-208	0	-
212	41.5235	41.8888	B3	18	39	0	0	22588	P1-1-210	0	-
213	42.1068	42.3846	D4	31	43	0	0	22941	P1-1-215	0	-
214	42.1132	42.7104	F#5	79	36	0	0	22941	P1-1-213	0	-
215	42.1282	42.4914	B4	55	31	0	0	22941	*	3	-
216	42.1367	42.391	B3	25	35	0	0	22941	P1-1-214	0	-
217	42.1378	42.5106	F#4	45	37	0	0	22941	P1-1-216	0	-
218	42.1485	42.5	D5	39	42	0	0	22941	P1-1-212	0	-
219	42.9668	44.516	G5	79	51	0	0	23294	P1-1-219	0	-
220	42.9797	44.5181	G4	39	40	0	0	23294	P1-1-222	0	-
221	42.9882	44.6079	D4	31	31	0	0	23294	P1-1-221	0	-
222	42.9946	44.8301	D5	53	53	0	0	23294	P1-1-218	0	-
223	42.9946	44.8589	B4	53	46	0	0	23294	P1-1-217	0	-
224	43	44.8461	B3	37	40	0	0	23294	P1-1-220	0	-
225	44.4305	44.8547	F#5	45	57	0	0	24000	P1-1-223	0	-
226	44.4636	44.8141	F#4	17	50	0	0	24000	P1-1-224	0	-
227	45.0651	45.3141	F#5	55	63	0	0	24352	P1-1-227	0	-
228	45.0908	45.344	F#4	24	46	0	0	24352	P1-1-230	0	-
229	45.1004	45.313	D5	29	43	0	0	24352	P1-1-226	0	-
230	45.1047	45.3557	B3	13	43	0	0	24352	P1-1-228	0	-
231	45.1111	45.313	B4	17	48	0	0	24352	P1-1-225	0	-
232	45.1356	45.3675	D4	22	42	0	0	24352	P1-1-229	0	-
233	45.6346	45.8824	D4	21	34	0	0	24705	P1-1-235	0	-
234	45.6367	45.8472	D5	63	61	0	0	24705	P1-1-232	0	-
235	45.6399	45.8856	F#5	72	57	0	0	24705	P1-1-233	0	-
236	45.6602	45.9006	B4	57	35	0	0	24705	P1-1-231	0	-
237	45.6634	45.829	F#4	36	44	0	0	24705	P1-1-236	0	-
238	45.6645	45.8782	B3	25	31	0	0	24705	P1-1-234	0	-
239	46.204	46.3963	F#5	88	63	0	0	25058	P1-1-239	0	-
240	46.2168	46.3173	D5	61	54	0	0	25058	P1-1-238	0	-
241	46.2254	46.3632	B4	59	57	0	0	25058	P1-1-237	0	-
242	46.2297	46.3087	B3	48	62	0	0	25058	P1-1-240	0	-
243	46.2435	46.3162	F#4	41	62	0	0	25058	P1-1-242	0	-
244	46.2532	46.3055	D4	22	53	0	0	25058	P1-1-241	0	-
245	46.8846	48.4957	B5	89	58	0	0	25411	P1-1-245	0	-
246	46.8974	48.5512	D5	74	60	0	0	25411	P1-1-244	0	-
247	46.9006	47.7008	F#3	49	45	0	0	25411	P1-1-246	0	-
248	46.9017	48.5192	A4	71	46	0	0	25411	P1-1-243	0	-
249	46.9081	47.8493	D4	44	36	0	0	25411	P1-1-247	0	-
250	46.9188	47.7799	F#4	33	43	0	0	25411	P1-1-248	0	-
251	48.2767	48.532	A5	65	62	0	0	26117	P1-1-249	0	-
252	48.8536	49.0801	A5	79	61	0	0	26470	P1-1-252	0	-
253	48.8675	49.0801	D5	64	60	0	0	26470	P1-1-251	0	-
254	48.8696	49.2628	F#3	36	44	0	0	26470	P1-1-253	0	-
255	48.8728	49.0758	A4	56	60	0	0	26470	P1-1-250	0	-
256	48.8824	49.2029	F#4	37	51	0	0	26470	P1-1-255	0	-
257	48.8856	49.2564	D4	37	30	0	0	26470	P1-1-254	0	-
258	49.4155	49.5448	D5	73	64	0	0	26823	P1-1-257	0	-
259	49.4166	49.5726	A5	81	66	0	0	26823	P1-1-258	0	-
260	49.4177	50.0192	F#3	50	35	0	0	26823	P1-1-259	0	-
261	49.4241	49.5363	A4	72	64	0	0	26823	P1-1-256	0	-
262	49.4348	49.6388	D4	48	37	0	0	26823	P1-1-260	0	-
263	49.4476	49.6356	F#4	43	53	0	0	26823	P1-1-261	0	-
264	49.9925	50.1324	D6	81	61	0	0	27176	P1-1-263	0	-
265	49.9946	50.1826	F#4	47	48	0	0	27176	P1-1-266	0	-
266	49.9989	50.1816	D4	40	36	0	0	27176	P1-1-265	0	-
267	50	50.1132	A3	42	53	0	0	27176	P1-1-264	0	-
268	50.001	50.1068	D5	70	53	0	0	27176	P1-1-262	0	-
269	50.8792	53.5779	F#5	57	37	0	0	27529	P1-1-267	0	-
270	50.8803	52.4925	G4	22	44	0	0	27529	*	3	-
271	50.8867	52.4989	A3	31	43	0	0	27529	P1-1-268	0	-
272	50.8963	52.47	C#5	41	43	0	0	27529	*	3	-
273	52.2681	52.4967	E5	40	56	0	0	28235	P1-1-269	0	-
274	52.9049	53.126	E5	46	57	0	0	28588	P1-1-271	0	-
275	52.938	53.094	G4	21	37	0	0	28588	P1-1-273	0	-
276	52.9487	53.1143	C#5	8	42	0	0	28588	P1-1-270	0	-
277	52.9487	53.0416	A3	23	49	0	0	28588	P1-1-272	0	-
278	53.5085	53.6549	C#5	38	50	0	0	28941	P1-1-274	0	-
279	53.5192	53.7083	G4	29	34	0	0	28941	P1-1-277	0	-
280	53.5202	53.6869	E5	36	58	0	0	28941	P1-1-275	0	-
281	53.5416	53.6452	A3	29	46	0	0	28941	P1-1-276	0	-
282	54.1613	54.3066	A5	47	62	0	0	29294	P1-1-279	0	-
283	54.1677	54.3301	G4	20	38	0	0	29294	P1-1-281	0	-
284	54.1698	54.2628	A3	27	41	0	0	29294	P1-1-280	0	-
285	54.1794	54.4337	C#5	22	48	0	0	29294	P1-1-278	0	-
286	54.829	55.7211	D5	38	80	0	0	29647	P1-1-282	0	-
287	54.8557	55.6057	D4	29	36	0	0	29647	P1-1-283	0	-
288	54.8611	55.672	F#4	21	43	0	0	29647	P1-1-284	0	-
289	55.2168	55.47	A4	34	58	0	0	29823	P1-1-285	0	-
290	55.4914	55.7136	G#4	43	60	0	0	30000	P1-1-286	0	-
291	55.735	55.9658	A4	52	60	0	0	30176	P1-1-287	0	-
292	55.9957	56.2574	B4	44	60	0	0	30352	P1-1-288	0	-
293	56.2692	56.516	A4	51	57	0	0	30529	P1-1-289	0	-
294	56.5245	56.8269	B4	52	60	0	0	30705	P1-1-290	0	-
295	56.7628	57.0875	C#5	58	58	0	0	30882	P1-1-291	0	-
296	57.0416	57.3023	D5	54	60	0	0	31058	P1-1-292	0	-
297	57.3119	57.5598	C#5	65	58	0	0	31235	P1-1-293	0	-
298	57.5737	57.8472	D5	53	58	0	0	31411	P1-1-294	0	-
299	57.8418	58.2339	E5	59	63	0	0	31588	P1-1-295	0	-
300	58.1538	58.938	Bb3	24	36	0	0	31764	P1-1-296	0	-
301	58.1837	59.4722	G5	65	33	0	0	-1	*	3	-
302	58.4882	58.7286	C#4	31	28	0	0	-1	*	3	-
303	58.7788	59.5288	F#4	28	37	0	0	32117	P1-1-297	0	-
304	59.0363	59.2841	C#4	29	28	0	0	32294	P1-1-298	0	-
305	59.3162	60.0961	Bb3	27	42	0	0	32470	P1-1-299	0	-
306	59.3611	59.6046	F#5	52	58	0	0	-1	*	3	-
307	59.6207	59.7328	C#4	24	38	0	0	32647	P1-1-300	0	-
308	59.8878	60.2222	F#5	62	38	0	0	32823	P1-1-301	0	-
309	59.891	60.5309	F#4	31	38	0	0	32823	P1-1-302	0	-
310	60.1046	60.3974	C#4	37	33	0	0	33000	P1-1-303	0	-
311	60.36	61.1516	Bb3	26	45	0	0	33176	P1-1-305	0	-
312	60.3867	60.7051	F#5	66	48	0	0	33176	P1-1-304	0	-
313	60.6356	60.8237	C#4	31	31	0	0	33352	P1-1-306	0	-
314	60.923	61.1014	F#5	70	62	0	0	33529	P1-1-307	0	-
315	60.9326	61.454	F#4	31	41	0	0	33529	P1-1-308	0	-
316	61.204	61.689	C#4	24	33	0	0	33705	P1-1-309	0	-
317	61.4658	62.3172	G#3	40	41	0	0	33882	P1-1-311	0	-
318	61.563	64.9358	C#6	71	54	0	0	33882	P1-1-310	0	-
319	61.8386	62.1046	B3	37	40	0	0	34058	P1-1-312	0	-
320	62.1153	62.7766	F4	32	34	0	0	34235	P1-1-313	0	-
321	62.3407	62.594	B3	30	39	0	0	34411	P1-1-314	0	-
322	62.6078	63.3119	G#3	32	9	0	0	34588	P1-1-315	0	-
323	62.8824	63.1239	B3	38	36	0	0	34764	P1-1-316	0	-
324	63.1581	63.8482	F4	34	16	0	0	34941	P1-1-317	0	-
325	63.3942	63.6655	B3	45	33	0	0	35117	P1-1-318	0	-
326	63.6399	64.4433	G#3	41	41	0	0	35294	P1-1-319	0	-
327	63.9316	64.1452	B3	40	36	0	0	35470	P1-1-320	0	-
328	64.2072	64.6516	F4	35	32	0	0	35647	P1-1-321	0	-
329	64.7916	65.5865	A3	22	11	0	0	36000	P1-1-324	0	-
330	64.8621	67.7339	G#5	47	47	0	0	36000	P1-1-323	0	-
331	65.1837	65.423	C#4	11	39	0	0	36176	P1-1-325	0	-
332	65.423	66.0373	F#4	31	32	0	0	36352	P1-1-326	0	-
333	65.6463	65.9433	C#4	32	37	0	0	36529	P1-1-327	0	-
334	65.9487	66.5288	A3	31	14	0	0	36705	P1-1-329	0	-
335	66.0256	66.3034	F#5	50	57	0	0	36705	P1-1-328	0	-
336	66.2681	66.3717	C#4	26	46	0	0	36882	P1-1-330	0	-
337	66.5352	66.7745	F#5	58	60	0	0	37058	P1-1-331	0	-
338	66.5395	67.1751	F#4	28	36	0	0	37058	P1-1-332	0	-
339	66.7852	66.969	C#4	34	33	0	0	37235	P1-1-333	0	-
340	67.0363	67.3001	F#5	70	60	0	0	37411	P1-1-334	0	-
341	67.0405	67.7286	A3	28	37	0	0	37411	P1-1-335	0	-
342	67.314	67.4326	C#4	31	38	0	0	37588	P1-1-336	0	-
343	67.5769	67.7927	F#5	72	62	0	0	37764	P1-1-337	0	-
344	67.5865	68.1837	F#4	30	35	0	0	37764	P1-1-338	0	-
345	67.8418	68.2927	C#4	30	32	0	0	37941	P1-1-339	0	-
346	68.1207	69.0053	G#3	31	43	0	0	38117	P1-1-341	0	-
347	68.2371	72.0544	D6	76	17	0	0	38117	P1-1-340	0	-
348	68.5566	68.7777	B3	25	32	0	0	38294	P1-1-342	0	-
349	68.814	69.6046	F4	30	44	0	0	38470	P1-1-343	0	-
350	69.0736	69.3279	B3	33	39	0	0	38647	P1-1-344	0	-
351	69.3375	70.0843	G#3	38	44	0	0	38823	P1-1-345	0	-
352	69.5886	69.8749	B3	43	46	0	0	39000	P1-1-346	0	-
353	69.8707	70.6452	F4	40	36	0	0	39176	P1-1-347	0	-
354	70.1046	70.3557	B3	38	37	0	0	39352	P1-1-348	0	-
355	70.392	71.2168	G#3	39	35	0	0	39529	P1-1-349	0	-
356	70.6634	70.9358	B3	40	43	0	0	39705	P1-1-350	0	-
357	70.9326	71.4679	F4	31	32	0	0	39882	P1-1-351	0	-
358	71.2008	71.8546	B3	33	15	0	0	40058	P1-1-352	0	-
359	71.5266	71.97	A3	29	37	0	0	40235	P1-1-354	0	-
360	71.6431	72.783	C#6	68	61	0	0	40235	P1-1-353	0	-
361	71.9187	72.1954	C#4	28	42	0	0	40411	P1-1-355	0	-
362	72.1645	72.7307	F#4	34	35	0	0	40588	P1-1-356	0	-
363	72.4283	72.6922	F#3	40	36	0	0	40764	P1-1-357	0	-
364	72.7115	73.2531	G#3	37	46	0	0	40941	P1-1-358	0	-
365	72.7189	73.267	B5	55	56	0	0	40941	*	3	-
366	72.7296	72.9732	B3	27	52	0	0	40941	P1-1-359	0	-
367	72.9807	73.2435	F#4	43	50	0	0	41117	P1-1-360	0	-
368	73.2499	73.8931	A5	60	64	0	0	41294	P1-1-361	0	-
369	73.251	73.5181	C#4	37	48	0	0	41294	P1-1-363	0	-
370	73.2756	73.8066	A3	42	33	0	0	41294	P1-1-362	0	-
371	73.4818	73.7809	F#4	34	37	0	0	41470	P1-1-364	0	-
372	73.7478	74.3076	B3	42	38	0	0	41647	P1-1-366	0	-
373	73.7521	75.0726	G#5	60	59	0	0	41647	P1-1-365	0	-
374	73.7542	73.9903	D4	43	58	0	0	41647	P1-1-367	0	-
375	74.0192	74.3471	F#4	39	28	0	0	41823	P1-1-368	0	-
376	74.2745	75.0598	F#5	65	63	0	0	42000	P1-1-369	0	-
377	74.2788	74.5245	A3	37	35	0	0	42000	P1-1-370	0	-
378	74.3065	74.579	C#4	38	46	0	0	42000	P1-1-371	0	-
379	74.5309	74.5672	F#4	43	59	0	0	42176	P1-1-372	0	-
380	74.9059	75.3963	B2	37	38	0	0	42352	P1-1-374	0	-
381	74.9892	76.2457	D5	55	57	0	0	42352	P1-1-373	0	-
382	75.2521	75.6612	D3	43	27	0	0	42529	P1-1-375	0	-
383	75.3803	75.4358	C5	22	29	0	0	42529	*	3	-
384	75.5352	76.1078	B3	34	25	0	0	42705	P1-1-376	0	-
385	75.7585	76.2734	B2	38	15	0	0	42882	P1-1-377	0	-
386	76.063	76.376	E3	25	51	0	0	43058	P1-1-379	0	-
387	76.0865	76.3493	C#3	32	42	0	0	43058	*	3	-
388	76.1442	76.8076	C#5	52	54	0	0	43058	P1-1-378	0	-
389	76.4177	76.6986	B3	28	40	0	0	43235	P1-1-380	0	-
390	76.6559	76.8514	D3	24	55	0	0	43411	P1-1-382	0	-
391	76.6634	77.2681	B4	61	63	0	0	43411	P1-1-381	0	-
392	76.6645	76.8995	F#3	39	55	0	0	43411	P1-1-383	0	-
393	76.9433	77.1303	B3	38	32	0	0	43588	P1-1-384	0	-
394	77.1559	77.3429	C#3	37	49	0	0	43764	P1-1-386	0	-
395	77.158	77.6773	A4	64	61	0	0	43764	P1-1-385	0	-
396	77.1666	77.3589	F#3	37	60	0	0	43764	P1-1-387	0	-
397	77.3899	77.4518	C#4	42	62	0	0	43941	P1-1-388	0	-
398	77.6228	77.7991	B2	39	56	0	0	44117	P1-1-390	0	-
399	77.626	77.9679	F#3	33	61	0	0	44117	P1-1-391	0	-
400	77.6677	78.345	G#4	62	62	0	0	44117	P1-1-389	0	-
401	77.9401	78.157	D4	48	27	0	0	44294	P1-1-392	0	-
402	78.2446	78.9924	C#3	34	29	0	0	44470	P1-1-394	0	-
403	78.283	79.8621	F#4	59	62	0	0	44557	P1-1-395	0	-
404	78.5822	78.8268	A3	37	36	0	0	44647	P1-1-397	0	-
405	78.8333	79.3044	C#4	37	43	0	0	44823	P1-1-399	0	-
406	79.0587	79.4219	A3	31	37	0	0	45000	P1-1-400	0	-
407	79.314	79.83	C#3	40	22	0	0	45176	P1-1-401	0	-
408	79.6078	79.8418	A3	29	30	0	0	45352	P1-1-402	0	-
409	79.8279	80.08	C#4	27	48	0	0	45529	P1-1-403	0	-
410	79.8461	80.22	G#4	48	47	0	0	45529	*	3	-
411	79.9967	80.0918	F#4	68	64	0	0	45705	*	3	-
412	80.0662	80.36	A3	31	43	0	0	45705	P1-1-404	0	-
413	80.1142	80.2403	F4	65	64	0	0	45705	*	3	-
414	80.236	80.4625	F#4	70	62	0	0	45705	*	3	-
415	80.3343	80.7125	C#3	44	44	0	0	45882	P1-1-406	0	-
416	80.4273	81.33	A4	70	62	0	0	45882	P1-1-405	0	-
417	80.6965	81.0085	B3	38	48	0	0	46058	P1-1-407	0	-
418	81.0181	81.4347	C#4	29	32	0	0	46235	P1-1-408	0	-
419	81.3375	81.439	G#4	58	65	0	0	46411	P1-1-409	0	-
420	81.3514	81.9166	B3	34	34	0	0	46411	P1-1-410	0	-
421	81.8108	82.2553	F#3	29	42	0	0	46588	P1-1-412	0	-
422	81.8386	82.7499	A3	32	42	0	0	46588	P1-1-413	0	-
423	81.9048	83.2478	C#6	74	34	0	0	46588	P1-1-411	0	-
424	82.2927	82.5993	C#4	32	47	0	0	46764	P1-1-414	0	-
425	82.5149	83.0854	F#4	53	38	0	0	46941	P1-1-415	0	-
426	82.7574	83.1046	F#3	38	30	0	0	47117	P1-1-416	0	-
427	83.0459	83.2841	B3	37	34	0	0	47294	P1-1-419	0	-
428	83.0651	83.2531	G#3	35	49	0	0	47294	P1-1-418	0	-
429	83.0779	83.5982	B5	60	62	0	0	47294	P1-1-417	0	-
430	83.2841	83.5576	F#4	35	44	0	0	47470	P1-1-420	0	-
431	83.5491	84.0608	A3	31	36	0	0	47647	P1-1-422	0	-
432	83.5533	84.1335	A5	63	63	0	0	47647	P1-1-421	0	-
433	83.5597	83.8162	C#4	32	35	0	0	47647	P1-1-423	0	-
434	83.7467	84.0117	F#4	25	46	0	0	47823	P1-1-424	0	-
435	84.0085	84.5459	B3	43	29	0	0	48000	P1-1-426	0	-
436	84.0095	84.2521	D4	34	56	0	0	48000	P1-1-427	0	-
437	84.0095	84.7841	G#5	72	61	0	0	48000	P1-1-425	0	-
438	84.2264	84.5394	F#4	40	32	0	0	48176	P1-1-428	0	-
439	84.5159	85.2414	F#5	74	62	0	0	48352	P1-1-429	0	-
440	84.5191	84.7018	A3	34	52	0	0	48352	P1-1-430	0	-
441	84.5341	84.7724	C#4	39	62	0	0	48352	P1-1-431	0	-
442	84.782	84.8332	F#4	26	53	0	0	48529	P1-1-432	0	-
443	85.0694	85.6249	B2	45	48	0	0	48705	P1-1-434	0	-
444	85.157	85.5191	E5	66	64	0	0	48705	P1-1-433	0	-
445	85.3525	85.7659	D3	44	26	0	0	48882	P1-1-435	0	-
446	85.4753	86.4347	D5	68	37	0	0	49058	P1-1-436	0	-
447	85.6719	86.2296	B3	47	38	0	0	49058	P1-1-437	0	-
448	85.8845	86.5373	B2	33	40	0	0	49235	P1-1-438	0	-
449	86.1933	86.5106	E3	31	51	0	0	49411	P1-1-441	0	-
450	86.1986	86.4988	C#3	42	40	0	0	49411	P1-1-440	0	-
451	86.3076	86.8632	C#5	65	63	0	0	49411	P1-1-439	0	-
452	86.5138	86.7777	B3	35	45	0	0	49588	P1-1-442	0	-
453	86.7488	86.986	D3	39	54	0	0	49764	P1-1-444	0	-
454	86.7531	87.0437	F#3	43	64	0	0	49764	P1-1-445	0	-
455	86.767	87.361	B4	68	64	0	0	49764	P1-1-443	0	-
456	87.0063	87.2328	B3	56	51	0	0	49941	P1-1-446	0	-
457	87.2606	87.6751	C#3	49	23	0	0	50117	P1-1-448	0	-
458	87.2681	87.5565	F#3	45	60	0	0	50117	P1-1-449	0	-
459	87.2702	87.9155	A4	67	56	0	0	50117	P1-1-447	0	-
460	87.5181	87.6121	C#4	45	51	0	0	50294	P1-1-450	0	-
461	87.7926	87.9882	B2	36	46	0	0	50470	P1-1-452	0	-
462	87.8065	88.1367	F#3	37	52	0	0	50470	P1-1-453	0	-
463	87.8236	88.61	G#4	62	56	0	0	50470	P1-1-451	0	-
464	88.1185	88.3696	D4	41	26	0	0	50647	P1-1-454	0	-
465	88.4508	89.2926	C#3	36	44	0	0	50823	P1-1-456	0	-
466	88.5181	90.9358	C#5	64	33	0	0	50823	P1-1-455	0	-
467	88.8258	89.095	A3	42	36	0	0	51000	P1-1-457	0	-
468	89.0961	89.7072	C#4	38	29	0	0	51176	P1-1-458	0	-
469	89.3493	89.673	A3	23	39	0	0	51352	P1-1-459	0	-
470	89.6356	90.4337	C#3	31	41	0	0	51529	P1-1-460	0	-
471	89.908	90.2339	A3	32	28	0	0	51705	P1-1-461	0	-
472	90.2029	90.8749	F#4	47	61	0	0	51882	P1-1-462	0	-
473	90.2125	90.4614	C#4	31	50	0	0	51882	P1-1-463	0	-
474	90.4508	90.8375	A3	38	28	0	0	52058	P1-1-464	0	-
475	90.767	91.1484	C#3	37	43	0	0	52235	P1-1-466	0	-
476	90.8001	91.7766	A4	53	53	0	0	52235	P1-1-465	0	-
477	91.1345	91.4433	B3	44	53	0	0	52411	P1-1-467	0	-
478	91.4753	91.7958	C#4	43	36	0	0	52588	P1-1-468	0	-
479	91.8065	91.9305	G#4	55	59	0	0	52764	P1-1-469	0	-
480	91.8354	92.5822	B3	34	40	0	0	52764	P1-1-470	0	-
481	92.4294	95.5095	D3	33	31	0	0	52941	P1-1-472	0	-
482	92.4315	96.1847	A3	33	34	0	0	52941	P1-1-473	0	-
483	92.4337	93.8546	G#4	62	35	0	0	52941	P1-1-471	0	-
484	93.7788	94.0822	F#4	35	43	0	0	53647	P1-1-474	0	-
485	94.3888	94.4914	F#4	43	43	0	0	54000	P1-1-475	0	-
486	94.9305	95.0619	F#4	49	63	0	0	54352	P1-1-476	0	-
487	95.486	95.6313	F#4	44	58	0	0	54705	P1-1-477	0	-
488	96.1025	98.8129	C4	48	37	0	0	55058	P1-1-478	0	-
489	96.1132	97.3642	G#3	35	34	0	0	55058	P1-1-479	0	-
490	96.1281	99.6815	D3	31	37	0	0	55058	P1-1-480	0	-
491	97.3001	97.5896	A3	31	40	0	0	55764	P1-1-481	0	-
492	97.8941	98.1473	A3	42	34	0	0	56117	P1-1-482	0	-
493	98.4326	98.5298	A3	41	54	0	0	56470	P1-1-483	0	-
494	98.9817	99.1922	A3	38	34	0	0	56823	P1-1-484	0	-
495	99.6879	102.199	G#4	60	47	0	0	57176	P1-1-485	0	-
496	99.6933	102.304	A3	41	44	0	0	57176	P1-1-486	0	-
497	99.6986	102.352	C#3	28	43	0	0	57176	P1-1-487	0	-
498	100.976	101.246	F#4	43	37	0	0	57882	P1-1-488	0	-
499	101.594	101.766	F#4	42	56	0	0	58235	P1-1-489	0	-
500	102.11	102.261	F#4	53	60	0	0	58588	P1-1-490	0	-
501	102.652	102.768	F#4	57	60	0	0	58941	P1-1-491	0	-
502	103.297	106.424	C#3	35	42	0	0	59294	P1-1-495	1	-
503	103.299	103.855	B3	32	46	0	0	59294	P1-1-494	0	-
504	103.303	105.757	C#4	58	50	0	0	59294	P1-1-492	0	-
505	103.312	104.011	G#3	32	46	0	0	59294	P1-1-493	1	-
506	104.564	104.671	F#3	29	52	0	0	60000	P1-1-496	0	-
507	104.569	104.688	A3	32	53	0	0	60000	P1-1-497	0	-
508	105.174	105.33	F#3	30	52	0	0	60352	P1-1-498	0	-
509	105.195	105.367	A3	15	37	0	0	60352	P1-1-499	0	-
510	105.718	105.861	A3	34	46	0	0	60705	P1-1-501	0	-
511	105.746	105.865	F#3	26	53	0	0	60705	P1-1-500	0	-
512	106.3	106.419	A3	40	45	0	0	61058	P1-1-503	0	-
513	106.307	106.375	F#3	36	57	0	0	61058	P1-1-502	0	-
514	107.036	108.23	A4	59	37	0	0	61411	P1-1-504	0	-
515	107.05	110.052	C3	32	42	0	0	61411	P1-1-508	0	-
516	107.053	110.108	A3	35	36	0	0	61411	P1-1-507	0	-
517	107.066	110.108	Eb3	28	49	0	0	61411	P1-1-505	0	-
518	107.075	110.114	F#3	31	49	0	0	61411	P1-1-506	0	-
519	108.247	108.39	F#4	43	60	0	0	62117	P1-1-509	0	-
520	108.896	109.038	F#4	47	60	0	0	62470	P1-1-510	0	-
521	109.438	109.614	F#4	60	59	0	0	62823	P1-1-511	0	-
522	110.033	110.263	F#4	63	59	0	0	63176	P1-1-512	0	-
523	110.753	114.586	F#3	43	53	0	0	63529	P1-1-515	0	-
524	110.762	112.073	A4	67	38	0	0	63529	P1-1-513	0	-
525	110.776	114.026	Eb3	46	37	0	0	63529	P1-1-514	0	-
526	110.776	113.949	A3	50	38	0	0	63529	P1-1-516	0	-
527	110.78	113.987	B2	43	32	0	0	63529	P1-1-517	0	-
528	112.04	112.229	F#4	53	54	0	0	64235	P1-1-518	0	-
529	112.656	112.88	F#4	59	52	0	0	64588	P1-1-519	0	-
530	113.219	113.515	F#4	67	58	0	0	64941	P1-1-520	0	-
531	113.825	114.539	F#4	70	43	0	0	65294	P1-1-521	0	-
532	114.469	115.304	G3	54	57	0	0	65647	P1-1-525	0	-
533	114.474	115.391	D3	52	53	0	0	65647	P1-1-524	0	-
534	114.486	115.272	B2	41	42	0	0	65647	P1-1-523	0	-
535	114.489	115.933	B4	67	64	0	0	65647	P1-1-522	0	-
536	115.136	115.977	G4	70	56	0	0	66000	P1-1-526	0	-
537	115.831	116.62	C5	70	60	0	0	66352	P1-1-527	0	-
538	115.852	116.712	A3	49	62	0	0	66352	P1-1-531	0	-
539	115.855	116.637	E3	37	54	0	0	66352	P1-1-530	0	-
540	115.867	116.595	A2	39	40	0	0	66352	P1-1-528	0	-
541	115.873	116.636	C3	35	44	0	0	66352	P1-1-529	0	-
542	116.5	117.237	A4	67	60	0	0	66705	P1-1-532	0	-
543	117.214	118.036	G4	46	61	0	0	67058	P1-1-533	0	-
544	117.247	118.186	A3	23	56	0	0	67058	P1-1-535	0	-
545	117.251	118.243	D3	24	53	0	0	67058	P1-1-534	0	-
546	117.261	118.172	C4	21	43	0	0	67058	P1-1-536	0	-
547	118.016	118.23	F#4	39	62	0	0	67411	P1-1-537	0	-
548	119.043	120.776	E5	66	37	0	0	67764	P1-1-540	0	-
549	119.058	119.585	G2	30	43	0	0	67764	P1-1-541	0	-
550	119.106	120.514	B4	23	42	0	0	67764	P1-1-539	0	-
551	119.596	119.887	D3	30	47	0	0	68000	P1-1-542	0	-
552	119.969	120.294	G3	34	39	0	0	68235	P1-1-543	0	-
553	120.333	120.962	B3	11	36	0	0	68470	P1-1-545	0	-
554	120.348	120.486	D5	52	55	0	0	68470	P1-1-544	0	-
555	120.643	120.951	G3	31	36	0	0	68705	P1-1-549	0	-
556	120.657	120.774	D5	50	57	0	0	68705	P1-1-548	0	-
557	120.668	120.734	B4	32	53	0	0	68705	P1-1-547	0	-
558	120.686	120.755	G4	14	47	0	0	68705	P1-1-546	0	-
559	120.913	121.314	D3	32	32	0	0	68941	P1-1-553	0	-
560	120.929	121.028	D5	50	57	0	0	68941	P1-1-552	0	-
561	120.946	121.007	B4	12	52	0	0	68941	P1-1-551	0	-
562	121.168	121.34	B3	22	37	0	0	69176	P1-1-557	0	-
563	121.191	121.269	D5	56	56	0	0	69176	P1-1-556	0	-
564	121.198	121.256	G4	30	50	0	0	69176	P1-1-554	0	-
565	121.434	121.552	D5	64	61	0	0	69411	P1-1-560	0	-
566	121.434	121.481	G3	30	53	0	0	69411	P1-1-561	0	-
567	121.465	121.521	G4	30	55	0	0	69411	P1-1-558	0	-
568	121.467	121.528	B4	16	53	0	0	69411	P1-1-559	0	-
569	121.669	122.032	D3	52	29	0	0	69647	P1-1-565	0	-
570	121.692	122.065	D5	68	52	0	0	69647	P1-1-564	0	-
571	121.972	122.346	G2	41	34	0	0	69882	P1-1-568	0	-
572	122.045	123.451	B4	61	35	0	0	69882	P1-1-567	0	-
573	122.379	122.526	D3	26	52	0	0	70117	P1-1-569	0	-
574	122.657	122.911	G3	28	46	0	0	70352	P1-1-570	0	-
575	122.934	123.243	B3	32	32	0	0	70588	P1-1-571	0	-
576	123.193	123.59	D4	45	38	0	0	70823	P1-1-572	0	-
577	123.227	123.363	G3	31	43	0	0	70823	P1-1-573	0	-
578	123.435	123.722	G4	55	63	0	0	71058	P1-1-574	0	-
579	123.467	123.881	D3	18	36	0	0	71058	P1-1-575	0	-
580	123.684	123.807	B3	28	39	0	0	71294	P1-1-577	0	-
581	123.688	123.913	B4	68	65	0	0	71294	P1-1-576	0	-
582	123.907	123.98	G3	30	60	0	0	71529	P1-1-579	0	-
583	123.922	124.222	G4	62	59	0	0	71529	P1-1-578	0	-
584	124.161	124.462	D3	39	40	0	0	71764	P1-1-581	0	-
585	124.163	124.533	B4	71	63	0	0	71764	P1-1-580	0	-
586	124.453	124.8	F#2	42	40	0	0	72000	P1-1-584	0	-
587	124.539	125.709	E5	70	42	0	0	72000	*	3	-
588	124.543	125.745	A4	49	47	0	0	72000	P1-1-582	0	-
589	124.559	125.658	C5	52	50	0	0	72000	P1-1-583	0	-
590	124.873	124.955	D3	40	59	0	0	72235	P1-1-585	0	-
591	125.192	125.535	A3	42	39	0	0	72470	P1-1-586	0	-
592	125.559	126.026	C4	6	17	0	0	72705	P1-1-588	0	-
593	125.583	125.702	D5	53	55	0	0	72705	P1-1-587	0	-
594	125.852	126.231	A3	28	36	0	0	72941	P1-1-592	0	-
595	125.866	125.969	D5	56	57	0	0	72941	P1-1-591	0	-
596	125.887	125.935	A4	45	55	0	0	72941	P1-1-589	0	-
597	125.895	125.95	C5	21	51	0	0	72941	P1-1-590	0	-
598	126.071	126.425	D3	43	28	0	0	73176	P1-1-596	0	-
599	126.121	126.235	D5	63	60	0	0	73176	P1-1-595	0	-
600	126.129	126.189	A4	35	49	0	0	73176	P1-1-593	0	-
601	126.35	126.443	C4	27	53	0	0	73411	P1-1-600	0	-
602	126.364	126.429	A4	38	57	0	0	73411	P1-1-597	0	-
603	126.365	126.459	D5	60	59	0	0	73411	P1-1-599	0	-
604	126.38	126.431	C5	38	55	0	0	73411	P1-1-598	0	-
605	126.594	126.655	A4	53	61	0	0	73647	P1-1-601	0	-
606	126.6	126.687	D5	66	55	0	0	73647	P1-1-603	0	-
607	126.615	126.663	C5	24	49	0	0	73647	P1-1-602	0	-
608	126.62	126.677	A3	22	54	0	0	73647	P1-1-604	0	-
609	126.862	127.153	D3	49	46	0	0	73882	P1-1-608	0	-
610	126.862	127.206	D5	58	36	0	0	73882	P1-1-607	0	-
611	127.137	127.458	F#2	42	39	0	0	74117	P1-1-611	0	-
612	127.196	128.376	A4	53	45	0	0	74117	P1-1-610	0	-
613	127.234	127.976	D4	34	45	0	0	74117	P1-1-609	0	-
614	127.53	127.593	D3	25	45	0	0	74352	P1-1-612	0	-
615	127.839	128.028	A3	39	35	0	0	74588	P1-1-613	0	-
616	128.123	128.431	C4	31	31	0	0	74823	P1-1-614	0	-
617	128.366	128.673	D4	56	46	0	0	75058	P1-1-615	0	-
618	128.386	128.57	A3	35	36	0	0	75058	P1-1-616	0	-
619	128.575	128.809	D3	46	43	0	0	75294	P1-1-618	0	-
620	128.62	128.901	A4	74	61	0	0	75294	P1-1-617	0	-
621	128.83	128.925	C4	39	56	0	0	75529	P1-1-620	0	-
622	128.864	129.086	C5	79	63	0	0	75529	P1-1-619	0	-
623	129.068	129.125	A3	36	62	0	0	75764	P1-1-622	0	-
624	129.085	129.396	A4	72	63	0	0	75764	P1-1-621	0	-
625	129.342	129.702	C5	74	58	0	0	76000	P1-1-623	0	-
626	129.345	129.691	D3	31	38	0	0	76000	P1-1-624	0	-
627	129.615	129.913	G2	45	46	0	0	76235	P1-1-627	0	-
628	129.688	130.502	E5	74	33	0	0	76235	*	3	-
629	129.732	130.361	G4	18	37	0	0	76235	P1-1-625	0	-
630	129.738	130.428	B4	36	53	0	0	76235	P1-1-626	0	-
631	129.987	130.144	D3	39	46	0	0	76470	P1-1-628	0	-
632	130.247	130.567	G3	37	42	0	0	76705	P1-1-629	0	-
633	130.388	130.583	D5	58	57	0	0	76764	P1-1-630	0	-
634	130.569	130.833	B4	55	65	0	0	76941	P1-1-631	0	-
635	130.574	131.045	B3	35	17	0	0	76941	P1-1-633	0	-
636	130.641	130.704	G4	13	48	0	0	76941	P1-1-632	0	-
637	130.84	131.066	C5	74	48	0	0	77176	P1-1-634	0	-
638	130.85	130.948	G4	44	53	0	0	77176	P1-1-635	0	-
639	130.863	131.093	G3	39	31	0	0	77176	P1-1-637	0	-
640	131.074	131.221	D5	75	57	0	0	77411	P1-1-638	0	-
641	131.091	131.451	D3	40	19	0	0	77411	P1-1-641	0	-
642	131.121	131.157	G4	44	57	0	0	77411	P1-1-639	0	-
643	131.317	131.405	E5	75	65	0	0	77647	P1-1-642	0	-
644	131.327	131.392	G4	51	51	0	0	77647	P1-1-643	0	-
645	131.337	131.554	B3	30	36	0	0	77647	P1-1-645	0	-
646	131.348	131.383	B4	45	57	0	0	77647	P1-1-644	0	-
647	131.571	131.864	F#5	81	37	0	0	77882	P1-1-646	0	-
648	131.59	131.667	G4	58	61	0	0	77882	P1-1-647	0	-
649	131.607	131.653	G3	37	56	0	0	77882	P1-1-649	0	-
650	131.827	132.201	D3	46	37	0	0	78117	P1-1-653	0	-
651	131.847	131.91	G5	85	66	0	0	78117	P1-1-650	0	-
652	131.857	131.931	G4	60	60	0	0	78117	P1-1-651	0	-
653	132.191	132.519	D2	50	36	0	0	78352	P1-1-657	0	-
654	132.25	133.152	B4	76	50	0	0	78352	P1-1-654	0	-
655	132.281	133.019	F#4	50	58	0	0	78352	P1-1-656	0	-
656	132.29	132.967	D4	41	35	0	0	78352	P1-1-655	0	-
657	132.594	132.707	D3	47	52	0	0	78588	P1-1-658	0	-
658	132.897	133.212	A3	42	36	0	0	78823	P1-1-659	0	-
659	133.018	133.236	A4	64	61	0	0	78882	P1-1-660	0	-
660	133.206	133.559	C4	40	31	0	0	79058	P1-1-663	0	-
661	133.231	133.512	F#4	58	62	0	0	79058	P1-1-661	0	-
662	133.277	133.382	D4	38	54	0	0	79058	P1-1-662	0	-
663	133.503	133.736	A3	40	62	0	0	79294	P1-1-667	0	-
664	133.504	133.75	G4	69	63	0	0	79294	P1-1-664	0	-
665	133.546	133.627	D4	51	56	0	0	79294	P1-1-665	0	-
666	133.746	133.984	A4	75	59	0	0	79529	P1-1-668	0	-
667	133.754	133.8	D3	47	51	0	0	79529	P1-1-671	0	-
668	133.797	133.88	D4	38	39	0	0	79529	P1-1-669	0	-
669	134.004	134.141	B4	69	64	0	0	79764	P1-1-672	0	-
670	134.015	134.363	A3	46	36	0	0	79764	P1-1-675	0	-
671	134.024	134.084	F#4	45	52	0	0	79764	P1-1-674	0	-
672	134.061	134.123	D4	27	47	0	0	79764	P1-1-673	0	-
673	134.266	134.423	C5	81	62	0	0	80000	P1-1-676	0	-
674	134.274	134.555	F#3	51	63	0	0	80000	P1-1-679	0	-
675	134.282	134.48	F#4	55	59	0	0	80000	P1-1-678	0	-
676	134.312	134.425	D4	16	34	0	0	80000	P1-1-677	0	-
677	134.549	134.684	D5	80	61	0	0	80235	P1-1-680	0	-
678	134.563	134.607	C3	60	63	0	0	80235	P1-1-683	0	-
679	134.568	134.683	D4	66	62	0	0	80235	P1-1-681	0	-
680	134.922	135.324	E2	58	57	0	0	80470	P1-1-686	0	-
681	134.925	135.731	G4	69	53	0	0	80470	P1-1-684	0	-
682	134.935	135.507	B3	69	52	0	0	80470	P1-1-685	0	-
683	135.35	135.91	B2	57	62	0	0	80705	P1-1-687	0	-
684	135.606	135.734	G3	56	52	0	0	80941	P1-1-688	0	-
685	135.695	135.852	A4	70	80	0	0	81000	P1-1-689	0	-
686	135.768	135.888	B4	70	65	0	0	81088	P1-1-690	0	-
687	135.88	136.267	C5	75	59	0	0	81176	P1-1-691	0	-
688	135.889	136.237	D4	53	61	0	0	81176	P1-1-692	0	-
689	135.902	136.262	A4	18	56	0	0	81176	P1-1-693	0	-
690	135.906	136.248	F#2	51	61	0	0	81176	P1-1-694	0	-
691	136.247	136.53	D3	45	31	0	0	81411	P1-1-695	0	-
692	136.551	136.73	A3	44	36	0	0	81647	P1-1-696	0	-
693	136.679	136.819	E5	51	59	0	0	81705	P1-1-697	0	-
694	136.835	136.951	D5	46	56	0	0	81794	P1-1-698	0	-
695	136.955	137.3	G2	27	41	0	0	81882	P1-1-701	0	-
696	136.992	137.279	B4	45	64	0	0	81882	P1-1-699	0	-
697	137.325	137.745	D3	40	19	0	0	82117	P1-1-702	0	-
698	137.634	137.734	B3	35	53	0	0	82352	P1-1-703	0	-
699	138.006	138.362	G2	37	38	0	0	82588	P1-1-707	0	-
700	138.065	139.095	E5	68	59	0	0	82588	P1-1-706	0	-
701	138.109	139.075	B4	34	52	0	0	82588	P1-1-705	0	-
702	138.138	139.113	G4	4	44	0	0	82588	P1-1-704	0	-
703	138.409	138.606	D3	28	37	0	0	82823	P1-1-708	0	-
704	138.649	138.933	G3	39	50	0	0	83058	P1-1-709	0	-
705	138.989	139.247	B3	42	37	0	0	83294	P1-1-711	0	-
706	139.034	139.115	D5	52	58	0	0	83294	P1-1-710	0	-
707	139.268	139.503	G3	54	60	0	0	83529	P1-1-715	0	-
708	139.268	139.371	D5	66	55	0	0	83529	P1-1-714	0	-
709	139.29	139.342	G4	29	51	0	0	83529	P1-1-712	0	-
710	139.509	139.565	B4	62	61	0	0	83764	P1-1-717	0	-
711	139.509	139.611	D5	70	57	0	0	83764	P1-1-718	0	-
712	139.516	139.689	D3	61	49	0	0	83764	P1-1-719	0	-
713	139.571	139.625	G4	17	43	0	0	83764	P1-1-716	0	-
714	139.751	139.972	B3	74	56	0	0	84000	P1-1-723	0	-
715	139.754	139.821	G4	52	56	0	0	84000	P1-1-720	0	-
716	139.755	139.834	D5	70	60	0	0	84000	P1-1-722	0	-
717	139.762	139.812	B4	65	60	0	0	84000	P1-1-721	0	-
718	140.002	140.067	D5	80	62	0	0	84235	P1-1-726	0	-
719	140.005	140.044	G4	61	66	0	0	84235	P1-1-724	0	-
720	140.012	140.044	B4	65	67	0	0	84235	P1-1-725	0	-
721	140.016	140.254	G3	50	60	0	0	84235	P1-1-727	0	-
722	140.262	140.314	D3	53	63	0	0	84470	P1-1-731	0	-
723	140.586	140.716	E2	58	63	0	0	84705	P1-1-734	0	-
724	140.599	141.397	A5	87	62	0	0	84705	P1-1-733	0	-
725	140.622	141.467	B4	71	58	0	0	84705	P1-1-732	0	-
726	140.648	140.711	E5	46	80	0	0	-1	*	3	-
727	140.743	141.465	E5	27	55	0	0	-1	*	3	-
728	140.877	141.608	E3	73	60	0	0	84941	P1-1-735	0	-
729	141.117	141.456	G3	82	55	0	0	85176	P1-1-736	0	-
730	141.37	141.667	B3	84	60	0	0	85411	P1-1-738	0	-
731	141.375	141.533	G5	86	59	0	0	85411	P1-1-737	0	-
732	141.612	141.902	G3	79	60	0	0	85647	P1-1-742	0	-
733	141.631	141.762	E5	79	58	0	0	85647	P1-1-740	0	-
734	141.631	141.769	G5	86	63	0	0	85647	P1-1-741	0	-
735	141.632	141.741	B4	74	60	0	0	85647	P1-1-739	0	-
736	141.856	142.073	E3	80	61	0	0	85882	P1-1-746	0	-
737	141.858	142.019	G5	92	64	0	0	85882	P1-1-745	0	-
738	141.863	142.008	E5	83	62	0	0	85882	P1-1-744	0	-
739	141.866	141.99	B4	83	62	0	0	85882	P1-1-743	0	-
740	142.105	142.294	B3	84	56	0	0	86117	P1-1-750	0	-
741	142.109	142.234	G5	97	62	0	0	86117	P1-1-749	0	-
742	142.111	142.246	B4	85	62	0	0	86117	P1-1-747	0	-
743	142.111	142.235	E5	89	62	0	0	86117	P1-1-748	0	-
744	142.345	142.602	G3	66	63	0	0	86352	P1-1-754	0	-
745	142.351	142.459	E5	83	52	0	0	86352	P1-1-752	0	-
746	142.351	142.467	G5	90	63	0	0	86352	P1-1-753	0	-
747	142.353	142.448	B4	79	60	0	0	86352	P1-1-751	0	-
748	142.59	142.625	E3	69	65	0	0	86588	P1-1-758	0	-
749	142.596	142.66	G5	94	66	0	0	86588	P1-1-757	0	-
750	142.601	142.632	B4	81	71	0	0	86588	P1-1-755	0	-
751	142.98	144.762	A1	77	57	0	0	86823	P1-1-762	0	-
752	142.984	144.857	A2	85	59	0	0	86823	P1-1-763	0	-
753	142.986	143.942	G5	100	60	0	0	86823	P1-1-760	0	-
754	142.987	144.161	E6	96	80	0	0	86823	P1-1-761	0	-
755	142.99	144.05	E5	91	55	0	0	86823	P1-1-759	0	-
756	143.891	144.012	C#6	87	64	0	0	87529	P1-1-764	0	-
757	144.152	144.282	C#6	88	63	0	0	87764	P1-1-767	0	-
758	144.167	144.253	E5	74	61	0	0	87764	P1-1-765	0	-
759	144.17	144.216	G5	68	62	0	0	87764	P1-1-766	0	-
760	144.398	144.547	C#6	90	62	0	0	88000	P1-1-770	0	-
761	144.403	144.519	E5	74	59	0	0	88000	P1-1-768	0	-
762	144.413	144.459	G5	73	58	0	0	88000	P1-1-769	0	-
763	144.653	144.795	C#6	91	59	0	0	88235	P1-1-773	0	-
764	144.66	144.772	E5	76	50	0	0	88235	P1-1-771	0	-
765	144.663	144.752	G5	81	47	0	0	88235	P1-1-772	0	-
766	144.892	145.006	E5	70	56	0	0	88470	P1-1-774	0	-
767	144.897	145.035	G5	80	57	0	0	88470	P1-1-775	0	-
768	144.897	145.013	C#6	88	66	0	0	88470	P1-1-776	0	-
769	145.129	145.372	C#6	97	65	0	0	88705	P1-1-779	0	-
770	145.136	145.315	E5	85	64	0	0	88705	P1-1-777	0	-
771	145.138	145.177	G5	54	67	0	0	88705	P1-1-778	0	-
772	145.386	145.621	Bb3	75	65	0	0	88941	P1-1-783	0	-
773	145.387	145.714	Bb2	74	58	0	0	88941	P1-1-782	0	-
774	145.396	146.758	G#5	91	58	0	0	88941	P1-1-781	0	-
775	145.399	146.501	E5	90	55	0	0	88941	P1-1-780	0	-
776	145.399	146.422	E6	95	41	0	0	88941	*	3	-
777	146.247	146.341	Bb2	67	52	0	0	89647	P1-1-788	0	-
778	146.249	146.331	Bb1	64	60	0	0	89647	P1-1-787	0	-
779	146.262	146.747	D6	79	61	0	0	89647	P1-1-786	0	-
780	146.524	146.598	Bb2	53	55	0	0	89882	P1-1-790	0	-
781	146.543	146.592	Bb1	49	53	0	0	89882	P1-1-789	0	-
782	146.778	146.859	Bb2	51	57	0	0	90117	P1-1-792	0	-
783	146.786	146.859	Bb1	41	55	0	0	90117	P1-1-791	0	-
784	147.028	147.122	Bb2	54	57	0	0	90352	P1-1-794	0	-
785	147.038	147.107	Bb1	48	58	0	0	90352	P1-1-793	0	-
786	147.29	147.367	Bb2	51	53	0	0	90588	P1-1-796	0	-
787	147.329	147.386	Bb1	37	52	0	0	90588	P1-1-795	0	-
788	147.555	147.627	Bb1	43	55	0	0	90823	P1-1-797	0	-
789	147.558	147.653	Bb2	50	49	0	0	90823	P1-1-798	0	-
790	147.919	150.12	A2	37	36	0	0	91058	P1-1-803	0	-
791	147.934	150.671	A1	31	27	0	0	91058	P1-1-802	0	-
792	147.997	149.601	E5	67	80	0	0	91058	P1-1-799	0	-
793	148.028	149.102	G4	39	44	0	0	91058	P1-1-801	0	-
794	148.03	149.093	E4	37	44	0	0	91058	P1-1-800	0	-
795	149.009	149.095	C#5	44	60	0	0	91764	P1-1-804	0	-
796	149.363	149.428	E4	34	45	0	0	92000	P1-1-806	0	-
797	149.363	149.437	C#5	53	56	0	0	92000	P1-1-805	0	-
798	149.386	149.436	G4	26	52	0	0	92000	P1-1-807	0	-
799	149.611	149.717	C#5	60	61	0	0	92235	P1-1-808	0	-
800	149.622	149.672	E4	43	51	0	0	92235	P1-1-809	0	-
801	149.858	149.933	G4	61	47	0	0	92470	P1-1-813	0	-
802	149.859	149.964	C#5	73	60	0	0	92470	P1-1-811	0	-
803	149.875	149.918	E4	47	53	0	0	92470	P1-1-812	0	-
804	150.091	150.184	G4	65	56	0	0	92705	P1-1-816	0	-
805	150.094	150.194	C#5	75	61	0	0	92705	P1-1-814	0	-
806	150.128	150.164	E4	30	54	0	0	92705	P1-1-815	0	-
807	150.329	150.591	C#5	81	62	0	0	92941	P1-1-817	0	-
808	150.334	150.434	E4	54	56	0	0	92941	P1-1-818	0	-
809	150.583	152.809	Bb2	43	41	0	0	93176	P1-1-823	0	-
810	150.641	151.576	E5	69	35	0	0	93176	P1-1-822	0	-
811	150.653	152.113	E4	45	27	0	0	93176	P1-1-820	0	-
812	150.654	152.743	G#4	57	49	0	0	93176	P1-1-821	0	-
813	151.442	152.321	D5	49	57	0	0	93882	P1-1-824	0	-
814	151.453	151.532	Bb1	21	42	0	0	93882	P1-1-825	0	-
815	151.725	151.804	Bb1	39	42	0	0	94117	P1-1-826	0	-
816	151.967	152.052	Bb1	40	51	0	0	94352	P1-1-827	0	-
817	152.241	152.298	Bb1	47	60	0	0	94588	P1-1-828	0	-
818	152.49	152.589	Bb1	43	54	0	0	94823	P1-1-829	0	-
819	152.802	152.889	Bb1	28	39	0	0	95058	P1-1-830	0	-
820	153.082	155.528	A1	31	35	0	0	95294	P1-1-833	0	-
821	153.103	153.482	C#5	55	61	0	0	95294	P1-1-832	0	-
822	153.121	153.519	A4	48	63	0	0	-1	*	3	-
823	153.126	153.513	E4	40	55	0	0	95294	P1-1-831	0	-
824	154.029	154.592	A4	54	34	0	0	96000	P1-1-836	0	-
825	154.039	154.542	C#4	45	49	0	0	96000	P1-1-834	0	-
826	154.062	154.599	E4	34	41	0	0	96000	P1-1-835	0	-
827	154.295	154.363	A2	38	57	0	0	96235	P1-1-837	0	-
828	154.546	154.629	A2	39	53	0	0	96470	P1-1-838	0	-
829	154.833	154.9	A2	37	56	0	0	96705	P1-1-839	0	-
830	155.111	155.184	A2	32	50	0	0	96941	P1-1-840	0	-
831	155.402	155.592	A2	39	35	0	0	97176	P1-1-841	0	-
832	155.762	156.248	B4	56	60	0	0	97411	P1-1-844	0	-
833	155.777	158.56	A1	32	37	0	0	97411	P1-1-845	0	-
834	155.784	156.267	D4	41	53	0	0	97411	P1-1-842	0	-
835	155.806	156.251	G4	20	49	0	0	97411	P1-1-843	0	-
836	156.703	157.524	G4	50	40	0	0	98117	P1-1-848	0	-
837	156.739	157.483	B3	38	40	0	0	98117	P1-1-846	0	-
838	156.748	157.516	D4	31	36	0	0	98117	P1-1-847	0	-
839	157.017	157.087	A2	32	55	0	0	98352	P1-1-849	0	-
840	157.289	157.368	A2	41	53	0	0	98588	P1-1-850	0	-
841	157.564	157.643	A2	42	54	0	0	98823	P1-1-851	0	-
842	157.856	157.925	A2	39	55	0	0	99058	P1-1-852	0	-
843	158.129	158.383	A2	39	80	0	0	99294	P1-1-853	0	-
844	158.498	160.648	A4	47	35	0	0	99529	P1-1-856	0	-
845	158.503	158.915	D4	32	50	0	0	99529	P1-1-854	0	-
846	158.522	158.89	F#4	38	56	0	0	99529	P1-1-855	0	-
847	159.513	160.81	A3	29	38	0	0	100235	P1-1-858	0	-
848	159.515	160.757	D4	34	40	0	0	100235	P1-1-859	0	-
849	159.531	160.905	F#4	39	39	0	0	100235	P1-1-860	0	-
850	159.803	159.909	A1	31	38	0	0	100471	P1-1-861	0	-
851	160.098	160.18	A1	29	50	0	0	100706	P1-1-862	0	-
852	160.41	160.481	A1	34	54	0	0	100941	P1-1-863	0	-
853	160.711	160.804	A1	30	42	0	0	101176	P1-1-864	0	-
854	161.035	161.512	A1	33	21	0	0	101412	P1-1-865	0	-
855	161.455	164.851	A2	31	4	0	0	101647	P1-1-870	0	-
856	161.46	162.019	G4	41	33	0	0	101647	P1-1-869	0	-
857	161.478	162.02	E4	37	37	0	0	101647	P1-1-868	0	-
858	161.491	162.029	C#4	27	42	0	0	101647	P1-1-867	0	-
859	161.496	162.075	A3	28	39	0	0	101647	P1-1-866	0	-
860	162.75	164.206	E4	38	38	0	0	102353	P1-1-874	0	-
861	162.795	163.985	G3	30	40	0	0	102353	P1-1-871	0	-
862	162.835	164.231	C#4	12	31	0	0	102353	P1-1-873	0	-
863	162.89	164.07	A3	3	36	0	0	102353	P1-1-872	0	-
864	163.173	163.263	A1	18	40	0	0	102588	P1-1-875	0	-
865	163.519	163.591	A1	23	42	0	0	102823	P1-1-876	0	-
866	163.873	163.964	A1	23	39	0	0	103059	P1-1-877	0	-
867	164.286	164.387	A1	8	41	0	0	103294	P1-1-878	0	-
868	164.748	164.825	A1	22	55	0	0	103529	P1-1-879	0	-
869	166.054	168.203	B4	57	44	0	0	103765	P1-1-882	0	-
870	166.075	169.079	F#3	35	45	0	0	103765	P1-1-884	0	-
871	166.082	168.144	F#4	45	44	0	0	103765	P1-1-881	0	-
872	166.085	169.132	D3	34	40	0	0	103765	P1-1-883	0	-
873	166.087	168.158	D4	36	44	0	0	103765	P1-1-880	0	-
874	167.904	168.169	A4	37	48	0	0	104471	P1-1-885	0	-
875	168.525	168.746	A4	42	41	0	0	104823	P1-1-888	0	-
876	168.571	168.747	D4	9	37	0	0	104823	P1-1-886	0	-
877	168.571	168.721	F#4	24	39	0	0	104823	P1-1-887	0	-
878	169.065	169.329	A4	49	56	0	0	105176	P1-1-891	0	-
879	169.07	169.313	F#4	33	55	0	0	105176	P1-1-890	0	-
880	169.091	169.347	D4	25	38	0	0	105176	P1-1-889	0	-
881	169.598	170.185	A4	56	38	0	0	105529	P1-1-894	0	-
882	169.616	169.872	F#4	45	49	0	0	105529	P1-1-893	0	-
883	169.617	169.91	D4	35	45	0	0	105529	P1-1-892	0	-
884	170.311	171.653	B3	48	46	0	0	105882	P1-1-899	0	-
885	170.316	171.802	F#4	48	53	0	0	105882	P1-1-896	0	-
886	170.317	171.766	F#3	30	1	0	0	105882	P1-1-898	0	-
887	170.33	171.806	D3	27	37	0	0	105882	P1-1-897	0	-
888	170.359	171.046	D4	18	21	0	0	105882	P1-1-895	0	-
889	171.528	171.825	A3	35	59	0	0	106588	P1-1-900	0	-
890	172.08	172.812	F#4	45	52	0	0	106941	P1-1-901	0	-
891	172.103	172.294	A3	35	49	0	0	106941	P1-1-904	0	-
892	172.108	172.313	D3	25	33	0	0	106941	P1-1-902	0	-
893	172.112	172.278	F#3	32	41	0	0	106941	P1-1-903	0	-
894	172.622	172.878	A3	39	36	0	0	107294	P1-1-908	0	-
895	172.622	172.861	D3	31	31	0	0	107294	P1-1-906	0	-
896	172.631	173.334	D4	51	57	0	0	107294	P1-1-905	0	-
897	172.643	172.816	F#3	28	37	0	0	107294	P1-1-907	0	-
898	173.133	173.739	F#4	66	62	0	0	107647	P1-1-909	0	-
899	173.138	173.279	A3	37	59	0	0	107647	P1-1-912	0	-
900	173.15	173.254	D3	28	50	0	0	107647	P1-1-910	0	-
901	173.21	173.294	F#3	17	43	0	0	107647	P1-1-911	0	-
902	173.742	175.598	B4	63	33	0	0	108000	*	3	-
903	173.755	175.398	E4	42	41	0	0	108000	P1-1-913	0	-
904	173.757	174.368	E3	38	45	0	0	108000	P1-1-916	0	-
905	173.758	174.242	C#3	33	42	0	0	108000	P1-1-915	0	-
906	173.769	175.473	G4	40	43	0	0	108000	P1-1-914	0	-
907	175.102	175.409	A4	51	36	0	0	108706	P1-1-917	0	-
908	175.688	175.908	A4	45	35	0	0	109058	P1-1-920	0	-
909	175.689	176.294	A3	50	36	0	0	109058	P1-1-923	0	-
910	175.702	175.967	C#3	33	42	0	0	109058	P1-1-921	0	-
911	175.736	175.868	E3	35	50	0	0	109058	P1-1-922	0	-
912	176.215	176.504	A4	57	49	0	0	109412	P1-1-926	0	-
913	176.225	176.563	E3	62	59	0	0	109412	P1-1-928	0	-
914	176.247	176.568	C#3	43	42	0	0	109412	P1-1-927	0	-
915	176.733	176.99	E3	52	59	0	0	109765	P1-1-933	0	-
916	176.734	177.065	A3	68	59	0	0	109765	P1-1-934	0	-
917	176.736	177.034	A4	59	57	0	0	109765	P1-1-931	0	-
918	176.738	177.039	C#3	49	39	0	0	109765	P1-1-932	0	-
919	176.794	176.868	E4	20	43	0	0	109765	P1-1-929	0	-
920	177.408	178.259	B3	64	34	0	0	110118	*	3	-
921	177.413	179.402	E4	55	38	0	0	110118	P1-1-935	0	-
922	177.425	178.808	G3	43	40	0	0	110118	P1-1-938	0	-
923	177.429	178.969	E3	39	39	0	0	110118	P1-1-937	0	-
924	177.436	178.976	C#3	39	33	0	0	110118	P1-1-936	0	-
925	178.697	179.025	A3	40	54	0	0	110823	P1-1-939	0	-
926	179.273	179.968	G4	51	62	0	0	111176	P1-1-940	0	-
927	179.294	179.568	A3	24	45	0	0	111176	P1-1-944	0	-
928	179.297	179.571	G3	29	46	0	0	111176	P1-1-943	0	-
929	179.321	179.578	E3	23	35	0	0	111176	P1-1-942	0	-
930	179.341	179.591	C#3	11	34	0	0	111176	P1-1-941	0	-
931	179.816	180.122	G3	27	39	0	0	111529	P1-1-948	0	-
932	179.819	180.517	E4	62	62	0	0	111529	P1-1-945	0	-
933	179.834	180.111	A3	36	33	0	0	111529	P1-1-949	0	-
934	179.842	180.146	C#3	21	36	0	0	111529	P1-1-946	0	-
935	179.846	180.105	E3	24	32	0	0	111529	P1-1-947	0	-
936	180.325	180.94	A3	37	35	0	0	111882	P1-1-954	0	-
937	180.34	180.931	G4	67	57	0	0	111882	P1-1-950	0	-
938	180.361	180.989	C#3	30	38	0	0	111882	P1-1-951	0	-
939	180.372	180.895	E3	37	30	0	0	111882	P1-1-952	0	-
940	180.921	182.99	B4	66	18	0	0	-1	*	3	-
941	180.938	181.506	D3	34	34	0	0	112235	P1-1-957	0	-
942	180.938	181.569	F#3	37	36	0	0	112235	P1-1-958	0	-
943	180.95	182.481	F#4	43	38	0	0	112235	P1-1-956	0	-
944	180.967	182.482	D4	25	44	0	0	112235	P1-1-955	0	-
945	182.239	182.516	A4	37	60	0	0	112941	P1-1-959	0	-
946	182.812	183.056	A4	52	54	0	0	113294	P1-1-962	0	-
947	182.82	183.083	F#3	47	65	0	0	113294	P1-1-964	0	-
948	182.844	183.065	F#4	28	47	0	0	113294	P1-1-961	0	-
949	182.845	182.977	D3	37	48	0	0	113294	P1-1-963	0	-
950	183.353	183.564	A4	59	61	0	0	113647	P1-1-967	0	-
951	183.357	183.591	A3	63	63	0	0	113647	P1-1-970	0	-
952	183.359	183.545	F#4	46	58	0	0	113647	P1-1-966	0	-
953	183.388	183.54	D3	39	51	0	0	113647	P1-1-968	0	-
954	183.924	184.113	F#3	66	62	0	0	114000	P1-1-975	0	-
955	183.924	184.124	A4	70	62	0	0	114000	P1-1-973	0	-
956	183.939	184.061	F#4	55	56	0	0	114000	P1-1-972	0	-
957	183.947	184.013	D3	53	57	0	0	114000	P1-1-974	0	-
958	184.685	186.135	E5	74	51	0	0	114353	*	3	-
959	184.689	185.53	C#4	63	37	0	0	114353	P1-1-979	0	-
960	184.701	186.35	F#4	59	46	0	0	114353	P1-1-976	0	-
961	184.708	186.294	F#3	43	50	0	0	114353	P1-1-978	0	-
962	184.711	186.233	B2	39	27	0	0	114353	P1-1-977	0	-
963	186.082	186.332	D5	43	63	0	0	115059	P1-1-980	0	-
964	186.091	186.384	B3	26	44	0	0	115412	*	3	-
965	186.678	187.372	B3	49	57	0	0	115412	P1-1-983	0	-
966	186.679	186.997	D5	59	48	0	0	115412	P1-1-982	0	-
967	186.685	187.137	D4	47	57	0	0	115412	P1-1-984	0	-
968	186.69	187.065	F#4	48	53	0	0	115412	P1-1-981	0	-
969	187.263	187.445	D5	76	60	0	0	115765	P1-1-986	0	-
970	187.268	187.928	A3	65	36	0	0	115765	P1-1-987	0	-
971	187.271	187.439	F#4	67	60	0	0	115765	P1-1-985	0	-
972	187.274	187.669	D4	71	56	0	0	115765	P1-1-988	0	-
973	187.906	188.185	D5	87	60	0	0	116118	P1-1-989	0	-
974	187.915	188.002	D4	62	60	0	0	116118	P1-1-991	0	-
975	187.916	188.228	B4	80	60	0	0	116118	*	3	-
976	187.93	188.009	G3	59	63	0	0	116118	P1-1-990	0	-
977	188.606	190.294	B5	91	58	0	0	116471	P1-1-994	0	-
978	188.611	190.358	D5	84	56	0	0	116471	P1-1-993	0	-
979	188.614	190.258	A4	93	47	0	0	116471	P1-1-992	0	-
980	188.619	189.334	F#2	67	58	0	0	116471	P1-1-995	0	-
981	188.623	189.378	D3	64	55	0	0	116471	P1-1-996	0	-
982	188.623	189.284	A3	64	34	0	0	116471	P1-1-997	0	-
983	190.044	190.358	A5	66	61	0	0	117529	*	3	-
984	190.626	190.829	A5	80	61	0	0	117529	P1-1-1000	0	-
985	190.627	190.863	D5	64	60	0	0	117529	P1-1-999	0	-
986	190.633	190.966	D4	49	56	0	0	117529	P1-1-1003	0	-
987	190.635	190.865	A4	61	58	0	0	117529	P1-1-998	0	-
988	190.648	190.99	A3	40	36	0	0	117529	P1-1-1002	0	-
989	190.669	190.998	F#3	36	35	0	0	117529	P1-1-1001	0	-
990	191.174	191.877	F#3	49	43	0	0	117882	P1-1-1007	0	-
991	191.175	191.281	D5	73	64	0	0	117882	P1-1-1005	0	-
992	191.183	191.304	A5	77	66	0	0	117882	P1-1-1006	0	-
993	191.185	191.259	A4	69	63	0	0	117882	P1-1-1004	0	-
994	191.187	191.362	D4	45	59	0	0	117882	P1-1-1009	0	-
995	191.218	191.327	A3	19	42	0	0	117882	P1-1-1008	0	-
996	191.715	192.013	D4	34	42	0	0	118234	P1-1-1013	0	-
997	191.72	191.847	D6	80	62	0	0	118234	P1-1-1011	0	-
998	191.726	191.943	F#4	49	52	0	0	118234	P1-1-1014	0	-
999	191.73	191.896	D5	68	62	0	0	118234	P1-1-1010	0	-
1000	191.744	191.864	A3	33	55	0	0	118234	P1-1-1012	0	-
1001	192.551	194.078	F#5	56	51	0	0	118588	P1-1-1017	0	-
1002	192.557	194.114	A3	31	27	0	0	118588	P1-1-1018	0	-
1003	192.569	194.066	D4	37	40	0	0	118588	P1-1-1019	0	-
1004	192.576	194.219	A4	41	44	0	0	118588	P1-1-1016	0	-
1005	192.582	194.243	G4	39	42	0	0	118588	P1-1-1015	0	-
1006	194.065	194.242	E5	46	64	0	0	119647	*	3	-
1007	194.075	194.264	C#4	25	51	0	0	119647	P1-1-1020	1	-
1008	194.635	194.809	E5	56	60	0	0	119647	P1-1-1022	0	-
1009	194.659	194.916	B3	33	45	0	0	119647	P1-1-1024	0	-
1010	194.662	194.822	B4	45	62	0	0	119647	P1-1-1021	0	-
1011	194.685	194.811	A3	20	37	0	0	119647	P1-1-1023	0	-
1012	195.197	195.395	E5	57	63	0	0	120000	P1-1-1027	0	-
1013	195.201	195.358	A4	46	63	0	0	120000	P1-1-1026	0	-
1014	195.216	195.437	A3	29	31	0	0	120000	P1-1-1028	0	-
1015	195.231	195.457	C#4	21	50	0	0	120000	P1-1-1029	0	-
1016	195.806	195.985	A5	60	64	0	0	120353	P1-1-1032	0	-
1017	195.825	195.993	C#5	41	56	0	0	120353	P1-1-1031	0	-
1018	195.829	195.963	A3	19	53	0	0	120353	P1-1-1033	0	-
1019	195.841	195.935	G4	21	42	0	0	120353	P1-1-1030	0	-
1020	196.97	198.646	F2	29	43	0	0	120705	P1-1-1036	0	-
1021	196.98	199.682	Bb4	45	39	0	0	120705	P1-1-1035	0	-
1022	196.983	198.641	D3	23	40	0	0	120705	P1-1-1037	0	-
1023	197.001	198.638	F3	28	43	0	0	120705	P1-1-1038	0	-
1024	197.006	198.716	D4	27	41	0	0	120705	P1-1-1034	0	-
1025	198.405	198.716	A4	41	53	0	0	121412	P1-1-1039	0	-
1026	199.003	199.217	D3	33	34	0	0	121765	P1-1-1043	0	-
1027	199.009	199.32	A4	48	54	0	0	121765	P1-1-1041	0	-
1028	199.021	199.251	F2	26	41	0	0	121765	P1-1-1042	0	-
1029	199.03	199.213	F3	32	39	0	0	121765	P1-1-1044	0	-
1030	199.063	199.306	D4	12	42	0	0	121765	P1-1-1040	0	-
1031	199.56	200.204	A4	55	40	0	0	122117	P1-1-1046	0	-
1032	199.586	199.805	F3	25	44	0	0	122117	P1-1-1049	0	-
1033	199.587	199.848	D3	25	31	0	0	122117	P1-1-1048	0	-
1034	199.592	199.824	F2	11	41	0	0	122117	P1-1-1047	0	-
1035	199.606	199.807	D4	38	36	0	0	122117	P1-1-1045	0	-
1036	200.11	200.282	D5	55	61	0	0	122471	P1-1-1051	0	-
1037	200.13	200.283	A2	33	50	0	0	122471	P1-1-1052	0	-
1038	200.132	200.382	D4	34	44	0	0	122471	P1-1-1050	0	-
1039	200.137	200.345	F3	25	44	0	0	122471	P1-1-1054	0	-
1040	200.166	200.259	D3	3	36	0	0	122471	P1-1-1053	0	-
1041	200.838	203.022	F4	48	36	0	0	122823	P1-1-1056	0	-
1042	200.851	202.536	G3	27	41	0	0	122823	P1-1-1058	0	-
1043	200.857	202.598	C#4	42	39	0	0	122823	P1-1-1055	0	-
1044	200.873	202.519	A2	29	34	0	0	122823	P1-1-1057	0	-
1045	202.303	202.604	E4	35	31	0	0	123529	P1-1-1059	0	-
1046	202.952	203.227	E4	36	30	0	0	123882	P1-1-1061	0	-
1047	202.966	203.201	G3	13	37	0	0	123882	P1-1-1063	0	-
1048	202.971	203.178	A2	12	30	0	0	123882	P1-1-1062	0	-
1049	202.985	203.21	C#4	15	46	0	0	123882	P1-1-1060	0	-
1050	203.56	203.757	E4	38	35	0	0	124235	P1-1-1065	0	-
1051	203.566	203.731	C#4	31	36	0	0	124235	P1-1-1064	0	-
1052	203.575	203.774	A2	24	26	0	0	124235	P1-1-1066	0	-
1053	203.576	203.784	G3	24	31	0	0	124235	P1-1-1067	0	-
1054	204.229	204.429	A4	45	36	0	0	124588	P1-1-1069	0	-
1055	204.256	204.357	A2	31	48	0	0	124588	P1-1-1070	0	-
1056	204.259	204.415	G3	21	35	0	0	124588	P1-1-1071	0	-
1057	204.26	204.418	C#4	26	37	0	0	124588	P1-1-1068	0	-
1058	205.123	206.001	F3	11	24	0	0	124941	P1-1-1073	0	-
1059	205.154	208.275	E5	51	51	0	0	124941	P1-1-1072	0	-
1060	205.58	205.883	A3	27	40	0	0	125118	P1-1-1074	0	-
1061	205.94	206.748	D4	14	31	0	0	125471	*	3	-
1062	206.2	206.515	A3	31	35	0	0	125471	P1-1-1075	0	-
1063	206.502	207.235	F3	25	9	0	0	125647	P1-1-1077	0	-
1064	206.513	206.769	D5	39	51	0	0	125647	P1-1-1076	0	-
1065	206.798	207.106	A3	22	34	0	0	125823	P1-1-1078	0	-
1066	207.063	207.327	D5	55	54	0	0	126000	P1-1-1079	0	-
1067	207.096	207.8	D4	32	34	0	0	126000	P1-1-1080	0	-
1068	207.32	207.672	A3	33	37	0	0	126176	P1-1-1081	0	-
1069	207.579	207.788	D5	61	62	0	0	126353	P1-1-1082	0	-
1070	207.609	208.359	F3	24	39	0	0	126353	P1-1-1083	0	-
1071	207.867	208.037	A3	37	31	0	0	126529	P1-1-1084	0	-
1072	208.155	208.4	D5	61	55	0	0	126706	P1-1-1085	0	-
1073	208.174	208.575	D4	26	29	0	0	126706	P1-1-1086	0	-
1074	208.418	208.883	A3	30	35	0	0	126882	P1-1-1087	0	-
1075	208.779	209.326	E3	23	31	0	0	127059	P1-1-1089	0	-
1076	208.869	212.654	A5	68	28	0	0	127059	P1-1-1088	0	-
1077	209.22	209.504	G3	31	38	0	0	127235	P1-1-1090	0	-
1078	209.507	210.341	C#4	31	45	0	0	127412	P1-1-1091	0	-
1079	209.763	210.063	G3	36	42	0	0	127588	P1-1-1092	0	-
1080	210.051	210.806	E3	31	44	0	0	127765	P1-1-1093	0	-
1081	210.291	210.599	G3	30	42	0	0	127941	P1-1-1094	0	-
1082	210.57	211.345	C#4	29	41	0	0	128118	P1-1-1095	0	-
1083	210.815	211.092	G3	29	44	0	0	128294	P1-1-1096	0	-
1084	211.117	211.965	E3	35	41	0	0	128471	P1-1-1097	0	-
1085	211.397	211.656	G3	42	48	0	0	128646	P1-1-1098	0	-
1086	211.676	212.382	C#4	35	31	0	0	128823	P1-1-1099	0	-
1087	211.968	212.487	G3	38	30	0	0	129000	P1-1-1100	0	-
1088	212.321	212.88	F#3	24	36	0	0	129175	P1-1-1102	0	-
1089	212.447	215.489	E5	58	65	0	0	129175	P1-1-1101	0	-
1090	212.829	213.173	A3	26	36	0	0	129353	P1-1-1103	0	-
1091	213.189	214.016	D4	27	32	0	0	129529	P1-1-1104	0	-
1092	213.463	213.751	A3	31	35	0	0	129705	P1-1-1105	0	-
1093	213.74	214.125	F#3	30	33	0	0	129882	P1-1-1107	0	-
1094	213.858	214.138	D5	43	57	0	0	129882	P1-1-1106	0	-
1095	214.082	214.321	A3	27	29	0	0	130059	P1-1-1108	0	-
1096	214.393	214.697	D5	55	56	0	0	130235	P1-1-1109	0	-
1097	214.396	214.939	D4	34	31	0	0	130235	P1-1-1110	0	-
1098	214.65	214.797	A3	22	34	0	0	130412	P1-1-1111	0	-
1099	214.866	215.6	F#3	26	6	0	0	130588	P1-1-1113	0	-
1100	214.93	215.14	D5	59	60	0	0	130588	P1-1-1112	0	-
1101	215.143	215.279	A3	30	44	0	0	130764	P1-1-1114	0	-
1102	215.441	215.699	D4	27	31	0	0	130941	P1-1-1116	0	-
1103	215.441	216.085	D5	63	51	0	0	130941	P1-1-1115	0	-
1104	215.686	216.07	A3	24	40	0	0	131118	P1-1-1117	0	-
1105	215.945	216.701	E3	28	40	0	0	131294	P1-1-1119	0	-
1106	216.067	219.465	Bb5	75	58	0	0	131294	P1-1-1118	0	-
1107	216.33	216.585	G3	31	46	0	0	131471	P1-1-1120	0	-
1108	216.595	217.337	C#4	35	41	0	0	131647	P1-1-1121	0	-
1109	216.799	217.074	G3	23	40	0	0	131823	P1-1-1122	0	-
1110	217.061	217.831	E3	29	44	0	0	132000	P1-1-1123	0	-
1111	217.344	217.618	G3	30	43	0	0	132176	P1-1-1124	0	-
1112	217.626	218.419	C#4	33	41	0	0	132353	P1-1-1125	0	-
1113	217.873	218.146	G3	29	44	0	0	132529	P1-1-1126	0	-
1114	218.178	218.584	E3	31	26	0	0	132706	P1-1-1127	0	-
1115	218.439	218.701	G3	32	44	0	0	132882	P1-1-1128	0	-
1116	218.726	219.145	C#4	34	24	0	0	133059	P1-1-1129	0	-
1117	219.008	219.42	G3	38	29	0	0	133235	P1-1-1130	0	-
1118	219.27	219.649	F3	28	41	0	0	133412	P1-1-1132	0	-
1119	219.379	221.092	A5	64	52	0	0	133412	P1-1-1131	0	-
1120	219.658	219.901	A3	25	47	0	0	133588	P1-1-1133	0	-
1121	219.931	220.515	D4	33	14	0	0	133765	P1-1-1134	0	-
1122	220.172	220.454	D3	37	42	0	0	133941	P1-1-1135	0	-
1123	220.44	220.689	G3	28	48	0	0	134118	P1-1-1138	0	-
1124	220.466	221.147	E3	28	40	0	0	134118	P1-1-1137	0	-
1125	220.488	221.55	G5	57	9	0	0	134118	P1-1-1136	0	-
1126	220.738	220.979	D4	37	35	0	0	134294	P1-1-1139	0	-
1127	220.974	221.562	F5	61	59	0	0	134471	P1-1-1140	0	-
1128	221.045	221.182	A3	31	59	0	0	134471	P1-1-1142	0	-
1129	221.217	221.498	D4	19	39	0	0	134647	P1-1-1143	0	-
1130	221.492	222.043	E5	67	63	0	0	134823	P1-1-1144	0	-
1131	221.513	221.719	Bb3	28	37	0	0	134823	P1-1-1146	0	-
1132	221.524	221.647	G3	19	40	0	0	134823	P1-1-1145	0	-
1133	221.738	221.985	D4	40	40	0	0	135000	P1-1-1147	0	-
1134	221.985	222.774	D5	61	55	0	0	135176	P1-1-1148	0	-
1135	221.986	222.185	A3	40	36	0	0	135176	P1-1-1150	0	-
1136	221.996	222.206	F3	27	38	0	0	135176	P1-1-1149	0	-
1137	222.191	222.264	D4	34	61	0	0	135353	P1-1-1151	0	-
1138	222.539	223.177	G2	40	40	0	0	135529	P1-1-1152	0	-
1139	222.657	223.948	Bb4	63	59	0	0	135529	*	3	-
1140	222.926	223.406	Bb2	30	26	0	0	135706	P1-1-1153	0	-
1141	223.206	223.748	G3	34	40	0	0	135882	P1-1-1154	0	-
1142	223.437	223.893	G2	35	21	0	0	136059	P1-1-1155	0	-
1143	223.735	223.993	A2	25	53	0	0	136235	P1-1-1157	0	-
1144	223.768	224.032	C#3	30	57	0	0	136235	P1-1-1158	0	-
1145	223.801	224.392	A4	67	65	0	0	136235	P1-1-1156	0	-
1146	224.073	224.351	G3	38	44	0	0	136412	P1-1-1159	0	-
1147	224.293	224.581	D3	42	60	0	0	136588	P1-1-1162	0	-
1148	224.299	224.997	G4	58	57	0	0	136588	P1-1-1160	0	-
1149	224.301	224.546	Bb2	41	54	0	0	136588	P1-1-1161	0	-
1150	224.525	224.784	G3	41	40	0	0	136765	P1-1-1163	0	-
1151	224.795	225.499	F4	57	56	0	0	136765	*	3	-
1152	224.801	225.023	A2	34	52	0	0	136941	P1-1-1164	0	-
1153	224.803	225.061	D3	38	59	0	0	136941	P1-1-1165	0	-
1154	225.048	225.096	A3	36	49	0	0	137118	P1-1-1166	0	-
1155	225.326	226.067	E4	68	58	0	0	137294	P1-1-1167	0	-
1156	225.327	225.487	G2	39	52	0	0	137294	P1-1-1168	0	-
1157	225.338	225.941	D3	27	31	0	0	137294	P1-1-1169	0	-
1158	225.602	225.68	Bb3	50	62	0	0	137471	P1-1-1170	0	-
1159	225.894	226.487	A2	38	36	0	0	137647	P1-1-1172	0	-
1160	225.994	227.378	D4	66	63	0	0	137647	P1-1-1171	0	-
1161	226.299	226.565	F3	38	55	0	0	137823	P1-1-1173	0	-
1162	226.564	226.804	A3	44	37	0	0	138000	P1-1-1174	0	-
1163	226.807	227.132	F3	43	52	0	0	138176	P1-1-1175	0	-
1164	227.053	227.456	A2	46	35	0	0	138353	P1-1-1176	0	-
1165	227.334	227.521	C#4	53	54	0	0	139059	P1-1-1180	0	-
1166	227.344	227.616	F3	21	47	0	0	-1	*	3	-
1167	227.504	227.626	D4	70	64	0	0	139116	P1-1-1182	0	-
1168	227.591	227.758	A3	38	60	0	0	-1	*	3	-
1169	227.627	227.755	E4	71	59	0	0	139175	P1-1-1183	0	-
1170	227.747	227.843	D4	76	63	0	0	139234	P1-1-1184	0	-
1171	227.803	228.149	F3	36	47	0	0	-1	*	3	-
1172	227.844	227.998	C#4	74	40	0	0	139293	P1-1-1186	0	-
1173	227.969	228.154	D4	69	62	0	0	139351	P1-1-1187	0	-
1174	228.072	228.531	A2	43	31	0	0	139059	P1-1-1181	0	-
1175	228.132	229.184	F4	70	57	0	0	139412	P1-1-1188	0	-
1176	228.422	228.751	G3	48	62	0	0	139234	P1-1-1185	0	-
1177	228.768	229.146	A3	40	36	0	0	139412	P1-1-1189	0	-
1178	229.141	229.926	G3	31	39	0	0	139588	P1-1-1191	0	-
1179	229.15	229.4	E4	56	62	0	0	-1	*	3	-
1180	229.791	230.424	F#3	34	39	0	0	139765	P1-1-1193	0	-
1181	229.966	231.811	A5	69	52	0	0	139765	P1-1-1192	0	-
1182	230.404	230.656	A3	41	51	0	0	139941	P1-1-1194	0	-
1183	230.695	231.278	D4	41	41	0	0	140118	P1-1-1195	0	-
1184	230.95	231.166	D3	40	56	0	0	140294	P1-1-1196	0	-
1185	231.188	231.416	G3	42	64	0	0	140471	P1-1-1199	0	-
1186	231.196	231.767	E3	37	40	0	0	140471	P1-1-1198	0	-
1187	231.304	231.832	G5	67	57	0	0	140471	P1-1-1197	0	-
1188	231.455	231.795	D4	33	42	0	0	140647	P1-1-1200	0	-
1189	231.723	232.326	F#5	71	55	0	0	140823	*	3	-
1190	231.729	231.903	F#3	33	50	0	0	140823	P1-1-1201	0	-
1191	231.752	231.924	A3	41	60	0	0	140823	P1-1-1202	0	-
1192	231.987	232.225	D4	41	34	0	0	141000	P1-1-1203	0	-
1193	232.211	232.724	E5	71	65	0	0	141176	P1-1-1204	0	-
1194	232.222	232.376	G3	34	61	0	0	141176	P1-1-1205	0	-
1195	232.224	232.396	B3	38	58	0	0	141176	P1-1-1206	0	-
1196	232.42	232.665	D4	45	40	0	0	141353	P1-1-1207	0	-
1197	232.67	232.861	F#3	30	49	0	0	141529	P1-1-1209	0	-
1198	232.674	232.877	A3	39	29	0	0	141529	P1-1-1210	0	-
1199	232.682	233.362	D5	67	62	0	0	141529	P1-1-1208	0	-
1200	232.864	232.905	D4	43	64	0	0	141706	P1-1-1211	0	-
1201	233.153	233.799	G2	46	38	0	0	141882	P1-1-1213	0	-
1202	233.257	233.688	C#5	65	57	0	0	141882	P1-1-1212	0	-
1203	233.506	233.915	B2	34	30	0	0	142059	P1-1-1214	0	-
1204	233.624	234.389	B4	61	51	0	0	142235	P1-1-1215	0	-
1205	233.842	234.399	G3	41	41	0	0	142235	P1-1-1216	0	-
1206	234.095	234.619	G2	34	38	0	0	142412	P1-1-1217	0	-
1207	234.372	234.66	C#3	37	51	0	0	142588	P1-1-1220	0	-
1208	234.379	234.977	A4	60	54	0	0	142588	P1-1-1218	0	-
1209	234.382	234.623	A2	25	53	0	0	142588	P1-1-1219	0	-
1210	234.646	234.945	G3	46	36	0	0	142765	P1-1-1221	0	-
1211	234.874	235.226	B2	44	57	0	0	142941	P1-1-1223	0	-
1212	234.874	235.522	G4	62	55	0	0	142941	P1-1-1222	0	-
1213	234.878	235.224	D3	47	62	0	0	142941	P1-1-1224	0	-
1214	235.127	235.407	G3	57	38	0	0	143118	P1-1-1225	0	-
1215	235.401	236.108	F#4	66	63	0	0	143294	P1-1-1226	0	-
1216	235.408	235.66	A2	46	62	0	0	143294	P1-1-1227	0	-
1217	235.417	235.763	D3	49	60	0	0	143294	P1-1-1228	0	-
1218	235.687	235.999	A3	52	46	0	0	143471	P1-1-1229	0	-
1219	235.956	236.608	D3	47	34	0	0	143647	P1-1-1232	0	-
1220	235.963	236.18	G#2	43	57	0	0	143647	P1-1-1231	0	-
1221	235.974	236.812	E4	62	60	0	0	143647	P1-1-1230	0	-
1222	236.294	236.431	B3	47	34	0	0	143823	P1-1-1233	0	-
1223	236.61	237.563	A2	37	33	0	0	144000	P1-1-1235	0	-
1224	236.7	241.046	A4	61	41	0	0	144000	P1-1-1234	0	-
1225	237.045	237.286	F#3	45	56	0	0	144176	P1-1-1236	0	-
1226	237.321	237.585	A3	43	37	0	0	144353	P1-1-1237	0	-
1227	237.578	237.848	F#3	35	44	0	0	144529	P1-1-1238	0	-
1228	237.849	238.538	A2	30	29	0	0	144706	P1-1-1239	0	-
1229	238.125	238.405	F#3	40	39	0	0	144882	P1-1-1240	0	-
1230	238.404	238.7	A3	32	37	0	0	145059	P1-1-1242	0	-
1231	238.429	239.182	D4	45	54	0	0	145059	P1-1-1241	0	-
1232	238.717	239.02	F#3	35	38	0	0	145235	P1-1-1243	0	-
1233	239.022	239.475	A2	30	32	0	0	145412	P1-1-1245	0	-
1234	239.087	240.331	F#4	49	23	0	0	145412	P1-1-1244	0	-
1235	239.445	239.816	G3	38	37	0	0	145588	P1-1-1246	0	-
1236	239.802	240.139	A3	43	31	0	0	145765	P1-1-1247	0	-
1237	240.156	240.387	E4	49	42	0	0	145941	P1-1-1248	0	-
1238	240.178	240.779	G3	30	41	0	0	145941	P1-1-1249	0	-
1239	240.664	243.993	D3	24	39	0	0	146118	P1-1-1251	0	-
1240	240.676	242.17	E4	49	51	0	0	146118	P1-1-1250	0	-
1241	240.689	244.113	F#3	34	40	0	0	146118	P1-1-1252	0	-
1242	242.157	242.58	D4	25	42	0	0	146823	P1-1-1253	0	-
1243	242.809	242.962	D4	33	56	0	0	147176	P1-1-1254	0	-
1244	243.36	243.593	D4	45	48	0	0	147529	P1-1-1255	0	-
1245	243.906	244.125	D4	53	55	0	0	147882	P1-1-1256	0	-
1246	244.528	245.982	D3	34	33	0	0	148235	P1-1-1261	0	-
1247	244.54	246.041	G3	27	46	0	0	148235	P1-1-1260	0	-
1248	244.554	246.071	B4	63	33	0	0	148235	P1-1-1258	0	-
1249	244.579	246.67	E4	41	34	0	0	148235	P1-1-1259	0	-
1250	244.606	245.156	D4	29	44	0	0	148235	P1-1-1257	0	-
1251	245.904	246.116	A4	47	60	0	0	148941	P1-1-1263	0	-
1252	245.931	246.258	C#4	37	46	0	0	148941	P1-1-1262	0	-
1253	246.556	246.863	A4	52	50	0	0	149294	P1-1-1266	0	-
1254	246.578	246.953	E3	39	55	0	0	149294	P1-1-1267	0	-
1255	246.585	247.101	G4	44	33	0	0	149294	P1-1-1265	0	-
1256	246.594	246.891	D3	34	40	0	0	149294	P1-1-1268	0	-
1257	246.611	246.917	C#4	13	33	0	0	149294	P1-1-1264	0	-
1258	247.145	247.523	F#4	51	50	0	0	149647	P1-1-1270	0	-
1259	247.154	247.44	A4	54	51	0	0	149647	P1-1-1271	0	-
1260	247.155	247.381	D3	43	49	0	0	149647	P1-1-1273	0	-
1261	247.155	247.411	F#3	41	58	0	0	149647	P1-1-1272	0	-
1262	247.189	247.488	C#4	16	43	0	0	149647	P1-1-1269	0	-
1263	247.75	247.964	A4	57	41	0	0	150000	P1-1-1276	0	-
1264	247.756	247.884	G3	52	58	0	0	150000	P1-1-1277	0	-
1265	247.767	247.979	E4	49	53	0	0	150000	P1-1-1275	0	-
1266	247.771	247.858	D3	41	57	0	0	150000	P1-1-1278	0	-
1267	247.791	247.974	C#4	36	43	0	0	150000	P1-1-1274	0	-
1268	248.638	250.452	E4	56	80	0	0	150353	P1-1-1279	0	-
1269	248.65	252.257	D3	35	40	0	0	150353	P1-1-1283	0	-
1270	248.655	252.194	F#3	44	43	0	0	150353	P1-1-1280	0	-
1271	248.664	252.172	A2	28	41	0	0	150353	P1-1-1282	0	-
1272	248.674	252.217	D2	31	34	0	0	150353	P1-1-1281	0	-
1273	250.189	250.483	D4	35	53	0	0	151059	P1-1-1284	0	-
1274	250.815	250.957	D4	43	53	0	0	151412	P1-1-1285	0	-
1275	251.349	251.501	D4	47	59	0	0	151765	P1-1-1286	0	-
1276	252.013	252.197	D4	46	57	0	0	152118	P1-1-1287	0	-
1277	253.017	253.913	Bb4	60	40	0	0	152471	P1-1-1290	0	-
1278	253.024	253.753	D4	44	24	0	0	152471	P1-1-1289	0	-
1279	253.031	255.016	E3	27	57	0	0	152471	P1-1-1291	0	-
1280	253.034	255.13	G2	26	40	0	0	152471	P1-1-1293	0	-
1281	253.046	253.828	Bb3	36	25	0	0	152471	P1-1-1288	0	-
1282	253.069	255.045	D2	28	40	0	0	152471	P1-1-1292	0	-
1283	254.77	255.142	A4	43	38	0	0	153176	P1-1-1296	0	-
1284	254.78	255.224	C#4	38	35	0	0	153176	P1-1-1295	0	-
1285	254.811	255.181	A3	16	43	0	0	153176	P1-1-1294	0	-
1286	255.551	255.866	A4	44	51	0	0	153529	P1-1-1299	0	-
1287	255.555	255.884	C#3	35	51	0	0	153529	P1-1-1300	0	-
1288	255.561	255.873	G2	17	48	0	0	153529	P1-1-1302	0	-
1289	255.573	255.938	A3	8	45	0	0	153529	P1-1-1297	0	-
1290	255.577	255.873	D2	28	37	0	0	153529	P1-1-1301	0	-
1291	255.581	255.937	E4	31	48	0	0	153529	P1-1-1298	0	-
1292	256.232	256.584	D4	38	54	0	0	153882	P1-1-1304	0	-
1293	256.234	256.564	A4	47	59	0	0	153882	P1-1-1305	0	-
1294	256.248	256.525	D3	36	51	0	0	153882	P1-1-1306	0	-
1295	256.249	256.519	F#2	34	44	0	0	153882	P1-1-1308	0	-
1296	256.256	256.515	D2	31	38	0	0	153882	P1-1-1307	0	-
1297	256.278	256.598	A3	17	45	0	0	153882	P1-1-1303	0	-
1298	256.99	257.452	A4	49	32	0	0	154235	P1-1-1311	0	-
1299	256.999	257.364	G2	31	39	0	0	154235	P1-1-1314	0	-
1300	257.001	257.358	E3	32	40	0	0	154235	P1-1-1312	0	-
1301	257.005	257.462	C#4	40	34	0	0	154235	P1-1-1310	0	-
1302	257.017	257.352	D2	37	35	0	0	154235	P1-1-1313	0	-
1303	257.019	257.42	A3	23	39	0	0	154235	P1-1-1309	0	-
1304	258.127	261.362	D3	34	41	0	0	154588	P1-1-1320	0	-
1305	258.128	261.124	A4	49	45	0	0	154588	P1-1-1317	0	-
1306	258.14	259.493	F#2	29	40	0	0	154588	P1-1-1319	0	-
1307	258.144	259.229	D2	37	30	0	0	154588	P1-1-1318	0	-
1308	258.145	259.452	D4	35	37	0	0	154588	P1-1-1316	0	-
1309	258.167	259.497	A3	13	40	0	0	154588	P1-1-1315	0	-
1310	260.566	261.278	F#4	37	37	0	0	156000	P1-1-1323	0	-
1311	260.581	261.398	A2	18	39	0	0	156000	P1-1-1325	0	-
1312	260.586	261.264	A3	16	45	0	0	156000	P1-1-1321	0	-
1313	260.589	261.331	D2	31	37	0	0	156000	P1-1-1324	0	-
1314	260.607	261.26	D4	21	44	0	0	156000	P1-1-1322	0	-
1315	262.303	267.736	D4	42	25	0	0	156706	P1-1-1328	0	-
1316	262.315	267.505	F#3	32	18	0	0	156706	P1-1-1326	0	-
1317	262.343	267.813	D2	35	37	0	0	156706	P1-1-1329	0	-
1318	262.348	267.86	D3	23	39	0	0	156706	P1-1-1331	0	-
1319	262.351	267.83	A3	27	22	0	0	156706	P1-1-1327	0	-
1320	262.356	267.873	A2	20	37	0	0	156706	P1-1-1330	0	-
//Missing 1058	P1-1-8
//Missing 5294	P1-1-47
//Missing 5647	P1-1-54
//Missing 6000	P1-1-61
//Missing 8117	P1-1-80
//Missing 10235	P1-1-106
//Missing 12705	P1-1-125
//Missing 14117	P1-1-135
//Missing 44470	P1-1-393
//Missing 44647	P1-1-396
//Missing 44733	P1-1-398
//Missing 67764	P1-1-538
//Missing 68941	P1-1-550
//Missing 69176	P1-1-555
//Missing 69647	P1-1-562
//Missing 69647	P1-1-563
//Missing 69882	P1-1-566
//Missing 73176	P1-1-594
//Missing 73882	P1-1-605
//Missing 73882	P1-1-606
//Missing 77176	P1-1-636
//Missing 77411	P1-1-640
//Missing 77882	P1-1-648
//Missing 78117	P1-1-652
//Missing 79294	P1-1-666
//Missing 79529	P1-1-670
//Missing 80235	P1-1-682
//Missing 81882	P1-1-700
//Missing 83529	P1-1-713
//Missing 84470	P1-1-728
//Missing 84470	P1-1-729
//Missing 84470	P1-1-730
//Missing 86588	P1-1-756
//Missing 89647	P1-1-784
//Missing 89647	P1-1-785
//Missing 92235	P1-1-810
//Missing 92941	P1-1-819
//Missing 99529	P1-1-857
//Missing 109058	P1-1-918
//Missing 109058	P1-1-919
//Missing 109412	P1-1-924
//Missing 109412	P1-1-925
//Missing 109765	P1-1-930
//Missing 111882	P1-1-953
//Missing 113294	P1-1-960
//Missing 113647	P1-1-965
//Missing 113647	P1-1-969
//Missing 114000	P1-1-971
//Missing 120000	P1-1-1025
//Missing 134471	P1-1-1141
//Missing 138529	P1-1-1177
//Missing 139588	P1-1-1190
//Missing 35823	P1-1-322
//Missing 138706	P1-1-1178
//Missing 138882	P1-1-1179
