// alignID alignOntime alignSitch alignPitch alignOnvel refID refOntime refSitch refPitch refOnvel
0	0.50641	C3	48	86	1	0	C3	48	96	
1	0.513888	C2	36	81	0	0	C2	36	96	
2	0.714743	C3	48	59	2	0.0852273	C3	48	96	
3	0.811965	G3	55	72	3	0.170455	G3	55	96	
4	0.866452	C3	48	56	*	-1	*	-1	-1	
5	0.914529	C4	60	69	4	0.255682	C4	60	96	
6	0.97329	E4	64	73	5	0.340909	E4	64	115	
7	1.0844	C4	60	62	6	0.426136	C4	60	96	
8	1.16346	G4	67	69	7	0.511364	G4	67	96	
9	1.23931	C5	72	69	8	0.596591	C5	72	96	
10	1.30128	E5	76	74	9	0.681818	E5	76	115	
11	1.38996	C5	72	73	10	0.767045	C5	72	96	
12	1.47863	G5	79	73	11	0.852272	G5	79	96	
13	1.56196	C6	84	78	12	0.9375	C6	84	96	
14	1.6453	E6	88	80	13	1.02273	E6	88	115	
15	1.74466	C6	84	75	14	1.10795	C6	84	96	
16	1.82799	G6	91	74	15	1.19318	G6	91	96	
17	1.93376	C7	96	78	16	1.27841	C7	96	96	
18	2.01068	E7	100	83	17	1.36364	E7	100	115	
19	2.09829	C7	96	72	18	1.44886	C7	96	96	
20	2.17521	G6	91	77	19	1.53409	G6	91	96	
21	2.26602	C6	84	74	20	1.61932	C6	84	96	
22	2.35684	E6	88	86	21	1.70454	E6	88	115	
23	2.44124	C6	84	75	22	1.78977	C6	84	96	
24	2.51602	G5	79	78	23	1.875	G5	79	96	
25	2.59188	C5	72	70	24	1.96023	C5	72	96	
26	2.69124	E5	76	89	25	2.04545	E5	76	115	
27	2.77884	C5	72	76	26	2.13068	C5	72	96	
28	2.8547	G4	67	74	27	2.21591	G4	67	96	
29	2.93376	C4	60	71	28	2.30114	C4	60	96	
30	3.04807	E4	64	86	29	2.38636	E4	64	115	
31	3.13354	C4	60	70	30	2.47159	C4	60	96	
32	3.2094	G3	55	75	31	2.55682	G3	55	96	
33	3.31303	C3	48	74	32	2.64204	C3	48	96	
34	3.42628	F2	41	95	34	2.72727	F2	41	96	
35	3.44124	F1	29	70	33	2.72727	F1	29	96	
36	3.51495	G1	31	11	*	-1	*	-1	-1	
37	3.52671	C3	48	75	35	2.8125	C3	48	96	
38	3.64743	A3	57	68	36	2.89773	A3	57	96	
39	3.71367	C4	60	69	37	2.98295	C4	60	96	
40	3.81517	F4	65	79	38	3.06818	F4	65	115	
41	3.8985	C4	60	73	39	3.15341	C4	60	96	
42	3.99252	A4	69	74	40	3.23864	A4	69	96	
43	4.06944	C5	72	79	41	3.32386	C5	72	96	
44	4.15705	F5	77	82	42	3.40909	F5	77	115	
45	4.23931	C5	72	79	43	3.49432	C5	72	96	
46	4.32585	A5	81	73	44	3.57954	A5	81	96	
47	4.40918	C6	84	80	45	3.66477	C6	84	96	
48	4.5	F6	89	88	46	3.75	F6	89	115	
49	4.58974	C6	84	80	47	3.83523	C6	84	96	
50	4.672	A6	93	81	48	3.92045	A6	93	96	
51	4.76495	C7	96	84	49	4.00568	C7	96	96	
52	4.84615	F#2	42	97	52	4.09091	F#2	42	96	
53	4.84829	E7	100	95	50	4.09091	E7	100	96	
54	4.85897	F#1	30	84	51	4.09091	F#1	30	96	
55	4.94978	C7	96	83	53	4.17614	C7	96	96	
56	5.03311	A6	93	79	54	4.26136	A6	93	96	
57	5.12713	C6	84	77	55	4.34659	C6	84	96	
58	5.21901	E6	88	97	56	4.43182	E6	88	96	
59	5.31623	C6	84	76	57	4.51704	C6	84	96	
60	5.40705	A5	81	65	58	4.60227	A5	81	96	
61	5.47222	C5	72	75	59	4.6875	C5	72	96	
62	5.57478	E5	76	95	60	4.77273	E5	76	96	
63	5.6688	C5	72	79	61	4.85795	C5	72	96	
64	5.76602	A4	69	70	62	4.94318	A4	69	96	
65	5.84935	C4	60	71	63	5.02841	C4	60	96	
66	5.97542	D4	62	86	64	5.11364	D4	62	96	
67	6.07051	C4	60	74	65	5.19886	C4	60	96	
68	6.16132	A3	57	77	66	5.28409	A3	57	96	
69	6.27136	C3	48	77	67	5.36932	C3	48	96	
70	6.4017	G2	43	99	69	5.45454	G2	43	96	
71	6.41666	G1	31	87	68	5.45454	G1	31	96	
72	6.50534	B2	47	77	70	5.53977	B2	47	96	
73	6.61751	G3	55	73	71	5.625	G3	55	96	
74	6.63034	G#3	56	17	*	-1	*	-1	-1	
75	6.70085	B3	59	73	72	5.71023	B3	59	96	
76	6.76816	D4	62	77	73	5.79545	D4	62	96	
77	6.87179	B3	59	74	74	5.88068	B3	59	96	
78	6.95512	G4	67	72	75	5.96591	G4	67	96	
79	7.05341	B4	71	77	76	6.05113	B4	71	96	
80	7.11004	F#2	42	96	79	6.13636	F#2	42	96	
81	7.11431	D5	74	72	77	6.13636	D5	74	96	
82	7.11538	F#1	30	81	78	6.13636	F#1	30	96	
83	7.23076	B4	71	67	80	6.22159	B4	71	96	
84	7.30021	G5	79	76	81	6.30682	G5	79	96	
85	7.39529	B5	83	77	82	6.39204	B5	83	96	
86	7.47221	D6	86	84	83	6.47727	D6	86	96	
87	7.47542	E2	40	89	85	6.47727	E2	40	96	
88	7.48397	E1	28	78	84	6.47727	E1	28	96	
89	7.58333	B5	83	83	86	6.5625	B5	83	96	
90	7.67414	G6	91	79	87	6.64773	G6	91	96	
91	7.7767	A6	93	79	88	6.73295	A6	93	96	
92	7.86645	D7	98	99	89	6.81818	D7	98	96	
93	7.86751	D2	38	98	91	6.81818	D2	38	96	
94	7.88568	D1	26	86	90	6.81818	D1	26	96	
95	7.96474	A6	93	79	92	6.90341	A6	93	96	
96	8.04914	F#6	90	85	93	6.98863	F#6	90	96	
97	8.13888	C6	84	72	94	7.07386	C6	84	96	
98	8.22435	D6	86	87	95	7.15909	D6	86	96	
99	8.30341	A5	81	76	96	7.24432	A5	81	96	
100	8.3985	F#5	78	81	97	7.32954	F#5	78	96	
101	8.47435	C5	72	73	98	7.41477	C5	72	96	
102	8.56837	D5	74	89	99	7.5	D5	74	96	
103	8.65491	A4	69	81	100	7.58523	A4	69	96	
104	8.74679	F#4	66	79	101	7.67045	F#4	66	96	
105	8.81303	C4	60	72	102	7.75568	C4	60	96	
106	8.91879	D4	62	91	103	7.84091	D4	62	96	
107	9.01815	A3	57	72	104	7.92613	A3	57	96	
108	9.09614	F#3	54	85	105	8.01136	F#3	54	96	
109	9.20298	C3	48	78	106	8.09659	C3	48	96	
110	9.33119	G2	43	99	108	8.18182	G2	43	96	
111	9.34187	G1	31	89	107	8.18182	G1	31	96	
112	9.42841	C3	48	79	109	8.26704	C3	48	96	
113	9.53311	F3	53	72	110	8.35227	F3	53	96	
114	9.61858	G#3	56	74	111	8.4375	G#3	56	96	
115	9.6955	D4	62	74	112	8.52273	D4	62	96	
116	9.78632	C4	60	83	113	8.60795	C4	60	96	
117	9.87392	F4	65	72	114	8.69318	F4	65	96	
118	9.94978	G#4	68	78	115	8.77841	G#4	68	96	
119	10.031	D5	74	73	116	8.86363	D5	74	96	
120	10.1132	C5	72	85	117	8.94886	C5	72	96	
121	10.1976	F5	77	73	118	9.03409	F5	77	96	
122	10.2788	G#5	80	81	119	9.11932	G#5	80	96	
123	10.3632	D6	86	79	120	9.20454	D6	86	96	
124	10.4562	C6	84	85	121	9.28977	C6	84	96	
125	10.5395	F6	89	82	122	9.375	F6	89	96	
126	10.6325	G#6	92	81	123	9.46022	G#6	92	96	
127	10.7137	D7	98	94	124	9.54545	D7	98	96	
128	10.8087	G6	91	75	125	9.63068	G6	91	96	
129	10.8932	F6	89	82	126	9.71591	F6	89	96	
130	10.9743	B5	83	75	127	9.80113	B5	83	96	
131	11.0662	D6	86	93	128	9.88636	D6	86	96	
132	11.1549	G5	79	77	129	9.97159	G5	79	96	
133	11.2404	F5	77	77	130	10.0568	F5	77	96	
134	11.313	B4	71	76	131	10.142	B4	71	96	
135	11.4102	D5	74	89	132	10.2273	D5	74	96	
136	11.5064	G4	67	75	133	10.3125	G4	67	96	
137	11.5887	F4	65	68	134	10.3977	F4	65	96	
138	11.6645	B3	59	78	135	10.483	B3	59	96	
139	11.7746	Eb4	63	86	136	10.5682	Eb4	63	115	
140	11.8814	G3	55	78	137	10.6534	G3	55	96	
141	11.9605	F3	53	78	138	10.7386	F3	53	96	
142	12.078	B2	47	76	139	10.8239	B2	47	96	
143	12.2318	C3	48	90	141	10.9091	C3	48	96	
144	12.2372	C2	36	86	140	10.9091	C2	36	96	
145	12.3194	D2	38	12	*	-1	*	-1	-1	
146	12.3835	C3	48	72	142	10.9943	C3	48	96	
147	12.4754	G3	55	75	143	11.0795	G3	55	96	
148	12.5523	C3	48	64	*	-1	*	-1	-1	
149	12.5694	C4	60	71	144	11.1648	C4	60	96	
150	12.6367	E4	64	70	145	11.25	E4	64	96	
151	12.7201	C4	60	70	146	11.3352	C4	60	96	
152	12.8087	G4	67	72	147	11.4205	G4	67	96	
153	12.8953	C5	72	72	148	11.5057	C5	72	96	
154	12.9605	E5	76	79	149	11.5909	E5	76	96	
155	13.0513	C5	72	75	150	11.6761	C5	72	96	
156	13.1335	G5	79	75	151	11.7614	G5	79	96	
157	13.2276	C6	84	75	152	11.8466	C6	84	96	
158	13.3045	E6	88	83	153	11.9318	E6	88	96	
159	13.4017	C6	84	80	154	12.017	C6	84	96	
160	13.485	G6	91	76	155	12.1023	G6	91	96	
161	13.5865	C7	96	77	156	12.1875	C7	96	96	
162	13.6688	E7	100	91	157	12.2727	E7	100	96	
163	13.766	C7	96	74	158	12.358	C7	96	96	
164	13.8355	G6	91	76	159	12.4432	G6	91	96	
165	13.9316	C6	84	73	160	12.5284	C6	84	96	
166	14.016	E6	88	93	161	12.6136	E6	88	96	
167	14.0983	C6	84	77	162	12.6989	C6	84	96	
168	14.1848	G5	79	71	163	12.7841	G5	79	96	
169	14.2596	C5	72	71	164	12.8693	C5	72	96	
170	14.3643	E5	76	85	165	12.9545	E5	76	96	
171	14.4455	C5	72	74	166	13.0398	C5	72	96	
172	14.5267	G4	67	68	167	13.125	G4	67	96	
173	14.61	C4	60	69	168	13.2102	C4	60	96	
174	14.7254	E4	64	81	169	13.2955	E4	64	96	
175	14.8087	C4	60	67	170	13.3807	C4	60	96	
176	14.8878	G3	55	72	171	13.4659	G3	55	96	
177	14.9861	C3	48	72	172	13.5511	C3	48	96	
178	15.0833	A2	45	85	174	13.6364	A2	45	96	
179	15.0983	A1	33	73	173	13.6364	A1	33	96	
180	15.1709	C3	48	66	175	13.7216	C3	48	96	
181	15.2799	F3	53	65	176	13.8068	F3	53	96	
182	15.3654	C4	60	69	177	13.892	C4	60	96	
183	15.4508	F4	65	73	178	13.9773	F4	65	96	
184	15.5374	C4	60	73	179	14.0625	C4	60	96	
185	15.6314	F4	65	69	180	14.1477	F4	65	96	
186	15.7083	C5	72	75	181	14.233	C5	72	96	
187	15.7874	F5	77	80	182	14.3182	F5	77	96	
188	15.8814	C5	72	73	183	14.4034	C5	72	96	
189	15.9626	F5	77	70	184	14.4886	F5	77	96	
190	16.0459	C6	84	75	185	14.5739	C6	84	96	
191	16.1496	F6	89	72	186	14.6591	F6	89	96	
192	16.1634	E6	88	42	*	-1	*	-1	-1	
193	16.2233	C6	84	76	187	14.7443	C6	84	96	
194	16.2981	F6	89	77	188	14.8295	F6	89	96	
195	16.4028	C7	96	79	189	14.9148	C7	96	96	
196	16.4775	E7	100	91	190	15	E7	100	96	
197	16.5758	C7	96	77	191	15.0852	C7	96	96	
198	16.6613	F#6	90	81	192	15.1705	F#6	90	96	
199	16.7468	C6	84	76	193	15.2557	C6	84	96	
200	16.8451	E6	88	85	194	15.3409	E6	88	96	
201	16.9124	C6	84	74	195	15.4261	C6	84	96	
202	17.0043	F#5	78	74	196	15.5114	F#5	78	96	
203	17.0844	C5	72	71	197	15.5966	C5	72	96	
204	17.1859	E5	76	83	198	15.6818	E5	76	96	
205	17.2585	C5	72	73	199	15.767	C5	72	96	
206	17.3632	F#4	66	72	200	15.8523	F#4	66	96	
207	17.4455	C4	60	64	201	15.9375	C4	60	96	
208	17.5598	E4	64	72	202	16.0227	E4	64	96	
209	17.6314	C4	60	66	203	16.108	C4	60	96	
210	17.7297	F#3	54	72	204	16.1932	F#3	54	96	
211	17.8333	C3	48	68	205	16.2784	C3	48	96	
212	17.9156	G2	43	83	207	16.3636	G2	43	96	
213	17.9305	G1	31	71	206	16.3636	G1	31	96	
214	18.0128	C3	48	69	208	16.4489	C3	48	96	
215	18.1293	G3	55	64	209	16.5341	G3	55	96	
216	18.2372	C4	60	68	210	16.6193	C4	60	96	
217	18.3087	D4	62	70	211	16.7045	D4	62	96	
218	18.4049	C4	60	72	212	16.7898	C4	60	96	
219	18.4893	G4	67	65	213	16.875	G4	67	96	
220	18.5737	C5	72	68	214	16.9602	C5	72	96	
221	18.6613	D5	74	68	215	17.0455	D5	74	96	
222	18.75	C5	72	69	216	17.1307	C5	72	96	
223	18.8333	G5	79	73	217	17.2159	G5	79	96	
224	18.9337	C6	84	76	218	17.3011	C6	84	96	
225	19.0267	D6	86	72	219	17.3864	D6	86	96	
226	19.1207	C6	84	78	220	17.4716	C6	84	96	
227	19.2126	G6	91	70	221	17.5568	G6	91	96	
228	19.3034	C7	96	80	222	17.642	C7	96	96	
229	19.3825	D7	98	90	223	17.7273	D7	98	96	
230	19.484	B6	95	76	224	17.8125	B6	95	96	
231	19.5662	G6	91	72	225	17.8977	G6	91	96	
232	19.6538	B5	83	71	226	17.9829	B5	83	96	
233	19.7457	D6	86	87	227	18.0682	D6	86	96	
234	19.829	B5	83	79	228	18.1534	B5	83	96	
235	19.9263	G5	79	69	229	18.2386	G5	79	96	
236	19.9978	B4	71	73	230	18.3239	B4	71	96	
237	20.1036	D5	74	80	231	18.4091	D5	74	96	
238	20.1891	B4	71	81	232	18.4943	B4	71	96	
239	20.2852	G4	67	62	233	18.5795	G4	67	96	
240	20.359	B3	59	74	234	18.6648	B3	59	96	
241	20.4722	D4	62	75	235	18.75	D4	62	96	
242	20.5534	B3	59	76	236	18.8352	B3	59	96	
243	20.6303	G3	55	70	237	18.9204	G3	55	96	
244	20.7233	B2	47	79	238	19.0057	B2	47	96	
245	20.8718	C3	48	88	240	19.0909	C3	48	96	
246	20.8867	C2	36	75	239	19.0909	C2	36	96	
247	21.0053	D3	50	55	241	19.1761	D3	50	96	
248	21.0363	E3	52	43	*	-1	*	-1	-1	
249	21.0929	G3	55	64	242	19.2614	G3	55	96	
250	21.1784	D4	62	68	243	19.3466	D4	62	96	
251	21.2393	E4	64	75	244	19.4318	E4	64	96	
252	21.3344	D4	62	68	245	19.517	D4	62	96	
253	21.422	G4	67	69	246	19.6023	G4	67	96	
254	21.5171	D5	74	73	247	19.6875	D5	74	96	
255	21.5919	E5	76	78	248	19.7727	E5	76	96	
256	21.6773	D5	74	74	249	19.8579	D5	74	96	
257	21.7692	G5	79	74	250	19.9432	G5	79	96	
258	21.8632	D6	86	77	251	20.0284	D6	86	96	
259	21.9562	E6	88	81	252	20.1136	E6	88	96	
260	22.0438	D6	86	79	253	20.1989	D6	86	96	
261	22.1399	G6	91	83	254	20.2841	G6	91	96	
262	22.2553	D7	98	88	255	20.3693	D7	98	96	
263	22.3568	E7	100	90	256	20.4545	E7	100	96	
264	22.4669	C7	96	80	257	20.5398	C7	96	96	
265	22.5448	G6	91	79	258	20.625	G6	91	96	
266	22.6463	C6	84	72	259	20.7102	C6	84	96	
267	22.735	E6	88	85	260	20.7954	E6	88	96	
268	22.7884	D6	86	37	*	-1	*	-1	-1	
269	22.8173	C6	84	69	261	20.8807	C6	84	96	
270	22.8963	G5	79	75	262	20.9659	G5	79	96	
271	22.9733	C5	72	76	263	21.0511	C5	72	96	
272	23.078	E5	76	87	264	21.1364	E5	76	96	
273	23.1634	C5	72	73	265	21.2216	C5	72	96	
274	23.2617	G4	67	59	266	21.3068	G4	67	96	
275	23.3333	C4	60	65	267	21.392	C4	60	96	
276	23.4647	E4	64	72	268	21.4773	E4	64	96	
277	23.5502	C4	60	65	269	21.5625	C4	60	96	
278	23.6335	G3	55	64	270	21.6477	G3	55	96	
279	23.7361	C3	48	65	271	21.7329	C3	48	96	
280	23.9038	A2	45	68	273	21.8182	A2	45	96	
281	23.9166	A1	33	57	272	21.8182	A1	33	96	
282	24.0278	E3	52	58	274	21.9034	E3	52	96	
283	24.1474	C4	60	58	275	21.9886	C4	60	96	
284	24.2414	E4	64	61	276	22.0739	E4	64	96	
285	24.3077	F4	65	59	277	22.1591	F4	65	96	
286	24.4145	E4	64	72	278	22.2443	E4	64	96	
287	24.501	C5	72	62	279	22.3295	C5	72	96	
288	24.5972	E5	76	59	280	22.4148	E5	76	96	
289	24.6677	F5	77	68	281	22.5	F5	77	96	
290	24.766	E5	76	70	282	22.5852	E5	76	96	
291	24.8568	C6	84	58	283	22.6704	C6	84	96	
292	24.9444	E6	88	69	284	22.7557	E6	88	96	
293	25.0267	F6	89	74	285	22.8409	F6	89	96	
294	25.1314	E6	88	70	286	22.9261	E6	88	96	
295	25.2094	C7	96	76	287	23.0114	C7	96	96	
296	25.3045	E7	100	75	288	23.0966	E7	100	96	
297	25.3921	B2	47	77	291	23.1818	B2	47	96	
298	25.3985	F7	101	86	289	23.1818	F7	101	96	
299	25.4113	B1	35	60	290	23.1818	B1	35	96	
300	25.4957	D7	98	73	292	23.267	D7	98	96	
301	25.5833	B6	95	71	293	23.3523	B6	95	96	
302	25.6688	D6	86	72	294	23.4375	D6	86	96	
303	25.7639	F6	89	86	295	23.5227	F6	89	96	
304	25.844	D6	86	79	296	23.6079	D6	86	96	
305	25.9391	B5	83	71	297	23.6932	B5	83	96	
306	26.0128	D5	74	70	298	23.7784	D5	74	96	
307	26.1015	A2	45	80	301	23.8636	A2	45	96	
308	26.1143	A1	33	71	300	23.8636	A1	33	96	
309	26.1207	F5	77	86	299	23.8636	F5	77	96	
310	26.2104	D5	74	75	302	23.9489	D5	74	96	
311	26.3023	B4	71	71	303	24.0341	B4	71	96	
312	26.3771	D4	62	71	304	24.1193	D4	62	96	
313	26.4807	F4	65	76	305	24.2045	F4	65	96	
314	26.5694	D4	62	68	306	24.2898	D4	62	96	
315	26.6399	B3	59	77	307	24.375	B3	59	96	
316	26.7297	D3	50	74	308	24.4602	D3	50	96	
317	26.828	G#2	44	91	310	24.5454	G#2	44	96	
318	26.8493	G#1	32	72	309	24.5454	G#1	32	96	
319	26.9252	D3	50	69	311	24.6307	D3	50	96	
320	27.0299	B3	59	68	312	24.7159	B3	59	96	
321	27.1282	D4	62	66	313	24.8011	D4	62	96	
322	27.1998	E4	64	73	314	24.8864	E4	64	96	
323	27.2948	D4	62	67	315	24.9716	D4	62	96	
324	27.3878	B4	71	66	316	25.0568	B4	71	96	
325	27.4743	D5	74	72	317	25.142	D5	74	96	
326	27.5598	E5	76	72	318	25.2273	E5	76	96	
327	27.6506	D5	74	75	319	25.3125	D5	74	96	
328	27.7564	B5	83	62	320	25.3977	B5	83	96	
329	27.781	A5	81	41	*	-1	*	-1	-1	
330	27.8322	D6	86	77	321	25.4829	D6	86	96	
331	27.9198	E6	88	77	322	25.5682	E6	88	96	
332	28.0139	D6	86	80	323	25.6534	D6	86	96	
333	28.0983	B6	95	78	324	25.7386	B6	95	96	
334	28.1976	D7	98	81	325	25.8239	D7	98	96	
335	28.2617	A2	45	91	328	25.9091	A2	45	96	
336	28.2756	A1	33	81	327	25.9091	A1	33	96	
337	28.2777	E7	100	92	326	25.9091	E7	100	96	
338	28.3835	C7	96	88	329	25.9943	C7	96	96	
339	28.4658	A6	93	75	330	26.0795	A6	93	96	
340	28.5587	C6	84	77	331	26.1648	C6	84	96	
341	28.6495	E6	88	96	332	26.25	E6	88	96	
342	28.7361	C6	84	82	333	26.3352	C6	84	96	
343	28.8365	A5	81	81	334	26.4204	A5	81	96	
344	28.9166	C5	72	78	335	26.5057	C5	72	96	
345	29.0053	G2	43	94	338	26.5909	G2	43	96	
346	29.0181	G1	31	83	337	26.5909	G1	31	96	
347	29.0267	E5	76	96	336	26.5909	E5	76	96	
348	29.1143	C5	72	82	339	26.6761	C5	72	96	
349	29.2297	A4	69	82	340	26.7614	A4	69	96	
350	29.3258	C4	60	78	341	26.8466	C4	60	96	
351	29.4423	E4	64	93	342	26.9318	E4	64	96	
352	29.5513	C4	60	85	343	27.017	C4	60	96	
353	29.6581	A3	57	81	344	27.1023	A3	57	96	
354	29.7767	C3	48	83	345	27.1875	C3	48	96	
355	29.9669	F2	41	99	347	27.2727	F2	41	96	
356	29.9733	F1	29	82	346	27.2727	F1	29	96	
357	30.1004	C3	48	75	348	27.3579	C3	48	96	
358	30.2115	A3	57	68	349	27.4432	A3	57	96	
359	30.3055	C4	60	70	350	27.5284	C4	60	96	
360	30.375	E4	64	72	351	27.6136	E4	64	96	
361	30.4594	C4	60	66	352	27.6989	C4	60	96	
362	30.548	A4	69	72	353	27.7841	A4	69	96	
363	30.6378	C5	72	74	354	27.8693	C5	72	96	
364	30.7051	E5	76	78	355	27.9545	E5	76	96	
365	30.7991	C5	72	80	356	28.0398	C5	72	96	
366	30.891	A5	81	73	357	28.125	A5	81	96	
367	30.9829	C6	84	79	358	28.2102	C6	84	96	
368	31.0609	E6	88	81	359	28.2954	E6	88	96	
369	31.1592	C6	84	79	360	28.3807	C6	84	96	
370	31.2457	A6	93	79	361	28.4659	A6	93	96	
371	31.3365	C7	96	75	362	28.5511	C7	96	96	
372	31.4327	Eb7	99	89	363	28.6364	Eb7	99	96	
373	31.5331	B6	95	62	364	28.7216	B6	95	96	
374	31.6047	A6	93	72	365	28.8068	A6	93	96	
375	31.7072	B5	83	70	366	28.892	B5	83	96	
376	31.8055	Eb6	87	85	367	28.9773	Eb6	87	96	
377	31.8824	B5	83	75	368	29.0625	B5	83	96	
378	31.9701	A5	81	68	369	29.1477	A5	81	96	
379	32.0534	B4	71	70	370	29.2329	B4	71	96	
380	32.172	Eb5	75	89	371	29.3182	Eb5	75	96	
381	32.2564	B4	71	68	372	29.4034	B4	71	96	
382	32.3322	A4	69	66	373	29.4886	A4	69	96	
383	32.4359	B3	59	70	374	29.5739	B3	59	96	
384	32.5523	Eb4	63	82	375	29.6591	Eb4	63	96	
385	32.625	B3	59	69	376	29.7443	B3	59	96	
386	32.7062	A3	57	72	377	29.8295	A3	57	96	
387	32.8183	B2	47	77	378	29.9148	B2	47	96	
388	32.9359	E2	40	93	380	30	E2	40	96	
389	32.9433	E1	28	80	379	30	E1	28	96	
390	33.0235	B2	47	70	381	30.0852	B2	47	96	
391	33.1324	A3	57	70	382	30.1704	A3	57	96	
392	33.2179	B3	59	71	383	30.2557	B3	59	96	
393	33.3087	E4	64	71	384	30.3409	E4	64	96	
394	33.3931	B3	59	72	385	30.4261	B3	59	96	
395	33.4925	A4	69	73	386	30.5114	A4	69	96	
396	33.578	B4	71	71	387	30.5966	B4	71	96	
397	33.6869	E5	76	67	388	30.6818	E5	76	96	
398	33.7767	B4	71	65	389	30.767	B4	71	96	
399	33.8632	A5	81	70	390	30.8523	A5	81	96	
400	33.9572	B5	83	70	391	30.9375	B5	83	96	
401	34.048	E6	88	78	392	31.0227	E6	88	96	
402	34.141	B5	83	73	393	31.1079	B5	83	96	
403	34.2307	A6	93	72	394	31.1932	A6	93	96	
404	34.3333	B6	95	72	395	31.2784	B6	95	96	
405	34.4166	E7	100	86	396	31.3636	E7	100	96	
406	34.5224	B6	95	74	397	31.4489	B6	95	96	
407	34.6047	G#6	92	78	398	31.5341	G#6	92	96	
408	34.6987	B5	83	64	399	31.6193	B5	83	96	
409	34.7777	E6	88	85	400	31.7045	E6	88	96	
410	34.8525	B5	83	65	401	31.7898	B5	83	96	
411	34.9562	G#5	80	74	402	31.875	G#5	80	96	
412	35.0203	B4	71	72	403	31.9602	B4	71	96	
413	35.1303	E5	76	84	404	32.0454	E5	76	96	
414	35.2201	B4	71	77	405	32.1307	B4	71	96	
415	35.3183	G#4	68	79	406	32.2159	G#4	68	96	
416	35.3899	B3	59	77	407	32.3011	B3	59	96	
417	35.4936	E4	64	87	408	32.3864	E4	64	96	
418	35.594	B3	59	80	409	32.4716	B3	59	96	
419	35.673	G#3	56	78	410	32.5568	G#3	56	96	
420	35.7649	B2	47	83	411	32.642	B2	47	96	
421	35.8974	A2	45	99	413	32.7273	A2	45	96	
422	35.9092	A1	33	87	412	32.7273	A1	33	96	
423	36.0245	E3	52	77	414	32.8125	E3	52	96	
424	36.1196	A3	57	73	415	32.8977	A3	57	96	
425	36.2147	C#4	61	73	416	32.9829	C#4	61	96	
426	36.2959	G4	67	80	417	33.0682	G4	67	96	
427	36.3899	E4	64	78	418	33.1534	E4	64	96	
428	36.4604	A4	69	83	419	33.2386	A4	69	96	
429	36.548	C#5	73	83	420	33.3239	C#5	73	96	
430	36.6346	G5	79	85	421	33.4091	G5	79	96	
431	36.7265	E5	76	73	422	33.4943	E5	76	96	
432	36.7553	F5	77	63	*	-1	*	-1	-1	
433	36.8023	A5	81	77	423	33.5795	A5	81	96	
434	36.9145	C#6	85	79	424	33.6648	C#6	85	96	
435	37.0139	G6	91	98	425	33.75	G6	91	96	
436	37.1228	C#6	85	88	426	33.8352	C#6	85	96	
437	37.2104	A5	81	82	427	33.9204	A5	81	96	
438	37.3483	E5	76	76	428	34.0057	E5	76	96	
439	37.5245	D3	50	102	431	34.0909	D3	50	96	
440	37.5395	D2	38	91	430	34.0909	D2	38	96	
441	37.6335	G6	91	101	429	34.0909	G6	91	96	
442	37.6837	A5	81	24	*	-1	*	-1	-1	
443	37.8461	C6	84	79	432	34.1761	C6	84	96	
444	37.9369	A5	81	79	433	34.2614	A5	81	96	
445	38.0171	E5	76	80	434	34.3466	E5	76	96	
446	38.1143	G5	79	101	435	34.4318	G5	79	96	
447	38.2136	C5	72	80	436	34.517	C5	72	96	
448	38.2874	A4	69	81	437	34.6023	A4	69	96	
449	38.3696	E4	64	80	438	34.6875	E4	64	96	
450	38.4765	G4	67	95	439	34.7727	G4	67	96	
451	38.5715	C4	60	75	440	34.8579	C4	60	96	
452	38.6474	A3	57	79	441	34.9432	A3	57	96	
453	38.7692	E3	52	75	442	35.0284	E3	52	96	
454	38.8942	F#4	66	91	443	35.1136	F#4	66	96	
455	39.0213	C4	60	78	444	35.1989	C4	60	96	
456	39.1196	A3	57	67	445	35.2841	A3	57	96	
457	39.2436	D3	50	81	446	35.3693	D3	50	96	
458	39.3846	G2	43	98	448	35.4545	G2	43	96	
459	39.3974	G1	31	86	447	35.4545	G1	31	96	
460	39.4882	D3	50	79	449	35.5398	D3	50	96	
461	39.6025	G3	55	72	450	35.625	G3	55	96	
462	39.6912	C4	60	74	451	35.7102	C4	60	96	
463	39.7799	F4	65	76	452	35.7954	F4	65	96	
464	39.8685	D4	62	81	453	35.8807	D4	62	96	
465	39.9615	G4	67	70	454	35.9659	G4	67	96	
466	40.0384	C5	72	75	455	36.0511	C5	72	96	
467	40.1196	F5	77	78	456	36.1364	F5	77	96	
468	40.2051	D5	74	82	457	36.2216	D5	74	96	
469	40.3023	G5	79	75	458	36.3068	G5	79	96	
470	40.3856	C6	84	75	459	36.392	C6	84	96	
471	40.4743	F6	89	84	460	36.4773	F6	89	96	
472	40.563	D6	86	80	461	36.5625	D6	86	96	
473	40.6335	E6	88	8	*	-1	*	-1	-1	
474	40.657	G6	91	79	462	36.6477	G6	91	96	
475	40.7478	C7	96	83	463	36.7329	C7	96	96	
476	40.8226	F7	101	94	464	36.8182	F7	101	96	
477	40.9177	B6	95	84	465	36.9034	B6	95	96	
478	41.0042	G6	91	81	466	36.9886	G6	91	96	
479	41.0833	D6	86	77	467	37.0739	D6	86	96	
480	41.1709	F6	89	96	468	37.1591	F6	89	96	
481	41.2606	B5	83	83	469	37.2443	B5	83	96	
482	41.3376	G5	79	84	470	37.3295	G5	79	96	
483	41.4209	D5	74	76	471	37.4148	D5	74	96	
484	41.5128	F5	77	94	472	37.5	F5	77	96	
485	41.5982	B4	71	80	473	37.5852	B4	71	96	
486	41.6827	G4	67	77	474	37.6704	G4	67	96	
487	41.7713	D4	62	72	475	37.7557	D4	62	96	
488	41.8621	F4	65	90	476	37.8409	F4	65	96	
489	41.9615	B3	59	81	477	37.9261	B3	59	96	
490	42.0448	G3	55	78	478	38.0114	G3	55	96	
491	42.1442	D3	50	81	479	38.0966	D3	50	96	
492	42.2564	C3	48	91	481	38.1818	C3	48	96	
493	42.2638	C2	36	87	480	38.1818	C2	36	96	
494	42.3846	C3	48	82	482	38.267	C3	48	96	
495	42.4829	G3	55	67	483	38.3523	G3	55	96	
496	42.5715	Bb3	58	73	484	38.4375	Bb3	58	96	
497	42.6185	C3	48	56	*	-1	*	-1	-1	
498	42.6666	E4	64	76	485	38.5227	E4	64	96	
499	42.7542	C4	60	74	486	38.6079	C4	60	96	
500	42.8269	G4	67	73	487	38.6932	G4	67	96	
501	42.922	Bb4	70	86	488	38.7784	Bb4	70	96	
502	43.0053	E5	76	76	489	38.8636	E5	76	96	
503	43.0833	C5	72	82	490	38.9489	C5	72	96	
504	43.1656	G5	79	79	491	39.0341	G5	79	96	
505	43.2564	Bb5	82	85	492	39.1193	Bb5	82	96	
506	43.345	E6	88	82	493	39.2045	E6	88	96	
507	43.4262	C6	84	84	494	39.2898	C6	84	96	
508	43.5149	G6	91	82	495	39.375	G6	91	96	
509	43.6346	Bb6	94	77	496	39.4602	C7	96	96	
510	43.7361	F#1	30	55	498	39.5454	F#1	30	96	
511	43.7393	F#2	42	48	499	39.5454	F#2	42	96	
512	43.7521	Eb7	99	71	497	39.5454	Eb7	99	96	
513	43.8429	Bb6	94	77	500	39.6307	Bb6	94	96	
514	43.9348	Eb6	87	76	501	39.7159	Eb6	87	96	
515	44.0235	C6	84	68	502	39.8011	C6	84	96	
516	44.1121	Eb6	87	75	503	39.8864	Eb6	87	96	
517	44.1741	Bb5	82	72	504	39.9716	Bb5	82	96	
518	44.2724	Eb5	75	74	505	40.0568	Eb5	75	96	
519	44.3397	C5	72	75	506	40.142	C5	72	96	
520	44.4583	Eb5	75	70	507	40.2273	Eb5	75	96	
521	44.5341	Bb4	70	74	508	40.3125	Bb4	70	96	
522	44.6303	Eb4	63	73	509	40.3977	Eb4	63	96	
523	44.7222	C4	60	62	510	40.4829	C4	60	96	
524	44.8707	Eb4	63	33	511	40.5682	Eb4	63	96	
525	44.8953	Bb3	58	68	512	40.6534	Bb3	58	96	
526	45.001	Eb3	51	66	513	40.7386	Eb3	51	96	
527	45.0833	C3	48	70	514	40.8239	C3	48	96	
528	45.1912	F2	41	80	516	40.9091	F2	41	96	
529	45.1965	F1	29	72	515	40.9091	F1	29	96	
530	45.3002	C3	48	53	517	40.9943	C3	48	96	
531	45.3771	Eb3	51	65	518	41.0795	Eb3	51	96	
532	45.4658	A3	57	64	519	41.1648	A3	57	96	
533	45.5651	Eb4	63	70	520	41.25	Eb4	63	96	
534	45.6623	C4	60	75	521	41.3352	C4	60	96	
535	45.7542	Eb4	63	68	522	41.4204	Eb4	63	96	
536	45.8418	A4	69	62	523	41.5057	A4	69	96	
537	45.9391	Eb5	75	77	524	41.5909	Eb5	75	96	
538	46.0395	C5	72	66	525	41.6761	C5	72	96	
539	46.1506	E5	76	52	526	41.7614	Eb5	75	96	
540	46.1976	Bb5	82	69	*	-1	*	-1	-1	
541	46.2927	A5	81	6	527	41.8466	A5	81	96	
542	46.298	Eb6	87	79	528	41.9318	Eb6	87	96	
543	46.4049	C6	84	76	529	42.017	C6	84	96	
544	46.4946	Eb6	87	79	530	42.1023	Eb6	87	96	
545	46.5929	A6	93	73	531	42.1875	A6	93	96	
546	46.6965	B2	47	84	534	42.2727	B2	47	96	
547	46.7019	Eb7	99	86	532	42.2727	Eb7	99	96	
548	46.7083	B1	35	72	533	42.2727	B1	35	96	
549	46.7927	G#6	92	75	535	42.3579	G#6	92	96	
550	46.8846	Eb6	87	80	536	42.4432	Eb6	87	96	
551	46.9807	B5	83	66	537	42.5284	B5	83	96	
552	47.0737	Eb6	87	81	538	42.6136	Eb6	87	96	
553	47.1442	G#5	80	76	539	42.6989	G#5	80	96	
554	47.235	Eb5	75	81	540	42.7841	Eb5	75	96	
555	47.3205	B4	71	75	541	42.8693	B4	71	96	
556	47.4198	Eb5	75	91	542	42.9545	Eb5	75	96	
557	47.4935	G#4	68	76	543	43.0398	G#4	68	96	
558	47.5897	Eb4	63	81	544	43.125	Eb4	63	96	
559	47.6773	B3	59	76	545	43.2102	B3	59	96	
560	47.7863	Eb4	63	83	546	43.2954	Eb4	63	96	
561	47.8835	G#3	56	73	547	43.3807	G#3	56	96	
562	47.9764	Eb3	51	79	548	43.4659	Eb3	51	96	
563	48.0641	B2	47	80	549	43.5511	B2	47	96	
564	48.1773	Bb1	34	104	550	43.6364	Bb1	34	96	
565	48.2724	Bb2	46	76	551	43.7216	Bb2	46	96	
566	48.376	F3	53	72	552	43.8068	F3	53	96	
567	48.4658	G#3	56	74	553	43.892	G#3	56	96	
568	48.5405	D4	62	82	554	43.9773	D4	62	96	
569	48.6645	Bb3	58	68	555	44.0625	Bb3	58	97	
570	48.735	F4	65	68	556	44.1477	F4	65	98	
571	48.8183	G#4	68	80	557	44.2329	G#4	68	98	
572	48.8867	D5	74	82	558	44.3182	D5	74	99	
573	48.9925	Bb4	70	72	559	44.4034	Bb4	70	99	
574	49.0747	F5	77	69	560	44.4886	F5	77	100	
575	49.157	G#5	80	80	561	44.5739	G#5	80	101	
576	49.2435	D6	86	82	562	44.6591	D6	86	101	
577	49.3429	Bb5	82	80	563	44.7443	Bb5	82	102	
578	49.4294	F6	89	78	564	44.8295	F6	89	102	
579	49.5213	G#6	92	83	565	44.9148	G#6	92	103	
580	49.5982	Bb2	46	102	567	45	Bb2	46	103	
581	49.6121	D7	98	104	566	45	D7	98	103	
582	49.7019	G#6	92	84	568	45.0852	G#6	92	104	
583	49.7873	E6	88	78	569	45.1704	E6	88	105	
584	49.8653	Bb5	82	86	570	45.2557	Bb5	82	105	
585	49.9754	D6	86	98	571	45.3409	D6	86	106	
586	50.0534	G#5	80	83	572	45.4261	G#5	80	106	
587	50.1581	E5	76	71	573	45.5114	E5	76	107	
588	50.2371	Bb4	70	86	574	45.5966	Bb4	70	107	
589	50.3621	D5	74	85	575	45.6818	D5	74	108	
590	50.3643	E5	76	78	*	-1	*	-1	-1	
591	50.4423	G#4	68	81	576	45.767	G#4	68	109	
592	50.5438	E4	64	75	577	45.8523	E4	64	109	
593	50.6474	Bb3	58	80	578	45.9375	Bb3	58	110	
594	50.7735	D4	62	93	579	46.0227	D4	62	110	
595	50.8878	G#3	56	81	580	46.1079	G#3	56	111	
596	50.9957	E3	52	80	581	46.1932	E3	52	111	
597	51.1324	Bb2	46	84	582	46.2784	Bb2	46	112	
598	51.2905	A2	45	98	584	46.3636	A2	45	96	
599	51.2948	A1	33	95	583	46.3636	A1	33	96	
600	51.5106	A2	45	71	585	46.4489	A2	45	96	
601	51.6111	E3	52	70	586	46.5341	E3	52	96	
602	51.6485	A2	45	42	*	-1	*	-1	-1	
603	51.6826	A3	57	68	587	46.6193	A3	57	96	
604	51.7553	C#4	61	76	588	46.7045	C#4	61	96	
605	51.8621	A3	57	68	589	46.7898	A3	57	96	
606	51.9583	E4	64	51	590	46.875	E4	64	96	
607	51.9732	F4	65	55	*	-1	*	-1	-1	
608	52.0138	A4	69	72	591	46.9602	A4	69	96	
609	52.0929	C#5	73	79	592	47.0454	C#5	73	96	
610	52.2019	A4	69	72	593	47.1307	A4	69	96	
611	52.2831	E5	76	69	594	47.2159	E5	76	96	
612	52.3493	A5	81	71	595	47.3011	A5	81	96	
613	52.4433	C#6	85	77	596	47.3864	C#6	85	96	
614	52.5427	A5	81	77	597	47.4716	A5	81	96	
615	52.6303	E6	88	78	598	47.5568	E6	88	96	
616	52.7222	A6	93	75	599	47.642	A6	93	96	
617	52.8237	C#7	97	90	600	47.7273	C#7	97	96	
618	52.9465	A6	93	58	601	47.8125	A6	93	96	
619	53.0096	E6	88	68	602	47.8977	E6	88	96	
620	53.0854	A5	81	72	603	47.9829	A5	81	96	
621	53.1933	C#6	85	87	604	48.0682	C#6	85	96	
622	53.2745	A5	81	69	605	48.1534	A5	81	95	
623	53.3696	E5	76	73	606	48.2386	E5	76	95	
624	53.4626	A4	69	61	607	48.3239	A4	69	95	
625	53.5651	C#5	73	85	608	48.4091	C#5	73	94	
626	53.6367	A4	69	65	609	48.4943	A4	69	94	
627	53.7553	E4	64	65	610	48.5795	E4	64	94	
628	53.8579	A3	57	62	611	48.6648	A3	57	93	
629	53.985	C#4	61	76	612	48.75	C#4	61	93	
630	54.0662	A3	57	62	613	48.8352	A3	57	93	
631	54.1645	E3	52	69	614	48.9204	E3	52	92	
632	54.2873	A2	45	65	615	49.0057	A2	45	92	
633	54.4102	D2	38	89	616	49.0909	D2	38	92	
634	54.5373	A2	45	66	617	49.1761	A2	45	92	
635	54.6442	D3	50	75	618	49.2614	D3	50	91	
636	54.7361	F#3	54	74	619	49.3466	F#3	54	91	
637	54.8194	C4	60	76	620	49.4318	C4	60	91	
638	54.9155	A3	57	80	621	49.517	A3	57	90	
639	54.9999	D4	62	75	622	49.6023	D4	62	90	
640	55.0769	F#4	66	76	623	49.6875	F#4	66	90	
641	55.157	C5	72	81	624	49.7727	C5	72	89	
642	55.2478	A4	69	84	625	49.8579	A4	69	89	
643	55.3322	D5	74	69	626	49.9432	D5	74	89	
644	55.4177	F#5	78	77	627	50.0284	F#5	78	88	
645	55.4903	C6	84	81	628	50.1136	C6	84	88	
646	55.5801	A5	81	84	629	50.1989	A5	81	88	
647	55.6623	D6	86	78	630	50.2841	D6	86	88	
648	55.7585	F#6	90	88	631	50.3693	F#6	90	87	
649	55.8311	G2	43	93	634	50.4545	G2	43	87	
650	55.8418	G1	31	87	633	50.4545	G1	31	87	
651	55.845	C7	96	101	632	50.4545	C7	96	87	
652	55.9444	F6	89	76	635	50.5398	F6	89	87	
653	56.0213	D6	86	80	636	50.625	D6	86	86	
654	56.1014	G5	79	81	637	50.7102	G5	79	86	
655	56.2019	C6	84	99	638	50.7954	C6	84	86	
656	56.2895	F5	77	79	639	50.8807	F5	77	85	
657	56.3696	D5	74	77	640	50.9659	D5	74	85	
658	56.4519	G4	67	74	641	51.0511	G4	67	85	
659	56.5491	C5	72	100	642	51.1364	C5	72	84	
660	56.6484	F4	65	73	643	51.2216	F4	65	84	
661	56.7339	D4	62	76	644	51.3068	D4	62	84	
662	56.829	G3	55	73	645	51.392	G3	55	83	
663	56.954	B3	59	98	646	51.4773	B3	59	83	
664	57.0544	F3	53	75	647	51.5625	F3	53	83	
665	57.1346	D3	50	82	648	51.6477	D3	50	82	
666	57.2393	G2	43	80	649	51.7329	G2	43	82	
667	57.345	C2	36	97	650	51.8182	C2	36	82	
668	57.4455	G2	43	75	651	51.9034	G2	43	82	
669	57.5523	C3	48	70	652	51.9886	C3	48	81	
670	57.6335	E3	52	76	653	52.0738	E3	52	81	
671	57.7243	B3	59	82	654	52.1591	B3	59	81	
672	57.8162	G3	55	77	655	52.2443	G3	55	80	
673	57.8963	C4	60	74	656	52.3295	C4	60	80	
674	57.9711	E4	64	77	657	52.4148	E4	64	80	
675	58.064	B4	71	87	658	52.5	B4	71	79	
676	58.1602	G4	67	80	659	52.5852	G4	67	79	
677	58.2425	C5	72	75	660	52.6704	C5	72	79	
678	58.329	E5	76	79	661	52.7557	E5	76	78	
679	58.4113	B5	83	87	662	52.8409	B5	83	78	
680	58.4989	G5	79	89	663	52.9261	G5	79	78	
681	58.5865	C6	84	85	664	53.0113	C6	84	77	
682	58.6869	E6	88	82	665	53.0966	E6	88	77	
683	58.7564	F1	29	59	667	53.1818	F1	29	77	
684	58.7596	F2	41	57	668	53.1818	F2	41	77	
685	58.8653	B6	95	91	666	53.1818	B6	95	77	
686	58.9978	E6	88	82	669	53.267	E6	88	76	
687	59.1078	C6	84	68	670	53.3523	C6	84	76	
688	59.2051	F5	77	66	671	53.4375	F5	77	76	
689	59.2948	B5	83	89	672	53.5227	B5	83	75	
690	59.3846	E5	76	76	673	53.6079	E5	76	75	
691	59.4679	C5	72	78	674	53.6932	C5	72	75	
692	59.5395	F4	65	73	675	53.7784	F4	65	74	
693	59.641	B4	71	90	676	53.8636	B4	71	74	
694	59.7307	E4	64	74	677	53.9488	E4	64	74	
695	59.829	C4	60	68	678	54.0341	C4	60	73	
696	59.9049	F3	53	74	679	54.1193	F3	53	73	
697	60.0416	A3	57	77	680	54.2045	A3	57	73	
698	60.1463	E3	52	66	681	54.2898	E3	52	72	
699	60.2425	C3	48	68	682	54.375	C3	48	72	
700	60.3835	F2	41	72	683	54.4602	F2	41	72	
701	60.5544	B1	35	79	684	54.5454	B1	35	72	
702	60.657	F2	41	67	685	54.6307	F2	41	72	
703	60.7777	B2	47	64	686	54.7159	B2	47	71	
704	60.86	D3	50	71	687	54.8011	D3	50	71	
705	60.9465	A3	57	77	688	54.8863	A3	57	71	
706	61.0448	F3	53	75	689	54.9716	F3	53	70	
707	61.1346	B3	59	73	690	55.0568	B3	59	70	
708	61.2093	D4	62	67	691	55.142	D4	62	70	
709	61.298	A4	69	76	692	55.2273	A4	69	69	
710	61.3856	F4	65	75	693	55.3125	F4	65	69	
711	61.4722	B4	71	71	694	55.3977	B4	71	69	
712	61.5523	D5	74	72	695	55.4829	D5	74	68	
713	61.6484	A5	81	73	696	55.5682	A5	81	68	
714	61.7371	F5	77	75	697	55.6534	F5	77	68	
715	61.8162	B5	83	73	698	55.7386	B5	83	67	
716	61.9113	D6	86	75	699	55.8238	D6	86	67	
717	61.9946	E1	28	81	701	55.9091	E1	28	67	
718	61.9957	G6	91	86	700	55.9091	G6	91	67	
719	61.9989	E2	40	74	702	55.9091	E2	40	67	
720	62.0929	D6	86	68	703	55.9943	D6	86	66	
721	62.1805	B5	83	75	704	56.0795	B5	83	66	
722	62.251	E5	76	69	705	56.1648	E5	76	66	
723	62.3407	G5	79	87	706	56.25	G5	79	65	
724	62.4294	D5	74	73	707	56.3352	D5	74	65	
725	62.5106	B4	71	75	708	56.4204	B4	71	65	
726	62.5918	E4	64	76	709	56.5057	E4	64	64	
727	62.6698	A2	45	81	712	56.5909	A2	45	64	
728	62.6816	A1	33	70	711	56.5909	A1	33	64	
729	62.6997	A4	69	76	710	56.5909	A4	69	64	
730	62.782	C5	72	79	713	56.6761	C5	72	66	
731	62.8749	G5	79	82	714	56.7613	G5	79	66	
732	62.969	E5	76	82	715	56.8466	E5	76	67	
733	63.0512	A5	81	82	716	56.9318	A5	81	68	
734	63.142	C6	84	77	717	57.017	C6	84	69	
735	63.2147	G6	91	80	718	57.1023	G6	91	69	
736	63.3023	E6	88	78	719	57.1875	E6	88	70	
737	63.3621	D2	38	100	722	57.2727	D2	38	71	
738	63.3653	D1	26	89	721	57.2727	D1	26	71	
739	63.3749	F6	89	90	720	57.2727	F6	89	71	
740	63.4604	C6	84	80	723	57.3579	C6	84	72	
741	63.5523	A5	81	77	724	57.4432	A5	81	73	
742	63.6324	D5	74	71	725	57.5284	D5	74	73	
743	63.7296	F5	77	84	726	57.6136	F5	77	74	
744	63.7339	E5	76	88	*	-1	*	-1	-1	
745	63.8226	C5	72	72	727	57.6988	C5	72	75	
746	63.8942	A4	69	80	728	57.7841	A4	69	76	
747	63.9764	D4	62	80	729	57.8693	D4	62	76	
748	64.0833	G2	43	95	732	57.9545	G2	43	77	
749	64.0929	G4	67	74	730	57.9545	G4	67	77	
750	64.094	G1	31	81	731	57.9545	G1	31	77	
751	64.173	B4	71	83	733	58.0398	B4	71	78	
752	64.2681	F5	77	80	734	58.125	F5	77	79	
753	64.3568	D5	74	86	735	58.2102	D5	74	80	
754	64.4433	G5	79	82	736	58.2954	G5	79	80	
755	64.5224	B5	83	82	737	58.3807	B5	83	81	
756	64.5918	F6	89	83	738	58.4659	F6	89	82	
757	64.6805	D6	86	80	739	58.5511	D6	86	83	
758	64.7574	C2	36	101	742	58.6363	C2	36	84	
759	64.7606	C1	24	95	741	58.6363	C1	24	84	
760	64.7617	E6	88	92	740	58.6363	E6	88	84	
761	64.8557	B5	83	84	743	58.7216	B5	83	84	
762	64.9465	G5	79	82	744	58.8068	G5	79	85	
763	65.0266	C5	72	78	745	58.892	C5	72	86	
764	65.1239	E5	76	98	746	58.9773	E5	76	87	
765	65.2179	B4	71	82	747	59.0625	B4	71	87	
766	65.3034	G4	67	78	748	59.1477	G4	67	88	
767	65.3813	C4	60	81	749	59.2329	C4	60	89	
768	65.4893	F2	41	97	752	59.3182	F2	41	90	
769	65.5031	F1	29	84	751	59.3182	F1	29	90	
770	65.5042	F4	65	75	750	59.3182	F4	65	90	
771	65.5929	A4	69	82	753	59.4034	A4	69	91	
772	65.6901	E5	76	85	754	59.4886	E5	76	91	
773	65.7809	C5	72	85	755	59.5738	C5	72	92	
774	65.8707	F5	77	81	756	59.6591	F5	77	93	
775	65.9593	A5	81	85	757	59.7443	A5	81	94	
776	66.0448	E6	88	83	758	59.8295	E6	88	94	
777	66.1025	D6	86	29	*	-1	*	-1	-1	
778	66.142	C6	84	61	759	59.9148	C6	84	95	
779	66.1773	B5	83	43	*	-1	*	-1	-1	
780	66.1794	B2	47	96	762	60	B2	47	96	
781	66.1912	B1	35	85	761	60	B1	35	96	
782	66.2051	D6	86	89	760	60	D6	86	96	
783	66.2991	A5	81	83	763	60.0852	A5	81	96	
784	66.3813	F5	77	80	764	60.1704	F5	77	96	
785	66.47	B4	71	79	765	60.2557	B4	71	96	
786	66.5555	D5	74	97	766	60.3409	D5	74	96	
787	66.6506	A4	69	85	767	60.4261	A4	69	96	
788	66.7339	F4	65	77	768	60.5113	F4	65	96	
789	66.8108	B3	59	81	769	60.5966	B3	59	96	
790	66.9123	D4	62	97	770	60.6818	D4	62	96	
791	67.0031	A3	57	82	771	60.767	A3	57	96	
792	67.0726	F3	53	90	772	60.8523	F3	53	96	
793	67.1623	B2	47	84	773	60.9375	B2	47	96	
794	67.2841	B1	35	94	774	61.0227	B1	35	96	
795	67.7125	Eb6	87	94	775	61.3636	Eb6	87	96	
796	67.7157	B2	47	105	776	61.3636	B2	47	96	
797	67.798	A5	81	79	777	61.4488	A5	81	96	
798	67.8942	F#5	78	84	778	61.5341	F#5	78	96	
799	67.9882	B4	71	79	779	61.6193	B4	71	96	
800	68.0886	Eb5	75	98	780	61.7045	Eb5	75	96	
801	68.1751	A4	69	76	781	61.7898	A4	69	96	
802	68.2831	F#4	66	83	782	61.875	F#4	66	96	
803	68.3867	B3	59	83	783	61.9602	B3	59	96	
804	68.4914	Eb4	63	97	784	62.0454	Eb4	63	96	
805	68.6078	A3	57	74	785	62.1307	A3	57	96	
806	68.7232	F#3	54	88	786	62.2159	F#3	54	96	
807	68.8493	B2	47	88	787	62.3011	B2	47	96	
808	68.9871	B1	35	113	788	62.3863	B1	35	96	
809	69.8407	E2	40	103	790	62.7273	E2	40	96	
810	69.8461	E1	28	103	789	62.7273	E1	28	96	
811	70.0373	B2	47	79	791	62.8125	B2	47	96	
812	70.1367	E3	52	73	792	62.8977	E3	52	96	
813	70.2147	G#3	56	80	793	62.9829	G#3	56	96	
814	70.3236	E4	64	72	794	63.0682	E4	64	96	
815	70.4059	B3	59	81	795	63.1534	B3	59	96	
816	70.4764	E4	64	64	796	63.2386	E4	64	96	
817	70.5533	G#4	68	83	797	63.3238	G#4	68	96	
818	70.6506	E5	76	77	798	63.4091	E5	76	96	
819	70.7382	B4	71	79	799	63.4943	B4	71	96	
820	70.8183	E5	76	77	800	63.5795	E5	76	96	
821	70.9027	G#5	80	85	801	63.6648	G#5	80	96	
822	70.9892	E6	88	84	802	63.75	E6	88	96	
823	71.0929	B5	83	74	803	63.8352	B5	83	96	
824	71.1709	E6	88	78	804	63.9204	E6	88	96	
825	71.2521	G#6	92	87	805	64.0057	G#6	92	96	
826	71.3365	E7	100	93	806	64.0909	E7	100	96	
827	71.4251	G#6	92	81	807	64.1761	G#6	92	96	
828	71.5095	E6	88	79	808	64.2613	E6	88	96	
829	71.595	B5	83	77	809	64.3466	B5	83	96	
830	71.6965	E6	88	97	810	64.4318	E6	88	96	
831	71.7863	G#5	80	85	811	64.517	G#5	80	96	
832	71.8835	E5	76	76	812	64.6023	E5	76	96	
833	71.9615	B4	71	79	813	64.6875	B4	71	96	
834	72.0694	E5	76	96	814	64.7727	E5	76	96	
835	72.1762	G#4	68	85	815	64.8579	G#4	68	94	
836	72.2788	E4	64	77	816	64.9432	E4	64	92	
837	72.3899	B3	59	84	817	65.0284	B3	59	90	
838	72.5085	D2	38	101	820	65.1136	D2	38	87	
839	72.5138	D1	26	81	819	65.1136	D1	26	87	
840	72.5373	F4	65	95	818	65.1136	F4	65	87	
841	72.7061	B3	59	83	821	65.1988	B3	59	85	
842	72.8386	G3	55	81	822	65.2841	G3	55	83	
843	72.9743	D3	50	81	823	65.3693	D3	50	80	
844	73.1751	C2	36	100	825	65.4545	C2	36	80	
845	73.1783	C1	24	83	824	65.4545	C1	24	80	
846	73.283	C3	48	68	826	65.5398	C3	48	80	
847	73.3942	G3	55	70	827	65.625	G3	55	80	
848	73.5042	C4	60	73	828	65.7102	C4	60	80	
849	73.563	E4	64	69	829	65.7954	E4	64	80	
850	73.6719	C4	60	64	830	65.8807	C4	60	80	
851	73.7446	G4	67	74	831	65.9659	G4	67	80	
852	73.8429	C5	72	76	832	66.0511	C5	72	80	
853	73.9134	E5	76	74	833	66.1363	E5	76	80	
854	74.0031	C5	72	73	834	66.2216	C5	72	80	
855	74.0811	G5	79	72	835	66.3068	G5	79	80	
856	74.1815	C6	84	73	836	66.392	C6	84	80	
857	74.2574	E6	88	75	837	66.4773	E6	88	80	
858	74.3525	C6	84	75	838	66.5625	C6	84	80	
859	74.4348	G6	91	76	839	66.6477	G6	91	80	
860	74.5384	C7	96	77	840	66.7329	C7	96	80	
861	74.6132	E7	100	92	841	66.8182	E7	100	80	
862	74.6174	C3	48	96	842	66.8182	C3	48	80	
863	74.7211	C7	96	67	843	66.9034	C7	96	80	
864	74.7863	G6	91	74	844	66.9886	G6	91	80	
865	74.8749	C6	84	71	845	67.0738	C6	84	80	
866	74.9721	E6	88	91	846	67.1591	E6	88	80	
867	75.0565	C6	84	78	847	67.2443	C6	84	80	
868	75.1399	G5	79	77	848	67.3295	G5	79	80	
869	75.236	C5	72	56	849	67.4148	C5	72	80	
870	75.3183	E5	76	89	850	67.5	E5	76	80	
871	75.3931	C5	72	71	851	67.5852	C5	72	80	
872	75.4935	G4	67	66	852	67.6704	G4	67	80	
873	75.5619	C4	60	69	853	67.7557	C4	60	80	
874	75.6773	E4	64	85	854	67.8409	E4	64	80	
875	75.767	C4	60	69	855	67.9261	C4	60	80	
876	75.8471	G3	55	73	856	68.0113	G3	55	80	
877	75.9369	C3	48	76	857	68.0966	C3	48	80	
878	76.064	F2	41	93	859	68.1818	F2	41	80	
879	76.0822	F1	29	70	858	68.1818	F1	29	80	
880	76.142	C3	48	71	860	68.267	C3	48	80	
881	76.2467	A3	57	68	861	68.3523	A3	57	80	
882	76.3407	C4	60	71	862	68.4375	C4	60	80	
883	76.4326	F4	65	71	863	68.5227	F4	65	80	
884	76.5277	C4	60	70	864	68.6079	C4	60	80	
885	76.6164	A4	69	75	865	68.6932	A4	69	80	
886	76.7008	C5	72	79	866	68.7784	C5	72	80	
887	76.8033	F5	77	60	867	68.8636	F5	77	80	
888	76.8087	G5	79	73	*	-1	*	-1	-1	
889	76.8845	C5	72	78	868	68.9488	C5	72	80	
890	76.9711	A5	81	77	869	69.0341	A5	81	80	
891	77.0523	C6	84	80	870	69.1193	C6	84	80	
892	77.1442	F6	89	88	871	69.2045	F6	89	80	
893	77.235	C6	84	75	872	69.2898	C6	84	80	
894	77.313	A6	93	83	873	69.375	A6	93	80	
895	77.4145	C7	96	87	874	69.4602	C7	96	80	
896	77.5031	F#2	42	102	877	69.5454	F#2	42	80	
897	77.5138	E7	100	91	875	69.5454	E7	100	80	
898	77.5202	F#1	30	85	876	69.5454	F#1	30	80	
899	77.6185	C7	96	84	878	69.6307	C7	96	80	
900	77.6954	A6	93	79	879	69.7159	A6	93	80	
901	77.7841	C6	84	81	880	69.8011	C6	84	80	
902	77.8803	E6	88	101	881	69.8863	E6	88	80	
903	77.9807	C6	84	65	882	69.9716	C6	84	80	
904	78.063	A5	81	73	883	70.0568	A5	81	80	
905	78.1271	C5	72	75	884	70.142	C5	72	80	
906	78.2339	E5	76	94	885	70.2273	E5	76	80	
907	78.3418	C5	72	66	886	70.3125	C5	72	80	
908	78.4294	A4	69	70	887	70.3977	A4	69	80	
909	78.5063	C4	60	78	888	70.4829	C4	60	80	
910	78.6228	D4	62	94	889	70.5682	D4	62	80	
911	78.7253	C4	60	73	890	70.6534	C4	60	80	
912	78.8055	A3	57	77	891	70.7386	A3	57	80	
913	78.9177	C3	48	75	892	70.8238	C3	48	80	
914	79.0726	G2	43	100	894	70.9091	G2	43	80	
915	79.0854	G1	31	91	893	70.9091	G1	31	80	
916	79.1719	B2	47	77	895	70.9943	B2	47	80	
917	79.283	G3	55	67	896	71.0795	G3	55	80	
918	79.3728	B3	59	76	897	71.1648	B3	59	80	
919	79.438	D4	62	73	898	71.25	D4	62	80	
920	79.5597	B3	59	69	899	71.3352	B3	59	80	
921	79.6324	G4	67	66	900	71.4204	G4	67	80	
922	79.736	B4	71	79	901	71.5057	B4	71	80	
923	79.8001	D5	74	72	902	71.5909	D5	74	80	
924	79.8044	F#1	30	80	903	71.5909	F#1	30	80	
925	79.8065	F#2	42	96	904	71.5909	F#2	42	80	
926	79.9006	B4	71	78	905	71.6761	B4	71	80	
927	79.9796	G5	79	76	906	71.7613	G5	79	80	
928	80.0843	B5	83	78	907	71.8466	B5	83	80	
929	80.1591	D6	86	79	908	71.9318	D6	86	80	
930	80.1783	E2	40	95	910	71.9318	E2	40	80	
931	80.1858	E1	28	83	909	71.9318	E1	28	80	
932	80.2745	B5	83	81	911	72.017	B5	83	80	
933	80.3589	G6	91	79	912	72.1023	G6	91	80	
934	80.4583	A6	93	82	913	72.1875	A6	93	80	
935	80.5523	D7	98	93	914	72.2727	D7	98	80	
936	80.5533	D2	38	105	916	72.2727	D2	38	80	
937	80.5704	D1	26	81	915	72.2727	D1	26	80	
938	80.6644	A6	93	64	917	72.3579	A6	93	80	
939	80.6751	G6	91	69	*	-1	*	-1	-1	
940	80.736	F#6	90	83	918	72.4432	F#6	90	80	
941	80.8119	C6	84	75	919	72.5284	C6	84	80	
942	80.9134	D6	86	89	920	72.6136	D6	86	80	
943	81.001	A5	81	85	921	72.6988	A5	81	80	
944	81.0993	F#5	78	79	922	72.7841	F#5	78	80	
945	81.1644	C5	72	75	923	72.8693	C5	72	80	
946	81.2638	D5	74	91	924	72.9545	D5	74	80	
947	81.3482	A4	69	79	925	73.0398	A4	69	80	
948	81.4433	F#4	66	76	926	73.125	F#4	66	80	
949	81.5074	C4	60	73	927	73.2102	C4	60	80	
950	81.6174	D4	62	91	928	73.2954	D4	62	80	
951	81.7083	A3	57	76	929	73.3807	A3	57	80	
952	81.7927	F#3	54	80	930	73.4659	F#3	54	80	
953	81.8931	C3	48	82	931	73.5511	C3	48	80	
954	82.0213	G2	43	97	933	73.6363	G2	43	80	
955	82.0298	G1	31	85	932	73.6363	G1	31	80	
956	82.1153	C3	48	78	934	73.7216	C3	48	80	
957	82.2221	F3	53	72	935	73.8068	F3	53	80	
958	82.3204	G#3	56	75	936	73.892	G#3	56	80	
959	82.4048	D4	62	74	937	73.9773	D4	62	80	
960	82.4967	C4	60	72	938	74.0625	C4	60	80	
961	82.5715	F4	65	71	939	74.1477	F4	65	80	
962	82.6484	G#4	68	83	940	74.2329	G#4	68	80	
963	82.7275	D5	74	77	941	74.3182	D5	74	80	
964	82.8194	C5	72	85	942	74.4034	C5	72	80	
965	82.9027	F5	77	76	943	74.4886	F5	77	80	
966	82.9914	G#5	80	85	944	74.5738	G#5	80	80	
967	83.0758	D6	86	77	945	74.6591	D6	86	80	
968	83.1644	C6	84	79	946	74.7443	C6	84	80	
969	83.2446	F6	89	79	947	74.8295	F6	89	80	
970	83.3429	G#6	92	82	948	74.9148	G#6	92	80	
971	83.4209	D7	98	94	949	75	D7	98	80	
972	83.5085	G6	91	76	950	75.0852	G6	91	80	
973	83.5929	F6	89	80	951	75.1704	F6	89	80	
974	83.6751	B5	83	71	952	75.2557	B5	83	80	
975	83.7702	D6	86	88	953	75.3409	D6	86	80	
976	83.86	G5	79	78	954	75.4261	G5	79	80	
977	83.9486	F5	77	72	955	75.5113	F5	77	80	
978	84.017	B4	71	71	956	75.5966	B4	71	80	
979	84.1174	D5	74	87	957	75.6818	D5	74	80	
980	84.2157	G4	67	66	958	75.767	G4	67	80	
981	84.2969	F4	65	67	959	75.8523	F4	65	80	
982	84.3749	B3	59	78	960	75.9375	B3	59	80	
983	84.4882	Eb4	63	88	961	76.0227	Eb4	63	96	
984	84.5886	G3	55	76	962	76.1079	G3	55	80	
985	84.689	F3	53	72	963	76.1932	F3	53	80	
986	84.8023	B2	47	76	964	76.2784	B2	47	80	
987	84.9647	C3	48	87	966	76.3636	C3	48	80	
988	84.97	C2	36	83	965	76.3636	C2	36	80	
989	85.1153	C3	48	72	967	76.4488	C3	48	80	
990	85.205	G3	55	74	968	76.5341	G3	55	80	
991	85.2873	C3	48	56	*	-1	*	-1	-1	
992	85.3033	C4	60	70	969	76.6193	C4	60	80	
993	85.3653	E4	64	75	970	76.7045	E4	64	80	
994	85.4604	C4	60	65	971	76.7898	C4	60	80	
995	85.5384	G4	67	68	972	76.875	G4	67	80	
996	85.6238	C5	72	77	973	76.9602	C5	72	80	
997	85.689	E5	76	77	974	77.0454	E5	76	80	
998	85.7873	C5	72	72	975	77.1307	C5	72	80	
999	85.8557	G5	79	74	976	77.2159	G5	79	80	
1000	85.9572	C6	84	69	977	77.3011	C6	84	80	
1001	86.0256	E6	88	81	978	77.3863	E6	88	80	
1002	86.1335	C6	84	72	979	77.4716	C6	84	80	
1003	86.2093	G6	91	77	980	77.5568	G6	91	80	
1004	86.3151	C7	96	77	981	77.642	C7	96	80	
1005	86.3909	E7	100	87	982	77.7273	E7	100	80	
1006	86.4892	C7	96	69	983	77.8125	C7	96	80	
1007	86.5565	G6	91	70	984	77.8977	G6	91	80	
1008	86.6345	C6	84	67	985	77.9829	C6	84	80	
1009	86.7307	E6	88	88	986	78.0682	E6	88	80	
1010	86.8055	C6	84	73	987	78.1534	C6	84	80	
1011	86.8963	G5	79	75	988	78.2386	G5	79	80	
1012	86.9668	C5	72	73	989	78.3238	C5	72	80	
1013	87.0747	E5	76	81	990	78.4091	E5	76	80	
1014	87.1602	C5	72	77	991	78.4943	C5	72	80	
1015	87.2488	G4	67	68	992	78.5795	G4	67	80	
1016	87.3236	C4	60	70	993	78.6648	C4	60	80	
1017	87.439	E4	64	75	994	78.75	E4	64	80	
1018	87.5234	C4	60	68	995	78.8352	C4	60	80	
1019	87.5907	G3	55	72	996	78.9204	G3	55	80	
1020	87.6858	C3	48	77	997	79.0057	C3	48	80	
1021	87.7926	A2	45	85	999	79.0909	A2	45	80	
1022	87.8033	A1	33	70	998	79.0909	A1	33	80	
1023	87.8792	C3	48	72	1000	79.1761	C3	48	80	
1024	87.9743	F3	53	68	1001	79.2613	F3	53	80	
1025	88.0662	C4	60	70	1002	79.3466	C4	60	80	
1026	88.1463	F4	65	73	1003	79.4318	F4	65	80	
1027	88.2307	C4	60	66	1004	79.517	C4	60	80	
1028	88.3247	F4	65	70	1005	79.6023	F4	65	80	
1029	88.4102	C5	72	76	1006	79.6875	C5	72	80	
1030	88.502	F5	77	79	1007	79.7727	F5	77	80	
1031	88.5864	C5	72	74	1008	79.8579	C5	72	80	
1032	88.6794	F5	77	69	1009	79.9432	F5	77	80	
1033	88.7627	C6	84	72	1010	80.0284	C6	84	80	
1034	88.8503	F6	89	84	1011	80.1136	F6	89	80	
1035	88.9486	C6	84	68	1012	80.1988	C6	84	80	
1036	89.017	F6	89	78	1013	80.2841	F6	89	80	
1037	89.1206	C7	96	80	1014	80.3693	C7	96	80	
1038	89.1933	E7	100	85	1015	80.4545	E7	100	80	
1039	89.2916	C7	96	76	1016	80.5398	C7	96	80	
1040	89.3706	F#6	90	81	1017	80.625	F#6	90	80	
1041	89.4561	C6	84	78	1018	80.7102	C6	84	80	
1042	89.5544	E6	88	86	1019	80.7954	E6	88	80	
1043	89.6281	C6	84	71	1020	80.8807	C6	84	80	
1044	89.7211	F#5	78	78	1021	80.9659	F#5	78	80	
1045	89.8097	C5	72	71	1022	81.0511	C5	72	80	
1046	89.923	Eb5	75	92	1023	81.1363	Eb5	75	80	
1047	90.0106	C5	72	63	1024	81.2216	C5	72	80	
1048	90.1206	F#4	66	72	1025	81.3068	F#4	66	80	
1049	90.236	C4	60	68	1026	81.392	C4	60	80	
1050	90.3236	G#2	44	61	1029	81.4773	G#2	44	80	
1051	90.3397	G#1	32	62	1028	81.4773	G#1	32	80	
1052	90.4636	Eb4	63	80	1027	81.4773	Eb4	63	96	
1053	90.6281	C4	60	61	1030	81.5625	C4	60	80	
1054	90.7243	F#3	54	63	1031	81.6477	F#3	54	80	
1055	90.877	C3	48	61	1032	81.7329	C3	48	80	
1056	91.0533	G2	43	69	1034	81.8182	G2	43	80	
1057	91.0544	G1	31	66	1033	81.8182	G1	31	80	
1058	91.1783	C3	48	61	1035	81.9034	C3	48	80	
1059	91.2916	G3	55	66	1036	81.9886	G3	55	80	
1060	91.3973	C4	60	69	1037	82.0738	C4	60	80	
1061	91.4593	D4	62	70	1038	82.1591	D4	62	80	
1062	91.5875	C4	60	70	1039	82.2443	C4	60	80	
1063	91.6602	G4	67	68	1040	82.3295	G4	67	80	
1064	91.7531	C5	72	75	1041	82.4148	C5	72	80	
1065	91.8215	D5	74	63	1042	82.5	D5	74	80	
1066	91.9027	C5	72	69	1043	82.5852	C5	72	80	
1067	91.9935	G5	79	70	1044	82.6704	G5	79	80	
1068	92.0758	C6	84	75	1045	82.7557	C6	84	80	
1069	92.1623	D6	86	76	1046	82.8409	D6	86	80	
1070	92.2659	C6	84	76	1047	82.9261	C6	84	80	
1071	92.3482	G6	91	74	1048	83.0113	G6	91	80	
1072	92.4433	C7	96	80	1049	83.0966	C7	96	80	
1073	92.5255	D7	98	86	1050	83.1818	D7	98	80	
1074	92.6185	B6	95	74	1051	83.267	B6	95	80	
1075	92.6997	G6	91	72	1052	83.3523	G6	91	80	
1076	92.7873	B5	83	70	1053	83.4375	B5	83	80	
1077	92.8781	D6	86	85	1054	83.5227	D6	86	80	
1078	92.9614	B5	83	77	1055	83.6079	B5	83	80	
1079	93.0565	G5	79	71	1056	83.6932	G5	79	80	
1080	93.1345	B4	71	73	1057	83.7784	B4	71	80	
1081	93.2446	D5	74	80	1058	83.8636	D5	74	80	
1082	93.329	B4	71	81	1059	83.9488	B4	71	80	
1083	93.4241	G4	67	66	1060	84.0341	G4	67	80	
1084	93.4988	B3	59	77	1061	84.1193	B3	59	80	
1085	93.6099	D4	62	79	1062	84.2045	D4	62	80	
1086	93.6965	B3	59	81	1063	84.2898	B3	59	80	
1087	93.7798	G3	55	77	1064	84.375	G3	55	80	
1088	93.8674	B2	47	81	1065	84.4602	B2	47	80	
1089	93.9903	F#2	42	98	1067	84.5454	F#2	42	80	
1090	94.0042	F#1	30	88	1066	84.5454	F#1	30	80	
1091	94.0768	C3	48	75	1068	84.6307	C3	48	80	
1092	94.1911	A3	57	71	1069	84.7159	A3	57	80	
1093	94.2873	C4	60	67	1070	84.8011	C4	60	80	
1094	94.3546	D4	62	66	1071	84.8863	D4	62	80	
1095	94.4721	C4	60	69	1072	84.9716	C4	60	80	
1096	94.5726	A4	69	67	1073	85.0568	A4	69	80	
1097	94.5864	G4	67	42	*	-1	*	-1	-1	
1098	94.6431	C5	72	69	1074	85.142	C5	72	80	
1099	94.673	B4	71	52	*	-1	*	-1	-1	
1100	94.7253	D5	74	72	1075	85.2272	D5	74	80	
1101	94.8258	C5	72	72	1076	85.3125	C5	72	80	
1102	94.9134	A5	81	74	1077	85.3977	A5	81	80	
1103	94.9978	C6	84	75	1078	85.4829	C6	84	80	
1104	95.0907	D6	86	67	1079	85.5682	D6	86	80	
1105	95.1805	C6	84	73	1080	85.6534	C6	84	80	
1106	95.2595	A6	93	81	1081	85.7386	A6	93	80	
1107	95.3503	C7	96	83	1082	85.8238	C7	96	80	
1108	95.4358	F2	41	86	1085	85.9091	F2	41	80	
1109	95.4465	F1	29	78	1084	85.9091	F1	29	80	
1110	95.4679	Eb7	99	95	1083	85.9091	Eb7	99	80	
1111	95.5726	C7	96	74	1086	85.9943	C7	96	80	
1112	95.6505	A6	93	75	1087	86.0795	A6	93	80	
1113	95.7456	C6	84	68	1088	86.1647	C6	84	80	
1114	95.8503	Eb6	87	89	1089	86.25	Eb6	87	80	
1115	95.9273	C6	84	75	1090	86.3352	C6	84	80	
1116	96.0352	A5	81	67	1091	86.4204	A5	81	80	
1117	96.1046	C5	72	74	1092	86.5057	C5	72	80	
1118	96.2296	Eb5	75	93	1093	86.5909	Eb5	75	96	
1119	96.3236	B4	71	65	1094	86.6761	B4	71	80	
1120	96.4176	A4	69	71	1095	86.7613	A4	69	80	
1121	96.5523	B3	59	66	1096	86.8466	B3	59	80	
1122	96.673	Eb4	63	82	1097	86.9318	Eb4	63	96	
1123	96.783	B3	59	69	1098	87.017	B3	59	80	
1124	96.8835	A3	57	68	1099	87.1022	A3	57	80	
1125	97.0298	B2	47	72	1100	87.1875	B2	47	80	
1126	97.204	E2	40	89	1102	87.2727	E2	40	80	
1127	97.2125	E1	28	79	1101	87.2727	E1	28	80	
1128	97.3012	B2	47	69	1103	87.3579	B2	47	80	
1129	97.4155	G#3	56	68	1104	87.4432	G#3	56	80	
1130	97.5191	B3	59	67	1105	87.5284	B3	59	80	
1131	97.595	E4	64	73	1106	87.6136	E4	64	80	
1132	97.6911	B3	59	65	1107	87.6988	B3	59	80	
1133	97.7713	G#4	68	76	1108	87.7841	G#4	68	80	
1134	97.8728	B4	71	71	1109	87.8693	B4	71	80	
1135	97.9486	E5	76	70	1110	87.9545	E5	76	80	
1136	98.0469	B4	71	66	1111	88.0397	B4	71	80	
1137	98.1281	G#5	80	71	1112	88.125	G#5	80	80	
1138	98.2157	B5	83	77	1113	88.2102	B5	83	80	
1139	98.3129	E6	88	71	1114	88.2954	E6	88	80	
1140	98.3941	B5	83	63	1115	88.3807	B5	83	80	
1141	98.4785	G#6	92	80	1116	88.4659	G#6	92	80	
1142	98.58	B6	95	78	1117	88.5511	B6	95	80	
1143	98.6634	E3	52	101	1119	88.6363	E3	52	80	
1144	98.6698	E7	100	91	1118	88.6363	E7	100	80	
1145	98.7755	B6	95	76	1120	88.7216	B6	95	80	
1146	98.8461	G#6	92	78	1121	88.8068	G#6	92	80	
1147	98.9326	B5	83	74	1122	88.892	B5	83	80	
1148	99.033	E6	88	87	1123	88.9772	E6	88	80	
1149	99.1164	B5	83	77	1124	89.0625	B5	83	80	
1150	99.2168	G#5	80	74	1125	89.1477	G#5	80	80	
1151	99.2798	B4	71	73	1126	89.2329	B4	71	80	
1152	99.3973	E5	76	84	1127	89.3182	E5	76	80	
1153	99.486	B4	71	78	1128	89.4034	B4	71	80	
1154	99.5918	G#4	68	74	1129	89.4886	G#4	68	80	
1155	99.6805	B3	59	71	1130	89.5738	B3	59	80	
1156	99.7937	E4	64	78	1131	89.6591	E4	64	80	
1157	99.8877	B3	59	71	1132	89.7443	B3	59	80	
1158	99.9871	G#3	56	62	1133	89.8295	G#3	56	80	
1159	100.089	B2	47	69	1134	89.9147	B2	47	80	
1160	100.193	D2	38	91	1135	90	D2	38	80	
1161	100.287	D3	50	65	1136	90.0852	D3	50	80	
1162	100.381	A3	57	70	1137	90.1704	A3	57	80	
1163	100.474	C4	60	73	1138	90.2557	C4	60	80	
1164	100.55	F4	65	71	1139	90.3409	F4	65	80	
1165	100.647	D4	62	72	1140	90.4261	D4	62	80	
1166	100.729	A4	69	75	1141	90.5113	A4	69	80	
1167	100.801	C5	72	83	1142	90.5966	C5	72	80	
1168	100.883	F5	77	80	1143	90.6818	F5	77	80	
1169	100.982	D5	74	72	1144	90.767	D5	74	80	
1170	101.054	A5	81	78	1145	90.8522	A5	81	80	
1171	101.136	C6	84	76	1146	90.9375	C6	84	80	
1172	101.216	F6	89	85	1147	91.0227	F6	89	80	
1173	101.305	D6	86	82	1148	91.1079	D6	86	80	
1174	101.39	A6	93	79	1149	91.1932	A6	93	80	
1175	101.486	C7	96	83	1150	91.2784	C7	96	80	
1176	101.56	G1	31	56	1152	91.3636	G1	31	80	
1177	101.568	G2	43	53	1153	91.3636	G2	43	80	
1178	101.584	F7	101	84	1151	91.3636	F7	101	80	
1179	101.615	G7	103	46	*	-1	*	-1	-1	
1180	101.672	B6	95	83	1154	91.4488	B6	95	80	
1181	101.763	G6	91	78	1155	91.5341	G6	91	80	
1182	101.85	D6	86	70	1156	91.6193	D6	86	80	
1183	101.951	F6	89	90	1157	91.7045	F6	89	80	
1184	102.046	B5	83	74	1158	91.7897	B5	83	80	
1185	102.141	G5	79	72	1159	91.875	G5	79	80	
1186	102.216	D5	74	65	1160	91.9602	D5	74	80	
1187	102.332	F5	77	84	1161	92.0454	F5	77	80	
1188	102.428	B4	71	74	1162	92.1307	B4	71	80	
1189	102.535	G4	67	69	1163	92.2159	G4	67	80	
1190	102.636	D4	62	60	1164	92.3011	D4	62	80	
1191	102.772	F4	65	73	1165	92.3863	F4	65	80	
1192	102.905	B3	59	65	1166	92.4716	B3	59	80	
1193	103.019	G3	55	64	1167	92.5568	G3	55	80	
1194	103.161	D3	50	65	1168	92.642	D3	50	80	
1195	103.293	C2	36	76	1169	92.7272	C2	36	80	
1196	103.418	C3	48	65	1170	92.8125	C3	48	80	
1197	103.526	G3	55	66	1171	92.8977	G3	55	80	
1198	103.644	C4	60	65	1172	92.9829	C4	60	80	
1199	103.699	E4	64	72	1173	93.0682	E4	64	80	
1200	103.803	C4	60	64	1174	93.1534	C4	60	80	
1201	103.889	G4	67	69	1175	93.2386	G4	67	80	
1202	103.988	C5	72	71	1176	93.3238	C5	72	80	
1203	104.048	E5	76	72	1177	93.4091	E5	76	80	
1204	104.154	C5	72	61	1178	93.4943	C5	72	80	
1205	104.238	Bb5	82	75	1179	93.5795	Bb5	82	80	
1206	104.365	C6	84	47	1180	93.6647	C6	84	80	
1207	104.413	B5	83	25	*	-1	*	-1	-1	
1208	104.454	G6	91	94	1181	93.75	G6	91	80	
1209	104.575	C6	84	73	1182	93.8352	C6	84	80	
1210	104.664	Bb5	82	54	1183	93.9204	Bb5	82	80	
1211	104.761	E5	76	62	1184	94.0057	E5	76	80	
1212	104.875	C3	48	54	1186	94.0909	C3	48	80	
1213	104.892	F#6	90	91	1185	94.0909	F#6	90	80	
1214	105.007	C6	84	66	1187	94.1761	C6	84	80	
1215	105.104	A5	81	60	1188	94.2613	A5	81	80	
1216	105.173	Eb5	75	70	1189	94.3466	Eb5	75	80	
1217	105.314	F#5	78	89	1190	94.4318	F#5	78	80	
1218	105.395	C5	72	64	1191	94.517	C5	72	80	
1219	105.481	A4	69	67	1192	94.6022	A4	69	80	
1220	105.561	Eb4	63	70	1193	94.6875	Eb4	63	80	
1221	105.672	F5	77	89	1194	94.7727	F5	77	80	
1222	105.776	B4	71	72	1195	94.8579	B4	71	80	
1223	105.856	G#4	68	76	1196	94.9432	G#4	68	80	
1224	105.937	D4	62	67	1197	95.0284	D4	62	80	
1225	106.051	F4	65	77	1198	95.1136	F4	65	80	
1226	106.084	G4	67	36	*	-1	*	-1	-1	
1227	106.127	B3	59	80	1199	95.1988	B3	59	80	
1228	106.222	G#3	56	73	1200	95.2841	G#3	56	80	
1229	106.292	D3	50	76	1201	95.3693	D3	50	80	
1230	106.404	C2	36	90	1202	95.4545	C2	36	80	
1231	106.493	C3	48	75	1203	95.5397	C3	48	80	
1232	106.61	G3	55	71	1204	95.625	G3	55	80	
1233	106.713	C4	60	72	1205	95.7102	C4	60	80	
1234	106.787	E4	64	75	1206	95.7954	E4	64	80	
1235	106.885	C4	60	65	1207	95.8807	C4	60	80	
1236	106.959	G4	67	72	1208	95.9659	G4	67	80	
1237	107.058	C5	72	74	1209	96.0511	C5	72	80	
1238	107.123	E5	76	80	1210	96.1363	E5	76	80	
1239	107.217	C5	72	81	1211	96.2216	C5	72	80	
1240	107.298	G5	79	80	1212	96.3068	G5	79	80	
1241	107.417	C6	84	69	1213	96.392	C6	84	80	
1242	107.464	D6	86	23	*	-1	*	-1	-1	
1243	107.501	E6	88	97	1214	96.4772	E6	88	80	
1244	107.623	C6	84	80	1215	96.5625	C6	84	80	
1245	107.701	G5	79	82	1216	96.6477	G5	79	80	
1246	107.834	C5	72	67	1217	96.7329	C5	72	80	
1247	107.941	G2	43	94	1220	96.8182	G2	43	80	
1248	107.954	G1	31	85	1219	96.8182	G1	31	80	
1249	108.082	Eb6	87	100	1218	96.8182	Eb6	87	80	
1250	108.284	A5	81	72	1221	96.9034	A5	81	80	
1251	108.371	F#5	78	74	1222	96.9886	F#5	78	80	
1252	108.449	C5	72	69	1223	97.0738	C5	72	80	
1253	108.559	Eb5	75	94	1224	97.1591	Eb5	75	80	
1254	108.638	A4	69	75	1225	97.2443	A4	69	80	
1255	108.741	F#4	66	74	1226	97.3295	F#4	66	80	
1256	108.796	C4	60	72	1227	97.4147	C4	60	80	
1257	108.907	D5	74	91	1228	97.5	D5	74	80	
1258	108.999	G#4	68	80	1229	97.5852	G#4	68	80	
1259	109.094	F4	65	73	1230	97.6704	F4	65	80	
1260	109.176	B3	59	77	1231	97.7557	B3	59	80	
1261	109.284	D4	62	91	1232	97.8409	D4	62	80	
1262	109.377	G#3	56	82	1233	97.9261	G#3	56	80	
1263	109.48	F3	53	70	1234	98.0113	F3	53	80	
1264	109.545	B2	47	78	1235	98.0966	B2	47	80	
1265	109.66	G2	43	103	1237	98.1818	G2	43	80	
1266	109.671	G1	31	88	1236	98.1818	G1	31	80	
1267	109.776	Bb2	46	71	1238	98.267	Bb2	46	80	
1268	109.875	E3	52	73	1239	98.3522	E3	52	80	
1269	109.956	G3	55	72	1240	98.4375	G3	55	80	
1270	110.033	C#4	61	80	1241	98.5227	C#4	61	80	
1271	110.154	Bb3	58	70	1242	98.6079	Bb3	58	80	
1272	110.226	E4	64	74	1243	98.6932	E4	64	80	
1273	110.3	G#4	68	66	*	-1	*	-1	-1	
1274	110.328	G4	67	74	1244	98.7784	G4	67	80	
1275	110.388	C#5	73	81	1245	98.8636	C#5	73	80	
1276	110.499	Bb4	70	78	1246	98.9488	Bb4	70	80	
1277	110.584	E5	76	74	1247	99.0341	E5	76	80	
1278	110.668	G5	79	76	1248	99.1193	G5	79	80	
1279	110.754	C#6	85	80	1249	99.2045	C#6	85	80	
1280	110.867	Bb5	82	77	1250	99.2897	Bb5	82	80	
1281	110.957	E6	88	78	1251	99.375	E6	88	80	
1282	111.047	G6	91	74	1252	99.4602	G6	91	80	
1283	111.118	C#7	97	96	1253	99.5454	C#7	97	80	
1284	111.223	F#6	90	77	1254	99.6307	F#6	90	80	
1285	111.303	Eb6	87	76	1255	99.7159	Eb6	87	80	
1286	111.374	A5	81	72	1256	99.8011	A5	81	80	
1287	111.483	C#6	85	90	1257	99.8863	C#6	85	80	
1288	111.566	F#5	78	76	1258	99.9716	F#5	78	80	
1289	111.665	Eb5	75	78	1259	100.057	Eb5	75	80	
1290	111.731	A4	69	74	1260	100.142	A4	69	80	
1291	111.858	C#5	73	91	1261	100.227	C#5	73	96	
1292	111.95	F#4	66	74	1262	100.312	F#4	66	80	
1293	112.063	Eb4	63	69	1263	100.398	Eb4	63	80	
1294	112.137	A3	57	67	1264	100.483	A3	57	80	
1295	112.254	C5	72	90	1265	100.568	C5	72	80	
1296	112.359	F#4	66	75	1266	100.653	F#4	66	80	
1297	112.452	Eb4	63	76	1267	100.739	Eb4	63	80	
1298	112.531	A3	57	76	1268	100.824	A3	57	80	
1299	112.636	G2	43	97	1270	100.909	G2	43	80	
1300	112.646	G1	31	87	1269	100.909	G1	31	80	
1301	112.737	G#3	56	79	1271	100.994	G#3	56	80	
1302	112.854	D4	62	72	1272	101.08	D4	62	80	
1303	112.936	F4	65	76	1273	101.165	F4	65	80	
1304	113.022	C5	72	90	1274	101.25	C5	72	80	
1305	113.138	G#4	68	81	1275	101.335	G#4	68	80	
1306	113.209	D5	74	70	1276	101.42	D5	74	80	
1307	113.287	F5	77	81	1277	101.506	F5	77	80	
1308	113.383	C6	84	96	1278	101.591	C6	84	80	
1309	113.492	G#5	80	87	1279	101.676	G#5	80	80	
1310	113.585	D6	86	79	1280	101.761	D6	86	80	
1311	113.683	F6	89	78	1281	101.847	F6	89	80	
1312	113.817	C7	96	102	1282	101.932	C7	96	80	
1313	113.944	F6	89	77	1283	102.017	F6	89	80	
1314	114.05	D6	86	69	1284	102.102	D6	86	80	
1315	114.183	G#5	80	80	1285	102.187	G#5	80	80	
1316	114.326	B6	95	99	1286	102.273	B6	95	80	
1317	114.464	A6	93	7	*	-1	*	-1	-1	
1318	114.468	F6	89	76	1287	102.358	F6	89	80	
1319	114.546	D6	86	67	1288	102.443	D6	86	80	
1320	114.63	G5	79	77	1289	102.528	G5	79	80	
1321	114.731	B5	83	96	1290	102.614	B5	83	80	
1322	114.82	F5	77	80	1291	102.699	F5	77	80	
1323	114.904	D5	74	76	1292	102.784	D5	74	80	
1324	114.985	G4	67	77	1293	102.869	G4	67	80	
1325	115.081	B4	71	101	1294	102.955	B4	71	80	
1326	115.174	F4	65	72	1295	103.04	F4	65	80	
1327	115.258	D4	62	78	1296	103.125	D4	62	80	
1328	115.333	G3	55	76	1297	103.21	G3	55	80	
1329	115.455	B3	59	95	1298	103.295	B3	59	80	
1330	115.558	F3	53	78	1299	103.381	F3	53	80	
1331	115.633	D3	50	83	1300	103.466	D3	50	80	
1332	115.73	G2	43	85	1301	103.551	G2	43	80	
1333	115.855	C2	36	106	1303	103.636	C2	36	80	
1334	115.864	C1	24	95	1302	103.636	C1	24	80	
1335	115.937	G2	43	80	1304	103.722	G2	43	80	
1336	116.053	E3	52	74	1305	103.807	E3	52	80	
1337	116.128	G3	55	75	1306	103.892	G3	55	80	
1338	116.235	C4	60	80	1307	103.977	C4	60	80	
1339	116.327	G3	55	67	1308	104.062	G3	55	80	
1340	116.409	E4	64	71	1309	104.148	E4	64	80	
1341	116.495	G4	67	74	1310	104.233	G4	67	80	
1342	116.591	C5	72	78	1311	104.318	C5	72	80	
1343	116.684	G4	67	75	1312	104.403	G4	67	80	
1344	116.772	E5	76	73	1313	104.489	E5	76	80	
1345	116.859	G5	79	79	1314	104.574	G5	79	80	
1346	116.956	C6	84	76	1315	104.659	C6	84	80	
1347	117.049	G5	79	82	1316	104.744	G5	79	80	
1348	117.136	E6	88	81	1317	104.83	E6	88	80	
1349	117.236	G6	91	84	1318	104.915	G6	91	80	
1350	117.317	C7	96	98	1319	105	C7	96	80	
1351	117.411	G6	91	79	1320	105.085	G6	91	80	
1352	117.49	E6	88	81	1321	105.17	E6	88	80	
1353	117.573	G5	79	79	1322	105.256	G5	79	80	
1354	117.672	C6	84	97	1323	105.341	C6	84	80	
1355	117.769	G5	79	84	1324	105.426	G5	79	80	
1356	117.858	E5	76	79	1325	105.511	E5	76	80	
1357	117.953	G4	67	77	1326	105.597	G4	67	80	
1358	118.061	C5	72	89	1327	105.682	C5	72	80	
1359	118.097	D5	74	37	*	-1	*	-1	-1	
1360	118.168	G4	67	79	1328	105.767	G4	67	80	
1361	118.277	E4	64	86	1329	105.852	E4	64	80	
1362	118.386	G3	55	81	1330	105.937	G3	55	80	
1363	118.501	C4	60	91	1331	106.023	C4	60	80	
1364	118.642	G3	55	85	1332	106.108	G3	55	80	
1365	118.773	E3	52	84	1333	106.193	E3	52	80	
1366	118.944	G2	43	86	1334	106.278	G2	43	80	
1367	119.295	C2	36	99	1336	106.364	C2	36	80	
1368	119.303	C1	24	94	1335	106.364	C1	24	80	
