//Version: PianoRoll_v170101
0	2.00721	2.06063	C3	93	66	0
1	2.01122	4.55261	C2	91	38	0
2	2.23691	2.33707	C3	87	51	0
3	2.39583	2.52537	G3	84	57	0
4	2.51068	2.61218	C4	78	63	0
5	2.61485	2.68696	E4	75	64	0
6	2.72169	2.79914	C4	74	60	0
7	2.80315	2.88595	G4	80	62	0
8	2.87927	2.95673	C5	81	65	0
9	2.96474	3.01415	E5	71	64	0
10	3.04086	3.12099	C5	83	64	0
11	3.11832	3.20513	G5	84	64	0
12	3.19711	3.26389	C6	82	63	0
13	3.2719	3.34268	E6	83	63	0
14	3.36405	3.45753	C6	83	57	0
15	3.43883	3.58306	G6	89	63	0
16	3.53632	3.70325	C7	93	64	0
17	3.68189	3.83146	E7	101	63	0
18	3.82345	3.92761	C7	86	64	0
19	3.9196	3.99973	G6	84	63	0
20	4.00106	4.04246	C6	75	64	0
21	4.10523	4.18937	E6	89	59	0
22	4.17868	4.28819	C6	72	62	0
23	4.26015	4.32558	G5	79	64	0
24	4.3563	4.39102	C5	66	66	0
25	4.42841	4.53258	E5	91	62	0
26	4.50053	4.59802	C5	64	64	0
27	4.59935	4.64877	G4	77	59	0
28	4.6875	4.73424	C4	71	65	0
29	4.77964	4.87179	E4	87	59	0
30	4.85443	4.97195	C4	78	64	0
31	4.94123	5.07612	G3	81	39	0
32	5.02136	5.13087	C3	81	64	0
33	5.12553	6.20859	F2	92	57	0
34	5.12954	6.59321	F1	91	80	0
35	5.33253	5.38595	C3	70	60	0
36	5.4594	5.56089	A3	69	64	0
37	5.55822	5.62767	C4	74	63	0
38	5.68776	5.72515	F4	68	65	0
39	5.76121	5.80261	C4	76	61	0
40	5.83199	5.91346	A4	76	61	0
41	5.89877	5.9602	C5	74	65	0
42	5.98958	6.0243	F5	77	70	0
43	6.06703	6.11378	C5	79	63	0
44	6.13114	6.21661	A5	83	64	0
45	6.19658	6.254	C6	81	65	0
46	6.28205	6.34214	F6	82	64	0
47	6.36217	6.44898	C6	85	60	0
48	6.42895	6.55181	A6	90	63	0
49	6.51175	6.69871	C7	86	64	0
50	6.59321	8.06757	F#1	83	60	0
51	6.59321	8.09828	F#2	96	63	0
52	6.68269	6.80822	E7	96	65	0
53	6.7962	6.87633	C7	85	63	0
54	6.87766	6.9391	A6	73	62	0
55	6.95779	6.99786	C6	63	60	0
56	7.04326	7.14209	E6	95	57	0
57	7.11805	7.2142	C6	72	63	0
58	7.21153	7.27296	A5	66	62	0
59	7.28231	7.31436	C5	70	67	0
60	7.37713	7.49465	E5	92	64	0
61	7.45192	7.56677	C5	56	63	0
62	7.5681	7.63755	A4	70	61	0
63	7.64155	7.73236	C4	75	62	0
64	7.7938	7.97408	D4	87	60	0
65	7.9407	8.07558	C4	63	62	0
66	8.04219	8.12099	A3	63	65	0
67	8.10229	8.17975	G#1	3	41	0
68	8.13701	8.2532	C3	65	63	0
69	8.27857	9.0665	G1	80	35	0
70	8.27857	8.77002	G2	86	43	0
71	8.43616	8.52563	B2	66	59	0
72	8.53097	8.60977	A1	2	43	0
73	8.54566	8.63781	G3	68	61	0
74	8.59241	8.62846	Bb1	4	46	0
75	8.62312	8.73397	B3	67	64	0
76	8.72996	8.78738	D4	73	63	0
77	8.81409	8.89556	B3	74	58	0
78	8.90357	9.0291	G4	80	58	0
79	8.99839	9.09988	B4	74	63	0
80	9.03979	9.33359	F#1	78	57	0
81	9.04112	9.23076	F#2	83	65	0
82	9.10523	9.14796	D5	68	64	0
83	9.1947	9.26548	B4	77	52	0
84	9.26815	9.36698	G5	86	63	0
85	9.34427	9.43642	B5	81	65	0
86	9.39636	9.5673	E1	89	62	0
87	9.39636	9.47649	E2	93	62	0
88	9.4431	9.47916	D6	79	66	0
89	9.53391	9.59	B5	81	55	0
90	9.60603	9.73423	G6	89	65	0
91	9.69951	9.81837	A6	90	64	0
92	9.76361	10.605	D2	97	29	0
93	9.76762	9.86511	D1	93	57	0
94	9.83172	9.93722	D7	107	63	0
95	9.93322	10.024	A6	89	62	0
96	10.004	10.0748	F#6	85	64	0
97	10.0841	10.1188	C6	63	65	0
98	10.1602	10.2524	D6	87	63	0
99	10.2284	10.3112	A5	81	62	0
100	10.2965	10.3592	F#5	81	65	0
101	10.3632	10.4086	C5	72	65	0
102	10.454	10.5569	D5	94	59	0
103	10.5262	10.629	A4	85	61	0
104	10.601	10.6811	F#4	85	65	0
105	10.6851	10.7332	C4	67	66	0
106	10.7732	10.8694	D4	94	62	0
107	10.852	10.9228	A3	82	64	0
108	10.9108	10.9842	F#3	88	65	0
109	10.9776	11.0216	C3	89	66	0
110	11.0443	13.941	G2	97	63	0
111	11.047	13.7901	G1	100	63	0
112	11.2807	11.3662	C3	76	64	0
113	11.3902	11.5051	F3	76	63	0
114	11.4717	11.5358	G#3	85	66	0
115	11.5705	11.6186	D4	64	67	0
116	11.6466	11.7401	C4	84	61	0
117	11.7321	11.8282	F4	81	62	0
118	11.8042	11.863	G#4	82	66	0
119	11.8883	11.9351	D5	77	63	0
120	11.9711	12.0393	C5	69	53	0
121	12.0379	12.1261	F5	77	65	0
122	12.0553	12.078	F#5	50	41	0
123	12.1127	12.1741	G#5	84	66	0
124	12.1968	12.2409	D6	70	66	0
125	12.2649	12.3678	C6	83	56	0
126	12.3518	12.4786	F6	88	64	0
127	12.4359	12.5801	G#6	93	64	0
128	12.5601	12.6976	D7	102	58	0
129	12.7043	12.7991	G6	87	65	0
130	12.8018	12.8619	F6	83	63	0
131	12.8712	12.942	B5	63	64	0
132	12.9554	13.0582	D6	93	63	0
133	13.0368	13.121	G5	83	63	0
134	13.1223	13.1878	F5	81	66	0
135	13.1944	13.2585	B4	73	63	0
136	13.2906	13.3961	D5	95	60	0
137	13.372	13.4749	G4	80	63	0
138	13.4722	13.5363	F4	80	63	0
139	13.5563	13.7179	B3	73	65	0
140	13.7032	13.8314	Eb4	84	63	0
141	13.8408	13.9396	G3	73	63	0
142	13.945	14.0331	F3	74	65	0
143	14.0251	14.0999	B2	82	64	0
144	14.1867	16.5197	C2	84	39	0
145	14.1867	14.3323	C3	90	63	0
146	14.3763	14.4591	C3	73	65	0
147	14.4912	14.5927	G3	80	60	0
148	14.5887	14.6955	C4	74	63	0
149	14.6942	14.7476	E4	78	62	0
150	14.7783	14.8531	C4	79	58	0
151	14.829	16.489	C3	34	42	0
152	14.8638	14.9546	G4	76	63	0
153	14.9452	15.0147	C5	74	64	0
154	15.02	15.0828	E5	80	62	0
155	15.1068	15.1723	C5	79	65	0
156	15.1709	15.2551	G5	80	66	0
157	15.2511	15.3178	C6	88	62	0
158	15.3325	15.3886	E6	74	64	0
159	15.41	15.4968	C6	85	65	0
160	15.4914	15.605	G6	85	64	0
161	15.5662	15.7064	C7	85	64	0
162	15.6864	15.816	E7	97	63	0
163	15.816	15.9121	C7	89	62	0
164	15.9201	15.9789	G6	79	62	0
165	15.9962	16.0376	C6	66	66	0
166	16.0871	16.1779	E6	92	60	0
167	16.1632	16.2567	C6	71	64	0
168	16.25	16.3168	G5	70	64	0
169	16.3221	16.3702	C5	79	62	0
170	16.4183	16.5131	E5	92	61	0
171	16.4984	16.5932	C5	81	63	0
172	16.5772	16.6413	G4	77	64	0
173	16.672	16.7121	C4	71	64	0
174	16.7641	16.8509	E4	87	61	0
175	16.8296	16.9564	C4	68	63	0
176	16.9097	17.0326	G3	79	65	0
177	17.0139	17.1461	C3	77	61	0
178	17.1621	19.4618	A2	86	37	0
179	17.1648	19.5112	A1	85	41	0
180	17.3464	17.5387	B1	7	40	0
181	17.3691	17.4252	C3	60	67	0
182	17.4653	17.5494	F3	72	50	0
183	17.5668	17.6295	C4	73	58	0
184	17.6562	17.711	F4	73	67	0
185	17.7591	17.7911	C4	65	66	0
186	17.8459	17.8939	F4	52	64	0
187	17.8592	17.8939	G4	63	57	0
188	17.914	17.9808	C5	74	62	0
189	17.9888	18.0542	F5	76	63	0
190	18.0662	18.125	C5	73	62	0
191	18.1557	18.2185	F5	79	64	0
192	18.2238	18.2772	C6	78	60	0
193	18.2933	18.364	F6	82	61	0
194	18.3774	18.4308	C6	76	64	0
195	18.4575	18.583	F6	86	64	0
196	18.5416	18.7019	C7	91	64	0
197	18.6859	18.7981	E7	91	59	0
198	18.8074	18.9076	C7	85	64	0
199	18.9116	18.973	F#6	81	62	0
200	18.985	19.0171	C6	61	66	0
201	19.0665	19.156	E6	81	61	0
202	19.1146	19.1613	D6	31	59	0
203	19.1413	19.2321	C6	67	65	0
204	19.2281	19.2962	F#5	85	62	0
205	19.3082	19.3483	C5	61	66	0
206	19.387	19.4751	E5	88	62	0
207	19.4671	19.5793	C5	66	65	0
208	19.574	19.6514	F#4	80	63	0
209	19.6474	19.7249	C4	74	62	0
210	19.7543	19.8651	E4	91	59	0
211	19.8531	19.9546	C4	81	64	0
212	19.9506	20.0601	F#3	82	63	0
213	20.0561	20.1562	C3	76	64	0
214	20.2043	22.5641	G1	78	40	0
215	20.2056	22.5881	G2	78	41	0
216	20.4086	20.4901	C3	64	59	0
217	20.5262	20.6156	G3	60	63	0
218	20.613	20.7238	C4	67	63	0
219	20.7305	20.7719	D4	69	62	0
220	20.832	20.8947	C4	62	63	0
221	20.864	20.8947	D4	56	64	0
222	20.9041	20.9842	G4	75	62	0
223	20.9896	21.0537	C5	71	65	0
224	21.067	21.1311	D5	68	66	0
225	21.1512	21.2206	C5	76	59	0
226	21.2273	21.3047	G5	79	65	0
227	21.3061	21.3742	C6	79	65	0
228	21.3889	21.449	D6	69	65	0
229	21.465	21.5678	C6	83	62	0
230	21.5465	21.6613	G6	86	63	0
231	21.6293	21.7748	C7	86	64	0
232	21.7601	21.8736	D7	93	54	0
233	21.879	21.9711	B6	76	65	0
234	21.9791	22.0339	G6	72	60	0
235	22.066	22.118	B5	57	64	0
236	22.1541	22.2422	D6	87	62	0
237	22.2342	22.317	B5	77	62	0
238	22.3197	22.3598	G5	67	67	0
239	22.4012	22.4466	B4	63	65	0
240	22.4799	22.5788	D5	88	60	0
241	22.5601	22.6576	B4	65	62	0
242	22.6455	22.7123	G4	73	60	0
243	22.7484	22.7884	B3	62	63	0
244	22.8419	22.934	D4	79	63	0
245	22.9166	23.4188	B3	67	28	0
246	23.0168	23.1931	G3	64	57	0
247	23.1236	23.1998	B2	67	62	0
248	23.3079	25.5756	C2	71	41	0
249	23.3119	25.5422	C3	71	42	0
250	23.4522	23.5136	D3	66	64	0
251	23.5577	23.6471	G3	66	62	0
252	23.6498	23.7273	D4	60	65	0
253	23.6859	23.7233	C4	46	57	0
254	23.738	23.8021	E4	69	65	0
255	23.8194	23.8875	D4	82	65	0
256	23.9089	23.9917	G4	74	63	0
257	23.993	24.0491	D5	77	65	0
258	24.0611	24.1333	E5	77	62	0
259	24.1453	24.2054	D5	79	65	0
260	24.2227	24.3015	G5	78	65	0
261	24.3015	24.3603	D6	77	63	0
262	24.3282	24.363	C6	46	59	0
263	24.3803	24.4311	E6	62	65	0
264	24.4484	24.5165	D6	75	66	0
265	24.5245	24.6447	G6	79	64	0
266	24.602	24.7169	D7	83	64	0
267	24.7182	24.8451	E7	87	62	0
268	24.8384	24.9492	C7	78	62	0
269	24.9546	25.0267	G6	75	63	0
270	25.0521	25.0841	C6	66	65	0
271	25.1295	25.211	E6	90	59	0
272	25.203	25.2978	C6	64	64	0
273	25.2951	25.3392	G5	70	65	0
274	25.4006	25.426	C5	60	63	0
275	25.4647	25.5448	E5	89	62	0
276	25.5395	25.6477	C5	65	63	0
277	25.629	25.7051	G4	77	62	0
278	25.7291	25.7652	C4	68	65	0
279	25.8213	25.9001	E4	83	61	0
280	25.8934	26.0109	C4	65	62	0
281	25.9762	26.0924	G3	76	64	0
282	26.0897	26.1471	C3	71	64	0
283	26.282	27.5013	A1	62	35	0
284	26.286	27.3611	A2	62	52	0
285	26.4516	26.5438	E3	65	62	0
286	26.5692	26.6466	C4	58	62	0
287	26.672	26.7561	E4	59	63	0
288	26.7788	26.8149	F4	60	61	0
289	26.8549	26.9044	E4	69	59	0
290	26.9431	27.0232	C5	74	63	0
291	27.0312	27.1007	E5	67	65	0
292	27.1114	27.1501	F5	70	69	0
293	27.1888	27.2369	E5	74	60	0
294	27.2569	27.333	C6	78	64	0
295	27.3304	27.3931	E6	80	64	0
296	27.3998	27.4559	F6	77	65	0
297	27.4853	27.536	E6	74	56	0
298	27.548	27.6375	C7	86	64	0
299	27.6268	27.7577	E7	85	65	0
300	27.731	28.352	B2	68	39	0
301	27.7417	27.8605	F7	89	63	0
302	27.743	28.6511	B1	45	38	0
303	27.8712	27.9701	D7	75	63	0
304	27.9767	28.0408	B6	68	64	0
305	28.0782	28.1183	D6	51	65	0
306	28.1597	28.2692	F6	90	59	0
307	28.2652	28.3587	D6	60	62	0
308	28.36	28.4081	B5	66	63	0
309	28.4588	28.5083	D5	60	59	0
310	28.5416	28.6912	F5	82	56	0
311	28.583	28.6298	G5	27	55	0
312	28.6031	29.0825	A2	68	49	0
313	28.6138	29.1733	A1	72	62	0
314	28.6712	28.8154	D5	54	60	0
315	28.8061	28.8675	B4	59	62	0
316	28.9009	28.9583	D4	60	65	0
317	29.0077	29.0972	F4	75	60	0
318	29.0972	29.216	D4	74	64	0
319	29.168	29.2508	B3	75	62	0
320	29.2388	29.3349	D3	77	63	0
321	29.3376	30.5702	G#2	83	63	0
322	29.3483	30.434	G#1	75	60	0
323	29.4524	29.5232	D3	67	61	0
324	29.5499	29.6033	B3	66	61	0
325	29.6327	29.7275	D4	68	65	0
326	29.7302	29.7956	E4	70	59	0
327	29.821	29.8918	D4	73	60	0
328	29.9078	29.988	B4	78	62	0
329	29.9813	30.0627	D5	74	63	0
330	30.0654	30.1322	E5	76	63	0
331	30.1535	30.2257	D5	77	59	0
332	30.223	30.2978	B5	79	65	0
333	30.2938	30.3659	D6	80	65	0
334	30.3752	30.4287	E6	75	65	0
335	30.458	30.5395	D6	78	57	0
336	30.5235	30.617	B6	83	64	0
337	30.5943	30.7251	D7	89	64	0
338	30.6998	31.4102	A1	76	61	0
339	30.6998	31.2326	A2	72	54	0
340	30.7171	30.8346	E7	84	63	0
341	30.8453	30.9441	C7	73	65	0
342	30.9401	30.9802	A6	77	63	0
343	31.0283	31.0643	C6	60	65	0
344	31.1017	31.2019	E6	92	56	0
345	31.1845	31.286	C6	73	62	0
346	31.27	31.3341	A5	75	63	0
347	31.3461	31.4089	C5	72	64	0
348	31.4449	31.5411	G2	92	53	0
349	31.449	31.5251	G1	87	62	0
350	31.453	31.5491	E5	86	59	0
351	31.5545	31.6426	C5	71	62	0
352	31.6292	31.692	A4	76	61	0
353	31.7107	31.7521	C4	74	66	0
354	31.8042	31.9164	E4	93	61	0
355	31.8816	32.2689	C4	78	32	0
356	31.9618	32.3077	A3	76	37	0
357	32.0499	32.1875	C3	89	60	0
358	32.1741	34.6875	F2	97	42	0
359	32.1781	34.7262	F1	94	50	0
360	32.3451	32.4172	C3	72	64	0
361	32.4586	32.5147	A3	62	61	0
362	32.504	32.6081	C4	67	63	0
363	32.6095	32.6803	E4	72	63	0
364	32.707	32.7911	C4	73	54	0
365	32.7911	32.8819	A4	81	61	0
366	32.8565	32.9407	C5	77	64	0
367	32.9473	32.9914	E5	76	66	0
368	33.0288	33.1116	C5	76	62	0
369	33.1009	33.1837	A5	82	64	0
370	33.1744	33.2558	C6	78	64	0
371	33.2612	33.3186	E6	75	65	0
372	33.348	33.4241	C6	77	63	0
373	33.4241	33.4976	A6	84	64	0
374	33.5016	33.6551	C7	79	63	0
375	33.5951	33.746	Eb7	89	65	0
376	33.6832	33.79	B6	71	66	0
377	33.7593	33.8154	A6	76	63	0
378	33.8822	33.9236	B5	61	57	0
379	33.949	34.0785	Eb6	80	61	0
380	34.0398	34.0745	C6	47	59	0
381	34.1105	34.1533	A5	66	67	0
382	34.208	34.2534	B4	71	61	0
383	34.3042	34.4097	Eb5	74	56	0
384	34.3656	34.4952	B4	71	64	0
385	34.3816	34.4311	E5	9	80	0
386	34.4417	34.5032	A4	76	63	0
387	34.5486	34.6113	B3	77	59	0
388	34.6461	34.7796	Eb4	85	62	0
389	34.7462	34.837	B3	72	64	0
390	34.7556	34.8077	Bb3	35	51	0
391	34.8037	34.8651	A3	75	66	0
392	34.8998	34.9906	B2	81	62	0
393	34.992	37.3878	E2	95	41	0
394	34.9986	37.341	E1	89	38	0
395	35.1482	35.207	F1	18	47	0
396	35.1535	35.2297	B2	67	63	0
397	35.2991	35.426	A3	69	60	0
398	35.3993	35.4754	B3	69	65	0
399	35.5155	35.5528	E4	69	64	0
400	35.6036	35.641	B3	72	63	0
401	35.6891	35.7732	A4	71	61	0
402	35.7679	35.8199	B4	72	62	0
403	35.868	35.9001	E5	72	68	0
404	35.9441	35.9749	B4	77	64	0
405	36.0123	36.1004	A5	76	64	0
406	36.091	36.1471	B5	77	62	0
407	36.1778	36.2112	E6	81	68	0
408	36.2633	36.2994	B5	75	60	0
409	36.3341	36.4717	A6	86	64	0
410	36.4222	36.5691	B6	83	65	0
411	36.5558	36.692	E7	95	64	0
412	36.7014	36.8162	B6	78	66	0
413	36.7922	36.8549	G#6	81	63	0
414	36.8763	36.9364	B5	62	56	0
415	36.9497	37.0392	E6	94	59	0
416	37.0339	37.118	B5	71	61	0
417	37.11	37.1527	G#5	81	63	0
418	37.1848	37.2249	B4	76	60	0
419	37.2716	37.3571	E5	91	62	0
420	37.3691	37.4666	B4	77	60	0
421	37.4332	37.504	G#4	80	61	0
422	37.5253	37.5707	B3	70	57	0
423	37.6121	37.719	E4	86	62	0
424	37.703	37.7964	B3	73	61	0
425	37.7791	37.8458	G#3	85	62	0
426	37.8953	37.9767	B2	81	63	0
427	38.1009	38.8795	A1	79	39	0
428	38.1009	39.1052	A2	81	56	0
429	38.2932	38.38	E3	62	61	0
430	38.4041	38.5082	A3	69	64	0
431	38.5002	38.5617	C#4	78	64	0
432	38.5884	38.6378	G4	71	62	0
433	38.6738	38.7299	E4	78	61	0
434	38.758	38.8408	A4	73	63	0
435	38.8341	38.8835	C#5	82	64	0
436	38.9062	38.9757	G5	75	62	0
437	38.977	39.0491	E5	77	64	0
438	39.0691	39.1466	A5	79	62	0
439	39.1346	39.2401	C#6	92	63	0
440	39.2187	39.3162	G6	94	63	0
441	39.3135	39.407	C#6	75	66	0
442	39.4003	39.4738	A5	72	64	0
443	39.4751	39.5152	E5	72	66	0
444	39.5539	40.9441	D3	85	60	0
445	39.5552	41.1218	D2	81	41	0
446	39.6461	39.813	G6	94	46	0
447	39.8277	39.9332	C6	83	62	0
448	39.9225	39.9733	A5	78	61	0
449	40.004	40.0494	E5	69	65	0
450	40.0881	40.1802	G5	91	62	0
451	40.1722	40.255	C5	81	59	0
452	40.251	40.3151	A4	82	61	0
453	40.3245	40.3872	E4	79	60	0
454	40.4286	40.5341	G4	94	58	0
455	40.5288	40.669	C4	78	60	0
456	40.6276	40.848	A3	73	60	0
457	40.7171	40.7879	E3	75	65	0
458	40.864	41.0056	F#4	82	62	0
459	40.9642	41.1097	C4	70	62	0
460	41.0523	41.1324	A3	70	66	0
461	41.1311	41.2366	D3	81	63	0
462	41.2313	43.563	G2	91	41	0
463	41.2366	43.5162	G1	90	41	0
464	41.3982	41.4489	D3	66	66	0
465	41.493	41.5865	G3	69	62	0
466	41.5771	41.684	C4	68	63	0
467	41.692	41.7334	F4	73	66	0
468	41.7761	41.8416	D4	78	65	0
469	41.8549	41.9431	G4	78	63	0
470	41.9391	42.0032	C5	75	63	0
471	42.0165	42.0539	F5	77	68	0
472	42.0966	42.1594	D5	80	66	0
473	42.1728	42.2582	G5	79	64	0
474	42.2422	42.3023	C6	82	64	0
475	42.321	42.3891	F6	89	55	0
476	42.4025	42.4853	D6	75	65	0
477	42.4786	42.6028	G6	79	64	0
478	42.5467	42.7083	C7	87	64	0
479	42.6615	42.8031	F7	100	67	0
480	42.8138	42.922	B6	64	65	0
481	42.8926	42.966	G6	79	64	0
482	42.974	43.0128	D6	66	65	0
483	43.0729	43.145	F6	83	64	0
484	43.0982	43.2492	E6	61	34	0
485	43.1583	43.2518	B5	76	62	0
486	43.2291	43.2932	G5	80	64	0
487	43.3093	43.348	D5	73	65	0
488	43.3934	43.4842	F5	91	62	0
489	43.4829	43.5777	B4	77	59	0
490	43.551	43.6191	G4	84	64	0
491	43.6231	43.6872	D4	77	61	0
492	43.7353	43.8274	F4	88	60	0
493	43.8047	43.8875	B3	81	63	0
494	43.8822	44.0211	G3	89	61	0
495	43.965	44.0518	D3	92	64	0
496	44.0638	44.212	C3	97	63	0
497	44.0691	45.2377	C2	91	59	0
498	44.2908	44.3523	C3	70	59	0
499	44.403	44.5219	G3	74	62	0
500	44.4992	44.5512	Bb3	79	66	0
501	44.602	44.6367	E4	56	66	0
502	44.634	44.7823	C3	48	56	0
503	44.6928	44.7462	C4	60	65	0
504	44.7168	44.7489	D4	63	61	0
505	44.7542	44.8477	G#4	78	64	0
506	44.825	44.8651	G4	48	64	0
507	44.8571	44.9078	Bb4	76	65	0
508	44.9225	44.9893	E5	79	64	0
509	45.0106	45.1028	D5	71	57	0
510	45.0106	45.0106	F5	40	127	0
511	45.0974	45.1696	G5	77	63	0
512	45.1589	45.2203	Bb5	79	67	0
513	45.2524	45.2884	E6	64	65	0
514	45.3205	45.3872	B5	78	61	0
515	45.3859	45.4513	F#6	77	66	0
516	45.4821	45.5462	C7	76	67	0
517	45.5221	45.625	B6	27	42	0
518	45.5689	46.6225	F#2	92	29	0
519	45.5702	46.7361	F#1	87	54	0
520	45.5822	45.7078	C#7	85	61	0
521	45.6076	45.6477	Eb7	56	65	0
522	45.6183	45.6744	D7	72	57	0
523	45.7331	45.8226	Bb6	75	65	0
524	45.8213	45.884	Eb6	75	63	0
525	45.88	45.9228	C6	74	64	0
526	45.9989	46.0803	Eb6	78	63	0
527	46.0603	46.1404	Bb5	77	66	0
528	46.1591	46.1939	Eb5	75	68	0
529	46.1965	46.2232	D5	57	63	0
530	46.2179	46.2633	C5	77	64	0
531	46.3207	46.3875	Eb5	92	67	0
532	46.3635	46.4089	B4	33	53	0
533	46.4062	46.513	Bb4	75	65	0
534	46.4917	46.5611	Eb4	85	63	0
535	46.5611	46.6012	C4	75	66	0
536	46.6773	46.7521	Eb4	88	64	0
537	46.7401	46.8362	Bb3	73	63	0
538	46.8349	46.927	Eb3	81	62	0
539	46.907	47.0058	C3	84	65	0
540	46.9217	46.9778	D3	19	42	0
541	46.9791	48.3133	F2	91	80	0
542	46.9818	47.8886	F1	87	43	0
543	47.114	47.1634	C3	64	66	0
544	47.1741	47.2569	Eb3	62	62	0
545	47.2382	47.325	A3	67	64	0
546	47.3571	47.3971	Eb4	76	66	0
547	47.4626	47.5253	C4	70	60	0
548	47.5414	47.6242	Eb4	70	64	0
549	47.6242	47.6883	A4	70	63	0
550	47.747	47.7884	Eb5	67	67	0
551	47.8378	47.9153	C5	67	61	0
552	47.9019	47.9513	D5	24	45	0
553	47.922	47.9967	Eb5	70	64	0
554	47.9874	48.0422	A5	72	60	0
555	48.0902	48.1423	Eb6	79	61	0
556	48.1864	48.2665	C6	76	62	0
557	48.2705	48.364	Eb6	73	63	0
558	48.3333	48.5016	A6	80	56	0
559	48.388	49.419	B2	90	32	0
560	48.3894	49.423	B1	89	38	0
561	48.4668	48.5857	Eb7	88	65	0
562	48.5162	48.6752	Bb6	23	50	0
563	48.599	48.6925	G#6	75	63	0
564	48.6952	48.7433	Eb6	78	60	0
565	48.7887	48.8154	B5	55	64	0
566	48.8701	48.9449	Eb6	92	64	0
567	48.9543	49.0451	G#5	77	64	0
568	49.0478	49.0838	Eb5	74	69	0
569	49.1239	49.1626	B4	67	65	0
570	49.196	49.2988	Eb5	88	63	0
571	49.2841	49.379	G#4	81	63	0
572	49.3709	49.415	Eb4	81	65	0
573	49.4604	49.4911	B3	69	67	0
574	49.5432	49.6514	Eb4	88	63	0
575	49.6327	49.7422	G#3	80	64	0
576	49.7369	49.805	Eb3	75	64	0
577	49.793	49.853	B2	89	64	0
578	49.8611	52.4933	Bb1	98	57	0
579	50	50.056	Bb2	66	64	0
580	50.0854	50.215	F3	63	64	0
581	50.1736	50.2657	G#3	70	65	0
582	50.267	50.3111	D4	90	68	0
583	50.3712	50.4086	Bb3	75	68	0
584	50.4407	50.5435	F4	69	64	0
585	50.5141	50.5809	G#4	78	63	0
586	50.5876	50.6169	D5	93	59	0
587	50.681	50.7385	Bb4	80	64	0
588	50.7491	50.7745	F#5	73	58	0
589	50.7865	50.876	F5	77	66	0
590	50.844	50.9107	G#5	85	65	0
591	50.9228	50.9762	D6	91	61	0
592	51.0189	51.0416	Bb5	69	67	0
593	51.091	51.2152	F6	75	63	0
594	51.1845	51.3434	G#6	85	64	0
595	51.258	52.4412	Bb2	101	56	0
596	51.3434	51.4423	D7	96	62	0
597	51.4583	51.5584	G#6	87	64	0
598	51.5531	51.6199	E6	75	63	0
599	51.6346	51.676	Bb5	72	67	0
600	51.7574	51.8416	D6	87	63	0
601	51.8442	51.9257	G#5	80	65	0
602	51.9404	51.9724	E5	60	67	0
603	51.9978	52.0352	Bb4	76	66	0
604	52.0966	52.1781	D5	84	61	0
605	52.1741	52.2489	G#4	84	64	0
606	52.2516	52.3197	E4	76	64	0
607	52.3197	52.353	Bb3	86	67	0
608	52.4345	52.52	D4	92	65	0
609	52.52	52.6095	G#3	86	65	0
610	52.5961	52.759	E3	85	64	0
611	52.7069	52.8218	Bb2	97	63	0
612	52.8579	53.0368	A2	96	63	0
613	52.8645	55.7158	A1	93	41	0
614	53.1129	53.185	A2	74	65	0
615	53.2131	53.2999	E3	65	64	0
616	53.2892	53.3787	A3	72	65	0
617	53.392	53.4401	C#4	69	65	0
618	53.4294	55.3472	A2	70	38	0
619	53.5069	53.5523	A3	80	57	0
620	53.603	53.6845	E4	72	63	0
621	53.7112	53.7566	A4	62	65	0
622	53.7873	53.8194	C#5	70	67	0
623	53.8768	53.9102	A4	72	65	0
624	53.9516	54.021	E5	74	64	0
625	54.0331	54.0731	A5	68	66	0
626	54.0998	54.1332	C#6	79	70	0
627	54.1813	54.2321	A5	65	59	0
628	54.2628	54.3322	E6	76	62	0
629	54.3456	54.415	A6	79	58	0
630	54.4163	54.5526	C#7	93	63	0
631	54.5192	54.634	A6	85	62	0
632	54.61	54.6527	E6	66	66	0
633	54.7342	54.7689	A5	43	56	0
634	54.7929	54.8958	C#6	89	64	0
635	54.8811	54.9732	A5	70	64	0
636	54.9505	55.0146	E5	71	64	0
637	55.044	55.0841	A4	65	65	0
638	55.1308	55.2377	C#5	90	62	0
639	55.2043	55.3151	A4	52	63	0
640	55.2857	55.3565	E4	72	65	0
641	55.3952	55.442	A3	63	63	0
642	55.4874	55.6236	C#4	84	61	0
643	55.5902	55.7211	A3	70	64	0
644	55.7091	55.8092	E3	63	65	0
645	55.84	55.9708	A2	62	53	0
646	56.0817	57.564	D2	80	39	0
647	56.298	56.3621	A2	56	57	0
648	56.4182	56.513	D3	56	63	0
649	56.513	56.5731	F#3	66	63	0
650	56.6065	56.672	C4	66	64	0
651	56.704	56.7561	A3	72	59	0
652	56.7975	56.8749	D4	69	64	0
653	56.8723	56.9324	F#4	77	64	0
654	56.9457	57.0098	C5	76	64	0
655	57.0312	57.114	A4	78	61	0
656	57.1113	57.2115	D5	77	64	0
657	57.2021	57.2622	F#5	82	67	0
658	57.2889	57.3437	C6	73	64	0
659	57.3651	57.4545	A5	77	61	0
660	57.4479	57.5921	D6	85	64	0
661	57.5453	57.7777	F#6	85	62	0
662	57.6802	59.2013	G2	57	22	0
663	57.6842	59.3322	G1	65	24	0
664	57.7831	57.9179	C7	91	57	0
665	57.9807	58.1009	F6	70	64	0
666	58.0916	58.1396	D6	69	63	0
667	58.1824	58.2625	G5	62	64	0
668	58.2692	58.364	C6	85	62	0
669	58.368	58.4628	F5	67	63	0
670	58.4561	58.5002	D5	75	62	0
671	58.5403	58.595	G4	64	62	0
672	58.6151	58.7272	C5	87	61	0
673	58.7286	58.8354	F4	71	61	0
674	58.8181	58.8902	D4	75	65	0
675	58.9115	59.0611	G3	69	62	0
676	59.0371	59.1786	B3	79	56	0
677	59.1973	59.3122	F3	63	60	0
678	59.3002	59.3509	D3	68	66	0
679	59.3896	59.4951	G2	68	63	0
680	59.4337	60.844	C2	88	39	0
681	59.5846	59.6287	G2	43	66	0
682	59.6701	59.7502	C3	73	56	0
683	59.7609	59.8076	E3	73	66	0
684	59.845	59.9131	B3	72	63	0
685	59.9252	60.0026	G3	79	63	0
686	60.0133	60.0974	C4	76	60	0
687	60.0961	60.1442	E4	78	65	0
688	60.1856	60.2457	B4	77	61	0
689	60.2684	60.3458	G4	73	62	0
690	60.3485	60.4353	C5	76	61	0
691	60.4286	60.4901	E5	76	64	0
692	60.5261	60.5742	B5	72	60	0
693	60.6036	60.6824	G5	74	67	0
694	60.6971	60.8012	C6	80	54	0
695	60.7812	60.9682	E6	77	62	0
696	60.848	62.3891	F1	57	29	0
697	60.8707	62.3143	F2	47	38	0
698	60.9722	61.0603	B6	86	60	0
699	61.1151	61.1792	E6	55	61	0
700	61.1885	61.2272	C6	73	67	0
701	61.2766	61.314	F5	64	66	0
702	61.3448	61.4369	B5	85	61	0
703	61.4382	61.5371	E5	74	63	0
704	61.5291	61.5758	C5	76	63	0
705	61.6065	61.688	F4	69	55	0
706	61.708	61.7921	B4	85	48	0
707	61.8242	61.9364	E4	65	59	0
708	61.931	61.9804	C4	68	64	0
709	62.0472	62.1313	F3	61	54	0
710	62.1741	62.2622	A3	66	60	0
711	62.2823	62.3797	E3	65	62	0
712	62.3664	62.4171	C3	72	66	0
713	62.4612	62.5413	F2	66	62	0
714	62.5213	63.7312	B1	83	39	0
715	62.6575	62.7043	F2	56	64	0
716	62.7336	62.8044	B2	68	58	0
717	62.8191	62.8578	D3	70	65	0
718	62.8966	62.9513	A3	68	66	0
719	62.9767	63.0181	F3	76	68	0
720	63.0542	63.141	B3	74	63	0
721	63.141	63.1904	D4	76	65	0
722	63.2331	63.2772	A4	72	60	0
723	63.3106	63.356	F4	71	67	0
724	63.3907	63.4615	B4	74	60	0
725	63.4615	63.4989	D5	73	66	0
726	63.5536	63.595	A5	62	69	0
727	63.6191	63.7032	F5	76	61	0
728	63.7299	63.8034	B5	48	53	0
729	63.7433	63.7913	C6	50	51	0
730	63.786	63.8781	D6	75	65	0
731	63.8461	64.0451	E1	64	52	0
732	63.8568	64.5886	E2	50	48	0
733	63.8848	63.9703	G6	86	63	0
734	63.977	64.0624	D6	75	64	0
735	64.0704	64.1105	B5	62	65	0
736	64.1332	64.18	E5	62	61	0
737	64.228	64.3202	G5	80	61	0
738	64.3282	64.4511	D5	64	61	0
739	64.3856	64.4764	B4	72	60	0
740	64.4831	64.5712	E4	71	64	0
741	64.5873	65.2724	A1	74	65	0
742	64.5873	64.825	A2	69	56	0
743	64.5873	64.7021	A4	74	62	0
744	64.6848	64.7422	C5	76	64	0
745	64.7849	64.825	G5	71	65	0
746	64.853	64.9238	E5	80	65	0
747	64.9465	65.0373	A5	75	63	0
748	65.0079	65.0734	C6	83	65	0
749	65.1001	65.1816	G6	89	64	0
750	65.1776	65.3164	E6	91	60	0
751	65.3018	66.0176	D2	94	63	0
752	65.3071	65.3765	D1	87	62	0
753	65.3071	65.4246	F6	88	61	0
754	65.4219	65.5315	C6	76	62	0
755	65.5194	65.5769	A5	74	60	0
756	65.6049	65.653	D5	68	59	0
757	65.7144	65.8106	F5	80	62	0
758	65.8012	65.9	C5	78	61	0
759	65.8707	65.9334	A4	79	63	0
760	65.9561	66.0282	D4	75	64	0
761	66.0403	66.1711	G2	96	60	0
762	66.0443	66.7668	G1	90	64	0
763	66.0483	66.1631	G4	78	61	0
764	66.1444	66.2032	B4	81	64	0
765	66.2433	66.2873	F5	79	61	0
766	66.318	66.3808	D5	80	66	0
767	66.4022	66.513	G5	81	65	0
768	66.485	66.5437	B5	80	65	0
769	66.5691	66.6759	F6	96	58	0
770	66.6573	66.7494	D6	85	56	0
771	66.692	66.724	C6	63	39	0
772	66.8001	66.9511	E6	88	62	0
773	66.8001	66.911	C2	98	61	0
774	66.8055	66.8536	C1	91	63	0
775	66.9644	67.0672	B5	63	63	0
776	67.0566	67.1207	G5	77	65	0
777	67.126	67.1861	C5	77	60	0
778	67.2368	67.341	E5	86	60	0
779	67.3156	67.4158	B4	75	61	0
780	67.3784	67.4719	G4	75	63	0
781	67.4732	67.524	C4	58	66	0
782	67.5333	68.0301	F2	98	64	0
783	67.5413	67.6081	F1	85	59	0
784	67.552	67.6869	F4	85	61	0
785	67.6589	67.7256	A4	75	65	0
786	67.759	67.8298	E5	79	64	0
787	67.8391	67.8992	C5	80	65	0
788	67.9153	68.0234	F5	80	65	0
789	67.99	68.0501	A5	81	65	0
790	68.0809	68.1824	E6	93	52	0
791	68.1597	68.3667	C6	86	61	0
792	68.181	68.2051	B5	64	63	0
793	68.3186	68.9182	B2	86	49	0
794	68.3212	69.0371	B1	80	41	0
795	68.3373	68.5202	D6	86	63	0
796	68.5282	68.6271	A5	65	64	0
797	68.6204	68.6738	F5	72	65	0
798	68.7112	68.7526	B4	63	63	0
799	68.798	68.8902	D5	88	61	0
800	68.8781	68.977	A4	70	62	0
801	68.9382	69.0023	F4	79	64	0
802	69.0317	69.0731	B3	74	62	0
803	69.1105	69.208	D4	91	63	0
804	69.184	69.2801	A3	71	64	0
805	69.2507	69.3108	F3	87	64	0
806	69.3335	69.3856	B2	100	66	0
807	69.419	70.5822	B1	95	60	0
808	69.8263	70.3792	B2	98	59	0
809	69.9572	70.06	Eb6	95	64	0
810	70.024	70.1241	A5	57	64	0
811	70.1161	70.1575	F#5	74	65	0
812	70.1882	70.235	B4	65	58	0
813	70.267	70.3792	Eb5	90	63	0
814	70.3512	70.462	A4	74	62	0
815	70.4246	70.4941	F#4	80	64	0
816	70.5181	70.6129	B3	72	60	0
817	70.5982	70.7144	Eb4	86	64	0
818	70.6877	70.7959	A3	72	64	0
819	70.7531	70.8293	F#3	83	63	0
820	70.8386	70.8907	B2	103	65	0
821	70.9267	70.9695	B1	100	67	0
822	71.5851	74.033	E2	98	33	0
823	71.5891	74.216	E1	93	51	0
824	71.7227	71.8082	F1	24	42	0
825	71.8015	71.8829	B2	73	55	0
826	71.927	72.0485	E3	74	68	0
827	72.0432	72.1153	G#3	78	65	0
828	72.1621	72.2088	E4	62	65	0
829	72.2328	72.2863	B3	74	63	0
830	72.309	72.4118	E4	77	64	0
831	72.4024	72.4599	G#4	81	65	0
832	72.4933	72.548	E5	73	58	0
833	72.56	72.6321	B4	76	60	0
834	72.6442	72.735	E5	82	67	0
835	72.7283	72.779	G#5	86	66	0
836	72.8138	72.8872	E6	83	60	0
837	72.8859	72.97	B5	69	65	0
838	72.9754	73.0942	E6	78	64	0
839	73.0595	73.201	G#6	91	64	0
840	73.1824	73.2985	E7	102	61	0
841	73.3212	73.4401	G#6	63	63	0
842	73.4281	73.4935	E6	78	62	0
843	73.5216	73.6404	B5	62	61	0
844	73.611	73.7152	E6	89	61	0
845	73.7099	73.8167	G#5	77	64	0
846	73.7887	73.8501	E5	80	65	0
847	73.8808	73.9369	B4	70	80	0
848	73.9676	74.0598	E5	91	60	0
849	74.0731	74.1826	G#4	80	63	0
850	74.1613	74.2414	E4	76	65	0
851	74.2561	74.3696	B3	82	80	0
852	74.3936	74.5953	F4	83	62	0
853	74.411	74.5165	D2	92	59	0
854	74.4123	74.4951	D1	87	53	0
855	74.5833	74.7529	B3	87	63	0
856	74.7181	74.9078	G3	84	61	0
857	74.8397	74.9652	D3	91	63	0
858	75.06	76.6092	C2	94	34	0
859	75.0627	75.4086	C1	93	80	0
860	75.3258	75.45	C3	74	58	0
861	75.4446	75.8373	C1	25	42	0
862	75.4513	75.5715	G3	77	65	0
863	75.5782	75.685	C4	71	63	0
864	75.6864	75.7491	E4	76	64	0
865	75.7798	75.8399	C4	71	65	0
866	75.8533	75.9401	G4	80	63	0
867	75.9441	76.0095	C5	75	64	0
868	76.0202	76.071	E5	76	62	0
869	76.1017	76.1725	C5	77	65	0
870	76.1791	76.2566	G5	81	64	0
871	76.2579	76.3207	C6	78	66	0
872	76.3421	76.4102	E6	83	65	0
873	76.4262	76.5117	C6	85	65	0
874	76.509	76.6412	G6	85	64	0
875	76.5971	76.7814	C7	91	64	0
876	76.7374	76.8041	C3	99	65	0
877	76.7708	76.9163	E7	90	63	0
878	76.9137	77.0098	C7	80	63	0
879	77.0178	77.0819	G6	75	63	0
880	77.0939	77.1407	C6	67	63	0
881	77.1928	77.2876	E6	89	59	0
882	77.2742	77.3731	C6	76	62	0
883	77.3584	77.4278	G5	77	67	0
884	77.4291	77.4892	C5	81	61	0
885	77.5413	77.6201	E5	87	58	0
886	77.6201	77.7216	C5	81	63	0
887	77.6989	77.7657	G4	77	65	0
888	77.775	77.8325	C4	83	63	0
889	77.8899	77.9834	E4	78	61	0
890	77.9553	78.0768	C4	82	65	0
891	78.0354	78.189	G3	77	60	0
892	78.1223	78.2451	C3	87	64	0
893	78.2464	79.3175	F2	90	43	0
894	78.2491	79.845	F1	88	41	0
895	78.4401	78.4948	C3	67	59	0
896	78.571	78.7018	A3	70	63	0
897	78.6818	78.7446	C4	69	62	0
898	78.79	78.826	F4	67	66	0
899	78.8661	78.9115	C4	75	59	0
900	78.9462	79.0411	A4	73	60	0
901	79.021	79.0865	C5	73	64	0
902	79.1332	79.1679	F5	61	67	0
903	79.2	79.24	C5	74	63	0
904	79.2654	79.3629	A5	79	63	0
905	79.3429	79.4003	C6	80	64	0
906	79.435	79.4751	F6	80	67	0
907	79.5111	79.6113	C6	81	59	0
908	79.5792	79.7101	A6	83	64	0
909	79.6767	79.8717	C7	87	58	0
910	79.7862	81.2219	F#1	85	40	0
911	79.7862	81.2352	F#2	96	37	0
912	79.8664	79.9866	E7	93	65	0
913	79.9839	80.0747	C7	82	64	0
914	80.08	80.1201	A6	72	64	0
915	80.1455	80.1896	C6	72	65	0
916	80.239	80.3418	E6	91	61	0
917	80.3124	80.4273	C6	70	63	0
918	80.4126	80.454	A5	73	66	0
919	80.4767	80.5181	C5	72	66	0
920	80.5702	80.701	E5	97	58	0
921	80.685	80.7825	C5	76	63	0
922	80.7852	80.8479	A4	70	62	0
923	80.864	80.9241	C4	59	63	0
924	80.9842	81.1391	D4	86	59	0
925	81.115	81.2299	C4	64	62	0
926	81.2192	81.3087	A3	66	55	0
927	81.2953	81.4062	C3	69	62	0
928	81.4249	81.7948	G2	84	35	0
929	81.4262	82.1233	G1	81	40	0
930	81.5531	81.6239	B2	53	64	0
931	81.6359	81.74	G3	65	61	0
932	81.728	81.8202	B3	63	64	0
933	81.8322	81.8976	D4	70	65	0
934	81.931	82.0031	B3	71	49	0
935	82.0191	82.1126	G4	76	61	0
936	82.1126	82.1981	B4	65	63	0
937	82.2008	82.4078	F#2	85	65	0
938	82.2021	82.5213	F#1	80	34	0
939	82.2088	82.2582	D5	67	62	0
940	82.3063	82.3784	B4	70	50	0
941	82.3864	82.4959	G5	80	64	0
942	82.4665	82.568	B5	77	64	0
943	82.564	82.8845	E1	91	42	0
944	82.5667	82.6575	E2	93	63	0
945	82.58	82.6321	D6	73	63	0
946	82.6842	82.7537	B5	82	54	0
947	82.775	82.9233	G6	83	63	0
948	82.8712	83.0621	A6	88	51	0
949	82.986	83.1089	D2	95	62	0
950	82.9927	83.0555	D1	89	62	0
951	83.0501	83.0662	Eb1	24	44	0
952	83.0621	83.181	D7	97	63	0
953	83.1837	83.2892	A6	80	63	0
954	83.2651	83.3333	F#6	79	65	0
955	83.3506	83.376	C6	62	65	0
956	83.4267	83.5296	D6	89	61	0
957	83.5082	83.5963	A5	77	61	0
958	83.575	83.6457	F#5	82	64	0
959	83.6551	83.6992	C5	68	66	0
960	83.7539	83.8541	D5	91	58	0
961	83.8327	83.9342	A4	71	61	0
962	83.9048	83.9743	F#4	80	64	0
963	83.9796	84.0237	C4	67	65	0
964	84.0784	84.1826	D4	81	63	0
965	84.1506	84.232	A3	81	63	0
966	84.2213	84.3001	F#3	85	61	0
967	84.2814	84.3402	C3	87	65	0
968	84.3803	87.2983	G2	100	40	0
969	84.3843	87.0806	G1	92	59	0
970	84.5953	84.6928	C3	61	63	0
971	84.6981	84.8223	F3	70	63	0
972	84.7969	84.8597	G#3	80	66	0
973	84.8851	84.9412	D4	71	65	0
974	84.9719	85.0453	C4	79	63	0
975	85.0507	85.1455	F4	69	63	0
976	85.1335	85.1882	G#4	81	65	0
977	85.2123	85.259	D5	66	61	0
978	85.2804	85.3712	C5	81	53	0
979	85.3672	85.442	F5	81	64	0
980	85.4339	85.4834	G#5	84	67	0
981	85.5087	85.5715	D6	79	67	0
982	85.5822	85.7131	C6	84	56	0
983	85.6717	85.7999	F6	85	63	0
984	85.7491	85.908	G#6	88	63	0
985	85.876	85.9908	D7	100	56	0
986	86.0229	86.1204	G6	74	64	0
987	86.1137	86.1711	F6	78	62	0
988	86.2032	86.2419	B5	55	65	0
989	86.274	86.3795	D6	86	63	0
990	86.3701	86.4449	G5	66	63	0
991	86.4502	86.509	F5	78	67	0
992	86.537	86.5798	B4	58	63	0
993	86.6172	86.736	D5	91	61	0
994	86.72	86.8282	G4	74	63	0
995	86.8162	86.8909	F4	78	64	0
996	86.907	87.0432	B3	66	63	0
997	87.0312	87.138	Eb4	81	65	0
998	87.158	87.2675	G3	75	64	0
999	87.2622	87.3637	F3	78	64	0
1000	87.3437	87.4078	B2	91	64	0
1001	87.4932	89.8063	C2	83	41	0
1002	87.4946	87.568	C3	88	65	0
1003	87.6869	87.7603	C3	82	63	0
1004	87.8031	87.9059	G3	73	62	0
1005	87.8832	87.9713	C4	73	63	0
1006	87.974	88.0288	E4	81	61	0
1007	88.0167	89.7569	C3	57	42	0
1008	88.0621	88.1249	C4	76	57	0
1009	88.1409	88.2024	D4	18	55	0
1010	88.1556	88.2331	G4	62	62	0
1011	88.1863	88.2331	A4	34	55	0
1012	88.2251	88.2999	C5	76	64	0
1013	88.3025	88.368	E5	81	63	0
1014	88.388	88.4708	C5	73	63	0
1015	88.4641	88.5483	G5	73	65	0
1016	88.5442	88.607	C6	79	64	0
1017	88.6137	88.6751	E6	80	59	0
1018	88.7085	88.786	C6	79	63	0
1019	88.786	88.9115	G6	81	64	0
1020	88.8728	88.985	C7	83	64	0
1021	88.9649	89.0945	E7	95	60	0
1022	89.0918	89.192	C7	75	64	0
1023	89.2	89.2627	G6	74	62	0
1024	89.2961	89.3282	C6	65	66	0
1025	89.3736	89.4564	E6	90	59	0
1026	89.443	89.5432	C6	61	63	0
1027	89.5432	89.6046	G5	76	64	0
1028	89.63	89.6714	C5	68	66	0
1029	89.7261	89.8103	E5	86	62	0
1030	89.7862	89.8957	C5	55	63	0
1031	89.873	89.9385	G4	78	64	0
1032	89.9625	90.0053	C4	71	64	0
1033	90.0573	90.1388	E4	84	61	0
1034	90.1188	90.2483	C4	68	64	0
1035	90.1962	90.3004	G3	78	66	0
1036	90.2884	90.4099	C3	85	58	0
1037	90.3859	92.568	A2	91	35	0
1038	90.3925	92.8097	A1	88	42	0
1039	90.5581	90.6062	C3	64	66	0
1040	90.6369	90.7358	F3	75	63	0
1041	90.7384	90.8172	C4	78	62	0
1042	90.8279	90.908	F4	74	57	0
1043	90.9187	90.9548	B3	44	56	0
1044	90.92	90.9481	C4	70	65	0
1045	90.9842	91.0736	F4	71	61	0
1046	91.0816	91.1351	C5	77	62	0
1047	91.1618	91.2072	F5	71	54	0
1048	91.2259	91.2806	C5	75	65	0
1049	91.2993	91.3861	F5	75	65	0
1050	91.3901	91.4342	C6	82	62	0
1051	91.4609	91.5223	F6	85	41	0
1052	91.545	91.5838	C6	77	67	0
1053	91.6172	91.712	F6	84	64	0
1054	91.708	91.7868	C7	92	64	0
1055	91.7761	91.8482	E7	97	65	0
1056	91.8575	91.9484	C7	76	64	0
1057	91.935	92.0031	F#6	84	63	0
1058	92.0445	92.0752	C6	53	61	0
1059	92.1086	92.1914	E6	93	59	0
1060	92.1901	92.2809	C6	66	64	0
1061	92.2782	92.3103	F#5	83	69	0
1062	92.357	92.3917	C5	70	67	0
1063	92.4492	92.564	Eb5	82	61	0
1064	92.4932	92.548	B4	18	31	0
1065	92.552	92.6361	C5	56	64	0
1066	92.6348	92.7122	F#4	75	61	0
1067	92.7296	92.7964	C4	69	62	0
1068	92.7937	92.8538	G#2	93	64	0
1069	92.795	92.8485	G#1	84	65	0
1070	92.8485	92.9994	Eb4	78	59	0
1071	92.9793	93.1035	C4	63	60	0
1072	93.1075	93.2331	F#3	72	63	0
1073	93.2317	93.3119	C3	74	64	0
1074	93.3533	95.482	G2	87	43	0
1075	93.3546	95.4673	G1	87	39	0
1076	93.4508	93.4975	C3	71	66	0
1077	93.5162	93.6083	G3	59	61	0
1078	93.6017	93.6978	C4	69	63	0
1079	93.6911	93.7766	D4	71	64	0
1080	93.794	93.8661	C4	74	51	0
1081	93.8648	93.9542	G4	78	63	0
1082	93.9582	94.033	C5	75	63	0
1083	94.0263	94.0945	D5	77	65	0
1084	94.1158	94.2013	C5	75	62	0
1085	94.1919	94.2721	G5	81	66	0
1086	94.2747	94.3348	C6	80	65	0
1087	94.3442	94.4136	D6	74	66	0
1088	94.439	94.5312	C6	81	60	0
1089	94.5071	94.5939	G6	83	63	0
1090	94.5846	94.6821	C7	80	65	0
1091	94.6741	94.7702	D7	94	63	0
1092	94.7715	94.8717	B6	77	64	0
1093	94.857	94.9251	G6	73	64	0
1094	94.9505	94.9906	B5	66	64	0
1095	95.036	95.1415	D6	89	63	0
1096	95.0961	95.2136	B5	62	63	0
1097	95.2002	95.2617	G5	73	65	0
1098	95.287	95.3204	B4	61	65	0
1099	95.3685	95.47	D5	88	56	0
1100	95.45	95.5648	B4	62	62	0
1101	95.5434	95.6102	G4	75	65	0
1102	95.6276	95.673	B3	63	66	0
1103	95.7357	95.8466	D4	89	60	0
1104	95.8199	96.1858	B3	70	23	0
1105	95.912	96.0977	G3	64	58	0
1106	96.0028	96.099	B2	77	62	0
1107	96.1551	97.5186	F#1	79	59	0
1108	96.1551	97.3463	F#2	86	50	0
1109	96.2713	96.3274	C3	63	50	0
1110	96.3541	96.4409	A3	67	61	0
1111	96.4449	96.525	C4	66	63	0
1112	96.525	96.5971	D4	71	63	0
1113	96.6185	96.6879	C4	69	56	0
1114	96.7093	96.7894	A4	79	61	0
1115	96.7881	96.8615	C5	72	65	0
1116	96.8736	96.935	D5	66	61	0
1117	96.9671	97.0111	C5	74	59	0
1118	97.0338	97.118	A5	79	63	0
1119	97.1099	97.1914	C6	76	62	0
1120	97.1927	97.2502	D6	76	68	0
1121	97.2836	97.3543	C6	78	58	0
1122	97.357	97.4171	A6	78	62	0
1123	97.4291	97.544	C7	75	65	0
1124	97.5052	98.583	F2	80	54	0
1125	97.5093	98.9689	F1	76	34	0
1126	97.54	97.6869	Eb7	85	63	0
1127	97.6094	97.747	C7	72	64	0
1128	97.7323	97.767	A6	64	65	0
1129	97.8191	97.8525	C6	51	59	0
1130	97.9005	97.998	D6	82	58	0
1131	97.9606	98.0742	C6	63	63	0
1132	98.0501	98.0822	A5	60	66	0
1133	98.1262	98.165	C5	71	66	0
1134	98.2211	98.3332	Eb5	77	58	0
1135	98.2812	98.3226	C#5	39	58	0
1136	98.2812	98.424	B4	55	63	0
1137	98.38	98.4441	A4	67	62	0
1138	98.4935	98.5629	B3	76	62	0
1139	98.619	98.7539	Eb4	74	59	0
1140	98.7098	98.834	B3	70	64	0
1141	98.7913	98.8487	A3	69	64	0
1142	98.9262	99.0397	B2	71	60	0
1143	99.0664	100.546	E2	72	41	0
1144	99.0691	99.7662	E1	69	56	0
1145	99.22	99.2681	B2	60	60	0
1146	99.3615	99.4564	G#3	62	63	0
1147	99.4564	99.5151	B3	68	60	0
1148	99.5512	99.5926	E4	73	64	0
1149	99.638	99.6834	B3	73	66	0
1150	99.7315	99.8129	G#4	66	61	0
1151	99.8023	99.853	B4	70	61	0
1152	99.8957	99.9358	E5	64	66	0
1153	99.9678	99.9972	B4	76	65	0
1154	100.052	100.119	G#5	68	61	0
1155	100.12	100.159	B5	67	65	0
1156	100.211	100.24	E6	68	66	0
1157	100.259	100.322	B5	60	60	0
1158	100.364	100.487	G#6	72	52	0
1159	100.477	100.606	B6	65	59	0
1160	100.553	100.61	E3	66	66	0
1161	100.634	100.729	E7	82	61	0
1162	100.765	100.821	B6	59	65	0
1163	100.829	100.869	G#6	65	66	0
1164	100.928	100.964	B5	57	65	0
1165	100.992	101.08	E6	82	62	0
1166	101.072	101.155	B5	64	63	0
1167	101.151	101.186	G#5	79	67	0
1168	101.29	101.342	B4	28	43	0
1169	101.314	101.403	E5	84	63	0
1170	101.429	101.466	B4	52	53	0
1171	101.488	101.517	G#4	74	67	0
1172	101.576	101.605	B3	59	63	0
1173	101.649	101.752	E4	81	60	0
1174	101.732	101.827	B3	75	63	0
1175	101.821	101.872	G#3	84	63	0
1176	101.915	101.986	B2	77	64	0
1177	101.999	103.504	D2	101	29	0
1178	102.266	102.322	D3	63	67	0
1179	102.35	102.461	A3	69	62	0
1180	102.436	102.513	C4	77	64	0
1181	102.544	102.613	F4	70	64	0
1182	102.625	102.716	D4	82	64	0
1183	102.72	102.816	A4	74	62	0
1184	102.799	102.863	C5	76	65	0
1185	102.899	102.943	F5	72	65	0
1186	102.973	103.042	D5	77	63	0
1187	103.053	103.157	A5	77	64	0
1188	103.133	103.192	C6	80	65	0
1189	103.232	103.29	F6	80	63	0
1190	103.305	103.379	D6	76	65	0
1191	103.384	103.51	A6	85	64	0
1192	103.464	103.631	C7	87	65	0
1193	103.53	104.459	G1	89	27	0
1194	103.532	104.769	G2	80	39	0
1195	103.622	103.758	F7	102	64	0
1196	103.758	103.89	B6	81	64	0
1197	103.866	103.929	G6	83	64	0
1198	103.95	104.012	D6	70	61	0
1199	104.036	104.125	F6	91	63	0
1200	104.121	104.232	B5	74	60	0
1201	104.204	104.263	G5	80	66	0
1202	104.276	104.321	D5	78	57	0
1203	104.372	104.466	F5	90	61	0
1204	104.455	104.571	B4	82	59	0
1205	104.545	104.606	G4	80	63	0
1206	104.619	104.686	D4	81	64	0
1207	104.73	104.849	F4	95	61	0
1208	104.825	104.937	B3	86	56	0
1209	104.921	105.067	G3	87	62	0
1210	105.005	105.116	D3	95	62	0
1211	105.136	108.071	C2	96	62	0
1212	105.296	105.359	C3	72	59	0
1213	105.41	105.505	G3	72	60	0
1214	105.501	105.583	C4	67	64	0
1215	105.588	105.64	E4	73	64	0
1216	105.685	105.741	C4	76	60	0
1217	105.762	105.849	G4	80	64	0
1218	105.855	105.924	C5	77	64	0
1219	105.924	105.956	E5	83	71	0
1220	106.016	106.056	C5	69	64	0
1221	106.09	106.207	Bb5	80	61	0
1222	106.17	106.321	C6	82	50	0
1223	106.286	106.413	G6	95	63	0
1224	106.386	106.512	C6	52	60	0
1225	106.489	106.593	Bb5	74	64	0
1226	106.581	106.655	E5	66	64	0
1227	106.636	107.763	C3	92	50	0
1228	106.749	106.888	F#6	93	64	0
1229	106.866	106.974	C6	66	61	0
1230	106.96	107.007	A5	65	64	0
1231	107.047	107.091	Eb5	70	62	0
1232	107.158	107.266	F#5	85	63	0
1233	107.257	107.376	C5	75	62	0
1234	107.336	107.409	A4	74	63	0
1235	107.432	107.465	Eb4	49	61	0
1236	107.517	107.635	F5	87	58	0
1237	107.625	107.731	B4	75	61	0
1238	107.73	107.78	G#4	77	60	0
1239	107.78	107.847	D4	75	64	0
1240	107.907	107.966	F4	58	64	0
1241	107.915	107.998	E4	76	63	0
1242	107.963	108.027	B3	67	64	0
1243	107.974	108.047	A3	69	62	0
1244	108.063	108.14	G3	71	64	0
1245	108.098	108.181	D3	84	64	0
1246	108.194	109.299	C2	97	38	0
1247	108.301	108.36	C3	79	64	0
1248	108.384	108.48	G3	55	63	0
1249	108.472	108.564	C4	74	63	0
1250	108.566	108.622	E4	77	63	0
1251	108.651	108.727	C4	76	63	0
1252	108.734	108.826	G4	77	62	0
1253	108.822	108.902	C5	74	64	0
1254	108.906	108.966	E5	82	65	0
1255	108.986	109.065	C5	77	64	0
1256	109.066	109.169	G5	82	64	0
1257	109.147	109.243	C6	82	62	0
1258	109.224	109.344	E6	98	59	0
1259	109.348	109.436	C6	73	64	0
1260	109.435	109.577	G5	66	61	0
1261	109.516	109.563	C5	73	63	0
1262	109.57	110.765	G1	82	40	0
1263	109.57	110.836	G2	86	57	0
1264	109.675	109.814	Eb6	94	63	0
1265	109.782	109.894	A5	66	62	0
1266	109.878	109.925	F#5	74	59	0
1267	109.981	110.009	C5	57	62	0
1268	110.067	110.186	Eb5	87	62	0
1269	110.133	110.219	Bb4	66	63	0
1270	110.234	110.367	F#4	74	58	0
1271	110.243	110.283	A4	38	53	0
1272	110.307	110.363	C4	71	55	0
1273	110.419	110.531	D5	86	62	0
1274	110.497	110.629	G#4	75	63	0
1275	110.592	110.648	F4	72	63	0
1276	110.674	110.742	B3	71	80	0
1277	110.769	110.884	D4	92	63	0
1278	110.853	110.975	G#3	82	65	0
1279	110.932	111.071	F3	82	65	0
1280	111.015	111.11	B2	92	64	0
1281	111.103	114.069	G2	95	50	0
1282	111.107	114.016	G1	92	37	0
1283	111.263	111.317	Bb2	68	65	0
1284	111.338	111.423	E3	60	65	0
1285	111.426	111.492	G3	66	64	0
1286	111.517	111.569	C#4	72	60	0
1287	111.645	111.699	Bb3	58	64	0
1288	111.736	111.815	E4	65	63	0
1289	111.815	111.863	G4	68	64	0
1290	111.896	111.943	C#5	77	62	0
1291	112.002	112.071	Bb4	64	61	0
1292	112.077	112.159	E5	74	63	0
1293	112.15	112.214	G5	77	64	0
1294	112.233	112.27	C#6	86	60	0
1295	112.346	112.424	Bb5	64	62	0
1296	112.421	112.533	E6	60	64	0
1297	112.5	112.624	G6	73	66	0
1298	112.619	112.795	C#7	96	63	0
1299	112.774	112.879	F#6	73	64	0
1300	112.887	112.933	Eb6	68	64	0
1301	112.969	113.014	A5	57	64	0
1302	113.055	113.169	C#6	91	65	0
1303	113.144	113.248	F#5	78	63	0
1304	113.24	113.293	Eb5	73	63	0
1305	113.311	113.363	A4	70	61	0
1306	113.408	113.556	C#5	98	61	0
1307	113.531	113.647	F#4	70	65	0
1308	113.638	113.739	Eb4	68	64	0
1309	113.741	113.782	A3	63	62	0
1310	113.878	114.013	C5	85	55	0
1311	113.996	114.129	F#4	74	64	0
1312	114.081	114.176	Eb4	78	64	0
1313	114.155	114.221	A3	75	66	0
1314	114.197	114.244	B3	30	50	0
1315	114.225	116.625	G2	94	43	0
1316	114.233	116.775	G1	88	32	0
1317	114.35	114.384	G#3	65	67	0
1318	114.404	114.514	D4	72	66	0
1319	114.479	114.543	F4	77	64	0
1320	114.561	114.654	C5	92	62	0
1321	114.69	114.729	G#4	67	65	0
1322	114.754	114.865	D5	77	65	0
1323	114.837	114.893	F5	79	67	0
1324	114.905	114.956	C6	96	68	0
1325	115.032	115.092	G#5	66	65	0
1326	115.104	115.236	D6	75	64	0
1327	115.203	115.318	F6	83	66	0
1328	115.299	115.414	C7	101	64	0
1329	115.405	115.501	F6	84	63	0
1330	115.49	115.645	D6	80	54	0
1331	115.585	115.624	G#5	80	65	0
1332	115.75	115.916	B6	97	63	0
1333	115.915	116.02	F6	79	62	0
1334	116.011	116.056	D6	74	62	0
1335	116.087	116.134	G5	69	60	0
1336	116.179	116.293	B5	89	62	0
1337	116.281	116.381	F5	74	63	0
1338	116.351	116.414	D5	78	63	0
1339	116.44	116.474	G4	69	64	0
1340	116.518	116.629	B4	91	60	0
1341	116.601	116.729	F4	75	64	0
1342	116.689	116.76	D4	80	66	0
1343	116.773	116.832	G3	80	63	0
1344	116.876	116.991	B3	95	62	0
1345	116.968	117.138	F3	84	63	0
1346	117.057	117.213	D3	85	64	0
1347	117.147	117.247	G2	96	64	0
1348	117.302	120.247	C2	96	34	0
1349	117.305	120.263	C1	91	34	0
1350	117.525	117.587	G2	72	54	0
1351	117.647	117.807	E3	73	64	0
1352	117.767	117.859	G3	73	64	0
1353	117.887	117.945	C4	77	62	0
1354	117.981	118.026	G3	74	57	0
1355	118.07	118.165	E4	74	60	0
1356	118.145	118.217	G4	67	64	0
1357	118.254	118.29	C5	75	68	0
1358	118.335	118.373	G4	71	61	0
1359	118.393	118.484	E5	80	64	0
1360	118.469	118.528	G5	79	66	0
1361	118.564	118.604	C6	82	64	0
1362	118.644	118.716	G5	78	64	0
1363	118.723	118.853	E6	81	63	0
1364	118.798	118.949	G6	86	63	0
1365	118.929	119.086	C7	97	62	0
1366	119.078	119.197	G6	80	63	0
1367	119.175	119.249	E6	72	63	0
1368	119.257	119.297	G5	72	65	0
1369	119.359	119.463	C6	91	63	0
1370	119.456	119.557	G5	70	64	0
1371	119.528	119.59	E5	76	65	0
1372	119.615	119.695	G4	68	62	0
1373	119.71	119.814	C5	88	65	0
1374	119.81	119.925	G4	75	62	0
1375	119.892	119.957	E4	80	65	0
1376	119.984	120.092	G3	80	64	0
1377	120.084	120.219	C4	83	62	0
1378	120.187	120.319	G3	82	63	0
1379	120.284	120.367	E3	82	66	0
1380	120.422	120.477	G2	95	64	0
1381	120.633	120.694	C2	97	66	0
1382	120.637	120.694	C1	94	67	0
#SusPed	0.206998	15	0
#SusPed	0.405983	31	0
#SusPed	0.604967	46	0
#SusPed	0.803952	63	0
#SusPed	1.00294	77	0
#SusPed	1.20192	94	0
#SusPed	1.40091	108	0
#SusPed	1.59989	127	0
#SusPed	5.1696	114	0
#SusPed	5.18963	92	0
#SusPed	5.20966	75	0
#SusPed	5.2297	53	0
#SusPed	5.24839	0	0
#SusPed	5.48611	35	0
#SusPed	5.50614	60	0
#SusPed	5.52617	69	0
#SusPed	5.5462	80	0
#SusPed	5.5649	127	0
#SusPed	6.67334	96	0
#SusPed	6.69337	65	0
#SusPed	6.7134	0	0
#SusPed	6.7735	35	0
#SusPed	6.79219	63	0
#SusPed	6.81223	71	0
#SusPed	6.83226	81	0
#SusPed	6.85363	91	0
#SusPed	6.87232	98	0
#SusPed	6.89235	119	0
#SusPed	6.91239	127	0
#SusPed	7.79246	101	0
#SusPed	7.81249	74	0
#SusPed	7.83252	57	0
#SusPed	7.85122	39	0
#SusPed	7.89128	43	0
#SusPed	7.91265	55	0
#SusPed	7.93268	63	0
#SusPed	7.95272	69	0
#SusPed	7.97141	78	0
#SusPed	7.99145	87	0
#SusPed	8.01014	94	0
#SusPed	8.03017	102	0
#SusPed	8.05021	111	0
#SusPed	8.07024	127	0
#SusPed	8.32798	111	0
#SusPed	8.34668	98	0
#SusPed	8.36671	89	0
#SusPed	8.38674	82	0
#SusPed	8.40544	76	0
#SusPed	8.42547	69	0
#SusPed	8.4455	63	0
#SusPed	8.46554	57	0
#SusPed	8.48557	50	0
#SusPed	8.50427	35	0
#SusPed	8.5243	0	0
#SusPed	8.60309	30	0
#SusPed	8.62312	56	0
#SusPed	8.64315	65	0
#SusPed	8.67253	72	0
#SusPed	8.69257	84	0
#SusPed	8.7126	100	0
#SusPed	8.73263	127	0
#SusPed	9.05181	100	0
#SusPed	9.0705	76	0
#SusPed	9.09054	59	0
#SusPed	9.11057	43	0
#SusPed	9.1306	44	0
#SusPed	9.15063	57	0
#SusPed	9.16933	67	0
#SusPed	9.18936	77	0
#SusPed	9.20939	97	0
#SusPed	9.22942	127	0
#SusPed	9.7142	86	0
#SusPed	9.73423	37	0
#SusPed	9.75426	0	0
#SusPed	9.87179	61	0
#SusPed	9.89182	127	0
#SusPed	11.0897	111	0
#SusPed	11.1111	74	0
#SusPed	11.1311	46	0
#SusPed	11.1512	0	0
#SusPed	11.4076	48	0
#SusPed	11.4276	76	0
#SusPed	11.4463	114	0
#SusPed	11.4663	127	0
#SusPed	12.4866	108	0
#SusPed	12.5067	71	0
#SusPed	12.5267	44	0
#SusPed	12.5454	0	0
#SusPed	12.5654	33	0
#SusPed	12.5855	55	0
#SusPed	12.6042	70	0
#SusPed	12.6242	82	0
#SusPed	12.6442	107	0
#SusPed	12.6749	127	0
#SusPed	13.6445	109	0
#SusPed	13.6752	75	0
#SusPed	13.6952	56	0
#SusPed	13.7139	45	0
#SusPed	13.734	53	0
#SusPed	13.754	63	0
#SusPed	13.774	75	0
#SusPed	13.7941	94	0
#SusPed	13.8128	127	0
#SusPed	14.2281	119	0
#SusPed	14.2481	88	0
#SusPed	14.2681	62	0
#SusPed	14.2882	0	0
#SusPed	14.4671	64	0
#SusPed	14.4872	81	0
#SusPed	14.5072	98	0
#SusPed	14.5272	127	0
#SusPed	17.1888	110	0
#SusPed	17.2089	90	0
#SusPed	17.2289	76	0
#SusPed	17.2489	65	0
#SusPed	17.2676	49	0
#SusPed	17.2876	29	0
#SusPed	17.3077	0	0
#SusPed	17.5067	38	0
#SusPed	17.5267	58	0
#SusPed	17.5467	62	0
#SusPed	17.5654	64	0
#SusPed	17.5855	68	0
#SusPed	17.6055	74	0
#SusPed	17.6255	82	0
#SusPed	17.6442	87	0
#SusPed	17.6749	92	0
#SusPed	17.695	98	0
#SusPed	17.715	104	0
#SusPed	17.735	112	0
#SusPed	17.7537	127	0
#SusPed	18.6071	90	0
#SusPed	18.6271	63	0
#SusPed	18.6472	35	0
#SusPed	18.6752	0	0
#SusPed	18.6952	33	0
#SusPed	18.7153	55	0
#SusPed	18.7353	69	0
#SusPed	18.754	79	0
#SusPed	18.774	98	0
#SusPed	18.7941	127	0
#SusPed	20.2484	123	0
#SusPed	20.2671	101	0
#SusPed	20.2871	87	0
#SusPed	20.3071	77	0
#SusPed	20.3272	67	0
#SusPed	20.3472	55	0
#SusPed	20.3672	38	0
#SusPed	20.3873	0	0
#SusPed	20.6049	57	0
#SusPed	20.625	66	0
#SusPed	20.6437	69	0
#SusPed	20.6731	75	0
#SusPed	20.6931	80	0
#SusPed	20.7145	86	0
#SusPed	20.7345	92	0
#SusPed	20.7545	97	0
#SusPed	20.7732	104	0
#SusPed	20.7932	119	0
#SusPed	20.8133	127	0
#SusPed	21.7334	80	0
#SusPed	21.7521	57	0
#SusPed	21.7735	0	0
#SusPed	21.8336	29	0
#SusPed	21.8523	58	0
#SusPed	21.8723	68	0
#SusPed	21.8923	76	0
#SusPed	21.9124	89	0
#SusPed	21.9324	100	0
#SusPed	21.9511	117	0
#SusPed	21.9711	127	0
#SusPed	23.2692	123	0
#SusPed	23.2892	113	0
#SusPed	23.3093	106	0
#SusPed	23.328	99	0
#SusPed	23.348	92	0
#SusPed	23.368	84	0
#SusPed	23.3881	74	0
#SusPed	23.4081	63	0
#SusPed	23.4281	39	0
#SusPed	23.4482	0	0
#SusPed	23.5857	51	0
#SusPed	23.6057	61	0
#SusPed	23.6258	64	0
#SusPed	23.6445	67	0
#SusPed	23.6752	73	0
#SusPed	23.6952	81	0
#SusPed	23.7153	84	0
#SusPed	23.734	85	0
#SusPed	23.754	85	0
#SusPed	23.774	86	0
#SusPed	23.794	86	0
#SusPed	23.8141	87	0
#SusPed	23.8341	89	0
#SusPed	23.8528	92	0
#SusPed	23.8728	94	0
#SusPed	23.8929	95	0
#SusPed	23.9142	96	0
#SusPed	24.168	98	0
#SusPed	24.2481	100	0
#SusPed	24.3269	103	0
#SusPed	24.3469	107	0
#SusPed	24.367	112	0
#SusPed	24.387	120	0
#SusPed	24.4057	127	0
#SusPed	24.6728	106	0
#SusPed	24.6928	67	0
#SusPed	24.7128	36	0
#SusPed	24.7329	0	0
#SusPed	24.7516	49	0
#SusPed	24.7716	67	0
#SusPed	24.7916	87	0
#SusPed	24.8117	127	0
#SofPed	26.0697	18	0
#SofPed	26.0897	27	0
#SofPed	26.1097	38	0
#SofPed	26.1298	51	0
#SusPed	26.1485	114	0
#SofPed	26.1485	62	0
#SusPed	26.1685	107	0
#SofPed	26.1685	71	0
#SusPed	26.1885	99	0
#SofPed	26.1885	78	0
#SusPed	26.2086	93	0
#SofPed	26.2086	85	0
#SusPed	26.2286	86	0
#SofPed	26.2286	89	0
#SusPed	26.2473	79	0
#SofPed	26.2473	89	0
#SusPed	26.2673	72	0
#SusPed	26.2874	66	0
#SusPed	26.3061	61	0
#SusPed	26.3261	53	0
#SofPed	26.3261	89	0
#SusPed	26.3461	42	0
#SofPed	26.3461	87	0
#SusPed	26.3662	0	0
#SofPed	26.3662	85	0
#SofPed	26.3862	84	0
#SofPed	26.4062	83	0
#SofPed	26.4263	82	0
#SofPed	26.485	82	0
#SofPed	26.505	81	0
#SusPed	26.5251	38	0
#SofPed	26.5251	80	0
#SusPed	26.5451	50	0
#SofPed	26.5451	79	0
#SusPed	26.5651	56	0
#SofPed	26.5651	78	0
#SusPed	26.5838	58	0
#SofPed	26.5838	77	0
#SusPed	26.6039	61	0
#SofPed	26.6039	76	0
#SusPed	26.6239	63	0
#SofPed	26.6239	75	0
#SusPed	26.6439	65	0
#SofPed	26.6439	74	0
#SusPed	26.672	67	0
#SofPed	26.672	72	0
#SusPed	26.692	69	0
#SofPed	26.692	71	0
#SusPed	26.712	72	0
#SofPed	26.712	70	0
#SusPed	26.7321	75	0
#SofPed	26.7321	69	0
#SusPed	26.7521	77	0
#SofPed	26.7521	68	0
#SusPed	26.7721	79	0
#SofPed	26.7721	66	0
#SusPed	26.7922	82	0
#SofPed	26.7922	62	0
#SusPed	26.8122	84	0
#SofPed	26.8122	60	0
#SusPed	26.8322	86	0
#SofPed	26.8322	59	0
#SusPed	26.8509	87	0
#SofPed	26.8509	58	0
#SusPed	26.871	89	0
#SofPed	26.871	56	0
#SusPed	26.891	91	0
#SofPed	26.891	56	0
#SusPed	26.911	93	0
#SofPed	26.911	55	0
#SusPed	26.9311	94	0
#SusPed	26.9498	96	0
#SusPed	26.9898	99	0
#SusPed	27.0099	102	0
#SusPed	27.0299	104	0
#SofPed	27.0299	54	0
#SofPed	27.0499	53	0
#SusPed	27.07	107	0
#SofPed	27.07	48	0
#SusPed	27.09	109	0
#SofPed	27.09	43	0
#SusPed	27.11	113	0
#SofPed	27.11	40	0
#SusPed	27.13	118	0
#SofPed	27.13	39	0
#SusPed	27.1501	123	0
#SofPed	27.1501	38	0
#SusPed	27.1701	127	0
#SofPed	27.1701	36	0
#SofPed	27.1901	32	0
#SofPed	27.2102	27	0
#SofPed	27.2302	22	0
#SofPed	27.2489	20	0
#SofPed	27.2689	0	0
#SusPed	27.7337	96	0
#SusPed	27.7537	71	0
#SusPed	27.7724	51	0
#SusPed	27.7924	0	0
#SusPed	27.8712	52	0
#SusPed	27.8913	65	0
#SusPed	27.9113	69	0
#SusPed	27.9313	77	0
#SusPed	27.95	85	0
#SusPed	27.9701	95	0
#SusPed	27.9901	107	0
#SusPed	28.0101	127	0
#SusPed	29.4858	115	0
#SusPed	29.5045	100	0
#SusPed	29.5245	85	0
#SusPed	29.5446	69	0
#SusPed	29.5646	48	0
#SusPed	29.5846	29	0
#SusPed	29.6033	0	0
#SusPed	29.6434	34	0
#SusPed	29.6728	52	0
#SusPed	29.6928	62	0
#SusPed	29.7128	66	0
#SusPed	29.7329	73	0
#SusPed	29.7529	82	0
#SusPed	29.7716	91	0
#SusPed	29.7916	98	0
#SusPed	29.8117	105	0
#SusPed	29.8317	112	0
#SusPed	29.8517	127	0
#SusPed	30.7719	102	0
#SusPed	30.7919	83	0
#SusPed	30.8119	66	0
#SusPed	30.832	45	0
#SusPed	30.852	0	0
#SusPed	30.9108	52	0
#SusPed	30.9308	71	0
#SusPed	30.9508	92	0
#SusPed	30.9695	127	0
#SusPed	32.2289	110	0
#SusPed	32.2476	91	0
#SusPed	32.2676	76	0
#SusPed	32.2876	63	0
#SusPed	32.3063	39	0
#SusPed	32.3264	0	0
#SusPed	32.6242	70	0
#SusPed	32.6442	127	0
#SusPed	33.4842	67	0
#SusPed	33.5056	0	0
#SusPed	33.5443	61	0
#SusPed	33.5643	127	0
#SusPed	35.0881	103	0
#SusPed	35.1081	86	0
#SusPed	35.1282	76	0
#SusPed	35.1482	68	0
#SusPed	35.1682	55	0
#SusPed	35.1883	0	0
#SusPed	35.3859	47	0
#SusPed	35.4059	67	0
#SusPed	35.426	73	0
#SusPed	35.4447	85	0
#SusPed	35.4647	96	0
#SusPed	35.4847	127	0
#SusPed	36.485	86	0
#SusPed	36.505	63	0
#SusPed	36.5251	38	0
#SusPed	36.5451	39	0
#SusPed	36.5651	46	0
#SusPed	36.5852	62	0
#SusPed	36.6039	77	0
#SusPed	36.6239	100	0
#SusPed	36.6439	127	0
#SusPed	38.129	105	0
#SusPed	38.149	93	0
#SusPed	38.169	82	0
#SusPed	38.1891	70	0
#SusPed	38.2091	53	0
#SusPed	38.2291	0	0
#SusPed	38.4067	49	0
#SusPed	38.4268	63	0
#SusPed	38.4455	66	0
#SusPed	38.4655	71	0
#SusPed	38.4855	78	0
#SusPed	38.5056	86	0
#SusPed	38.5256	91	0
#SusPed	38.5443	97	0
#SusPed	38.5643	103	0
#SusPed	38.5844	110	0
#SusPed	38.6031	127	0
#SusPed	39.6234	101	0
#SusPed	39.6421	69	0
#SusPed	39.6728	36	0
#SusPed	39.6928	0	0
#SusPed	39.7315	51	0
#SusPed	39.7516	70	0
#SusPed	39.7716	87	0
#SusPed	39.7916	127	0
#SusPed	40.832	99	0
#SusPed	40.852	69	0
#SusPed	40.872	53	0
#SusPed	40.8921	50	0
#SusPed	40.9107	57	0
#SusPed	40.9308	65	0
#SusPed	40.9508	75	0
#SusPed	40.9722	96	0
#SusPed	40.9922	127	0
#SusPed	41.3661	72	0
#SusPed	41.3862	31	0
#SusPed	41.4062	0	0
#SusPed	41.5651	33	0
#SusPed	41.5852	58	0
#SusPed	41.6052	72	0
#SusPed	41.6252	94	0
#SusPed	41.6439	127	0
#SusPed	42.6041	91	0
#SusPed	42.6242	64	0
#SusPed	42.6442	40	0
#SusPed	42.6642	46	0
#SusPed	42.6936	64	0
#SusPed	42.7136	80	0
#SusPed	42.7337	127	0
#SusPed	44.1279	84	0
#SusPed	44.1479	58	0
#SusPed	44.168	0	0
#SusPed	44.3269	49	0
#SusPed	44.3469	72	0
#SusPed	44.3669	86	0
#SusPed	44.387	127	0
#SusPed	45.5448	69	0
#SusPed	45.5635	33	0
#SusPed	45.5836	0	0
#SusPed	45.6036	40	0
#SusPed	45.6236	62	0
#SusPed	45.6437	77	0
#SusPed	45.673	105	0
#SusPed	45.6931	127	0
#SusPed	46.9698	104	0
#SusPed	46.9898	89	0
#SusPed	47.0072	79	0
#SusPed	47.0272	67	0
#SusPed	47.0472	52	0
#SusPed	47.0673	0	0
#SusPed	47.1861	38	0
#SusPed	47.2061	55	0
#SusPed	47.2262	62	0
#SusPed	47.2462	63	0
#SusPed	47.2649	67	0
#SusPed	47.2849	73	0
#SusPed	47.305	80	0
#SusPed	47.325	85	0
#SusPed	47.345	88	0
#SusPed	47.3651	91	0
#SusPed	47.3851	95	0
#SusPed	47.4051	98	0
#SusPed	47.4252	101	0
#SusPed	47.4452	103	0
#SusPed	47.4853	105	0
#SusPed	47.524	107	0
#SusPed	47.544	109	0
#SusPed	47.5627	112	0
#SusPed	47.5828	115	0
#SusPed	47.6028	127	0
#SusPed	48.4041	81	0
#SusPed	48.4241	51	0
#SusPed	48.4441	0	0
#SusPed	48.5243	57	0
#SusPed	48.543	68	0
#SusPed	48.563	71	0
#SusPed	48.583	78	0
#SusPed	48.603	87	0
#SusPed	48.6231	127	0
#SusPed	49.9305	107	0
#SusPed	49.9492	76	0
#SusPed	49.9692	53	0
#SusPed	49.9893	0	0
#SusPed	50.1081	32	0
#SusPed	50.1282	52	0
#SusPed	50.1482	61	0
#SusPed	50.1682	61	0
#SusPed	50.1883	64	0
#SusPed	50.2069	68	0
#SusPed	50.227	73	0
#SusPed	50.247	79	0
#SusPed	50.267	85	0
#SusPed	50.2871	91	0
#SusPed	50.3058	101	0
#SusPed	50.3258	112	0
#SusPed	50.3458	127	0
#SusPed	51.2459	89	0
#SusPed	51.266	64	0
#SusPed	51.286	36	0
#SusPed	51.306	0	0
#SusPed	51.3261	39	0
#SusPed	51.3461	60	0
#SusPed	51.3661	73	0
#SusPed	51.3862	84	0
#SusPed	51.4049	104	0
#SusPed	51.4249	127	0
#SusPed	52.8912	105	0
#SusPed	52.9113	80	0
#SusPed	52.93	62	0
#SusPed	52.95	0	0
#SusPed	53.2278	39	0
#SusPed	53.2465	63	0
#SusPed	53.2665	69	0
#SusPed	53.2865	76	0
#SusPed	53.3052	79	0
#SusPed	53.3253	82	0
#SusPed	53.3453	85	0
#SusPed	53.3653	90	0
#SusPed	53.3854	96	0
#SusPed	53.4041	102	0
#SusPed	53.4241	105	0
#SusPed	53.4441	108	0
#SusPed	53.4642	115	0
#SusPed	53.4842	127	0
#SusPed	56.0683	111	0
#SusPed	56.0884	92	0
#SusPed	56.1084	78	0
#SusPed	56.1284	67	0
#SusPed	56.1484	55	0
#SusPed	56.1671	32	0
#SusPed	56.1872	0	0
#SusPed	56.3461	42	0
#SusPed	56.3661	53	0
#SusPed	56.3862	58	0
#SusPed	56.4062	59	0
#SusPed	56.4262	62	0
#SusPed	56.4449	64	0
#SusPed	56.465	67	0
#SusPed	56.485	70	0
#SusPed	56.5037	74	0
#SusPed	56.5237	77	0
#SusPed	56.5437	80	0
#SusPed	56.5638	84	0
#SusPed	56.5838	88	0
#SusPed	56.6025	93	0
#SusPed	56.6225	98	0
#SusPed	56.6426	101	0
#SusPed	56.712	103	0
#SusPed	56.7521	106	0
#SusPed	56.7708	108	0
#SusPed	56.7908	110	0
#SusPed	56.8309	112	0
#SusPed	56.8696	114	0
#SusPed	56.9097	118	0
#SusPed	56.9297	121	0
#SusPed	56.9497	127	0
#SusPed	57.6629	117	0
#SusPed	57.6923	95	0
#SusPed	57.7109	76	0
#SusPed	57.731	55	0
#SusPed	57.751	30	0
#SusPed	57.771	0	0
#SusPed	57.8311	45	0
#SusPed	57.8512	63	0
#SusPed	57.8712	67	0
#SusPed	57.8899	74	0
#SusPed	57.9099	83	0
#SusPed	57.93	95	0
#SusPed	57.95	108	0
#SusPed	57.9687	127	0
#SusPed	58.9302	123	0
#SusPed	58.9503	120	0
#SusPed	58.969	115	0
#SusPed	58.989	106	0
#SusPed	59.009	89	0
#SusPed	59.0291	71	0
#SusPed	59.0478	55	0
#SusPed	59.0678	51	0
#SusPed	59.0878	53	0
#SusPed	59.1092	60	0
#SusPed	59.1292	67	0
#SusPed	59.1492	74	0
#SusPed	59.1679	85	0
#SusPed	59.188	91	0
#SusPed	59.208	96	0
#SusPed	59.228	101	0
#SusPed	59.2481	107	0
#SusPed	59.2668	111	0
#SusPed	59.4444	108	0
#SusPed	59.4644	103	0
#SusPed	59.4844	97	0
#SusPed	59.5045	92	0
#SusPed	59.5245	87	0
#SusPed	59.5432	83	0
#SusPed	59.5632	78	0
#SusPed	59.5833	73	0
#SusPed	59.602	65	0
#SusPed	59.622	56	0
#SusPed	59.642	48	0
#SusPed	59.6728	37	0
#SusPed	59.6928	0	0
#SusPed	59.7716	40	0
#SusPed	59.7916	51	0
#SusPed	59.8103	55	0
#SusPed	59.8303	59	0
#SusPed	59.8504	61	0
#SusPed	59.8691	63	0
#SusPed	59.8891	64	0
#SusPed	59.9091	66	0
#SusPed	59.9292	68	0
#SusPed	59.9492	70	0
#SusPed	59.9692	72	0
#SusPed	59.9893	73	0
#SusPed	60.008	73	0
#SusPed	60.028	75	0
#SusPed	60.048	77	0
#SusPed	60.068	78	0
#SusPed	60.0881	79	0
#SusPed	60.1468	79	0
#SusPed	60.267	80	0
#SusPed	60.2871	81	0
#SusPed	60.3071	82	0
#SusPed	60.3472	82	0
#SusPed	60.3659	83	0
#SusPed	60.3859	83	0
#SusPed	60.4059	85	0
#SusPed	60.426	86	0
#SusPed	60.4447	88	0
#SusPed	60.4647	90	0
#SusPed	60.4847	92	0
#SusPed	60.5047	93	0
#SusPed	60.5248	94	0
#SusPed	60.5435	95	0
#SusPed	60.5635	96	0
#SusPed	60.8506	86	0
#SusPed	60.8707	68	0
#SusPed	60.8907	54	0
#SusPed	60.9094	46	0
#SusPed	60.9495	47	0
#SusPed	60.9682	53	0
#SusPed	60.9882	61	0
#SusPed	61.0082	66	0
#SusPed	61.0283	72	0
#SusPed	61.0483	78	0
#SusPed	61.067	83	0
#SusPed	61.087	85	0
#SusPed	61.107	88	0
#SusPed	61.1271	91	0
#SusPed	61.1471	93	0
#SusPed	61.1671	95	0
#SusPed	61.1872	96	0
#SusPed	62.0098	95	0
#SusPed	62.0299	95	0
#SusPed	62.0499	94	0
#SusPed	62.1086	90	0
#SusPed	62.1287	77	0
#SusPed	62.1487	63	0
#SusPed	62.1674	51	0
#SusPed	62.1874	53	0
#SusPed	62.2075	59	0
#SusPed	62.2275	67	0
#SusPed	62.2462	76	0
#SusPed	62.2662	86	0
#SusPed	62.2863	90	0
#SusPed	62.3076	95	0
#SusPed	62.3277	98	0
#SusPed	62.5053	94	0
#SusPed	62.5253	90	0
#SusPed	62.544	85	0
#SusPed	62.564	77	0
#SusPed	62.5841	69	0
#SusPed	62.6041	58	0
#SusPed	62.6241	46	0
#SusPed	62.6442	40	0
#SusPed	62.6642	34	0
#SusPed	62.6936	30	0
#SusPed	62.7336	32	0
#SusPed	62.7523	43	0
#SusPed	62.7724	51	0
#SusPed	62.7924	55	0
#SusPed	62.8111	59	0
#SusPed	62.8311	62	0
#SusPed	62.8512	65	0
#SusPed	62.8712	67	0
#SusPed	62.8912	68	0
#SusPed	62.9113	70	0
#SusPed	62.93	72	0
#SusPed	62.95	73	0
#SusPed	62.97	73	0
#SusPed	62.9901	74	0
#SusPed	63.0502	74	0
#SusPed	63.2278	75	0
#SusPed	63.2665	75	0
#SusPed	63.3066	76	0
#SusPed	63.3266	76	0
#SusPed	63.3453	77	0
#SusPed	63.3667	77	0
#SusPed	63.3867	78	0
#SusPed	63.4067	78	0
#SusPed	63.4268	79	0
#SusPed	63.4468	79	0
#SusPed	63.4668	80	0
#SusPed	63.4855	81	0
#SusPed	63.5055	82	0
#SusPed	63.5256	83	0
#SusPed	63.5456	83	0
#SusPed	63.5643	84	0
#SusPed	63.5843	84	0
#SusPed	63.6044	85	0
#SusPed	63.7139	85	0
#SusPed	63.7526	86	0
#SusPed	63.7726	87	0
#SusPed	63.8127	82	0
#SusPed	63.8327	69	0
#SusPed	63.8514	56	0
#SusPed	63.8715	47	0
#SusPed	63.9102	49	0
#SusPed	63.9302	55	0
#SusPed	63.9503	61	0
#SusPed	63.9703	65	0
#SusPed	63.9903	70	0
#SusPed	64.0077	78	0
#SusPed	64.0277	82	0
#SusPed	64.0477	84	0
#SusPed	64.0678	85	0
#SusPed	64.0865	87	0
#SusPed	64.1065	88	0
#SusPed	64.1265	88	0
#SusPed	64.1666	89	0
#SusPed	64.5432	86	0
#SusPed	64.5632	73	0
#SusPed	64.5833	59	0
#SusPed	64.602	48	0
#SusPed	64.622	50	0
#SusPed	64.642	56	0
#SusPed	64.6714	62	0
#SusPed	64.6914	65	0
#SusPed	64.7115	69	0
#SusPed	64.7315	74	0
#SusPed	64.7502	80	0
#SusPed	64.7702	84	0
#SusPed	64.7903	86	0
#SusPed	64.8103	87	0
#SusPed	64.8303	88	0
#SusPed	64.849	90	0
#SusPed	64.8691	92	0
#SusPed	64.8891	93	0
#SusPed	64.9292	93	0
#SusPed	64.9893	94	0
#SusPed	65.028	94	0
#SusPed	65.048	96	0
#SusPed	65.1068	98	0
#SusPed	65.1268	100	0
#SusPed	65.1468	107	0
#SusPed	65.1669	127	0
#SusPed	65.2457	93	0
#SusPed	65.2657	71	0
#SusPed	65.2844	57	0
#SusPed	65.3044	53	0
#SusPed	65.3245	57	0
#SusPed	65.3445	61	0
#SusPed	65.3645	68	0
#SusPed	65.3832	75	0
#SusPed	65.4032	83	0
#SusPed	65.4233	88	0
#SusPed	65.442	93	0
#SusPed	65.462	98	0
#SusPed	65.482	101	0
#SusPed	65.5234	104	0
#SusPed	65.5822	107	0
#SusPed	65.6223	109	0
#SusPed	65.7705	111	0
#SusPed	65.8693	115	0
#SusPed	65.8894	127	0
#SusPed	65.9882	87	0
#SusPed	66.0082	61	0
#SusPed	66.0282	43	0
#SusPed	66.0483	46	0
#SusPed	66.0683	60	0
#SusPed	66.0883	72	0
#SusPed	66.107	127	0
#SusPed	66.7521	76	0
#SusPed	66.7721	50	0
#SusPed	66.7921	39	0
#SusPed	66.8122	48	0
#SusPed	66.8322	62	0
#SusPed	66.8509	78	0
#SusPed	66.8709	127	0
#SusPed	67.5226	81	0
#SusPed	67.5413	53	0
#SusPed	67.5614	0	0
#SusPed	67.6014	41	0
#SusPed	67.6215	62	0
#SusPed	67.6428	76	0
#SusPed	67.6629	99	0
#SusPed	67.6922	127	0
#SusPed	68.2652	111	0
#SusPed	68.2852	71	0
#SusPed	68.3052	42	0
#SusPed	68.3253	0	0
#SusPed	68.4628	42	0
#SusPed	68.4828	60	0
#SusPed	68.5029	63	0
#SusPed	68.5229	66	0
#SusPed	68.5416	73	0
#SusPed	68.5616	88	0
#SusPed	68.5817	105	0
#SusPed	68.6017	109	0
#SusPed	68.6404	111	0
#SusPed	68.6711	115	0
#SusPed	68.7112	118	0
#SusPed	68.8501	123	0
#SusPed	68.8701	127	0
#SusPed	69.8504	100	0
#SusPed	69.8704	67	0
#SusPed	69.8891	44	0
#SusPed	69.9091	37	0
#SusPed	69.9292	53	0
#SusPed	69.9492	68	0
#SusPed	69.9692	93	0
#SusPed	69.9892	127	0
#SusPed	71.6025	101	0
#SusPed	71.6225	86	0
#SusPed	71.6426	73	0
#SusPed	71.6626	60	0
#SusPed	71.692	36	0
#SusPed	71.712	0	0
#SusPed	72.0472	63	0
#SusPed	72.0672	83	0
#SusPed	72.0873	127	0
#SusPed	74.3642	81	0
#SusPed	74.3843	57	0
#SusPed	74.403	0	0
#SusPed	74.4631	45	0
#SusPed	74.4831	71	0
#SusPed	74.5031	86	0
#SusPed	74.5232	127	0
#SusPed	75.1281	73	0
#SusPed	75.1482	0	0
#SusPed	75.6223	62	0
#SusPed	75.6423	88	0
#SusPed	75.6717	127	0
#SusPed	78.2852	101	0
#SusPed	78.3052	88	0
#SusPed	78.3252	79	0
#SusPed	78.3453	70	0
#SusPed	78.364	61	0
#SusPed	78.384	48	0
#SusPed	78.404	0	0
#SusPed	78.6017	31	0
#SusPed	78.6217	58	0
#SusPed	78.6417	65	0
#SusPed	78.6618	68	0
#SusPed	78.6912	76	0
#SusPed	78.7112	84	0
#SusPed	78.7312	91	0
#SusPed	78.7513	97	0
#SusPed	78.77	104	0
#SusPed	78.79	111	0
#SusPed	78.81	127	0
#SusPed	79.8103	101	0
#SusPed	79.8303	80	0
#SusPed	79.8503	63	0
#SusPed	79.8704	43	0
#SusPed	79.8891	0	0
#SusPed	79.9492	33	0
#SusPed	79.9692	59	0
#SusPed	79.9892	75	0
#SusPed	80.0093	92	0
#SusPed	80.028	127	0
#SusPed	80.9882	100	0
#SusPed	81.0082	77	0
#SusPed	81.0282	62	0
#SusPed	81.0483	54	0
#SusPed	81.0683	54	0
#SusPed	81.087	57	0
#SusPed	81.107	63	0
#SusPed	81.1271	68	0
#SusPed	81.1471	74	0
#SusPed	81.1671	85	0
#SusPed	81.1872	94	0
#SusPed	81.2072	107	0
#SusPed	81.2272	127	0
#SusPed	81.4836	111	0
#SusPed	81.505	96	0
#SusPed	81.525	81	0
#SusPed	81.5437	67	0
#SusPed	81.5638	51	0
#SusPed	81.5838	34	0
#SusPed	81.6038	0	0
#SusPed	81.6733	46	0
#SusPed	81.692	58	0
#SusPed	81.712	64	0
#SusPed	81.732	68	0
#SusPed	81.7521	73	0
#SusPed	81.7721	79	0
#SusPed	81.7921	85	0
#SusPed	81.8108	90	0
#SusPed	81.8308	96	0
#SusPed	81.8509	100	0
#SusPed	81.8709	104	0
#SusPed	81.8909	107	0
#SusPed	81.9096	109	0
#SusPed	81.9297	111	0
#SusPed	81.9684	115	0
#SusPed	82.0085	119	0
#SusPed	82.2261	105	0
#SusPed	82.2462	82	0
#SusPed	82.2662	65	0
#SusPed	82.2862	48	0
#SusPed	82.3063	38	0
#SusPed	82.325	41	0
#SusPed	82.345	56	0
#SusPed	82.365	66	0
#SusPed	82.3851	76	0
#SusPed	82.4051	91	0
#SusPed	82.4251	107	0
#SusPed	82.4438	127	0
#SusPed	82.9299	96	0
#SusPed	82.95	74	0
#SusPed	82.97	56	0
#SusPed	82.99	0	0
#SusPed	83.0662	47	0
#SusPed	83.0862	70	0
#SusPed	83.1062	92	0
#SusPed	83.1263	127	0
#SusPed	84.4243	96	0
#SusPed	84.443	79	0
#SusPed	84.4631	68	0
#SusPed	84.4831	53	0
#SusPed	84.5031	0	0
#SusPed	84.642	35	0
#SusPed	84.6714	56	0
#SusPed	84.6914	64	0
#SusPed	84.7128	70	0
#SusPed	84.7328	76	0
#SusPed	84.7515	83	0
#SusPed	84.7715	89	0
#SusPed	84.7916	97	0
#SusPed	84.8116	106	0
#SusPed	84.8316	111	0
#SusPed	84.8503	114	0
#SusPed	84.8704	118	0
#SusPed	84.8904	127	0
#SusPed	85.8306	81	0
#SusPed	85.8493	61	0
#SusPed	85.8693	40	0
#SusPed	85.8893	33	0
#SusPed	85.908	40	0
#SusPed	85.9281	60	0
#SusPed	85.9481	80	0
#SusPed	85.9681	127	0
#SusPed	86.9871	85	0
#SusPed	87.0071	66	0
#SusPed	87.0272	54	0
#SusPed	87.0472	54	0
#SusPed	87.0672	64	0
#SusPed	87.0873	77	0
#SusPed	87.1059	107	0
#SusPed	87.126	127	0
#SusPed	87.54	97	0
#SusPed	87.56	77	0
#SusPed	87.58	58	0
#SusPed	87.6001	40	0
#SusPed	87.6201	0	0
#SusPed	87.7082	40	0
#SusPed	87.7283	54	0
#SusPed	87.7483	62	0
#SusPed	87.7683	67	0
#SusPed	87.7884	72	0
#SusPed	87.8071	79	0
#SusPed	87.8271	86	0
#SusPed	87.8471	93	0
#SusPed	87.8672	94	0
#SusPed	87.8872	95	0
#SusPed	87.9086	97	0
#SusPed	87.9286	102	0
#SusPed	87.9473	107	0
#SusPed	87.9874	109	0
#SusPed	88.0274	113	0
#SusPed	88.1262	116	0
#SusPed	88.1463	119	0
#SusPed	88.1663	123	0
#SusPed	88.1863	127	0
#SusPed	90.4233	114	0
#SusPed	90.4433	99	0
#SusPed	90.462	87	0
#SusPed	90.482	77	0
#SusPed	90.502	67	0
#SusPed	90.5221	54	0
#SusPed	90.5421	34	0
#SusPed	90.5621	0	0
#SusPed	90.6409	29	0
#SusPed	90.6703	50	0
#SusPed	90.6903	62	0
#SusPed	90.7104	65	0
#SusPed	90.7304	72	0
#SusPed	90.7491	82	0
#SusPed	90.7691	93	0
#SusPed	90.7892	102	0
#SusPed	90.8092	108	0
#SusPed	90.8292	110	0
#SusPed	90.9281	115	0
#SusPed	90.9481	127	0
#SusPed	91.6906	90	0
#SusPed	91.7106	61	0
#SusPed	91.7307	30	0
#SusPed	91.7494	44	0
#SusPed	91.7694	76	0
#SusPed	91.7894	127	0
#SusPed	92.4024	102	0
#SusPed	92.4225	67	0
#SusPed	92.4425	52	0
#SusPed	92.4625	51	0
#SusPed	92.4812	61	0
#SusPed	92.5012	74	0
#SusPed	92.5213	98	0
#SusPed	92.5413	127	0
#SusPed	93.384	110	0
#SusPed	93.404	91	0
#SusPed	93.4241	79	0
#SusPed	93.4441	70	0
#SusPed	93.4641	63	0
#SusPed	93.4841	55	0
#SusPed	93.5028	49	0
#SusPed	93.5229	41	0
#SusPed	93.5429	0	0
#SusPed	93.6217	31	0
#SusPed	93.6417	52	0
#SusPed	93.6618	62	0
#SusPed	93.6911	67	0
#SusPed	93.7112	76	0
#SusPed	93.7312	88	0
#SusPed	93.7512	95	0
#SusPed	93.7713	101	0
#SusPed	93.79	110	0
#SusPed	93.81	123	0
#SusPed	93.83	127	0
#SusPed	94.6019	71	0
#SusPed	94.622	31	0
#SusPed	94.642	0	0
#SusPed	94.6901	55	0
#SusPed	94.7101	127	0
#SusPed	96.2045	111	0
#SusPed	96.2245	94	0
#SusPed	96.2446	83	0
#SusPed	96.2646	71	0
#SusPed	96.2846	58	0
#SusPed	96.3033	0	0
#SusPed	96.4636	44	0
#SusPed	96.4836	62	0
#SusPed	96.5023	66	0
#SusPed	96.5223	72	0
#SusPed	96.5424	78	0
#SusPed	96.5624	83	0
#SusPed	96.5824	85	0
#SusPed	96.6011	86	0
#SusPed	96.6212	88	0
#SusPed	96.6412	90	0
#SusPed	96.6706	91	0
#SusPed	96.6906	93	0
#SusPed	96.7106	96	0
#SusPed	96.7307	103	0
#SusPed	96.7507	127	0
#SusPed	97.4625	75	0
#SusPed	97.4812	49	0
#SusPed	97.5026	0	0
#SusPed	97.5226	38	0
#SusPed	97.5426	62	0
#SusPed	97.5627	79	0
#SusPed	97.5827	127	0
#SusPed	98.205	76	0
#SusPed	98.2251	54	0
#SusPed	98.2451	35	0
#SusPed	98.2651	38	0
#SusPed	98.2852	54	0
#SusPed	98.3039	69	0
#SusPed	98.3239	85	0
#SusPed	98.3439	102	0
#SusPed	98.364	108	0
#SusPed	98.384	112	0
#SusPed	98.4027	127	0
#SusPed	99.1265	103	0
#SusPed	99.1452	92	0
#SusPed	99.1652	83	0
#SusPed	99.1853	75	0
#SusPed	99.2053	67	0
#SusPed	99.2253	57	0
#SusPed	99.244	41	0
#SusPed	99.2641	0	0
#SusPed	99.423	39	0
#SusPed	99.443	51	0
#SusPed	99.463	57	0
#SusPed	99.4831	61	0
#SusPed	99.5018	65	0
#SusPed	99.5218	68	0
#SusPed	99.5418	72	0
#SusPed	99.5605	76	0
#SusPed	99.5806	79	0
#SusPed	99.6006	81	0
#SusPed	99.6206	86	0
#SusPed	99.642	90	0
#SusPed	99.6714	95	0
#SusPed	99.6914	100	0
#SusPed	99.7101	104	0
#SusPed	99.7301	107	0
#SusPed	99.7702	111	0
#SusPed	99.8891	114	0
#SusPed	99.9291	117	0
#SusPed	99.9692	121	0
#SusPed	99.9879	127	0
#SusPed	102.107	95	0
#SusPed	102.127	73	0
#SusPed	102.147	58	0
#SusPed	102.167	33	0
#SusPed	102.186	0	0
#SusPed	102.306	40	0
#SusPed	102.325	59	0
#SusPed	102.345	66	0
#SusPed	102.365	75	0
#SusPed	102.385	88	0
#SusPed	102.404	114	0
#SusPed	102.424	127	0
#SusPed	103.522	111	0
#SusPed	103.542	77	0
#SusPed	103.562	51	0
#SusPed	103.582	0	0
#SusPed	103.64	32	0
#SusPed	103.66	61	0
#SusPed	103.691	79	0
#SusPed	103.71	98	0
#SusPed	103.73	127	0
#SusPed	105.165	113	0
#SusPed	105.184	94	0
#SusPed	105.204	81	0
#SusPed	105.224	70	0
#SusPed	105.244	58	0
#SusPed	105.264	32	0
#SusPed	105.283	0	0
#SusPed	105.423	43	0
#SusPed	105.442	52	0
#SusPed	105.462	57	0
#SusPed	105.482	60	0
#SusPed	105.502	62	0
#SusPed	105.522	64	0
#SusPed	105.541	66	0
#SusPed	105.561	68	0
#SusPed	105.581	70	0
#SusPed	105.6	72	0
#SusPed	105.62	74	0
#SusPed	105.64	77	0
#SusPed	105.669	80	0
#SusPed	105.689	83	0
#SusPed	105.709	86	0
#SusPed	105.729	87	0
#SusPed	105.749	89	0
#SusPed	105.769	91	0
#SusPed	105.789	95	0
#SusPed	105.808	99	0
#SusPed	105.828	103	0
#SusPed	105.848	106	0
#SusPed	105.867	109	0
#SusPed	105.887	112	0
#SusPed	105.907	117	0
#SusPed	105.927	127	0
#SusPed	106.728	82	0
#SusPed	106.748	62	0
#SusPed	106.768	42	0
#SusPed	106.788	37	0
#SusPed	106.808	43	0
#SusPed	106.828	59	0
#SusPed	106.848	69	0
#SusPed	106.867	81	0
#SusPed	106.887	101	0
#SusPed	106.907	127	0
#SusPed	107.441	107	0
#SusPed	107.461	73	0
#SusPed	107.481	51	0
#SusPed	107.501	42	0
#SusPed	107.521	54	0
#SusPed	107.54	67	0
#SusPed	107.56	80	0
#SusPed	107.58	100	0
#SusPed	107.6	127	0
#SusPed	108.264	108	0
#SusPed	108.284	92	0
#SusPed	108.304	79	0
#SusPed	108.324	66	0
#SusPed	108.344	52	0
#SusPed	108.364	31	0
#SusPed	108.383	0	0
#SusPed	108.463	43	0
#SusPed	108.481	57	0
#SusPed	108.501	62	0
#SusPed	108.522	67	0
#SusPed	108.54	72	0
#SusPed	108.56	77	0
#SusPed	108.58	81	0
#SusPed	108.6	83	0
#SusPed	108.62	86	0
#SusPed	108.639	88	0
#SusPed	108.659	91	0
#SusPed	108.69	92	0
#SusPed	108.71	93	0
#SusPed	108.73	94	0
#SusPed	108.749	96	0
#SusPed	108.789	99	0
#SusPed	108.827	101	0
#SusPed	108.867	105	0
#SusPed	108.887	108	0
#SusPed	108.906	112	0
#SusPed	108.926	115	0
#SusPed	108.946	118	0
#SusPed	108.966	123	0
#SusPed	108.986	127	0
#SusPed	109.621	88	0
#SusPed	109.639	67	0
#SusPed	109.659	48	0
#SusPed	109.69	36	0
#SusPed	109.71	37	0
#SusPed	109.73	49	0
#SusPed	109.749	62	0
#SusPed	109.769	70	0
#SusPed	109.789	79	0
#SusPed	109.808	91	0
#SusPed	109.828	97	0
#SusPed	109.848	105	0
#SusPed	109.868	116	0
#SusPed	109.888	127	0
#SusPed	110.363	80	0
#SusPed	110.383	61	0
#SusPed	110.403	45	0
#SusPed	110.423	47	0
#SusPed	110.443	58	0
#SusPed	110.462	69	0
#SusPed	110.482	83	0
#SusPed	110.502	120	0
#SusPed	110.522	127	0
#SusPed	111.164	113	0
#SusPed	111.183	103	0
#SusPed	111.203	94	0
#SusPed	111.223	84	0
#SusPed	111.243	72	0
#SusPed	111.263	61	0
#SusPed	111.282	48	0
#SusPed	111.302	35	0
#SusPed	111.322	0	0
#SusPed	111.383	35	0
#SusPed	111.402	53	0
#SusPed	111.422	60	0
#SusPed	111.442	65	0
#SusPed	111.462	69	0
#SusPed	111.482	73	0
#SusPed	111.501	77	0
#SusPed	111.521	79	0
#SusPed	111.541	81	0
#SusPed	111.561	83	0
#SusPed	111.581	84	0
#SusPed	111.601	86	0
#SusPed	111.621	88	0
#SusPed	111.64	91	0
#SusPed	111.669	93	0
#SusPed	111.689	94	0
#SusPed	111.709	94	0
#SusPed	111.907	95	0
#SusPed	111.987	95	0
#SusPed	112.006	96	0
#SusPed	112.203	99	0
#SusPed	112.243	101	0
#SusPed	112.282	103	0
#SusPed	112.342	105	0
#SusPed	112.381	107	0
#SusPed	112.421	109	0
#SusPed	112.462	111	0
#SusPed	112.481	117	0
#SusPed	112.501	127	0
#SusPed	112.541	106	0
#SusPed	112.561	75	0
#SusPed	112.58	52	0
#SusPed	112.6	35	0
#SusPed	112.62	36	0
#SusPed	112.64	46	0
#SusPed	112.66	62	0
#SusPed	112.69	71	0
#SusPed	112.71	83	0
#SusPed	112.73	96	0
#SusPed	112.748	102	0
#SusPed	112.768	112	0
#SusPed	112.788	127	0
#SusPed	113.887	94	0
#SusPed	113.907	73	0
#SusPed	113.928	63	0
#SusPed	113.946	61	0
#SusPed	113.966	65	0
#SusPed	113.986	73	0
#SusPed	114.005	85	0
#SusPed	114.025	102	0
#SusPed	114.045	117	0
#SusPed	114.065	127	0
#SusPed	114.303	87	0
#SusPed	114.323	68	0
#SusPed	114.343	56	0
#SusPed	114.362	52	0
#SusPed	114.382	53	0
#SusPed	114.402	60	0
#SusPed	114.422	66	0
#SusPed	114.442	70	0
#SusPed	114.46	76	0
#SusPed	114.48	80	0
#SusPed	114.5	83	0
#SusPed	114.52	87	0
#SusPed	114.539	91	0
#SusPed	114.559	94	0
#SusPed	114.581	95	0
#SusPed	114.601	96	0
#SusPed	114.641	102	0
#SusPed	114.661	104	0
#SusPed	114.946	112	0
#SusPed	114.966	127	0
#SusPed	115.69	99	0
#SusPed	115.71	71	0
#SusPed	115.73	53	0
#SusPed	115.75	49	0
#SusPed	115.769	58	0
#SusPed	115.789	71	0
#SusPed	115.809	96	0
#SusPed	115.829	127	0
#SusPed	117.362	97	0
#SusPed	117.382	81	0
#SusPed	117.401	67	0
#SusPed	117.421	49	0
#SusPed	117.441	0	0
#SusPed	117.808	49	0
#SusPed	117.828	68	0
#SusPed	117.848	75	0
#SusPed	117.867	93	0
#SusPed	117.887	115	0
#SusPed	117.907	127	0
#SusPed	124.908	121	0
#SusPed	124.928	119	0
#SusPed	124.968	116	0
#SusPed	125.005	112	0
#SusPed	125.044	109	0
#SusPed	125.084	107	0
#SusPed	125.124	104	0
#SusPed	125.163	101	0
#SusPed	125.203	99	0
#SusPed	125.263	97	0
#SusPed	125.283	96	0
#SusPed	125.303	95	0
#SusPed	125.323	94	0
#SusPed	125.342	94	0
#SusPed	125.362	93	0
#SusPed	125.382	92	0
#SusPed	125.402	91	0
#SusPed	125.422	91	0
#SusPed	125.461	90	0
#SusPed	125.481	90	0
#SusPed	125.501	89	0
#SusPed	125.539	88	0
#SusPed	125.579	88	0
#SusPed	125.598	87	0
#SusPed	125.618	87	0
#SusPed	125.638	86	0
#SusPed	125.689	86	0
#SusPed	125.708	85	0
#SusPed	125.728	84	0
#SusPed	125.748	84	0
#SusPed	125.768	83	0
#SusPed	125.788	83	0
#SusPed	125.806	82	0
#SusPed	125.827	82	0
#SusPed	125.847	81	0
#SusPed	125.867	81	0
#SusPed	125.925	80	0
#SusPed	125.945	80	0
#SusPed	125.965	79	0
#SusPed	125.984	78	0
#SusPed	126.004	77	0
#SusPed	126.024	75	0
#SusPed	126.044	74	0
#SusPed	126.064	73	0
#SusPed	126.083	70	0
#SusPed	126.103	67	0
#SusPed	126.123	65	0
#SusPed	126.143	64	0
#SusPed	126.183	63	0
#SusPed	126.203	62	0
#SusPed	126.223	61	0
#SusPed	126.242	60	0
#SusPed	126.262	59	0
#SusPed	126.282	57	0
#SusPed	126.302	54	0
#SusPed	126.322	49	0
#SusPed	126.342	42	0
#SusPed	126.362	35	0
#SusPed	126.382	0	0
#SusPed	128.522	30	0
#SusPed	128.56	33	0
#SusPed	128.58	34	0
#SusPed	128.6	35	0
