//Version: ScorePerfmMatch_v170104
// Score: ./score_hmm.txt
// Perfm: ./infer_spr.txt
// fmt3x: ./score_fmt3x.txt
0	0.50641	0.583333	C3	96	59	0	0	0	P1-1-1	0	0
1	0.514957	2.54166	C2	86	60	0	0	0	P1-1-0	0	-
2	0.67735	0.763888	C3	87	64	0	0	85	P1-1-2	0	-
3	0.784187	0.868589	G3	75	65	0	0	170	P1-1-3	0	-
4	0.858974	0.943375	C4	75	62	0	0	255	P1-1-4	0	-
5	0.915597	0.951922	E4	81	68	0	0	340	P1-1-5	0	-
6	1.00427	1.08333	C4	73	62	0	0	426	P1-1-6	0	-
7	1.09402	1.15705	G4	76	65	0	0	511	P1-1-7	0	-
8	1.1485	1.23825	C5	81	60	0	0	596	P1-1-8	0	-
9	1.2297	1.25961	E5	86	69	0	0	681	P1-1-9	0	-
10	1.30983	1.3953	C5	79	59	0	0	767	P1-1-10	0	-
11	1.38996	1.47436	G5	88	66	0	0	852	P1-1-11	0	-
12	1.46474	1.55021	C6	86	63	0	0	937	P1-1-12	0	-
13	1.53739	1.58761	E6	94	62	0	0	1022	P1-1-13	0	-
14	1.63034	1.71367	C6	79	55	0	0	1107	P1-1-14	0	-
15	1.70406	1.83654	G6	92	63	0	0	1193	P1-1-15	0	-
16	1.79808	1.92201	C7	89	63	0	0	1278	P1-1-16	0	-
17	1.90491	1.98504	E7	100	65	0	0	1363	P1-1-17	0	-
18	1.97756	2.2735	C3	14	40	0	0	1363	*	3	-
19	2.00855	2.05662	C7	64	63	0	0	1448	P1-1-18	0	-
20	2.05449	2.11752	G6	82	67	0	0	1534	P1-1-19	0	-
21	2.13568	2.17521	C6	56	64	0	0	1619	P1-1-20	0	-
22	2.21688	2.29166	E6	100	63	0	0	1704	P1-1-21	0	-
23	2.30555	2.38461	C6	66	62	0	0	1789	P1-1-22	0	-
24	2.36538	2.43055	G5	81	62	0	0	1875	P1-1-23	0	-
25	2.44017	2.47756	C5	76	66	0	0	1960	P1-1-24	0	-
26	2.53205	2.6047	E5	96	64	0	0	2045	P1-1-25	0	-
27	2.63675	2.71047	C5	55	63	0	0	2130	P1-1-26	0	-
28	2.63995	2.70085	D5	9	52	0	0	2130	*	3	-
29	2.67201	2.70085	B4	56	61	0	0	2130	*	3	-
30	2.68483	2.7532	G4	72	64	0	0	2215	P1-1-27	0	-
31	2.75427	2.79487	C4	75	64	0	0	2301	P1-1-28	0	-
32	2.85256	2.92842	E4	85	57	0	0	2386	P1-1-29	0	-
33	2.86218	2.88461	F4	68	66	0	0	2386	*	3	-
34	2.97008	3.02777	C4	59	59	0	0	2471	P1-1-30	0	-
35	2.98504	3.05128	C#4	11	55	0	0	2471	*	3	-
36	3.00213	3.10683	G3	74	64	0	0	2556	P1-1-31	0	-
37	3.01175	3.07692	D4	6	37	0	0	2556	*	3	-
38	3.07799	3.14102	C3	77	59	0	0	2642	P1-1-32	0	-
39	3.17521	3.57158	F2	99	60	0	0	2727	P1-1-34	0	-
40	3.18589	3.59295	F1	85	62	0	0	2727	P1-1-33	0	-
41	3.27777	3.36218	C3	70	60	0	0	2812	P1-1-35	0	-
42	3.37179	3.45726	A3	75	63	0	0	2897	P1-1-36	0	-
43	3.45512	3.53632	C4	74	63	0	0	2982	P1-1-37	0	-
44	3.53632	3.57051	F4	69	69	0	0	3068	P1-1-38	0	-
45	3.5673	3.61111	G4	35	34	0	0	3068	*	3	-
46	3.61645	3.69551	C4	74	61	0	0	3153	P1-1-39	0	-
47	3.70512	3.78525	A4	82	66	0	0	3238	P1-1-40	0	-
48	3.78205	3.85149	C5	83	66	0	0	3323	P1-1-41	0	-
49	3.84508	3.90277	F5	87	63	0	0	3409	P1-1-42	0	-
50	3.94871	3.98824	C5	84	62	0	0	3494	P1-1-43	0	-
51	4.02671	4.10577	A5	86	66	0	0	3579	P1-1-44	0	-
52	4.09615	4.17521	C6	83	64	0	0	3664	P1-1-45	0	-
53	4.16773	4.21688	F6	88	60	0	0	3750	P1-1-46	0	-
54	4.25427	4.31303	C6	78	56	0	0	3835	P1-1-47	0	-
55	4.33653	4.44871	A6	89	63	0	0	3920	P1-1-48	0	-
56	4.42521	4.55021	C7	84	63	0	0	4005	P1-1-49	0	-
57	4.51602	5.68589	F#2	103	54	0	0	4090	P1-1-52	0	-
58	4.52136	5.69337	F#1	89	55	0	0	4090	P1-1-51	0	-
59	4.52991	4.62713	E7	95	64	0	0	4090	P1-1-50	0	-
60	4.64316	4.7126	C7	67	64	0	0	4176	P1-1-53	0	-
61	4.70085	4.74038	A6	78	64	0	0	4261	P1-1-54	0	-
62	4.76709	4.81303	C6	66	63	0	0	4346	P1-1-55	0	-
63	4.86111	4.95085	E6	96	59	0	0	4431	P1-1-56	0	-
64	4.97115	5.05769	C6	70	62	0	0	4517	P1-1-57	0	-
65	5.03205	5.09829	A5	80	65	0	0	4602	P1-1-58	0	-
66	5.10363	5.18055	C5	79	63	0	0	4687	P1-1-59	0	-
67	5.2297	5.34508	E5	97	60	0	0	4772	P1-1-60	0	-
68	5.34935	5.43803	C5	78	62	0	0	4857	P1-1-61	0	-
69	5.41559	5.48183	A4	78	65	0	0	4943	P1-1-62	0	-
70	5.5032	5.547	C4	70	65	0	0	5028	P1-1-63	0	-
71	5.59935	5.73504	D4	92	60	0	0	5113	P1-1-64	0	-
72	5.68482	5.79166	C4	62	62	0	0	5198	P1-1-65	0	-
73	5.74145	5.85256	A3	78	63	0	0	5284	P1-1-66	0	-
74	5.82585	5.87179	C3	81	63	0	0	5369	P1-1-67	0	-
75	5.9626	6.21794	G2	97	62	0	0	5454	P1-1-69	0	-
76	5.97115	6.21581	G1	83	63	0	0	5454	P1-1-68	0	-
77	6.07585	6.15491	B2	76	65	0	0	5539	P1-1-70	0	-
78	6.172	6.27136	G3	75	64	0	0	5625	P1-1-71	0	-
79	6.25747	6.34401	B3	75	64	0	0	5710	P1-1-72	0	-
80	6.32692	6.37606	D4	81	61	0	0	5795	P1-1-73	0	-
81	6.42307	6.49038	B3	74	60	0	0	5880	P1-1-74	0	-
82	6.5064	6.59401	G4	82	64	0	0	5965	P1-1-75	0	-
83	6.58546	6.67734	B4	76	64	0	0	6051	P1-1-76	0	-
84	6.66345	6.73183	D5	81	63	0	0	6136	P1-1-77	0	-
85	6.66987	6.85576	F#2	102	64	0	0	6136	P1-1-79	0	-
86	6.67307	6.84935	F#1	86	60	0	0	6136	P1-1-78	0	-
87	6.78098	6.83974	B4	81	65	0	0	6221	P1-1-80	0	-
88	6.86858	6.97969	G5	86	64	0	0	6306	P1-1-81	0	-
89	6.95298	7.05341	B5	80	65	0	0	6392	P1-1-82	0	-
90	7.0438	7.26281	E2	96	54	0	0	6477	P1-1-85	0	-
91	7.0438	7.11858	D6	87	63	0	0	6477	P1-1-83	0	-
92	7.04914	7.28418	E1	94	55	0	0	6477	P1-1-84	0	-
93	7.15704	7.22328	B5	84	59	0	0	6562	P1-1-86	0	-
94	7.24892	7.38781	G6	91	66	0	0	6647	P1-1-87	0	-
95	7.34828	7.49999	A6	83	65	0	0	6732	P1-1-88	0	-
96	7.46687	8.04807	D2	96	57	0	0	6818	P1-1-91	0	-
97	7.46687	7.57051	D7	98	63	0	0	6818	P1-1-89	0	-
98	7.47221	8.02029	D1	89	61	0	0	6818	P1-1-90	0	-
99	7.53632	7.53632	Eb1	26	127	0	0	6818	*	3	-
100	7.58333	7.67841	A6	70	64	0	0	6903	P1-1-92	0	-
101	7.65277	7.72862	F#6	82	64	0	0	6988	P1-1-93	0	-
102	7.72435	7.75747	C6	71	66	0	0	7073	P1-1-94	0	-
103	7.81623	7.90704	D6	97	60	0	0	7159	P1-1-95	0	-
104	7.92093	8.01281	A5	80	65	0	0	7244	P1-1-96	0	-
105	7.97649	8.05555	F#5	82	64	0	0	7329	P1-1-97	0	-
106	8.05234	8.09508	C5	68	66	0	0	7414	P1-1-98	0	-
107	8.15277	8.25213	D5	93	59	0	0	7500	P1-1-99	0	-
108	8.27029	8.34935	A4	67	65	0	0	7585	P1-1-100	0	-
109	8.30448	8.35683	B4	22	54	0	0	7585	*	3	-
110	8.32264	8.39636	F#4	76	64	0	0	7670	P1-1-101	0	-
111	8.40063	8.44123	C4	61	63	0	0	7755	P1-1-102	0	-
112	8.48931	8.59294	D4	89	60	0	0	7840	P1-1-103	0	-
113	8.59508	8.68482	A3	77	61	0	0	7926	P1-1-104	0	-
114	8.66132	8.74785	F#3	76	56	0	0	8011	P1-1-105	0	-
115	8.74465	8.85256	C3	75	62	0	0	8096	P1-1-106	0	-
116	8.86431	11.1485	G2	95	47	0	0	8181	P1-1-108	0	-
117	8.87072	11.1474	G1	91	55	0	0	8181	P1-1-107	0	-
118	8.97969	9.04379	C3	72	63	0	0	8267	P1-1-109	0	-
119	9.06623	9.15491	F3	74	64	0	0	8352	P1-1-110	0	-
120	9.14529	9.20832	G#3	76	65	0	0	8437	P1-1-111	0	-
121	9.20939	9.26067	D4	77	60	0	0	8522	P1-1-112	0	-
122	9.31516	9.40277	C4	74	61	0	0	8607	P1-1-113	0	-
123	9.39956	9.48183	F4	77	64	0	0	8693	P1-1-114	0	-
124	9.45405	9.52884	G#4	77	68	0	0	8778	P1-1-115	0	-
125	9.53311	9.57905	D5	79	60	0	0	8863	P1-1-116	0	-
126	9.62926	9.71367	C5	78	62	0	0	8948	P1-1-117	0	-
127	9.70726	9.79593	F5	83	64	0	0	9034	P1-1-118	0	-
128	9.77884	9.84721	G#5	80	67	0	0	9119	P1-1-119	0	-
129	9.84935	9.89636	D6	83	60	0	0	9204	P1-1-120	0	-
130	9.94978	10.0417	C6	75	58	0	0	9289	P1-1-121	0	-
131	10.0192	10.1432	F6	91	64	0	0	9375	P1-1-122	0	-
132	10.1058	10.1998	G#6	87	67	0	0	9460	P1-1-123	0	-
133	10.2243	10.3152	D7	97	65	0	0	9545	P1-1-124	0	-
134	10.3312	10.4049	G6	71	66	0	0	9630	P1-1-125	0	-
135	10.3953	10.453	F6	83	62	0	0	9715	P1-1-126	0	-
136	10.4626	10.5032	B5	64	65	0	0	9801	P1-1-127	0	-
137	10.5406	10.6239	D6	95	61	0	0	9886	P1-1-128	0	-
138	10.6421	10.7254	G5	85	64	0	0	9971	P1-1-129	0	-
139	10.7083	10.7714	F5	79	65	0	0	10056	P1-1-130	0	-
140	10.7767	10.8419	B4	71	59	0	0	10142	P1-1-131	0	-
141	10.8675	10.9626	D5	90	60	0	0	10227	P1-1-132	0	-
142	10.984	11.0587	G4	72	63	0	0	10312	P1-1-133	0	-
143	10.9979	11.0288	A4	51	60	0	0	10312	*	3	-
144	11.0374	11.1079	F4	77	65	0	0	10397	P1-1-134	0	-
145	11.1453	11.2649	B3	79	65	0	0	10483	P1-1-135	0	-
146	11.2468	11.3387	Eb4	87	64	0	0	10568	P1-1-136	0	-
147	11.3942	11.5107	G3	78	64	0	0	10653	P1-1-137	0	-
148	11.4904	11.5897	F3	82	62	0	0	10738	P1-1-138	0	-
149	11.5769	11.6378	B2	81	62	0	0	10823	P1-1-139	0	-
150	11.7254	11.8654	C3	95	59	0	0	10909	P1-1-141	0	-
151	11.7308	13.6816	C2	84	62	0	0	10909	P1-1-140	0	-
152	11.8889	11.9722	C3	70	63	0	0	10994	P1-1-142	0	-
153	11.9904	12.0726	G3	77	66	0	0	11079	P1-1-143	0	-
154	12.0673	12.1549	C4	75	62	0	0	11164	P1-1-144	0	-
155	12.1303	12.1677	E4	80	66	0	0	11250	P1-1-145	0	-
156	12.2201	12.2906	C4	73	62	0	0	11335	P1-1-146	0	-
157	12.3013	12.3782	G4	76	65	0	0	11420	P1-1-147	0	-
158	12.3696	12.4508	C5	79	63	0	0	11505	P1-1-148	0	-
159	12.4402	12.4818	E5	85	62	0	0	11590	P1-1-149	0	-
160	12.5331	12.5993	C5	81	61	0	0	11676	P1-1-150	0	-
161	12.6026	12.6934	G5	85	65	0	0	11761	P1-1-151	0	-
162	12.6816	12.766	C6	82	63	0	0	11846	P1-1-152	0	-
163	12.7585	12.8013	E6	90	62	0	0	11931	P1-1-153	0	-
164	12.8408	12.9231	C6	78	58	0	0	12017	P1-1-154	0	-
165	12.9209	13.0523	G6	90	64	0	0	12102	P1-1-155	0	-
166	13.0139	13.1538	C7	89	63	0	0	12187	P1-1-156	0	-
167	13.1303	13.219	E7	96	65	0	0	12272	P1-1-157	0	-
168	13.2318	13.2927	C7	64	61	0	0	12358	P1-1-158	0	-
169	13.3023	13.3429	G6	79	65	0	0	12443	P1-1-159	0	-
170	13.3696	13.4081	C6	69	66	0	0	12528	P1-1-160	0	-
171	13.4562	13.5427	E6	96	60	0	0	12613	P1-1-161	0	-
172	13.5555	13.6196	C6	68	63	0	0	12698	P1-1-162	0	-
173	13.6164	13.6752	G5	79	60	0	0	12784	P1-1-163	0	-
174	13.6966	13.7382	C5	67	66	0	0	12869	P1-1-164	0	-
175	13.7906	13.8825	E5	93	62	0	0	12954	P1-1-165	0	-
176	13.8953	13.9626	C5	67	64	0	0	13039	P1-1-166	0	-
177	13.9583	14.0043	G4	70	64	0	0	13125	P1-1-167	0	-
178	14.0352	14.0748	C4	66	64	0	0	13210	P1-1-168	0	-
179	14.1293	14.2105	E4	90	60	0	0	13295	P1-1-169	0	-
180	14.2094	14.3109	C4	53	62	0	0	13380	P1-1-170	0	-
181	14.2949	14.4145	G3	70	61	0	0	13465	P1-1-171	0	-
182	14.3739	14.454	C3	72	59	0	0	13551	P1-1-172	0	-
183	14.4946	16.4647	A2	88	55	0	0	13636	P1-1-174	0	-
184	14.5021	16.5491	A1	80	60	0	0	13636	P1-1-173	0	-
185	14.6132	14.6944	C3	63	61	0	0	13721	P1-1-175	0	-
186	14.6987	14.7714	F3	71	64	0	0	13806	P1-1-176	0	-
187	14.7799	14.8718	C4	72	61	0	0	13892	P1-1-177	0	-
188	14.86	14.906	F4	80	59	0	0	13977	P1-1-178	0	-
189	14.9583	15.0278	C4	67	61	0	0	14062	P1-1-179	0	-
190	15.031	15.1025	F4	75	64	0	0	14147	P1-1-180	0	-
191	15.1047	15.1912	C5	79	61	0	0	14233	P1-1-181	0	-
192	15.187	15.2372	F5	87	57	0	0	14318	P1-1-182	0	-
193	15.282	15.3429	C5	69	61	0	0	14403	P1-1-183	0	-
194	15.3547	15.4337	F5	80	66	0	0	14488	P1-1-184	0	-
195	15.4273	15.5192	C6	80	62	0	0	14573	P1-1-185	0	-
196	15.5085	15.5459	F6	86	62	0	0	14659	P1-1-186	0	-
197	15.5876	15.6656	C6	70	62	0	0	14744	P1-1-187	0	-
198	15.6592	15.7714	F6	85	63	0	0	14829	P1-1-188	0	-
199	15.7596	15.8953	C7	79	62	0	0	14914	P1-1-189	0	-
200	15.7831	15.8184	B6	64	51	0	0	14914	*	3	-
201	15.8696	15.954	E7	94	65	0	0	15000	P1-1-190	0	-
202	15.9658	16.032	C7	68	57	0	0	15085	P1-1-191	0	-
203	16.0555	16.1058	F#6	80	63	0	0	15170	P1-1-192	0	-
204	16.109	16.1517	C6	62	65	0	0	15255	P1-1-193	0	-
205	16.1966	16.2767	E6	97	61	0	0	15340	P1-1-194	0	-
206	16.3013	16.3707	C6	68	60	0	0	15426	P1-1-195	0	-
207	16.3761	16.4434	F#5	78	61	0	0	15511	P1-1-196	0	-
208	16.4295	16.4733	C5	70	65	0	0	15596	P1-1-197	0	-
209	16.532	16.6143	E5	93	65	0	0	15681	P1-1-198	0	-
210	16.6399	16.704	C5	69	62	0	0	15767	P1-1-199	0	-
211	16.7105	16.7852	F#4	76	64	0	0	15852	P1-1-200	0	-
212	16.7778	16.8248	C4	68	65	0	0	15937	P1-1-201	0	-
213	16.8814	16.9637	E4	91	61	0	0	16022	P1-1-202	0	-
214	16.9808	17.0758	C4	67	62	0	0	16108	P1-1-203	0	-
215	17.0694	17.1624	F#3	73	60	0	0	16193	P1-1-204	0	-
216	17.1303	17.2169	C3	74	60	0	0	16278	P1-1-205	0	-
217	17.2425	19.1293	G2	95	54	0	0	16363	P1-1-207	0	-
218	17.2489	19.1934	G1	88	63	0	0	16363	P1-1-206	0	-
219	17.36	17.4348	C3	71	63	0	0	16448	P1-1-208	0	-
220	17.4423	17.5459	G3	67	61	0	0	16534	P1-1-209	0	-
221	17.5107	17.6303	C4	71	61	0	0	16619	P1-1-210	0	-
222	17.5919	17.6421	D4	75	62	0	0	16704	P1-1-211	0	-
223	17.6891	17.7746	C4	67	60	0	0	16789	P1-1-212	0	-
224	17.7756	17.86	G4	77	64	0	0	16875	P1-1-213	0	-
225	17.8536	17.9669	C5	78	63	0	0	16960	P1-1-214	0	-
226	17.9273	17.9754	D5	80	62	0	0	17045	P1-1-215	0	-
227	18.0192	18.1036	C5	73	63	0	0	17130	P1-1-216	0	-
228	18.0993	18.1966	G5	85	64	0	0	17215	P1-1-217	0	-
229	18.1773	18.2895	C6	79	61	0	0	17301	P1-1-218	0	-
230	18.2511	18.3023	D6	86	61	0	0	17386	P1-1-219	0	-
231	18.3429	18.4273	C6	68	59	0	0	17471	P1-1-220	0	-
232	18.4263	18.5609	G6	89	65	0	0	17556	P1-1-221	0	-
233	18.5149	18.6634	C7	88	63	0	0	17642	P1-1-222	0	-
234	18.6303	18.7372	D7	99	62	0	0	17727	P1-1-223	0	-
235	18.7468	18.8141	B6	76	63	0	0	17812	P1-1-224	0	-
236	18.7617	18.8023	C7	40	52	0	0	17812	*	3	-
237	18.829	18.8707	G6	56	67	0	0	17897	P1-1-225	0	-
238	18.8333	18.8739	F6	71	66	0	0	17897	*	3	-
239	18.8835	18.922	B5	69	66	0	0	17982	P1-1-226	0	-
240	18.969	19.0705	D6	96	59	0	0	18068	P1-1-227	0	-
241	19.0662	19.141	B5	77	62	0	0	18153	P1-1-228	0	-
242	19.1282	19.1934	G5	76	64	0	0	18238	P1-1-229	0	-
243	19.2019	19.2553	B4	73	64	0	0	18323	P1-1-230	0	-
244	19.297	19.3953	D5	95	58	0	0	18409	P1-1-231	0	-
245	19.4028	19.4765	B4	75	64	0	0	18494	P1-1-232	0	-
246	19.4594	19.5267	G4	71	64	0	0	18579	P1-1-233	0	-
247	19.5374	19.5919	B3	73	63	0	0	18664	P1-1-234	0	-
248	19.6378	19.734	D4	88	57	0	0	18750	P1-1-235	0	-
249	19.7393	19.8611	B3	73	58	0	0	18835	P1-1-236	0	-
250	19.7906	19.9049	G3	69	62	0	0	18920	P1-1-237	0	-
251	19.8739	19.9156	B2	69	63	0	0	19005	P1-1-238	0	-
252	20.016	21.9241	C3	67	48	0	0	19090	P1-1-240	0	-
253	20.032	21.9957	C2	80	61	0	0	19090	P1-1-239	0	-
254	20.141	20.1805	D3	73	64	0	0	19176	P1-1-241	0	-
255	20.2137	20.2852	G3	72	64	0	0	19261	P1-1-242	0	-
256	20.2874	20.3867	D4	66	59	0	0	19346	P1-1-243	0	-
257	20.3654	20.4049	E4	74	65	0	0	19431	P1-1-244	0	-
258	20.4615	20.5384	D4	64	63	0	0	19517	P1-1-245	0	-
259	20.5406	20.6293	G4	75	64	0	0	19602	P1-1-246	0	-
260	20.6218	20.7094	D5	75	59	0	0	19687	P1-1-247	0	-
261	20.6966	20.7318	E5	77	65	0	0	19772	P1-1-248	0	-
262	20.781	20.8515	D5	71	63	0	0	19857	P1-1-249	0	-
263	20.8579	20.9412	G5	82	66	0	0	19943	P1-1-250	0	-
264	20.9337	21.0203	D6	79	60	0	0	20028	P1-1-251	0	-
265	21.0032	21.0449	E6	88	64	0	0	20113	P1-1-252	0	-
266	21.0929	21.1666	D6	73	58	0	0	20198	P1-1-253	0	-
267	21.1752	21.2564	G6	71	65	0	0	20284	P1-1-254	0	-
268	21.1827	21.266	A6	78	62	0	0	20284	*	3	-
269	21.25	21.3686	D7	81	64	0	0	20369	P1-1-255	0	-
270	21.3579	21.4423	E7	82	65	0	0	20454	P1-1-256	0	-
271	21.3622	21.3931	F7	84	69	0	0	20454	*	3	-
272	21.4583	21.5278	C7	73	63	0	0	20539	P1-1-257	0	-
273	21.5213	21.5737	G6	65	65	0	0	20625	P1-1-258	0	-
274	21.5374	21.5641	A6	54	62	0	0	20625	*	3	-
275	21.5929	21.6335	C6	68	64	0	0	20710	P1-1-259	0	-
276	21.6763	21.7553	E6	92	63	0	0	20795	P1-1-260	0	-
277	21.7713	21.8451	C6	73	62	0	0	20880	P1-1-261	0	-
278	21.8397	21.9092	G5	81	64	0	0	20965	P1-1-262	0	-
279	21.9145	21.9594	C5	71	63	0	0	21051	P1-1-263	0	-
280	22.0128	22.094	E5	91	62	0	0	21136	P1-1-264	0	-
281	22.1293	22.1795	C5	67	60	0	0	21221	P1-1-265	0	-
282	22.1827	22.2575	G4	74	62	0	0	21306	P1-1-266	0	-
283	22.2639	22.3151	C4	66	62	0	0	21392	P1-1-267	0	-
284	22.3771	22.4615	E4	85	58	0	0	21477	P1-1-268	0	-
285	22.4904	22.5748	C4	62	61	0	0	21562	P1-1-269	0	-
286	22.579	22.672	G3	55	58	0	0	21647	P1-1-270	0	-
287	22.6624	22.7169	C3	62	63	0	0	21732	P1-1-271	0	-
288	22.9006	23.7724	A2	56	60	0	0	21818	P1-1-273	0	-
289	22.906	23.7927	A1	53	57	0	0	21818	P1-1-272	0	-
290	22.9978	23.0598	E3	57	64	0	0	21903	P1-1-274	0	-
291	23.0822	23.1442	C4	60	61	0	0	21988	P1-1-275	0	-
292	23.1666	23.2318	E4	50	60	0	0	22073	P1-1-276	0	-
293	23.2286	23.2671	F4	61	66	0	0	22159	P1-1-277	0	-
294	23.3258	23.3728	E4	64	60	0	0	22244	P1-1-278	0	-
295	23.4124	23.4637	C5	68	64	0	0	22329	P1-1-279	0	-
296	23.4829	23.563	E5	62	63	0	0	22414	P1-1-280	0	-
297	23.5491	23.5833	F5	71	69	0	0	22500	P1-1-281	0	-
298	23.6495	23.6912	E5	56	64	0	0	22585	P1-1-282	0	-
299	23.7265	23.797	C6	72	62	0	0	22670	P1-1-283	0	-
300	23.797	23.8728	E6	70	64	0	0	22755	P1-1-284	0	-
301	23.8654	23.9006	F6	73	67	0	0	22840	P1-1-285	0	-
302	23.954	23.9957	E6	63	65	0	0	22926	P1-1-286	0	-
303	24.0374	24.1154	C7	76	62	0	0	23011	P1-1-287	0	-
304	24.1314	24.234	E7	68	62	0	0	23096	P1-1-288	0	-
305	24.2575	24.3493	F7	71	57	0	0	23181	P1-1-289	0	-
306	24.2617	24.7628	B2	51	47	0	0	23181	P1-1-291	0	-
307	24.2767	24.906	B1	46	41	0	0	23181	P1-1-290	0	-
308	24.4209	24.4711	D7	27	43	0	0	23267	P1-1-292	0	-
309	24.4519	24.4914	B6	65	66	0	0	23352	P1-1-293	0	-
310	24.532	24.5748	D6	47	62	0	0	23437	P1-1-294	0	-
311	24.6271	24.6934	F6	81	57	0	0	23522	P1-1-295	0	-
312	24.7201	24.7916	D6	54	61	0	0	23607	P1-1-296	0	-
313	24.7852	24.828	B5	72	61	0	0	23693	P1-1-297	0	-
314	24.8643	24.9124	D5	59	61	0	0	23778	P1-1-298	0	-
315	24.969	25.313	A2	70	61	0	0	23863	P1-1-301	0	-
316	24.9775	25.7863	A1	65	63	0	0	23863	P1-1-300	0	-
317	24.9786	25.0619	F5	79	58	0	0	23863	P1-1-299	0	-
318	25.0983	25.1592	D5	58	61	0	0	23948	P1-1-302	0	-
319	25.1645	25.1966	B4	60	65	0	0	24034	P1-1-303	0	-
320	25.235	25.2767	D4	60	65	0	0	24119	P1-1-304	0	-
321	25.3333	25.407	F4	77	59	0	0	24204	P1-1-305	0	-
322	25.4231	25.547	D4	54	51	0	0	24289	P1-1-306	0	-
323	25.5021	25.7478	B3	62	39	0	0	24375	P1-1-307	0	-
324	25.5919	25.6357	D3	55	59	0	0	24460	P1-1-308	0	-
325	25.719	26.6389	G#1	66	52	0	0	24545	P1-1-309	0	-
326	25.7222	26.6357	G#2	71	61	0	0	24545	P1-1-310	0	-
327	25.8237	25.9145	D3	50	60	0	0	24630	P1-1-311	0	-
328	25.9145	25.9904	B3	62	60	0	0	24715	P1-1-312	0	-
329	25.9989	26.0854	D4	60	61	0	0	24801	P1-1-313	0	-
330	26.0758	26.1079	E4	59	64	0	0	24886	P1-1-314	0	-
331	26.1613	26.2169	D4	55	62	0	0	24971	P1-1-315	0	-
332	26.2564	26.3087	B4	66	64	0	0	25056	P1-1-316	0	-
333	26.328	26.4028	D5	60	60	0	0	25142	P1-1-317	0	-
334	26.391	26.4295	E5	64	68	0	0	25227	P1-1-318	0	-
335	26.4797	26.532	D5	59	59	0	0	25312	P1-1-319	0	-
336	26.5683	26.6421	B5	70	62	0	0	25397	P1-1-320	0	-
337	26.6474	26.7307	D6	65	62	0	0	25482	P1-1-321	0	-
338	26.7126	26.7521	E6	72	67	0	0	25568	P1-1-322	0	-
339	26.8002	26.8707	D6	63	55	0	0	25653	P1-1-323	0	-
340	26.8899	26.969	B6	72	63	0	0	25738	P1-1-324	0	-
341	26.9743	27.0748	D7	73	63	0	0	25823	P1-1-325	0	-
342	27.0716	27.6495	A2	76	59	0	0	25909	P1-1-328	0	-
343	27.0833	27.6196	A1	68	54	0	0	25909	P1-1-327	0	-
344	27.0897	27.1869	E7	78	60	0	0	25909	P1-1-326	0	-
345	27.2211	27.281	C7	63	60	0	0	25994	P1-1-329	0	-
346	27.2788	27.3151	A6	69	69	0	0	26079	P1-1-330	0	-
347	27.3557	27.3963	C6	65	67	0	0	26164	P1-1-331	0	-
348	27.4433	27.5267	E6	91	61	0	0	26250	P1-1-332	0	-
349	27.5427	27.6239	C6	66	62	0	0	26335	P1-1-333	0	-
350	27.6057	27.6677	A5	78	64	0	0	26420	P1-1-334	0	-
351	27.6709	27.735	C5	75	63	0	0	26505	P1-1-335	0	-
352	27.7842	28.3814	G2	100	61	0	0	26590	P1-1-338	0	-
353	27.7874	27.891	E5	93	58	0	0	26590	P1-1-336	0	-
354	27.797	28.3814	G1	91	60	0	0	26590	P1-1-337	0	-
355	27.9092	27.985	C5	72	63	0	0	26676	P1-1-339	0	-
356	27.9658	28.0352	A4	73	66	0	0	26761	P1-1-340	0	-
357	28.0438	28.0983	C4	74	60	0	0	26846	P1-1-341	0	-
358	28.1463	28.2489	E4	93	60	0	0	26931	P1-1-342	0	-
359	28.2532	28.3472	C4	72	62	0	0	27017	P1-1-343	0	-
360	28.3023	28.4188	A3	75	59	0	0	27102	P1-1-344	0	-
361	28.3739	28.4252	C3	84	59	0	0	27187	P1-1-345	0	-
362	28.5342	30.8205	F2	105	59	0	0	27272	P1-1-347	0	-
363	28.5416	30.8557	F1	91	63	0	0	27272	P1-1-346	0	-
364	28.656	28.7318	C3	78	64	0	0	27357	P1-1-348	0	-
365	28.751	28.8419	A3	73	62	0	0	27443	P1-1-349	0	-
366	28.8258	28.9017	C4	74	62	0	0	27528	P1-1-350	0	-
367	28.8846	28.9273	E4	75	65	0	0	27613	P1-1-351	0	-
368	28.9775	29.048	C4	71	55	0	0	27698	P1-1-352	0	-
369	29.063	29.1495	A4	81	65	0	0	27784	P1-1-353	0	-
370	29.1463	29.2201	C5	83	62	0	0	27869	P1-1-354	0	-
371	29.2051	29.2564	E5	80	64	0	0	27954	P1-1-355	0	-
372	29.2991	29.3525	C5	79	61	0	0	28039	P1-1-356	0	-
373	29.3803	29.4647	A5	86	66	0	0	28125	P1-1-357	0	-
374	29.4572	29.5342	C6	82	62	0	0	28210	P1-1-358	0	-
375	29.5267	29.5619	E6	77	68	0	0	28295	P1-1-359	0	-
376	29.5983	29.6421	C6	75	60	0	0	28380	P1-1-360	0	-
377	29.6795	29.766	A6	79	65	0	0	28465	P1-1-361	0	-
378	29.7542	29.8621	C7	81	62	0	0	28551	P1-1-362	0	-
379	29.8419	29.8995	Eb7	90	68	0	0	28636	P1-1-363	0	-
380	29.9423	30.0085	B6	78	65	0	0	28721	P1-1-364	0	-
381	30.0064	30.0299	A6	63	63	0	0	28806	P1-1-365	0	-
382	30.0812	30.1175	B5	74	66	0	0	28892	P1-1-366	0	-
383	30.1666	30.219	Eb6	85	67	0	0	28977	P1-1-367	0	-
384	30.2521	30.3183	B5	73	63	0	0	29062	P1-1-368	0	-
385	30.3344	30.3643	A5	53	61	0	0	29147	P1-1-369	0	-
386	30.3921	30.4359	B4	73	65	0	0	29232	P1-1-370	0	-
387	30.4807	30.5277	Eb5	86	70	0	0	29318	P1-1-371	0	-
388	30.5694	30.6057	D5	42	56	0	0	29318	*	3	-
389	30.5822	30.6357	B4	68	65	0	0	29403	P1-1-372	0	-
390	30.6218	30.6389	Bb4	32	37	0	0	29488	*	3	-
391	30.6271	30.6613	A4	73	69	0	0	29488	P1-1-373	0	-
392	30.7126	30.7639	B3	80	62	0	0	29573	P1-1-374	0	-
393	30.7991	30.8621	Eb4	87	68	0	0	29659	P1-1-375	0	-
394	30.8878	30.9722	B3	75	65	0	0	29744	P1-1-376	0	-
395	30.9615	31.0032	A3	72	66	0	0	29829	P1-1-377	0	-
396	31.078	31.126	B2	81	64	0	0	29914	P1-1-378	0	-
397	31.0854	31.1282	C3	49	62	0	0	29914	*	3	-
398	31.1709	33.2457	E2	95	51	0	0	30000	P1-1-380	0	-
399	31.1752	33.2713	E1	91	60	0	0	30000	P1-1-379	0	-
400	31.2842	31.3483	B2	76	62	0	0	30085	P1-1-381	0	-
401	31.3921	31.4658	A3	76	63	0	0	30170	P1-1-382	0	-
402	31.4551	31.5288	B3	79	65	0	0	30255	P1-1-383	0	-
403	31.5224	31.5673	E4	77	60	0	0	30340	P1-1-384	0	-
404	31.6186	31.673	B3	78	61	0	0	30426	P1-1-385	0	-
405	31.7094	31.7991	A4	79	65	0	0	30511	P1-1-386	0	-
406	31.7842	31.8493	B4	77	68	0	0	30596	P1-1-387	0	-
407	31.8515	31.8985	E5	82	62	0	0	30681	P1-1-388	0	-
408	31.9551	31.9807	B4	81	69	0	0	30767	P1-1-389	0	-
409	32.0331	32.1207	A5	83	65	0	0	30852	P1-1-390	0	-
410	32.1089	32.1709	B5	77	65	0	0	30937	P1-1-391	0	-
411	32.1709	32.2062	E6	86	60	0	0	31022	P1-1-392	0	-
412	32.2649	32.3045	B5	71	63	0	0	31107	P1-1-393	0	-
413	32.3408	32.4765	A6	91	64	0	0	31193	P1-1-394	0	-
414	32.4369	32.547	B6	81	66	0	0	31278	P1-1-395	0	-
415	32.516	32.6004	E7	96	64	0	0	31363	P1-1-396	0	-
416	32.6143	32.7062	B6	69	65	0	0	31448	P1-1-397	0	-
417	32.6795	32.7489	G#6	75	66	0	0	31534	P1-1-398	0	-
418	32.7596	32.8002	B5	65	66	0	0	31619	P1-1-399	0	-
419	32.8493	32.9262	E6	98	61	0	0	31704	P1-1-400	0	-
420	32.9551	33.0416	B5	77	62	0	0	31789	P1-1-401	0	-
421	33.0224	33.0769	G#5	75	63	0	0	31875	P1-1-402	0	-
422	33.0865	33.1399	B4	68	61	0	0	31960	P1-1-403	0	-
423	33.1795	33.2564	E5	95	58	0	0	32045	P1-1-404	0	-
424	33.282	33.3579	B4	77	65	0	0	32130	P1-1-405	0	-
425	33.3525	33.4059	G#4	71	62	0	0	32215	P1-1-406	0	-
426	33.4273	33.4861	B3	72	61	0	0	32301	P1-1-407	0	-
427	33.5288	33.6121	E4	90	59	0	0	32386	P1-1-408	0	-
428	33.6357	33.7158	B3	71	63	0	0	32471	P1-1-409	0	-
429	33.7211	33.7692	G#3	67	62	0	0	32556	P1-1-410	0	-
430	33.8269	33.8814	B2	65	63	0	0	32642	P1-1-411	0	-
431	33.9968	34.578	A2	67	60	0	0	32727	P1-1-413	0	-
432	34	34.532	A1	65	61	0	0	32727	P1-1-412	0	-
433	34.1303	34.1944	E3	60	61	0	0	32812	P1-1-414	0	-
434	34.2072	34.2874	A3	62	62	0	0	32897	P1-1-415	0	-
435	34.2874	34.3568	C#4	69	66	0	0	32982	P1-1-416	0	-
436	34.3621	34.4017	G4	73	65	0	0	33068	P1-1-417	0	-
437	34.4636	34.5235	E4	65	58	0	0	33153	P1-1-418	0	-
438	34.5342	34.61	A4	77	65	0	0	33238	P1-1-419	0	-
439	34.6132	34.6795	C#5	74	65	0	0	33323	P1-1-420	0	-
440	34.6933	34.7265	G5	74	69	0	0	33409	P1-1-421	0	-
441	34.7767	34.8269	E5	70	54	0	0	33494	P1-1-422	0	-
442	34.8515	34.9262	A5	78	64	0	0	33579	P1-1-423	0	-
443	34.923	35.016	C#6	77	64	0	0	33664	P1-1-424	0	-
444	35.0139	35.0929	G6	86	64	0	0	33750	P1-1-425	0	-
445	35.1399	35.203	C#6	57	63	0	0	33835	P1-1-426	0	-
446	35.1965	35.2564	A5	64	61	0	0	33920	P1-1-427	0	-
447	35.2596	35.3034	E5	63	64	0	0	34005	P1-1-428	0	-
448	35.3589	35.7713	D3	66	52	0	0	34090	P1-1-431	0	-
449	35.3611	36.1175	D2	65	58	0	0	34090	P1-1-430	0	-
450	35.4102	35.4893	G6	81	66	0	0	34090	P1-1-429	0	-
451	35.5662	35.6143	C6	47	63	0	0	34176	P1-1-432	0	-
452	35.6121	35.6495	A5	71	66	0	0	34261	P1-1-433	0	-
453	35.6688	35.7083	E5	62	68	0	0	34346	P1-1-434	0	-
454	35.7564	35.8365	G5	92	63	0	0	34431	P1-1-435	0	-
455	35.8568	35.9348	C5	79	62	0	0	34517	P1-1-436	0	-
456	35.9252	35.9711	A4	70	64	0	0	34602	P1-1-437	0	-
457	35.9957	36.048	E4	73	61	0	0	34687	P1-1-438	0	-
458	36.095	36.1762	G4	89	58	0	0	34772	P1-1-439	0	-
459	36.2094	36.2799	C4	72	59	0	0	34857	P1-1-440	0	-
460	36.2713	36.3162	A3	67	66	0	0	34943	P1-1-441	0	-
461	36.3493	36.3931	E3	68	68	0	0	35028	P1-1-442	0	-
462	36.47	36.5331	F#4	79	67	0	0	35113	P1-1-443	0	-
463	36.6047	36.7094	C4	70	62	0	0	35198	P1-1-444	0	-
464	36.6891	36.7745	A3	67	56	0	0	35284	P1-1-445	0	-
465	36.7692	36.8151	D3	67	62	0	0	35369	P1-1-446	0	-
466	36.8963	38.8333	G2	79	58	0	0	35454	P1-1-448	0	-
467	36.8995	38.8579	G1	78	63	0	0	35454	P1-1-447	0	-
468	37.0384	37.0918	D3	56	63	0	0	35539	P1-1-449	0	-
469	37.0993	37.1816	G3	68	64	0	0	35625	P1-1-450	0	-
470	37.1859	37.251	C4	71	50	0	0	35710	P1-1-451	0	-
471	37.2585	37.2991	F4	76	63	0	0	35795	P1-1-452	0	-
472	37.3536	37.4092	D4	75	54	0	0	35880	P1-1-453	0	-
473	37.4252	37.5096	G4	73	62	0	0	35965	P1-1-454	0	-
474	37.5032	37.5737	C5	80	60	0	0	36051	P1-1-455	0	-
475	37.5844	37.6196	F5	79	65	0	0	36136	P1-1-456	0	-
476	37.6666	37.7371	D5	77	59	0	0	36221	P1-1-457	0	-
477	37.7403	37.8205	G5	82	65	0	0	36306	P1-1-458	0	-
478	37.8183	37.8835	C6	80	62	0	0	36392	P1-1-459	0	-
479	37.8878	37.9359	F6	84	58	0	0	36477	P1-1-460	0	-
480	37.9679	38.0438	D6	79	61	0	0	36562	P1-1-461	0	-
481	38.0448	38.1613	G6	86	65	0	0	36647	P1-1-462	0	-
482	38.126	38.2745	C7	88	63	0	0	36732	P1-1-463	0	-
483	38.2489	38.329	F7	97	61	0	0	36818	P1-1-464	0	-
484	38.3525	38.4519	B6	82	65	0	0	36903	P1-1-465	0	-
485	38.4359	38.4925	G6	80	64	0	0	36988	P1-1-466	0	-
486	38.501	38.5491	D6	69	67	0	0	37073	P1-1-467	0	-
487	38.5929	38.672	F6	94	62	0	0	37159	P1-1-468	0	-
488	38.6987	38.7916	B5	74	63	0	0	37244	P1-1-469	0	-
489	38.7585	38.8226	G5	84	65	0	0	37329	P1-1-470	0	-
490	38.8376	38.8856	D5	64	56	0	0	37414	P1-1-471	0	-
491	38.9177	39.0096	F5	94	60	0	0	37500	P1-1-472	0	-
492	39.0245	39.1271	B4	85	65	0	0	37585	P1-1-473	0	-
493	39.0993	39.1656	G4	79	64	0	0	37670	P1-1-474	0	-
494	39.1752	39.2713	D4	68	37	0	0	37755	P1-1-475	0	-
495	39.2638	39.3579	F4	89	62	0	0	37840	P1-1-476	0	-
496	39.3696	39.485	B3	83	63	0	0	37926	P1-1-477	0	-
497	39.4476	39.5459	G3	81	59	0	0	38011	P1-1-478	0	-
498	39.532	39.5993	D3	90	62	0	0	38096	P1-1-479	0	-
499	39.6869	39.8023	C3	98	60	0	0	38181	P1-1-481	0	-
500	39.6923	41.094	C2	87	61	0	0	38181	P1-1-480	0	-
501	39.8525	39.9134	C3	74	65	0	0	38267	P1-1-482	0	-
502	39.9551	40.0395	G3	73	64	0	0	38352	P1-1-483	0	-
503	40.0245	40.0918	Bb3	72	65	0	0	38437	P1-1-484	0	-
504	40.0812	40.1218	E4	77	65	0	0	38522	P1-1-485	0	-
505	40.1762	40.2435	C4	75	61	0	0	38607	P1-1-486	0	-
506	40.2649	40.3354	G4	69	62	0	0	38693	P1-1-487	0	-
507	40.3162	40.3803	Bb4	83	64	0	0	38778	P1-1-488	0	-
508	40.4027	40.4401	E5	65	68	0	0	38863	P1-1-489	0	-
509	40.4871	40.5331	C5	71	63	0	0	38948	P1-1-490	0	-
510	40.5619	40.6485	G5	85	62	0	0	39034	P1-1-491	0	-
511	40.6196	40.6944	Bb5	78	66	0	0	39119	P1-1-492	0	-
512	40.6987	40.7339	E6	78	69	0	0	39204	P1-1-493	0	-
513	40.7841	40.8664	C6	79	61	0	0	39289	P1-1-494	0	-
514	40.8568	40.9476	G6	80	65	0	0	39375	P1-1-495	0	-
515	40.938	41.0662	C7	86	63	0	0	39460	P1-1-496	0	-
516	41.0544	41.1218	Eb7	96	67	0	0	39545	P1-1-497	0	-
517	41.0587	41.7211	F#2	102	55	0	0	39545	P1-1-499	0	-
518	41.0683	42.1827	F#1	86	54	0	0	39545	P1-1-498	0	-
519	41.1891	41.2211	Bb6	65	67	0	0	39630	P1-1-500	0	-
520	41.2532	41.3205	Eb6	82	63	0	0	39715	P1-1-501	0	-
521	41.3312	41.3718	C6	63	64	0	0	39801	P1-1-502	0	-
522	41.4124	41.4658	Eb6	91	68	0	0	39886	P1-1-503	0	-
523	41.5235	41.5897	Bb5	64	62	0	0	39971	P1-1-504	0	-
524	41.5833	41.6495	Eb5	76	62	0	0	40056	P1-1-505	0	-
525	41.6805	41.704	B4	64	66	0	0	40142	*	3	-
526	41.6848	41.7243	C5	40	48	0	0	40142	P1-1-506	0	-
527	41.7574	41.8034	Eb5	93	70	0	0	40227	P1-1-507	0	-
528	41.8611	41.9551	Bb4	72	62	0	0	40312	P1-1-508	0	-
529	41.9284	42.001	Eb4	80	61	0	0	40397	P1-1-509	0	-
530	42.0096	42.0512	C4	75	66	0	0	40482	P1-1-510	0	-
531	42.1047	42.1624	Eb4	90	66	0	0	40568	P1-1-511	0	-
532	42.2211	42.2532	Bb3	64	67	0	0	40653	P1-1-512	0	-
533	42.2948	42.4305	Eb3	58	48	0	0	40738	P1-1-513	0	-
534	42.3322	42.3653	D3	53	56	0	0	40823	*	3	-
535	42.3472	42.4198	C3	81	62	0	0	40823	P1-1-514	0	-
536	42.4679	42.9668	F2	100	61	0	0	40909	P1-1-516	0	-
537	42.4754	42.9177	F1	86	61	0	0	40909	P1-1-515	0	-
538	42.5598	42.5993	C3	50	57	0	0	40994	P1-1-517	0	-
539	42.6164	42.6463	Eb3	66	69	0	0	41079	P1-1-518	0	-
540	42.7222	42.8247	A3	72	63	0	0	41164	P1-1-519	0	-
541	42.8183	42.8525	Eb4	82	64	0	0	41250	P1-1-520	0	-
542	42.9262	42.9754	C4	70	61	0	0	41335	P1-1-521	0	-
543	42.9957	43.0224	Eb4	78	72	0	0	41420	P1-1-522	0	-
544	43.0918	43.1805	A4	74	64	0	0	41505	P1-1-523	0	-
545	43.1826	43.2136	Eb5	79	69	0	0	41590	P1-1-524	0	-
546	43.2767	43.3237	C5	76	56	0	0	41676	P1-1-525	0	-
547	43.3504	43.3771	Eb5	73	65	0	0	41761	P1-1-526	0	-
548	43.407	43.4455	E5	38	59	0	0	-1	*	3	-
549	43.4337	43.5192	A5	75	64	0	0	41846	P1-1-527	0	-
550	43.4433	43.4775	F5	39	53	0	0	-1	*	3	-
551	43.5213	43.5523	Eb6	81	69	0	0	41931	P1-1-528	0	-
552	43.6111	43.673	C6	77	52	0	0	42017	P1-1-529	0	-
553	43.6976	43.7585	E6	78	60	0	0	42102	P1-1-530	1	-
554	43.7638	43.8333	A6	75	55	0	0	42187	P1-1-531	0	-
555	43.8482	44.2799	B2	105	52	0	0	42272	P1-1-534	0	-
556	43.8525	44.3621	B1	86	63	0	0	42272	P1-1-533	0	-
557	43.8568	43.9102	Eb7	90	67	0	0	42272	P1-1-532	0	-
558	43.9594	44.0534	G#6	71	65	0	0	42357	P1-1-535	0	-
559	44.0363	44.1015	Eb6	81	61	0	0	42443	P1-1-536	0	-
560	44.1089	44.1538	B5	67	64	0	0	42528	P1-1-537	0	-
561	44.1997	44.2478	Eb6	88	68	0	0	42613	P1-1-538	0	-
562	44.3012	44.3515	G#5	76	65	0	0	42698	P1-1-539	0	-
563	44.3707	44.4305	Eb5	83	62	0	0	42784	P1-1-540	0	-
564	44.4487	44.4903	B4	79	64	0	0	42869	P1-1-541	0	-
565	44.5416	44.5854	Eb5	87	70	0	0	42954	P1-1-542	0	-
566	44.641	44.7403	G#4	77	62	0	0	43039	P1-1-543	0	-
567	44.7179	44.7713	Eb4	76	60	0	0	43125	P1-1-544	0	-
568	44.7863	44.844	B3	79	59	0	0	43210	P1-1-545	0	-
569	44.8835	44.938	Eb4	92	67	0	0	43295	P1-1-546	0	-
570	44.9882	45.0886	G#3	80	64	0	0	43380	P1-1-547	0	-
571	45.0587	45.1399	Eb3	70	62	0	0	43465	P1-1-548	0	-
572	45.1271	45.1997	B2	82	62	0	0	43551	P1-1-549	0	-
573	45.2297	47.4177	Bb1	95	61	0	0	43636	P1-1-550	0	-
574	45.3536	45.3846	Bb2	65	60	0	0	43721	P1-1-551	0	-
575	45.4038	45.4519	B2	38	33	0	0	43721	*	3	-
576	45.4412	45.5	C3	23	29	0	0	43721	*	3	-
577	45.4433	45.5235	F3	71	64	0	0	43806	P1-1-552	0	-
578	45.5256	45.5769	G#3	72	66	0	0	43892	P1-1-553	0	-
579	45.5854	45.6239	D4	81	65	0	0	43977	P1-1-554	0	-
580	45.7019	45.7425	Bb3	74	68	0	0	44062	P1-1-555	0	-
581	45.7841	45.8621	F4	73	63	0	0	44147	P1-1-556	0	-
582	45.8514	45.8899	G#4	76	68	0	0	44232	P1-1-557	0	-
583	45.922	45.9594	A4	42	56	0	0	44232	*	3	-
584	45.923	45.9829	D5	81	61	0	0	44318	P1-1-558	0	-
585	46.0309	46.0662	Bb4	74	68	0	0	44403	P1-1-559	0	-
586	46.1239	46.1997	F5	77	65	0	0	44488	P1-1-560	0	-
587	46.1933	46.251	G#5	76	68	0	0	44573	P1-1-561	0	-
588	46.2574	46.3162	D6	87	61	0	0	44659	P1-1-562	0	-
589	46.3632	46.4038	Bb5	76	66	0	0	44744	P1-1-563	0	-
590	46.4594	46.5534	F6	84	62	0	0	44829	P1-1-564	0	-
591	46.5341	46.641	G#6	81	64	0	0	44914	P1-1-565	0	-
592	46.625	47.1891	Bb2	98	54	0	0	45000	P1-1-567	0	-
593	46.6282	46.7051	D7	95	60	0	0	45000	P1-1-566	0	-
594	46.7414	46.8226	G#6	70	65	0	0	45085	P1-1-568	0	-
595	46.8258	46.8707	E6	57	66	0	0	45170	P1-1-569	0	-
596	46.8301	46.8611	F6	46	58	0	0	45170	*	3	-
597	46.8856	46.9188	Bb5	70	68	0	0	45255	P1-1-570	0	-
598	46.9893	47.0598	D6	91	63	0	0	45340	P1-1-571	0	-
599	47.079	47.1901	G#5	79	64	0	0	45426	P1-1-572	0	-
600	47.1517	47.2222	E5	76	64	0	0	45511	P1-1-573	0	-
601	47.2393	47.2724	Bb4	73	65	0	0	45596	P1-1-574	0	-
602	47.3301	47.4027	D5	85	62	0	0	45681	P1-1-575	0	-
603	47.4284	47.454	G#4	69	67	0	0	45767	P1-1-576	0	-
604	47.4594	47.5608	G4	68	62	0	0	45767	*	3	-
605	47.5032	47.548	Eb4	55	58	0	0	45852	*	3	-
606	47.5331	47.5865	E4	76	62	0	0	45852	P1-1-577	0	-
607	47.6068	47.6431	Bb3	69	66	0	0	45937	P1-1-578	0	-
608	47.6976	47.7906	D4	89	61	0	0	46022	P1-1-579	0	-
609	47.7884	47.8824	G#3	89	63	0	0	46107	P1-1-580	0	-
610	47.8226	47.8568	Bb3	27	60	0	0	46107	*	3	-
611	47.8856	47.9818	E3	68	62	0	0	46193	P1-1-581	0	-
612	47.8995	47.9433	F3	41	51	0	0	46193	*	3	-
613	47.9604	48.0309	Bb2	88	61	0	0	46278	P1-1-582	0	-
614	48.1335	48.2457	A2	97	59	0	0	46363	P1-1-584	0	-
615	48.141	51.344	A1	84	54	0	0	46363	P1-1-583	0	-
616	48.3237	48.3814	A2	78	64	0	0	46448	P1-1-585	0	-
617	48.3963	48.4551	B2	16	42	0	0	46448	*	3	-
618	48.4284	48.501	E3	74	65	0	0	46534	P1-1-586	0	-
619	48.516	48.6025	A3	76	61	0	0	46619	P1-1-587	0	-
620	48.6196	48.6591	C#4	64	62	0	0	46704	P1-1-588	0	-
621	48.7179	48.7553	A3	70	66	0	0	46789	P1-1-589	0	-
622	48.7927	48.8461	E4	75	61	0	0	46875	P1-1-590	0	-
623	48.8771	48.9508	A4	66	63	0	0	46960	P1-1-591	0	-
624	48.9615	49.0331	C#5	79	62	0	0	47045	P1-1-592	0	-
625	49.0769	49.1143	A4	66	66	0	0	47130	P1-1-593	0	-
626	49.1474	49.2147	E5	78	63	0	0	47215	P1-1-594	0	-
627	49.2136	49.3023	A5	80	65	0	0	47301	P1-1-595	0	-
628	49.3141	49.3504	C#6	75	66	0	0	47386	P1-1-596	0	-
629	49.3974	49.4508	A5	79	56	0	0	47471	P1-1-597	0	-
630	49.4818	49.5576	E6	82	63	0	0	47556	P1-1-598	0	-
631	49.5534	49.6655	A6	81	62	0	0	47642	P1-1-599	0	-
632	49.6517	49.7019	C#7	93	68	0	0	47727	P1-1-600	0	-
633	49.7553	49.8023	A6	58	65	0	0	47812	P1-1-601	0	-
634	49.8151	49.8632	E6	61	65	0	0	47897	P1-1-602	0	-
635	49.9027	49.9476	A5	71	58	0	0	47982	P1-1-603	0	-
636	49.9957	50.0256	C#6	72	69	0	0	48068	P1-1-604	0	-
637	50.0737	50.1175	C6	32	53	0	0	48068	*	3	-
638	50.079	50.1431	A5	69	64	0	0	48153	P1-1-605	0	-
639	50.1527	50.1901	E5	67	69	0	0	48238	P1-1-606	0	-
640	50.2339	50.3333	A4	76	63	0	0	48323	P1-1-607	0	-
641	50.3183	50.3653	C#5	83	68	0	0	48409	P1-1-608	0	-
642	50.423	50.4861	A4	58	63	0	0	48494	P1-1-609	0	-
643	50.485	50.5224	E4	69	66	0	0	48579	P1-1-610	0	-
644	50.5758	50.6741	A3	72	53	0	0	48664	P1-1-611	0	-
645	50.6816	50.7478	C#4	72	65	0	0	48750	P1-1-612	0	-
646	50.8087	50.8846	A3	60	62	0	0	48835	P1-1-613	0	-
647	50.8974	50.9391	E3	55	65	0	0	48920	P1-1-614	0	-
648	50.9903	51.0459	A2	59	58	0	0	49005	P1-1-615	0	-
649	51.2094	52.4807	D2	67	61	0	0	49090	P1-1-616	0	-
650	51.3012	51.3739	A2	53	63	0	0	49176	P1-1-617	0	-
651	51.3792	51.4423	D3	59	63	0	0	49261	P1-1-618	0	-
652	51.4572	51.4946	F#3	65	66	0	0	49346	P1-1-619	0	-
653	51.5309	51.5694	C4	67	64	0	0	49431	P1-1-620	0	-
654	51.6324	51.6955	A3	62	61	0	0	49517	P1-1-621	0	-
655	51.7061	51.7585	D4	61	65	0	0	49602	P1-1-622	0	-
656	51.7767	51.8173	F#4	61	66	0	0	49687	P1-1-623	0	-
657	51.8504	51.8856	C5	69	66	0	0	49772	P1-1-624	0	-
658	51.9465	52.001	A4	61	60	0	0	49857	P1-1-625	0	-
659	52.0224	52.0854	D5	65	61	0	0	49943	P1-1-626	0	-
660	52.1004	52.1538	F#5	66	64	0	0	50028	P1-1-627	0	-
661	52.172	52.2093	C6	68	67	0	0	50113	P1-1-628	0	-
662	52.267	52.3098	A5	59	64	0	0	50198	P1-1-629	0	-
663	52.3429	52.3942	D6	59	65	0	0	50284	P1-1-630	0	-
664	52.4113	52.4572	F#6	61	66	0	0	50369	P1-1-631	0	-
665	52.4989	54.11	G1	54	54	0	0	50454	P1-1-633	0	-
666	52.5053	52.9134	G2	46	33	0	0	50454	P1-1-634	0	-
667	52.5053	52.5769	C7	75	61	0	0	50454	P1-1-632	0	-
668	52.6239	52.688	F6	51	64	0	0	50539	P1-1-635	0	-
669	52.7008	52.7414	D6	64	64	0	0	50625	P1-1-636	0	-
670	52.7745	52.8162	G5	55	62	0	0	50710	P1-1-637	0	-
671	52.86	52.938	C6	83	60	0	0	50795	P1-1-638	0	-
672	52.9636	53.0534	F5	75	64	0	0	50880	P1-1-639	0	-
673	53.0373	53.1057	D5	74	61	0	0	50965	P1-1-640	0	-
674	53.1153	53.2638	G4	69	62	0	0	51051	P1-1-641	0	-
675	53.2446	53.3536	C5	90	59	0	0	51136	P1-1-642	0	-
676	53.3835	53.4818	F4	71	63	0	0	51221	P1-1-643	0	-
677	53.4754	53.5235	D4	70	63	0	0	51306	P1-1-644	0	-
678	53.5459	53.6004	G3	62	60	0	0	51392	P1-1-645	0	-
679	53.6378	53.7382	B3	91	62	0	0	51477	P1-1-646	0	-
680	53.7499	53.8333	F3	72	63	0	0	51562	P1-1-647	0	-
681	53.8247	53.8696	D3	67	63	0	0	51647	P1-1-648	0	-
682	53.9337	53.9935	G2	63	61	0	0	51732	P1-1-649	0	-
683	54.0213	55.3269	C2	79	58	0	0	51818	P1-1-650	0	-
684	54.1314	54.2115	G2	57	64	0	0	51903	P1-1-651	0	-
685	54.2179	54.2927	C3	65	61	0	0	51988	P1-1-652	0	-
686	54.2959	54.3557	E3	66	65	0	0	52073	P1-1-653	0	-
687	54.3664	54.407	B3	75	67	0	0	52159	P1-1-654	0	-
688	54.4807	54.5363	G3	53	67	0	0	52244	P1-1-655	0	-
689	54.5384	54.6153	C4	67	63	0	0	52329	P1-1-656	0	-
690	54.6196	54.6794	E4	69	60	0	0	52414	P1-1-657	0	-
691	54.6901	54.7264	B4	74	66	0	0	52500	P1-1-658	0	-
692	54.7895	54.8546	G4	60	62	0	0	52585	P1-1-659	0	-
693	54.8557	54.9284	C5	68	64	0	0	52670	P1-1-660	0	-
694	54.9358	54.9882	E5	67	58	0	0	52755	P1-1-661	0	-
695	55.0042	55.048	B5	73	60	0	0	52840	P1-1-662	0	-
696	55.1036	55.1634	G5	57	61	0	0	52926	P1-1-663	0	-
697	55.172	55.2499	C6	68	61	0	0	53011	P1-1-664	0	-
698	55.2606	55.3205	E6	57	58	0	0	53096	P1-1-665	0	-
699	55.3194	56.9487	F1	51	41	0	0	53181	P1-1-667	0	-
700	55.3322	55.7104	F2	49	45	0	0	53181	P1-1-668	0	-
701	55.3536	55.4326	B6	73	63	0	0	53181	P1-1-666	0	-
702	55.5373	55.5758	C6	68	67	0	0	53352	P1-1-670	0	-
703	55.6111	55.6666	F5	54	57	0	0	53437	P1-1-671	0	-
704	55.6923	55.7756	B5	83	61	0	0	53522	P1-1-672	0	-
705	55.7948	55.8984	E5	75	63	0	0	53607	P1-1-673	0	-
706	55.8675	55.9401	C5	81	64	0	0	53693	P1-1-674	0	-
707	55.9487	56.0982	F4	69	63	0	0	53778	P1-1-675	0	-
708	56.0737	56.1933	B4	91	65	0	0	53863	P1-1-676	0	-
709	56.2051	56.2991	E4	77	62	0	0	53948	P1-1-677	0	-
710	56.2873	56.3472	C4	75	59	0	0	54034	P1-1-678	0	-
711	56.3653	56.4369	F3	65	51	0	0	54119	P1-1-679	0	-
712	56.4572	56.5608	A3	87	59	0	0	54204	P1-1-680	0	-
713	56.5662	56.6591	E3	76	63	0	0	54289	P1-1-681	0	-
714	56.6367	56.7029	C3	73	60	0	0	54375	P1-1-682	0	-
715	56.7478	56.8183	F2	68	62	0	0	54460	P1-1-683	0	-
716	56.8386	58.1837	B1	83	63	0	0	54545	P1-1-684	0	-
717	56.9455	57.0213	F2	67	65	0	0	54630	P1-1-685	0	-
718	57.0363	57.1185	B2	68	62	0	0	54715	P1-1-686	0	-
719	57.1121	57.1858	D3	68	60	0	0	54801	P1-1-687	0	-
720	57.1955	57.235	A3	73	66	0	0	54886	P1-1-688	0	-
721	57.2895	57.3707	F3	69	64	0	0	54971	P1-1-689	0	-
722	57.3717	57.4487	B3	74	65	0	0	55056	P1-1-690	0	-
723	57.4508	57.5181	D4	70	62	0	0	55142	P1-1-691	0	-
724	57.5224	57.5598	A4	77	65	0	0	55227	P1-1-692	0	-
725	57.626	57.688	F4	62	62	0	0	55312	P1-1-693	0	-
726	57.7019	57.7724	B4	72	65	0	0	55397	P1-1-694	0	-
727	57.7937	57.8333	D5	50	58	0	0	55482	P1-1-695	0	-
728	57.8525	57.9006	A5	75	59	0	0	55568	P1-1-696	0	-
729	57.9455	58.0149	F5	62	59	0	0	55653	P1-1-697	0	-
730	58.0234	58.1185	B5	72	59	0	0	55738	P1-1-698	0	-
731	58.1153	58.1965	D6	64	57	0	0	55823	P1-1-699	0	-
732	58.2072	58.3803	E1	62	60	0	0	55909	P1-1-701	0	-
733	58.2158	58.4091	E2	51	58	0	0	55909	P1-1-702	0	-
734	58.2296	58.3183	G6	70	66	0	0	55909	P1-1-700	0	-
735	58.3504	58.4123	D6	53	63	0	0	55994	P1-1-703	0	-
736	58.4134	58.4593	B5	66	63	0	0	56079	P1-1-704	0	-
737	58.4818	58.5256	E5	59	67	0	0	56164	P1-1-705	0	-
738	58.5843	58.6549	G5	85	62	0	0	56250	P1-1-706	0	-
739	58.6794	58.7617	D5	69	62	0	0	56335	P1-1-707	0	-
740	58.751	58.8183	B4	69	64	0	0	56420	P1-1-708	0	-
741	58.8258	58.9433	E4	67	62	0	0	56505	P1-1-709	0	-
742	58.9326	59.0256	A4	77	65	0	0	56590	P1-1-710	0	-
743	58.9572	59.1495	A1	65	61	0	0	56590	P1-1-711	0	-
744	58.9583	59.1175	A2	70	63	0	0	56590	P1-1-712	0	-
745	58.9583	59.063	B2	75	63	0	0	56590	*	3	-
746	59.0309	59.0843	C5	68	57	0	0	56676	P1-1-713	0	-
747	59.1004	59.1356	G5	81	66	0	0	56761	P1-1-714	0	-
748	59.1858	59.2873	E5	78	60	0	0	56846	P1-1-715	0	-
749	59.2713	59.3568	A5	90	64	0	0	56931	P1-1-716	0	-
750	59.3429	59.4059	C6	79	64	0	0	57017	P1-1-717	0	-
751	59.4348	59.5309	G6	92	66	0	0	57102	P1-1-718	0	-
752	59.5213	59.6527	E6	86	61	0	0	57187	P1-1-719	0	-
753	59.6356	59.7286	F6	93	62	0	0	57272	P1-1-720	0	-
754	59.6463	59.8258	D2	93	61	0	0	57272	P1-1-722	0	-
755	59.6516	59.8034	D1	81	63	0	0	57272	P1-1-721	0	-
756	59.7446	59.8525	C6	75	61	0	0	57357	P1-1-723	0	-
757	59.8183	59.8995	A5	82	66	0	0	57443	P1-1-724	0	-
758	59.8995	59.9593	D5	72	60	0	0	57528	P1-1-725	0	-
759	59.9957	60.0715	F5	90	62	0	0	57613	P1-1-726	0	-
760	60.0843	60.1933	C5	83	64	0	0	57698	P1-1-727	0	-
761	60.1602	60.2446	A4	81	62	0	0	57784	P1-1-728	0	-
762	60.2457	60.3611	D4	75	64	0	0	57869	P1-1-729	0	-
763	60.344	60.4989	G2	101	64	0	0	57954	P1-1-732	0	-
764	60.3493	60.4444	G4	82	63	0	0	57954	P1-1-730	0	-
765	60.3514	60.516	G1	83	63	0	0	57954	P1-1-731	0	-
766	60.4348	60.5063	B4	77	64	0	0	58039	P1-1-733	0	-
767	60.5181	60.5662	F5	84	63	0	0	58125	P1-1-734	0	-
768	60.6132	60.7093	D5	80	58	0	0	58210	P1-1-735	0	-
769	60.7008	60.7948	G5	94	65	0	0	58295	P1-1-736	0	-
770	60.7766	60.8365	B5	84	63	0	0	58380	P1-1-737	0	-
771	60.8525	60.9593	F6	94	62	0	0	58465	P1-1-738	0	-
772	60.939	61.079	D6	90	62	0	0	58551	P1-1-739	0	-
773	61.0491	61.2168	C2	101	63	0	0	58636	P1-1-742	0	-
774	61.0502	61.1858	C1	85	64	0	0	58636	P1-1-741	0	-
775	61.0598	61.1602	E6	97	63	0	0	58636	P1-1-740	0	-
776	61.1613	61.2617	B5	86	63	0	0	58721	P1-1-743	0	-
777	61.2414	61.313	G5	80	65	0	0	58806	P1-1-744	0	-
778	61.314	61.36	C5	76	63	0	0	58892	P1-1-745	0	-
779	61.3995	61.4807	E5	93	62	0	0	58977	P1-1-746	0	-
780	61.4957	61.6014	B4	83	65	0	0	59062	P1-1-747	0	-
781	61.564	61.6484	G4	77	62	0	0	59147	P1-1-748	0	-
782	61.6516	61.7638	C4	74	63	0	0	59232	P1-1-749	0	-
783	61.735	61.9049	F2	102	64	0	0	59318	P1-1-752	0	-
784	61.7403	61.8942	F1	86	62	0	0	59318	P1-1-751	0	-
785	61.7574	61.8461	F4	82	65	0	0	59318	P1-1-750	0	-
786	61.8482	61.9198	A4	78	64	0	0	59403	P1-1-753	0	-
787	61.9166	61.9754	E5	83	62	0	0	59488	P1-1-754	0	-
788	62.0138	62.1004	C5	86	60	0	0	59573	P1-1-755	0	-
789	62.1046	62.2125	F5	88	63	0	0	59659	P1-1-756	0	-
790	62.1912	62.2563	A5	84	65	0	0	59744	P1-1-757	0	-
791	62.267	62.3878	E6	96	61	0	0	59829	P1-1-758	0	-
792	62.3664	62.5202	C6	86	60	0	0	59914	P1-1-759	0	-
793	62.4989	62.6089	D6	92	62	0	0	60000	P1-1-760	0	-
794	62.4999	62.8023	B2	104	53	0	0	60000	P1-1-762	0	-
795	62.5053	62.7895	B1	81	61	0	0	60000	P1-1-761	0	-
796	62.6089	62.6869	A5	84	65	0	0	60085	P1-1-763	0	-
797	62.6997	62.7457	F5	59	66	0	0	60170	P1-1-764	0	-
798	62.7254	62.766	G5	35	51	0	0	60170	*	3	-
799	62.7531	62.8023	B4	72	63	0	0	60255	P1-1-765	0	-
800	62.8407	62.9273	D5	92	58	0	0	60340	P1-1-766	0	-
801	62.9444	63.0363	A4	82	63	0	0	60426	P1-1-767	0	-
802	63.0074	63.0779	F4	74	64	0	0	60511	P1-1-768	0	-
803	63.0865	63.1335	B3	76	64	0	0	60596	P1-1-769	0	-
804	63.1794	63.2606	D4	88	61	0	0	60681	P1-1-770	0	-
805	63.2756	63.3536	A3	75	63	0	0	60767	P1-1-771	0	-
806	63.3343	63.3899	F3	76	63	0	0	60852	P1-1-772	0	-
807	63.438	63.485	B2	79	63	0	0	60937	P1-1-773	0	-
808	63.5373	64.719	B1	92	63	0	0	61022	P1-1-774	0	-
809	63.9433	64.0128	Eb6	95	66	0	0	61363	P1-1-775	0	-
810	63.9497	64.6559	B2	106	54	0	0	61363	P1-1-776	0	-
811	64.0416	64.1207	A5	76	62	0	0	61448	P1-1-777	0	-
812	64.1121	64.1634	F#5	76	60	0	0	61534	P1-1-778	0	-
813	64.1965	64.2393	B4	75	61	0	0	61619	P1-1-779	0	-
814	64.2873	64.3653	Eb5	82	67	0	0	61704	P1-1-780	0	-
815	64.3685	64.4625	A4	72	65	0	0	61789	P1-1-781	0	-
816	64.4593	64.4978	F#4	44	58	0	0	61875	P1-1-782	0	-
817	64.5106	64.5651	F4	24	42	0	0	61875	*	3	-
818	64.5352	64.6068	B3	76	80	0	0	61960	P1-1-783	0	-
819	64.6249	64.7254	Eb4	86	66	0	0	62045	P1-1-784	0	-
820	64.72	64.8482	A3	79	62	0	0	62130	P1-1-785	0	-
821	64.8055	64.9134	F#3	81	63	0	0	62215	P1-1-786	0	-
822	64.9166	64.9978	B2	91	62	0	0	62301	P1-1-787	0	-
823	65.0822	65.642	B1	97	55	0	0	62386	P1-1-788	0	-
824	65.6089	67.7788	E2	101	58	0	0	62727	P1-1-790	0	-
825	65.6132	67.8546	E1	94	57	0	0	62727	P1-1-789	0	-
826	65.7959	65.9187	B2	90	59	0	0	62812	P1-1-791	0	-
827	65.9305	66.0256	E3	80	65	0	0	62897	P1-1-792	0	-
828	66.0224	66.0897	G#3	80	65	0	0	62982	P1-1-793	0	-
829	66.1143	66.157	E4	81	64	0	0	63068	P1-1-794	0	-
830	66.2147	66.282	B3	80	57	0	0	63153	P1-1-795	0	-
831	66.2831	66.361	E4	84	65	0	0	63238	P1-1-796	0	-
832	66.3621	66.4155	G#4	84	66	0	0	63323	P1-1-797	0	-
833	66.4444	66.4764	E5	81	66	0	0	63409	P1-1-798	0	-
834	66.5352	66.6078	B4	76	63	0	0	63494	P1-1-799	0	-
835	66.6004	66.6837	E5	82	66	0	0	63579	P1-1-800	0	-
836	66.6794	66.7392	G#5	84	67	0	0	63664	P1-1-801	0	-
837	66.7638	66.8044	E6	84	61	0	0	63750	P1-1-802	0	-
838	66.8589	66.9059	B5	75	53	0	0	63835	P1-1-803	0	-
839	66.9198	67.0202	E6	85	63	0	0	63920	P1-1-804	0	-
840	66.9989	67.0737	G#6	84	66	0	0	64005	P1-1-805	0	-
841	67.1004	67.1655	E7	94	66	0	0	64090	P1-1-806	0	-
842	67.2157	67.2884	G#6	64	41	0	0	64176	P1-1-807	0	-
843	67.2638	67.3269	E6	69	63	0	0	64261	P1-1-808	0	-
844	67.3354	67.3749	B5	65	65	0	0	64346	P1-1-809	0	-
845	67.423	67.5106	E6	93	64	0	0	64431	P1-1-810	0	-
846	67.5288	67.6335	G#5	85	63	0	0	64516	P1-1-811	0	-
847	67.6004	67.6581	E5	76	61	0	0	64602	P1-1-812	0	-
848	67.6869	67.7232	B4	71	68	0	0	64687	P1-1-813	0	-
849	67.7788	67.8931	E5	92	64	0	0	64772	P1-1-814	0	-
850	67.8899	68.0331	G#4	88	65	0	0	64857	P1-1-815	0	-
851	67.9807	68.0769	E4	81	52	0	0	64943	P1-1-816	0	-
852	68.0843	68.1826	B3	90	60	0	0	65028	P1-1-817	0	-
853	68.2286	68.4123	F4	94	63	0	0	65113	P1-1-818	0	-
854	68.2328	68.3621	D2	106	62	0	0	65113	P1-1-820	0	-
855	68.2371	68.3653	D1	82	62	0	0	65113	P1-1-819	0	-
856	68.4091	68.6185	B3	94	62	0	0	65198	P1-1-821	0	-
857	68.5534	68.7414	G3	90	59	0	0	65284	P1-1-822	0	-
858	68.7093	68.8098	D3	97	60	0	0	65369	P1-1-823	0	-
859	68.9123	71.0619	C2	100	59	0	0	65454	P1-1-825	0	-
860	68.9155	69.3664	C1	101	62	0	0	65454	P1-1-824	0	-
861	69.1581	69.2702	C3	92	62	0	0	65539	P1-1-826	0	-
862	69.298	69.3878	G3	79	65	0	0	65625	P1-1-827	0	-
863	69.3867	69.4679	C4	74	62	0	0	65710	P1-1-828	0	-
864	69.4508	69.5042	E4	81	61	0	0	65795	P1-1-829	0	-
865	69.5533	69.6292	C4	75	59	0	0	65880	P1-1-830	0	-
866	69.6313	69.7115	G4	78	64	0	0	65965	P1-1-831	0	-
867	69.7029	69.7895	C5	79	62	0	0	66051	P1-1-832	0	-
868	69.7756	69.8204	E5	86	62	0	0	66136	P1-1-833	0	-
869	69.8696	69.9412	C5	81	62	0	0	66221	P1-1-834	0	-
870	69.9454	70.0395	G5	84	64	0	0	66306	P1-1-835	0	-
871	70.0234	70.1164	C6	86	61	0	0	66392	P1-1-836	0	-
872	70.1057	70.1474	E6	90	59	0	0	66477	P1-1-837	0	-
873	70.1933	70.2692	C6	77	53	0	0	66562	P1-1-838	0	-
874	70.2788	70.407	G6	89	68	0	0	66647	P1-1-839	0	-
875	70.3557	70.5021	C7	88	64	0	0	66732	P1-1-840	0	-
876	70.485	70.5694	E7	95	60	0	0	66818	P1-1-841	0	-
877	70.4967	70.891	C3	102	53	0	0	66818	P1-1-842	0	-
878	70.611	70.6645	C7	62	60	0	0	66903	P1-1-843	0	-
879	70.6634	70.7328	G6	78	66	0	0	66988	P1-1-844	0	-
880	70.7446	70.7873	C6	68	65	0	0	67073	P1-1-845	0	-
881	70.8365	70.923	E6	94	57	0	0	67159	P1-1-846	0	-
882	70.9305	71.0085	C6	72	62	0	0	67244	P1-1-847	0	-
883	70.9978	71.0694	G5	77	63	0	0	67329	P1-1-848	0	-
884	71.0747	71.1217	C5	73	63	0	0	67414	P1-1-849	0	-
885	71.1709	71.2563	E5	94	62	0	0	67500	P1-1-850	0	-
886	71.2734	71.3525	C5	72	63	0	0	67585	P1-1-851	0	-
887	71.3472	71.4155	G4	73	63	0	0	67670	P1-1-852	0	-
888	71.4187	71.4647	C4	73	64	0	0	67755	P1-1-853	0	-
889	71.5224	71.6164	E4	94	59	0	0	67840	P1-1-854	0	-
890	71.6292	71.7392	C4	69	59	0	0	67926	P1-1-855	0	-
891	71.6933	71.8333	G3	73	58	0	0	68011	P1-1-856	0	-
892	71.7713	71.8493	C3	81	62	0	0	68096	P1-1-857	0	-
893	71.9048	72.2777	F2	100	56	0	0	68181	P1-1-859	0	-
894	71.9091	72.3792	F1	85	62	0	0	68181	P1-1-858	0	-
895	72.0373	72.1153	C3	75	62	0	0	68267	P1-1-860	0	-
896	72.1313	72.2093	A3	71	63	0	0	68352	P1-1-861	0	-
897	72.2008	72.282	C4	74	62	0	0	68437	P1-1-862	0	-
898	72.2681	72.3066	F4	73	66	0	0	68522	P1-1-863	0	-
899	72.3621	72.4283	C4	73	61	0	0	68607	P1-1-864	0	-
900	72.4454	72.5277	A4	80	66	0	0	68693	P1-1-865	0	-
901	72.5213	72.5971	C5	84	64	0	0	68778	P1-1-866	0	-
902	72.5918	72.6313	F5	82	63	0	0	68863	P1-1-867	0	-
903	72.6858	72.7414	C5	81	58	0	0	68948	P1-1-868	0	-
904	72.7681	72.8514	A5	84	65	0	0	69034	P1-1-869	0	-
905	72.8407	72.9209	C6	83	64	0	0	69119	P1-1-870	0	-
906	72.9123	72.9529	F6	84	63	0	0	69204	P1-1-871	0	-
907	73.0031	73.0683	C6	78	61	0	0	69289	P1-1-872	0	-
908	73.0939	73.2093	A6	85	62	0	0	69375	P1-1-873	0	-
909	73.1837	73.3151	C7	82	62	0	0	69460	P1-1-874	0	-
910	73.2756	74.5448	F#2	98	62	0	0	69545	P1-1-877	0	-
911	73.2788	74.5533	F#1	87	61	0	0	69545	P1-1-876	0	-
912	73.2895	73.3888	E7	93	62	0	0	69545	P1-1-875	0	-
913	73.4102	73.4743	C7	61	63	0	0	69630	P1-1-878	0	-
914	73.4721	73.5234	A6	74	62	0	0	69715	P1-1-879	0	-
915	73.5427	73.5939	C6	68	62	0	0	69801	P1-1-880	0	-
916	73.6388	73.7254	E6	93	61	0	0	69886	P1-1-881	0	-
917	73.7457	73.829	C6	68	63	0	0	69971	P1-1-882	0	-
918	73.8044	73.8717	A5	78	66	0	0	70056	P1-1-883	0	-
919	73.8899	74.0042	C5	77	80	0	0	70142	P1-1-884	0	-
920	74.017	74.1516	E5	93	63	0	0	70227	P1-1-885	0	-
921	74.1474	74.2414	C5	73	63	0	0	70312	P1-1-886	0	-
922	74.2264	74.2884	A4	74	65	0	0	70397	P1-1-887	0	-
923	74.313	74.361	C4	69	64	0	0	70482	P1-1-888	0	-
924	74.407	74.5533	D4	88	59	0	0	70568	P1-1-889	0	-
925	74.5053	74.6089	C4	71	61	0	0	70653	P1-1-890	0	-
926	74.5587	74.6495	A3	70	63	0	0	70738	P1-1-891	0	-
927	74.6313	74.6751	C3	83	64	0	0	70823	P1-1-892	0	-
928	74.7702	75.0192	G2	98	61	0	0	70909	P1-1-894	0	-
929	74.7756	75.0234	G1	87	63	0	0	70909	P1-1-893	0	-
930	74.8899	74.9721	B2	76	63	0	0	70994	P1-1-895	0	-
931	74.9871	75.0801	G3	76	64	0	0	71079	P1-1-896	0	-
932	75.0619	75.1538	B3	75	63	0	0	71164	P1-1-897	0	-
933	75.1292	75.1912	D4	74	62	0	0	71250	P1-1-898	0	-
934	75.2307	75.3044	B3	75	61	0	0	71335	P1-1-899	0	-
935	75.3151	75.4155	G4	79	63	0	0	71420	P1-1-900	0	-
936	75.4091	75.5063	B4	77	64	0	0	71505	P1-1-901	0	-
937	75.4764	75.6848	F#2	97	63	0	0	71590	P1-1-904	0	-
938	75.4807	75.6538	F#1	83	61	0	0	71590	P1-1-903	0	-
939	75.4839	75.5533	D5	76	62	0	0	71590	P1-1-902	0	-
940	75.6004	75.6698	B4	78	61	0	0	71676	P1-1-905	0	-
941	75.6869	75.7991	G5	77	63	0	0	71761	P1-1-906	0	-
942	75.7724	75.8803	B5	79	62	0	0	71846	P1-1-907	0	-
943	75.8557	76.0822	E2	103	54	0	0	71931	P1-1-910	0	-
944	75.86	76.1164	E1	89	57	0	0	71931	P1-1-909	0	-
945	75.8632	75.9358	D6	81	62	0	0	71931	P1-1-908	0	-
946	75.986	76.0512	B5	80	60	0	0	72017	P1-1-911	0	-
947	76.079	76.2104	G6	88	65	0	0	72102	P1-1-912	0	-
948	76.1741	76.3119	A6	81	66	0	0	72187	P1-1-913	0	-
949	76.2873	76.3835	D7	93	55	0	0	72272	P1-1-914	0	-
950	76.2916	76.8557	D2	101	56	0	0	72272	P1-1-916	0	-
951	76.2927	76.8632	D1	92	59	0	0	72272	P1-1-915	0	-
952	76.4102	76.5042	A6	68	64	0	0	72357	P1-1-917	0	-
953	76.4743	76.5555	F#6	81	65	0	0	72443	P1-1-918	0	-
954	76.5555	76.6004	C6	70	64	0	0	72528	P1-1-919	0	-
955	76.6559	76.7489	D6	93	60	0	0	72613	P1-1-920	0	-
956	76.7617	76.8578	A5	78	64	0	0	72698	P1-1-921	0	-
957	76.8258	76.8974	F#5	79	63	0	0	72784	P1-1-922	0	-
958	76.8931	76.9358	C5	70	65	0	0	72869	P1-1-923	0	-
959	76.9956	77.0843	D5	84	59	0	0	72954	P1-1-924	0	-
960	77.1004	77.1848	A4	75	63	0	0	73039	P1-1-925	0	-
961	77.158	77.2328	F#4	72	63	0	0	73125	P1-1-926	0	-
962	77.2264	77.2713	C4	70	66	0	0	73210	P1-1-927	0	-
963	77.3354	77.4465	D4	88	58	0	0	73295	P1-1-928	0	-
964	77.438	77.533	A3	76	62	0	0	73380	P1-1-929	0	-
965	77.5095	77.6239	F#3	77	60	0	0	73465	P1-1-930	0	-
966	77.6025	77.7029	C3	74	60	0	0	73551	P1-1-931	0	-
967	77.7243	79.9486	G2	97	48	0	0	73636	P1-1-933	0	-
968	77.7328	80.0897	G1	88	62	0	0	73636	P1-1-932	0	-
969	77.8375	77.9326	C3	65	62	0	0	73721	P1-1-934	0	-
970	77.9273	78.0298	F3	74	62	0	0	73806	P1-1-935	0	-
971	78.0063	78.0843	G#3	73	66	0	0	73892	P1-1-936	0	-
972	78.0843	78.1292	D4	74	62	0	0	73977	P1-1-937	0	-
973	78.188	78.2724	C4	75	60	0	0	74062	P1-1-938	0	-
974	78.2638	78.3536	F4	74	63	0	0	74147	P1-1-939	0	-
975	78.3386	78.4027	G#4	77	67	0	0	74232	P1-1-940	0	-
976	78.4134	78.4497	D5	72	63	0	0	74318	P1-1-941	0	-
977	78.5063	78.5971	C5	79	58	0	0	74403	P1-1-942	0	-
978	78.5822	78.6837	F5	81	63	0	0	74488	P1-1-943	0	-
979	78.6634	78.7318	G#5	80	67	0	0	74573	P1-1-944	0	-
980	78.735	78.7766	D6	81	63	0	0	74659	P1-1-945	0	-
981	78.8429	78.9529	C6	72	58	0	0	74744	P1-1-946	0	-
982	78.908	79.0352	F6	87	63	0	0	74829	P1-1-947	0	-
983	78.9956	79.111	G#6	83	66	0	0	74914	P1-1-948	0	-
984	79.1206	79.2211	D7	94	65	0	0	75000	P1-1-949	0	-
985	79.2275	79.3183	G6	78	65	0	0	75085	P1-1-950	0	-
986	79.2991	79.3514	F6	79	61	0	0	75170	P1-1-951	0	-
987	79.3664	79.4102	B5	63	64	0	0	75255	P1-1-952	0	-
988	79.4454	79.5341	D6	92	61	0	0	75340	P1-1-953	0	-
989	79.548	79.6399	G5	84	64	0	0	75426	P1-1-954	0	-
990	79.6217	79.6847	F5	78	63	0	0	75511	P1-1-955	0	-
991	79.6944	79.7467	B4	69	65	0	0	75596	P1-1-956	0	-
992	79.7809	79.8653	D5	87	60	0	0	75681	P1-1-957	0	-
993	79.8909	79.9743	G4	70	63	0	0	75767	P1-1-958	0	-
994	79.9657	80.0106	F4	66	67	0	0	75852	P1-1-959	0	-
995	80.0074	80.0074	E4	42	127	0	0	75852	*	3	-
996	80.0576	80.1794	B3	79	65	0	0	75937	P1-1-960	0	-
997	80.157	80.2286	Eb4	85	67	0	0	76022	P1-1-961	0	-
998	80.3001	80.4134	G3	73	64	0	0	76107	P1-1-962	0	-
999	80.3365	80.3899	F3	58	80	0	0	76193	*	3	-
1000	80.3899	80.5085	F3	57	64	0	0	76193	P1-1-963	0	-
1001	80.4914	80.5533	B2	87	61	0	0	76278	P1-1-964	0	-
1002	80.6442	80.7724	C3	90	60	0	0	76363	P1-1-966	0	-
1003	80.6463	82.6078	C2	79	60	0	0	76363	P1-1-965	0	-
1004	80.8076	80.8728	C3	70	65	0	0	76448	P1-1-967	0	-
1005	80.8974	80.9818	G3	76	65	0	0	76534	P1-1-968	0	-
1006	80.9828	81.0694	C4	72	61	0	0	76619	P1-1-969	0	-
1007	81.0459	81.0843	E4	77	63	0	0	76704	P1-1-970	0	-
1008	81.1377	81.2136	C4	65	63	0	0	76789	P1-1-971	0	-
1009	81.2168	81.2873	G4	73	64	0	0	76875	P1-1-972	0	-
1010	81.2873	81.3728	C5	77	63	0	0	76960	P1-1-973	0	-
1011	81.3503	81.3974	E5	81	64	0	0	77045	P1-1-974	0	-
1012	81.4486	81.5277	C5	70	64	0	0	77130	P1-1-975	0	-
1013	81.5224	81.6089	G5	82	65	0	0	77215	P1-1-976	0	-
1014	81.6046	81.689	C6	77	61	0	0	77301	P1-1-977	0	-
1015	81.6741	81.7115	E6	85	66	0	0	77386	P1-1-978	0	-
1016	81.7595	81.8429	C6	70	60	0	0	77471	P1-1-979	0	-
1017	81.8354	81.9636	G6	86	65	0	0	77556	P1-1-980	0	-
1018	81.9241	82.0779	C7	83	63	0	0	77642	P1-1-981	0	-
1019	82.0533	82.1452	E7	97	63	0	0	77727	P1-1-982	0	-
1020	82.1666	82.2168	C7	61	62	0	0	77812	P1-1-983	0	-
1021	82.2371	82.2734	G6	74	68	0	0	77897	P1-1-984	0	-
1022	82.3055	82.3471	C6	63	64	0	0	77982	P1-1-985	0	-
1023	82.3877	82.4743	E6	94	59	0	0	78068	P1-1-986	0	-
1024	82.4871	82.5608	C6	68	62	0	0	78153	P1-1-987	0	-
1025	82.5544	82.6164	G5	75	61	0	0	78238	P1-1-988	0	-
1026	82.6313	82.6751	C5	67	66	0	0	78323	P1-1-989	0	-
1027	82.7243	82.8076	E5	92	62	0	0	78409	P1-1-990	0	-
1028	82.8279	82.8963	C5	72	62	0	0	78494	P1-1-991	0	-
1029	82.8888	82.9518	G4	67	62	0	0	78579	P1-1-992	0	-
1030	82.9615	83.0063	C4	65	62	0	0	78664	P1-1-993	0	-
1031	83.063	83.1399	E4	84	61	0	0	78750	P1-1-994	0	-
1032	83.1527	83.2542	C4	62	61	0	0	78835	P1-1-995	0	-
1033	83.2253	83.36	G3	69	61	0	0	78920	P1-1-996	0	-
1034	83.2916	83.3503	C3	68	62	0	0	79005	P1-1-997	0	-
1035	83.4241	85.5117	A2	84	60	0	0	79090	P1-1-999	0	-
1036	83.4337	85.4967	A1	74	60	0	0	79090	P1-1-998	0	-
1037	83.5448	83.6078	C3	62	62	0	0	79176	P1-1-1000	0	-
1038	83.6142	83.6858	F3	69	64	0	0	79261	P1-1-1001	0	-
1039	83.6944	83.7873	C4	74	61	0	0	79346	P1-1-1002	0	-
1040	83.7809	83.8247	F4	78	56	0	0	79431	P1-1-1003	0	-
1041	83.8653	83.939	C4	61	61	0	0	79517	P1-1-1004	0	-
1042	83.9422	84.0213	F4	70	62	0	0	79602	P1-1-1005	0	-
1043	84.0213	84.1014	C5	81	61	0	0	79687	P1-1-1006	0	-
1044	84.1035	84.1409	F5	79	62	0	0	79772	P1-1-1007	0	-
1045	84.1954	84.2467	C5	63	64	0	0	79857	P1-1-1008	0	-
1046	84.2606	84.3397	F5	74	65	0	0	79943	P1-1-1009	0	-
1047	84.3365	84.408	C6	76	62	0	0	80028	P1-1-1010	0	-
1048	84.4144	84.4518	F6	83	60	0	0	80113	P1-1-1011	0	-
1049	84.5053	84.5565	C6	66	59	0	0	80198	P1-1-1012	0	-
1050	84.5694	84.6794	F6	81	62	0	0	80284	P1-1-1013	0	-
1051	84.6655	84.7969	C7	82	64	0	0	80369	P1-1-1014	0	-
1052	84.7788	84.8568	E7	93	65	0	0	80454	P1-1-1015	0	-
1053	84.8813	84.9305	C7	59	63	0	0	80539	P1-1-1016	0	-
1054	84.9454	85.0085	F#6	80	62	0	0	80625	P1-1-1017	0	-
1055	85.0074	85.0469	C6	67	66	0	0	80710	P1-1-1018	0	-
1056	85.1153	85.173	E6	79	64	0	0	80795	P1-1-1019	0	-
1057	85.1249	85.2093	D6	72	62	0	0	-1	*	3	-
1058	85.2018	85.3311	C6	45	44	0	0	80880	P1-1-1020	0	-
1059	85.3493	85.4134	C5	72	63	0	0	81051	P1-1-1022	0	-
1060	85.4593	85.5181	Eb5	84	66	0	0	81136	P1-1-1023	0	-
1061	85.5362	85.6196	D2	17	42	0	0	-1	*	3	-
1062	85.5704	85.6345	C5	71	66	0	0	81221	P1-1-1024	0	-
1063	85.6463	85.704	F#4	74	62	0	0	81306	P1-1-1025	0	-
1064	85.7403	85.8055	C4	71	61	0	0	81392	P1-1-1026	0	-
1065	85.8578	85.9529	Eb4	74	64	0	0	81477	P1-1-1027	0	-
1066	85.861	86.1089	G#1	65	61	0	0	81477	P1-1-1028	0	-
1067	85.8632	86.1185	G#2	69	63	0	0	81477	P1-1-1029	0	-
1068	85.9796	86.0565	C4	63	62	0	0	81562	P1-1-1030	0	-
1069	86.0747	86.1773	F#3	69	61	0	0	81647	P1-1-1031	0	-
1070	86.1623	86.2243	C3	63	62	0	0	81732	P1-1-1032	0	-
1071	86.2841	88.3236	G2	80	53	0	0	81818	P1-1-1034	0	-
1072	86.2884	88.4241	G1	78	62	0	0	81818	P1-1-1033	0	-
1073	86.3899	86.4711	C3	61	62	0	0	81903	P1-1-1035	0	-
1074	86.4689	86.5694	G3	62	62	0	0	81988	P1-1-1036	0	-
1075	86.5523	86.6527	C4	64	60	0	0	82073	P1-1-1037	0	-
1076	86.6206	86.6676	D4	71	62	0	0	82159	P1-1-1038	0	-
1077	86.7253	86.7937	C4	66	48	0	0	82244	P1-1-1039	0	-
1078	86.8129	86.8877	G4	71	63	0	0	82329	P1-1-1040	0	-
1079	86.8909	86.9924	C5	76	62	0	0	82414	P1-1-1041	0	-
1080	86.9561	87.0053	D5	76	60	0	0	82500	P1-1-1042	0	-
1081	87.0533	87.1217	C5	68	58	0	0	82585	P1-1-1043	0	-
1082	87.1345	87.2253	G5	79	64	0	0	82670	P1-1-1044	0	-
1083	87.2104	87.3023	C6	79	60	0	0	82755	P1-1-1045	0	-
1084	87.2788	87.3183	D6	81	65	0	0	82840	P1-1-1046	0	-
1085	87.3685	87.4379	C6	69	54	0	0	82926	P1-1-1047	0	-
1086	87.4465	87.564	G6	83	63	0	0	83011	P1-1-1048	0	-
1087	87.5352	87.6559	C7	83	64	0	0	83096	P1-1-1049	0	-
1088	87.6377	87.7328	D7	92	58	0	0	83181	P1-1-1050	0	-
1089	87.7542	87.8087	B6	70	61	0	0	83267	P1-1-1051	0	-
1090	87.8044	87.845	G6	70	68	0	0	83352	P1-1-1052	0	-
1091	87.8803	87.923	B5	61	64	0	0	83437	P1-1-1053	0	-
1092	87.9657	88.0501	D6	93	61	0	0	83522	P1-1-1054	0	-
1093	88.064	88.1388	B5	65	63	0	0	83607	P1-1-1055	0	-
1094	88.1324	88.1676	G5	72	68	0	0	83693	P1-1-1056	0	-
1095	88.1944	88.2499	B4	68	65	0	0	83778	P1-1-1057	0	-
1096	88.2969	88.3813	D5	87	59	0	0	83863	P1-1-1058	0	-
1097	88.4059	88.47	B4	71	66	0	0	83948	P1-1-1059	0	-
1098	88.47	88.5106	G4	64	64	0	0	84034	P1-1-1060	0	-
1099	88.5373	88.5843	B3	69	65	0	0	84119	P1-1-1061	0	-
1100	88.642	88.7243	D4	86	56	0	0	84204	P1-1-1062	0	-
1101	88.7478	88.8332	B3	65	61	0	0	84289	P1-1-1063	0	-
1102	88.8033	88.9134	G3	61	60	0	0	84375	P1-1-1064	0	-
1103	88.8706	88.9134	B2	64	63	0	0	84460	P1-1-1065	0	-
1104	89.0031	89.4091	F#2	79	60	0	0	84545	P1-1-1067	0	-
1105	89.0095	90.1345	F#1	73	31	0	0	84545	P1-1-1066	0	-
1106	89.1377	89.2147	C3	64	62	0	0	84630	P1-1-1068	0	-
1107	89.2221	89.3097	A3	63	62	0	0	84715	P1-1-1069	0	-
1108	89.3087	89.3642	C4	62	61	0	0	84801	P1-1-1070	0	-
1109	89.3642	89.407	D4	66	65	0	0	84886	P1-1-1071	0	-
1110	89.4785	89.5149	C4	68	63	0	0	84971	P1-1-1072	0	-
1111	89.5459	89.6164	A4	74	64	0	0	85056	P1-1-1073	0	-
1112	89.6185	89.6944	C5	74	62	0	0	85142	P1-1-1074	0	-
1113	89.6869	89.7243	D5	69	66	0	0	85227	P1-1-1075	0	-
1114	89.7766	89.8258	C5	68	58	0	0	85312	P1-1-1076	0	-
1115	89.8589	89.9315	A5	75	66	0	0	85397	P1-1-1077	0	-
1116	89.9305	90.0031	C6	78	62	0	0	85482	P1-1-1078	0	-
1117	89.9914	90.0309	D6	71	65	0	0	85568	P1-1-1079	0	-
1118	90.079	90.1228	C6	72	60	0	0	85653	P1-1-1080	0	-
1119	90.1751	90.2435	A6	71	62	0	0	85738	P1-1-1081	0	-
1120	90.252	90.3503	C7	74	63	0	0	85823	P1-1-1082	0	-
1121	90.3514	90.4315	Eb7	79	68	0	0	85909	P1-1-1083	0	-
1122	90.3567	91.454	F2	83	62	0	0	85909	P1-1-1085	0	-
1123	90.36	91.4721	F1	78	60	0	0	85909	P1-1-1084	0	-
1124	90.4828	90.5245	C7	67	66	0	0	85994	P1-1-1086	0	-
1125	90.5352	90.5726	A6	67	66	0	0	86079	P1-1-1087	0	-
1126	90.6335	90.6741	C6	67	65	0	0	86164	P1-1-1088	0	-
1127	90.7285	90.7606	Eb6	76	70	0	0	86250	P1-1-1089	0	-
1128	90.8161	90.8664	C6	37	63	0	0	86335	P1-1-1090	0	-
1129	90.8311	90.8674	B5	55	63	0	0	86335	*	3	-
1130	90.8664	90.9016	A5	74	68	0	0	86420	P1-1-1091	0	-
1131	90.9604	91.0587	C5	75	36	0	0	86505	P1-1-1092	0	-
1132	91.0448	91.1164	Eb5	83	67	0	0	86590	P1-1-1093	0	-
1133	91.1441	91.2157	B4	67	66	0	0	86676	P1-1-1094	0	-
1134	91.205	91.2403	A4	73	70	0	0	86761	P1-1-1095	0	-
1135	91.3065	91.4134	B3	81	64	0	0	86846	P1-1-1096	0	-
1136	91.3931	91.4753	Eb4	89	64	0	0	86931	P1-1-1097	0	-
1137	91.4935	91.5736	B3	83	62	0	0	87017	P1-1-1098	0	-
1138	91.5384	91.6003	C4	15	53	0	0	87017	*	3	-
1139	91.5619	91.6121	A3	77	63	0	0	87102	P1-1-1099	0	-
1140	91.6879	91.7553	B2	92	64	0	0	87187	P1-1-1100	0	-
1141	91.7563	91.8151	G#3	21	44	0	0	87187	*	3	-
1142	91.8129	94.002	E2	94	60	0	0	87272	P1-1-1102	0	-
1143	91.8183	92.0854	E1	91	60	0	0	87272	P1-1-1101	0	-
1144	91.955	92.017	B2	75	62	0	0	87357	P1-1-1103	0	-
1145	92.048	92.1174	G#3	78	64	0	0	87443	P1-1-1104	0	-
1146	92.1228	92.1997	B3	76	64	0	0	87528	P1-1-1105	0	-
1147	92.1901	92.2307	E4	75	63	0	0	87613	P1-1-1106	0	-
1148	92.2905	92.3268	B3	74	67	0	0	87698	P1-1-1107	0	-
1149	92.3749	92.4775	G#4	82	65	0	0	87784	P1-1-1108	0	-
1150	92.4572	92.5394	B4	80	67	0	0	87869	P1-1-1109	0	-
1151	92.5362	92.5704	E5	78	65	0	0	87954	P1-1-1110	0	-
1152	92.627	92.6676	B4	72	65	0	0	88039	P1-1-1111	0	-
1153	92.7082	92.8194	G#5	88	67	0	0	88125	P1-1-1112	0	-
1154	92.7926	92.8738	B5	80	65	0	0	88210	P1-1-1113	0	-
1155	92.8653	92.9016	E6	88	66	0	0	88295	P1-1-1114	0	-
1156	92.9657	93.0127	B5	75	54	0	0	88380	P1-1-1115	0	-
1157	93.0437	93.1815	G#6	90	65	0	0	88465	P1-1-1116	0	-
1158	93.1463	93.2755	B6	81	65	0	0	88551	P1-1-1117	0	-
1159	93.2488	93.705	E3	100	57	0	0	88636	P1-1-1119	0	-
1160	93.251	93.3429	E7	92	64	0	0	88636	P1-1-1118	0	-
1161	93.3578	93.4444	B6	63	66	0	0	88721	P1-1-1120	0	-
1162	93.4337	93.5042	G#6	72	65	0	0	88806	P1-1-1121	0	-
1163	93.517	93.5629	B5	64	64	0	0	88892	P1-1-1122	0	-
1164	93.6078	93.6783	E6	96	61	0	0	88977	P1-1-1123	0	-
1165	93.7104	93.7991	B5	73	61	0	0	89062	P1-1-1124	0	-
1166	93.7766	93.8258	G#5	74	63	0	0	89147	P1-1-1125	0	-
1167	93.8557	93.9508	B4	70	57	0	0	89232	P1-1-1126	0	-
1168	93.9465	94.0384	E5	89	63	0	0	89318	P1-1-1127	0	-
1169	94.0533	94.1356	B4	74	64	0	0	89403	P1-1-1128	0	-
1170	94.1292	94.1933	G#4	73	63	0	0	89488	P1-1-1129	0	-
1171	94.2093	94.2723	B3	71	58	0	0	89573	P1-1-1130	0	-
1172	94.3119	94.4038	E4	88	60	0	0	89659	P1-1-1131	0	-
1173	94.4273	94.5074	B3	71	63	0	0	89744	P1-1-1132	0	-
1174	94.5202	94.5651	G#3	56	60	0	0	89829	P1-1-1133	0	-
1175	94.6324	94.6794	B2	60	62	0	0	89914	P1-1-1134	0	-
1176	94.8247	96.1142	D2	74	57	0	0	90000	P1-1-1135	0	-
1177	94.9294	94.9988	D3	61	59	0	0	90085	P1-1-1136	0	-
1178	95.0074	95.0768	A3	63	59	0	0	90170	P1-1-1137	0	-
1179	95.0886	95.1495	C4	59	63	0	0	90255	P1-1-1138	0	-
1180	95.1516	95.1901	F4	67	68	0	0	90340	P1-1-1139	0	-
1181	95.2649	95.3183	D4	57	62	0	0	90426	P1-1-1140	0	-
1182	95.3354	95.3952	A4	68	63	0	0	90511	P1-1-1141	0	-
1183	95.4166	95.4668	C5	56	65	0	0	90596	P1-1-1142	0	-
1184	95.47	95.5042	F5	73	68	0	0	90681	P1-1-1143	0	-
1185	95.5693	95.6249	D5	61	58	0	0	90767	P1-1-1144	0	-
1186	95.6356	95.7189	A5	74	64	0	0	90852	P1-1-1145	0	-
1187	95.7211	95.7969	C6	69	62	0	0	90937	P1-1-1146	0	-
1188	95.7873	95.8236	F6	75	65	0	0	91022	P1-1-1147	0	-
1189	95.8856	95.9283	D6	67	64	0	0	91107	P1-1-1148	0	-
1190	95.9593	96.0384	A6	69	64	0	0	91193	P1-1-1149	0	-
1191	96.049	96.142	C7	74	55	0	0	91278	P1-1-1150	0	-
1192	96.1206	96.7446	G1	58	58	0	0	91363	P1-1-1152	0	-
1193	96.1238	96.72	G2	52	36	0	0	91363	P1-1-1153	0	-
1194	96.1377	96.2275	F7	81	63	0	0	91363	P1-1-1151	0	-
1195	96.251	96.3364	B6	67	65	0	0	91448	P1-1-1154	0	-
1196	96.3461	96.3824	G6	60	66	0	0	91534	P1-1-1155	0	-
1197	96.3931	96.4401	D6	59	64	0	0	91619	P1-1-1156	0	-
1198	96.4807	96.5533	F6	89	63	0	0	91704	P1-1-1157	0	-
1199	96.5864	96.673	B5	70	62	0	0	91789	P1-1-1158	0	-
1200	96.657	96.6986	G5	72	65	0	0	91875	P1-1-1159	0	-
1201	96.7264	96.7702	D5	50	62	0	0	91960	P1-1-1160	0	-
1202	96.8044	96.8888	F5	84	59	0	0	92045	P1-1-1161	0	-
1203	96.9208	96.9924	B4	64	64	0	0	92130	P1-1-1162	0	-
1204	96.9871	97.0384	G4	68	63	0	0	92215	P1-1-1163	0	-
1205	97.0576	97.1078	D4	58	63	0	0	92301	P1-1-1164	0	-
1206	97.1473	97.2339	F4	80	61	0	0	92386	P1-1-1165	0	-
1207	97.2627	97.3525	B3	71	63	0	0	92471	P1-1-1166	0	-
1208	97.3386	97.3984	G3	68	60	0	0	92556	P1-1-1167	0	-
1209	97.424	97.4903	D3	59	59	0	0	92642	P1-1-1168	0	-
1210	97.5266	99.8375	C2	76	58	0	0	92727	P1-1-1169	0	-
1211	97.6495	97.6869	C3	64	65	0	0	92812	P1-1-1170	0	-
1212	97.7371	97.8065	G3	62	62	0	0	92897	P1-1-1171	0	-
1213	97.8161	97.8995	C4	63	61	0	0	92982	P1-1-1172	0	-
1214	97.877	97.9166	E4	69	65	0	0	93068	P1-1-1173	0	-
1215	97.9689	98.0437	C4	61	59	0	0	93153	P1-1-1174	0	-
1216	98.0565	98.1196	G4	70	63	0	0	93238	P1-1-1175	0	-
1217	98.127	98.2104	C5	71	62	0	0	93323	P1-1-1176	0	-
1218	98.1954	98.2285	E5	71	70	0	0	93409	P1-1-1177	0	-
1219	98.2809	98.3193	C5	62	65	0	0	93494	P1-1-1178	0	-
1220	98.3653	98.4775	Bb5	84	64	0	0	93579	P1-1-1179	0	-
1221	98.4529	98.5512	C6	74	60	0	0	93664	P1-1-1180	0	-
1222	98.533	98.6014	G6	92	65	0	0	93750	P1-1-1181	0	-
1223	98.6164	98.7146	C6	59	60	0	0	93835	P1-1-1182	0	-
1224	98.6976	98.7638	Bb5	80	58	0	0	93920	P1-1-1183	0	-
1225	98.783	98.8204	E5	57	67	0	0	94005	P1-1-1184	0	-
1226	98.8567	99.6238	C3	64	48	0	0	94090	P1-1-1186	0	-
1227	98.924	98.9871	F#6	87	66	0	0	94090	P1-1-1185	0	-
1228	99.017	99.1099	C6	67	59	0	0	94176	P1-1-1187	0	-
1229	99.0832	99.1238	A5	71	66	0	0	94261	P1-1-1188	0	-
1230	99.158	99.1943	Eb5	69	68	0	0	94346	P1-1-1189	0	-
1231	99.2574	99.3354	F#5	77	65	0	0	94431	P1-1-1190	0	-
1232	99.3439	99.4454	C5	76	62	0	0	94517	P1-1-1191	0	-
1233	99.3963	99.4476	A4	73	59	0	0	94602	P1-1-1192	0	-
1234	99.4764	99.5127	Eb4	66	66	0	0	94687	P1-1-1193	0	-
1235	99.595	99.6644	F5	89	60	0	0	94772	P1-1-1194	0	-
1236	99.7082	99.8033	B4	71	64	0	0	94857	P1-1-1195	0	-
1237	99.7745	99.845	G#4	77	63	0	0	94943	P1-1-1196	0	-
1238	99.8503	99.8931	D4	48	64	0	0	95028	P1-1-1197	0	-
1239	99.9379	100.031	F4	82	62	0	0	95113	P1-1-1198	0	-
1240	100.04	100.117	B3	76	63	0	0	95198	P1-1-1199	0	-
1241	100.114	100.165	G#3	72	57	0	0	95284	P1-1-1200	0	-
1242	100.193	100.262	D3	62	60	0	0	95369	P1-1-1201	0	-
1243	100.293	101.736	C2	81	47	0	0	95454	P1-1-1202	0	-
1244	100.409	100.496	C3	58	63	0	0	95539	P1-1-1203	0	-
1245	100.496	100.583	G3	65	64	0	0	95625	P1-1-1204	0	-
1246	100.581	100.672	C4	66	61	0	0	95710	P1-1-1205	0	-
1247	100.647	100.689	E4	69	65	0	0	95795	P1-1-1206	0	-
1248	100.743	100.821	C4	59	59	0	0	95880	P1-1-1207	0	-
1249	100.83	100.911	G4	73	63	0	0	95965	P1-1-1208	0	-
1250	100.915	100.998	C5	70	63	0	0	96051	P1-1-1209	0	-
1251	100.977	101.014	E5	74	66	0	0	96136	P1-1-1210	0	-
1252	101.065	101.116	C5	66	56	0	0	96221	P1-1-1211	0	-
1253	101.143	101.239	G5	80	62	0	0	96306	P1-1-1212	0	-
1254	101.234	101.347	C6	75	63	0	0	96392	P1-1-1213	0	-
1255	101.327	101.419	E6	91	62	0	0	96477	P1-1-1214	0	-
1256	101.439	101.491	C6	64	61	0	0	96562	P1-1-1215	0	-
1257	101.508	101.571	G5	67	61	0	0	96647	P1-1-1216	0	-
1258	101.597	101.642	C5	61	62	0	0	96732	P1-1-1217	0	-
1259	101.69	102.827	G1	68	54	0	0	96818	P1-1-1219	0	-
1260	101.691	102.737	G2	67	47	0	0	96818	P1-1-1220	0	-
1261	101.764	101.857	Eb6	86	66	0	0	96818	P1-1-1218	0	-
1262	101.872	101.944	A5	69	62	0	0	96903	P1-1-1221	0	-
1263	101.946	101.989	F#5	70	63	0	0	96988	P1-1-1222	0	-
1264	102.017	102.057	C5	68	66	0	0	97073	P1-1-1223	0	-
1265	102.115	102.169	Eb5	78	70	0	0	97159	P1-1-1224	0	-
1266	102.226	102.285	A4	65	62	0	0	97244	P1-1-1225	0	-
1267	102.273	102.319	F#4	68	65	0	0	97329	P1-1-1226	0	-
1268	102.34	102.395	C4	62	63	0	0	97414	P1-1-1227	0	-
1269	102.445	102.522	D5	85	59	0	0	97500	P1-1-1228	0	-
1270	102.548	102.641	G#4	74	63	0	0	97585	P1-1-1229	0	-
1271	102.624	102.672	F4	61	66	0	0	97670	P1-1-1230	0	-
1272	102.679	102.726	B3	67	66	0	0	97755	P1-1-1231	0	-
1273	102.792	102.885	D4	82	60	0	0	97840	P1-1-1232	0	-
1274	102.899	102.992	G#3	70	62	0	0	97926	P1-1-1233	0	-
1275	102.963	103.019	F3	67	62	0	0	98011	P1-1-1234	0	-
1276	103.057	103.111	B2	60	64	0	0	98096	P1-1-1235	0	-
1277	103.185	105.919	G1	70	40	0	0	98181	P1-1-1236	0	-
1278	103.185	105.96	G2	68	36	0	0	98181	P1-1-1237	0	-
1279	103.281	103.333	Bb2	57	65	0	0	98267	P1-1-1238	0	-
1280	103.367	103.452	E3	68	63	0	0	98352	P1-1-1239	0	-
1281	103.446	103.506	G3	67	64	0	0	98437	P1-1-1240	0	-
1282	103.517	103.549	C#4	73	66	0	0	98522	P1-1-1241	0	-
1283	103.644	103.717	Bb3	71	65	0	0	98607	P1-1-1242	0	-
1284	103.703	103.793	E4	61	62	0	0	98693	P1-1-1243	0	-
1285	103.776	103.851	G4	62	63	0	0	98778	P1-1-1244	0	-
1286	103.857	103.889	C#5	75	68	0	0	98863	P1-1-1245	0	-
1287	103.973	104.065	Bb4	69	62	0	0	98948	P1-1-1246	0	-
1288	104.032	104.124	E5	70	64	0	0	99034	P1-1-1247	0	-
1289	104.113	104.174	G5	70	62	0	0	99119	P1-1-1248	0	-
1290	104.184	104.216	C#6	78	69	0	0	99204	P1-1-1249	0	-
1291	104.304	104.376	Bb5	72	59	0	0	99289	P1-1-1250	0	-
1292	104.361	104.455	E6	70	64	0	0	99375	P1-1-1251	0	-
1293	104.444	104.492	G6	68	61	0	0	99460	P1-1-1252	0	-
1294	104.528	104.602	C#7	87	66	0	0	99545	P1-1-1253	0	-
1295	104.637	104.725	F#6	74	63	0	0	99630	P1-1-1254	0	-
1296	104.7	104.761	Eb6	76	60	0	0	99715	P1-1-1255	0	-
1297	104.788	104.829	A5	61	67	0	0	99801	P1-1-1256	0	-
1298	104.871	104.957	C#6	85	68	0	0	99886	P1-1-1257	0	-
1299	104.971	105.082	F#5	73	63	0	0	99971	P1-1-1258	0	-
1300	105.037	105.091	Eb5	79	61	0	0	100057	P1-1-1259	0	-
1301	105.13	105.283	A4	71	65	0	0	100142	P1-1-1260	0	-
1302	105.241	105.35	C#5	84	66	0	0	100227	P1-1-1261	0	-
1303	105.352	105.477	F#4	71	64	0	0	100312	P1-1-1262	0	-
1304	105.429	105.515	Eb4	71	60	0	0	100398	P1-1-1263	0	-
1305	105.512	105.554	A3	70	64	0	0	100483	P1-1-1264	0	-
1306	105.651	105.803	C5	94	59	0	0	100568	P1-1-1265	0	-
1307	105.792	105.933	F#4	83	64	0	0	100653	P1-1-1266	0	-
1308	105.878	106	Eb4	86	64	0	0	100739	P1-1-1267	0	-
1309	105.979	106.076	A3	89	61	0	0	100824	P1-1-1268	0	-
1310	106.03	106.081	G#4	29	53	0	0	100824	*	3	-
1311	106.104	108.115	G2	92	51	0	0	100909	P1-1-1270	0	-
1312	106.11	108.435	G1	82	60	0	0	100909	P1-1-1269	0	-
1313	106.252	106.29	G#3	77	70	0	0	100994	P1-1-1271	0	-
1314	106.359	106.423	D4	73	63	0	0	101080	P1-1-1272	0	-
1315	106.422	106.473	F4	73	62	0	0	101165	P1-1-1273	0	-
1316	106.496	106.531	C5	83	69	0	0	101250	P1-1-1274	0	-
1317	106.59	106.62	G#4	77	71	0	0	101335	P1-1-1275	0	-
1318	106.665	106.702	A4	41	56	0	0	101335	*	3	-
1319	106.679	106.751	D5	76	64	0	0	101420	P1-1-1276	0	-
1320	106.758	106.795	F5	70	69	0	0	101506	P1-1-1277	0	-
1321	106.829	106.852	C6	68	64	0	0	101591	P1-1-1278	0	-
1322	106.852	106.879	D6	64	63	0	0	101591	*	3	-
1323	106.918	106.956	G#5	70	70	0	0	101676	P1-1-1279	0	-
1324	106.989	107.094	D6	74	62	0	0	101761	P1-1-1280	0	-
1325	107.08	107.194	F6	76	59	0	0	101847	P1-1-1281	0	-
1326	107.171	107.239	C7	98	65	0	0	101932	P1-1-1282	0	-
1327	107.247	107.365	F6	71	63	0	0	102017	P1-1-1283	0	-
1328	107.349	107.424	D6	72	59	0	0	102102	P1-1-1284	0	-
1329	107.427	107.505	G#5	78	66	0	0	102187	P1-1-1285	0	-
1330	107.57	107.667	B6	95	53	0	0	102273	P1-1-1286	0	-
1331	107.701	107.787	F6	77	62	0	0	102358	P1-1-1287	0	-
1332	107.762	107.831	D6	79	62	0	0	102443	P1-1-1288	0	-
1333	107.837	107.877	G5	72	68	0	0	102528	P1-1-1289	0	-
1334	107.927	108.019	B5	95	61	0	0	102614	P1-1-1290	0	-
1335	108.031	108.122	F5	79	63	0	0	102699	P1-1-1291	0	-
1336	108.107	108.162	D5	72	59	0	0	102784	P1-1-1292	0	-
1337	108.173	108.292	G4	70	35	0	0	102869	P1-1-1293	0	-
1338	108.267	108.368	B4	92	64	0	0	102955	P1-1-1294	0	-
1339	108.377	108.486	F4	79	64	0	0	103040	P1-1-1295	0	-
1340	108.458	108.545	D4	78	62	0	0	103125	P1-1-1296	0	-
1341	108.55	108.678	G3	74	37	0	0	103210	P1-1-1297	0	-
1342	108.662	108.795	B3	95	62	0	0	103295	P1-1-1298	0	-
1343	108.789	108.973	F3	91	64	0	0	103381	P1-1-1299	0	-
1344	108.909	109.1	D3	89	56	0	0	103466	P1-1-1300	0	-
1345	109.048	109.133	G2	93	63	0	0	103551	P1-1-1301	0	-
1346	109.238	111.755	C2	105	50	0	0	103636	P1-1-1303	0	-
1347	109.241	111.93	C1	103	63	0	0	103636	P1-1-1302	0	-
1348	109.469	109.567	G2	87	64	0	0	103722	P1-1-1304	0	-
1349	109.598	109.684	E3	76	64	0	0	103807	P1-1-1305	0	-
1350	109.679	109.757	G3	76	64	0	0	103892	P1-1-1306	0	-
1351	109.752	109.789	C4	77	64	0	0	103977	P1-1-1307	0	-
1352	109.855	109.896	G3	66	62	0	0	104062	P1-1-1308	0	-
1353	109.938	110.005	E4	79	64	0	0	104148	P1-1-1309	0	-
1354	110.006	110.075	G4	74	64	0	0	104233	P1-1-1310	0	-
1355	110.077	110.115	C5	82	62	0	0	104318	P1-1-1311	0	-
1356	110.168	110.234	G4	76	59	0	0	104403	P1-1-1312	0	-
1357	110.248	110.328	E5	79	65	0	0	104489	P1-1-1313	0	-
1358	110.317	110.401	G5	85	65	0	0	104574	P1-1-1314	0	-
1359	110.393	110.423	C6	82	68	0	0	104659	P1-1-1315	0	-
1360	110.475	110.524	G5	77	58	0	0	104744	P1-1-1316	0	-
1361	110.565	110.698	E6	91	64	0	0	104830	P1-1-1317	0	-
1362	110.66	110.784	G6	82	66	0	0	104915	P1-1-1318	0	-
1363	110.76	110.844	C7	102	63	0	0	105000	P1-1-1319	0	-
1364	110.861	110.934	G6	73	65	0	0	105085	P1-1-1320	0	-
1365	110.932	110.974	E6	73	63	0	0	105170	P1-1-1321	0	-
1366	111.005	111.06	G5	69	63	0	0	105256	P1-1-1322	0	-
1367	111.101	111.196	C6	92	62	0	0	105341	P1-1-1323	0	-
1368	111.206	111.301	G5	80	64	0	0	105426	P1-1-1324	0	-
1369	111.293	111.347	E5	76	62	0	0	105511	P1-1-1325	0	-
1370	111.364	111.482	G4	67	58	0	0	105597	P1-1-1326	0	-
1371	111.459	111.553	C5	94	61	0	0	105682	P1-1-1327	0	-
1372	111.567	111.676	G4	74	61	0	0	105767	P1-1-1328	0	-
1373	111.649	111.736	E4	80	64	0	0	105852	P1-1-1329	0	-
1374	111.75	111.899	G3	69	66	0	0	105937	P1-1-1330	0	-
1375	111.865	112.008	C4	96	59	0	0	106023	P1-1-1331	0	-
1376	112.004	112.182	G3	91	63	0	0	106108	P1-1-1332	0	-
1377	112.135	112.212	E3	87	66	0	0	106193	P1-1-1333	0	-
1378	112.344	112.745	G2	94	62	0	0	106278	P1-1-1334	0	-
1379	112.659	115.72	C2	98	65	0	0	106364	P1-1-1336	0	-
1380	112.66	115.663	C1	98	65	0	0	106364	P1-1-1335	0	-
//Missing 53267	P1-1-669
//Missing 80965	P1-1-1021
