//Version: ScorePerfmMatch_v170104
// Score: ./score_hmm.txt
// Perfm: ./infer_spr.txt
// fmt3x: ./score_fmt3x.txt
0	2.00454	2.09802	C3	96	61	0	0	0	P1-1-1	0	0
1	2.01255	4.16533	C2	84	59	0	0	0	P1-1-0	0	-
2	2.22356	2.30903	C3	86	46	0	0	85	P1-1-2	0	-
3	2.3758	2.48664	G3	69	62	0	0	170	P1-1-3	0	-
4	2.45059	2.53472	C4	71	65	0	0	255	P1-1-4	0	-
5	2.51068	4.2094	C3	61	62	0	0	255	*	3	-
6	2.53472	2.56944	E4	68	67	0	0	340	P1-1-5	0	-
7	2.64423	2.71367	C4	75	63	0	0	426	P1-1-6	0	-
8	2.73237	2.8165	G4	71	64	0	0	511	P1-1-7	0	-
9	2.79247	2.8539	C5	74	63	0	0	596	P1-1-8	0	-
10	2.85657	2.88595	E5	75	69	0	0	681	P1-1-9	0	-
11	2.93536	3.01148	C5	69	60	0	0	767	P1-1-10	0	-
12	3.01549	3.09829	G5	76	65	0	0	852	P1-1-11	0	-
13	3.08493	3.13702	C6	75	64	0	0	937	P1-1-12	0	-
14	3.125	3.15304	E6	80	70	0	0	1022	P1-1-13	0	-
15	3.2118	3.27991	C6	76	62	0	0	1107	P1-1-14	0	-
16	3.30128	3.39743	G6	73	63	0	0	1193	P1-1-15	0	-
17	3.36672	3.43483	C7	80	65	0	0	1278	P1-1-16	0	-
18	3.42147	3.52697	E7	93	68	0	0	1363	P1-1-17	0	-
19	3.52163	3.60977	C7	85	65	0	0	1448	P1-1-18	0	-
20	3.59642	3.62847	G6	73	69	0	0	1534	P1-1-19	0	-
21	3.68322	3.74198	C6	73	65	0	0	1619	P1-1-20	0	-
22	3.76469	3.8368	E6	84	62	0	0	1704	P1-1-21	0	-
23	3.84481	3.92761	C6	77	64	0	0	1789	P1-1-22	0	-
24	3.92761	3.95966	G5	65	68	0	0	1875	P1-1-23	0	-
25	3.98905	4.05315	C5	73	63	0	0	1960	P1-1-24	0	-
26	4.07452	4.13461	E5	81	64	0	0	2045	P1-1-25	0	-
27	4.15464	4.22676	C5	65	63	0	0	2130	P1-1-26	0	-
28	4.2134	4.25614	G4	64	65	0	0	2215	P1-1-27	0	-
29	4.30154	4.36565	C4	62	64	0	0	2301	P1-1-28	0	-
30	4.38568	4.45646	E4	77	62	0	0	2386	P1-1-29	0	-
31	4.4618	4.55795	C4	64	63	0	0	2471	P1-1-30	0	-
32	4.54059	4.67147	G3	70	58	0	0	2556	P1-1-31	0	-
33	4.61939	4.68482	C3	74	61	0	0	2642	P1-1-32	0	-
34	4.75694	5.82531	F2	97	54	0	0	2727	P1-1-34	0	-
35	4.76495	5.77857	F1	87	56	0	0	2727	P1-1-33	0	-
36	4.83974	4.87847	C3	68	68	0	0	2812	P1-1-35	0	-
37	4.9399	5.04139	A3	71	61	0	0	2897	P1-1-36	0	-
38	5.01068	5.08547	C4	67	65	0	0	2982	P1-1-37	0	-
39	5.08413	5.11752	F4	76	68	0	0	3068	P1-1-38	0	-
40	5.17628	5.22569	C4	74	55	0	0	3153	P1-1-39	0	-
41	5.27243	5.36725	A4	70	61	0	0	3238	P1-1-40	0	-
42	5.32986	5.40064	C5	76	60	0	0	3323	P1-1-41	0	-
43	5.40331	5.4594	F5	83	57	0	0	3409	P1-1-42	0	-
44	5.49946	5.55822	C5	81	63	0	0	3494	P1-1-43	0	-
45	5.58226	5.68242	A5	74	63	0	0	3579	P1-1-44	0	-
46	5.64636	5.72649	C6	79	66	0	0	3664	P1-1-45	0	-
47	5.71848	5.76655	F6	87	57	0	0	3750	P1-1-46	0	-
48	5.80261	5.85336	C6	84	66	0	0	3835	P1-1-47	0	-
49	5.89743	5.98424	A6	71	65	0	0	3920	P1-1-48	0	-
50	5.96153	6.05368	C7	83	65	0	0	4005	P1-1-49	0	-
51	6.03765	6.12045	E7	87	67	0	0	4090	P1-1-50	0	-
52	6.03765	7.27296	F#2	97	51	0	0	4090	P1-1-52	0	-
53	6.05769	6.87633	F#1	77	61	0	0	4090	P1-1-51	0	-
54	6.12179	6.21661	C7	73	66	0	0	4176	P1-1-53	0	-
55	6.19123	6.24465	A6	72	64	0	0	4261	P1-1-54	0	-
56	6.2767	6.33546	C6	71	68	0	0	4346	P1-1-55	0	-
57	6.37152	6.43963	E6	77	62	0	0	4431	P1-1-56	0	-
58	6.44898	6.53846	C6	75	64	0	0	4517	P1-1-57	0	-
59	6.51308	6.55181	A5	62	66	0	0	4602	P1-1-58	0	-
60	6.60389	6.65865	C5	67	65	0	0	4687	P1-1-59	0	-
61	6.69604	6.75881	E5	75	62	0	0	4772	P1-1-60	0	-
62	6.76682	6.85763	C5	67	61	0	0	4857	P1-1-61	0	-
63	6.8376	6.87232	A4	65	67	0	0	4943	P1-1-62	0	-
64	6.92708	6.98851	C4	62	61	0	0	5028	P1-1-63	0	-
65	7.02056	7.11004	D4	79	59	0	0	5113	P1-1-64	0	-
66	7.09802	7.17814	C4	68	63	0	0	5198	P1-1-65	0	-
67	7.17013	7.21687	A3	73	64	0	0	5284	P1-1-66	0	-
68	7.26361	7.30368	C3	72	67	0	0	5369	P1-1-67	0	-
69	7.37846	7.7564	G2	96	57	0	0	5454	P1-1-69	0	-
70	7.38514	8.07959	G1	87	62	0	0	5454	P1-1-68	0	-
71	7.48263	7.52136	B2	67	67	0	0	5539	P1-1-70	0	-
72	7.58546	7.69764	G3	68	61	0	0	5625	P1-1-71	0	-
73	7.66426	7.74038	B3	69	64	0	0	5710	P1-1-72	0	-
74	7.73504	7.77109	D4	77	66	0	0	5795	P1-1-73	0	-
75	7.83653	7.87793	B3	74	64	0	0	5880	P1-1-74	0	-
76	7.93669	8.01548	G4	62	62	0	0	5965	P1-1-75	0	-
77	7.99278	8.0876	B4	77	62	0	0	6051	P1-1-76	0	-
78	8.07825	8.10897	D5	76	68	0	0	6136	P1-1-77	0	-
79	8.09962	8.22515	F#2	92	60	0	0	6136	P1-1-79	0	-
80	8.10362	8.43482	F#1	89	57	0	0	6136	P1-1-78	0	-
81	8.16773	8.22649	B4	72	63	0	0	6221	P1-1-80	0	-
82	8.26255	8.3814	G5	78	61	0	0	6306	P1-1-81	0	-
83	8.336	8.42147	B5	77	65	0	0	6392	P1-1-82	0	-
84	8.42414	8.47756	D6	82	61	0	0	6477	P1-1-83	0	-
85	8.43883	8.60042	E2	100	55	0	0	6477	P1-1-85	0	-
86	8.44951	8.85149	E1	90	61	0	0	6477	P1-1-84	0	-
87	8.52563	8.59107	B5	84	57	0	0	6562	P1-1-86	0	-
88	8.61644	8.72328	G6	79	64	0	0	6647	P1-1-87	0	-
89	8.69657	8.80207	A6	85	67	0	0	6732	P1-1-88	0	-
90	8.79139	8.86751	D7	90	65	0	0	6818	P1-1-89	0	-
91	8.80742	9.67948	D2	94	55	0	0	6818	P1-1-91	0	-
92	8.82077	9.51254	D1	88	59	0	0	6818	P1-1-90	0	-
93	8.87285	8.98637	A6	81	65	0	0	6903	P1-1-92	0	-
94	8.97034	9.01842	F#6	76	60	0	0	6988	P1-1-93	0	-
95	9.03845	9.09855	C6	78	66	0	0	7073	P1-1-94	0	-
96	9.14262	9.20806	D6	74	63	0	0	7159	P1-1-95	0	-
97	9.20672	9.29887	A5	78	62	0	0	7244	P1-1-96	0	-
98	9.28952	9.32958	F#5	75	62	0	0	7329	P1-1-97	0	-
99	9.35897	9.42173	C5	72	60	0	0	7414	P1-1-98	0	-
100	9.45779	9.5486	D5	76	60	0	0	7500	P1-1-99	0	-
101	9.51789	9.5446	G#4	63	64	0	0	7585	*	3	-
102	9.5486	9.62472	A4	72	59	0	0	7585	P1-1-100	0	-
103	9.60736	9.68482	F#4	70	62	0	0	7670	P1-1-101	0	-
104	9.6955	9.74759	C4	66	63	0	0	7755	P1-1-102	0	-
105	9.79433	9.90918	D4	82	56	0	0	7840	P1-1-103	0	-
106	9.87179	9.98263	A3	65	56	0	0	7926	P1-1-104	0	-
107	9.9439	10.0441	F#3	74	60	0	0	8011	P1-1-105	0	-
108	10.036	10.1269	C3	72	62	0	0	8096	P1-1-106	0	-
109	10.1763	12.2342	G2	96	63	0	0	8181	P1-1-108	0	-
110	10.1856	12.1835	G1	88	62	0	0	8181	P1-1-107	0	-
111	10.2791	10.3485	C3	69	63	0	0	8267	P1-1-109	0	-
112	10.3713	10.4834	F3	59	58	0	0	8352	P1-1-110	0	-
113	10.4447	10.5195	G#3	63	63	0	0	8437	P1-1-111	0	-
114	10.5115	10.5582	D4	72	59	0	0	8522	P1-1-112	0	-
115	10.6156	10.6971	C4	78	52	0	0	8607	P1-1-113	0	-
116	10.7171	10.8186	F4	71	62	0	0	8693	P1-1-114	0	-
117	10.7879	10.8534	G#4	77	64	0	0	8778	P1-1-115	0	-
118	10.8507	10.8934	D5	80	60	0	0	8863	P1-1-116	0	-
119	10.9442	11.027	C5	79	56	0	0	8948	P1-1-117	0	-
120	11.027	11.1458	F5	73	63	0	0	9034	P1-1-118	0	-
121	11.0964	11.1752	G#5	81	67	0	0	9119	P1-1-119	0	-
122	11.1685	11.2153	D6	82	60	0	0	9204	P1-1-120	0	-
123	11.262	11.3221	C6	81	60	0	0	9289	P1-1-121	0	-
124	11.3355	11.4436	F6	77	64	0	0	9375	P1-1-122	0	-
125	11.4156	11.4997	G#6	81	65	0	0	9460	P1-1-123	0	-
126	11.489	11.5598	D7	90	64	0	0	9545	P1-1-124	0	-
127	11.5718	11.6693	G6	80	64	0	0	9630	P1-1-125	0	-
128	11.6773	11.7054	F6	64	66	0	0	9715	P1-1-126	0	-
129	11.7414	11.7935	B5	68	64	0	0	9801	P1-1-127	0	-
130	11.8256	11.9004	D6	87	61	0	0	9886	P1-1-128	0	-
131	11.9124	11.9832	G5	81	64	0	0	9971	P1-1-129	0	-
132	11.9925	12.0272	F5	66	65	0	0	10056	P1-1-130	0	-
133	12.086	12.1207	B4	59	67	0	0	10142	P1-1-131	0	-
134	12.1661	12.2276	D5	85	62	0	0	10227	P1-1-132	0	-
135	12.2609	12.3544	G4	66	60	0	0	10312	P1-1-133	0	-
136	12.3344	12.3985	F4	69	63	0	0	10397	P1-1-134	0	-
137	12.4372	12.4946	B3	55	59	0	0	10483	P1-1-135	0	-
138	12.5855	12.6135	Eb4	77	62	0	0	10568	P1-1-136	0	-
139	12.6963	12.7818	G3	68	62	0	0	10653	P1-1-137	0	-
140	12.8031	12.8739	F3	72	55	0	0	10738	P1-1-138	0	-
141	12.9287	12.9674	B2	69	67	0	0	10823	P1-1-139	0	-
142	13.1317	13.2278	C3	74	58	0	0	10909	P1-1-141	0	-
143	13.1357	15.231	C2	67	51	0	0	10909	P1-1-140	0	-
144	13.4442	13.5056	G3	61	57	0	0	11079	P1-1-143	0	-
145	13.5296	13.5844	C4	57	63	0	0	11164	P1-1-144	0	-
146	13.6031	13.6298	E4	62	66	0	0	11250	P1-1-145	0	-
147	13.6164	15.2965	C3	44	55	0	0	-1	*	3	-
148	13.7246	13.762	C4	63	68	0	0	11335	P1-1-146	0	-
149	13.8101	13.8595	G4	58	65	0	0	11420	P1-1-147	0	-
150	13.8635	13.9196	C5	62	57	0	0	11505	P1-1-148	0	-
151	13.9396	13.9703	E5	53	54	0	0	11590	P1-1-149	0	-
152	14.0251	14.0665	C5	53	52	0	0	11676	P1-1-150	0	-
153	14.1039	14.1626	G5	68	64	0	0	11761	P1-1-151	0	-
154	14.1733	14.2174	C6	64	66	0	0	11846	P1-1-152	0	-
155	14.2401	14.2641	E6	59	64	0	0	11931	P1-1-153	0	-
156	14.3082	14.3536	C6	79	54	0	0	12017	P1-1-154	0	-
157	14.407	14.4832	G6	65	61	0	0	12102	P1-1-155	0	-
158	14.4738	14.5339	C7	66	55	0	0	12187	P1-1-156	0	-
159	14.5379	14.614	E7	79	66	0	0	12272	P1-1-157	0	-
160	14.6247	14.7008	C7	67	64	0	0	12358	P1-1-158	0	-
161	14.7022	14.7382	G6	63	67	0	0	12443	P1-1-159	0	-
162	14.7836	14.8264	C6	62	68	0	0	12528	P1-1-160	0	-
163	14.8624	14.9159	E6	75	60	0	0	12613	P1-1-161	0	-
164	14.9359	15.0067	C6	74	64	0	0	12698	P1-1-162	0	-
165	15.012	15.0467	G5	61	68	0	0	12784	P1-1-163	0	-
166	15.0975	15.1389	C5	62	66	0	0	12869	P1-1-164	0	-
167	15.191	15.2297	E5	68	61	0	0	12954	P1-1-165	0	-
168	15.2711	15.3285	C5	62	61	0	0	13039	P1-1-166	0	-
169	15.3325	15.3726	G4	53	66	0	0	13125	P1-1-167	0	-
170	15.426	15.4674	C4	55	67	0	0	13210	P1-1-168	0	-
171	15.5141	15.5609	E4	66	61	0	0	13295	P1-1-169	0	-
172	15.5756	15.6624	C4	65	64	0	0	13380	P1-1-170	0	-
173	15.6704	15.7145	G3	64	60	0	0	13465	P1-1-171	0	-
174	15.7639	15.8013	C3	57	57	0	0	13551	P1-1-172	0	-
175	15.8654	18.0075	A2	92	56	0	0	13636	P1-1-174	0	-
176	15.8774	18.5857	A1	77	61	0	0	13636	P1-1-173	0	-
177	15.9642	15.9989	C3	54	67	0	0	13721	P1-1-175	0	-
178	16.0363	16.1164	F3	66	62	0	0	13806	P1-1-176	0	-
179	16.1325	16.1819	C4	59	65	0	0	13892	P1-1-177	0	-
180	16.1966	16.234	F4	81	64	0	0	13977	P1-1-178	0	-
181	16.2994	16.3355	C4	77	67	0	0	14062	P1-1-179	0	-
182	16.3835	16.4543	F4	72	63	0	0	14147	P1-1-180	0	-
183	16.4637	16.5077	C5	68	61	0	0	14233	P1-1-181	0	-
184	16.5251	16.5678	F5	83	62	0	0	14318	P1-1-182	0	-
185	16.6266	16.672	C5	80	60	0	0	14403	P1-1-183	0	-
186	16.7121	16.7802	F5	77	64	0	0	14488	P1-1-184	0	-
187	16.7855	16.8282	C6	74	64	0	0	14573	P1-1-185	0	-
188	16.8309	16.8843	B5	24	46	0	0	14573	*	3	-
189	16.8416	16.903	F6	86	64	0	0	14659	P1-1-186	0	-
190	16.9404	16.9725	C6	78	64	0	0	14744	P1-1-187	0	-
191	17.0045	17.1007	F6	71	65	0	0	14829	P1-1-188	0	-
192	17.0953	17.1594	C7	78	63	0	0	14914	P1-1-189	0	-
193	17.1514	17.2316	E7	86	64	0	0	15000	P1-1-190	0	-
194	17.2369	17.3264	C7	74	65	0	0	15085	P1-1-191	0	-
195	17.329	17.3624	F#6	71	69	0	0	15170	P1-1-192	0	-
196	17.3985	17.4386	C6	68	68	0	0	15255	P1-1-193	0	-
197	17.4906	17.532	E6	66	55	0	0	15340	P1-1-194	0	-
198	17.5227	17.5534	D6	48	60	0	0	15426	*	3	-
199	17.5734	17.6442	C6	64	65	0	0	15426	P1-1-195	0	-
200	17.6549	17.6816	F#5	62	62	0	0	15511	P1-1-196	0	-
201	17.7364	17.7884	C5	51	63	0	0	15596	P1-1-197	0	-
202	17.8258	17.8873	E5	79	58	0	0	15681	P1-1-198	0	-
203	17.902	17.9741	C5	69	65	0	0	15767	P1-1-199	0	-
204	17.9888	18.0275	F#4	67	67	0	0	15852	P1-1-200	0	-
205	18.0822	18.1196	C4	53	67	0	0	15937	P1-1-201	0	-
206	18.1664	18.2345	E4	74	59	0	0	16022	P1-1-202	0	-
207	18.2345	18.3226	C4	68	66	0	0	16108	P1-1-203	0	-
208	18.328	18.4028	F#3	72	61	0	0	16193	P1-1-204	0	-
209	18.4201	18.4749	C3	71	62	0	0	16278	P1-1-205	0	-
210	18.5603	20.5983	G1	85	57	0	0	16363	P1-1-206	0	-
211	18.5603	20.6891	G2	87	57	0	0	16363	P1-1-207	0	-
212	18.6685	18.7193	C3	66	63	0	0	16448	P1-1-208	0	-
213	18.7687	18.8622	G3	62	59	0	0	16534	P1-1-209	0	-
214	18.8395	18.9089	C4	64	62	0	0	16619	P1-1-210	0	-
215	18.9022	18.9383	D4	69	66	0	0	16704	P1-1-211	0	-
216	19.0024	19.0718	C4	72	63	0	0	16789	P1-1-212	0	-
217	19.0919	19.1907	G4	65	62	0	0	16875	P1-1-213	0	-
218	19.1693	19.2321	C5	71	63	0	0	16960	P1-1-214	0	-
219	19.2281	19.2601	D5	74	65	0	0	17045	P1-1-215	0	-
220	19.3189	19.3189	E5	35	127	0	0	17045	*	3	-
221	19.3363	19.4044	C5	65	62	0	0	17130	P1-1-216	0	-
222	19.4004	19.5125	G5	77	64	0	0	17215	P1-1-217	0	-
223	19.4912	19.5619	C6	74	63	0	0	17301	P1-1-218	0	-
224	19.5446	19.5726	D6	79	68	0	0	17386	P1-1-219	0	-
225	19.6461	19.7142	C6	73	64	0	0	17471	P1-1-220	0	-
226	19.7195	19.8437	G6	76	64	0	0	17556	P1-1-221	0	-
227	19.8077	19.8811	C7	80	66	0	0	17642	P1-1-222	0	-
228	19.8771	19.9466	D7	84	68	0	0	17727	P1-1-223	0	-
229	19.9786	20.0641	B6	82	65	0	0	17812	P1-1-224	0	-
230	20.0587	20.0828	G6	58	65	0	0	17897	P1-1-225	0	-
231	20.1228	20.1883	B5	68	63	0	0	17982	P1-1-226	0	-
232	20.211	20.2791	D6	87	62	0	0	18068	P1-1-227	0	-
233	20.2951	20.3672	B5	70	63	0	0	18153	P1-1-228	0	-
234	20.3606	20.3899	G5	65	69	0	0	18238	P1-1-229	0	-
235	20.4487	20.4928	B4	67	66	0	0	18323	P1-1-230	0	-
236	20.5248	20.5956	D5	81	59	0	0	18409	P1-1-231	0	-
237	20.6116	20.6984	B4	70	62	0	0	18494	P1-1-232	0	-
238	20.6904	20.7265	G4	63	66	0	0	18579	P1-1-233	0	-
239	20.7906	20.8333	B3	61	67	0	0	18664	P1-1-234	0	-
240	20.8694	20.9375	D4	73	58	0	0	18750	P1-1-235	0	-
241	20.9508	21.0189	B3	67	64	0	0	18835	P1-1-236	0	-
242	21.0216	21.0537	G3	69	68	0	0	18920	P1-1-237	0	-
243	21.1231	21.1552	B2	73	69	0	0	19005	P1-1-238	0	-
244	21.2687	23.3186	C3	91	53	0	0	19090	P1-1-240	0	-
245	21.2727	23.6258	C2	78	35	0	0	19090	P1-1-239	0	-
246	21.3889	21.4276	D3	67	68	0	0	19176	P1-1-241	0	-
247	21.4717	21.5585	G3	63	60	0	0	19261	P1-1-242	0	-
248	21.5478	21.6186	D4	68	61	0	0	19346	P1-1-243	0	-
249	21.6065	21.6493	E4	71	68	0	0	19431	P1-1-244	0	-
250	21.6974	21.6974	F4	49	127	0	0	19431	*	3	-
251	21.7294	21.7748	D4	66	65	0	0	19517	P1-1-245	0	-
252	21.8002	21.887	G4	69	61	0	0	19602	P1-1-246	0	-
253	21.8776	21.9444	D5	71	64	0	0	19687	P1-1-247	0	-
254	21.9524	21.9751	E5	68	65	0	0	19772	P1-1-248	0	-
255	22.0045	22.0045	F5	56	127	0	0	19772	*	3	-
256	22.0286	22.1007	D5	65	63	0	0	19857	P1-1-249	0	-
257	22.0993	22.1995	G5	68	64	0	0	19943	P1-1-250	0	-
258	22.1848	22.2502	D6	77	62	0	0	20028	P1-1-251	0	-
259	22.2356	22.2703	E6	76	66	0	0	20113	P1-1-252	0	-
260	22.329	22.3958	D6	72	57	0	0	20198	P1-1-253	0	-
261	22.4038	22.5267	G6	79	64	0	0	20284	P1-1-254	0	-
262	22.488	22.5654	D7	77	67	0	0	20369	P1-1-255	0	-
263	22.5587	22.6576	E7	83	67	0	0	20454	P1-1-256	0	-
264	22.6723	22.7657	C7	80	65	0	0	20539	P1-1-257	0	-
265	22.7604	22.7951	G6	68	68	0	0	20625	P1-1-258	0	-
266	22.8365	22.8806	C6	62	68	0	0	20710	P1-1-259	0	-
267	22.9113	22.9727	E6	78	63	0	0	20795	P1-1-260	0	-
268	22.9901	23.0649	C6	77	64	0	0	20880	P1-1-261	0	-
269	23.0676	23.1023	G5	70	68	0	0	20965	P1-1-262	0	-
270	23.1664	23.2078	C5	59	67	0	0	21051	P1-1-263	0	-
271	23.2465	23.3026	E5	74	59	0	0	21136	P1-1-264	0	-
272	23.3293	23.3934	C5	63	61	0	0	21221	P1-1-265	0	-
273	23.4134	23.4415	G4	51	65	0	0	21306	P1-1-266	0	-
274	23.5002	23.5416	C4	59	68	0	0	21392	P1-1-267	0	-
275	23.5937	23.6725	E4	67	61	0	0	21477	P1-1-268	0	-
276	23.6966	23.7406	C4	61	64	0	0	21562	P1-1-269	0	-
277	23.7954	23.8274	G3	44	51	0	0	21647	P1-1-270	0	-
278	23.8889	23.9276	C3	62	66	0	0	21732	P1-1-271	0	-
279	24.1533	25.2911	A2	47	58	0	0	21818	P1-1-273	0	-
280	24.1626	25.2764	A1	44	40	0	0	21818	P1-1-272	0	-
281	24.2975	24.3309	E3	46	58	0	0	21903	P1-1-274	0	-
282	24.3937	24.4498	C4	54	62	0	0	21988	P1-1-275	0	-
283	24.4645	24.5032	E4	54	66	0	0	22073	P1-1-276	0	-
284	24.5352	24.57	F4	50	56	0	0	22159	P1-1-277	0	-
285	24.614	24.6634	E4	56	64	0	0	22244	P1-1-278	0	-
286	24.7155	24.7743	C5	58	64	0	0	22329	P1-1-279	0	-
287	24.7983	24.8264	E5	46	52	0	0	22414	P1-1-280	0	-
288	24.837	24.8744	F5	45	55	0	0	22500	P1-1-281	0	-
289	24.9319	24.9612	E5	58	58	0	0	22585	P1-1-282	0	-
290	25.0053	25.0734	C6	59	65	0	0	22670	P1-1-283	0	-
291	25.0814	25.1122	E6	57	67	0	0	22755	P1-1-284	0	-
292	25.1242	25.1482	F6	59	63	0	0	22840	P1-1-285	0	-
293	25.2083	25.2484	E6	63	63	0	0	22926	P1-1-286	0	-
294	25.3018	25.3752	C7	58	59	0	0	23011	P1-1-287	0	-
295	25.3766	25.4447	E7	59	66	0	0	23096	P1-1-288	0	-
296	25.4447	25.5275	F7	77	63	0	0	23181	P1-1-289	0	-
297	25.4661	25.7759	B2	55	34	0	0	23181	P1-1-291	0	-
298	25.4687	26.1351	B1	54	57	0	0	23181	P1-1-290	0	-
299	25.5462	25.6383	D7	76	65	0	0	23267	P1-1-292	0	-
300	25.621	25.6544	B6	56	66	0	0	23352	P1-1-293	0	-
301	25.7225	25.7585	D6	62	66	0	0	23437	P1-1-294	0	-
302	25.7999	25.8493	F6	71	60	0	0	23522	P1-1-295	0	-
303	25.8614	25.9375	D6	68	59	0	0	23607	P1-1-296	0	-
304	25.9428	25.9709	B5	53	64	0	0	23693	P1-1-297	0	-
305	26.0416	26.0857	D5	59	66	0	0	23778	P1-1-298	0	-
306	26.1284	26.1925	F5	72	61	0	0	23863	P1-1-299	0	-
307	26.1565	26.4089	A2	59	58	0	0	23863	P1-1-301	0	-
308	26.1618	26.8603	A1	54	60	0	0	23863	P1-1-300	0	-
309	26.2153	26.2834	D5	64	61	0	0	23948	P1-1-302	0	-
310	26.2887	26.3181	B4	52	64	0	0	24034	P1-1-303	0	-
311	26.3782	26.4236	D4	61	65	0	0	24119	P1-1-304	0	-
312	26.4623	26.5184	F4	69	61	0	0	24204	P1-1-305	0	-
313	26.5384	26.6065	D4	67	60	0	0	24289	P1-1-306	0	-
314	26.6159	26.656	B3	51	59	0	0	24375	P1-1-307	0	-
315	26.7227	26.7508	D3	62	64	0	0	24460	P1-1-308	0	-
316	26.8296	28.0836	G#2	83	59	0	0	24545	P1-1-310	0	-
317	26.8336	28.0315	G#1	77	49	0	0	24545	P1-1-309	0	-
318	26.9244	26.9765	D3	56	64	0	0	24630	P1-1-311	0	-
319	27.0432	27.106	B3	62	60	0	0	24715	P1-1-312	0	-
320	27.1127	27.1621	D4	59	65	0	0	24801	P1-1-313	0	-
321	27.1768	27.2075	E4	57	66	0	0	24886	P1-1-314	0	-
322	27.301	27.3384	D4	59	59	0	0	24971	P1-1-315	0	-
323	27.3758	27.4572	B4	63	62	0	0	25056	P1-1-316	0	-
324	27.4532	27.508	D5	65	64	0	0	25142	P1-1-317	0	-
325	27.516	27.54	E5	64	65	0	0	25227	P1-1-318	0	-
326	27.6122	27.6682	D5	67	61	0	0	25312	P1-1-319	0	-
327	27.707	27.7978	B5	74	63	0	0	25397	P1-1-320	0	-
328	27.7764	27.8365	D6	72	65	0	0	25482	P1-1-321	0	-
329	27.8392	27.8605	E6	74	67	0	0	25568	P1-1-322	0	-
330	27.9006	27.9006	F6	44	127	0	0	25568	*	3	-
331	27.9353	27.9727	D6	72	60	0	0	25653	P1-1-323	0	-
332	27.9834	28.0275	E6	32	47	0	0	25653	*	3	-
333	28.0168	28.0889	B6	69	58	0	0	25738	P1-1-324	0	-
334	28.0769	28.1677	D7	70	67	0	0	25823	P1-1-325	0	-
335	28.165	28.2505	E7	76	61	0	0	25909	P1-1-326	0	-
336	28.173	28.7166	A2	83	50	0	0	25909	P1-1-328	0	-
337	28.1824	28.8768	A1	67	59	0	0	25909	P1-1-327	0	-
338	28.2705	28.3547	C7	73	64	0	0	25994	P1-1-329	0	-
339	28.3427	28.3787	A6	67	68	0	0	26079	P1-1-330	0	-
340	28.4241	28.4789	C6	69	65	0	0	26164	P1-1-331	0	-
341	28.5096	28.5724	E6	84	63	0	0	26250	P1-1-332	0	-
342	28.5884	28.6765	C6	70	62	0	0	26335	P1-1-333	0	-
343	28.6645	28.7019	A5	64	66	0	0	26420	P1-1-334	0	-
344	28.754	28.8234	C5	66	61	0	0	26505	P1-1-335	0	-
345	28.8568	28.9236	E5	77	59	0	0	26590	P1-1-336	0	-
346	28.8835	29.4845	G2	93	53	0	0	26590	P1-1-338	0	-
347	28.9009	29.6955	G1	80	50	0	0	26590	P1-1-337	0	-
348	28.9343	29.0251	C5	60	60	0	0	26676	P1-1-339	0	-
349	29.0104	29.0478	A4	64	67	0	0	26761	P1-1-340	0	-
350	29.1146	29.168	C4	67	64	0	0	26846	P1-1-341	0	-
351	29.2014	29.2908	E4	80	55	0	0	26931	P1-1-342	0	-
352	29.2922	29.3723	C4	70	64	0	0	27017	P1-1-343	0	-
353	29.3723	29.4084	A3	68	68	0	0	27102	P1-1-344	0	-
354	29.4791	29.5259	C3	84	64	0	0	27187	P1-1-345	0	-
355	29.6835	31.9778	F2	98	58	0	0	27272	P1-1-347	0	-
356	29.6941	32.5227	F1	84	55	0	0	27272	P1-1-346	0	-
357	29.8397	29.8758	C3	70	63	0	0	27357	P1-1-348	0	-
358	29.9666	30.0494	A3	68	62	0	0	27443	P1-1-349	0	-
359	30.0227	30.0908	C4	65	66	0	0	27528	P1-1-350	0	-
360	30.0988	30.1335	E4	67	66	0	0	27613	P1-1-351	0	-
361	30.1829	30.243	C4	74	45	0	0	27698	P1-1-352	0	-
362	30.2884	30.3605	A4	74	60	0	0	27784	P1-1-353	0	-
363	30.3392	30.4006	C5	71	62	0	0	27869	P1-1-354	0	-
364	30.4046	30.4407	E5	81	61	0	0	27954	P1-1-355	0	-
365	30.5048	30.5609	C5	64	63	0	0	28039	P1-1-356	0	-
366	30.5729	30.6837	A5	76	63	0	0	28125	P1-1-357	0	-
367	30.6597	30.7225	C6	75	64	0	0	28210	P1-1-358	0	-
368	30.7158	30.7425	E6	82	71	0	0	28295	P1-1-359	0	-
369	30.7946	30.8507	C6	76	65	0	0	28380	P1-1-360	0	-
370	30.876	30.9575	A6	77	65	0	0	28465	P1-1-361	0	-
371	30.9482	31.039	C7	72	60	0	0	28551	P1-1-362	0	-
372	31.0376	31.0683	Eb7	89	67	0	0	28636	P1-1-363	0	-
373	31.1405	31.1872	B6	76	62	0	0	28721	P1-1-364	0	-
374	31.2032	31.2273	A6	63	63	0	0	28806	P1-1-365	0	-
375	31.2807	31.3488	B5	75	58	0	0	28892	P1-1-366	0	-
376	31.3555	31.4116	Eb6	89	66	0	0	28977	P1-1-367	0	-
377	31.4556	31.5104	B5	74	65	0	0	29062	P1-1-368	0	-
378	31.5211	31.5491	A5	56	60	0	0	29147	P1-1-369	0	-
379	31.6239	31.6827	B4	71	57	0	0	29232	P1-1-370	0	-
380	31.708	31.7615	Eb5	81	68	0	0	29318	P1-1-371	0	-
381	31.7962	31.8603	B4	60	65	0	0	29403	P1-1-372	0	-
382	31.8763	31.9017	A4	60	63	0	0	29488	P1-1-373	0	-
383	31.9711	32.0179	B3	80	59	0	0	29573	P1-1-374	0	-
384	32.0673	32.1194	Eb4	74	61	0	0	29659	P1-1-375	0	-
385	32.1527	32.2155	B3	70	66	0	0	29744	P1-1-376	0	-
386	32.2249	32.2556	A3	76	69	0	0	29829	P1-1-377	0	-
387	32.337	32.3824	B2	88	66	0	0	29914	P1-1-378	0	-
388	32.4786	34.7355	E2	100	56	0	0	30000	P1-1-380	0	-
389	32.4893	34.6594	E1	89	60	0	0	30000	P1-1-379	0	-
390	32.6175	32.6616	B2	75	69	0	0	30085	P1-1-381	0	-
391	32.7484	32.8405	A3	75	57	0	0	30170	P1-1-382	0	-
392	32.8232	32.9193	B3	73	64	0	0	30255	P1-1-383	0	-
393	32.9206	32.9527	E4	73	68	0	0	30340	P1-1-384	0	-
394	33.0168	33.0595	B3	78	63	0	0	30426	P1-1-385	0	-
395	33.1316	33.2078	A4	70	61	0	0	30511	P1-1-386	0	-
396	33.1837	33.2438	B4	77	57	0	0	30596	P1-1-387	0	-
397	33.2639	33.2986	E5	77	62	0	0	30681	P1-1-388	0	-
398	33.3467	33.3894	B4	87	59	0	0	30767	P1-1-389	0	-
399	33.4455	33.5243	A5	74	62	0	0	30852	P1-1-390	0	-
400	33.4949	33.5603	B5	79	61	0	0	30937	P1-1-391	0	-
401	33.583	33.6057	E6	71	68	0	0	31022	P1-1-392	0	-
402	33.6685	33.7046	B5	83	62	0	0	31107	P1-1-393	0	-
403	33.774	33.8488	A6	75	65	0	0	31193	P1-1-394	0	-
404	33.8448	33.9076	B6	65	65	0	0	31278	P1-1-395	0	-
405	33.8501	33.8795	C7	70	68	0	0	31278	*	3	-
406	33.9049	33.9863	E7	91	66	0	0	31363	P1-1-396	0	-
407	33.9877	34.0651	B6	80	61	0	0	31448	P1-1-397	0	-
408	34.0598	34.1039	G#6	76	64	0	0	31534	P1-1-398	0	-
409	34.1493	34.1827	B5	72	68	0	0	31619	P1-1-399	0	-
410	34.2214	34.2908	E6	89	63	0	0	31704	P1-1-400	0	-
411	34.2988	34.3696	B5	80	63	0	0	31789	P1-1-401	0	-
412	34.3603	34.415	G#5	78	64	0	0	31875	P1-1-402	0	-
413	34.4765	34.5326	B4	71	65	0	0	31960	P1-1-403	0	-
414	34.5512	34.6167	E5	85	63	0	0	32045	P1-1-404	0	-
415	34.6461	34.7249	B4	68	62	0	0	32130	P1-1-405	0	-
416	34.7195	34.7756	G#4	74	62	0	0	32215	P1-1-406	0	-
417	34.8424	34.8905	B3	60	65	0	0	32301	P1-1-407	0	-
418	34.9305	35.004	E4	76	59	0	0	32386	P1-1-408	0	-
419	35.0253	35.0934	B3	70	63	0	0	32471	P1-1-409	0	-
420	35.1081	35.1429	G#3	71	65	0	0	32556	P1-1-410	0	-
421	35.2444	35.2724	B2	59	62	0	0	32642	P1-1-411	0	-
422	35.4914	36.4783	A2	47	55	0	0	32727	P1-1-413	0	-
423	35.5008	36.4222	A1	43	39	0	0	32727	P1-1-412	0	-
424	35.6223	35.6704	E3	44	51	0	0	32812	P1-1-414	0	-
425	35.7024	35.7639	A3	52	62	0	0	32897	P1-1-415	0	-
426	35.7665	35.8253	C#4	59	65	0	0	32982	P1-1-416	0	-
427	35.836	35.8734	G4	60	66	0	0	33068	P1-1-417	0	-
428	35.9281	35.9762	E4	62	63	0	0	33153	P1-1-418	0	-
429	36.0269	36.0817	A4	58	63	0	0	33238	P1-1-419	0	-
430	36.0844	36.1431	C#5	65	67	0	0	33323	P1-1-420	0	-
431	36.1485	36.1845	G5	65	67	0	0	33409	P1-1-421	0	-
432	36.242	36.27	E5	64	62	0	0	33494	P1-1-422	0	-
433	36.3328	36.4035	A5	61	60	0	0	33579	P1-1-423	0	-
434	36.3955	36.4783	C#6	72	62	0	0	33664	P1-1-424	0	-
435	36.4797	36.5384	G6	87	63	0	0	33750	P1-1-425	0	-
436	36.5625	36.668	C#6	72	61	0	0	33835	P1-1-426	0	-
437	36.6666	36.7147	A5	61	62	0	0	33920	P1-1-427	0	-
438	36.7321	36.7588	E5	69	67	0	0	34005	P1-1-428	0	-
439	36.8776	38.1089	D2	54	63	0	0	34090	P1-1-430	0	-
440	36.8816	38.0515	D3	55	64	0	0	34090	P1-1-431	0	-
441	36.9311	36.9965	G6	72	63	0	0	34090	P1-1-429	0	-
442	37.0285	37.1007	C6	69	63	0	0	34176	P1-1-432	0	-
443	37.1047	37.1314	A5	56	65	0	0	34261	P1-1-433	0	-
444	37.1741	37.2128	E5	64	68	0	0	34346	P1-1-434	0	-
445	37.2556	37.309	G5	77	57	0	0	34431	P1-1-435	0	-
446	37.3304	37.4011	C5	72	66	0	0	34517	P1-1-436	0	-
447	37.4132	37.4479	A4	62	65	0	0	34602	P1-1-437	0	-
448	37.4906	37.5774	E4	59	60	0	0	34687	P1-1-438	0	-
449	37.6161	37.7123	G4	72	62	0	0	34772	P1-1-439	0	-
450	37.7403	38.0074	C4	63	52	0	0	34857	P1-1-440	0	-
451	37.8579	37.9554	A3	42	49	0	0	34943	P1-1-441	0	-
452	37.9059	37.95	E3	40	51	0	0	35028	P1-1-442	0	-
453	37.9914	38.0715	F#4	78	65	0	0	35113	P1-1-443	0	-
454	38.0836	38.2131	C4	57	62	0	0	35198	P1-1-444	0	-
455	38.1744	38.2465	A3	64	64	0	0	35284	P1-1-445	0	-
456	38.2452	38.2785	D3	74	68	0	0	35369	P1-1-446	0	-
457	38.3707	41.0363	G2	82	60	0	0	35454	P1-1-448	0	-
458	38.3787	40.1095	G1	71	59	0	0	35454	P1-1-447	0	-
459	38.4655	38.5002	D3	65	70	0	0	35539	P1-1-449	0	-
460	38.551	38.6445	G3	66	58	0	0	35625	P1-1-450	0	-
461	38.6244	38.7166	C4	65	65	0	0	35710	P1-1-451	0	-
462	38.7086	38.7446	F4	77	67	0	0	35795	P1-1-452	0	-
463	38.8194	38.8608	D4	66	65	0	0	35880	P1-1-453	0	-
464	38.9075	38.9757	G4	60	61	0	0	35965	P1-1-454	0	-
465	38.9743	39.0358	C5	64	62	0	0	36051	P1-1-455	0	-
466	39.0344	39.0745	F5	67	64	0	0	36136	P1-1-456	0	-
467	39.1306	39.1786	D5	70	62	0	0	36221	P1-1-457	0	-
468	39.2134	39.2855	G5	68	62	0	0	36306	P1-1-458	0	-
469	39.2721	39.3336	C6	75	67	0	0	36392	P1-1-459	0	-
470	39.3336	39.371	F6	74	64	0	0	36477	P1-1-460	0	-
471	39.4244	39.4564	D6	75	60	0	0	36562	P1-1-461	0	-
472	39.5045	39.5966	G6	70	64	0	0	36647	P1-1-462	0	-
473	39.5713	39.6608	C7	75	64	0	0	36732	P1-1-463	0	-
474	39.6567	39.7128	F7	84	64	0	0	36818	P1-1-464	0	-
475	39.7355	39.825	B6	78	64	0	0	36903	P1-1-465	0	-
476	39.8317	39.8651	G6	68	69	0	0	36988	P1-1-466	0	-
477	39.8985	39.9425	D6	65	66	0	0	37073	P1-1-467	0	-
478	39.9719	40.032	F6	78	61	0	0	37159	P1-1-468	0	-
479	40.0494	40.1322	B5	75	61	0	0	37244	P1-1-469	0	-
480	40.1322	40.1669	G5	72	68	0	0	37329	P1-1-470	0	-
481	40.223	40.263	D5	63	67	0	0	37414	P1-1-471	0	-
482	40.2964	40.3659	F5	84	61	0	0	37500	P1-1-472	0	-
483	40.3819	40.454	B4	76	63	0	0	37585	P1-1-473	0	-
484	40.4594	40.4968	G4	67	67	0	0	37670	P1-1-474	0	-
485	40.5355	40.5876	D4	70	63	0	0	37755	P1-1-475	0	-
486	40.625	40.7104	F4	87	62	0	0	37840	P1-1-476	0	-
487	40.7144	40.8066	B3	80	60	0	0	37926	P1-1-477	0	-
488	40.7932	40.8974	G3	72	57	0	0	38011	P1-1-478	0	-
489	40.8774	40.9308	D3	76	62	0	0	38096	P1-1-479	0	-
490	40.9949	42.3704	C2	98	60	0	0	38181	P1-1-480	0	-
491	41.091	41.1471	C3	69	63	0	0	38267	P1-1-482	0	-
492	41.1885	41.3074	G3	67	58	0	0	38352	P1-1-483	0	-
493	41.25	41.3434	Bb3	66	64	0	0	38437	P1-1-484	0	-
494	41.3314	41.3822	E4	74	60	0	0	38522	P1-1-485	0	-
495	41.4356	41.5184	C4	77	59	0	0	38607	P1-1-486	0	-
496	41.5357	41.6426	G4	74	64	0	0	38693	P1-1-487	0	-
497	41.5905	41.6773	Bb4	77	66	0	0	38778	P1-1-488	0	-
498	41.6733	41.7254	E5	82	62	0	0	38863	P1-1-489	0	-
499	41.7775	41.8496	C5	78	61	0	0	38948	P1-1-490	0	-
500	41.8656	41.9524	G5	79	65	0	0	39034	P1-1-491	0	-
501	41.9177	41.9818	Bb5	84	68	0	0	39119	P1-1-492	0	-
502	41.9778	42.0285	E6	84	65	0	0	39204	P1-1-493	0	-
503	42.0766	42.134	C6	83	66	0	0	39289	P1-1-494	0	-
504	42.1354	42.2142	G6	78	66	0	0	39375	P1-1-495	0	-
505	42.2075	42.2435	C7	79	66	0	0	39460	P1-1-496	0	-
506	42.2542	42.2542	B6	14	127	0	0	39460	*	3	-
507	42.3317	42.4439	Eb7	93	53	0	0	39545	P1-1-497	0	-
508	42.3317	43.6111	F#2	94	31	0	0	39545	P1-1-499	0	-
509	42.3397	43.4214	F#1	94	58	0	0	39545	P1-1-498	0	-
510	42.4105	42.4732	Bb6	82	65	0	0	39630	P1-1-500	0	-
511	42.5026	42.5347	Eb6	75	70	0	0	39715	P1-1-501	0	-
512	42.6282	42.727	C6	77	56	0	0	39801	P1-1-502	0	-
513	42.7056	42.8018	Eb6	82	64	0	0	39886	P1-1-503	0	-
514	42.7764	42.8098	Bb5	72	70	0	0	39971	P1-1-504	0	-
515	42.8659	42.8966	Eb5	50	59	0	0	40056	P1-1-505	0	-
516	42.958	43.0555	C5	75	59	0	0	40142	P1-1-506	0	-
517	43.0315	43.1236	Eb5	68	64	0	0	40227	P1-1-507	0	-
518	43.1009	43.1343	Bb4	68	69	0	0	40312	P1-1-508	0	-
519	43.1744	43.2131	Eb4	69	66	0	0	40397	P1-1-509	0	-
520	43.2812	43.3774	C4	76	57	0	0	40482	P1-1-510	0	-
521	43.3613	43.4682	Eb4	76	62	0	0	40568	P1-1-511	0	-
522	43.4214	43.4855	Bb3	74	63	0	0	40653	P1-1-512	0	-
523	43.5056	43.543	Eb3	77	66	0	0	40738	P1-1-513	0	-
524	43.6191	43.7086	C3	80	63	0	0	40823	P1-1-514	0	-
525	43.7687	44.6394	F2	94	61	0	0	40909	P1-1-516	0	-
526	43.7767	44.5232	F1	86	60	0	0	40909	P1-1-515	0	-
527	43.8648	43.9196	C3	64	65	0	0	40994	P1-1-517	0	-
528	43.9276	43.9596	Eb3	69	66	0	0	41079	P1-1-518	0	-
529	44.0464	44.1065	A3	69	46	0	0	41164	P1-1-519	0	-
530	44.1145	44.1907	Eb4	72	61	0	0	41250	P1-1-520	0	-
531	44.1947	44.2588	C4	73	61	0	0	41335	P1-1-521	0	-
532	44.2574	44.2948	Eb4	69	65	0	0	41420	P1-1-522	0	-
533	44.3629	44.4043	A4	74	61	0	0	41505	P1-1-523	0	-
534	44.4364	44.5058	Eb5	78	64	0	0	41590	P1-1-524	0	-
535	44.5125	44.5726	C5	76	66	0	0	41676	P1-1-525	0	-
536	44.5726	44.598	Eb5	74	72	0	0	41761	P1-1-526	0	-
537	44.6861	44.7516	A5	83	58	0	0	41846	P1-1-527	0	-
538	44.7676	44.8304	Eb6	88	65	0	0	41931	P1-1-528	0	-
539	44.8357	44.8985	C6	78	66	0	0	42017	P1-1-529	0	-
540	44.8918	44.9225	Eb6	75	70	0	0	42102	P1-1-530	0	-
541	44.9933	45.0574	A6	93	65	0	0	42187	P1-1-531	0	-
542	45.1055	45.2524	Eb7	90	64	0	0	42272	P1-1-532	0	-
543	45.1081	45.9148	B2	99	56	0	0	42272	P1-1-534	0	-
544	45.1201	46.4423	B1	85	60	0	0	42272	P1-1-533	0	-
545	45.1776	45.2216	E7	30	47	0	0	42272	*	3	-
546	45.1949	45.2724	G#6	82	63	0	0	42357	P1-1-535	0	-
547	45.2991	45.3191	Eb6	74	69	0	0	42443	P1-1-536	0	-
548	45.3979	45.4901	B5	82	61	0	0	42528	P1-1-537	0	-
549	45.4781	45.5729	Eb6	80	66	0	0	42613	P1-1-538	0	-
550	45.5502	45.5849	G#5	73	67	0	0	42698	P1-1-539	0	-
551	45.6423	45.665	Eb5	66	68	0	0	42784	P1-1-540	0	-
552	45.7451	45.8506	B4	56	58	0	0	42869	P1-1-541	0	-
553	45.7598	45.7852	C5	61	66	0	0	42869	*	3	-
554	45.8052	45.9094	Eb5	64	65	0	0	42954	P1-1-542	0	-
555	45.888	45.9375	G#4	73	60	0	0	43039	P1-1-543	0	-
556	45.9615	45.9935	Eb4	76	67	0	0	43125	P1-1-544	0	-
557	46.067	46.1645	B3	82	54	0	0	43210	P1-1-545	0	-
558	46.1364	46.2219	Eb4	73	64	0	0	43295	P1-1-546	0	-
559	46.2032	46.2687	G#3	74	61	0	0	43380	P1-1-547	0	-
560	46.2793	46.3087	Eb3	78	69	0	0	43465	P1-1-548	0	-
561	46.3715	46.4329	B2	90	66	0	0	43551	P1-1-549	0	-
562	46.5144	48.9302	Bb1	95	60	0	0	43636	P1-1-550	0	-
563	46.6105	46.6613	Bb2	74	66	0	0	43721	P1-1-551	0	-
564	46.7334	46.8482	F3	61	62	0	0	43806	P1-1-552	0	-
565	46.7467	46.7895	E3	40	47	0	0	43806	*	3	-
566	46.8055	46.8923	G#3	70	65	0	0	43892	P1-1-553	0	-
567	46.8963	46.9324	D4	70	67	0	0	43977	P1-1-554	0	-
568	46.9818	47.0446	Bb3	80	63	0	0	44062	P1-1-555	0	-
569	47.0726	47.1781	F4	71	65	0	0	44147	P1-1-556	0	-
570	47.1354	47.2075	G#4	78	66	0	0	44232	P1-1-557	0	-
571	47.2182	47.2502	D5	77	67	0	0	44318	P1-1-558	0	-
572	47.3063	47.3637	Bb4	75	65	0	0	44403	P1-1-559	0	-
573	47.3878	47.4866	F5	70	65	0	0	44488	P1-1-560	0	-
574	47.4545	47.5227	G#5	76	68	0	0	44573	P1-1-561	0	-
575	47.5293	47.5587	D6	84	65	0	0	44659	P1-1-562	0	-
576	47.6175	47.6896	Bb5	78	67	0	0	44744	P1-1-563	0	-
577	47.711	47.8191	F6	73	65	0	0	44829	P1-1-564	0	-
578	47.7844	47.8739	G#6	84	64	0	0	44914	P1-1-565	0	-
579	47.8725	47.938	D7	91	67	0	0	45000	P1-1-566	0	-
580	47.8779	48.9182	Bb2	98	62	0	0	45000	P1-1-567	0	-
581	47.9553	48.0755	G#6	83	62	0	0	45085	P1-1-568	0	-
582	48.0475	48.1036	E6	70	67	0	0	45170	P1-1-569	0	-
583	48.1223	48.1517	Bb5	77	71	0	0	45255	P1-1-570	0	-
584	48.2305	48.3106	D6	89	60	0	0	45340	P1-1-571	0	-
585	48.3226	48.4615	G#5	60	45	0	0	45426	P1-1-572	0	-
586	48.34	48.4041	A5	76	64	0	0	45426	*	3	-
587	48.4081	48.4682	E5	71	63	0	0	45511	P1-1-573	0	-
588	48.4922	48.5176	Bb4	81	72	0	0	45596	P1-1-574	0	-
589	48.5924	48.6712	D5	89	63	0	0	45681	P1-1-575	0	-
590	48.6872	48.7914	G#4	84	65	0	0	45767	P1-1-576	0	-
591	48.7873	48.8488	E4	71	64	0	0	45852	P1-1-577	0	-
592	48.8595	48.8902	Bb3	78	69	0	0	45937	P1-1-578	0	-
593	48.9716	49.0478	D4	81	60	0	0	46022	P1-1-579	0	-
594	49.0625	49.1626	G#3	79	63	0	0	46107	P1-1-580	0	-
595	49.1639	49.3162	E3	74	56	0	0	46193	P1-1-581	0	-
596	49.2601	49.3322	Bb2	84	61	0	0	46278	P1-1-582	0	-
597	49.4297	49.5165	A2	95	61	0	0	46363	P1-1-584	0	-
598	49.4417	52.3116	A1	84	35	0	0	46363	P1-1-583	0	-
599	49.5966	51.7855	A2	88	60	0	0	46448	P1-1-585	0	-
600	49.7689	49.8504	E3	81	60	0	0	46534	P1-1-586	0	-
601	49.8771	49.9626	A3	81	65	0	0	46619	P1-1-587	0	-
602	49.9652	50.0614	C#4	75	64	0	0	46704	P1-1-588	0	-
603	50.0614	50.0934	A3	74	67	0	0	46789	P1-1-589	0	-
604	50.1776	50.2537	E4	78	61	0	0	46875	P1-1-590	0	-
605	50.2751	50.3378	A4	76	60	0	0	46960	P1-1-591	0	-
606	50.3365	50.4019	C#5	73	64	0	0	47045	P1-1-592	0	-
607	50.3966	50.43	A4	61	66	0	0	47130	P1-1-593	0	-
608	50.5141	50.5822	E5	87	60	0	0	47215	P1-1-594	0	-
609	50.6049	50.6824	A5	76	63	0	0	47301	P1-1-595	0	-
610	50.6837	50.7518	C#6	76	62	0	0	47386	P1-1-596	0	-
611	50.7398	50.7745	A5	66	68	0	0	47471	P1-1-597	0	-
612	50.8613	50.9348	E6	74	65	0	0	47556	P1-1-598	0	-
613	50.9374	50.9989	A6	82	65	0	0	47642	P1-1-599	0	-
614	51.0136	51.1004	C#7	86	65	0	0	47727	P1-1-600	0	-
615	51.0924	51.1271	A6	76	68	0	0	47812	P1-1-601	0	-
616	51.1685	51.2019	E6	75	67	0	0	47897	P1-1-602	0	-
617	51.258	51.3167	A5	84	63	0	0	47982	P1-1-603	0	-
618	51.3501	51.4169	C#6	87	64	0	0	48068	P1-1-604	0	-
619	51.4236	51.4636	A5	82	63	0	0	48153	P1-1-605	0	-
620	51.505	51.5357	E5	69	66	0	0	48238	P1-1-606	0	-
621	51.5825	51.6626	A4	84	60	0	0	48323	P1-1-607	0	-
622	51.6826	51.7761	C#5	88	62	0	0	48409	P1-1-608	0	-
623	51.7735	51.8108	A4	80	65	0	0	48494	P1-1-609	0	-
624	51.8496	51.8843	E4	68	67	0	0	48579	P1-1-610	0	-
625	51.9297	52.0259	A3	86	57	0	0	48664	P1-1-611	0	-
626	52.0178	52.1127	C#4	84	64	0	0	48750	P1-1-612	0	-
627	52.0873	52.1701	A3	66	64	0	0	48835	P1-1-613	0	-
628	52.1915	52.2475	E3	77	59	0	0	48920	P1-1-614	0	-
629	52.2983	52.4545	A2	86	64	0	0	49005	P1-1-615	0	-
630	52.4826	53.7887	D2	86	62	0	0	49090	P1-1-616	0	-
631	52.6081	52.6789	A2	70	63	0	0	49176	P1-1-617	0	-
632	52.6976	52.7964	D3	64	62	0	0	49261	P1-1-618	0	-
633	52.7724	52.8552	F#3	64	64	0	0	49346	P1-1-619	0	-
634	52.8525	52.8912	C4	67	67	0	0	49431	P1-1-620	0	-
635	52.9447	53.0181	A3	74	64	0	0	49517	P1-1-621	0	-
636	53.0275	53.1116	D4	64	62	0	0	49602	P1-1-622	0	-
637	53.1036	53.161	F#4	72	67	0	0	49687	P1-1-623	0	-
638	53.169	53.2198	C5	73	61	0	0	49772	P1-1-624	0	-
639	53.2678	53.3146	A4	70	53	0	0	49857	P1-1-625	0	-
640	53.3506	53.4388	D5	63	61	0	0	49943	P1-1-626	0	-
641	53.4188	53.4815	F#5	75	64	0	0	50028	P1-1-627	0	-
642	53.4802	53.5229	C6	78	61	0	0	50113	P1-1-628	0	-
643	53.5723	53.6217	A5	73	50	0	0	50198	P1-1-629	0	-
644	53.6752	53.7499	D6	69	60	0	0	50284	P1-1-630	0	-
645	53.7259	53.8207	F#6	74	64	0	0	50369	P1-1-631	0	-
646	53.8154	53.8741	C7	86	63	0	0	50454	P1-1-632	0	-
647	53.8194	55.2337	G2	67	80	0	0	50454	P1-1-634	0	-
648	53.8301	55.4126	G1	60	59	0	0	50454	P1-1-633	0	-
649	53.9049	54.0104	F6	76	64	0	0	50539	P1-1-635	0	-
650	53.9917	54.0304	D6	73	64	0	0	50625	P1-1-636	0	-
651	54.0785	54.1212	G5	69	68	0	0	50710	P1-1-637	0	-
652	54.1586	54.192	C6	74	52	0	0	50795	P1-1-638	0	-
653	54.1987	54.2294	B5	47	63	0	0	50795	*	3	-
654	54.2427	54.3135	F5	73	62	0	0	50880	P1-1-639	0	-
655	54.3135	54.3723	D5	73	61	0	0	50965	P1-1-640	0	-
656	54.4177	54.6006	G4	56	64	0	0	51051	P1-1-641	0	-
657	54.594	54.7115	C5	65	57	0	0	51136	P1-1-642	0	-
658	54.6287	54.7569	B4	53	45	0	0	51136	*	3	-
659	54.7475	54.8397	F4	66	62	0	0	51221	P1-1-643	0	-
660	54.833	54.8771	D4	70	62	0	0	51306	P1-1-644	0	-
661	54.9225	54.9652	G3	61	67	0	0	51392	P1-1-645	0	-
662	55.0093	55.0948	B3	82	62	0	0	51477	P1-1-646	0	-
663	55.1001	55.1842	F3	68	63	0	0	51562	P1-1-647	0	-
664	55.1829	55.2203	D3	73	68	0	0	51647	P1-1-648	0	-
665	55.2604	55.3205	G2	46	63	0	0	51732	P1-1-649	0	-
666	55.3485	56.6546	C2	85	61	0	0	51818	P1-1-650	0	-
667	55.45	55.5074	G2	68	65	0	0	51903	P1-1-651	0	-
668	55.5542	55.6503	C3	68	62	0	0	51988	P1-1-652	0	-
669	55.6436	55.7024	E3	65	63	0	0	52073	P1-1-653	0	-
670	55.7104	55.7545	B3	71	62	0	0	52159	P1-1-654	0	-
671	55.8146	55.8653	G3	69	57	0	0	52244	P1-1-655	0	-
672	55.9081	55.9829	C4	66	62	0	0	52329	P1-1-656	0	-
673	55.9855	56.0283	E4	64	66	0	0	52414	P1-1-657	0	-
674	56.0429	56.0763	B4	71	67	0	0	52500	P1-1-658	0	-
675	56.1444	56.1885	G4	60	64	0	0	52585	P1-1-659	0	-
676	56.2259	56.2913	C5	66	65	0	0	52670	P1-1-660	0	-
677	56.29	56.3301	E5	73	64	0	0	52755	P1-1-661	0	-
678	56.3514	56.3862	B5	71	65	0	0	52840	P1-1-662	0	-
679	56.4529	56.4823	G5	64	58	0	0	52926	P1-1-663	0	-
680	56.5357	56.6119	C6	68	64	0	0	53011	P1-1-664	0	-
681	56.6025	56.6893	E6	75	62	0	0	53096	P1-1-665	0	-
682	56.6906	58.0208	F2	62	34	0	0	53181	P1-1-668	0	-
683	56.692	56.7441	B6	79	63	0	0	53181	P1-1-666	0	-
684	56.6987	58.2772	F1	58	57	0	0	53181	P1-1-667	0	-
685	56.7681	56.8643	E6	74	62	0	0	53267	P1-1-669	0	-
686	56.8589	56.895	C6	66	67	0	0	53352	P1-1-670	0	-
687	56.9457	56.9831	F5	64	68	0	0	53437	P1-1-671	0	-
688	57.0178	57.0806	B5	79	63	0	0	53522	P1-1-672	0	-
689	57.1073	57.1874	E5	77	61	0	0	53607	P1-1-673	0	-
690	57.1955	57.2302	C5	64	68	0	0	53693	P1-1-674	0	-
691	57.2729	57.4265	F4	69	63	0	0	53778	P1-1-675	0	-
692	57.4412	57.5453	B4	79	58	0	0	53863	P1-1-676	0	-
693	57.5801	57.6762	E4	65	61	0	0	53948	P1-1-677	0	-
694	57.6816	57.723	C4	59	66	0	0	54034	P1-1-678	0	-
695	57.767	57.8245	F3	64	63	0	0	54119	P1-1-679	0	-
696	57.8485	57.9286	A3	82	63	0	0	54204	P1-1-680	0	-
697	57.9393	58.0181	E3	70	62	0	0	54289	P1-1-681	0	-
698	58.0194	58.0555	C3	68	66	0	0	54375	P1-1-682	0	-
699	58.1022	58.1396	F2	69	64	0	0	54460	P1-1-683	0	-
700	58.1984	59.5312	B1	84	62	0	0	54545	P1-1-684	0	-
701	58.2839	58.3373	F2	63	65	0	0	54630	P1-1-685	0	-
702	58.392	58.4735	B2	67	63	0	0	54715	P1-1-686	0	-
703	58.4762	58.5296	D3	67	66	0	0	54801	P1-1-687	0	-
704	58.5429	58.579	A3	66	68	0	0	54886	P1-1-688	0	-
705	58.6484	58.6965	F3	73	61	0	0	54971	P1-1-689	0	-
706	58.758	58.8167	B3	65	60	0	0	55056	P1-1-690	0	-
707	58.8181	58.8688	D4	69	62	0	0	55142	P1-1-691	0	-
708	58.8795	58.9236	A4	72	60	0	0	55227	P1-1-692	0	-
709	58.9836	59.0144	F4	72	64	0	0	55312	P1-1-693	0	-
710	59.0664	59.1426	B4	63	60	0	0	55397	P1-1-694	0	-
711	59.1386	59.196	D5	74	61	0	0	55482	P1-1-695	0	-
712	59.208	59.2561	A5	77	55	0	0	55568	P1-1-696	0	-
713	59.3122	59.3683	F5	74	58	0	0	55653	P1-1-697	0	-
714	59.407	59.4885	B5	67	62	0	0	55738	P1-1-698	0	-
715	59.4764	59.5539	D6	76	62	0	0	55823	P1-1-699	0	-
716	59.5486	59.642	G6	80	64	0	0	55909	P1-1-700	0	-
717	59.5552	59.8464	E2	71	58	0	0	55909	P1-1-702	0	-
718	59.5566	59.7235	E1	67	61	0	0	55909	P1-1-701	0	-
719	59.6487	59.7422	D6	75	61	0	0	55994	P1-1-703	0	-
720	59.7342	59.7689	B5	66	68	0	0	56079	P1-1-704	0	-
721	59.8277	59.8717	E5	65	65	0	0	56164	P1-1-705	0	-
722	59.9038	59.9719	G5	85	64	0	0	56250	P1-1-706	0	-
723	59.9826	60.0894	D5	72	62	0	0	56335	P1-1-707	0	-
724	60.0721	60.2029	B4	67	58	0	0	56420	P1-1-708	0	-
725	60.1602	60.1829	E4	60	65	0	0	56505	P1-1-709	0	-
726	60.2724	60.5688	A2	74	62	0	0	56590	P1-1-712	0	-
727	60.2724	60.3592	A4	80	57	0	0	56590	P1-1-710	0	-
728	60.2777	60.5248	A1	68	59	0	0	56590	P1-1-711	0	-
729	60.3672	60.446	C5	74	60	0	0	56676	P1-1-713	0	-
730	60.4326	60.5154	G5	78	66	0	0	56761	P1-1-714	0	-
731	60.5007	60.5301	E5	72	67	0	0	56846	P1-1-715	0	-
732	60.6076	60.6917	A5	83	58	0	0	56931	P1-1-716	0	-
733	60.6984	60.8012	C6	84	62	0	0	57017	P1-1-717	0	-
734	60.7612	60.8747	G6	81	63	0	0	57102	P1-1-718	0	-
735	60.8506	60.9081	E6	78	66	0	0	57187	P1-1-719	0	-
736	60.9815	61.0817	F6	97	63	0	0	57272	P1-1-720	0	-
737	60.9828	61.274	D2	91	60	0	0	57272	P1-1-722	0	-
738	60.9909	61.1965	D1	88	61	0	0	57272	P1-1-721	0	-
739	61.0817	61.1925	C6	83	64	0	0	57357	P1-1-723	0	-
740	61.1591	61.2232	A5	71	62	0	0	57443	P1-1-724	0	-
741	61.2593	61.3194	D5	72	64	0	0	57528	P1-1-725	0	-
742	61.3434	61.4155	F5	87	62	0	0	57613	P1-1-726	0	-
743	61.4142	61.5344	C5	75	62	0	0	57698	P1-1-727	0	-
744	61.4917	61.5878	A4	72	61	0	0	57784	P1-1-728	0	-
745	61.5825	61.6159	D4	74	67	0	0	57869	P1-1-729	0	-
746	61.6987	61.9537	G2	94	61	0	0	57954	P1-1-732	0	-
747	61.7053	61.9137	G1	91	62	0	0	57954	P1-1-731	0	-
748	61.712	61.7975	G4	80	65	0	0	57954	P1-1-730	0	-
749	61.7988	61.8976	B4	87	61	0	0	58039	P1-1-733	0	-
750	61.8776	61.9377	F5	77	63	0	0	58125	P1-1-734	0	-
751	61.9377	61.9658	D5	77	71	0	0	58210	P1-1-735	0	-
752	62.0499	62.134	G5	92	63	0	0	58295	P1-1-736	0	-
753	62.13	62.2435	B5	90	59	0	0	58380	P1-1-737	0	-
754	62.1955	62.3076	F6	86	65	0	0	58465	P1-1-738	0	-
755	62.2823	62.3397	D6	82	62	0	0	58551	P1-1-739	0	-
756	62.4024	62.6882	C2	103	60	0	0	58636	P1-1-742	0	-
757	62.4024	62.5307	E6	96	61	0	0	58636	P1-1-740	0	-
758	62.4105	62.6054	C1	94	61	0	0	58636	P1-1-741	0	-
759	62.5106	62.6308	B5	85	62	0	0	58721	P1-1-743	0	-
760	62.5948	62.6669	G5	73	64	0	0	58806	P1-1-744	0	-
761	62.7069	62.7684	C5	71	65	0	0	58892	P1-1-745	0	-
762	62.7844	62.8699	E5	87	57	0	0	58977	P1-1-746	0	-
763	62.8672	62.9727	B4	69	62	0	0	59062	P1-1-747	0	-
764	62.9446	63.0528	G4	72	50	0	0	59147	P1-1-748	0	-
765	63.0274	63.0582	C4	73	71	0	0	59232	P1-1-749	0	-
766	63.141	63.384	F2	98	62	0	0	59318	P1-1-752	0	-
767	63.1476	63.2385	F4	89	62	0	0	59318	P1-1-750	0	-
768	63.1503	63.3146	F1	85	60	0	0	59318	P1-1-751	0	-
769	63.2385	63.3346	A4	81	60	0	0	59403	P1-1-753	0	-
770	63.3172	63.3627	E5	80	67	0	0	59488	P1-1-754	0	-
771	63.3787	63.4214	C5	81	63	0	0	59573	P1-1-755	0	-
772	63.5055	63.583	F5	87	60	0	0	59659	P1-1-756	0	-
773	63.5843	63.7005	A5	88	60	0	0	59744	P1-1-757	0	-
774	63.6605	63.7833	E6	85	66	0	0	59829	P1-1-758	0	-
775	63.7526	63.7967	C6	81	64	0	0	59914	P1-1-759	0	-
776	63.8688	64.5886	B2	100	55	0	0	60000	P1-1-762	0	-
777	63.8715	64.0023	D6	102	60	0	0	60000	P1-1-760	0	-
778	63.8795	64.626	B1	91	33	0	0	60000	P1-1-761	0	-
779	63.9796	64.0998	A5	86	62	0	0	60085	P1-1-763	0	-
780	64.0718	64.1185	F5	72	61	0	0	60170	P1-1-764	0	-
781	64.1653	64.2227	B4	77	65	0	0	60255	P1-1-765	0	-
782	64.2454	64.3322	D5	95	57	0	0	60340	P1-1-766	0	-
783	64.3335	64.4324	A4	77	60	0	0	60426	P1-1-767	0	-
784	64.4003	64.4644	F4	80	64	0	0	60511	P1-1-768	0	-
785	64.4938	64.5592	B3	76	66	0	0	60596	P1-1-769	0	-
786	64.5846	64.6821	D4	95	59	0	0	60681	P1-1-770	0	-
787	64.6781	64.7729	A3	78	64	0	0	60767	P1-1-771	0	-
788	64.7636	64.8156	F3	78	62	0	0	60852	P1-1-772	0	-
789	64.8504	64.8904	B2	85	66	0	0	60937	P1-1-773	0	-
790	64.9786	66.2553	B1	105	52	0	0	61022	P1-1-774	0	-
791	65.4273	66.1765	B2	108	53	0	0	61363	P1-1-776	0	-
792	65.4393	65.5835	Eb6	94	62	0	0	61363	P1-1-775	0	-
793	65.5274	65.6757	A5	72	62	0	0	61448	P1-1-777	0	-
794	65.6183	65.7037	F#5	86	62	0	0	61534	P1-1-778	0	-
795	65.7358	65.7665	B4	74	64	0	0	61619	P1-1-779	0	-
796	65.8172	65.9361	Eb5	89	61	0	0	61704	P1-1-780	0	-
797	65.8934	66.0216	A4	76	59	0	0	61789	P1-1-781	0	-
798	65.9855	66.059	F#4	77	65	0	0	61875	P1-1-782	0	-
799	66.0857	66.1404	B3	74	61	0	0	61960	P1-1-783	0	-
800	66.1845	66.2993	Eb4	93	58	0	0	62045	P1-1-784	0	-
801	66.274	66.4062	A3	80	62	0	0	62130	P1-1-785	0	-
802	66.3755	66.4035	F#3	65	62	0	0	62215	P1-1-786	0	-
803	66.4075	66.4476	F3	65	66	0	0	62215	*	3	-
804	66.4957	66.5664	B2	89	66	0	0	62301	P1-1-787	0	-
805	66.6532	66.9337	B1	111	62	0	0	62386	P1-1-788	0	-
806	67.3397	69.9519	E2	102	55	0	0	62727	P1-1-790	0	-
807	67.349	70.2764	E1	91	61	0	0	62727	P1-1-789	0	-
808	67.5574	67.6962	B2	90	62	0	0	62812	P1-1-791	0	-
809	67.7083	67.8552	E3	86	58	0	0	62897	P1-1-792	0	-
810	67.8325	67.9286	G#3	79	64	0	0	62982	P1-1-793	0	-
811	67.9286	67.982	E4	80	61	0	0	63068	P1-1-794	0	-
812	68.0328	68.1036	B3	83	63	0	0	63153	P1-1-795	0	-
813	68.1263	68.2144	E4	79	61	0	0	63238	P1-1-796	0	-
814	68.2064	68.2785	G#4	77	66	0	0	63323	P1-1-797	0	-
815	68.2852	68.3146	E5	78	68	0	0	63409	P1-1-798	0	-
816	68.3667	68.4388	B4	81	58	0	0	63494	P1-1-799	0	-
817	68.4575	68.5363	E5	77	60	0	0	63579	P1-1-800	0	-
818	68.5256	68.591	G#5	78	68	0	0	63664	P1-1-801	0	-
819	68.5977	68.6284	E6	86	67	0	0	63750	P1-1-802	0	-
820	68.7005	68.7646	B5	84	64	0	0	63835	P1-1-803	0	-
821	68.7953	68.8795	E6	73	65	0	0	63920	P1-1-804	0	-
822	68.8634	68.9342	G#6	80	65	0	0	64005	P1-1-805	0	-
823	68.9382	68.9917	E7	86	63	0	0	64090	P1-1-806	0	-
824	69.0077	69.1506	G#6	86	64	0	0	64176	P1-1-807	0	-
825	69.1105	69.1706	E6	73	66	0	0	64261	P1-1-808	0	-
826	69.188	69.2227	B5	76	61	0	0	64346	P1-1-809	0	-
827	69.2948	69.3496	E6	91	63	0	0	64431	P1-1-810	0	-
828	69.3936	69.5245	G#5	82	63	0	0	64516	P1-1-811	0	-
829	69.5005	69.5619	E5	78	64	0	0	64602	P1-1-812	0	-
830	69.5926	69.6554	B4	67	57	0	0	64687	P1-1-813	0	-
831	69.7141	69.7822	E5	87	64	0	0	64772	P1-1-814	0	-
832	69.8397	69.9665	G#4	84	62	0	0	64857	P1-1-815	0	-
833	69.9492	70.0493	E4	73	63	0	0	64943	P1-1-816	0	-
834	70.052	70.2951	B3	88	60	0	0	65028	P1-1-817	0	-
835	70.2376	70.6837	D2	98	56	0	0	65113	P1-1-820	0	-
836	70.2497	70.7758	D1	88	60	0	0	65113	P1-1-819	0	-
837	70.2924	70.4727	F4	99	62	0	0	65113	P1-1-818	0	-
838	70.4727	70.6209	B3	83	63	0	0	65198	P1-1-821	0	-
839	70.5849	70.7758	G3	82	60	0	0	65284	P1-1-822	0	-
840	70.7104	70.7905	D3	87	62	0	0	65369	P1-1-823	0	-
841	70.8146	72.9914	C2	96	59	0	0	65454	P1-1-825	0	-
842	70.8293	71.1284	C1	87	57	0	0	65454	P1-1-824	0	-
843	70.9561	71.0229	C3	77	64	0	0	65539	P1-1-826	0	-
844	71.0696	71.1538	G3	70	60	0	0	65625	P1-1-827	0	-
845	71.1297	71.2072	C4	69	62	0	0	65710	P1-1-828	0	-
846	71.2059	71.2352	E4	75	70	0	0	65795	P1-1-829	0	-
847	71.2967	71.3675	C4	72	65	0	0	65880	P1-1-830	0	-
848	71.3968	71.4903	G4	71	62	0	0	65965	P1-1-831	0	-
849	71.4623	71.5437	C5	73	60	0	0	66051	P1-1-832	0	-
850	71.5157	71.5664	B4	25	52	0	0	66051	*	3	-
851	71.5424	71.5744	E5	74	68	0	0	66136	P1-1-833	0	-
852	71.6172	71.7	C5	69	63	0	0	66221	P1-1-834	0	-
853	71.7187	71.8255	G5	76	65	0	0	66306	P1-1-835	0	-
854	71.7988	71.8656	C6	80	64	0	0	66392	P1-1-836	0	-
855	71.8389	71.8776	B5	40	52	0	0	66392	*	3	-
856	71.8696	71.8963	E6	78	71	0	0	66477	P1-1-837	0	-
857	71.9524	72.0312	C6	75	55	0	0	66562	P1-1-838	0	-
858	72.0472	72.1567	G6	77	63	0	0	66647	P1-1-839	0	-
859	72.126	72.2115	C7	78	65	0	0	66732	P1-1-840	0	-
860	72.1954	72.2916	E7	90	66	0	0	66818	P1-1-841	0	-
861	72.2035	73.0007	C3	95	57	0	0	66818	P1-1-842	0	-
862	72.2903	72.3864	C7	72	65	0	0	66903	P1-1-843	0	-
863	72.3704	72.4145	G6	71	62	0	0	66988	P1-1-844	0	-
864	72.4559	72.5213	C6	72	67	0	0	67073	P1-1-845	0	-
865	72.5467	72.6268	E6	84	63	0	0	67159	P1-1-846	0	-
866	72.6455	72.7336	C6	77	64	0	0	67244	P1-1-847	0	-
867	72.7176	72.7563	G5	71	65	0	0	67329	P1-1-848	0	-
868	72.8044	72.8685	C5	66	62	0	0	67414	P1-1-849	0	-
869	72.8952	72.9633	E5	86	57	0	0	67500	P1-1-850	0	-
870	72.9687	73.0568	C5	66	63	0	0	67585	P1-1-851	0	-
871	73.0595	73.0982	G4	60	66	0	0	67670	P1-1-852	0	-
872	73.1276	73.1997	C4	72	63	0	0	67755	P1-1-853	0	-
873	73.2291	73.3199	E4	83	57	0	0	67840	P1-1-854	0	-
874	73.3119	73.4027	C4	70	64	0	0	67926	P1-1-855	0	-
875	73.392	73.4975	G3	71	51	0	0	68011	P1-1-856	0	-
876	73.4762	73.5162	C3	77	66	0	0	68096	P1-1-857	0	-
877	73.5963	74.4444	F2	102	57	0	0	68181	P1-1-859	0	-
878	73.6084	75.0453	F1	86	41	0	0	68181	P1-1-858	0	-
879	73.6978	73.7459	C3	74	68	0	0	68267	P1-1-860	0	-
880	73.8007	73.9142	A3	70	58	0	0	68352	P1-1-861	0	-
881	73.8795	73.9729	C4	70	63	0	0	68437	P1-1-862	0	-
882	73.9729	74.017	F4	80	56	0	0	68522	P1-1-863	0	-
883	74.0664	74.1332	C4	78	61	0	0	68607	P1-1-864	0	-
884	74.1746	74.2708	A4	75	62	0	0	68693	P1-1-865	0	-
885	74.2414	74.3055	C5	74	62	0	0	68778	P1-1-866	0	-
886	74.3108	74.3576	F5	80	59	0	0	68863	P1-1-867	0	-
887	74.4096	74.4591	C5	74	62	0	0	68948	P1-1-868	0	-
888	74.5005	74.5953	A5	73	63	0	0	69034	P1-1-869	0	-
889	74.5619	74.6474	C6	76	64	0	0	69119	P1-1-870	0	-
890	74.6287	74.6954	F6	85	59	0	0	69204	P1-1-871	0	-
891	74.7355	74.7836	C6	78	62	0	0	69289	P1-1-872	0	-
892	74.8236	74.9265	A6	76	65	0	0	69375	P1-1-873	0	-
893	74.8877	74.9879	C7	78	65	0	0	69460	P1-1-874	0	-
894	74.9759	75.064	E7	88	68	0	0	69545	P1-1-875	0	-
895	74.9906	76.3487	F#2	92	34	0	0	69545	P1-1-877	0	-
896	74.9973	75.8493	F#1	78	60	0	0	69545	P1-1-876	0	-
897	75.0614	75.1655	C7	79	64	0	0	69630	P1-1-878	0	-
898	75.1415	75.1922	A6	74	62	0	0	69715	P1-1-879	0	-
899	75.231	75.2964	C6	71	66	0	0	69801	P1-1-880	0	-
900	75.3338	75.4206	E6	77	64	0	0	69886	P1-1-881	0	-
901	75.4206	75.5168	C6	77	64	0	0	69971	P1-1-882	0	-
902	75.4927	75.5328	A5	62	65	0	0	70056	P1-1-883	0	-
903	75.5822	75.6596	C5	66	62	0	0	70142	P1-1-884	0	-
904	75.6864	75.7745	E5	79	57	0	0	70227	P1-1-885	0	-
905	75.7732	75.8546	C5	70	61	0	0	70312	P1-1-886	0	-
906	75.8506	75.8813	A4	57	64	0	0	70397	P1-1-887	0	-
907	75.9334	76.0029	C4	64	63	0	0	70482	P1-1-888	0	-
908	76.0256	76.1364	D4	78	60	0	0	70568	P1-1-889	0	-
909	76.1164	76.1952	C4	68	63	0	0	70653	P1-1-890	0	-
910	76.1885	76.2326	A3	74	64	0	0	70738	P1-1-891	0	-
911	76.2793	76.3234	C3	78	66	0	0	70823	P1-1-892	0	-
912	76.3955	76.8135	G2	91	59	0	0	70909	P1-1-894	0	-
913	76.4115	77.1273	G1	78	63	0	0	70909	P1-1-893	0	-
914	76.509	76.5571	B2	72	65	0	0	70994	P1-1-895	0	-
915	76.6065	76.7454	G3	69	60	0	0	71079	P1-1-896	0	-
916	76.7067	76.7841	B3	68	64	0	0	71164	P1-1-897	0	-
917	76.7774	76.8162	D4	77	64	0	0	71250	P1-1-898	0	-
918	76.8789	76.9484	B3	74	61	0	0	71335	P1-1-899	0	-
919	76.9844	77.0913	G4	68	63	0	0	71420	P1-1-900	0	-
920	77.0499	77.138	B4	75	64	0	0	71505	P1-1-901	0	-
921	77.1327	77.1767	D5	78	62	0	0	71590	P1-1-902	0	-
922	77.1407	77.3276	F#2	98	59	0	0	71590	P1-1-904	0	-
923	77.1434	77.528	F#1	88	58	0	0	71590	P1-1-903	0	-
924	77.2355	77.3036	B4	73	54	0	0	71676	P1-1-905	0	-
925	77.329	77.4465	G5	76	64	0	0	71761	P1-1-906	0	-
926	77.4024	77.4986	B5	76	63	0	0	71846	P1-1-907	0	-
927	77.4946	77.735	E2	102	58	0	0	71931	P1-1-910	0	-
928	77.4959	77.548	D6	85	62	0	0	71931	P1-1-908	0	-
929	77.5039	77.9219	E1	93	33	0	0	71931	P1-1-909	0	-
930	77.5961	77.6789	B5	77	59	0	0	72017	P1-1-911	0	-
931	77.6989	77.8124	G6	79	63	0	0	72102	P1-1-912	0	-
932	77.7844	77.8845	A6	81	66	0	0	72187	P1-1-913	0	-
933	77.8712	77.9633	D7	92	64	0	0	72272	P1-1-914	0	-
934	77.8792	78.7793	D2	101	52	0	0	72272	P1-1-916	0	-
935	77.8926	78.5776	D1	91	55	0	0	72272	P1-1-915	0	-
936	77.9647	78.0835	A6	80	65	0	0	72357	P1-1-917	0	-
937	78.0595	78.1169	F#6	76	66	0	0	72443	P1-1-918	0	-
938	78.1289	78.1864	C6	74	63	0	0	72528	P1-1-919	0	-
939	78.2384	78.3399	D6	84	62	0	0	72613	P1-1-920	0	-
940	78.3106	78.4214	A5	73	62	0	0	72698	P1-1-921	0	-
941	78.3974	78.4548	F#5	75	60	0	0	72784	P1-1-922	0	-
942	78.4788	78.5389	C5	68	56	0	0	72869	P1-1-923	0	-
943	78.5857	78.6965	D5	79	58	0	0	72954	P1-1-924	0	-
944	78.6725	78.7846	A4	71	59	0	0	73039	P1-1-925	0	-
945	78.7579	78.8274	F#4	73	62	0	0	73125	P1-1-926	0	-
946	78.8421	78.9075	C4	69	64	0	0	73210	P1-1-927	0	-
947	78.9422	79.0424	D4	82	60	0	0	73295	P1-1-928	0	-
948	79.0304	79.1345	A3	70	62	0	0	73380	P1-1-929	0	-
949	79.1145	79.216	F#3	69	63	0	0	73465	P1-1-930	0	-
950	79.2013	79.2948	C3	67	58	0	0	73551	P1-1-931	0	-
951	79.3469	81.3714	G2	94	64	0	0	73636	P1-1-933	0	-
952	79.3562	81.3167	G1	85	62	0	0	73636	P1-1-932	0	-
953	79.451	79.5245	C3	67	65	0	0	73721	P1-1-934	0	-
954	79.5445	79.6687	F3	63	61	0	0	73806	P1-1-935	0	-
955	79.6193	79.7088	G#3	67	64	0	0	73892	P1-1-936	0	-
956	79.7075	79.7542	D4	72	62	0	0	73977	P1-1-937	0	-
957	79.8116	79.8944	C4	76	63	0	0	74062	P1-1-938	0	-
958	79.9038	80.0266	F4	72	64	0	0	74147	P1-1-939	0	-
959	79.9799	80.0547	G#4	75	66	0	0	74232	P1-1-940	0	-
960	80.0533	80.0921	D5	76	63	0	0	74318	P1-1-941	0	-
961	80.1428	80.231	C5	81	60	0	0	74403	P1-1-942	0	-
962	80.2283	80.3498	F5	74	64	0	0	74488	P1-1-943	0	-
963	80.3084	80.3739	G#5	80	68	0	0	74573	P1-1-944	0	-
964	80.3712	80.4072	D6	79	64	0	0	74659	P1-1-945	0	-
965	80.4607	80.5354	C6	81	60	0	0	74744	P1-1-946	0	-
966	80.5381	80.6556	F6	77	64	0	0	74829	P1-1-947	0	-
967	80.6182	80.7064	G#6	84	65	0	0	74914	P1-1-948	0	-
968	80.6957	80.7732	D7	87	53	0	0	75000	P1-1-949	0	-
969	80.7812	80.8867	G6	86	59	0	0	75085	P1-1-950	0	-
970	80.8666	80.9267	F6	71	64	0	0	75170	P1-1-951	0	-
971	80.9481	81.0175	B5	70	64	0	0	75255	P1-1-952	0	-
972	81.0456	81.1124	D6	85	58	0	0	75340	P1-1-953	0	-
973	81.1244	81.2125	G5	79	62	0	0	75426	P1-1-954	0	-
974	81.2125	81.2513	F5	67	66	0	0	75511	P1-1-955	0	-
975	81.2967	81.3594	B4	68	65	0	0	75596	P1-1-956	0	-
976	81.3915	81.4609	D5	81	64	0	0	75681	P1-1-957	0	-
977	81.481	81.5758	G4	71	62	0	0	75767	P1-1-958	0	-
978	81.5584	81.6158	F4	66	64	0	0	75852	P1-1-959	0	-
979	81.6559	81.7133	B3	62	58	0	0	75937	P1-1-960	0	-
980	81.7547	81.7975	Eb4	86	60	0	0	76022	P1-1-961	0	-
981	81.8482	81.9377	G3	73	61	0	0	76107	P1-1-962	0	-
982	81.9497	82.0165	F3	72	65	0	0	76193	P1-1-963	0	-
983	82.0512	82.0926	B2	74	66	0	0	76278	P1-1-964	0	-
984	82.2435	82.3397	C3	90	64	0	0	76363	P1-1-966	0	-
985	82.2448	85.044	C2	82	62	0	0	76363	P1-1-965	0	-
986	82.3998	82.4719	C3	64	64	0	0	76448	P1-1-967	0	-
987	82.5159	82.6014	G3	71	59	0	0	76534	P1-1-968	0	-
988	82.5881	82.6749	C4	67	64	0	0	76619	P1-1-969	0	-
989	82.6735	82.7096	E4	66	66	0	0	76704	P1-1-970	0	-
990	82.739	84.3589	C3	67	37	0	0	76789	*	3	-
991	82.7777	82.8378	C4	65	64	0	0	76789	P1-1-971	0	-
992	82.8645	82.9393	G4	65	63	0	0	76875	P1-1-972	0	-
993	82.9219	82.9927	C5	68	63	0	0	76960	P1-1-973	0	-
994	82.994	83.0248	E5	69	67	0	0	77045	P1-1-974	0	-
995	83.0795	83.149	C5	66	63	0	0	77130	P1-1-975	0	-
996	83.169	83.2625	G5	74	63	0	0	77215	P1-1-976	0	-
997	83.2384	83.3132	C6	73	66	0	0	77301	P1-1-977	0	-
998	83.3025	83.3333	E6	81	66	0	0	77386	P1-1-978	0	-
999	83.3933	83.4615	C6	71	63	0	0	77471	P1-1-979	0	-
1000	83.4788	83.5857	G6	69	62	0	0	77556	P1-1-980	0	-
1001	83.5603	83.6324	C7	74	64	0	0	77642	P1-1-981	0	-
1002	83.6257	83.7245	E7	85	67	0	0	77727	P1-1-982	0	-
1003	83.7192	83.8047	C7	67	64	0	0	77812	P1-1-983	0	-
1004	83.798	83.8354	G6	64	68	0	0	77897	P1-1-984	0	-
1005	83.8714	83.9355	C6	68	65	0	0	77982	P1-1-985	0	-
1006	83.9703	84.0397	E6	76	63	0	0	78068	P1-1-986	0	-
1007	84.0464	84.1238	C6	72	64	0	0	78153	P1-1-987	0	-
1008	84.1132	84.1519	G5	63	67	0	0	78238	P1-1-988	0	-
1009	84.2107	84.2614	C5	60	65	0	0	78323	P1-1-989	0	-
1010	84.2935	84.3576	E5	79	62	0	0	78409	P1-1-990	0	-
1011	84.3789	84.4444	C5	67	62	0	0	78494	P1-1-991	0	-
1012	84.451	84.4871	G4	53	66	0	0	78579	P1-1-992	0	-
1013	84.5298	84.5953	C4	62	64	0	0	78664	P1-1-993	0	-
1014	84.6206	84.7008	E4	74	62	0	0	78750	P1-1-994	0	-
1015	84.7155	84.7849	C4	64	64	0	0	78835	P1-1-995	0	-
1016	84.7902	84.8543	G3	62	49	0	0	78920	P1-1-996	0	-
1017	84.8744	84.9104	C3	69	67	0	0	79005	P1-1-997	0	-
1018	85.0106	87.2355	A2	92	54	0	0	79090	P1-1-999	0	-
1019	85.0186	87.4892	A1	81	59	0	0	79090	P1-1-998	0	-
1020	85.1027	85.1388	C3	60	67	0	0	79176	P1-1-1000	0	-
1021	85.1735	85.2617	F3	71	62	0	0	79261	P1-1-1001	0	-
1022	85.2764	85.3231	C4	62	64	0	0	79346	P1-1-1002	0	-
1023	85.3405	85.3792	F4	79	64	0	0	79431	P1-1-1003	0	-
1024	85.4379	85.4793	C4	77	60	0	0	79517	P1-1-1004	0	-
1025	85.5274	85.5955	F4	72	63	0	0	79602	P1-1-1005	0	-
1026	85.6076	85.665	C5	63	58	0	0	79687	P1-1-1006	0	-
1027	85.6757	85.7344	F5	78	57	0	0	79772	P1-1-1007	0	-
1028	85.7812	85.8226	C5	76	63	0	0	79857	P1-1-1008	0	-
1029	85.8586	85.9374	F5	70	63	0	0	79943	P1-1-1009	0	-
1030	85.9454	85.9895	C6	66	65	0	0	80028	P1-1-1010	0	-
1031	86.0135	86.0416	F6	78	71	0	0	80113	P1-1-1011	0	-
1032	86.091	86.1484	C6	79	57	0	0	80198	P1-1-1012	0	-
1033	86.1738	86.2713	F6	73	64	0	0	80284	P1-1-1013	0	-
1034	86.2566	86.326	C7	80	63	0	0	80369	P1-1-1014	0	-
1035	86.3274	86.3955	E7	84	66	0	0	80454	P1-1-1015	0	-
1036	86.3968	86.4996	C7	69	65	0	0	80539	P1-1-1016	0	-
1037	86.4996	86.5384	F#6	71	66	0	0	80625	P1-1-1017	0	-
1038	86.5824	86.6252	C6	63	68	0	0	80710	P1-1-1018	0	-
1039	86.6879	86.7654	E6	76	62	0	0	80795	P1-1-1019	0	-
1040	86.7681	86.8535	C6	68	66	0	0	80880	P1-1-1020	0	-
1041	86.8576	86.9043	F#5	71	62	0	0	80965	P1-1-1021	0	-
1042	86.943	86.9737	C5	59	66	0	0	81051	P1-1-1022	0	-
1043	87.0966	87.2328	Eb5	75	65	0	0	81136	P1-1-1023	0	-
1044	87.2301	87.3303	C5	61	61	0	0	81221	P1-1-1024	0	-
1045	87.3116	87.3517	F#4	65	67	0	0	81306	P1-1-1025	0	-
1046	87.4024	87.4371	C4	47	55	0	0	81392	P1-1-1026	0	-
1047	87.4919	87.9152	G#1	72	53	0	0	81477	P1-1-1028	0	-
1048	87.4946	87.767	G#2	69	59	0	0	81477	P1-1-1029	0	-
1049	87.5093	87.6348	Eb4	73	64	0	0	81477	P1-1-1027	0	-
1050	87.6094	87.7296	C4	42	62	0	0	81562	P1-1-1030	0	-
1051	87.7136	87.7844	F#3	69	61	0	0	81647	P1-1-1031	0	-
1052	87.7924	87.8378	C3	65	64	0	0	81732	P1-1-1032	0	-
1053	87.8779	89.9866	G2	85	37	0	0	81818	P1-1-1034	0	-
1054	87.8859	90.6663	G1	80	33	0	0	81818	P1-1-1033	0	-
1055	87.962	88.0141	C3	72	68	0	0	81903	P1-1-1035	0	-
1056	88.0621	88.1596	G3	64	59	0	0	81988	P1-1-1036	0	-
1057	88.1503	88.2291	C4	62	64	0	0	82073	P1-1-1037	0	-
1058	88.2317	88.2611	D4	68	64	0	0	82159	P1-1-1038	0	-
1059	88.3386	88.408	C4	67	63	0	0	82244	P1-1-1039	0	-
1060	88.4147	88.5296	G4	68	63	0	0	82329	P1-1-1040	0	-
1061	88.5002	88.5656	C5	71	63	0	0	82414	P1-1-1041	0	-
1062	88.5643	88.5963	D5	72	68	0	0	82500	P1-1-1042	0	-
1063	88.6631	88.7406	C5	70	60	0	0	82585	P1-1-1043	0	-
1064	88.7432	88.8554	G5	71	65	0	0	82670	P1-1-1044	0	-
1065	88.826	88.8928	C6	77	66	0	0	82755	P1-1-1045	0	-
1066	88.8835	88.9102	D6	77	70	0	0	82840	P1-1-1046	0	-
1067	88.9716	89.041	C6	72	63	0	0	82926	P1-1-1047	0	-
1068	89.0584	89.1786	G6	72	65	0	0	83011	P1-1-1048	0	-
1069	89.1439	89.2147	C7	68	65	0	0	83096	P1-1-1049	0	-
1070	89.2106	89.2894	D7	85	68	0	0	83181	P1-1-1050	0	-
1071	89.3068	89.3909	B6	79	64	0	0	83267	P1-1-1051	0	-
1072	89.3776	89.4136	G6	64	68	0	0	83352	P1-1-1052	0	-
1073	89.459	89.5151	B5	65	63	0	0	83437	P1-1-1053	0	-
1074	89.5485	89.622	D6	82	60	0	0	83522	P1-1-1054	0	-
1075	89.6273	89.7208	B5	68	63	0	0	83607	P1-1-1055	0	-
1076	89.6968	89.7342	G5	65	68	0	0	83693	P1-1-1056	0	-
1077	89.7956	89.8437	B4	65	64	0	0	83778	P1-1-1057	0	-
1078	89.8784	89.9505	D5	80	59	0	0	83863	P1-1-1058	0	-
1079	89.9598	90.0333	B4	68	62	0	0	83948	P1-1-1059	0	-
1080	90.0266	90.0547	G4	58	65	0	0	84034	P1-1-1060	0	-
1081	90.1161	90.1655	B3	59	66	0	0	84119	P1-1-1061	0	-
1082	90.2056	90.2977	D4	79	56	0	0	84204	P1-1-1062	0	-
1083	90.2937	90.3685	B3	72	63	0	0	84289	P1-1-1063	0	-
1084	90.3645	90.3992	G3	69	67	0	0	84375	P1-1-1064	0	-
1085	90.4606	90.494	B2	75	67	0	0	84460	P1-1-1065	0	-
1086	90.5995	91.724	F#2	97	31	0	0	84545	P1-1-1067	0	-
1087	90.6035	91.8228	F#1	88	36	0	0	84545	P1-1-1066	0	-
1088	90.7211	90.7705	C3	73	56	0	0	84630	P1-1-1068	0	-
1089	90.8346	90.9401	A3	73	61	0	0	84715	P1-1-1069	0	-
1090	90.9094	90.9761	C4	68	66	0	0	84801	P1-1-1070	0	-
1091	90.9815	91.0175	D4	71	66	0	0	84886	P1-1-1071	0	-
1092	91.0776	91.1457	C4	76	62	0	0	84971	P1-1-1072	0	-
1093	91.1725	91.2806	A4	72	61	0	0	85056	P1-1-1073	0	-
1094	91.2472	91.3033	C5	70	66	0	0	85142	P1-1-1074	0	-
1095	91.3087	91.338	D5	80	65	0	0	85227	P1-1-1075	0	-
1096	91.4075	91.4716	C5	77	62	0	0	85312	P1-1-1076	0	-
1097	91.4983	91.6025	A5	76	62	0	0	85397	P1-1-1077	0	-
1098	91.5744	91.6439	C6	76	66	0	0	85482	P1-1-1078	0	-
1099	91.6479	91.6773	D6	86	64	0	0	85568	P1-1-1079	0	-
1100	91.7093	91.7427	E6	48	35	0	0	-1	*	3	-
1101	91.752	91.7894	C6	82	64	0	0	85653	P1-1-1080	0	-
1102	91.8295	91.9216	A6	67	64	0	0	85738	P1-1-1081	0	-
1103	91.9016	92.0058	C7	76	64	0	0	85823	P1-1-1082	0	-
1104	91.9844	92.0458	Eb7	91	66	0	0	85909	P1-1-1083	0	-
1105	91.9964	93.0167	F2	99	58	0	0	85909	P1-1-1085	0	-
1106	92.0085	93.571	F1	87	59	0	0	85909	P1-1-1084	0	-
1107	92.1006	92.154	C7	51	65	0	0	85994	P1-1-1086	0	-
1108	92.1153	92.1554	B6	53	57	0	0	-1	*	3	-
1109	92.1714	92.2101	A6	44	55	0	0	86079	P1-1-1087	0	-
1110	92.2395	92.2796	C6	68	66	0	0	86164	P1-1-1088	0	-
1111	92.3383	92.4118	Eb6	88	65	0	0	86250	P1-1-1089	0	-
1112	92.4305	92.5253	C6	63	65	0	0	86335	P1-1-1090	0	-
1113	92.5146	92.5466	A5	70	67	0	0	86420	P1-1-1091	0	-
1114	92.6161	92.6535	D5	55	62	0	0	86505	P1-1-1092	1	-
1115	92.7109	92.7844	Eb5	79	64	0	0	86590	P1-1-1093	0	-
1116	92.8151	92.8845	B4	62	64	0	0	86676	P1-1-1094	0	-
1117	92.8912	92.9139	A4	69	66	0	0	86761	P1-1-1095	0	-
1118	93.0034	93.0394	C4	66	68	0	0	86846	P1-1-1096	1	-
1119	93.0768	93.1356	Eb4	85	64	0	0	86931	P1-1-1097	0	-
1120	93.1823	93.2611	B3	73	64	0	0	87017	P1-1-1098	0	-
1121	93.2585	93.2905	A3	71	69	0	0	87102	P1-1-1099	0	-
1122	93.3867	93.4254	B2	87	67	0	0	87187	P1-1-1100	0	-
1123	93.5269	96.6025	E2	103	53	0	0	87272	P1-1-1102	0	-
1124	93.5376	93.9208	E1	84	61	0	0	87272	P1-1-1101	0	-
1125	93.6805	93.7138	B2	69	68	0	0	87357	P1-1-1103	0	-
1126	93.8113	93.9021	G#3	69	54	0	0	87443	P1-1-1104	0	-
1127	93.8955	93.9676	B3	69	64	0	0	87528	P1-1-1105	0	-
1128	93.9783	94.0143	E4	67	67	0	0	87613	P1-1-1106	0	-
1129	94.0704	94.0985	B3	72	71	0	0	87698	P1-1-1107	0	-
1130	94.1706	94.2667	G#4	72	63	0	0	87784	P1-1-1108	0	-
1131	94.2414	94.3108	B4	73	62	0	0	87869	P1-1-1109	0	-
1132	94.3175	94.3575	E5	75	63	0	0	87954	P1-1-1110	0	-
1133	94.3976	94.4377	B4	72	64	0	0	88039	P1-1-1111	0	-
1134	94.4924	94.5926	G#5	75	65	0	0	88125	P1-1-1112	0	-
1135	94.5645	94.6313	B5	79	60	0	0	88210	P1-1-1113	0	-
1136	94.6447	94.6954	E6	82	62	0	0	88295	P1-1-1114	0	-
1137	94.7395	94.7675	B5	79	70	0	0	88380	P1-1-1115	0	-
1138	94.825	94.9305	G#6	80	64	0	0	88465	P1-1-1116	0	-
1139	94.9011	94.9866	B6	79	66	0	0	88551	P1-1-1117	0	-
1140	94.9759	95.06	E7	99	65	0	0	88636	P1-1-1118	0	-
1141	94.9799	95.7291	E3	95	52	0	0	88636	P1-1-1119	0	-
1142	95.0653	95.1628	B6	79	63	0	0	88721	P1-1-1120	0	-
1143	95.1335	95.1935	G#6	83	66	0	0	88806	P1-1-1121	0	-
1144	95.2376	95.267	B5	74	70	0	0	88892	P1-1-1122	0	-
1145	95.2523	95.3017	C6	22	47	0	0	88892	*	3	-
1146	95.3124	95.3885	E6	87	65	0	0	88977	P1-1-1123	0	-
1147	95.3912	95.4847	B5	77	60	0	0	89062	P1-1-1124	0	-
1148	95.47	95.5194	G#5	75	62	0	0	89147	P1-1-1125	0	-
1149	95.5768	95.6489	B4	73	65	0	0	89232	P1-1-1126	0	-
1150	95.6663	95.7344	E5	85	62	0	0	89318	P1-1-1127	0	-
1151	95.7504	95.8252	B4	67	64	0	0	89403	P1-1-1128	0	-
1152	95.8346	95.8693	G#4	70	69	0	0	89488	P1-1-1129	0	-
1153	95.9414	95.9895	B3	68	65	0	0	89573	P1-1-1130	0	-
1154	96.0189	96.0977	E4	79	63	0	0	89659	P1-1-1131	0	-
1155	96.1164	96.1644	B3	69	55	0	0	89744	P1-1-1132	0	-
1156	96.1925	96.2285	G#3	68	65	0	0	89829	P1-1-1133	0	-
1157	96.3087	96.3434	B2	71	67	0	0	89914	P1-1-1134	0	-
1158	96.5718	97.8939	D2	57	58	0	0	90000	P1-1-1135	0	-
1159	96.7227	96.7707	D3	58	66	0	0	90085	P1-1-1136	0	-
1160	96.8255	96.8963	A3	58	59	0	0	90170	P1-1-1137	0	-
1161	96.9123	96.9564	C4	55	66	0	0	90255	P1-1-1138	0	-
1162	96.9737	97.0018	F4	61	65	0	0	90340	P1-1-1139	0	-
1163	97.1073	97.1407	D4	43	53	0	0	90426	P1-1-1140	0	-
1164	97.158	97.2208	A4	59	60	0	0	90511	P1-1-1141	0	-
1165	97.2128	97.2675	C5	66	58	0	0	90596	P1-1-1142	0	-
1166	97.2809	97.3089	F5	61	64	0	0	90681	P1-1-1143	0	-
1167	97.3784	97.4265	D5	63	56	0	0	90767	P1-1-1144	0	-
1168	97.4692	97.5413	A5	59	59	0	0	90852	P1-1-1145	0	-
1169	97.54	97.5814	C6	66	68	0	0	90937	P1-1-1146	0	-
1170	97.5907	97.6535	F6	73	65	0	0	91022	P1-1-1147	0	-
1171	97.6989	97.7349	D6	68	63	0	0	91107	P1-1-1148	0	-
1172	97.763	97.8551	A6	70	64	0	0	91193	P1-1-1149	0	-
1173	97.8485	97.9219	C7	67	63	0	0	91278	P1-1-1150	0	-
1174	97.9166	97.9673	F7	78	58	0	0	91363	P1-1-1151	0	-
1175	97.9232	98.3119	G1	54	41	0	0	91363	P1-1-1152	0	-
1176	97.9232	99.2934	G2	56	57	0	0	91363	P1-1-1153	0	-
1177	98.0127	98.1062	B6	71	63	0	0	91448	P1-1-1154	0	-
1178	98.1035	98.1396	G6	65	68	0	0	91534	P1-1-1155	0	-
1179	98.173	98.2144	D6	67	65	0	0	91619	P1-1-1156	0	-
1180	98.2665	98.3025	F6	67	66	0	0	91704	P1-1-1157	0	-
1181	98.3359	98.4094	B5	69	63	0	0	91789	P1-1-1158	0	-
1182	98.4174	98.4481	G5	64	68	0	0	91875	P1-1-1159	0	-
1183	98.5015	98.5402	D5	63	68	0	0	91960	P1-1-1160	0	-
1184	98.5843	98.6244	F5	72	56	0	0	92045	P1-1-1161	0	-
1185	98.6805	98.7406	B4	63	61	0	0	92130	P1-1-1162	0	-
1186	98.7633	98.7926	G4	52	65	0	0	92215	P1-1-1163	0	-
1187	98.8394	98.9035	D4	65	60	0	0	92301	P1-1-1164	0	-
1188	98.9382	98.993	F4	71	57	0	0	92386	P1-1-1165	0	-
1189	99.0237	99.0824	B3	67	61	0	0	92471	P1-1-1166	0	-
1190	99.0958	99.1465	G3	62	56	0	0	92556	P1-1-1167	0	-
1191	99.1732	99.2146	D3	66	65	0	0	92642	P1-1-1168	0	-
1192	99.2654	101.713	C2	73	59	0	0	92727	P1-1-1169	0	-
1193	99.3709	99.4096	C3	58	66	0	0	92812	P1-1-1170	0	-
1194	99.459	99.5245	G3	61	58	0	0	92897	P1-1-1171	0	-
1195	99.5325	99.5926	C4	57	66	0	0	92982	P1-1-1172	0	-
1196	99.6046	99.6447	E4	59	67	0	0	93068	P1-1-1173	0	-
1197	99.7154	99.7595	C4	64	65	0	0	93153	P1-1-1174	0	-
1198	99.8143	99.873	G4	60	61	0	0	93238	P1-1-1175	0	-
1199	99.8744	99.9345	C5	62	60	0	0	93323	P1-1-1176	0	-
1200	99.9398	99.9652	E5	65	65	0	0	93409	P1-1-1177	0	-
1201	100.035	100.061	C5	61	66	0	0	93494	P1-1-1178	0	-
1202	100.141	100.215	Bb5	70	62	0	0	93579	P1-1-1179	0	-
1203	100.222	100.302	C6	72	66	0	0	93664	P1-1-1180	0	-
1204	100.288	100.368	G6	91	58	0	0	93750	P1-1-1181	0	-
1205	100.394	100.461	C6	64	56	0	0	93835	P1-1-1182	0	-
1206	100.457	100.547	Bb5	72	63	0	0	93920	P1-1-1183	0	-
1207	100.557	100.6	E5	63	61	0	0	94005	P1-1-1184	0	-
1208	100.653	101.968	C3	61	35	0	0	94090	P1-1-1186	0	-
1209	100.708	100.827	F#6	84	64	0	0	94090	P1-1-1185	0	-
1210	100.816	100.919	C6	60	65	0	0	94176	P1-1-1187	0	-
1211	100.899	100.939	A5	59	65	0	0	94261	P1-1-1188	0	-
1212	100.965	100.992	Eb5	60	65	0	0	94346	P1-1-1189	0	-
1213	101.094	101.192	F#5	79	63	0	0	94431	P1-1-1190	0	-
1214	101.18	101.291	C5	58	59	0	0	94517	P1-1-1191	0	-
1215	101.267	101.369	A4	54	36	0	0	94602	P1-1-1192	0	-
1216	101.358	101.403	Eb4	32	50	0	0	94687	P1-1-1193	0	-
1217	101.433	101.521	F5	80	61	0	0	94772	P1-1-1194	0	-
1218	101.537	101.61	B4	76	62	0	0	94857	P1-1-1195	0	-
1219	101.639	101.668	G#4	56	63	0	0	94943	P1-1-1196	0	-
1220	101.715	101.755	D4	62	65	0	0	95028	P1-1-1197	0	-
1221	101.799	101.875	F4	81	63	0	0	95113	P1-1-1198	0	-
1222	101.891	101.95	B3	70	61	0	0	95198	P1-1-1199	0	-
1223	101.968	102.032	G#3	70	58	0	0	95284	P1-1-1200	0	-
1224	102.053	102.097	D3	69	65	0	0	95369	P1-1-1201	0	-
1225	102.171	103.217	C2	93	61	0	0	95454	P1-1-1202	0	-
1226	102.284	102.33	C3	67	69	0	0	95539	P1-1-1203	0	-
1227	102.378	102.481	G3	67	57	0	0	95625	P1-1-1204	0	-
1228	102.454	102.531	C4	64	66	0	0	95710	P1-1-1205	0	-
1229	102.531	102.564	E4	71	70	0	0	95795	P1-1-1206	0	-
1230	102.632	102.704	C4	73	62	0	0	95880	P1-1-1207	0	-
1231	102.74	102.827	G4	66	60	0	0	95965	P1-1-1208	0	-
1232	102.804	102.879	C5	65	63	0	0	96051	P1-1-1209	0	-
1233	102.872	102.907	E5	80	62	0	0	96136	P1-1-1210	0	-
1234	102.983	103.033	C5	66	63	0	0	96221	P1-1-1211	0	-
1235	103.071	103.194	G5	68	65	0	0	96306	P1-1-1212	0	-
1236	103.153	103.242	C6	75	66	0	0	96392	P1-1-1213	0	-
1237	103.226	103.313	E6	91	64	0	0	96477	P1-1-1214	0	-
1238	103.313	103.403	C6	74	65	0	0	96562	P1-1-1215	0	-
1239	103.384	103.572	G5	60	64	0	0	96647	P1-1-1216	0	-
1240	103.472	103.514	C5	68	56	0	0	96732	P1-1-1217	0	-
1241	103.588	104.77	G2	91	53	0	0	96818	P1-1-1220	0	-
1242	103.596	103.739	Eb6	98	64	0	0	96818	P1-1-1218	0	-
1243	103.603	104.663	G1	76	60	0	0	96818	P1-1-1219	0	-
1244	103.706	103.818	A5	77	62	0	0	96903	P1-1-1221	0	-
1245	103.782	103.857	F#5	77	62	0	0	96988	P1-1-1222	0	-
1246	103.859	103.893	C5	65	69	0	0	97073	P1-1-1223	0	-
1247	103.976	104.074	Eb5	82	60	0	0	97159	P1-1-1224	0	-
1248	104.052	104.167	A4	70	59	0	0	97244	P1-1-1225	0	-
1249	104.145	104.232	F#4	63	63	0	0	97329	P1-1-1226	0	-
1250	104.24	104.304	C4	63	62	0	0	97414	P1-1-1227	0	-
1251	104.346	104.45	D5	95	62	0	0	97500	P1-1-1228	0	-
1252	104.458	104.582	G#4	78	62	0	0	97585	P1-1-1229	0	-
1253	104.55	104.61	F4	66	63	0	0	97670	P1-1-1230	0	-
1254	104.641	104.715	B3	71	63	0	0	97755	P1-1-1231	0	-
1255	104.741	104.848	D4	92	61	0	0	97840	P1-1-1232	0	-
1256	104.872	104.942	A3	59	60	0	0	97926	P1-1-1233	1	-
1257	104.925	105.04	F3	65	55	0	0	98011	P1-1-1234	0	-
1258	105.028	105.079	B2	74	62	0	0	98096	P1-1-1235	0	-
1259	105.121	107.637	G2	99	59	0	0	98181	P1-1-1237	0	-
1260	105.133	107.58	G1	93	61	0	0	98181	P1-1-1236	0	-
1261	105.222	105.275	Bb2	80	65	0	0	98267	P1-1-1238	0	-
1262	105.312	105.434	E3	66	60	0	0	98352	P1-1-1239	0	-
1263	105.389	105.481	G3	64	64	0	0	98437	P1-1-1240	0	-
1264	105.479	105.509	C#4	80	70	0	0	98522	P1-1-1241	0	-
1265	105.583	105.618	Bb3	76	63	0	0	98607	P1-1-1242	0	-
1266	105.694	105.786	E4	65	63	0	0	98693	P1-1-1243	0	-
1267	105.756	105.823	G4	66	64	0	0	98778	P1-1-1244	0	-
1268	105.828	105.856	C#5	75	71	0	0	98863	P1-1-1245	0	-
1269	105.933	105.967	Bb4	73	67	0	0	98948	P1-1-1246	0	-
1270	106.022	106.106	E5	69	62	0	0	99034	P1-1-1247	0	-
1271	106.074	106.144	G5	78	66	0	0	99119	P1-1-1248	0	-
1272	106.155	106.188	C#6	73	64	0	0	99204	P1-1-1249	0	-
1273	106.253	106.294	Bb5	76	64	0	0	99289	P1-1-1250	0	-
1274	106.329	106.434	E6	73	64	0	0	99375	P1-1-1251	0	-
1275	106.39	106.414	G#6	75	65	0	0	99460	*	3	-
1276	106.434	106.47	G6	71	65	0	0	99460	P1-1-1252	0	-
1277	106.484	106.564	C#7	93	66	0	0	99545	P1-1-1253	0	-
1278	106.576	106.7	F#6	83	66	0	0	99630	P1-1-1254	0	-
1279	106.671	106.719	Eb6	72	64	0	0	99715	P1-1-1255	0	-
1280	106.736	106.768	A5	70	66	0	0	99801	P1-1-1256	0	-
1281	106.844	106.919	C#6	89	62	0	0	99886	P1-1-1257	0	-
1282	106.915	107.044	F#5	79	63	0	0	99971	P1-1-1258	0	-
1283	107.006	107.074	Eb5	70	64	0	0	100057	P1-1-1259	0	-
1284	107.091	107.122	A4	68	68	0	0	100142	P1-1-1260	0	-
1285	107.205	107.305	C#5	93	62	0	0	100227	P1-1-1261	0	-
1286	107.322	107.458	F#4	70	64	0	0	100312	P1-1-1262	0	-
1287	107.426	107.512	Eb4	63	61	0	0	100398	P1-1-1263	0	-
1288	107.507	107.533	A3	64	61	0	0	100483	P1-1-1264	0	-
1289	107.569	107.617	B3	34	44	0	0	100483	*	3	-
1290	107.611	107.72	C5	97	59	0	0	100568	P1-1-1265	0	-
1291	107.732	107.872	F#4	82	64	0	0	100653	P1-1-1266	0	-
1292	107.84	107.942	Eb4	76	64	0	0	100739	P1-1-1267	0	-
1293	107.937	108.003	A3	78	62	0	0	100824	P1-1-1268	0	-
1294	108.067	110.437	G2	97	56	0	0	100909	P1-1-1270	0	-
1295	108.079	110.376	G1	89	61	0	0	100909	P1-1-1269	0	-
1296	108.188	108.234	G#3	72	63	0	0	100994	P1-1-1271	0	-
1297	108.284	108.395	D4	72	60	0	0	101080	P1-1-1272	0	-
1298	108.359	108.441	F4	72	66	0	0	101165	P1-1-1273	0	-
1299	108.445	108.485	C5	84	61	0	0	101250	P1-1-1274	0	-
1300	108.542	108.598	G#4	82	62	0	0	101335	P1-1-1275	0	-
1301	108.646	108.745	D5	70	63	0	0	101420	P1-1-1276	0	-
1302	108.708	108.781	F5	68	64	0	0	101506	P1-1-1277	0	-
1303	108.793	108.826	C6	82	65	0	0	101591	P1-1-1278	0	-
1304	108.875	108.94	G#5	86	65	0	0	101676	P1-1-1279	0	-
1305	108.938	108.974	C#6	65	67	0	0	101761	*	3	-
1306	108.992	109.085	D6	79	60	0	0	101761	P1-1-1280	0	-
1307	109.05	109.147	F6	74	65	0	0	101847	P1-1-1281	0	-
1308	109.133	109.192	C7	93	65	0	0	101932	P1-1-1282	0	-
1309	109.207	109.329	F6	71	64	0	0	102017	P1-1-1283	0	-
1310	109.293	109.37	D6	80	63	0	0	102102	P1-1-1284	0	-
1311	109.38	109.411	G#5	76	69	0	0	102187	P1-1-1285	0	-
1312	109.55	109.674	B6	98	62	0	0	102273	P1-1-1286	0	-
1313	109.69	109.797	F6	81	64	0	0	102358	P1-1-1287	0	-
1314	109.769	109.81	D6	70	63	0	0	102443	P1-1-1288	0	-
1315	109.861	109.922	G5	74	63	0	0	102528	P1-1-1289	0	-
1316	109.94	110.032	B5	95	61	0	0	102614	P1-1-1290	0	-
1317	110.031	110.121	F5	85	62	0	0	102699	P1-1-1291	0	-
1318	110.104	110.141	D5	72	64	0	0	102784	P1-1-1292	0	-
1319	110.198	110.262	G4	70	66	0	0	102869	P1-1-1293	0	-
1320	110.274	110.376	B4	89	59	0	0	102955	P1-1-1294	0	-
1321	110.368	110.475	F4	84	61	0	0	103040	P1-1-1295	0	-
1322	110.455	110.515	D4	76	61	0	0	103125	P1-1-1296	0	-
1323	110.559	110.641	G3	76	65	0	0	103210	P1-1-1297	0	-
1324	110.664	110.784	B3	95	59	0	0	103295	P1-1-1298	0	-
1325	110.78	110.903	F3	82	62	0	0	103381	P1-1-1299	0	-
1326	110.883	110.941	D3	86	66	0	0	103466	P1-1-1300	0	-
1327	111.027	111.095	G2	90	63	0	0	103551	P1-1-1301	0	-
1328	111.221	113.833	C2	97	51	0	0	103636	P1-1-1303	0	-
1329	111.227	113.789	C1	92	59	0	0	103636	P1-1-1302	0	-
1330	111.486	111.59	G2	86	50	0	0	103722	P1-1-1304	0	-
1331	111.594	111.649	A2	32	45	0	0	103722	*	3	-
1332	111.66	111.828	E3	81	60	0	0	103807	P1-1-1305	0	-
1333	111.78	111.896	G3	75	63	0	0	103892	P1-1-1306	0	-
1334	111.894	111.942	C4	79	61	0	0	103977	P1-1-1307	0	-
1335	112.008	112.071	G3	83	60	0	0	104062	P1-1-1308	0	-
1336	112.117	112.219	E4	74	62	0	0	104148	P1-1-1309	0	-
1337	112.191	112.258	G4	74	63	0	0	104233	P1-1-1310	0	-
1338	112.262	112.312	C5	73	59	0	0	104318	P1-1-1311	0	-
1339	112.348	112.402	G4	75	58	0	0	104403	P1-1-1312	0	-
1340	112.441	112.541	E5	79	63	0	0	104489	P1-1-1313	0	-
1341	112.511	112.577	G5	77	65	0	0	104574	P1-1-1314	0	-
1342	112.577	112.609	C6	81	67	0	0	104659	P1-1-1315	0	-
1343	112.673	112.726	G5	78	66	0	0	104744	P1-1-1316	0	-
1344	112.776	112.872	E6	76	65	0	0	104830	P1-1-1317	0	-
1345	112.836	112.923	G6	82	67	0	0	104915	P1-1-1318	0	-
1346	112.911	112.99	C7	89	62	0	0	105000	P1-1-1319	0	-
1347	112.995	113.086	G6	77	65	0	0	105085	P1-1-1320	0	-
1348	113.073	113.106	E6	70	70	0	0	105170	P1-1-1321	0	-
1349	113.156	113.22	G5	72	68	0	0	105256	P1-1-1322	0	-
1350	113.238	113.312	C6	90	63	0	0	105341	P1-1-1323	0	-
1351	113.32	113.403	G5	81	64	0	0	105426	P1-1-1324	0	-
1352	113.391	113.423	E5	74	68	0	0	105511	P1-1-1325	0	-
1353	113.493	113.575	G4	70	67	0	0	105597	P1-1-1326	0	-
1354	113.571	113.68	C5	86	59	0	0	105682	P1-1-1327	0	-
1355	113.682	113.774	G4	76	64	0	0	105767	P1-1-1328	0	-
1356	113.766	113.803	E4	72	66	0	0	105852	P1-1-1329	0	-
1357	113.887	113.977	G3	83	66	0	0	105937	P1-1-1330	0	-
1358	113.992	114.102	C4	92	61	0	0	106023	P1-1-1331	0	-
1359	114.102	114.223	G3	84	62	0	0	106108	P1-1-1332	0	-
1360	114.203	114.261	E3	85	64	0	0	106193	P1-1-1333	0	-
1361	114.347	114.418	G2	96	65	0	0	106278	P1-1-1334	0	-
1362	114.586	116.911	C2	100	59	0	0	106364	P1-1-1336	0	-
1363	114.593	116.927	C1	95	59	0	0	106364	P1-1-1335	0	-
//Missing 10994	P1-1-142
//Missing 38181	P1-1-481
