//Version: PianoRoll_v170101
0	2.05021	2.15491	G#3	95	80	0
1	2.05342	2.42094	G#2	94	80	0
2	2.05983	2.22008	G#5	82	80	0
3	2.06731	2.15384	G#4	76	80	0
4	2.14423	2.28632	F#5	65	80	0
5	2.23504	2.33333	E5	68	80	0
6	2.32692	2.46581	Eb5	77	80	0
7	2.42307	2.52457	C#5	68	80	0
8	2.42948	2.48504	C#3	106	80	0
9	2.43055	2.48077	C#2	94	80	0
10	2.44765	2.57265	C#6	82	80	0
11	2.5438	2.62713	Eb5	61	80	0
12	2.64102	2.73931	C5	58	80	0
13	2.74466	2.84722	C#5	52	80	0
14	2.84295	2.94124	Eb5	64	80	0
15	2.85363	2.85363	A4	45	80	0
16	2.875	2.87607	F#4	23	80	0
17	2.93483	3.03098	E5	62	80	0
18	3.02884	3.17735	C#5	59	80	0
19	3.125	3.23824	Eb5	59	80	0
20	3.19551	3.23504	E4	53	80	0
21	3.19658	3.22863	G#4	49	80	0
22	3.20085	3.32692	E5	65	80	0
23	3.32158	3.4423	F#5	67	80	0
24	3.39957	3.5438	Eb5	68	80	0
25	3.48718	3.59936	E5	70	80	0
26	3.57692	3.62072	Eb4	56	80	0
27	3.58547	3.61538	F#4	46	80	0
28	3.58547	3.69551	F#5	78	80	0
29	3.672	3.77671	G#5	71	80	0
30	3.76602	3.87393	E5	67	80	0
31	3.84188	3.9626	F#5	78	80	0
32	3.92414	3.95726	E4	70	80	0
33	3.93803	3.97649	C#4	65	80	0
34	3.94017	4.05555	G#5	79	80	0
35	4.04166	4.08867	A5	71	80	0
36	4.12286	4.19551	G#5	68	80	0
37	4.20726	4.31089	C#6	84	80	0
38	4.26923	4.3141	C#4	71	80	0
39	4.27029	4.30982	F#4	77	80	0
40	4.27243	4.31837	A3	75	80	0
41	4.29166	4.39636	F#5	78	80	0
42	4.38782	4.48397	G#5	79	80	0
43	4.4829	4.55128	F#5	78	80	0
44	4.5438	4.64423	C#6	85	80	0
45	4.62393	4.65918	E4	82	80	0
46	4.625	4.68269	C#4	82	80	0
47	4.62927	4.68589	G#3	80	80	0
48	4.63461	4.70299	E5	82	80	0
49	4.70726	4.79166	F#5	69	80	0
50	4.78205	4.84829	Eb5	82	80	0
51	4.8344	4.86965	E5	65	80	0
52	4.88995	4.97756	C#6	83	80	0
53	4.96581	5.00427	Eb4	81	80	0
54	4.96901	5.07692	Eb5	83	80	0
55	4.97115	5.00747	C#4	79	80	0
56	4.97329	5.02243	F#3	74	80	0
57	4.99572	5.02564	F3	80	80	0
58	5.04273	5.12393	E5	65	80	0
59	5.13568	5.22115	Eb5	77	80	0
60	5.22756	5.37606	C#6	82	80	0
61	5.26175	5.33974	C#3	80	80	0
62	5.30128	5.39529	G#3	85	80	0
63	5.32905	5.45085	C#5	84	80	0
64	5.36004	5.40918	E4	99	80	0
65	5.44444	5.55662	G#5	83	80	0
66	5.53525	5.63034	E6	81	80	0
67	5.56623	5.72222	Bb5	66	80	0
68	5.64636	5.70192	G#2	72	80	0
69	5.66132	5.72222	A5	68	80	0
70	5.67414	5.74679	F#3	68	80	0
71	5.7126	5.80234	C5	84	80	0
72	5.71474	5.75427	C4	97	80	0
73	5.80662	5.94978	F#5	83	80	0
74	5.90705	5.97969	Eb6	76	80	0
75	5.96581	6.09187	G#5	77	80	0
76	6.06516	6.12393	C#4	100	80	0
77	6.07158	6.14636	C#3	91	80	0
78	6.07371	6.12927	E3	87	80	0
79	6.08333	6.15598	G#4	76	80	0
80	6.16987	6.31623	E5	66	80	0
81	6.24893	6.27884	F5	54	80	0
82	6.26388	6.38568	C#6	85	80	0
83	6.36645	6.48931	F#5	71	80	0
84	6.44764	6.49893	G#3	104	80	0
85	6.45833	6.48931	A2	95	80	0
86	6.47115	6.56196	G#4	76	80	0
87	6.47222	6.47222	Bb2	63	80	0
88	6.57264	6.6517	Eb5	70	80	0
89	6.6485	6.7094	C6	87	80	0
90	6.70833	6.8579	E5	77	80	0
91	6.82798	6.89209	C#5	89	80	0
92	6.83333	6.88247	C#6	98	80	0
93	6.83439	6.8814	C#3	108	80	0
94	6.8376	6.86431	C#2	102	80	0
95	6.8814	6.8814	G#5	33	80	0
96	7.09828	7.15491	A4	96	80	0
97	7.10683	7.1517	A3	99	80	0
98	7.11858	7.15704	A2	88	80	0
99	7.20085	7.25427	A5	79	80	0
100	7.20833	7.25213	G5	79	80	0
101	7.27029	7.34508	G#4	98	80	0
102	7.27777	7.34508	G#3	94	80	0
103	7.28632	7.31837	G#2	81	80	0
104	7.28845	7.28845	A2	24	80	0
105	7.37392	7.42627	G#5	88	80	0
106	7.46901	7.52777	G4	93	80	0
107	7.47863	7.52991	G3	95	80	0
108	7.48183	7.52991	G2	90	80	0
109	7.56623	7.64957	G5	91	80	0
110	7.65277	7.71687	G#4	98	80	0
111	7.65491	7.69123	G#3	94	80	0
112	7.65811	7.71687	G#2	84	80	0
113	7.70833	7.70833	Bb2	30	80	0
114	7.74145	7.78739	G#5	89	80	0
115	7.82051	7.85897	C#3	90	80	0
116	7.82157	7.85042	C#2	78	80	0
117	7.85149	7.94871	C#4	90	80	0
118	7.92093	8.01068	C#5	80	80	0
119	8.04273	8.11324	Bb4	80	80	0
120	8.0438	8.09828	C#4	105	80	0
121	8.04486	8.09828	Eb3	73	80	0
122	8.04914	8.07371	Eb5	91	80	0
123	8.05127	8.1111	G4	91	80	0
124	8.05555	8.09508	C#5	65	80	0
125	8.05768	8.26922	Eb2	77	80	0
126	8.0673	8.0673	Eb4	64	80	0
127	8.15704	8.25854	C#3	60	80	0
128	8.16132	8.21046	Eb5	23	80	0
129	8.25427	8.37713	B2	77	80	0
130	8.37072	8.47649	Bb2	75	80	0
131	8.47328	8.57264	G#2	80	80	0
132	8.47328	8.50961	Eb4	89	80	0
133	8.47542	8.50747	B3	85	80	0
134	8.47649	8.51495	G#4	80	80	0
135	8.47862	8.51281	B4	77	80	0
136	8.57585	8.6517	Bb2	66	80	0
137	8.67521	8.76815	G2	66	80	0
138	8.76815	8.85256	G#2	64	80	0
139	8.85469	8.93482	Bb2	67	80	0
140	8.8611	8.90063	G4	59	80	0
141	8.86217	8.90811	Eb4	62	80	0
142	8.86431	8.91025	C#4	62	80	0
143	8.94764	9.05555	B2	64	80	0
144	9.06623	9.17414	G#2	56	80	0
145	9.15063	9.33226	Bb2	66	80	0
146	9.22969	9.2735	G#4	70	80	0
147	9.23397	9.27029	B3	63	80	0
148	9.23503	9.27563	Eb4	61	80	0
149	9.24572	9.33867	B2	68	80	0
150	9.34614	9.48503	C#3	69	80	0
151	9.45832	9.61431	Bb2	71	80	0
152	9.55448	9.68375	B2	77	80	0
153	9.63674	9.68161	C#4	74	80	0
154	9.63781	9.69978	G#4	76	80	0
155	9.63781	9.67627	E4	73	80	0
156	9.66132	9.7361	C#3	68	80	0
157	9.72221	9.83653	Eb3	70	80	0
158	9.82584	9.95832	B2	71	80	0
159	9.91559	10.0278	C#3	74	80	0
160	10.0139	10.0951	Eb3	71	80	0
161	10.031	10.1015	G#4	70	80	0
162	10.032	10.079	Eb4	69	80	0
163	10.0331	10.0737	B3	68	80	0
164	10.1004	10.1581	E3	70	80	0
165	10.1912	10.2852	Eb3	65	80	0
166	10.3013	10.4113	G#3	72	80	0
167	10.4092	10.5149	C#3	72	80	0
168	10.4199	10.4626	E4	61	80	0
169	10.4263	10.4562	C#4	50	80	0
170	10.4263	10.4765	G#4	62	80	0
171	10.5053	10.6474	Eb3	74	80	0
172	10.6132	10.7158	C#3	63	80	0
173	10.6944	10.8045	G#3	68	80	0
174	10.7778	10.828	G#4	65	80	0
175	10.7831	10.8333	Eb4	68	80	0
176	10.7917	10.8985	B2	67	80	0
177	10.8835	11.0107	C#3	72	80	0
178	11.0395	11.0801	B2	36	80	0
179	11.047	11.1624	G#3	65	80	0
180	11.1624	11.2596	Bb2	73	80	0
181	11.187	11.2479	Bb4	66	80	0
182	11.1923	11.2404	Eb4	59	80	0
183	11.1923	11.2446	C#4	60	80	0
184	11.2617	11.3483	B2	63	80	0
185	11.3782	11.4412	Bb2	66	80	0
186	11.4786	11.578	G3	63	80	0
187	11.5726	11.5983	B3	63	80	0
188	11.5748	11.6143	B4	70	80	0
189	11.5758	11.6709	G#2	72	80	0
190	11.5908	11.6261	Eb4	43	80	0
191	11.5908	11.6229	G#4	56	80	0
192	11.6602	11.7746	E3	63	80	0
193	11.7714	11.8237	B3	42	80	0
194	11.8451	11.9679	Eb3	61	80	0
195	11.9476	12.3739	Eb6	85	80	0
196	11.953	12.0288	G2	77	80	0
197	11.9551	12.3707	Eb5	76	80	0
198	11.9711	12.3707	Bb5	54	80	0
199	12.0555	12.2318	E3	67	80	0
200	12.1656	12.234	Bb3	58	80	0
201	12.2479	12.3696	Eb3	61	80	0
202	12.3323	12.3846	G#5	72	80	0
203	12.3333	12.4786	G#2	78	80	0
204	12.3344	12.3899	B5	68	80	0
205	12.4487	12.6047	E3	65	80	0
206	12.5769	12.6357	B3	58	80	0
207	12.6549	12.7746	Eb3	61	80	0
208	12.7393	13.1196	Eb5	69	80	0
209	12.7489	13.1399	Eb4	52	80	0
210	12.7532	12.8248	G2	76	80	0
211	12.7564	13.0641	Bb4	51	80	0
212	12.8344	13.0214	E3	63	80	0
213	12.9263	13.0053	Bb3	60	80	0
214	13.0139	13.1196	Eb3	57	80	0
215	13.1079	13.1453	G#3	76	80	0
216	13.1207	13.1528	G#4	49	80	0
217	13.1218	13.1517	G#2	61	80	0
218	13.1378	13.1784	B4	29	80	0
219	13.312	13.4402	E4	61	80	0
220	13.3643	13.5384	C#4	67	80	0
221	13.4092	13.5053	G4	59	80	0
222	13.5096	13.6004	Eb4	71	80	0
223	13.5139	13.5566	B3	65	80	0
224	13.5929	13.6485	G#4	70	80	0
225	13.6859	13.8002	G4	76	80	0
226	13.6859	13.8846	E4	81	80	0
227	13.7724	13.8825	Bb4	74	80	0
228	13.859	13.9038	Eb4	71	80	0
229	13.8761	13.9733	F#4	80	80	0
230	13.9573	13.9925	B4	73	80	0
231	14.0363	14.2308	F#4	77	80	0
232	14.0491	14.1314	A4	81	80	0
233	14.1271	14.2286	C5	72	80	0
234	14.2051	14.2393	E4	70	80	0
235	14.2446	14.3301	G#4	74	80	0
236	14.3258	14.3835	C#5	69	80	0
237	14.437	14.5459	C5	65	80	0
238	14.437	14.5032	F#4	59	80	0
239	14.4402	14.5993	G#3	56	80	0
240	14.4626	14.6218	Eb4	55	80	0
241	14.5299	14.6399	Eb5	65	80	0
242	14.6036	14.6367	C#4	68	80	0
243	14.6485	14.7222	C#5	69	80	0
244	14.7372	14.8152	Eb5	64	80	0
245	14.8312	14.9199	C5	59	80	0
246	14.9145	15.0139	C#5	60	80	0
247	15.0032	15.1261	Eb5	62	80	0
248	15.0096	15.0352	A4	57	80	0
249	15.0096	15.0438	F#4	56	80	0
250	15.0961	15.1816	E5	66	80	0
251	15.1966	15.313	C#5	58	80	0
252	15.2778	15.4241	Eb5	67	80	0
253	15.3878	15.5	E5	69	80	0
254	15.4028	15.4455	G#4	65	80	0
255	15.4113	15.4476	E4	60	80	0
256	15.5	15.6015	F#5	71	80	0
257	15.5812	15.6955	Eb5	62	80	0
258	15.6677	15.7874	E5	72	80	0
259	15.7714	15.8771	F#5	72	80	0
260	15.7863	15.8216	Eb4	68	80	0
261	15.7981	15.8258	F#4	58	80	0
262	15.8504	15.9615	G#5	72	80	0
263	15.9594	16.0726	E5	68	80	0
264	15.9679	15.9679	Eb4	20	80	0
265	16.0427	16.1613	F#5	75	80	0
266	16.1442	16.2596	G#5	77	80	0
267	16.1592	16.188	C#4	73	80	0
268	16.1613	16.1976	E4	66	80	0
269	16.2553	16.2884	A5	68	80	0
270	16.3269	16.4134	G#5	65	80	0
271	16.4348	16.5342	C#6	74	80	0
272	16.5149	16.5587	C#4	69	80	0
273	16.5203	16.5587	F#4	72	80	0
274	16.5203	16.6143	F#5	75	80	0
275	16.5256	16.5694	A3	63	80	0
276	16.6079	16.704	G#5	74	80	0
277	16.7062	16.7842	F#5	72	80	0
278	16.782	16.8899	C#6	81	80	0
279	16.8728	16.9701	E5	80	80	0
280	16.8793	16.9156	E4	73	80	0
281	16.8803	16.9241	G#3	74	80	0
282	16.8835	16.9273	C#4	73	80	0
283	16.9626	17.0513	F#5	80	80	0
284	17.0534	17.0545	E4	21	80	0
285	17.0619	17.141	E5	82	80	0
286	17.1624	17.2457	C#6	83	80	0
287	17.2329	17.2681	Eb4	77	80	0
288	17.2329	17.3013	F#3	79	80	0
289	17.2372	17.2735	C#4	76	80	0
290	17.2414	17.3814	Eb5	81	80	0
291	17.3269	17.4231	E5	79	80	0
292	17.422	17.4231	Eb4	18	80	0
293	17.4369	17.531	Eb5	77	80	0
294	17.5459	17.6699	C#6	82	80	0
295	17.5491	17.6111	C#3	81	80	0
296	17.5844	17.656	G#3	74	80	0
297	17.6239	17.6795	E4	92	80	0
298	17.641	17.7243	C#5	82	80	0
299	17.672	17.6731	A3	40	80	0
300	17.7254	18.0107	G#5	81	80	0
301	17.8087	17.9209	E6	81	80	0
302	17.9049	17.9658	G#2	78	80	0
303	17.9145	18.0085	A5	67	80	0
304	17.938	18.0171	F#3	55	80	0
305	17.9882	18.0481	C4	94	80	0
306	17.9957	18.0748	C5	80	80	0
307	18.0844	18.2297	F#5	88	80	0
308	18.1976	18.3023	Eb6	76	80	0
309	18.2051	18.2895	A2	74	80	0
310	18.2543	18.3835	G#5	80	80	0
311	18.2585	18.3408	E3	68	80	0
312	18.3216	18.3664	C#4	97	80	0
313	18.3814	18.4348	A4	81	80	0
314	18.4626	18.5897	Eb5	78	80	0
315	18.4701	18.5096	B4	34	80	0
316	18.5491	18.6143	C#6	84	80	0
317	18.6335	18.6634	Eb5	42	80	0
318	18.6506	18.6966	C6	30	80	0
319	18.6528	18.7404	E5	80	80	0
320	18.7201	18.9166	F4	98	80	0
321	18.7211	18.9562	B3	89	80	0
322	18.7233	18.9017	F3	88	80	0
323	18.7243	18.9166	D4	88	80	0
324	18.75	18.8515	G#4	79	80	0
325	18.8504	18.9028	C#5	80	80	0
326	18.9402	19.0288	B5	82	80	0
327	19.0235	19.1079	D5	77	80	0
328	19.0844	19.1485	F#4	93	80	0
329	19.0865	19.1624	F#3	86	80	0
330	19.0897	19.1538	C#4	80	80	0
331	19.1164	19.2072	A4	75	80	0
332	19.2062	19.3119	C#5	81	80	0
333	19.2681	19.3141	D4	96	80	0
334	19.2735	19.4209	A5	73	80	0
335	19.2735	19.3087	D3	85	80	0
336	19.3803	19.4273	F#5	78	80	0
337	19.453	19.4968	C#4	95	80	0
338	19.4551	19.4882	C#3	86	80	0
339	19.4658	19.5865	A5	78	80	0
340	19.5491	19.6677	C#6	88	80	0
341	19.625	19.6741	A3	93	80	0
342	19.6303	19.6709	A2	89	80	0
343	19.6399	19.8248	A6	91	80	0
344	19.7201	19.8985	F#6	83	80	0
345	19.797	19.8312	F#2	90	80	0
346	19.797	19.8312	F#3	99	80	0
347	19.8066	19.9188	C#6	85	80	0
348	19.9028	19.9466	A5	80	80	0
349	19.9572	19.9978	C#3	103	80	0
350	19.9605	19.9936	C#2	96	80	0
351	20.0064	20.1378	F#5	81	80	0
352	20.0758	20.1966	C#5	83	80	0
353	20.1816	20.2671	D3	106	80	0
354	20.1848	20.2222	A4	75	80	0
355	20.1848	20.2884	D2	98	80	0
356	20.2981	20.4487	F#4	80	80	0
357	20.375	20.4775	D4	68	80	0
358	20.4594	20.5096	A3	73	80	0
359	20.782	21.3793	G#4	63	80	0
360	20.8034	20.8996	F2	59	80	0
361	20.8087	21.6453	D4	47	80	0
362	20.813	21.6517	B3	38	80	0
363	20.9156	20.9807	F#2	52	80	0
364	21.0021	21.1132	E2	60	80	0
365	21.0961	21.1966	F2	62	80	0
366	21.1645	21.6378	F#4	77	80	0
367	21.1976	21.2863	F#2	62	80	0
368	21.2884	21.406	G#2	71	80	0
369	21.3825	21.4946	F2	68	80	0
370	21.4604	21.6068	F#2	70	80	0
371	21.5748	21.9722	F4	80	80	0
372	21.5758	21.6602	G#2	80	80	0
373	21.656	21.7778	A2	76	80	0
374	21.7564	21.8825	F#2	80	80	0
375	21.8493	21.9669	G#2	81	80	0
376	21.9562	22.188	D4	68	80	0
377	21.9562	22.0459	A2	72	80	0
378	21.9562	22.1784	F#4	75	80	0
379	21.9594	22.1399	A3	68	80	0
380	21.9733	22.0897	F4	33	80	0
381	21.9786	21.9786	B2	53	80	0
382	22.0459	22.1474	B2	59	80	0
383	22.1506	22.2094	A2	77	80	0
384	22.2543	22.3226	B2	65	80	0
385	22.3728	22.4701	F2	65	80	0
386	22.3825	22.9637	G#4	68	80	0
387	22.3985	23.1805	D4	38	80	0
388	22.4006	23.6004	B3	48	80	0
389	22.4818	22.5694	F#2	64	80	0
390	22.5801	22.6901	E2	66	80	0
391	22.6634	22.7628	F2	71	80	0
392	22.7671	23.1901	F#4	77	80	0
393	22.7681	22.8504	F#2	74	80	0
394	22.8515	22.9284	G#2	72	80	0
395	22.9348	23.0513	F2	77	80	0
396	23.0192	23.1485	F#2	77	80	0
397	23.126	23.2179	G#2	73	80	0
398	23.1357	23.5983	F4	80	80	0
399	23.2115	23.3322	A2	81	80	0
400	23.3119	23.4637	F#2	77	80	0
401	23.4198	23.5481	G#2	80	80	0
402	23.532	23.6303	A2	78	80	0
403	23.5406	23.6763	F#4	82	80	0
404	23.5491	23.6325	C#4	78	80	0
405	23.6314	23.7318	B2	76	80	0
406	23.7211	23.8002	A2	80	80	0
407	23.8344	23.8643	B2	67	80	0
408	23.953	24.5256	Eb5	77	80	0
409	23.9626	24.0171	C3	63	80	0
410	23.969	24.8365	F#4	53	80	0
411	23.9882	24.7874	A4	45	80	0
412	24.0374	24.1004	C#3	67	80	0
413	24.1367	24.2436	B2	74	80	0
414	24.2254	24.3216	C3	73	80	0
415	24.329	24.4401	C#3	72	80	0
416	24.3654	24.7895	C#5	81	80	0
417	24.4359	24.5256	Eb3	74	80	0
418	24.5245	24.6463	C3	73	80	0
419	24.6079	24.7564	C#3	79	80	0
420	24.7372	24.8194	Eb3	77	80	0
421	24.7382	25.001	C5	82	80	0
422	24.8226	24.9391	E3	79	80	0
423	24.9134	25.0545	C#3	81	80	0
424	25.0075	25.1378	Eb3	77	80	0
425	25.1186	25.6944	C#5	87	80	0
426	25.1239	25.2254	E3	79	80	0
427	25.126	25.2201	E4	74	80	0
428	25.1367	25.2425	G#4	68	80	0
429	25.2307	25.3878	F#3	74	80	0
430	25.3451	25.4829	Eb3	69	80	0
431	25.4434	25.5726	E3	61	80	0
432	25.5534	26.11	Eb4	65	80	0
433	25.5587	25.6421	F#3	66	80	0
434	25.5598	25.7713	A4	67	80	0
435	25.6335	25.766	G#3	74	80	0
436	25.7489	25.8728	E3	66	80	0
437	25.8419	25.9626	F#3	72	80	0
438	25.9423	26.0384	G#3	69	80	0
439	25.9626	26.3814	C5	83	80	0
440	25.969	26.079	G#4	74	80	0
441	26.0331	26.1357	A3	73	80	0
442	26.1325	26.2425	G#3	74	80	0
443	26.2329	26.3269	F#3	80	80	0
444	26.3301	26.4626	E3	77	80	0
445	26.3739	26.4936	C#5	80	80	0
446	26.3846	26.4765	G#4	56	80	0
447	26.3878	26.4391	E4	62	80	0
448	26.4754	26.5566	D3	69	80	0
449	26.5021	26.5502	Eb3	15	80	0
450	26.5502	26.6495	C#3	80	80	0
451	26.6549	26.766	B2	77	80	0
452	26.7575	26.8087	C#6	105	80	0
453	26.7585	26.8589	A2	79	80	0
454	26.7671	26.7916	C#5	92	80	0
455	26.8483	26.9594	G#2	84	80	0
456	26.9466	27.032	F#2	80	80	0
457	27.0395	27.1666	E2	70	80	0
458	27.0983	27.1463	D2	33	80	0
459	27.156	27.188	Eb2	79	80	0
460	27.1677	27.2243	G4	67	80	0
461	27.2671	27.3814	G#4	60	80	0
462	27.3803	27.4765	F4	61	80	0
463	27.4786	27.5587	G4	59	80	0
464	27.5555	27.5908	B3	58	80	0
465	27.5641	27.6613	G#4	63	80	0
466	27.5705	27.6089	Eb4	39	80	0
467	27.6795	27.7382	Bb4	56	80	0
468	27.7339	27.8344	G4	48	80	0
469	27.8344	27.9284	G#4	58	80	0
470	27.9263	28.0748	Bb4	64	80	0
471	27.9359	27.9797	Bb3	60	80	0
472	27.9433	27.9733	C#4	55	80	0
473	28.0245	28.1004	B4	69	80	0
474	28.1325	28.2297	G#4	62	80	0
475	28.2265	28.3162	Bb4	66	80	0
476	28.3045	28.3419	B3	63	80	0
477	28.3077	28.3493	G#3	63	80	0
478	28.3087	28.438	B4	70	80	0
479	28.4444	28.5171	C#5	68	80	0
480	28.5064	28.6399	Bb4	53	80	0
481	28.5983	28.7019	B4	66	80	0
482	28.6827	28.7788	C#5	70	80	0
483	28.7083	28.7425	Eb3	67	80	0
484	28.7094	28.7457	G3	65	80	0
485	28.7104	28.7553	Bb3	63	80	0
486	28.7628	28.8408	Eb5	68	80	0
487	28.8611	28.9508	C#5	68	80	0
488	28.9519	29.0352	Bb5	80	80	0
489	29.0534	29.1517	B4	75	80	0
490	29.0651	29.0972	B3	77	80	0
491	29.0694	29.1015	G#3	75	80	0
492	29.0694	29.1057	Eb3	66	80	0
493	29.1421	29.2372	C#5	74	80	0
494	29.2446	29.3483	B4	79	80	0
495	29.344	29.4508	G#5	79	80	0
496	29.4444	29.532	Bb4	80	80	0
497	29.4487	29.4904	Eb3	81	80	0
498	29.4487	29.4829	C#4	87	80	0
499	29.4551	29.4904	Bb3	79	80	0
500	29.5384	29.61	B4	71	80	0
501	29.5951	29.5951	Bb3	8	80	0
502	29.6431	29.6869	Bb4	78	80	0
503	29.7201	29.8066	G5	81	80	0
504	29.8194	29.8536	E4	101	80	0
505	29.8216	29.8739	E3	96	80	0
506	29.8226	29.8846	G#4	85	80	0
507	29.922	29.9733	Bb4	77	80	0
508	30.0267	30.1089	G#4	61	80	0
509	30.0983	30.1324	G#5	71	80	0
510	30.2126	30.2713	G2	68	80	0
511	30.2307	30.2521	C#5	72	80	0
512	30.2382	30.2382	E4	61	80	0
513	30.25	30.251	Bb4	47	80	0
514	30.3045	30.3931	G#2	65	80	0
515	30.4188	30.5288	F2	66	80	0
516	30.5235	30.6015	G2	63	80	0
517	30.6089	30.7094	G#2	64	80	0
518	30.6132	30.6517	Eb4	72	80	0
519	30.6132	30.6517	B4	77	80	0
520	30.6218	30.6613	G#4	62	80	0
521	30.719	30.7884	Bb2	71	80	0
522	30.7916	30.9081	G2	57	80	0
523	30.8814	31.0224	G#2	76	80	0
524	30.9914	31.032	Bb4	75	80	0
525	30.9946	31.0299	G4	68	80	0
526	30.9968	31.0342	C#4	73	80	0
527	31.0085	31.0854	Bb2	74	80	0
528	31.0886	31.1998	B2	76	80	0
529	31.1784	31.3226	G#2	77	80	0
530	31.2745	31.4701	Bb2	74	80	0
531	31.375	31.4166	B3	77	80	0
532	31.375	31.4423	G#4	74	80	0
533	31.3835	31.422	Eb4	67	80	0
534	31.3953	31.4786	B2	77	80	0
535	31.4818	31.6239	C#3	75	80	0
536	31.6004	31.7607	Bb2	75	80	0
537	31.6784	31.7884	B2	69	80	0
538	31.7799	31.8205	G4	66	80	0
539	31.7863	31.8654	C#3	74	80	0
540	31.7874	31.8461	Bb3	63	80	0
541	31.7927	31.8205	E4	55	80	0
542	31.8504	31.9177	Eb3	65	80	0
543	31.9337	32.0416	C#3	62	80	0
544	32.063	32.1143	Bb3	68	80	0
545	32.1335	32.1837	G#4	70	80	0
546	32.1367	32.1805	B3	68	80	0
547	32.141	32.1784	Eb4	68	80	0
548	32.1624	32.2457	B2	71	80	0
549	32.2468	32.3696	C#3	70	80	0
550	32.3771	32.4636	B2	64	80	0
551	32.4551	32.5448	G#3	68	80	0
552	32.532	32.5662	Eb4	64	80	0
553	32.5342	32.5748	C#4	66	80	0
554	32.5342	32.5897	Bb4	75	80	0
555	32.5534	32.6442	Bb2	78	80	0
556	32.6527	32.7072	B2	45	80	0
557	32.6624	32.7083	C3	54	80	0
558	32.7104	32.8119	Bb2	70	80	0
559	32.7607	32.8023	Eb6	35	80	0
560	32.829	32.9027	G3	74	80	0
561	32.9241	32.9786	Eb6	89	80	0
562	32.9295	33.0128	A2	77	80	0
563	32.9412	32.9754	Eb5	92	80	0
564	33	33.1367	Bb2	66	80	0
565	33.1164	33.3782	A2	61	80	0
566	33.1624	33.2617	F#3	75	80	0
567	33.3269	33.4188	A4	73	80	0
568	33.3429	33.3889	F2	80	80	0
569	33.375	33.4102	F3	60	80	0
570	33.4412	33.5277	Bb4	66	80	0
571	33.5331	33.6506	G#4	65	80	0
572	33.6389	33.7243	A4	63	80	0
573	33.7179	33.7628	C#4	60	80	0
574	33.7265	33.7532	F4	60	80	0
575	33.7318	33.8322	Bb4	62	80	0
576	33.8312	33.9049	C5	66	80	0
577	33.9102	34.016	A4	61	80	0
578	34.0192	34.1079	Bb4	63	80	0
579	34.0972	34.1389	C4	60	80	0
580	34.1068	34.1527	Eb4	56	80	0
581	34.1121	34.2254	C5	69	80	0
582	34.2222	34.3002	C#5	72	80	0
583	34.2938	34.438	Bb4	61	80	0
584	34.4102	34.5085	C5	68	80	0
585	34.4797	34.5192	Bb3	60	80	0
586	34.4818	34.5245	C#4	67	80	0
587	34.4946	34.6207	C#5	76	80	0
588	34.6025	34.6976	Eb5	75	80	0
589	34.6923	34.7767	C5	57	80	0
590	34.7745	34.8771	C#5	72	80	0
591	34.8664	34.954	Eb5	71	80	0
592	34.8696	34.9134	A3	63	80	0
593	34.8707	34.9188	C4	67	80	0
594	34.8856	34.9241	F3	46	80	0
595	34.9455	35.001	F5	67	80	0
596	35.0523	35.0929	Eb5	62	80	0
597	35.1549	35.2072	C6	54	80	0
598	35.2286	35.3055	C#5	79	80	0
599	35.2478	35.297	F3	68	80	0
600	35.2532	35.2852	Bb3	68	80	0
601	35.2542	35.2895	C#4	72	80	0
602	35.313	35.4177	Eb5	74	80	0
603	35.4305	35.5106	C#5	75	80	0
604	35.5053	35.6015	Bb5	79	80	0
605	35.6047	35.6389	Eb4	81	80	0
606	35.6057	35.6976	C5	80	80	0
607	35.6143	35.6506	C4	45	80	0
608	35.6175	35.6474	F3	54	80	0
609	35.6891	35.7724	C#5	74	80	0
610	35.7842	35.8525	C5	74	80	0
611	35.8686	35.9433	A5	80	80	0
612	35.9498	35.985	F#4	91	80	0
613	35.954	36.0085	F#3	86	80	0
614	35.9647	36.0609	Bb4	88	80	0
615	35.9861	36.0149	F3	66	80	0
616	36.0662	36.1303	C5	76	80	0
617	36.1955	36.2414	Bb4	68	80	0
618	36.2414	36.2852	Bb5	64	80	0
619	36.3707	36.4658	A2	77	80	0
620	36.3953	36.438	Eb5	65	80	0
621	36.4038	36.4359	F#4	52	80	0
622	36.4102	36.4113	C5	41	80	0
623	36.4775	36.5545	Bb2	69	80	0
624	36.5577	36.6816	G#2	71	80	0
625	36.6592	36.7756	A2	70	80	0
626	36.7521	36.8002	C#5	73	80	0
627	36.7553	36.7927	F4	71	80	0
628	36.7585	36.797	Bb4	67	80	0
629	36.7681	36.8525	Bb2	75	80	0
630	36.8525	36.9829	C3	71	80	0
631	36.9572	37.079	A2	71	80	0
632	37.0448	37.1762	Bb2	73	80	0
633	37.1335	37.1773	Eb4	81	80	0
634	37.1367	37.1805	C5	72	80	0
635	37.1442	37.2297	C3	74	80	0
636	37.1762	37.1762	A4	29	80	0
637	37.235	37.375	C#3	75	80	0
638	37.329	37.5021	Bb2	76	80	0
639	37.4359	37.5651	C3	75	80	0
640	37.5267	37.5694	C#4	83	80	0
641	37.5299	37.6421	C#3	61	80	0
642	37.5342	37.5747	Bb4	78	80	0
643	37.5342	37.5705	F4	76	80	0
644	37.6421	37.7521	Eb3	71	80	0
645	37.7211	37.8472	C3	72	80	0
646	37.797	37.9305	C#3	75	80	0
647	37.9006	37.9936	D3	74	80	0
648	37.9102	37.9893	G#4	84	80	0
649	37.9113	37.953	B3	83	80	0
650	37.9198	37.9647	F4	72	80	0
651	37.985	38.125	Eb3	77	80	0
652	38.0876	38.204	C#3	77	80	0
653	38.172	38.3002	D3	74	80	0
654	38.2788	38.3942	Eb3	65	80	0
655	38.2948	38.375	F#4	83	80	0
656	38.2959	38.3354	Bb3	86	80	0
657	38.2959	38.3814	Eb4	83	80	0
658	38.3856	38.5096	F3	76	80	0
659	38.4882	38.6089	D3	73	80	0
660	38.578	38.7136	Eb3	74	80	0
661	38.6997	38.7361	F#3	60	80	0
662	38.7062	38.7767	F4	75	80	0
663	38.7126	38.7596	Bb3	76	80	0
664	38.7136	38.766	C#4	73	80	0
665	38.719	38.7895	F3	79	80	0
666	38.7959	38.7959	F#4	15	80	0
667	38.8034	38.8675	F#3	72	80	0
668	38.9284	39.0406	E3	62	80	0
669	38.9327	39.1068	F3	58	80	0
670	39.0812	39.1239	C4	69	80	0
671	39.0833	39.1388	E4	67	80	0
672	39.0844	39.1239	Bb3	62	80	0
673	39.1153	39.2147	F#3	77	80	0
674	39.22	39.3205	G#3	72	80	0
675	39.3141	39.375	F3	56	80	0
676	39.3675	39.4156	F#3	58	80	0
677	39.5352	39.6079	F4	48	80	0
678	39.5598	39.7735	C4	66	80	0
679	39.5609	39.6442	F3	54	80	0
680	39.5822	39.6186	A3	44	80	0
681	39.6164	39.7233	F#4	57	80	0
682	39.7403	39.8344	E4	61	80	0
683	39.8333	39.9252	F4	65	80	0
684	39.9145	40.063	F#4	65	80	0
685	39.9273	40.1869	C#4	77	80	0
686	39.938	40.0245	E3	62	80	0
687	40.0544	40.1089	G4	63	80	0
688	40.1068	40.2307	F4	63	80	0
689	40.2094	40.328	F#4	73	80	0
690	40.2831	40.4327	G4	73	80	0
691	40.3183	40.4091	C#4	80	80	0
692	40.3333	40.4305	Eb3	72	80	0
693	40.3344	40.4166	Bb3	63	80	0
694	40.3995	40.5256	G#4	78	80	0
695	40.5074	40.5918	F#4	79	80	0
696	40.5876	40.6228	G4	73	80	0
697	40.6976	40.7243	G#3	93	80	0
698	40.6987	40.7329	G#5	74	80	0
699	40.6997	40.7265	G#2	90	80	0
700	40.7222	40.8365	G#4	83	80	0
701	40.8098	40.8333	G#2	33	80	0
702	40.8429	40.9337	Bb4	74	80	0
703	40.9572	41.0673	G4	69	80	0
704	41.0459	41.2468	G#4	73	80	0
705	41.1228	41.3429	Eb4	79	80	0
706	41.1239	41.2874	C4	70	80	0
707	41.1399	41.3429	G#3	66	80	0
708	41.2361	41.3237	Bb4	65	80	0
709	41.3247	41.4423	G4	70	80	0
710	41.4241	41.5363	G#4	73	80	0
711	41.5181	41.6335	A4	74	80	0
712	41.5192	41.7617	E4	77	80	0
713	41.5288	41.595	G3	65	80	0
714	41.5448	41.5918	C#4	63	80	0
715	41.6335	41.7329	Bb4	75	80	0
716	41.7222	41.8525	G#4	72	80	0
717	41.8162	41.9316	A4	77	80	0
718	41.9059	41.9743	E4	79	80	0
719	41.9134	42.0491	Bb4	80	80	0
720	41.9166	41.9786	F#3	68	80	0
721	41.9188	41.9903	C#4	67	80	0
722	42.0021	42.0876	B4	79	80	0
723	42.0918	42.1698	A4	75	80	0
724	42.1773	42.2104	Bb4	80	80	0
725	42.2564	42.3098	B3	95	80	0
726	42.2596	42.3141	B2	89	80	0
727	42.2831	42.3151	B5	82	80	0
728	42.2959	42.422	B4	88	80	0
729	42.3685	42.3685	A5	9	80	0
730	42.4369	42.5245	C5	76	80	0
731	42.5544	42.6474	Bb4	66	80	0
732	42.6442	42.8525	B4	82	80	0
733	42.75	43.0021	F#4	65	80	0
734	42.751	42.9604	Eb4	62	80	0
735	42.7617	42.954	B3	63	80	0
736	42.8365	42.9369	C5	71	80	0
737	42.9348	43.0256	Bb4	71	80	0
738	43.0224	43.1474	B4	79	80	0
739	43.1164	43.2168	C5	79	80	0
740	43.1282	43.2841	B3	61	80	0
741	43.1335	43.2938	G4	70	80	0
742	43.1346	43.3515	E4	66	80	0
743	43.1891	43.3226	C#5	75	80	0
744	43.297	43.4412	B4	77	80	0
745	43.3995	43.5224	C5	79	80	0
746	43.4914	43.6453	C#5	83	80	0
747	43.5096	43.7094	G#4	79	80	0
748	43.5149	43.6784	B3	60	80	0
749	43.5181	43.6794	F4	67	80	0
750	43.6004	43.6933	D5	79	80	0
751	43.6997	43.8044	C5	79	80	0
752	43.7831	43.9027	C#5	82	80	0
753	43.875	44.0032	D5	81	80	0
754	43.8888	44.048	B3	72	80	0
755	43.8899	44.0908	F#4	74	80	0
756	43.8899	44.0438	A4	80	80	0
757	43.9861	44.0929	Eb5	78	80	0
758	44.0779	44.1848	C#5	79	80	0
759	44.1709	44.2809	D5	79	80	0
760	44.2628	44.4444	Eb5	83	80	0
761	44.2703	44.4497	Bb4	86	80	0
762	44.2724	44.423	G4	76	80	0
763	44.2809	44.4487	B3	69	80	0
764	44.3846	44.4594	E5	81	80	0
765	44.4679	44.5844	D5	77	80	0
766	44.563	44.6666	Eb5	89	80	0
767	44.6527	44.7692	E5	77	80	0
768	44.6623	44.8504	B4	86	80	0
769	44.6645	44.8119	G#4	79	80	0
770	44.672	44.8397	B3	75	80	0
771	44.7446	44.8461	F5	82	80	0
772	44.875	45.0491	Eb5	77	80	0
773	44.9487	45.0726	E5	69	80	0
774	45.0427	45.1933	C5	90	80	0
775	45.0459	45.1848	F5	77	80	0
776	45.047	45.1666	A4	80	80	0
777	45.0576	45.173	B3	74	80	0
778	45.1485	45.2521	F#5	77	80	0
779	45.2403	45.3386	E5	83	80	0
780	45.3226	45.4978	F5	81	80	0
781	45.4476	45.5801	F#5	76	80	0
782	45.4476	45.6239	Bb4	84	80	0
783	45.4508	45.5619	C#5	78	80	0
784	45.4658	45.6837	B3	74	80	0
785	45.5555	45.6955	G#5	66	80	0
786	45.563	45.7019	G5	85	80	0
787	45.6346	45.797	F#5	68	80	0
788	45.7361	45.8322	E5	78	80	0
789	45.8279	46.0128	Eb5	82	80	0
790	45.8376	46.2414	B3	91	80	0
791	45.8386	45.8803	B4	80	80	0
792	45.9337	46.0235	E5	83	80	0
793	46.0288	46.1153	D5	80	80	0
794	46.1132	46.1762	Eb5	85	80	0
795	46.2297	46.3792	E5	92	80	0
796	46.2307	46.3685	G4	86	80	0
797	46.2777	46.5128	B4	51	80	0
798	46.3205	46.4615	F#4	80	80	0
799	46.3643	46.4647	F#5	80	80	0
800	46.4476	46.5555	G4	84	80	0
801	46.4476	46.5534	Eb5	78	80	0
802	46.5128	46.5726	E5	81	80	0
803	46.5534	46.6976	B3	84	80	0
804	46.6079	46.6089	A3	35	80	0
805	46.6324	46.7286	C4	82	80	0
806	46.6453	46.7606	A5	91	80	0
807	46.6559	46.8696	E5	85	80	0
808	46.7532	46.8493	B5	85	80	0
809	46.8365	46.9508	G#5	88	80	0
810	46.9273	46.9658	A5	77	80	0
811	47.0149	47.1378	F#4	81	80	0
812	47.0438	47.1495	D5	90	80	0
813	47.0566	47.2425	A4	80	80	0
814	47.1036	47.2147	F4	73	80	0
815	47.1442	47.2393	E5	78	80	0
816	47.204	47.2767	F#4	77	80	0
817	47.2307	47.3279	C#5	82	80	0
818	47.2938	47.2938	G4	26	80	0
819	47.3002	47.3408	D5	79	80	0
820	47.3098	47.4903	A3	81	80	0
821	47.4273	47.5042	B3	83	80	0
822	47.4326	47.5662	G5	92	80	0
823	47.4455	47.4829	C5	74	80	0
824	47.4529	47.4967	D5	76	80	0
825	47.5459	47.6335	A5	87	80	0
826	47.6036	47.7361	F#5	75	80	0
827	47.7072	47.7649	G5	80	80	0
828	47.797	47.9123	E4	82	80	0
829	47.8386	47.9423	C5	77	80	0
830	47.8397	48.0587	G4	75	80	0
831	47.8397	48.0245	D5	60	80	0
832	47.8846	47.9903	Eb4	75	80	0
833	47.9743	48.016	E5	33	80	0
834	47.9797	48.1036	E4	80	80	0
835	48.0213	48.0908	B4	84	80	0
836	48.0726	48.1196	C5	79	80	0
837	48.0854	48.267	G3	85	80	0
838	48.1816	48.3076	A3	81	80	0
839	48.1901	48.3087	F#5	89	80	0
840	48.2158	48.4305	C5	70	80	0
841	48.2938	48.4049	G5	84	80	0
842	48.3931	48.4871	F5	85	80	0
843	48.469	48.5096	F#5	78	80	0
844	48.5662	48.6688	Eb4	80	80	0
845	48.5929	48.6955	B4	79	80	0
846	48.5993	48.7713	C5	65	80	0
847	48.6025	48.6527	F#4	74	80	0
848	48.657	48.7799	D4	72	80	0
849	48.6837	48.72	C#5	46	80	0
850	48.7585	48.8504	Bb4	70	80	0
851	48.7596	48.8397	Eb4	77	80	0
852	48.8269	48.8653	F#3	76	80	0
853	48.8279	48.8878	B4	80	80	0
854	48.9529	49.1688	E5	92	80	0
855	48.9647	49.0064	B4	81	80	0
856	48.9679	49.032	G3	82	80	0
857	49.0512	49.1463	C5	75	80	0
858	49.0587	49.1132	A3	73	80	0
859	49.1549	49.2104	F#3	77	80	0
860	49.1602	49.2158	A4	77	80	0
861	49.2382	49.3408	B4	87	80	0
862	49.2446	49.3247	G3	80	80	0
863	49.3333	49.5502	D5	94	80	0
864	49.3397	49.4198	A4	91	80	0
865	49.3408	49.4497	F#3	84	80	0
866	49.4529	49.5245	G3	82	80	0
867	49.4604	49.5384	B4	81	80	0
868	49.5309	49.6121	Eb3	76	80	0
869	49.5544	49.6346	G4	70	80	0
870	49.6239	49.7307	A4	83	80	0
871	49.6698	49.7628	F#3	77	80	0
872	49.7158	49.9123	C5	90	80	0
873	49.7179	49.782	G4	89	80	0
874	49.7403	49.8397	E3	78	80	0
875	49.8215	49.9145	A4	74	80	0
876	49.8365	49.9305	F#3	70	80	0
877	49.9273	50.0085	F#4	74	80	0
878	49.9305	50.0053	D3	79	80	0
879	50.0117	50.1228	G4	81	80	0
880	50.0309	50.1506	E3	78	80	0
881	50.1057	50.3803	B4	89	80	0
882	50.1111	50.1837	F#4	83	80	0
883	50.1314	50.2371	D3	89	80	0
884	50.219	50.2927	G4	76	80	0
885	50.2329	50.3226	E3	79	80	0
886	50.3226	50.4166	E4	71	80	0
887	50.3237	50.4155	C3	83	80	0
888	50.4123	50.4946	F#4	82	80	0
889	50.4487	50.5502	D3	79	80	0
890	50.5213	50.7318	A4	91	80	0
891	50.5224	50.5982	E4	90	80	0
892	50.5341	50.6249	C3	90	80	0
893	50.6303	50.7104	F#4	74	80	0
894	50.6378	50.7158	D3	74	80	0
895	50.6559	50.6987	G#4	38	80	0
896	50.7158	50.8119	D4	71	80	0
897	50.7232	50.7905	B2	82	80	0
898	50.8012	50.8878	E4	79	80	0
899	50.8247	50.9145	C3	80	80	0
900	50.9017	50.9786	D4	89	80	0
901	50.907	51.0865	G4	88	80	0
902	50.9166	51.0074	B2	91	80	0
903	51.0149	51.0993	E4	74	80	0
904	51.016	51.1036	C3	84	80	0
905	51.1014	51.2147	C4	71	80	0
906	51.1057	51.1848	A2	92	80	0
907	51.1955	51.2991	D4	85	80	0
908	51.2147	51.3279	B2	84	80	0
909	51.2959	51.47	F#4	89	80	0
910	51.3023	51.3952	C4	82	80	0
911	51.3098	51.422	A2	89	80	0
912	51.4006	51.4967	D4	68	80	0
913	51.4188	51.4658	Eb4	25	80	0
914	51.422	51.5053	B2	79	80	0
915	51.4829	51.6025	B3	75	80	0
916	51.5128	51.5854	G2	89	80	0
917	51.5769	51.688	C4	86	80	0
918	51.6228	51.7158	A2	84	80	0
919	51.6858	51.845	E4	87	80	0
920	51.6912	51.7564	B3	84	80	0
921	51.7147	51.7916	G2	91	80	0
922	51.7905	51.8685	C4	72	80	0
923	51.8119	51.8803	A2	81	80	0
924	51.8418	51.8728	G2	41	80	0
925	51.8632	51.9455	A3	74	80	0
926	51.907	51.9946	F#2	87	80	0
927	51.9455	51.97	Bb3	63	80	0
928	51.9572	51.9967	B3	73	80	0
929	52.0235	52.0523	G2	62	80	0
930	52.0256	52.0662	F2	66	80	0
931	52.1324	52.282	B3	67	80	0
932	52.1378	52.3183	G#4	92	80	0
933	52.1388	52.2638	G#3	95	80	0
934	52.142	52.1987	E2	98	80	0
935	52.1442	52.1987	F2	91	80	0
936	52.1463	52.2788	D4	82	80	0
937	52.7339	53.1014	B4	66	80	0
938	52.7435	53.0534	B3	61	80	0
939	52.7478	53.1089	G#4	53	80	0
940	52.7521	52.8162	C#3	55	80	0
941	52.8589	52.9326	D3	53	80	0
942	52.9273	52.9871	C3	73	80	0
943	53.0235	53.0555	C#3	67	80	0
944	53.1068	53.1784	C#3	69	80	0
945	53.189	53.3055	D3	79	80	0
946	53.2895	53.3792	C3	80	80	0
947	53.3717	53.4049	C#3	80	80	0
948	53.4775	53.7521	G#5	91	80	0
949	53.4871	53.7286	G#4	87	80	0
950	53.4903	53.7521	B4	84	80	0
951	53.516	53.6004	C#3	84	80	0
952	53.6121	53.7254	D3	79	80	0
953	53.6997	53.7745	C3	85	80	0
954	53.7745	53.8023	C#3	82	80	0
955	53.8717	53.9476	C#3	82	80	0
956	53.9423	54.0673	D3	83	80	0
957	54.0459	54.1388	C3	87	80	0
958	54.1292	54.1623	C#3	77	80	0
959	54.2446	54.3856	B4	95	80	0
960	54.2457	54.4241	B5	95	80	0
961	54.2499	54.4305	G#5	85	80	0
962	54.2542	54.3739	C#3	83	80	0
963	54.298	54.3611	A5	33	80	0
964	54.3685	54.4786	D3	80	80	0
965	54.4743	54.5737	C3	81	80	0
966	54.564	54.6164	C#3	77	80	0
967	54.7072	54.9957	G#6	95	80	0
968	54.7093	54.9764	G#5	95	80	0
969	54.7136	55.0042	B5	83	80	0
970	54.7232	54.8151	C#3	83	80	0
971	54.7596	54.7852	F#6	50	80	0
972	54.813	54.9262	D3	78	80	0
973	54.9123	55.0181	C3	80	80	0
974	54.9668	55.0042	D6	42	80	0
975	55.016	55.0566	C#3	72	80	0
976	55.1506	55.1933	C#3	58	80	0
977	55.1869	55.3012	D3	79	80	0
978	55.3098	55.438	C3	79	80	0
979	55.3354	55.4679	F#6	84	80	0
980	55.3376	55.4487	F#5	85	80	0
981	55.3397	55.4273	B5	77	80	0
982	55.423	55.4829	C#3	68	80	0
983	55.5608	55.6121	D3	96	80	0
984	55.564	55.689	F6	92	80	0
985	55.5662	55.6837	B5	101	80	0
986	55.5673	55.641	F5	106	80	0
987	55.8258	56.0256	Eb6	27	80	0
988	55.9722	56.0758	B5	82	80	0
989	56.0106	56.1036	G#5	77	80	0
990	56.0651	56.2168	C#6	79	80	0
991	56.1207	56.1784	D5	58	80	0
992	56.1581	56.204	B5	77	80	0
993	56.1858	56.2745	B4	60	80	0
994	56.2361	56.3279	G#6	86	80	0
995	56.266	56.3952	F4	86	80	0
996	56.3226	56.439	G#5	88	80	0
997	56.3322	56.4593	F5	91	80	0
998	56.4305	56.5309	Bb5	84	80	0
999	56.4433	56.5299	B4	73	80	0
1000	56.4871	56.6292	G#4	70	80	0
1001	56.5267	56.579	G#5	76	80	0
1002	56.5982	56.6773	F6	87	80	0
1003	56.6089	56.7382	D4	87	80	0
1004	56.6965	56.766	F5	86	80	0
1005	56.7019	56.7959	D5	87	80	0
1006	56.7724	56.8696	G#4	72	80	0
1007	56.7777	56.8717	F#5	78	80	0
1008	56.845	56.9647	F4	70	80	0
1009	56.8781	56.9177	F5	82	80	0
1010	56.9476	57.0128	D6	88	80	0
1011	56.954	57.0737	B3	82	80	0
1012	57.0299	57.1367	B4	88	80	0
1013	57.032	57.1346	D5	88	80	0
1014	57.1153	57.2371	F4	69	80	0
1015	57.1271	57.2051	E5	87	80	0
1016	57.1976	57.3119	D4	67	80	0
1017	57.2382	57.2777	D5	82	80	0
1018	57.3098	57.3878	B5	85	80	0
1019	57.3237	57.4583	G#3	81	80	0
1020	57.407	57.5031	G#4	81	80	0
1021	57.4123	57.4882	B4	85	80	0
1022	57.4978	57.6698	C#5	79	80	0
1023	57.501	57.5833	D4	60	80	0
1024	57.5694	57.6826	B3	62	80	0
1025	57.5982	57.6378	B4	79	80	0
1026	57.672	57.7606	G#5	82	80	0
1027	57.673	57.7863	F3	81	80	0
1028	57.751	57.8504	F4	86	80	0
1029	57.7702	57.8429	G#4	86	80	0
1030	57.8536	57.9369	B3	62	80	0
1031	57.8557	57.9476	Bb4	75	80	0
1032	57.9049	58.0416	G#3	69	80	0
1033	57.939	58.0106	G#4	78	80	0
1034	58.0181	58.1538	D3	80	80	0
1035	58.0256	58.0908	F5	85	80	0
1036	58.1078	58.1078	E3	6	80	0
1037	58.1078	58.2222	D4	86	80	0
1038	58.1196	58.1922	F4	85	80	0
1039	58.189	58.2585	G#3	65	80	0
1040	58.2136	58.3119	F#4	77	80	0
1041	58.2264	58.3504	F3	70	80	0
1042	58.3055	58.4006	F4	82	80	0
1043	58.3408	58.422	B2	82	80	0
1044	58.3942	58.5341	D5	81	80	0
1045	58.4957	58.5929	C#5	91	80	0
1046	58.4957	58.5267	G2	97	80	0
1047	58.4989	58.5363	E4	88	80	0
1048	58.501	58.5908	Bb4	90	80	0
1049	59.0053	59.3386	C#5	74	80	0
1050	59.017	59.3194	Bb4	63	80	0
1051	59.0181	59.2863	C#4	45	80	0
1052	59.0309	59.0758	Eb3	42	80	0
1053	59.1078	59.1965	E3	54	80	0
1054	59.189	59.2585	D3	73	80	0
1055	59.2777	59.3162	Eb3	59	80	0
1056	59.3888	59.4668	Eb3	74	80	0
1057	59.4764	59.5972	E3	77	80	0
1058	59.5758	59.6527	D3	78	80	0
1059	59.6463	59.688	Eb3	79	80	0
1060	59.751	60.0587	Bb5	92	80	0
1061	59.7553	60.0459	C#5	84	80	0
1062	59.7553	60.0021	Bb4	86	80	0
1063	59.7831	59.8792	Eb3	83	80	0
1064	59.8888	59.9999	E3	76	80	0
1065	59.9732	60.0619	D3	81	80	0
1066	60.0502	60.0843	Eb3	80	80	0
1067	60.1719	60.2638	Eb3	86	80	0
1068	60.2617	60.4006	E3	82	80	0
1069	60.376	60.4583	D3	84	80	0
1070	60.4625	60.5106	Eb3	79	80	0
1071	60.5694	60.6613	C#6	93	80	0
1072	60.5737	60.6281	C#5	95	80	0
1073	60.5747	60.6538	Bb5	92	80	0
1074	60.5886	60.6944	Eb3	82	80	0
1075	60.6987	60.8258	E3	81	80	0
1076	60.8108	60.9016	D3	79	80	0
1077	60.8984	60.9337	Eb3	76	80	0
1078	61.0256	61.3974	Bb6	94	80	0
1079	61.0256	61.4123	C#6	84	80	0
1080	61.0277	61.3899	Bb5	92	80	0
1081	61.0384	61.1623	Eb3	79	80	0
1082	61.0993	61.4465	Eb6	30	80	0
1083	61.1602	61.2531	E3	78	80	0
1084	61.2542	61.3482	D3	78	80	0
1085	61.3397	61.3888	Eb3	76	80	0
1086	61.4572	61.563	E3	68	80	0
1087	61.6346	61.6848	D3	70	80	0
1088	61.6452	61.7542	G#6	91	80	0
1089	61.6474	61.7799	G#5	96	80	0
1090	61.6495	61.6591	C#3	7	80	0
1091	61.6506	61.8076	C#6	85	80	0
1092	61.673	61.7371	Eb3	91	80	0
1093	61.8386	61.891	E3	80	80	0
1094	61.8472	61.9796	C#6	78	80	0
1095	61.8482	61.9668	G6	96	80	0
1096	61.8482	61.9198	G5	102	80	0
1097	62.2328	62.3354	C#6	80	80	0
1098	62.2499	62.3172	G5	74	80	0
1099	62.314	62.4177	C#5	59	80	0
1100	62.3258	62.4647	Eb6	76	80	0
1101	62.4102	62.5299	Bb4	66	80	0
1102	62.4305	62.5042	C#6	67	80	0
1103	62.5128	62.6271	E4	82	80	0
1104	62.5138	62.579	Bb6	87	80	0
1105	62.5897	62.6784	E5	77	80	0
1106	62.5993	62.6816	Bb5	82	80	0
1107	62.6655	62.7937	Bb4	70	80	0
1108	62.6816	62.7884	C6	74	80	0
1109	62.7574	62.8707	G4	64	80	0
1110	62.7809	62.8482	Bb5	82	80	0
1111	62.8621	62.9145	G6	83	80	0
1112	62.8781	63.0063	C#4	79	80	0
1113	62.9487	63.0587	C#5	78	80	0
1114	62.9508	63.0266	G5	80	80	0
1115	63.0288	63.1634	G4	64	80	0
1116	63.0363	63.1292	G#5	73	80	0
1117	63.1249	63.2179	E4	64	80	0
1118	63.1356	63.1762	G5	74	80	0
1119	63.1954	63.2574	E6	82	80	0
1120	63.2157	63.3386	Bb3	80	80	0
1121	63.2991	63.3856	E5	80	80	0
1122	63.3066	63.4187	Bb4	81	80	0
1123	63.3974	63.4957	F#5	72	80	0
1124	63.4081	63.4946	E4	62	80	0
1125	63.486	63.6046	C#4	75	80	0
1126	63.4914	63.5245	E5	73	80	0
1127	63.5694	63.6132	C#6	79	80	0
1128	63.5907	63.688	G3	76	80	0
1129	63.6655	63.7425	C#5	80	80	0
1130	63.673	63.7681	G4	80	80	0
1131	63.7542	63.8781	Eb5	69	80	0
1132	63.767	63.86	C#4	70	80	0
1133	63.8226	63.9422	Bb3	67	80	0
1134	63.845	63.8867	C#5	67	80	0
1135	63.9134	63.9711	Bb5	68	80	0
1136	63.9412	64.0619	E3	74	80	0
1137	64.0042	64.0779	Bb4	74	80	0
1138	64.0106	64.0907	E4	74	80	0
1139	64.0801	64.2093	Bb3	68	80	0
1140	64.0833	64.1858	C5	65	80	0
1141	64.1591	64.2702	G3	57	80	0
1142	64.1944	64.2371	Bb4	68	80	0
1143	64.2628	64.3172	G5	74	80	0
1144	64.3001	64.4145	C#3	67	80	0
1145	64.3781	64.4828	C#4	67	80	0
1146	64.3835	64.4508	G4	72	80	0
1147	64.4508	64.5384	G3	58	80	0
1148	64.4946	64.5534	G#4	47	80	0
1149	64.548	64.5822	E3	40	80	0
1150	64.5662	64.5972	G4	56	80	0
1151	64.5897	64.6292	Bb2	64	80	0
1152	64.6399	64.6848	E5	68	80	0
1153	64.7435	64.8311	B2	67	80	0
1154	64.7638	64.8333	Eb4	61	80	0
1155	64.845	64.9048	Eb3	65	80	0
1156	64.8675	64.9219	Eb5	50	80	0
1157	64.9241	65.0405	E5	72	80	0
1158	64.9326	64.9999	G3	62	80	0
1159	65.0138	65.1623	Eb5	80	80	0
1160	65.0181	65.1271	G#3	74	80	0
1161	65.1025	65.2008	C#5	80	80	0
1162	65.1068	65.1858	Bb3	68	80	0
1163	65.1794	65.2296	B3	72	80	0
1164	65.1869	65.2606	B4	81	80	0
1165	65.267	65.3643	C#4	81	80	0
1166	65.2788	65.4155	Bb4	87	80	0
1167	65.3482	65.4487	Eb4	68	80	0
1168	65.3707	65.4903	G#4	81	80	0
1169	65.4583	65.5298	E4	81	80	0
1170	65.469	65.5619	G4	83	80	0
1171	65.5566	65.6602	Bb3	63	80	0
1172	65.5662	65.6666	G#4	72	80	0
1173	65.6356	65.7403	G3	61	80	0
1174	65.6751	65.7136	G4	73	80	0
1175	65.736	65.8012	E5	77	80	0
1176	65.7595	65.8696	C#3	71	80	0
1177	65.8311	65.8942	E4	74	80	0
1178	65.8386	65.9337	C#4	70	80	0
1179	65.9027	66.0352	G3	56	80	0
1180	65.9134	66.0822	F#4	65	80	0
1181	65.9967	66.0598	E3	57	80	0
1182	66.0192	66.0608	E4	62	80	0
1183	66.0672	66.1004	Bb2	68	80	0
1184	66.0822	66.1442	C#5	74	80	0
1185	66.1858	66.2617	Eb4	76	80	0
1186	66.2008	66.2895	B2	74	80	0
1187	66.2884	66.3845	Eb5	65	80	0
1188	66.2916	66.3888	Eb3	73	80	0
1189	66.3899	66.5106	E5	73	80	0
1190	66.4038	66.4989	G3	73	80	0
1191	66.4775	66.6089	Eb5	81	80	0
1192	66.4967	66.6036	G#3	79	80	0
1193	66.5662	66.657	C#5	79	80	0
1194	66.5811	66.6495	Bb3	68	80	0
1195	66.6388	66.7093	B4	77	80	0
1196	66.6474	66.7072	A3	69	80	0
1197	66.7392	66.845	Bb4	83	80	0
1198	66.7414	66.8183	C#4	72	80	0
1199	66.8183	66.9006	Eb4	71	80	0
1200	66.8215	66.9145	G#4	72	80	0
1201	66.9102	67.0063	A4	85	80	0
1202	66.9251	67.0331	F#4	84	80	0
1203	66.9999	67.1794	Bb4	82	80	0
1204	67.0501	67.1506	C4	43	80	0
1205	67.0651	67.1132	B3	45	80	0
1206	67.1121	67.2328	A3	64	80	0
1207	67.1196	67.1527	A4	77	80	0
1208	67.1784	67.2457	F#5	83	80	0
1209	67.235	67.36	Eb3	75	80	0
1210	67.2745	67.3696	F#4	88	80	0
1211	67.3076	67.4294	Eb4	68	80	0
1212	67.3792	67.5256	G#4	79	80	0
1213	67.4145	67.5095	A3	65	80	0
1214	67.4796	67.5587	F#4	76	80	0
1215	67.4807	67.5758	F#3	74	80	0
1216	67.5619	67.6196	Eb5	80	80	0
1217	67.5982	67.6987	C3	68	80	0
1218	67.6602	67.736	F4	76	80	0
1219	67.6826	67.7884	C#3	70	80	0
1220	67.7649	67.845	F5	82	80	0
1221	67.7841	67.8418	E3	47	80	0
1222	67.7884	67.8386	F3	49	80	0
1223	67.8546	67.9476	F#5	70	80	0
1224	67.8546	67.9166	A3	75	80	0
1225	67.9508	68.063	Bb3	77	80	0
1226	67.9561	68.0501	F5	80	80	0
1227	68.0352	68.1741	Eb5	75	80	0
1228	68.0608	68.1591	C4	72	80	0
1229	68.1292	68.2115	C#5	78	80	0
1230	68.1645	68.2756	C#4	73	80	0
1231	68.1976	68.3098	Eb4	63	80	0
1232	68.2115	68.2585	C5	76	80	0
1233	68.2916	68.392	F4	72	80	0
1234	68.3012	68.3899	Bb4	84	80	0
1235	68.4187	68.5245	B4	87	80	0
1236	68.4369	68.5395	G#4	79	80	0
1237	68.5117	68.6944	C#5	88	80	0
1238	68.5384	68.5811	D4	74	80	0
1239	68.6078	68.7125	B3	47	80	0
1240	68.6239	68.6965	C4	59	80	0
1241	68.626	68.6559	B4	80	80	0
1242	68.6848	68.766	G#5	85	80	0
1243	68.7104	68.8119	F3	84	80	0
1244	68.7798	68.8845	F4	85	80	0
1245	68.7831	68.8632	G#4	88	80	0
1246	68.8589	68.9775	Bb4	80	80	0
1247	68.8878	68.9572	B3	57	80	0
1248	68.892	68.9551	C4	60	80	0
1249	68.9134	69.0608	G#3	79	80	0
1250	68.9647	69.0384	G#4	81	80	0
1251	69.0266	69.0886	D3	84	80	0
1252	69.0309	69.0929	F5	71	80	0
1253	69.1602	69.2724	C5	92	80	0
1254	69.1762	69.2638	A4	85	80	0
1255	69.2286	69.3845	Eb4	67	80	0
1256	69.2307	69.2318	G4	24	80	0
1257	69.2595	69.3899	C#5	85	80	0
1258	69.3215	69.4711	C4	67	80	0
1259	69.3845	69.4316	C5	77	80	0
1260	69.4348	69.5138	A5	82	80	0
1261	69.4754	69.5298	F#3	69	80	0
1262	69.4967	69.5459	F3	73	80	0
1263	69.5309	69.6014	F#3	36	80	0
1264	69.5416	69.6271	A4	90	80	0
1265	69.5566	69.6858	F#4	87	80	0
1266	69.6164	69.7916	Bb4	87	80	0
1267	69.6196	69.7873	C4	70	80	0
1268	69.7371	69.7713	A4	81	80	0
1269	69.7403	69.7809	A3	58	80	0
1270	69.7638	69.7969	Eb3	81	80	0
1271	69.7884	69.8482	F#5	85	80	0
1272	69.908	70.048	C#5	82	80	0
1273	69.923	70.0448	Bb4	92	80	0
1274	70.0095	70.1591	Eb5	84	80	0
1275	70.0448	70.1345	E4	62	80	0
1276	70.095	70.2435	C#4	78	80	0
1277	70.126	70.2029	C#5	89	80	0
1278	70.2136	70.2916	Bb5	88	80	0
1279	70.2222	70.3696	G3	88	80	0
1280	70.3033	70.4316	Bb4	86	80	0
1281	70.3076	70.4508	G4	96	80	0
1282	70.3995	70.5939	C#4	68	80	0
1283	70.407	70.5437	C5	84	80	0
1284	70.4764	70.6121	Bb3	77	80	0
1285	70.5256	70.6036	Bb4	87	80	0
1286	70.5726	70.6196	E3	87	80	0
1287	70.6207	70.6816	G5	87	80	0
1288	70.8525	71.0405	C5	94	80	0
1289	70.8546	71.0341	A4	102	80	0
1290	70.8696	71.1805	F#4	80	80	0
1291	70.8707	70.9326	Eb4	67	80	0
1292	70.8717	71.3044	G#3	80	80	0
1293	70.8835	71.0897	E4	79	80	0
1294	70.8899	70.9957	G4	79	80	0
1295	70.9828	71.111	Eb5	85	80	0
1296	71.1004	71.2147	F#5	77	80	0
1297	71.1976	71.2553	A5	81	80	0
1298	71.2638	71.3226	G#4	111	80	0
1299	71.2937	71.5309	C6	89	80	0
1300	71.4113	71.5651	Eb6	88	80	0
1301	71.5138	71.6591	F#6	84	80	0
1302	71.6046	71.7189	A6	74	80	0
1303	71.6773	71.7969	C7	87	80	0
1304	71.7553	71.8568	Eb6	89	80	0
1305	71.8386	71.9241	E6	80	80	0
1306	71.9219	72.0704	G#6	86	80	0
1307	72.0149	72.1089	F#6	82	80	0
1308	72.0758	72.1869	C5	80	80	0
1309	72.0918	72.1602	C6	78	80	0
1310	72.1623	72.2638	C#5	79	80	0
1311	72.1976	72.2788	C#6	76	80	0
1312	72.2585	72.3771	E5	73	80	0
1313	72.2756	72.4422	E6	80	80	0
1314	72.3674	72.4444	Eb5	77	80	0
1315	72.3899	72.4679	Eb6	59	80	0
1316	72.4476	72.579	F#4	72	80	0
1317	72.4668	72.5352	F#5	78	80	0
1318	72.5395	72.658	G#4	78	80	0
1319	72.563	72.658	G#5	77	80	0
1320	72.6174	72.7019	B4	69	80	0
1321	72.6442	72.7916	B5	78	80	0
1322	72.7125	72.7692	A4	77	80	0
1323	72.7339	72.8108	A5	82	80	0
1324	72.8269	72.9262	C4	73	80	0
1325	72.8365	72.8749	B4	70	80	0
1326	72.8493	72.8781	B3	63	80	0
1327	72.8493	72.8781	C5	66	80	0
1328	72.8995	73.0138	C#4	78	80	0
1329	72.9209	73.0095	C#5	75	80	0
1330	73.0053	73.11	E4	71	80	0
1331	73.0095	73.1174	E5	81	80	0
1332	73.0886	73.1794	Eb5	81	80	0
1333	73.0929	73.1933	Eb4	74	80	0
1334	73.188	73.3247	F#3	78	80	0
1335	73.1922	73.3033	F#4	77	80	0
1336	73.2724	73.4006	G#3	75	80	0
1337	73.2873	73.3963	G#4	79	80	0
1338	73.3429	73.407	B3	69	80	0
1339	73.3824	73.5405	B4	80	80	0
1340	73.4369	73.5662	A3	68	80	0
1341	73.485	73.6068	A4	79	80	0
1342	73.5651	73.6506	Eb3	65	80	0
1343	73.5736	73.6719	F#4	76	80	0
1344	73.6068	73.657	D3	67	80	0
1345	73.6548	73.7136	D4	76	80	0
1346	73.7424	73.8215	C#4	76	80	0
1347	73.8536	73.9241	C3	103	80	0
1348	73.8589	73.9454	C2	98	80	0
1349	73.8803	73.9903	G#4	68	80	0
1350	73.8845	73.9273	G#3	72	80	0
1351	73.8856	73.9871	F#4	63	80	0
1352	73.891	74.0192	Eb4	61	80	0
1353	74.063	74.1741	Eb4	43	80	0
1354	74.1815	74.2766	E4	70	80	0
1355	74.2756	74.3717	F4	69	80	0
1356	74.3867	74.4786	F#4	70	80	0
1357	74.4957	74.5886	F4	59	80	0
1358	74.5833	74.6751	F#4	62	80	0
1359	74.673	74.7777	G4	63	80	0
1360	74.7713	74.8642	G#4	67	80	0
1361	74.8461	74.9401	F#4	57	80	0
1362	74.9583	75.0427	G4	59	80	0
1363	75.0373	75.1377	G#4	57	80	0
1364	75.1217	75.1976	A4	60	80	0
1365	75.1826	75.2927	Eb4	62	80	0
1366	75.2392	75.3301	G#2	72	80	0
1367	75.283	75.3845	Eb3	80	80	0
1368	75.2862	75.3974	E4	69	80	0
1369	75.3151	75.4059	F#3	82	80	0
1370	75.3482	75.4315	C4	101	80	0
1371	75.4016	75.4433	F4	71	80	0
1372	75.408	75.533	F#4	74	80	0
1373	75.5288	75.689	E4	73	80	0
1374	75.6164	75.7093	F4	24	80	0
1375	75.6997	75.8311	F#4	69	80	0
1376	75.8098	75.8995	G4	66	80	0
1377	75.9016	75.9882	F4	54	80	0
1378	75.986	76.0843	F#4	67	80	0
1379	76.0694	76.1773	G4	56	80	0
1380	76.1666	76.2627	G#4	69	80	0
1381	76.2563	76.3386	F#4	62	80	0
1382	76.3386	76.4401	G4	56	80	0
1383	76.439	76.5234	G#4	57	80	0
1384	76.5234	76.5961	A4	64	80	0
1385	76.579	76.6815	Eb4	71	80	0
1386	76.6559	76.736	G#2	72	80	0
1387	76.6741	76.7809	E4	71	80	0
1388	76.6954	76.7841	Eb3	81	80	0
1389	76.7275	76.7969	F#3	80	80	0
1390	76.7659	76.8247	C4	105	80	0
1391	76.7724	76.8322	F4	76	80	0
1392	76.798	76.907	F#4	76	80	0
1393	76.908	77.0085	E4	71	80	0
1394	76.9978	77.0939	F4	69	80	0
1395	77.0982	77.2211	F#4	68	80	0
1396	77.1997	77.3012	G4	70	80	0
1397	77.3162	77.4219	F4	58	80	0
1398	77.4027	77.5395	F#4	69	80	0
1399	77.5053	77.626	G4	67	80	0
1400	77.6036	77.7029	G#4	74	80	0
1401	77.6858	77.813	F#4	74	80	0
1402	77.782	77.8685	G4	66	80	0
1403	77.8493	77.9903	G#4	70	80	0
1404	77.954	78.0298	A4	72	80	0
1405	78.032	78.1452	G4	62	80	0
1406	78.1324	78.2585	G#4	78	80	0
1407	78.2221	78.3621	A4	75	80	0
1408	78.3258	78.4561	Bb4	77	80	0
1409	78.4283	78.548	G#4	79	80	0
1410	78.5256	78.6196	A4	73	80	0
1411	78.6068	78.7403	Bb4	75	80	0
1412	78.6986	78.7927	B4	80	80	0
1413	78.7948	78.9134	A4	74	80	0
1414	78.8877	79.0074	Bb4	78	80	0
1415	78.9743	79.08	B4	74	80	0
1416	79.0715	79.1709	C5	79	80	0
1417	79.1634	79.2681	Bb4	78	80	0
1418	79.2649	79.3803	B4	73	80	0
1419	79.3343	79.485	G#2	86	80	0
1420	79.3771	79.4497	C5	76	80	0
1421	79.4241	79.5266	C#5	75	80	0
1422	79.4486	79.5523	F#2	80	80	0
1423	79.5213	79.6132	B4	64	80	0
1424	79.5437	79.6869	E2	77	80	0
1425	79.5939	79.7136	C5	77	80	0
1426	79.6623	79.7585	Eb2	70	80	0
1427	79.7061	79.8536	C#5	78	80	0
1428	79.7232	79.7884	C#2	92	80	0
1429	79.8322	79.9112	Eb5	68	80	0
1430	79.9476	80.0031	C5	47	80	0
1431	80.0095	80.1153	C#5	63	80	0
1432	80.1206	80.2093	Eb5	65	80	0
1433	80.1388	80.1644	F#4	60	80	0
1434	80.1527	80.1527	A4	44	80	0
1435	80.2275	80.283	E5	56	80	0
1436	80.3119	80.4369	C#5	58	80	0
1437	80.423	80.5619	Eb5	55	80	0
1438	80.5074	80.5469	G#4	72	80	0
1439	80.5159	80.5512	E4	61	80	0
1440	80.517	80.6132	E5	64	80	0
1441	80.6239	80.705	F#5	66	80	0
1442	80.7115	80.7969	Eb5	57	80	0
1443	80.7809	80.8813	E5	63	80	0
1444	80.876	81.0021	F#5	71	80	0
1445	80.8877	80.9326	F#4	66	80	0
1446	80.892	80.9294	Eb4	66	80	0
1447	80.9882	81.063	G#5	67	80	0
1448	81.0736	81.173	E5	63	80	0
1449	81.157	81.2659	F#5	68	80	0
1450	81.251	81.3899	G#5	74	80	0
1451	81.2574	81.2937	E4	73	80	0
1452	81.267	81.2916	C#4	66	80	0
1453	81.3781	81.4187	A5	68	80	0
1454	81.4476	81.4476	E4	25	80	0
1455	81.4561	81.5309	G#5	65	80	0
1456	81.5597	81.6634	C#6	71	80	0
1457	81.6335	81.6794	C#4	71	80	0
1458	81.6367	81.6741	F#4	74	80	0
1459	81.6377	81.6815	A3	73	80	0
1460	81.6559	81.7328	F#5	68	80	0
1461	81.7275	81.8236	G#5	69	80	0
1462	81.8322	81.9091	F#5	71	80	0
1463	81.9155	82.0085	C#6	74	80	0
1464	82.0031	82.0715	E5	82	80	0
1465	82.0095	82.048	E4	73	80	0
1466	82.0106	82.0544	G#3	72	80	0
1467	82.0106	82.0501	C#4	74	80	0
1468	82.1078	82.1847	F#5	72	80	0
1469	82.1954	82.2702	E5	81	80	0
1470	82.2959	82.3952	C#6	82	80	0
1471	82.3909	82.4326	C#4	75	80	0
1472	82.3931	82.4347	F#3	77	80	0
1473	82.3931	82.4273	Eb4	75	80	0
1474	82.3941	82.4679	Eb5	81	80	0
1475	82.4892	82.564	E5	59	80	0
1476	82.5159	82.5512	F5	49	80	0
1477	82.5736	82.6677	Eb5	80	80	0
1478	82.6805	82.813	C#6	81	80	0
1479	82.6901	82.7585	C#3	81	80	0
1480	82.7211	82.8012	G#3	82	80	0
1481	82.7756	82.8354	E4	96	80	0
1482	82.7809	82.8589	C#5	83	80	0
1483	82.8674	82.9903	G#5	80	80	0
1484	82.9518	83.048	E6	80	80	0
1485	83.033	83.1527	A5	69	80	0
1486	83.0427	83.0758	Bb5	63	80	0
1487	83.064	83.1046	G#2	78	80	0
1488	83.079	83.1709	F#3	78	80	0
1489	83.1271	83.1815	C4	97	80	0
1490	83.1313	83.205	C5	84	80	0
1491	83.1506	83.1634	D4	79	80	0
1492	83.2307	83.3909	F#5	83	80	0
1493	83.3439	83.4422	Eb6	69	80	0
1494	83.407	83.5533	G#5	83	80	0
1495	83.5224	83.5779	C#4	98	80	0
1496	83.5277	83.5768	E3	86	80	0
1497	83.5277	83.6057	C#3	89	80	0
1498	83.5373	83.6153	G#4	79	80	0
1499	83.6324	83.7627	E5	71	80	0
1500	83.7285	83.813	C#6	85	80	0
1501	83.813	83.9465	F#5	80	80	0
1502	83.8995	83.9508	G#3	110	80	0
1503	83.9038	83.9401	G#2	101	80	0
1504	83.9273	84.0127	G#4	79	80	0
1505	84.032	84.0747	Eb5	69	80	0
1506	84.0982	84.173	C6	89	80	0
1507	84.1655	84.3258	E5	72	80	0
1508	84.2157	84.2553	Eb5	21	80	0
1509	84.298	84.3749	C#5	91	80	0
1510	84.3001	84.3514	C#6	97	80	0
1511	84.3001	84.345	C#3	112	80	0
1512	84.3012	84.3365	C#2	91	80	0
1513	84.6132	84.6847	A4	95	80	0
1514	84.6377	84.6762	A3	97	80	0
1515	84.6452	84.6815	A2	87	80	0
1516	84.7221	84.7991	A5	87	80	0
1517	84.8151	84.876	G#4	103	80	0
1518	84.8204	84.8824	G#3	90	80	0
1519	84.829	84.8653	G#2	81	80	0
1520	84.9016	84.9807	G#5	85	80	0
1521	84.9903	85.0501	G4	97	80	0
1522	85.0031	85.0565	G3	88	80	0
1523	85.0095	85.048	G2	88	80	0
1524	85.0822	85.158	G5	90	80	0
1525	85.1676	85.235	G#4	101	80	0
1526	85.1879	85.2211	G#3	92	80	0
1527	85.1922	85.2414	G#2	87	80	0
1528	85.2585	85.3258	G#5	81	80	0
1529	85.2841	85.3055	A5	73	80	0
1530	85.3557	85.407	C#3	91	80	0
1531	85.3856	85.4176	C#2	74	80	0
1532	85.3952	85.485	C#4	88	80	0
1533	85.455	85.548	C#5	82	80	0
1534	85.5843	85.6377	Eb5	95	80	0
1535	85.5854	85.6185	Eb4	93	80	0
1536	85.5865	85.6559	G4	90	80	0
1537	85.5886	85.6709	Bb4	44	80	0
1538	85.5918	85.6228	C#4	96	80	0
1539	85.595	85.642	Eb3	82	80	0
1540	85.6046	85.6431	C#5	58	80	0
1541	85.6153	85.8129	Eb2	80	80	0
1542	85.6217	85.6506	G#4	58	80	0
1543	85.7478	85.8215	C#3	75	80	0
1544	85.8204	85.9347	B2	70	80	0
1545	85.9251	86.0159	Bb2	73	80	0
1546	86.0106	86.1185	G#2	76	80	0
1547	86.0117	86.0523	B3	84	80	0
1548	86.0127	86.0576	Eb4	81	80	0
1549	86.0159	86.0704	G#4	79	80	0
1550	86.0245	86.0533	B4	62	80	0
1551	86.1153	86.2082	Bb2	66	80	0
1552	86.2179	86.3204	G2	72	80	0
1553	86.3247	86.4465	G#2	66	80	0
1554	86.4198	86.454	Eb4	71	80	0
1555	86.4198	86.4593	G4	69	80	0
1556	86.423	86.4647	C#4	66	80	0
1557	86.4347	86.4956	Bb2	64	80	0
1558	86.5181	86.6025	B2	70	80	0
1559	86.595	86.7157	G#2	68	80	0
1560	86.6815	86.8236	Bb2	67	80	0
1561	86.7681	86.8129	Eb4	66	80	0
1562	86.7702	86.8087	B3	67	80	0
1563	86.7713	86.8204	G#4	69	80	0
1564	86.783	86.8835	B2	73	80	0
1565	86.8835	87.0352	C#3	71	80	0
1566	86.9871	87.1986	Bb2	71	80	0
1567	87.0854	87.2211	B2	69	80	0
1568	87.1698	87.2243	C#4	69	80	0
1569	87.1751	87.2563	G#4	71	80	0
1570	87.1751	87.2211	E4	66	80	0
1571	87.1997	87.2734	C#3	71	80	0
1572	87.2627	87.4155	Eb3	71	80	0
1573	87.3909	87.5256	B2	67	80	0
1574	87.4753	87.6057	C#3	69	80	0
1575	87.5768	87.6623	Eb3	68	80	0
1576	87.5865	87.6292	B3	64	80	0
1577	87.5875	87.6516	G#4	65	80	0
1578	87.5907	87.6345	Eb4	64	80	0
1579	87.6644	87.7115	E3	68	80	0
1580	87.7627	87.8493	Eb3	63	80	0
1581	87.8567	87.955	G#3	64	80	0
1582	87.9508	88.048	C#3	70	80	0
1583	87.9775	88.0288	G#4	64	80	0
1584	87.9807	88.0149	E4	47	80	0
1585	87.9892	88.0288	C#4	42	80	0
1586	88.048	88.1634	Eb3	68	80	0
1587	88.158	88.2478	C#3	67	80	0
1588	88.2617	88.3685	G#3	64	80	0
1589	88.3386	88.4422	B2	64	80	0
1590	88.3706	88.4187	Eb4	66	80	0
1591	88.3717	88.423	G#4	64	80	0
1592	88.4465	88.5555	C#3	68	80	0
1593	88.5747	88.6345	B2	61	80	0
1594	88.6495	88.7488	G#3	66	80	0
1595	88.7585	88.9369	Bb2	74	80	0
1596	88.7585	88.8097	Eb4	65	80	0
1597	88.7595	88.829	Bb4	70	80	0
1598	88.7766	88.8151	C#4	50	80	0
1599	88.8621	88.9209	B2	62	80	0
1600	88.9379	88.9903	Bb2	8	80	0
1601	89.0394	89.1174	G3	63	80	0
1602	89.1313	89.1591	B3	62	80	0
1603	89.1335	89.2264	G#2	70	80	0
1604	89.1345	89.1719	B4	67	80	0
1605	89.1409	89.1805	G#4	64	80	0
1606	89.1495	89.1805	Eb4	46	80	0
1607	89.2446	89.3151	E3	46	80	0
1608	89.251	89.3204	F3	41	80	0
1609	89.3183	89.4262	B3	46	80	0
1610	89.4251	89.5597	Eb3	63	80	0
1611	89.5437	89.9807	Eb6	82	80	0
1612	89.5469	89.6335	G2	76	80	0
1613	89.564	89.9807	Eb5	69	80	0
1614	89.5704	89.9775	Bb5	63	80	0
1615	89.6644	89.8364	E3	58	80	0
1616	89.7702	89.8589	Bb3	57	80	0
1617	89.8471	89.9828	Eb3	64	80	0
1618	89.9572	90.0811	G#2	78	80	0
1619	89.9593	89.9956	B5	68	80	0
1620	89.9593	89.9935	G#5	71	80	0
1621	90.0619	90.2211	E3	66	80	0
1622	90.1741	90.2296	B3	61	80	0
1623	90.2424	90.3909	Eb3	55	80	0
1624	90.3674	90.7702	Eb5	69	80	0
1625	90.3685	90.4454	G2	75	80	0
1626	90.376	90.7841	Eb4	61	80	0
1627	90.376	90.7424	Bb4	58	80	0
1628	90.4476	90.6206	E3	57	80	0
1629	90.5608	90.6345	Bb3	62	80	0
1630	90.6441	90.7627	Eb3	57	80	0
1631	90.7585	90.7809	G#3	62	80	0
1632	90.7606	90.8087	B4	63	80	0
1633	90.7627	90.7937	G#2	61	80	0
1634	90.7734	90.8076	G#4	47	80	0
1635	90.9689	91.0768	E4	63	80	0
1636	90.9914	91.1591	C#4	66	80	0
1637	91.0523	91.1388	G4	59	80	0
1638	91.1431	91.1965	B3	61	80	0
1639	91.1495	91.252	Eb4	74	80	0
1640	91.2435	91.3012	G#4	72	80	0
1641	91.3215	91.5255	E4	79	80	0
1642	91.3279	91.4561	G4	79	80	0
1643	91.4337	91.5405	Bb4	81	80	0
1644	91.4988	91.5565	Eb4	67	80	0
1645	91.5288	91.6335	F#4	81	80	0
1646	91.611	91.6644	B4	81	80	0
1647	91.6922	91.876	F#4	73	80	0
1648	91.7147	91.8108	A4	81	80	0
1649	91.7884	91.9005	C5	67	80	0
1650	91.8781	91.9091	E4	59	80	0
1651	91.9027	91.9999	G#4	79	80	0
1652	91.9999	92.0469	C#5	71	80	0
1653	92.0864	92.1399	F#4	50	80	0
1654	92.0897	92.1879	C5	65	80	0
1655	92.0939	92.2307	G#3	51	80	0
1656	92.0982	92.2713	Eb4	49	80	0
1657	92.1794	92.2745	Eb5	59	80	0
1658	92.2691	92.3055	C#4	59	80	0
1659	92.2809	92.377	C#5	69	80	0
1660	92.2884	92.2884	E4	36	80	0
1661	92.4112	92.4614	Eb5	63	80	0
1662	92.4978	92.5715	C5	62	80	0
1663	92.5811	92.6516	C#5	53	80	0
1664	92.6676	92.8001	Eb5	65	80	0
1665	92.6762	92.7018	A4	61	80	0
1666	92.6773	92.7168	F#4	59	80	0
1667	92.7488	92.814	E5	64	80	0
1668	92.8514	92.9593	C#5	61	80	0
1669	92.9497	93.0779	Eb5	61	80	0
1670	93.0191	93.1377	E5	64	80	0
1671	93.0298	93.0694	E4	64	80	0
1672	93.0373	93.064	G#4	54	80	0
1673	93.1399	93.2328	F#5	67	80	0
1674	93.236	93.3236	Eb5	62	80	0
1675	93.298	93.4241	E5	66	80	0
1676	93.4262	93.5437	F#5	68	80	0
1677	93.4283	93.4647	Eb4	66	80	0
1678	93.4337	93.4625	F#4	59	80	0
1679	93.5277	93.6185	G#5	71	80	0
1680	93.6281	93.7243	E5	60	80	0
1681	93.704	93.8204	F#5	70	80	0
1682	93.8055	93.9176	G#5	77	80	0
1683	93.8087	93.8418	C#4	67	80	0
1684	93.8151	93.8535	E4	64	80	0
1685	93.9048	93.9582	A5	75	80	0
1686	93.9946	94.033	G#5	68	80	0
1687	94.0811	94.1965	C#6	76	80	0
1688	94.1644	94.2072	C#4	67	80	0
1689	94.1687	94.2146	A3	70	80	0
1690	94.1698	94.2104	F#4	68	80	0
1691	94.1773	94.2809	F#5	75	80	0
1692	94.267	94.3802	G#5	80	80	0
1693	94.3867	94.439	F#5	71	80	0
1694	94.4508	94.5629	C#6	81	80	0
1695	94.5512	94.6452	E5	82	80	0
1696	94.5597	94.5971	E4	77	80	0
1697	94.5597	94.6057	C#4	71	80	0
1698	94.5629	94.6078	G#3	69	80	0
1699	94.6441	94.7221	F#5	81	80	0
1700	94.7424	94.8108	E5	75	80	0
1701	94.7937	94.7937	Eb5	19	80	0
1702	94.8343	94.923	C#6	82	80	0
1703	94.907	94.9443	Eb4	81	80	0
1704	94.9144	94.9839	F#3	82	80	0
1705	94.9176	94.955	C#4	75	80	0
1706	94.923	95.0106	Eb5	84	80	0
1707	95.0138	95.095	E5	68	80	0
1708	95.0202	95.0747	F5	67	80	0
1709	95.1046	95.1965	Eb5	82	80	0
1710	95.2008	95.3439	C#6	81	80	0
1711	95.22	95.2862	C#3	75	80	0
1712	95.2478	95.3247	G#3	80	80	0
1713	95.3001	95.3717	E4	91	80	0
1714	95.3097	95.407	C#5	84	80	0
1715	95.4155	95.5426	G#5	82	80	0
1716	95.5106	95.6067	E6	72	80	0
1717	95.5886	95.6516	G#2	82	80	0
1718	95.595	95.6922	A5	75	80	0
1719	95.6025	95.6377	Bb5	57	80	0
1720	95.6206	95.7275	F#3	63	80	0
1721	95.6826	95.7339	C4	96	80	0
1722	95.6922	95.7691	C5	82	80	0
1723	95.782	95.9337	F#5	83	80	0
1724	95.8995	95.9935	Eb6	78	80	0
1725	95.9155	95.9871	A2	70	80	0
1726	95.955	96.0544	G#5	81	80	0
1727	95.9657	96.0437	E3	68	80	0
1728	96.0266	96.0544	C#4	96	80	0
1729	96.0384	96.0384	Eb3	19	80	0
1730	96.0704	96.1238	A4	80	80	0
1731	96.1505	96.2798	Eb5	80	80	0
1732	96.2424	96.3407	C#6	84	80	0
1733	96.3215	96.4497	E5	75	80	0
1734	96.4283	96.674	B3	91	80	0
1735	96.4283	96.6185	F4	99	80	0
1736	96.4305	96.5982	F3	89	80	0
1737	96.4315	96.6153	D4	91	80	0
1738	96.4657	96.5405	G#4	78	80	0
1739	96.5619	96.5993	C#5	78	80	0
1740	96.6505	96.7275	B5	82	80	0
1741	96.7392	96.8193	D5	77	80	0
1742	96.798	96.8706	F#3	85	80	0
1743	96.799	96.8589	F#4	86	80	0
1744	96.8012	96.861	C#4	73	80	0
1745	96.83	96.9294	A4	77	80	0
1746	96.9208	97.0287	C#5	85	80	0
1747	96.986	97.0245	D4	94	80	0
1748	96.9903	97.0266	D3	87	80	0
1749	97.0095	97.1249	A5	62	80	0
1750	97.0234	97.0533	G5	62	80	0
1751	97.0758	97.1313	F#5	80	80	0
1752	97.1602	97.2061	C#4	91	80	0
1753	97.1644	97.2008	D3	76	80	0
1754	97.1751	97.2948	A5	76	80	0
1755	97.2542	97.3813	C#6	87	80	0
1756	97.3279	97.3888	A2	87	80	0
1757	97.3311	97.3802	A3	90	80	0
1758	97.3407	97.5426	A6	90	80	0
1759	97.4369	97.6078	F#6	82	80	0
1760	97.5138	97.5458	F#2	87	80	0
1761	97.5149	97.5437	F#3	93	80	0
1762	97.5266	97.6377	C#6	84	80	0
1763	97.6174	97.6634	A5	80	80	0
1764	97.6377	97.6377	F#3	21	80	0
1765	97.6773	97.7296	C#3	102	80	0
1766	97.6837	97.7232	C#2	95	80	0
1767	97.7211	97.8407	F#5	78	80	0
1768	97.7659	97.8396	G5	54	80	0
1769	97.7937	97.9027	C#5	81	80	0
1770	97.9005	97.955	D3	105	80	0
1771	97.9027	97.9732	D2	97	80	0
1772	97.9102	97.9465	A4	75	80	0
1773	98.0181	98.1847	F#4	75	80	0
1774	98.0875	98.1463	Eb4	62	80	0
1775	98.1623	98.1965	D4	46	80	0
1776	98.1911	98.2809	A3	77	80	0
1777	98.5127	99.0352	G#4	68	80	0
1778	98.5245	98.6131	F2	51	80	0
1779	98.5362	99.3172	D4	48	80	0
1780	98.5394	99.4102	B3	46	80	0
1781	98.6324	98.6976	F#2	60	80	0
1782	98.7168	98.8396	E2	67	80	0
1783	98.8151	98.9027	F2	66	80	0
1784	98.9027	99.2852	F#4	77	80	0
1785	98.9027	98.9775	F#2	65	80	0
1786	98.9732	99.0928	G#2	75	80	0
1787	99.0576	99.1869	F2	69	80	0
1788	99.1441	99.2873	F#2	74	80	0
1789	99.2584	99.532	F4	72	80	0
1790	99.2595	99.3728	G#2	72	80	0
1791	99.2873	99.5341	E4	55	80	0
1792	99.3428	99.4903	A2	80	80	0
1793	99.4582	99.6238	F#2	80	80	0
1794	99.5672	99.689	G#2	80	80	0
1795	99.6751	99.7873	A2	77	80	0
1796	99.6847	99.9123	F#4	82	80	0
1797	99.6954	99.8792	A3	72	80	0
1798	99.6997	99.9037	D4	69	80	0
1799	99.7884	99.8792	B2	72	80	0
1800	99.8899	99.97	A2	63	80	0
1801	99.9839	100.066	B2	70	80	0
1802	100.107	100.648	G#4	74	80	0
1803	100.116	100.21	F2	68	80	0
1804	100.121	100.945	D4	55	80	0
1805	100.126	101.408	B3	55	80	0
1806	100.23	100.296	F#2	64	80	0
1807	100.316	100.448	E2	67	80	0
1808	100.408	100.513	F2	68	80	0
1809	100.51	100.968	F#4	78	80	0
1810	100.515	100.595	F#2	69	80	0
1811	100.601	100.68	G#2	69	80	0
1812	100.691	100.801	F2	72	80	0
1813	100.779	100.911	F#2	74	80	0
1814	100.895	101.376	F4	80	80	0
1815	100.903	100.981	G#2	71	80	0
1816	100.976	101.106	A2	78	80	0
1817	101.075	101.224	F#2	78	80	0
1818	101.175	101.311	G#2	80	80	0
1819	101.298	101.405	A2	75	80	0
1820	101.307	101.472	F#4	77	80	0
1821	101.313	101.44	C#4	71	80	0
1822	101.404	101.498	B2	74	80	0
1823	101.499	101.573	A2	77	80	0
1824	101.594	101.636	B2	61	80	0
1825	101.76	101.823	C3	51	80	0
1826	101.764	102.284	Eb5	78	80	0
1827	101.766	102.612	A4	57	80	0
1828	101.776	102.644	F#4	52	80	0
1829	101.847	101.921	C#3	52	80	0
1830	101.938	102.063	B2	67	80	0
1831	102.032	102.144	C3	69	80	0
1832	102.146	102.243	C#3	72	80	0
1833	102.161	102.596	C#5	82	80	0
1834	102.241	102.319	Eb3	75	80	0
1835	102.329	102.468	C3	70	80	0
1836	102.439	102.577	C#3	77	80	0
1837	102.533	102.694	C5	84	80	0
1838	102.559	102.64	Eb3	73	80	0
1839	102.639	102.756	E3	80	80	0
1840	102.73	102.854	C#3	79	80	0
1841	102.817	102.935	Eb3	75	80	0
1842	102.925	103.005	E3	74	80	0
1843	102.925	103.194	C#5	82	80	0
1844	102.939	103.11	E4	74	80	0
1845	102.94	103.164	A4	70	80	0
1846	103.003	103.085	F#3	60	80	0
1847	103.094	103.173	E3	73	80	0
1848	103.204	103.255	F#3	69	80	0
1849	103.31	103.429	C3	68	80	0
1850	103.312	103.844	Eb5	80	80	0
1851	103.334	104.165	A4	64	80	0
1852	103.335	104.172	F#4	66	80	0
1853	103.435	103.522	C#3	71	80	0
1854	103.53	103.641	B2	67	80	0
1855	103.597	103.698	C3	69	80	0
1856	103.703	103.797	C#3	71	80	0
1857	103.727	104.158	C#5	80	80	0
1858	103.809	103.89	Eb3	74	80	0
1859	103.891	104.008	C3	62	80	0
1860	103.984	104.099	C#3	67	80	0
1861	104.085	104.172	Eb3	69	80	0
1862	104.112	104.213	C5	79	80	0
1863	104.178	104.271	E3	68	80	0
1864	104.278	104.393	C#3	62	80	0
1865	104.386	104.53	Eb3	57	80	0
1866	104.532	104.662	F3	62	80	0
1867	104.551	104.81	C#5	72	80	0
1868	104.555	104.78	B4	59	80	0
1869	104.557	104.773	C#4	56	80	0
1870	104.562	104.742	G#4	50	80	0
1871	104.676	104.745	F#3	49	80	0
1872	104.753	104.886	E3	62	80	0
1873	104.86	104.984	F3	64	80	0
1874	104.967	105.185	C#5	80	80	0
1875	104.971	105.102	C#4	70	80	0
1876	104.972	105.054	F#3	62	80	0
1877	104.976	105.123	F#4	69	80	0
1878	104.986	105.086	A4	59	80	0
1879	105.057	105.182	G#3	65	80	0
1880	105.141	105.27	F3	58	80	0
1881	105.248	105.435	F#3	72	80	0
1882	105.385	105.576	C#5	80	80	0
1883	105.393	105.513	G#3	65	80	0
1884	105.396	105.523	F4	80	80	0
1885	105.402	105.569	B4	76	80	0
1886	105.51	105.633	A3	73	80	0
1887	105.612	105.754	F#3	75	80	0
1888	105.711	105.864	G#3	75	80	0
1889	105.814	105.997	C#5	87	80	0
1890	105.817	105.979	A4	79	80	0
1891	105.824	105.943	F#4	79	80	0
1892	105.832	105.943	A3	66	80	0
1893	105.924	106.033	B3	73	80	0
1894	106.018	106.202	G#3	75	80	0
1895	106.12	106.221	A3	59	80	0
1896	106.219	106.412	Eb5	89	80	0
1897	106.223	106.342	C4	77	80	0
1898	106.229	106.34	F#4	81	80	0
1899	106.229	106.383	A4	72	80	0
1900	106.307	106.394	C#5	38	80	0
1901	106.339	106.452	C#4	75	80	0
1902	106.437	106.582	B3	73	80	0
1903	106.535	106.636	C4	78	80	0
1904	106.643	106.742	C#4	73	80	0
1905	106.646	106.81	E5	95	80	0
1906	106.657	106.746	E4	84	80	0
1907	106.673	106.803	G#4	75	80	0
1908	106.734	106.831	Eb4	72	80	0
1909	106.836	106.96	C4	68	80	0
1910	106.924	107.08	C#4	79	80	0
1911	107.054	107.237	F#5	91	80	0
1912	107.058	107.138	Eb4	64	80	0
1913	107.06	107.17	G#4	87	80	0
1914	107.066	107.185	C5	81	80	0
1915	107.135	107.257	E4	76	80	0
1916	107.231	107.38	C#4	78	80	0
1917	107.316	107.473	Eb4	77	80	0
1918	107.456	107.58	E4	79	80	0
1919	107.47	107.611	G#5	90	80	0
1920	107.476	107.609	C#5	89	80	0
1921	107.476	107.566	G#4	92	80	0
1922	107.53	107.581	E5	38	80	0
1923	107.555	107.607	F#5	37	80	0
1924	107.574	107.72	F#4	82	80	0
1925	107.686	107.841	Eb4	80	80	0
1926	107.801	107.92	E4	66	80	0
1927	107.878	108.002	A5	92	80	0
1928	107.886	108.014	Eb5	86	80	0
1929	107.888	107.982	C#5	90	80	0
1930	107.895	107.984	F#4	72	80	0
1931	107.976	108.105	G#4	76	80	0
1932	108.086	108.217	E4	71	80	0
1933	108.171	108.346	F#4	76	80	0
1934	108.299	108.41	G#4	69	80	0
1935	108.307	108.653	G#5	96	80	0
1936	108.31	108.61	E5	88	80	0
1937	108.313	108.595	C#5	90	80	0
1938	108.405	108.507	A4	76	80	0
1939	108.511	108.624	G#4	76	80	0
1940	108.607	108.707	F#4	79	80	0
1941	108.717	108.818	E4	82	80	0
1942	108.809	108.945	Eb4	81	80	0
1943	108.904	109.018	C#4	82	80	0
1944	109.007	109.136	B3	79	80	0
1945	109.116	109.249	E5	92	80	0
1946	109.117	109.295	C#6	94	80	0
1947	109.118	109.238	C#5	96	80	0
1948	109.12	109.272	G#5	85	80	0
1949	109.124	109.237	A3	77	80	0
1950	109.221	109.376	G#3	82	80	0
1951	109.328	109.461	F#3	80	80	0
1952	109.465	109.721	E3	74	80	0
1953	109.571	109.699	E6	94	80	0
1954	109.574	109.654	E5	95	80	0
1955	109.575	109.701	G#5	90	80	0
1956	109.579	109.712	C#6	90	80	0
1957	109.763	109.793	D3	42	80	0
1958	109.764	109.825	C#3	47	80	0
1959	109.829	109.98	B2	80	80	0
1960	109.961	110.09	A2	78	80	0
1961	109.973	110.128	E6	21	80	0
1962	109.984	110.13	C#6	88	80	0
1963	109.986	110.095	G#5	101	80	0
1964	109.989	110.145	G#6	98	80	0
1965	110.024	110.071	F#6	61	80	0
1966	110.069	110.172	G2	69	80	0
1967	110.104	110.155	G#2	33	80	0
1968	110.157	110.248	F#2	76	80	0
1969	110.269	110.397	E2	72	80	0
1970	110.296	110.336	D2	48	80	0
1971	110.391	110.52	Eb2	80	80	0
1972	110.435	110.569	E6	83	80	0
1973	110.437	110.569	G#6	85	80	0
1974	110.442	110.528	C#7	101	80	0
1975	110.443	110.56	C#6	99	80	0
1976	110.501	110.538	D2	45	80	0
1977	110.514	110.584	C#2	76	80	0
1978	110.585	110.7	B1	79	80	0
1979	110.717	110.774	G#1	73	80	0
1980	110.918	111.026	C#6	97	80	0
1981	110.92	111.029	Eb6	90	80	0
1982	110.921	110.986	A6	97	80	0
1983	110.921	110.996	A5	93	80	0
1984	110.924	110.971	F#2	105	80	0
1985	110.926	110.962	F#1	104	80	0
1986	111.461	111.617	F#4	91	80	0
1987	111.461	111.579	C5	92	80	0
1988	111.462	111.512	G#2	113	80	0
1989	111.462	111.567	C4	97	80	0
1990	111.462	111.62	G#4	85	80	0
1991	111.464	111.523	G#1	104	80	0
1992	112.148	112.395	C#5	90	80	0
1993	112.153	112.379	G#4	78	80	0
1994	112.153	112.331	E4	90	80	0
1995	112.154	112.319	C#4	95	80	0
1996	112.161	112.283	C#2	109	80	0
1997	112.162	112.282	C#1	101	80	0
1998	112.578	112.621	G#5	35	80	0
1999	112.897	113.044	G#5	92	80	0
2000	112.897	113.141	G#2	102	80	0
2001	112.901	113.048	G#3	113	80	0
2002	113.055	113.185	A5	79	80	0
2003	113.176	113.212	C#2	89	80	0
2004	113.18	113.262	G#5	87	80	0
2005	113.272	113.383	E6	82	80	0
2006	113.387	113.448	Bb3	110	80	0
2007	113.388	113.499	G5	86	80	0
2008	113.391	113.508	Bb2	97	80	0
2009	113.461	113.513	B2	18	80	0
2010	113.49	113.601	G#5	87	80	0
2011	113.599	113.629	G5	84	80	0
2012	113.602	113.631	C2	72	80	0
2013	113.667	113.742	E6	83	80	0
2014	113.747	113.846	F#5	96	80	0
2015	113.752	113.792	A3	102	80	0
2016	113.764	113.831	G2	87	80	0
2017	113.781	113.814	A2	64	80	0
2018	113.837	113.975	G#5	86	80	0
2019	113.927	113.973	C#2	76	80	0
2020	113.938	114.003	F#5	85	80	0
2021	114.02	114.129	Eb6	85	80	0
2022	114.096	114.158	G#3	101	80	0
2023	114.104	114.226	G#2	98	80	0
2024	114.107	114.18	F5	90	80	0
2025	114.16	114.192	G2	37	80	0
2026	114.201	114.295	F#5	76	80	0
2027	114.286	114.344	F5	85	80	0
2028	114.299	114.341	C#2	78	80	0
2029	114.375	114.443	D6	88	80	0
2030	114.471	114.521	G3	104	80	0
2031	114.472	114.548	E5	90	80	0
2032	114.479	114.558	G#2	95	80	0
2033	114.56	114.672	F#5	80	80	0
2034	114.662	114.7	E5	82	80	0
2035	114.67	114.718	C#2	81	80	0
2036	114.735	114.825	C#6	83	80	0
2037	114.823	114.877	F#3	102	80	0
2038	114.833	114.924	Eb5	91	80	0
2039	114.834	114.888	G#2	92	80	0
2040	114.921	115.026	E5	80	80	0
2041	115.028	115.063	C#2	58	80	0
2042	115.028	115.087	Eb5	83	80	0
2043	115.054	115.095	C2	38	80	0
2044	115.113	115.183	C#6	83	80	0
2045	115.176	115.254	Eb3	105	80	0
2046	115.2	115.289	Eb5	93	80	0
2047	115.212	115.247	A2	73	80	0
2048	115.219	115.219	G#2	36	80	0
2049	115.29	115.415	E5	77	80	0
2050	115.382	115.443	C#2	66	80	0
2051	115.403	115.433	C2	59	80	0
2052	115.403	115.465	Eb5	82	80	0
2053	115.47	115.573	C6	79	80	0
2054	115.555	115.611	E3	110	80	0
2055	115.564	115.644	C#5	90	80	0
2056	115.574	115.611	A2	82	80	0
2057	115.587	115.623	Bb2	60	80	0
2058	115.607	115.607	G#2	32	80	0
2059	115.659	115.761	Eb5	66	80	0
2060	115.732	115.766	C#2	78	80	0
2061	115.745	115.779	C#5	78	80	0
2062	115.818	115.858	C#6	73	80	0
2063	115.906	115.973	G#3	111	80	0
2064	115.917	115.995	G#2	99	80	0
2065	115.92	116.002	G#5	87	80	0
2066	115.941	115.976	Bb2	61	80	0
2067	116.005	116.125	A5	79	80	0
2068	116.098	116.141	C#2	80	80	0
2069	116.118	116.194	G#5	83	80	0
2070	116.214	116.299	E6	80	80	0
2071	116.281	116.336	Bb3	108	80	0
2072	116.286	116.388	Bb2	98	80	0
2073	116.294	116.397	G5	89	80	0
2074	116.31	116.31	G#3	67	80	0
2075	116.311	116.394	A2	85	80	0
2076	116.401	116.512	G#5	79	80	0
2077	116.513	116.542	C2	71	80	0
2078	116.514	116.559	G5	81	80	0
2079	116.532	116.532	B1	39	80	0
2080	116.584	116.651	E6	84	80	0
2081	116.663	116.712	A3	103	80	0
2082	116.673	116.734	A2	97	80	0
2083	116.676	116.747	F#5	93	80	0
2084	116.757	116.87	G#5	79	80	0
2085	116.841	116.883	C#2	82	80	0
2086	116.854	116.917	F#5	85	80	0
2087	116.936	117.046	Eb6	86	80	0
2088	117.005	117.067	G#3	102	80	0
2089	117.014	117.086	F5	90	80	0
2090	117.016	117.081	G#2	91	80	0
2091	117.035	117.082	Bb2	63	80	0
2092	117.107	117.2	F#5	73	80	0
2093	117.123	117.128	A3	20	80	0
2094	117.187	117.241	F5	83	80	0
2095	117.191	117.24	C#2	85	80	0
2096	117.269	117.34	D6	87	80	0
2097	117.364	117.402	G3	105	80	0
2098	117.364	117.449	E5	90	80	0
2099	117.364	117.424	G#2	95	80	0
2100	117.441	117.518	Bb2	7	80	0
2101	117.446	117.558	F#5	81	80	0
2102	117.539	117.598	C#2	86	80	0
2103	117.55	117.593	E5	80	80	0
2104	117.617	117.723	C#6	85	80	0
2105	117.701	117.768	F#3	104	80	0
2106	117.716	117.753	G#2	90	80	0
2107	117.717	117.8	Eb5	90	80	0
2108	117.8	117.911	E5	82	80	0
2109	117.894	117.955	C#2	70	80	0
2110	117.913	117.95	Eb5	78	80	0
2111	117.919	117.954	C2	60	80	0
2112	117.983	118.085	C#6	86	80	0
2113	118.054	118.124	Eb3	101	80	0
2114	118.071	118.23	Eb5	89	80	0
2115	118.085	118.085	G#2	44	80	0
2116	118.086	118.123	A2	74	80	0
2117	118.152	118.271	E5	79	80	0
2118	118.246	118.289	C#2	63	80	0
2119	118.268	118.323	G#2	15	80	0
2120	118.327	118.477	C6	80	80	0
2121	118.345	118.434	C#2	85	80	0
2122	118.426	118.49	G#2	81	80	0
2123	118.456	118.496	A2	84	80	0
2124	118.471	118.53	E3	110	80	0
2125	118.487	118.586	C#5	90	80	0
2126	118.496	118.496	D2	14	80	0
2127	118.591	118.7	Eb5	75	80	0
2128	118.716	118.745	C#5	60	80	0
2129	118.788	118.82	C#6	50	80	0
2130	118.904	118.967	G#5	58	80	0
2131	118.939	119.018	G#4	67	80	0
2132	119.026	119.076	A5	28	80	0
2133	119.093	119.143	G4	24	80	0
2134	119.097	119.139	G#5	65	80	0
2135	119.129	119.175	G#4	64	80	0
2136	119.185	119.252	E6	71	80	0
2137	119.19	119.263	G#3	79	80	0
2138	119.267	119.339	G5	68	80	0
2139	119.273	119.371	G4	64	80	0
2140	119.346	119.456	G#5	58	80	0
2141	119.384	119.446	F#4	56	80	0
2142	119.453	119.502	G4	59	80	0
2143	119.459	119.503	G5	68	80	0
2144	119.53	119.594	E6	82	80	0
2145	119.532	119.613	G#3	81	80	0
2146	119.627	119.677	F#5	78	80	0
2147	119.628	119.706	F#4	77	80	0
2148	119.71	119.805	G#5	64	80	0
2149	119.716	119.804	F4	63	80	0
2150	119.804	119.846	F#5	64	80	0
2151	119.823	119.857	F#4	68	80	0
2152	119.879	119.984	Eb6	87	80	0
2153	119.883	119.985	G#3	84	80	0
2154	119.959	120.044	F5	73	80	0
2155	119.961	120.063	F4	78	80	0
2156	120.05	120.144	F#5	71	80	0
2157	120.064	120.131	E4	62	80	0
2158	120.134	120.199	F4	61	80	0
2159	120.155	120.189	F5	70	80	0
2160	120.223	120.293	D6	85	80	0
2161	120.232	120.34	G#3	86	80	0
2162	120.314	120.407	E4	80	80	0
2163	120.317	120.392	E5	81	80	0
2164	120.423	120.513	F#5	65	80	0
2165	120.424	120.512	Eb4	68	80	0
2166	120.509	120.569	E4	78	80	0
2167	120.512	120.547	E5	72	80	0
2168	120.586	120.704	C#6	89	80	0
2169	120.594	120.72	G#3	83	80	0
2170	120.677	120.743	Eb5	83	80	0
2171	120.682	120.769	Eb4	74	80	0
2172	120.747	120.856	E5	45	80	0
2173	120.782	120.876	D4	67	80	0
2174	120.858	120.894	Eb5	80	80	0
2175	120.878	120.951	Eb4	77	80	0
2176	120.929	121.022	C6	81	80	0
2177	120.948	121.059	G#3	82	80	0
2178	120.955	121	B5	76	80	0
2179	121.014	121.09	D5	82	80	0
2180	121.031	121.112	D4	81	80	0
2181	121.114	121.201	Eb5	80	80	0
2182	121.129	121.217	C#4	71	80	0
2183	121.196	121.261	D4	76	80	0
2184	121.203	121.242	D5	81	80	0
2185	121.267	121.332	B5	88	80	0
2186	121.277	121.389	G#3	86	80	0
2187	121.381	121.497	C#5	88	80	0
2188	121.397	121.578	C#4	83	80	0
2189	121.452	121.561	C4	54	80	0
2190	121.452	121.584	D5	76	80	0
2191	121.564	121.629	C#5	74	80	0
2192	121.637	121.662	G#2	88	80	0
2193	121.646	121.758	Bb5	88	80	0
2194	121.736	121.809	C5	79	80	0
2195	121.746	121.937	C4	72	80	0
2196	121.757	121.817	G#2	26	80	0
2197	121.802	121.907	C#5	68	80	0
2198	121.807	121.942	B3	68	80	0
2199	121.862	121.941	Bb3	6	80	0
2200	121.909	121.976	C5	82	80	0
2201	121.986	122.058	G#2	72	80	0
2202	121.995	122.089	A5	87	80	0
2203	122.005	122.005	G2	71	80	0
2204	122.082	122.154	B4	82	80	0
2205	122.083	122.288	B3	89	80	0
2206	122.16	122.242	Bb3	75	80	0
2207	122.173	122.266	C5	77	80	0
2208	122.257	122.321	B4	81	80	0
2209	122.34	122.428	G#2	92	80	0
2210	122.342	122.477	G#5	93	80	0
2211	122.423	122.439	G2	13	80	0
2212	122.45	122.516	Bb4	91	80	0
2213	122.458	122.607	Bb3	95	80	0
2214	122.53	122.644	B4	58	80	0
2215	122.549	122.581	C5	53	80	0
2216	122.557	122.634	A3	70	80	0
2217	122.63	122.667	Bb4	81	80	0
2218	122.653	122.69	Bb3	58	80	0
2219	122.711	122.8	G5	81	80	0
2220	122.72	122.795	G#2	90	80	0
2221	122.766	122.803	F5	42	80	0
2222	122.792	122.863	A4	84	80	0
2223	122.809	123.021	A3	89	80	0
2224	122.876	122.973	Bb4	77	80	0
2225	122.906	122.96	G#3	62	80	0
2226	122.965	123.017	A4	83	80	0
2227	123.052	123.165	F#5	89	80	0
2228	123.06	123.118	G#2	87	80	0
2229	123.105	123.152	Bb2	41	80	0
2230	123.139	123.232	G#4	91	80	0
2231	123.146	123.283	G#3	90	80	0
2232	123.204	123.357	F#3	51	80	0
2233	123.221	123.348	A4	76	80	0
2234	123.243	123.345	G3	80	80	0
2235	123.332	123.405	G#4	87	80	0
2236	123.357	123.41	G#3	72	80	0
2237	123.43	123.518	F5	89	80	0
2238	123.438	123.547	G#2	88	80	0
2239	123.508	123.573	G4	88	80	0
2240	123.516	123.593	G3	90	80	0
2241	123.605	123.724	G#4	78	80	0
2242	123.625	123.702	F#3	53	80	0
2243	123.657	123.743	G3	47	80	0
2244	123.688	123.732	G4	83	80	0
2245	123.763	123.841	E5	88	80	0
2246	123.772	123.904	G#2	90	80	0
2247	123.862	123.944	F#4	93	80	0
2248	123.876	123.98	F#3	80	80	0
2249	123.933	123.995	F3	56	80	0
2250	123.936	124.109	G#4	79	80	0
2251	123.992	124.026	G#2	75	80	0
2252	124.051	124.146	F#4	83	80	0
2253	124.117	124.242	Eb5	89	80	0
2254	124.148	124.316	C#2	75	80	0
2255	124.254	124.409	G#2	64	80	0
2256	124.351	124.425	E3	98	80	0
2257	124.352	124.441	C#5	93	80	0
2258	124.376	124.423	E4	90	80	0
2259	124.595	124.708	G#3	87	80	0
2260	124.679	124.795	E4	84	80	0
2261	124.759	124.813	C#4	83	80	0
2262	124.871	124.951	C#4	76	80	0
2263	124.949	125.1	G#4	80	80	0
2264	125.026	125.148	E5	83	80	0
2265	125.097	125.148	C#5	85	80	0
2266	125.209	125.301	C#5	76	80	0
2267	125.268	125.43	G#5	77	80	0
2268	125.36	125.481	E6	83	80	0
2269	125.452	125.485	C#6	76	80	0
2270	125.546	125.667	C#6	86	80	0
2271	125.569	125.731	C#3	74	80	0
2272	125.611	125.729	G#6	84	80	0
2273	125.656	125.799	G#3	75	80	0
2274	125.688	125.876	C#7	85	80	0
2275	125.766	125.804	E4	99	80	0
2276	125.776	125.886	E7	89	80	0
2277	125.832	125.833	D7	30	80	0
2278	125.855	125.975	G#6	88	80	0
2279	125.875	125.876	D4	18	80	0
2280	125.968	126.005	C#6	67	80	0
2281	126.059	126.204	C#6	83	80	0
2282	126.139	126.209	E6	81	80	0
2283	126.203	126.298	G#5	87	80	0
2284	126.319	126.483	C#5	68	80	0
2285	126.435	126.499	D5	66	80	0
2286	126.519	126.589	E5	74	80	0
2287	126.52	126.561	F5	66	80	0
2288	126.581	126.671	G#4	86	80	0
2289	126.662	126.701	C#4	77	80	0
2290	126.756	126.866	C#4	90	80	0
2291	126.863	126.953	E4	70	80	0
2292	126.872	126.901	F4	68	80	0
2293	126.934	127.02	G#3	87	80	0
2294	127.055	127.203	C#3	71	80	0
2295	127.139	127.192	D3	79	80	0
2296	127.236	127.387	C#2	101	80	0
2297	127.965	128.101	C#3	70	80	0
2298	128.043	128.149	G#3	78	80	0
2299	128.1	128.194	C#6	91	80	0
2300	128.105	128.232	E5	99	80	0
2301	128.105	128.249	G#5	91	80	0
2302	128.111	128.201	C#5	97	80	0
2303	128.112	128.16	E4	98	80	0
2304	129.084	129.176	C#4	90	80	0
2305	129.089	129.169	C#3	92	80	0
2306	129.099	129.138	C#2	106	80	0
2307	129.104	129.158	C#1	99	80	0
2308	129.221	131.401	C#2	98	80	0
2309	129.226	131.42	C#4	86	80	0
2310	129.227	131.397	C#3	88	80	0
2311	129.229	131.404	C#1	95	80	0
#SusPed	2.09402	32	0
#SusPed	2.11111	55	0
#SusPed	2.13248	68	0
#SusPed	2.15278	74	0
#SusPed	2.17201	81	0
#SusPed	2.19124	88	0
#SusPed	2.21047	95	0
#SusPed	2.22863	102	0
#SusPed	2.25107	115	0
#SusPed	2.2703	127	0
#SusPed	2.38568	117	0
#SusPed	2.40491	104	0
#SusPed	2.44337	113	0
#SusPed	2.46474	127	0
#SusPed	2.6047	116	0
#SusPed	2.62393	90	0
#SusPed	2.64423	66	0
#SusPed	2.66132	36	0
#SusPed	2.68269	0	0
#SusPed	6.49465	56	0
#SusPed	6.51602	127	0
#SusPed	6.55555	108	0
#SusPed	6.57585	49	0
#SusPed	6.59508	0	0
#SusPed	6.88888	84	0
#SusPed	6.90918	127	0
#SusPed	7.0673	96	0
#SusPed	7.08867	56	0
#SusPed	7.10576	0	0
#SusPed	8.0673	70	0
#SusPed	8.0876	127	0
#SusPed	8.45512	102	0
#SusPed	8.47435	63	0
#SusPed	8.50427	0	0
#SusPed	11.9893	33	0
#SusPed	12.0096	59	0
#SusPed	12.0278	73	0
#SusPed	12.047	83	0
#SusPed	12.0673	97	0
#SusPed	12.0865	112	0
#SusPed	12.1068	126	0
#SusPed	12.3226	112	0
#SusPed	12.3429	73	0
#SusPed	12.3782	0	0
#SusPed	13.0566	16	0
#SusPed	13.0748	50	0
#SusPed	13.0951	64	0
#SusPed	13.1175	67	0
#SusPed	13.1752	62	0
#SusPed	13.1944	51	0
#SusPed	13.2126	33	0
#SusPed	13.234	0	0
#SusPed	18.7639	60	0
#SusPed	18.7799	101	0
#SusPed	18.8002	127	0
#SusPed	19.1325	79	0
#SusPed	19.1528	19	0
#SusPed	19.1731	0	0
#SusPed	20.2286	35	0
#SusPed	20.25	83	0
#SusPed	20.2681	113	0
#SusPed	20.2884	127	0
#SusPed	20.4818	118	0
#SusPed	20.5021	78	0
#SusPed	20.5224	37	0
#SusPed	20.5395	0	0
#SusPed	23.11	15	0
#SusPed	23.1282	31	0
#SusPed	23.1485	39	0
#SusPed	23.1709	46	0
#SusPed	23.1901	55	0
#SusPed	23.2094	63	0
#SusPed	23.2286	69	0
#SusPed	23.251	72	0
#SusPed	23.422	69	0
#SusPed	23.4423	63	0
#SusPed	23.4604	52	0
#SusPed	23.4807	35	0
#SusPed	23.5021	0	0
#SusPed	23.657	54	0
#SusPed	23.6773	79	0
#SusPed	23.6976	92	0
#SusPed	23.7158	110	0
#SusPed	23.7382	117	0
#SusPed	23.9134	106	0
#SusPed	23.9337	85	0
#SusPed	23.953	62	0
#SusPed	23.9733	26	0
#SusPed	23.9946	0	0
#SusPed	24.8579	25	0
#SusPed	24.8782	66	0
#SusPed	24.8985	86	0
#SusPed	24.9188	108	0
#SusPed	24.9369	127	0
#SusPed	25.1143	117	0
#SusPed	25.1335	84	0
#SusPed	25.1528	52	0
#SusPed	25.1731	0	0
#SusPed	25.6816	12	0
#SusPed	25.6987	35	0
#SusPed	25.7211	52	0
#SusPed	25.7414	61	0
#SusPed	25.7607	66	0
#SusPed	25.7788	67	0
#SusPed	25.8194	71	0
#SusPed	25.8376	76	0
#SusPed	25.8568	84	0
#SusPed	25.8771	92	0
#SusPed	25.9369	76	0
#SusPed	25.9572	56	0
#SusPed	25.9765	12	0
#SusPed	25.9968	0	0
#SusPed	26.0951	24	0
#SusPed	26.1111	52	0
#SusPed	26.1314	66	0
#SusPed	26.1528	72	0
#SusPed	26.1741	79	0
#SusPed	26.1933	88	0
#SusPed	26.2126	98	0
#SusPed	26.2329	108	0
#SusPed	26.2521	114	0
#SusPed	26.2906	106	0
#SusPed	26.3109	85	0
#SusPed	26.3301	60	0
#SusPed	26.3654	9	0
#SusPed	26.3835	0	0
#SusPed	26.7799	29	0
#SusPed	26.7981	73	0
#SusPed	26.8183	111	0
#SusPed	26.8386	127	0
#SusPed	27.1698	107	0
#SusPed	27.1912	72	0
#SusPed	27.2126	35	0
#SusPed	27.2307	0	0
#SusPed	29.8579	41	0
#SusPed	29.876	98	0
#SusPed	29.8974	127	0
#SusPed	30.1527	122	0
#SusPed	30.173	78	0
#SusPed	30.1933	29	0
#SusPed	30.2115	0	0
#SusPed	32.9391	38	0
#SusPed	32.9572	85	0
#SusPed	32.9754	127	0
#SusPed	33.3312	117	0
#SusPed	33.3504	74	0
#SusPed	33.3814	23	0
#SusPed	33.4027	0	0
#SusPed	35.9775	65	0
#SusPed	35.9989	127	0
#SusPed	36.3675	83	0
#SusPed	36.3878	35	0
#SusPed	36.4081	0	0
#SusPed	40.7254	52	0
#SusPed	40.7478	127	0
#SusPed	41.1036	91	0
#SusPed	41.1207	59	0
#SusPed	41.141	0	0
#SusPed	42.2788	59	0
#SusPed	42.2991	96	0
#SusPed	42.3183	127	0
#SusPed	42.7072	119	0
#SusPed	42.7265	87	0
#SusPed	42.7489	59	0
#SusPed	42.7681	0	0
#SusPed	42.8461	16	0
#SusPed	42.8632	48	0
#SusPed	42.8846	67	0
#SusPed	42.9049	80	0
#SusPed	42.9252	95	0
#SusPed	42.9433	115	0
#SusPed	42.9626	127	0
#SusPed	43.1196	105	0
#SusPed	43.1399	76	0
#SusPed	43.1602	44	0
#SusPed	43.1805	0	0
#SusPed	43.2574	28	0
#SusPed	43.2788	57	0
#SusPed	43.2991	73	0
#SusPed	43.3183	86	0
#SusPed	43.3376	103	0
#SusPed	43.3718	127	0
#SusPed	43.5096	112	0
#SusPed	43.5245	79	0
#SusPed	43.5438	46	0
#SusPed	43.563	0	0
#SusPed	43.6218	17	0
#SusPed	43.641	52	0
#SusPed	43.6613	73	0
#SusPed	43.6837	91	0
#SusPed	43.6987	122	0
#SusPed	43.7179	127	0
#SusPed	43.875	91	0
#SusPed	43.8963	57	0
#SusPed	43.9166	0	0
#SusPed	43.9946	33	0
#SusPed	44.016	63	0
#SusPed	44.0363	83	0
#SusPed	44.0544	108	0
#SusPed	44.0747	127	0
#SusPed	44.251	102	0
#SusPed	44.2713	67	0
#SusPed	44.2916	17	0
#SusPed	44.3098	0	0
#SusPed	44.3653	26	0
#SusPed	44.3856	63	0
#SusPed	44.4049	88	0
#SusPed	44.4252	127	0
#SusPed	44.641	102	0
#SusPed	44.6613	65	0
#SusPed	44.6805	0	0
#SusPed	44.7393	25	0
#SusPed	44.7596	63	0
#SusPed	44.7777	88	0
#SusPed	44.7991	127	0
#SusPed	45.0341	101	0
#SusPed	45.0555	62	0
#SusPed	45.0747	0	0
#SusPed	45.1324	33	0
#SusPed	45.1527	70	0
#SusPed	45.172	93	0
#SusPed	45.1901	127	0
#SusPed	45.4626	79	0
#SusPed	45.4818	27	0
#SusPed	45.501	0	0
#SusPed	45.5833	42	0
#SusPed	45.6025	72	0
#SusPed	45.6207	87	0
#SusPed	45.641	112	0
#SusPed	45.6591	127	0
#SusPed	45.8386	103	0
#SusPed	45.8568	63	0
#SusPed	45.876	0	0
#SusPed	45.9359	19	0
#SusPed	45.9562	59	0
#SusPed	45.9754	82	0
#SusPed	45.9967	105	0
#SusPed	46.0149	127	0
#SusPed	46.2318	80	0
#SusPed	46.2521	0	0
#SusPed	46.719	27	0
#SusPed	46.7393	71	0
#SusPed	46.7596	89	0
#SusPed	46.7788	119	0
#SusPed	46.8002	127	0
#SusPed	47.0149	97	0
#SusPed	47.0341	44	0
#SusPed	47.0523	0	0
#SusPed	47.5032	73	0
#SusPed	47.5224	127	0
#SusPed	47.8194	72	0
#SusPed	47.8376	0	0
#SusPed	48.3344	58	0
#SusPed	48.3717	117	0
#SusPed	48.3899	127	0
#SusPed	48.6057	103	0
#SusPed	48.626	58	0
#SusPed	48.6453	0	0
#SusPed	49.0021	46	0
#SusPed	49.0224	75	0
#SusPed	49.0416	80	0
#SusPed	49.0608	86	0
#SusPed	49.0811	91	0
#SusPed	49.1025	100	0
#SusPed	49.1196	115	0
#SusPed	49.1388	127	0
#SusPed	49.2948	93	0
#SusPed	49.3173	53	0
#SusPed	49.3365	0	0
#SusPed	49.4497	27	0
#SusPed	49.47	64	0
#SusPed	49.4893	78	0
#SusPed	49.5096	87	0
#SusPed	49.5288	98	0
#SusPed	49.5459	107	0
#SusPed	49.5694	123	0
#SusPed	49.5876	127	0
#SusPed	49.6869	114	0
#SusPed	49.7061	71	0
#SusPed	49.7264	0	0
#SusPed	49.8247	29	0
#SusPed	49.844	67	0
#SusPed	49.8632	83	0
#SusPed	49.8846	95	0
#SusPed	49.9038	110	0
#SusPed	49.922	118	0
#SusPed	49.9433	127	0
#SusPed	50.0598	80	0
#SusPed	50.079	33	0
#SusPed	50.0982	0	0
#SusPed	50.2158	14	0
#SusPed	50.235	59	0
#SusPed	50.2564	74	0
#SusPed	50.2756	77	0
#SusPed	50.2938	80	0
#SusPed	50.3354	84	0
#SusPed	50.3717	89	0
#SusPed	50.3899	100	0
#SusPed	50.4113	115	0
#SusPed	50.4316	124	0
#SusPed	50.4508	119	0
#SusPed	50.4679	88	0
#SusPed	50.4903	52	0
#SusPed	50.5096	0	0
#SusPed	50.6463	52	0
#SusPed	50.6655	71	0
#SusPed	50.6858	75	0
#SusPed	50.7061	81	0
#SusPed	50.7264	88	0
#SusPed	50.7457	103	0
#SusPed	50.7638	127	0
#SusPed	50.8621	95	0
#SusPed	50.8835	52	0
#SusPed	50.9017	0	0
#SusPed	51.0202	58	0
#SusPed	51.0405	84	0
#SusPed	51.0598	99	0
#SusPed	51.0801	127	0
#SusPed	51.2564	85	0
#SusPed	51.2756	22	0
#SusPed	51.2938	0	0
#SusPed	51.4091	29	0
#SusPed	51.4294	77	0
#SusPed	51.4497	98	0
#SusPed	51.4658	127	0
#SusPed	51.6463	119	0
#SusPed	51.6666	63	0
#SusPed	51.6848	0	0
#SusPed	51.7638	63	0
#SusPed	51.7831	127	0
#SusPed	52.0587	111	0
#SusPed	52.0801	64	0
#SusPed	52.0993	0	0
#SusPed	52.1805	34	0
#SusPed	52.1976	84	0
#SusPed	52.2168	127	0
#SusPed	52.4316	113	0
#SusPed	52.4508	84	0
#SusPed	52.47	60	0
#SusPed	52.4893	33	0
#SusPed	52.5288	0	0
#SusPed	52.9423	19	0
#SusPed	52.9615	38	0
#SusPed	52.9807	52	0
#SusPed	53.001	62	0
#SusPed	53.0202	68	0
#SusPed	53.0384	71	0
#SusPed	53.0587	74	0
#SusPed	53.0779	78	0
#SusPed	53.0993	82	0
#SusPed	53.1196	86	0
#SusPed	53.1388	91	0
#SusPed	53.1581	96	0
#SusPed	53.1794	104	0
#SusPed	53.1976	112	0
#SusPed	53.2158	120	0
#SusPed	53.2371	125	0
#SusPed	53.5085	99	0
#SusPed	53.5288	65	0
#SusPed	53.5459	0	0
#SusPed	53.6463	44	0
#SusPed	53.6666	67	0
#SusPed	53.6869	85	0
#SusPed	53.704	124	0
#SusPed	54.1698	96	0
#SusPed	54.189	60	0
#SusPed	54.2072	0	0
#SusPed	54.6164	19	0
#SusPed	54.6378	24	0
#SusPed	54.657	12	0
#SusPed	54.6773	0	0
#SusPed	54.7734	26	0
#SusPed	54.7916	55	0
#SusPed	54.813	76	0
#SusPed	54.8343	90	0
#SusPed	54.8525	103	0
#SusPed	54.8728	108	0
#SusPed	54.8931	114	0
#SusPed	54.9123	127	0
#SusPed	55.3824	88	0
#SusPed	55.4049	50	0
#SusPed	55.423	0	0
#SusPed	55.5822	35	0
#SusPed	55.6004	117	0
#SusPed	55.6207	127	0
#SusPed	55.9914	120	0
#SusPed	56.0106	97	0
#SusPed	56.0288	80	0
#SusPed	56.0491	66	0
#SusPed	56.0694	60	0
#SusPed	56.2478	52	0
#SusPed	56.2649	41	0
#SusPed	56.2831	27	0
#SusPed	56.3044	16	0
#SusPed	56.3258	12	0
#SusPed	56.345	0	0
#SusPed	58.5384	53	0
#SusPed	58.5598	100	0
#SusPed	58.579	127	0
#SusPed	58.7959	119	0
#SusPed	58.814	85	0
#SusPed	58.8365	57	0
#SusPed	58.8546	14	0
#SusPed	58.8749	0	0
#SusPed	59.2286	9	0
#SusPed	59.2499	30	0
#SusPed	59.2692	48	0
#SusPed	59.2863	61	0
#SusPed	59.3076	71	0
#SusPed	59.3269	79	0
#SusPed	59.3461	88	0
#SusPed	59.3824	97	0
#SusPed	59.4038	104	0
#SusPed	59.423	112	0
#SusPed	59.4422	121	0
#SusPed	59.4615	127	0
#SusPed	59.7564	102	0
#SusPed	59.7766	73	0
#SusPed	59.7948	39	0
#SusPed	59.814	0	0
#SusPed	59.9145	20	0
#SusPed	59.9284	52	0
#SusPed	59.9476	72	0
#SusPed	59.9658	86	0
#SusPed	59.9861	107	0
#SusPed	60.0053	127	0
#SusPed	60.4946	117	0
#SusPed	60.5149	81	0
#SusPed	60.5331	42	0
#SusPed	60.5534	0	0
#SusPed	60.6346	46	0
#SusPed	60.6527	84	0
#SusPed	60.673	127	0
#SusPed	60.829	96	0
#SusPed	60.8504	76	0
#SusPed	60.8675	60	0
#SusPed	60.8888	54	0
#SusPed	60.9871	46	0
#SusPed	61.0085	29	0
#SusPed	61.0245	0	0
#SusPed	61.1452	46	0
#SusPed	61.1655	66	0
#SusPed	61.1848	71	0
#SusPed	61.2029	76	0
#SusPed	61.2232	81	0
#SusPed	61.2425	89	0
#SusPed	61.2606	102	0
#SusPed	61.2799	127	0
#SusPed	61.7724	92	0
#SusPed	61.7884	46	0
#SusPed	61.8076	0	0
#SusPed	61.8685	29	0
#SusPed	61.8888	83	0
#SusPed	61.9091	127	0
#SusPed	62.2553	112	0
#SusPed	62.2756	89	0
#SusPed	62.2959	68	0
#SusPed	62.3151	48	0
#SusPed	62.3343	33	0
#SusPed	62.3685	21	0
#SusPed	62.4091	16	0
#SusPed	62.4722	12	0
#SusPed	62.5096	0	0
#SusPed	66.0031	17	0
#SusPed	66.0234	51	0
#SusPed	66.0416	71	0
#SusPed	66.063	85	0
#SusPed	66.0822	101	0
#SusPed	66.0929	121	0
#SusPed	66.111	127	0
#SusPed	66.3845	111	0
#SusPed	66.4027	80	0
#SusPed	66.4241	49	0
#SusPed	66.4433	0	0
#SusPed	67.3076	22	0
#SusPed	67.3279	38	0
#SusPed	67.3621	55	0
#SusPed	67.3824	68	0
#SusPed	67.4016	77	0
#SusPed	67.423	89	0
#SusPed	67.4433	107	0
#SusPed	67.4625	127	0
#SusPed	67.6378	120	0
#SusPed	67.657	86	0
#SusPed	67.6784	55	0
#SusPed	67.6987	0	0
#SusPed	67.8749	23	0
#SusPed	68.0117	14	0
#SusPed	68.2873	0	0
#SusPed	68.4615	28	0
#SusPed	68.4818	65	0
#SusPed	68.5021	82	0
#SusPed	68.5202	99	0
#SusPed	68.5405	127	0
#SusPed	68.7168	106	0
#SusPed	68.7392	65	0
#SusPed	68.7574	0	0
#SusPed	68.8536	54	0
#SusPed	68.8717	74	0
#SusPed	68.8942	83	0
#SusPed	68.9123	100	0
#SusPed	68.9337	127	0
#SusPed	69.0907	93	0
#SusPed	69.1121	48	0
#SusPed	69.1313	0	0
#SusPed	69.251	28	0
#SusPed	69.2692	72	0
#SusPed	69.2916	90	0
#SusPed	69.3087	110	0
#SusPed	69.329	127	0
#SusPed	69.5224	116	0
#SusPed	69.5405	70	0
#SusPed	69.5608	0	0
#SusPed	69.6986	34	0
#SusPed	69.7189	69	0
#SusPed	69.7392	87	0
#SusPed	69.7595	127	0
#SusPed	69.8739	95	0
#SusPed	69.8952	49	0
#SusPed	69.9145	0	0
#SusPed	70.033	41	0
#SusPed	70.0533	81	0
#SusPed	70.0726	103	0
#SusPed	70.0918	127	0
#SusPed	70.2692	72	0
#SusPed	70.2884	0	0
#SusPed	70.4219	49	0
#SusPed	70.4433	89	0
#SusPed	70.4625	119	0
#SusPed	70.4818	127	0
#SusPed	70.8546	72	0
#SusPed	70.876	0	0
#SusPed	71.0341	55	0
#SusPed	71.0544	80	0
#SusPed	71.0736	97	0
#SusPed	71.0939	127	0
#SusPed	72.0181	87	0
#SusPed	72.0363	35	0
#SusPed	72.0566	0	0
#SusPed	73.8621	49	0
#SusPed	73.8803	69	0
#SusPed	73.9027	82	0
#SusPed	73.9219	115	0
#SusPed	73.9422	127	0
#SusPed	74.3162	87	0
#SusPed	74.3365	56	0
#SusPed	74.3696	0	0
#SusPed	75.3674	35	0
#SusPed	75.3877	77	0
#SusPed	75.408	119	0
#SusPed	75.4294	127	0
#SusPed	75.7018	94	0
#SusPed	75.7232	66	0
#SusPed	75.7424	25	0
#SusPed	75.7638	0	0
#SusPed	76.7328	21	0
#SusPed	76.7521	59	0
#SusPed	76.7724	71	0
#SusPed	76.7937	80	0
#SusPed	76.813	98	0
#SusPed	76.8311	127	0
#SusPed	77.1078	102	0
#SusPed	77.1281	80	0
#SusPed	77.1484	58	0
#SusPed	77.1677	34	0
#SusPed	77.1869	0	0
#SusPed	83.9144	55	0
#SusPed	83.9358	127	0
#SusPed	83.9935	81	0
#SusPed	84.0127	32	0
#SusPed	84.032	0	0
#SusPed	84.3471	47	0
#SusPed	84.3813	127	0
#SusPed	84.6003	98	0
#SusPed	84.6196	56	0
#SusPed	84.6399	0	0
#SusPed	85.626	83	0
#SusPed	85.6452	127	0
#SusPed	86.0181	81	0
#SusPed	86.0426	35	0
#SusPed	86.0629	0	0
#SusPed	89.6067	33	0
#SusPed	89.6281	61	0
#SusPed	89.6484	80	0
#SusPed	89.6666	101	0
#SusPed	89.6869	127	0
#SusPed	89.9625	80	0
#SusPed	89.9839	0	0
#SusPed	90.7446	30	0
#SusPed	90.7649	59	0
#SusPed	90.7852	70	0
#SusPed	90.8065	72	0
#SusPed	90.8664	64	0
#SusPed	90.8845	53	0
#SusPed	90.9059	38	0
#SusPed	90.9251	15	0
#SusPed	90.9444	0	0
#SusPed	96.4679	67	0
#SusPed	96.4892	112	0
#SusPed	96.5085	127	0
#SusPed	96.8429	114	0
#SusPed	96.861	69	0
#SusPed	96.8835	0	0
#SusPed	97.9219	47	0
#SusPed	97.9411	90	0
#SusPed	97.9614	127	0
#SusPed	98.2371	114	0
#SusPed	98.2574	78	0
#SusPed	98.2755	42	0
#SusPed	98.2958	0	0
#SusPed	99.3845	8	0
#SusPed	99.4048	52	0
#SusPed	99.4251	75	0
#SusPed	99.4422	90	0
#SusPed	99.4614	121	0
#SusPed	99.4817	127	0
#SusPed	99.7211	99	0
#SusPed	99.7392	68	0
#SusPed	99.7595	23	0
#SusPed	99.7777	0	0
#SusPed	100.938	20	0
#SusPed	100.954	51	0
#SusPed	100.972	72	0
#SusPed	100.995	87	0
#SusPed	101.015	111	0
#SusPed	101.033	127	0
#SusPed	101.209	123	0
#SusPed	101.229	94	0
#SusPed	101.25	70	0
#SusPed	101.268	41	0
#SusPed	101.287	0	0
#SusPed	101.424	13	0
#SusPed	101.443	54	0
#SusPed	101.461	74	0
#SusPed	101.481	87	0
#SusPed	101.502	106	0
#SusPed	101.521	127	0
#SusPed	101.62	111	0
#SusPed	101.64	88	0
#SusPed	101.659	65	0
#SusPed	101.679	41	0
#SusPed	101.698	17	0
#SusPed	101.719	0	0
#SusPed	102.579	46	0
#SusPed	102.599	69	0
#SusPed	102.617	78	0
#SusPed	102.64	94	0
#SusPed	102.659	120	0
#SusPed	102.679	127	0
#SusPed	102.895	116	0
#SusPed	102.917	81	0
#SusPed	102.937	45	0
#SusPed	102.956	0	0
#SusPed	104.167	17	0
#SusPed	104.187	41	0
#SusPed	104.207	60	0
#SusPed	104.227	70	0
#SusPed	104.248	77	0
#SusPed	104.265	86	0
#SusPed	104.285	96	0
#SusPed	104.304	106	0
#SusPed	104.326	117	0
#SusPed	104.359	127	0
#SusPed	104.519	103	0
#SusPed	104.537	78	0
#SusPed	104.555	49	0
#SusPed	104.578	0	0
#SusPed	104.695	35	0
#SusPed	104.715	59	0
#SusPed	104.735	71	0
#SusPed	104.755	79	0
#SusPed	104.773	90	0
#SusPed	104.794	104	0
#SusPed	104.812	127	0
#SusPed	104.972	92	0
#SusPed	104.993	62	0
#SusPed	105.013	0	0
#SusPed	105.089	26	0
#SusPed	105.107	58	0
#SusPed	105.125	79	0
#SusPed	105.146	101	0
#SusPed	105.168	127	0
#SusPed	105.378	94	0
#SusPed	105.398	61	0
#SusPed	105.418	0	0
#SusPed	105.498	20	0
#SusPed	105.518	58	0
#SusPed	105.536	81	0
#SusPed	105.557	111	0
#SusPed	105.576	127	0
#SusPed	105.795	85	0
#SusPed	105.814	49	0
#SusPed	105.833	0	0
#SusPed	105.933	46	0
#SusPed	105.952	81	0
#SusPed	105.973	122	0
#SusPed	105.992	127	0
#SusPed	106.208	99	0
#SusPed	106.229	58	0
#SusPed	106.248	0	0
#SusPed	106.305	18	0
#SusPed	106.326	65	0
#SusPed	106.359	100	0
#SusPed	106.38	127	0
#SusPed	106.615	110	0
#SusPed	106.636	68	0
#SusPed	106.655	0	0
#SusPed	106.734	30	0
#SusPed	106.754	74	0
#SusPed	106.774	120	0
#SusPed	106.795	127	0
#SusPed	107.03	105	0
#SusPed	107.05	62	0
#SusPed	107.069	0	0
#SusPed	107.128	42	0
#SusPed	107.147	82	0
#SusPed	107.168	127	0
#SusPed	107.44	95	0
#SusPed	107.459	52	0
#SusPed	107.479	0	0
#SusPed	107.519	32	0
#SusPed	107.535	76	0
#SusPed	107.557	127	0
#SusPed	107.833	94	0
#SusPed	107.854	51	0
#SusPed	107.871	0	0
#SusPed	107.911	30	0
#SusPed	107.932	78	0
#SusPed	107.951	127	0
#SusPed	108.284	88	0
#SusPed	108.305	48	0
#SusPed	108.325	0	0
#SusPed	108.458	19	0
#SusPed	108.48	49	0
#SusPed	108.498	62	0
#SusPed	108.518	70	0
#SusPed	108.537	80	0
#SusPed	108.558	98	0
#SusPed	108.576	127	0
#SusPed	109.107	73	0
#SusPed	109.127	0	0
#SusPed	109.188	50	0
#SusPed	109.208	94	0
#SusPed	109.227	127	0
#SusPed	109.558	70	0
#SusPed	109.578	0	0
#SusPed	109.615	33	0
#SusPed	109.637	84	0
#SusPed	109.654	127	0
#SusPed	109.971	81	0
#SusPed	109.992	27	0
#SusPed	110.012	0	0
#SusPed	110.03	36	0
#SusPed	110.052	89	0
#SusPed	110.07	127	0
#SusPed	110.421	70	0
#SusPed	110.44	0	0
#SusPed	110.482	48	0
#SusPed	110.501	113	0
#SusPed	110.52	127	0
#SusPed	110.873	91	0
#SusPed	110.893	0	0
#SusPed	110.971	80	0
#SusPed	110.991	127	0
#SusPed	111.346	87	0
#SusPed	111.381	36	0
#SusPed	111.401	0	0
#SusPed	111.519	84	0
#SusPed	111.538	127	0
#SusPed	111.835	112	0
#SusPed	111.856	98	0
#SusPed	111.873	86	0
#SusPed	111.894	70	0
#SusPed	111.913	49	0
#SusPed	111.935	35	0
#SusPed	111.974	30	0
#SusPed	111.993	17	0
#SusPed	112.014	0	0
#SusPed	112.17	20	0
#SusPed	112.19	79	0
#SusPed	112.21	127	0
#SusPed	112.874	103	0
#SusPed	112.893	53	0
#SusPed	112.912	0	0
#SusPed	112.953	25	0
#SusPed	112.973	75	0
#SusPed	112.993	127	0
#SusPed	113.343	106	0
#SusPed	113.378	62	0
#SusPed	113.398	22	0
#SusPed	113.419	43	0
#SusPed	113.438	89	0
#SusPed	113.457	127	0
#SusPed	113.694	80	0
#SusPed	113.714	39	0
#SusPed	113.733	0	0
#SusPed	113.753	35	0
#SusPed	113.773	82	0
#SusPed	113.792	127	0
#SusPed	114.047	99	0
#SusPed	114.068	51	0
#SusPed	114.087	0	0
#SusPed	114.127	48	0
#SusPed	114.148	95	0
#SusPed	114.167	127	0
#SusPed	114.401	101	0
#SusPed	114.419	57	0
#SusPed	114.439	0	0
#SusPed	114.477	15	0
#SusPed	114.498	66	0
#SusPed	114.519	113	0
#SusPed	114.537	127	0
#SusPed	114.753	83	0
#SusPed	114.773	34	0
#SusPed	114.792	0	0
#SusPed	114.812	16	0
#SusPed	114.832	66	0
#SusPed	114.852	122	0
#SusPed	114.87	127	0
#SusPed	115.106	73	0
#SusPed	115.127	0	0
#SusPed	115.167	19	0
#SusPed	115.186	73	0
#SusPed	115.205	127	0
#SusPed	115.497	108	0
#SusPed	115.516	59	0
#SusPed	115.536	0	0
#SusPed	115.594	61	0
#SusPed	115.613	116	0
#SusPed	115.634	127	0
#SusPed	115.852	101	0
#SusPed	115.87	54	0
#SusPed	115.891	0	0
#SusPed	115.948	62	0
#SusPed	115.969	114	0
#SusPed	115.987	127	0
#SusPed	116.225	110	0
#SusPed	116.246	60	0
#SusPed	116.266	0	0
#SusPed	116.323	64	0
#SusPed	116.343	125	0
#SusPed	116.616	79	0
#SusPed	116.636	21	0
#SusPed	116.654	0	0
#SusPed	116.696	56	0
#SusPed	116.714	108	0
#SusPed	116.733	127	0
#SusPed	116.952	120	0
#SusPed	116.971	66	0
#SusPed	116.991	0	0
#SusPed	117.029	12	0
#SusPed	117.049	63	0
#SusPed	117.068	114	0
#SusPed	117.089	127	0
#SusPed	117.307	78	0
#SusPed	117.324	0	0
#SusPed	117.392	55	0
#SusPed	117.41	106	0
#SusPed	117.432	127	0
#SusPed	117.649	85	0
#SusPed	117.67	22	0
#SusPed	117.69	0	0
#SusPed	117.706	14	0
#SusPed	117.726	69	0
#SusPed	117.747	127	0
#SusPed	117.984	100	0
#SusPed	118.005	47	0
#SusPed	118.024	0	0
#SusPed	118.045	16	0
#SusPed	118.065	73	0
#SusPed	118.084	127	0
#SusPed	118.434	102	0
#SusPed	118.455	44	0
#SusPed	118.472	0	0
#SusPed	118.532	49	0
#SusPed	118.552	107	0
#SusPed	118.571	127	0
#SusPed	118.809	104	0
#SusPed	118.827	61	0
#SusPed	118.847	0	0
#SusPed	119.205	19	0
#SusPed	119.223	40	0
#SusPed	119.245	53	0
#SusPed	119.267	60	0
#SusPed	119.284	62	0
#SusPed	119.397	63	0
#SusPed	119.415	64	0
#SusPed	119.456	62	0
#SusPed	119.476	59	0
#SusPed	119.497	52	0
#SusPed	119.516	37	0
#SusPed	119.534	0	0
#SusPed	119.613	22	0
#SusPed	119.631	49	0
#SusPed	119.654	65	0
#SusPed	119.673	71	0
#SusPed	119.693	75	0
#SusPed	119.71	78	0
#SusPed	119.731	83	0
#SusPed	119.751	91	0
#SusPed	119.771	104	0
#SusPed	119.79	122	0
#SusPed	119.811	127	0
#SusPed	119.868	106	0
#SusPed	119.889	74	0
#SusPed	119.908	34	0
#SusPed	119.928	0	0
#SusPed	120.027	20	0
#SusPed	120.047	47	0
#SusPed	120.065	60	0
#SusPed	120.086	67	0
#SusPed	120.107	73	0
#SusPed	120.124	82	0
#SusPed	120.143	99	0
#SusPed	120.163	127	0
#SusPed	120.242	94	0
#SusPed	120.263	58	0
#SusPed	120.282	0	0
#SusPed	120.415	30	0
#SusPed	120.436	50	0
#SusPed	120.454	60	0
#SusPed	120.473	71	0
#SusPed	120.495	88	0
#SusPed	120.516	127	0
#SusPed	120.613	106	0
#SusPed	120.632	67	0
#SusPed	120.652	0	0
#SusPed	120.749	31	0
#SusPed	120.769	57	0
#SusPed	120.789	72	0
#SusPed	120.81	88	0
#SusPed	120.829	127	0
#SusPed	120.965	92	0
#SusPed	120.985	53	0
#SusPed	121.004	0	0
#SusPed	121.085	44	0
#SusPed	121.106	77	0
#SusPed	121.125	112	0
#SusPed	121.145	127	0
#SusPed	121.282	74	0
#SusPed	121.302	0	0
#SusPed	121.344	20	0
#SusPed	121.377	72	0
#SusPed	121.397	127	0
#SusPed	121.574	102	0
#SusPed	121.596	53	0
#SusPed	121.614	0	0
#SusPed	121.652	62	0
#SusPed	121.673	123	0
#SusPed	121.693	127	0
#SusPed	121.949	94	0
#SusPed	121.969	45	0
#SusPed	121.989	17	0
#SusPed	122.008	55	0
#SusPed	122.03	107	0
#SusPed	122.048	127	0
#SusPed	122.345	79	0
#SusPed	122.379	24	0
#SusPed	122.398	0	0
#SusPed	122.419	45	0
#SusPed	122.439	101	0
#SusPed	122.459	127	0
#SusPed	122.735	80	0
#SusPed	122.754	22	0
#SusPed	122.772	0	0
#SusPed	122.794	17	0
#SusPed	122.814	66	0
#SusPed	122.834	112	0
#SusPed	122.854	127	0
#SusPed	123.071	101	0
#SusPed	123.091	55	0
#SusPed	123.11	0	0
#SusPed	123.147	50	0
#SusPed	123.17	95	0
#SusPed	123.188	127	0
#SusPed	123.675	99	0
#SusPed	123.696	52	0
#SusPed	123.714	0	0
#SusPed	123.752	33	0
#SusPed	123.772	88	0
#SusPed	123.794	127	0
#SusPed	124.306	76	0
#SusPed	124.326	0	0
#SusPed	124.418	69	0
#SusPed	124.439	127	0
#SusPed	127.222	82	0
#SusPed	127.24	0	0
#SusPed	127.342	48	0
#SusPed	127.376	84	0
#SusPed	127.396	98	0
#SusPed	127.417	127	0
#SusPed	131.362	114	0
#SusPed	131.397	65	0
#SusPed	131.417	0	0
