//Version: PianoRoll_v170101
0	2.04914	2.09936	Bb3	62	80	0
1	2.12713	2.15812	F4	53	80	0
2	2.17949	2.24359	D5	62	80	0
3	2.27991	2.31837	F4	40	80	0
4	2.34936	2.40278	A3	72	80	0
5	2.44231	2.47756	F4	52	80	0
6	2.49572	2.55983	C5	63	80	0
7	2.57906	2.60684	F4	61	80	0
8	2.65384	2.69765	Bb3	74	80	0
9	2.72649	2.77671	F4	62	80	0
10	2.81196	2.86325	D5	59	80	0
11	2.89209	2.92094	F4	65	80	0
12	2.97329	3.0235	F3	75	80	0
13	3.0641	3.10363	A4	67	80	0
14	3.13248	3.19337	F5	63	80	0
15	3.18483	3.21901	A4	67	80	0
16	3.28953	3.36752	G3	74	80	0
17	3.36859	3.40598	D4	71	80	0
18	3.4423	3.50534	Bb4	65	80	0
19	3.51709	3.54807	D4	62	80	0
20	3.61431	3.67094	F3	59	80	0
21	3.6891	3.73397	D4	53	80	0
22	3.78953	3.82692	A4	39	80	0
23	3.84081	3.87713	D4	69	80	0
24	3.93269	3.98183	G3	71	80	0
25	4.0032	4.04487	D4	66	80	0
26	4.07371	4.11431	Bb4	61	80	0
27	4.125	4.16132	D4	69	80	0
28	4.23183	4.28205	D3	71	80	0
29	4.30341	4.34935	F4	69	80	0
30	4.37606	4.4391	D5	74	80	0
31	4.43055	4.4594	F4	61	80	0
32	4.55448	4.61111	Eb3	67	80	0
33	4.62179	4.67841	Bb3	72	80	0
34	4.70619	4.78632	G4	60	80	0
35	4.77243	4.80448	Bb3	58	80	0
36	4.86645	4.91773	D3	71	80	0
37	4.93482	4.99252	Bb3	62	80	0
38	5.02029	5.08974	F4	57	80	0
39	5.08333	5.14529	Bb3	58	80	0
40	5.16452	5.20726	Eb3	68	80	0
41	5.26495	5.30662	Bb3	64	80	0
42	5.32585	5.39529	G4	60	80	0
43	5.3985	5.43482	Bb3	70	80	0
44	5.4797	5.54807	Bb2	78	80	0
45	5.57905	5.61858	D4	66	80	0
46	5.64102	5.73611	Bb4	66	80	0
47	5.71153	5.75961	D4	66	80	0
48	5.8141	5.90705	C3	78	80	0
49	5.8985	5.94658	D4	65	80	0
50	5.96153	6.04487	Eb4	63	80	0
51	6.03952	6.08012	D4	72	80	0
52	6.13461	6.22328	Bb2	72	80	0
53	6.21474	6.26602	D4	67	80	0
54	6.28846	6.38247	G4	71	80	0
55	6.36538	6.40277	D4	67	80	0
56	6.44337	6.51388	A2	70	80	0
57	6.55555	6.60042	C4	69	80	0
58	6.61751	6.66987	F4	64	80	0
59	6.672	6.71153	C4	66	80	0
60	6.75747	6.80875	F2	68	80	0
61	6.86645	6.90384	A3	67	80	0
62	6.92841	6.97008	Eb4	63	80	0
63	6.99786	7.03845	A3	69	80	0
64	7.10256	7.23183	Bb3	87	80	0
65	7.19551	7.27029	D4	70	80	0
66	7.27777	7.37606	F4	66	80	0
67	7.33012	7.39102	D4	62	80	0
68	7.43162	7.51922	F3	76	80	0
69	7.52563	7.57157	Bb3	63	80	0
70	7.58974	7.67948	D4	64	80	0
71	7.66345	7.70298	Bb3	72	80	0
72	7.76602	7.81516	D3	66	80	0
73	7.85149	7.89315	F3	68	80	0
74	7.922	7.98503	Bb3	57	80	0
75	7.98503	8.01495	F3	57	80	0
76	8.0705	8.12499	Bb2	59	80	0
77	8.16773	8.20939	D3	50	80	0
78	8.20939	8.28097	F3	47	80	0
79	8.30448	8.33867	D3	55	80	0
80	8.422	8.49572	G2	53	80	0
81	8.5235	8.62713	D3	36	80	0
82	8.59401	8.6955	E3	44	80	0
83	8.67414	8.71687	F#3	57	80	0
84	8.70939	8.80234	G3	57	80	0
85	8.78204	8.88354	A3	60	80	0
86	8.83973	8.88888	Bb3	59	80	0
87	8.90384	9.00961	C4	64	80	0
88	8.97756	9.03311	Bb3	77	80	0
89	9.08332	9.18696	G3	62	80	0
90	9.16559	9.24999	A3	52	80	0
91	9.20191	9.30875	Bb3	69	80	0
92	9.27884	9.32371	C4	76	80	0
93	9.3376	9.48717	D4	69	80	0
94	9.41025	9.51067	E4	69	80	0
95	9.4829	9.547	F4	77	80	0
96	9.61217	9.79486	C4	88	80	0
97	9.72542	9.81089	E4	78	80	0
98	9.81516	9.91025	G4	76	80	0
99	9.88354	9.93055	E4	70	80	0
100	9.96153	10.0523	G3	74	80	0
101	10.063	10.1079	C4	73	80	0
102	10.1239	10.204	E4	65	80	0
103	10.1955	10.2276	C4	57	80	0
104	10.2756	10.3365	E3	69	80	0
105	10.3622	10.4038	G3	64	80	0
106	10.4177	10.4946	C4	56	80	0
107	10.5021	10.5331	G3	58	80	0
108	10.5662	10.6111	C3	71	80	0
109	10.6944	10.8355	E3	26	80	0
110	10.7308	10.8194	G3	46	80	0
111	10.8365	10.8654	E3	23	80	0
112	10.9199	11.0481	A2	61	80	0
113	11.0235	11.1335	E3	48	80	0
114	11.1079	11.187	F3	55	80	0
115	11.1827	11.2233	G3	60	80	0
116	11.2222	11.3237	A3	57	80	0
117	11.2852	11.4017	B3	64	80	0
118	11.3515	11.4028	C4	56	80	0
119	11.406	11.5235	D4	69	80	0
120	11.4968	11.5545	C4	81	80	0
121	11.5887	11.7137	A3	66	80	0
122	11.6827	11.7959	B3	62	80	0
123	11.7201	11.8226	C4	71	80	0
124	11.8098	11.8558	D4	75	80	0
125	11.8632	12.0299	E4	73	80	0
126	11.9455	12.0534	F4	71	80	0
127	12.0224	12.0801	G4	80	80	0
128	12.1442	12.3248	D4	90	80	0
129	12.2564	12.329	F4	74	80	0
130	12.328	12.4167	A4	74	80	0
131	12.3921	12.4273	F4	66	80	0
132	12.4743	12.6047	A3	84	80	0
133	12.5684	12.6207	D4	71	80	0
134	12.5897	12.5897	F#3	23	80	0
135	12.6293	12.7115	F4	65	80	0
136	12.7019	12.7414	D4	66	80	0
137	12.8023	12.8985	F3	74	80	0
138	12.891	12.9295	A3	68	80	0
139	12.9594	13.0192	D4	53	80	0
140	13.016	13.0545	A3	69	80	0
141	13.0929	13.1314	D3	72	80	0
142	13.1827	13.2265	F3	68	80	0
143	13.2575	13.3194	A3	52	80	0
144	13.3194	13.3483	F3	65	80	0
145	13.3985	13.4786	Bb2	72	80	0
146	13.4914	13.5545	F3	62	80	0
147	13.5758	13.6346	D4	63	80	0
148	13.657	13.6912	F3	59	80	0
149	13.7201	13.7842	G2	65	80	0
150	13.8269	13.8718	F3	64	80	0
151	13.8985	13.9615	Bb3	66	80	0
152	13.9765	14.0203	F3	63	80	0
153	14.0609	14.1068	A2	56	80	0
154	14.1282	14.1688	F3	61	80	0
155	14.1902	14.2446	C4	64	80	0
156	14.2746	14.3087	F3	65	80	0
157	14.3632	14.406	F2	61	80	0
158	14.4273	14.4872	F3	63	80	0
159	14.5224	14.578	Eb4	60	80	0
160	14.5769	14.6122	F3	54	80	0
161	14.6731	14.734	Bb2	69	80	0
162	14.7489	14.8162	F3	63	80	0
163	14.8408	14.8899	D4	56	80	0
164	14.8867	14.9337	F3	43	80	0
165	15.0128	15.063	G2	62	80	0
166	15.0587	15.1271	F3	61	80	0
167	15.156	15.2094	Bb3	56	80	0
168	15.2489	15.2863	F3	51	80	0
169	15.3301	15.3771	A2	69	80	0
170	15.3974	15.4519	F3	62	80	0
171	15.4669	15.5246	C4	58	80	0
172	15.5684	15.6068	F3	44	80	0
173	15.6303	15.687	F2	65	80	0
174	15.7137	15.7842	F3	61	80	0
175	15.8045	15.8782	Eb4	58	80	0
176	15.8782	15.9092	F3	51	80	0
177	15.9818	16.0523	Bb2	68	80	0
178	16.0449	16.2393	F3	52	80	0
179	16.1282	16.1784	D4	54	80	0
180	16.3087	16.375	B2	52	80	0
181	16.4006	16.4508	G3	53	80	0
182	16.4829	16.5192	F4	33	80	0
183	16.532	16.5684	G3	36	80	0
184	16.6421	16.7211	C3	50	80	0
185	16.6944	16.7596	G3	58	80	0
186	16.7949	16.8547	E4	52	80	0
187	16.8696	16.9006	G3	55	80	0
188	16.9765	17.0491	C#3	67	80	0
189	17.0566	17.1068	A3	65	80	0
190	17.141	17.2062	G4	63	80	0
191	17.2158	17.2468	A3	55	80	0
192	17.3034	17.3921	D3	71	80	0
193	17.3611	17.4273	A3	64	80	0
194	17.4434	17.5342	F4	62	80	0
195	17.5267	17.5577	A3	58	80	0
196	17.6357	17.7842	D2	66	80	0
197	17.7211	17.782	Bb3	68	80	0
198	17.8258	17.891	A4	64	80	0
199	17.8931	17.9305	Bb3	47	80	0
200	17.9818	18.1261	E2	74	80	0
201	18.047	18.1111	Bb3	63	80	0
202	18.125	18.2062	G4	69	80	0
203	18.1741	18.2201	Bb3	57	80	0
204	18.313	18.4914	E3	79	80	0
205	18.3931	18.4679	C4	68	80	0
206	18.469	18.5705	Bb4	79	80	0
207	18.5555	18.5972	C4	65	80	0
208	18.6474	18.8461	F3	87	80	0
209	18.7329	18.8119	C4	78	80	0
210	18.8152	18.906	A4	70	80	0
211	18.8963	18.9348	C4	70	80	0
212	18.9978	19.1923	F2	86	80	0
213	19.0908	19.1421	D4	75	80	0
214	19.172	19.2436	C5	75	80	0
215	19.2457	19.2799	D4	71	80	0
216	19.344	19.5043	G2	89	80	0
217	19.4188	19.4786	D4	70	80	0
218	19.5075	19.5652	Bb4	76	80	0
219	19.5737	19.6079	D4	71	80	0
220	19.6709	19.7585	G3	90	80	0
221	19.766	19.8269	E4	76	80	0
222	19.8557	19.9455	D5	75	80	0
223	19.9252	19.9583	E4	73	80	0
224	20.0598	20.2062	A3	68	80	0
225	20.1784	20.2596	C4	55	80	0
226	20.25	20.3162	D4	50	80	0
227	20.2788	20.3461	E4	64	80	0
228	20.3493	20.4134	F4	69	80	0
229	20.4316	20.5256	G4	73	80	0
230	20.5043	20.6314	A4	72	80	0
231	20.5716	20.6538	Bb4	73	80	0
232	20.6357	20.7938	C5	81	80	0
233	20.7211	20.8461	Bb4	71	80	0
234	20.8055	20.8953	A4	70	80	0
235	20.8825	20.9316	G4	75	80	0
236	20.9583	21.0331	F4	67	80	0
237	21.0128	21.1068	Eb4	65	80	0
238	21.0929	21.1912	D4	56	80	0
239	21.1656	21.2019	C4	60	80	0
240	21.2286	21.3579	D4	62	80	0
241	21.328	21.4113	Bb3	70	80	0
242	21.3974	21.454	B3	38	80	0
243	21.3985	21.4754	A3	70	80	0
244	21.4765	21.5256	G3	76	80	0
245	21.5566	21.6528	F3	64	80	0
246	21.6164	21.7275	Eb3	66	80	0
247	21.6848	21.8194	D3	60	80	0
248	21.7681	21.8151	C3	69	80	0
249	21.8525	21.9786	Bb2	75	80	0
250	21.9401	22.0107	C3	55	80	0
251	21.9968	22.1196	D3	67	80	0
252	22.0801	22.1923	C3	50	80	0
253	22.1335	22.2275	Bb2	73	80	0
254	22.2254	22.2671	A2	74	80	0
255	22.2393	22.3354	G2	69	80	0
256	22.328	22.4733	F2	71	80	0
257	22.4337	22.6015	E2	78	80	0
258	22.5822	22.6207	C4	74	80	0
259	22.6463	22.6966	Bb4	68	80	0
260	22.7179	22.7596	C4	70	80	0
261	22.8023	22.9166	F2	80	80	0
262	22.8889	22.9391	C4	68	80	0
263	22.9615	23.0342	A4	65	80	0
264	23.0085	23.0481	C4	65	80	0
265	23.1293	23.3109	D2	71	80	0
266	23.1998	23.2575	Bb3	70	80	0
267	23.2874	23.3728	A4	70	80	0
268	23.3515	23.3963	Bb3	67	80	0
269	23.4626	23.625	E2	74	80	0
270	23.5352	23.594	Bb3	67	80	0
271	23.6154	23.7008	G4	69	80	0
272	23.6966	23.7372	Bb3	67	80	0
273	23.8034	23.9765	F2	78	80	0
274	23.9092	23.9658	A3	69	80	0
275	23.9861	24.0748	G4	69	80	0
276	24.0662	24.1015	A3	62	80	0
277	24.1431	24.3034	A2	76	80	0
278	24.2318	24.2788	A3	62	80	0
279	24.3034	24.3632	F4	61	80	0
280	24.3696	24.407	A3	71	80	0
281	24.4679	24.6079	Bb2	72	80	0
282	24.5513	24.5961	G3	68	80	0
283	24.6314	24.6901	F4	59	80	0
284	24.704	24.7339	G3	62	80	0
285	24.8162	24.9006	C3	65	80	0
286	24.8782	24.9359	G3	57	80	0
287	24.9647	25.0181	E4	51	80	0
288	25.0523	25.1057	G3	65	80	0
289	25.1292	25.3258	F2	44	80	0
290	25.188	25.2617	A3	56	80	0
291	25.2532	25.3162	C4	58	80	0
292	25.3429	25.4145	F4	61	80	0
293	25.422	25.4968	C4	59	80	0
294	25.5192	25.5716	A3	66	80	0
295	25.5961	25.6923	F4	64	80	0
296	25.6613	25.7393	C4	62	80	0
297	25.751	25.7991	A3	68	80	0
298	25.8419	25.9327	F3	65	80	0
299	25.9359	25.9904	A3	57	80	0
300	26.0096	26.0983	C4	63	80	0
301	26.0897	26.1613	A3	61	80	0
302	26.1698	26.2564	F3	66	80	0
303	26.2553	26.3183	C4	61	80	0
304	26.3205	26.3995	A3	65	80	0
305	26.407	26.4487	F3	69	80	0
306	26.4818	26.5491	C3	66	80	0
307	26.5555	26.6773	F3	70	80	0
308	26.6453	26.7639	E3	65	80	0
309	26.7275	26.8151	D3	72	80	0
310	26.8312	26.9113	C3	69	80	0
311	26.9124	27.0288	Bb2	72	80	0
312	27.0032	27.0822	A2	61	80	0
313	27.0822	27.156	G2	76	80	0
314	27.1741	27.3878	F2	67	80	0
315	27.2788	27.4615	A2	57	80	0
316	27.3451	27.4775	C3	66	80	0
317	27.4369	27.4818	F3	72	80	0
318	27.5128	27.6485	A3	77	80	0
319	27.5961	27.8034	C4	76	80	0
320	27.7083	27.8707	Eb4	80	80	0
321	27.8055	27.9487	F#4	84	80	0
322	27.9316	28.4017	D2	87	80	0
323	28.9701	29.4818	D5	77	80	0
324	28.9701	29.4893	F5	82	80	0
325	28.9711	29.5245	G#4	80	80	0
326	28.9722	29.4925	Bb4	78	80	0
327	28.9754	29.531	Bb3	68	80	0
328	28.9754	29.5235	D4	77	80	0
329	28.9786	29.5139	D3	66	80	0
330	28.9829	29.5171	F3	61	80	0
331	29.7681	29.9658	Bb4	86	80	0
332	29.7724	29.9327	F5	86	80	0
333	29.7724	29.9273	D5	81	80	0
334	29.7735	29.9487	G#4	91	80	0
335	29.7788	29.8472	Bb3	78	80	0
336	29.7799	29.8301	D4	78	80	0
337	29.782	29.8643	D3	74	80	0
338	29.7927	29.8376	F3	68	80	0
339	30.078	31.6901	F5	86	80	0
340	30.079	30.969	G4	87	80	0
341	30.0854	31.0181	D5	82	80	0
342	30.0865	30.9978	B4	80	80	0
343	30.0886	31.3889	G3	81	80	0
344	30.0951	31.391	D3	68	80	0
345	30.0972	31.3953	B2	71	80	0
346	31.6549	32.126	G5	87	80	0
347	32.078	32.4498	G#5	86	80	0
348	32.3995	32.6346	G5	85	80	0
349	32.6335	32.8846	F5	82	80	0
350	32.829	32.9968	Eb5	81	80	0
351	32.9904	33.1613	D5	83	80	0
352	33.1346	33.3034	Eb5	80	80	0
353	33.3077	33.4604	F5	74	80	0
354	33.4476	33.5715	Eb5	73	80	0
355	33.5545	33.6228	D5	72	80	0
356	33.6463	33.7179	C5	71	80	0
357	33.7286	33.8611	B4	73	80	0
358	33.8269	33.8953	C5	69	80	0
359	33.8963	34.0235	D5	70	80	0
360	33.9861	34.078	C5	73	80	0
361	34.048	34.125	B4	73	80	0
362	34.1442	34.2286	A4	70	80	0
363	34.2147	34.3312	G4	72	80	0
364	34.2874	34.3739	A4	60	80	0
365	34.3675	34.4978	B4	72	80	0
366	34.4487	34.5459	A4	64	80	0
367	34.5213	34.594	G4	74	80	0
368	34.6175	34.6805	F4	72	80	0
369	34.6816	34.8034	Eb4	74	80	0
370	34.7724	34.8397	D4	67	80	0
371	34.86	34.9327	C4	70	80	0
372	34.9273	35.0715	Bb3	74	80	0
373	35.0128	35.1218	G#3	75	80	0
374	35.0844	35.1453	G3	75	80	0
375	35.1666	35.2393	F3	73	80	0
376	35.2414	35.3483	Eb3	76	80	0
377	35.3183	35.3953	D3	77	80	0
378	35.4049	35.5181	C3	76	80	0
379	35.4839	35.6367	B2	73	80	0
380	35.5694	35.6837	A2	74	80	0
381	35.6559	35.7414	G2	76	80	0
382	35.75	35.8728	F2	73	80	0
383	35.845	35.9626	Eb2	74	80	0
384	35.9465	36.0897	D2	73	80	0
385	36.0641	36.6463	C2	69	80	0
386	37.1784	37.6741	Eb5	75	80	0
387	37.1795	37.6677	C4	51	80	0
388	37.1805	37.6656	C5	64	80	0
389	37.1827	37.6613	C3	51	80	0
390	37.1848	37.6624	Eb3	45	80	0
391	37.1869	37.6805	G4	62	80	0
392	37.1901	37.6624	G3	43	80	0
393	38.0363	38.1314	C4	63	80	0
394	38.0384	38.1079	Eb3	60	80	0
395	38.0416	38.1762	Eb5	80	80	0
396	38.0427	38.1581	Bb4	71	80	0
397	38.0438	38.1218	C3	56	80	0
398	38.0448	38.0993	G3	51	80	0
399	38.047	38.1602	C5	71	80	0
400	38.048	38.157	G4	67	80	0
401	38.3632	39.6912	Eb5	71	80	0
402	38.3643	39.7275	A4	57	80	0
403	38.3707	39.7831	C4	48	80	0
404	38.376	39.7233	C5	58	80	0
405	38.3792	39.7126	F4	53	80	0
406	38.3846	39.7809	A3	45	80	0
407	38.3867	40.3215	F3	51	80	0
408	40.2019	40.5448	C3	57	80	0
409	40.5021	40.7104	D3	60	80	0
410	40.6944	40.8632	Eb3	69	80	0
411	40.875	41.0235	F3	71	80	0
412	41.0181	41.1965	G3	69	80	0
413	41.1367	41.2414	A3	68	80	0
414	41.2468	41.4027	Bb3	69	80	0
415	41.376	41.5235	A3	66	80	0
416	41.4989	41.5673	G3	61	80	0
417	41.5972	41.6976	F3	66	80	0
418	41.6762	41.8098	G3	62	80	0
419	41.75	41.8408	A3	61	80	0
420	41.8205	41.8664	Bb3	64	80	0
421	41.9006	41.9829	C4	73	80	0
422	41.9797	42.0619	D4	73	80	0
423	42.0737	42.1485	C4	74	80	0
424	42.1485	42.2446	Bb3	73	80	0
425	42.2414	42.3621	A3	67	80	0
426	42.3322	42.3995	Bb3	69	80	0
427	42.4134	42.5181	C4	74	80	0
428	42.4957	42.6292	D4	78	80	0
429	42.5673	42.6581	Eb4	74	80	0
430	42.6581	42.7799	F4	71	80	0
431	42.7425	42.8547	Eb4	71	80	0
432	42.8215	42.8985	D4	70	80	0
433	42.9091	42.9925	C4	72	80	0
434	42.969	43.0715	D4	60	80	0
435	43.0438	43.0854	Eb4	73	80	0
436	43.1346	43.2329	F4	78	80	0
437	43.2254	43.3685	G4	79	80	0
438	43.3119	43.3963	A4	70	80	0
439	43.3547	43.4198	Bb4	79	80	0
440	43.4594	43.5619	C5	81	80	0
441	43.5416	43.6709	D5	80	80	0
442	43.6324	43.7019	Eb5	81	80	0
443	43.72	43.8589	F5	83	80	0
444	43.8258	44.0053	G5	81	80	0
445	43.9252	44.0384	A5	81	80	0
446	44.0277	44.2104	F5	82	80	0
447	44.172	44.6453	Bb5	89	80	0
448	45.266	45.7777	Bb3	67	80	0
449	45.2692	45.7574	Bb2	57	80	0
450	45.2692	45.8557	Bb4	76	80	0
451	45.2713	45.8685	G#4	74	80	0
452	45.2713	45.8354	D5	80	80	0
453	45.2724	45.8632	F4	74	80	0
454	45.2745	45.7606	D3	54	80	0
455	45.2745	45.7638	F3	58	80	0
456	46.048	46.1217	Bb2	66	80	0
457	46.048	46.1303	Bb3	74	80	0
458	46.0544	46.0982	F3	67	80	0
459	46.0566	46.1004	D3	62	80	0
460	46.0566	46.1581	G#4	81	80	0
461	46.0576	46.1388	F4	82	80	0
462	46.0598	46.1859	D5	83	80	0
463	46.063	46.1634	Bb4	79	80	0
464	46.2884	46.9519	Eb3	67	80	0
465	46.2906	46.9829	Bb3	76	80	0
466	46.2948	46.9348	G4	73	80	0
467	46.2959	46.9786	Eb4	86	80	0
468	46.2991	46.9529	D5	86	80	0
469	46.3002	46.892	Bb4	76	80	0
470	46.3023	46.8878	G3	65	80	0
471	47.2916	48.0373	C#5	86	80	0
472	47.2916	47.9903	Bb4	76	80	0
473	47.2938	48.0138	E3	67	80	0
474	47.2959	48.0117	G3	63	80	0
475	47.297	48.0032	Bb3	64	80	0
476	47.3002	48.0438	G4	68	80	0
477	47.3269	47.4754	A4	71	80	0
478	48.3108	48.4946	G4	75	80	0
479	48.3108	48.4914	Bb4	71	80	0
480	48.3119	48.5235	C5	79	80	0
481	48.3205	48.3728	G3	55	80	0
482	48.3205	48.4102	C4	64	80	0
483	48.3237	48.3878	Bb3	55	80	0
484	48.3279	48.3814	E3	58	80	0
485	48.6997	50.1089	F4	56	80	0
486	48.7008	50.1506	C5	63	80	0
487	48.7061	50.798	A4	52	80	0
488	48.719	50.1185	C4	43	80	0
489	48.72	50.1143	Eb4	53	80	0
490	48.7211	50.1185	A3	41	80	0
491	48.735	50.1111	F3	40	80	0
492	50.7938	51.0747	C5	53	80	0
493	51.0811	51.2617	A4	57	80	0
494	51.2884	51.4198	F4	57	80	0
495	51.4476	51.5523	Eb4	50	80	0
496	51.5811	51.6442	F4	54	80	0
497	51.6634	51.7254	A4	59	80	0
498	51.7681	51.829	C5	61	80	0
499	51.8621	51.9027	A4	62	80	0
500	51.9316	52.0032	C5	63	80	0
501	51.9978	52.0502	A4	71	80	0
502	52.0982	52.141	F4	66	80	0
503	52.1474	52.2179	Eb4	62	80	0
504	52.2606	52.3301	F4	64	80	0
505	52.3215	52.4123	A4	70	80	0
506	52.4155	52.5341	C5	61	80	0
507	52.5395	52.798	F#5	69	80	0
508	52.7371	52.8653	F5	58	80	0
509	52.8408	52.9294	Eb5	62	80	0
510	52.9102	52.9604	C#5	70	80	0
511	52.9754	53.0331	C5	62	80	0
512	53.0523	53.1431	Bb4	74	80	0
513	53.1228	53.1645	A4	72	80	0
514	53.1923	53.2788	G4	74	80	0
515	53.2713	53.3162	A4	74	80	0
516	53.3514	53.4796	F4	62	80	0
517	53.4145	53.547	A4	59	80	0
518	53.4839	53.6004	C5	66	80	0
519	53.5544	53.6314	Eb5	79	80	0
520	53.6303	53.8621	F#5	74	80	0
521	53.7115	53.8974	A5	77	80	0
522	53.8867	54.0341	C6	83	80	0
523	53.9861	54.3514	Bb5	89	80	0
524	54.3675	54.5854	C5	81	80	0
525	54.5213	54.9497	C#5	82	80	0
526	54.6666	54.8579	A4	80	80	0
527	54.8055	54.9626	Bb4	86	80	0
528	54.9412	55.5064	F2	68	80	0
529	54.9444	55.0192	E4	86	80	0
530	54.9882	55.5288	C3	58	80	0
531	55.0801	55.5352	Eb3	59	80	0
532	55.1506	55.5897	F3	68	80	0
533	55.1634	55.4134	C4	81	80	0
534	55.1655	55.6741	Bb4	77	80	0
535	55.1655	55.6955	C5	80	80	0
536	55.1698	55.6987	F4	71	80	0
537	55.5363	55.72	D4	91	80	0
538	55.6762	56.2649	F2	69	80	0
539	55.7275	56.3482	C3	62	80	0
540	55.8098	56.3931	Eb3	59	80	0
541	55.9102	56.2072	F3	80	80	0
542	55.9113	56.3717	Eb4	87	80	0
543	55.9145	56.3386	F4	75	80	0
544	55.9187	56.907	C5	82	80	0
545	55.922	56.3504	A4	71	80	0
546	56.3589	56.5972	G3	89	80	0
547	56.891	58.172	F3	46	80	0
548	56.9006	57.595	Bb4	73	80	0
549	56.9038	58.172	G#3	69	80	0
550	56.9049	58.1805	Bb2	56	80	0
551	56.907	57.595	F4	61	80	0
552	56.9081	58.3984	D4	70	80	0
553	56.9166	58.1613	D3	47	80	0
554	58.4166	58.6207	F4	54	80	0
555	58.6303	58.7959	D4	57	80	0
556	58.7959	58.8846	Bb3	56	80	0
557	58.9337	58.9903	G#3	58	80	0
558	59.0138	59.1025	Bb3	53	80	0
559	59.0982	59.1677	D4	58	80	0
560	59.1858	59.2371	F4	53	80	0
561	59.2478	59.3162	D4	56	80	0
562	59.345	59.4145	F4	66	80	0
563	59.4252	59.4828	D4	52	80	0
564	59.4903	59.5288	Bb3	64	80	0
565	59.5747	59.6271	G#3	65	80	0
566	59.6292	59.6794	Bb3	66	80	0
567	59.7286	59.8418	D4	67	80	0
568	59.8333	59.923	F4	63	80	0
569	59.923	60.0331	B4	69	80	0
570	60.0352	60.1431	G#4	64	80	0
571	60.1175	60.1848	F4	58	80	0
572	60.2051	60.2531	D4	62	80	0
573	60.2692	60.3269	B3	59	80	0
574	60.3386	60.4412	G#3	61	80	0
575	60.423	60.4743	F3	61	80	0
576	60.5128	60.6955	D4	64	80	0
577	60.6848	61.3087	G3	43	80	0
578	60.6869	60.7606	Eb4	63	80	0
579	60.7734	60.8717	F4	67	80	0
580	60.8514	60.9166	Eb4	67	80	0
581	60.9187	61.0213	D4	73	80	0
582	60.9946	61.7852	Eb4	73	80	0
583	61.7307	61.9978	D4	78	80	0
584	61.9999	62.2115	C4	76	80	0
585	62.1922	62.3781	D4	75	80	0
586	62.3846	62.5437	Eb4	68	80	0
587	62.5224	62.5961	D4	73	80	0
588	62.6153	62.7072	C4	71	80	0
589	62.6965	62.7702	Bb3	67	80	0
590	62.7734	62.8984	A3	70	80	0
591	62.8664	62.9433	Bb3	66	80	0
592	62.9465	63.0608	C4	68	80	0
593	63.0224	63.1292	Bb3	57	80	0
594	63.1046	63.1655	A3	68	80	0
595	63.1826	63.4081	G3	62	80	0
596	63.266	63.3632	F3	72	80	0
597	63.4113	63.5234	A3	67	80	0
598	63.4882	63.5405	G3	62	80	0
599	63.5672	63.6484	F3	71	80	0
600	63.6613	63.751	Eb3	69	80	0
601	63.7382	63.861	D3	68	80	0
602	63.8386	63.8803	Eb3	43	80	0
603	63.8846	64.001	F3	64	80	0
604	63.9732	64.0566	Eb3	63	80	0
605	64.0352	64.0801	D3	67	80	0
606	64.1281	64.1762	C3	62	80	0
607	64.2157	64.2617	Bb2	61	80	0
608	64.3023	64.344	A2	64	80	0
609	64.3824	64.6057	Bb2	73	80	0
610	64.5907	64.6335	D3	58	80	0
611	64.6645	64.7211	F3	62	80	0
612	64.7307	64.7756	D3	74	80	0
613	64.8386	65.0074	D3	82	80	0
614	64.9337	64.9903	F3	63	80	0
615	65.0181	65.0982	Bb3	65	80	0
616	65.0769	65.1164	F3	66	80	0
617	65.1901	65.3536	F3	81	80	0
618	65.2809	65.3354	Bb3	67	80	0
619	65.3621	65.4412	D4	64	80	0
620	65.4433	65.4732	Bb3	57	80	0
621	65.5363	65.6709	Bb3	77	80	0
622	65.6196	65.6741	D4	63	80	0
623	65.6912	65.7873	F4	68	80	0
624	65.7863	65.8204	D4	71	80	0
625	65.8888	66.0309	D4	88	80	0
626	65.9764	66.0544	F4	69	80	0
627	66.0662	66.1484	Bb4	71	80	0
628	66.1324	66.1655	F4	67	80	0
629	66.251	66.3792	F4	86	80	0
630	66.3386	66.4091	Bb4	71	80	0
631	66.4198	66.5256	D5	71	80	0
632	66.5042	66.5566	Bb4	76	80	0
633	66.6249	66.7157	Bb4	77	80	0
634	66.7392	66.8493	D5	63	80	0
635	66.8621	66.9871	F5	63	80	0
636	67.0213	67.3034	D5	57	80	0
637	67.2542	69.6452	Bb5	57	80	0
638	73.1527	73.5598	F4	44	80	0
639	73.4989	73.8653	G4	61	80	0
640	73.8525	74.189	F4	59	80	0
641	74.1837	74.2275	Bb4	60	80	0
642	74.532	74.5801	D4	64	80	0
643	74.892	74.9668	C4	57	80	0
644	75.2521	75.3803	A4	54	80	0
645	75.4091	75.5469	G4	60	80	0
646	75.5576	75.7072	Bb4	63	80	0
647	75.7072	75.8781	A4	67	80	0
648	75.8653	76.0085	G4	69	80	0
649	76.0192	76.1869	F4	68	80	0
650	76.1901	76.2296	C5	71	80	0
651	76.548	76.6025	Eb4	70	80	0
652	76.9262	77.0063	D4	63	80	0
653	77.2905	77.4155	Bb4	59	80	0
654	77.4422	77.5939	C5	61	80	0
655	77.6036	77.7318	A4	64	80	0
656	77.7766	77.9273	Bb4	57	80	0
657	77.9583	78.0907	C5	61	80	0
658	78.1057	78.2553	D5	62	80	0
659	78.2702	78.4273	Eb5	67	80	0
660	78.4262	78.5619	D5	64	80	0
661	78.5918	78.7147	C5	62	80	0
662	78.7371	78.9059	Eb5	65	80	0
663	78.9209	79.0288	D5	63	80	0
664	79.0758	79.2392	C5	56	80	0
665	79.2339	79.3653	Bb4	61	80	0
666	79.3909	79.5395	C5	64	80	0
667	79.5533	79.6805	A4	59	80	0
668	79.7061	79.8557	Bb4	61	80	0
669	79.8877	80.0213	C5	66	80	0
670	80.0416	80.1858	D5	65	80	0
671	80.2093	80.3418	Eb5	60	80	0
672	80.3642	80.501	D5	60	80	0
673	80.5266	80.6463	C5	62	80	0
674	80.6666	80.8311	Eb5	57	80	0
675	80.8621	81.3771	D5	56	80	0
676	81.2243	81.533	Bb3	59	80	0
677	81.3845	81.5117	C5	54	80	0
678	81.5373	81.861	D4	66	80	0
679	81.5555	81.6634	Bb4	54	80	0
680	81.7157	81.8461	A4	51	80	0
681	81.861	82.1837	Bb3	69	80	0
682	81.861	82.001	Bb4	59	80	0
683	82.0106	82.1741	C5	58	80	0
684	82.173	82.2659	D5	59	80	0
685	82.1773	82.2286	F4	67	80	0
686	82.5245	82.5886	A3	61	80	0
687	82.5373	83.3343	F5	56	80	0
688	82.9144	82.9946	G3	61	80	0
689	83.2606	83.4016	E4	54	80	0
690	83.2766	83.5768	Bb4	52	80	0
691	83.408	83.5352	D4	56	80	0
692	83.5736	83.7467	F4	60	80	0
693	83.5897	83.9102	A4	59	80	0
694	83.7392	83.9123	E4	60	80	0
695	83.8931	84.032	D4	61	80	0
696	83.8974	84.2253	Bb4	66	80	0
697	84.0245	84.1912	C4	65	80	0
698	84.1933	84.251	G4	71	80	0
699	84.1997	84.2927	E5	65	80	0
700	84.5608	84.6431	Bb3	65	80	0
701	84.5672	85.2905	G5	61	80	0
702	84.9433	85.0234	A3	65	80	0
703	85.298	85.4102	A4	66	80	0
704	85.2991	85.3952	F4	55	80	0
705	85.4347	85.6153	Bb4	69	80	0
706	85.4379	85.6046	G4	61	80	0
707	85.5929	85.7328	E4	56	80	0
708	85.6025	85.6666	C5	71	80	0
709	85.7531	85.9315	F4	51	80	0
710	85.939	86.0416	G4	60	80	0
711	85.9433	85.9946	C5	59	80	0
712	86.0843	86.236	A4	53	80	0
713	86.2521	86.3674	Bb4	57	80	0
714	86.2638	86.3172	C5	59	80	0
715	86.3984	86.5565	A4	55	80	0
716	86.5715	86.6815	G4	53	80	0
717	86.5758	86.6142	C5	63	80	0
718	86.7018	86.8696	Bb4	51	80	0
719	86.8909	87.0405	A4	60	80	0
720	86.9027	87.0362	C5	62	80	0
721	87.0394	87.1944	G4	61	80	0
722	87.0405	87.1944	Bb4	67	80	0
723	87.1997	87.3482	A4	70	80	0
724	87.2018	87.329	F4	62	80	0
725	87.3439	87.5053	G4	67	80	0
726	87.3471	87.5459	Bb4	79	80	0
727	87.5149	87.6559	E4	62	80	0
728	87.5256	87.5832	C5	72	80	0
729	87.6687	87.8535	F4	56	80	0
730	87.8578	87.9582	G4	62	80	0
731	87.86	87.9091	C5	60	80	0
732	87.9956	88.1612	A4	56	80	0
733	88.1741	88.2937	Bb4	57	80	0
734	88.1751	88.2179	C5	59	80	0
735	88.3215	88.485	A4	54	80	0
736	88.502	88.6164	G4	56	80	0
737	88.5042	88.5459	C5	63	80	0
738	88.6324	88.8258	Bb4	52	80	0
739	88.8696	89.4379	A4	42	80	0
740	88.8856	90.22	C5	41	80	0
741	89.2852	89.61	F3	59	80	0
742	89.4518	89.5822	G4	50	80	0
743	89.61	89.9721	G3	63	80	0
744	89.6356	89.767	F4	48	80	0
745	89.7948	89.9198	Eb4	59	80	0
746	89.9401	90.2659	F3	69	80	0
747	89.9508	90.0715	D4	63	80	0
748	90.095	90.2499	Eb4	66	80	0
749	90.2649	90.3183	Bb3	70	80	0
750	90.2702	90.3824	F4	66	80	0
751	90.4305	90.5501	D5	55	80	0
752	90.5929	90.6399	D3	67	80	0
753	90.5939	91.0929	Bb4	60	80	0
754	90.7488	90.985	D5	50	80	0
755	90.954	91.1548	Eb5	53	80	0
756	90.9604	91.0555	C3	63	80	0
757	91.314	91.6196	Eb4	59	80	0
758	91.3226	91.4497	A3	58	80	0
759	91.4572	91.6035	G3	63	80	0
760	91.611	91.9433	D4	60	80	0
761	91.6238	91.7702	Bb3	67	80	0
762	91.7745	91.9422	A3	68	80	0
763	91.9262	92.1121	G3	67	80	0
764	91.9358	92.235	Eb4	71	80	0
765	92.0822	92.2339	F3	71	80	0
766	92.236	92.283	C4	74	80	0
767	92.2435	92.3696	A4	72	80	0
768	92.3835	92.533	Eb5	64	80	0
769	92.5491	92.611	Eb3	76	80	0
770	92.5555	93.1078	C5	71	80	0
771	92.7029	92.9112	Eb5	61	80	0
772	92.8963	92.9732	D3	66	80	0
773	92.9134	93.1035	F5	62	80	0
774	93.2585	93.3802	D4	75	80	0
775	93.2691	93.3717	Bb3	68	80	0
776	93.4016	93.5832	Eb4	76	80	0
777	93.4048	93.5886	C4	69	80	0
778	93.58	93.7317	A3	64	80	0
779	93.5832	93.6527	F4	78	80	0
780	93.7403	93.9208	Bb3	58	80	0
781	93.9208	94.0159	C4	63	80	0
782	93.9315	94.0608	A4	63	80	0
783	93.9337	94.0352	F4	62	80	0
784	94.0619	94.2157	D4	63	80	0
785	94.0843	94.2264	Bb4	54	80	0
786	94.2264	94.3557	Eb4	59	80	0
787	94.236	94.3578	F4	63	80	0
788	94.2403	94.3461	C5	64	80	0
789	94.3738	94.5031	D4	58	80	0
790	94.3899	94.5149	Bb4	60	80	0
791	94.5458	94.6666	C4	58	80	0
792	94.5555	94.6431	A4	57	80	0
793	94.5565	94.6676	F4	60	80	0
794	94.6965	94.8546	Eb4	53	80	0
795	94.6997	94.8717	C5	60	80	0
796	94.8792	95.0245	D4	61	80	0
797	94.8856	95.0223	F4	61	80	0
798	94.8888	95.0341	Bb4	59	80	0
799	95.0309	95.1911	C4	64	80	0
800	95.0352	95.1943	Eb4	70	80	0
801	95.1869	95.3183	Bb3	69	80	0
802	95.1943	95.345	D4	75	80	0
803	95.33	95.4967	C4	69	80	0
804	95.3439	95.5138	Eb4	79	80	0
805	95.5095	95.6548	A3	67	80	0
806	95.5149	95.5779	F4	77	80	0
807	95.6666	95.8514	Bb3	57	80	0
808	95.8557	95.9572	C4	64	80	0
809	95.8696	95.9839	A4	64	80	0
810	95.8738	95.9753	F4	65	80	0
811	95.9967	96.1591	D4	59	80	0
812	96.0127	96.1495	Bb4	57	80	0
813	96.173	96.2969	Eb4	57	80	0
814	96.174	96.3023	C5	65	80	0
815	96.1826	96.2958	F4	63	80	0
816	96.3226	96.4679	D4	57	80	0
817	96.3268	96.4572	Bb4	60	80	0
818	96.4914	96.5864	A4	57	80	0
819	96.4956	96.6067	C4	56	80	0
820	96.5031	96.6281	F4	61	80	0
821	96.6281	96.8108	Eb4	54	80	0
822	96.6409	96.8151	C5	61	80	0
823	96.83	96.9679	Bb4	51	80	0
824	96.8375	96.9582	D4	42	80	0
825	96.8535	97.002	F4	42	80	0
826	97.2211	97.3514	D3	48	80	0
827	97.2296	97.5726	Bb4	55	80	0
828	97.3717	97.5565	C3	55	80	0
829	97.548	97.704	Bb2	63	80	0
830	97.5501	97.907	D5	66	80	0
831	97.6943	97.8877	A2	64	80	0
832	97.8674	98.0384	Bb2	70	80	0
833	97.877	98.2136	Bb4	79	80	0
834	98.0213	98.1783	C3	69	80	0
835	98.1879	98.2478	D3	69	80	0
836	98.1911	98.2649	F5	72	80	0
837	98.3525	98.4839	A3	64	80	0
838	98.5149	98.9796	F3	61	80	0
839	98.5245	98.5768	A4	69	80	0
840	98.6698	98.8375	A3	50	80	0
841	98.8685	98.9828	Bb3	53	80	0
842	98.8717	98.9849	G4	63	80	0
843	99.2178	99.3706	E5	60	80	0
844	99.2232	99.5352	Bb2	53	80	0
845	99.3653	99.5501	D5	71	80	0
846	99.5149	99.8738	A2	60	80	0
847	99.5298	99.7478	F5	69	80	0
848	99.6773	99.876	E5	74	80	0
849	99.8364	100.153	Bb2	69	80	0
850	99.8461	99.9988	D5	80	80	0
851	99.9946	100.192	C5	77	80	0
852	100.159	100.213	E3	71	80	0
853	100.163	100.28	G5	76	80	0
854	100.314	100.458	Bb3	66	80	0
855	100.467	100.903	G3	60	80	0
856	100.48	100.539	Bb4	79	80	0
857	100.627	100.794	Bb3	62	80	0
858	100.824	100.928	C4	58	80	0
859	100.827	100.964	A4	65	80	0
860	101.176	101.335	A2	65	80	0
861	101.2	101.327	F5	70	80	0
862	101.315	101.507	G5	76	80	0
863	101.317	101.493	Bb2	67	80	0
864	101.474	101.516	C3	69	80	0
865	101.499	101.613	E5	73	80	0
866	101.643	101.793	F5	65	80	0
867	101.8	101.885	E3	52	80	0
868	101.812	101.928	C3	49	80	0
869	101.824	101.937	G5	60	80	0
870	101.941	102.094	F3	51	80	0
871	101.958	102.093	A5	58	80	0
872	102.124	102.27	Bb5	66	80	0
873	102.124	102.237	G3	59	80	0
874	102.129	102.272	C3	51	80	0
875	102.269	102.443	A5	59	80	0
876	102.274	102.408	F3	58	80	0
877	102.429	102.565	E3	56	80	0
878	102.452	102.59	G5	73	80	0
879	102.453	102.575	C3	56	80	0
880	102.574	102.608	G3	68	80	0
881	102.593	102.813	Bb5	68	80	0
882	102.778	103.425	F3	69	80	0
883	102.78	102.926	C3	58	80	0
884	102.789	102.98	A5	71	80	0
885	102.942	103.118	Bb2	72	80	0
886	102.945	103.104	G5	73	80	0
887	103.093	103.295	F5	76	80	0
888	103.101	103.26	A2	73	80	0
889	103.247	103.44	G5	79	80	0
890	103.251	103.427	Bb2	69	80	0
891	103.403	103.442	C3	72	80	0
892	103.41	103.546	E5	79	80	0
893	103.559	103.758	F5	69	80	0
894	103.737	103.867	C3	58	80	0
895	103.743	103.824	E3	50	80	0
896	103.745	103.91	G5	73	80	0
897	103.86	104.066	F3	59	80	0
898	103.898	104.064	A5	67	80	0
899	104.071	104.209	C3	54	80	0
900	104.073	104.247	Bb5	75	80	0
901	104.083	104.21	G3	64	80	0
902	104.214	104.38	A5	69	80	0
903	104.218	104.358	F3	59	80	0
904	104.373	104.497	E3	58	80	0
905	104.385	104.515	G5	72	80	0
906	104.389	104.517	C3	55	80	0
907	104.521	104.561	G3	67	80	0
908	104.528	104.741	Bb5	69	80	0
909	104.701	104.748	F2	66	80	0
910	104.708	104.828	F3	65	80	0
911	104.74	104.89	A5	71	80	0
912	104.886	105.063	A3	76	80	0
913	104.888	105.1	Bb5	78	80	0
914	105.027	105.207	Bb3	80	80	0
915	105.036	105.188	A5	80	80	0
916	105.174	105.33	C4	85	80	0
917	105.18	105.366	G5	86	80	0
918	105.331	105.481	F#5	85	80	0
919	105.331	105.396	D4	78	80	0
920	105.497	105.664	G5	70	80	0
921	105.655	105.778	F#3	59	80	0
922	105.664	105.845	A5	81	80	0
923	105.669	105.809	D4	64	80	0
924	105.797	105.953	G3	57	80	0
925	105.819	105.971	Bb5	75	80	0
926	105.98	106.095	A3	61	80	0
927	105.986	106.11	D4	69	80	0
928	105.986	106.141	C6	82	80	0
929	106.117	106.271	G3	67	80	0
930	106.126	106.281	Bb5	77	80	0
931	106.288	106.445	A5	80	80	0
932	106.294	106.424	F#3	63	80	0
933	106.302	106.424	D4	69	80	0
934	106.437	106.685	C6	77	80	0
935	106.44	106.599	A3	67	80	0
936	106.621	107.161	G3	60	80	0
937	106.622	106.812	D4	70	80	0
938	106.633	106.841	Bb5	80	80	0
939	106.795	106.959	A5	81	80	0
940	106.797	106.968	C4	75	80	0
941	106.946	107.167	Bb3	79	80	0
942	106.951	107.145	G5	85	80	0
943	107.096	107.263	C4	85	80	0
944	107.102	107.292	A5	83	80	0
945	107.26	107.327	D4	78	80	0
946	107.267	107.422	F#5	86	80	0
947	107.432	107.607	G5	76	80	0
948	107.583	107.718	F#3	62	80	0
949	107.59	107.777	A5	81	80	0
950	107.597	107.756	D4	65	80	0
951	107.743	107.903	Bb5	77	80	0
952	107.752	107.887	G3	54	80	0
953	107.896	108.018	A3	68	80	0
954	107.899	108.077	C6	81	80	0
955	107.908	108.059	D4	65	80	0
956	108.046	108.192	G3	66	80	0
957	108.047	108.229	Bb5	81	80	0
958	108.199	108.351	F#3	65	80	0
959	108.203	108.364	A5	82	80	0
960	108.21	108.348	D4	78	80	0
961	108.344	108.543	A3	73	80	0
962	108.347	108.589	C6	79	80	0
963	108.547	108.764	Bb5	80	80	0
964	108.547	108.624	D4	78	80	0
965	108.549	108.628	G3	69	80	0
966	108.726	108.908	A5	72	80	0
967	108.914	109.272	D3	83	80	0
968	108.917	109.117	G5	78	80	0
969	109.078	109.26	F5	76	80	0
970	109.237	109.581	C3	78	80	0
971	109.243	109.389	Eb5	80	80	0
972	109.392	109.576	F5	81	80	0
973	109.538	109.872	D3	81	80	0
974	109.55	109.747	G5	79	80	0
975	109.704	109.88	A5	72	80	0
976	109.858	109.934	G2	82	80	0
977	109.874	110.057	Bb5	80	80	0
978	110.015	110.187	A5	71	80	0
979	110.173	110.245	Eb3	80	80	0
980	110.186	110.326	G5	78	80	0
981	110.32	110.549	Bb5	70	80	0
982	110.5	110.562	F3	80	80	0
983	110.52	110.684	A5	71	80	0
984	110.676	110.849	G5	67	80	0
985	110.87	111.215	C3	71	80	0
986	110.872	111.06	F5	67	80	0
987	111.015	111.167	Eb5	66	80	0
988	111.17	111.519	Bb2	73	80	0
989	111.171	111.343	D5	72	80	0
990	111.31	111.468	Eb5	74	80	0
991	111.472	111.63	F5	76	80	0
992	111.48	111.81	C3	73	80	0
993	111.617	111.798	G5	74	80	0
994	111.792	111.848	F2	72	80	0
995	111.804	111.952	A5	73	80	0
996	111.945	112.094	G5	68	80	0
997	112.104	112.153	D3	72	80	0
998	112.112	112.258	F5	70	80	0
999	112.257	112.44	A5	64	80	0
1000	112.419	112.489	Eb3	76	80	0
1001	112.425	112.555	G5	70	80	0
1002	112.591	112.796	F5	55	80	0
1003	112.77	113.105	Bb2	64	80	0
1004	112.778	112.919	Eb5	61	80	0
1005	112.924	113.077	D5	65	80	0
1006	113.081	113.398	A2	64	80	0
1007	113.092	113.238	C5	67	80	0
1008	113.23	113.394	D5	71	80	0
1009	113.383	113.669	Bb2	64	80	0
1010	113.387	113.503	Eb5	66	80	0
1011	113.515	113.7	F5	73	80	0
1012	113.668	113.716	Eb2	64	80	0
1013	113.685	113.887	G5	69	80	0
1014	113.907	114.042	F#5	60	80	0
1015	114.062	114.116	C3	63	80	0
1016	114.068	114.171	E5	64	80	0
1017	114.202	114.376	G5	58	80	0
1018	114.375	114.415	D3	61	80	0
1019	114.383	114.528	F#5	64	80	0
1020	114.531	114.672	E5	51	80	0
1021	114.718	115.064	D4	61	80	0
1022	114.747	114.902	D5	50	80	0
1023	114.879	115.029	C5	53	80	0
1024	115.052	115.393	Eb4	66	80	0
1025	115.055	115.179	Bb4	60	80	0
1026	115.218	115.374	A4	54	80	0
1027	115.373	115.527	Bb4	66	80	0
1028	115.376	115.668	D4	64	80	0
1029	115.524	115.719	C5	64	80	0
1030	115.702	115.812	G4	67	80	0
1031	115.702	115.815	D5	62	80	0
1032	115.876	116.024	G3	52	80	0
1033	116.033	116.789	G5	64	80	0
1034	116.039	116.17	Bb3	69	80	0
1035	116.045	116.115	Eb3	54	80	0
1036	116.182	116.337	G3	66	80	0
1037	116.372	116.517	A3	56	80	0
1038	116.394	116.488	C3	42	80	0
1039	116.727	117.061	C5	56	80	0
1040	116.764	116.899	F#4	58	80	0
1041	116.898	117.036	E4	66	80	0
1042	117.045	117.218	G4	65	80	0
1043	117.065	117.399	Bb4	70	80	0
1044	117.196	117.35	F#4	70	80	0
1045	117.347	117.546	E4	64	80	0
1046	117.359	117.702	C5	77	80	0
1047	117.499	117.6	D4	71	80	0
1048	117.656	117.749	A4	72	80	0
1049	117.663	117.798	F#5	75	80	0
1050	117.811	117.975	A3	61	80	0
1051	118	118.35	A5	70	80	0
1052	118.001	118.063	F#3	58	80	0
1053	118.008	118.115	C4	66	80	0
1054	118.158	118.305	A3	58	80	0
1055	118.325	118.562	Bb3	55	80	0
1056	118.331	118.585	D3	48	80	0
1057	118.689	118.802	G4	67	80	0
1058	118.69	118.851	Bb4	70	80	0
1059	118.84	118.886	A4	71	80	0
1060	118.849	119.018	C5	72	80	0
1061	119.019	119.142	D5	68	80	0
1062	119.02	119.13	F#4	66	80	0
1063	119.176	119.297	G4	63	80	0
1064	119.336	119.482	A4	65	80	0
1065	119.342	119.462	F#2	54	80	0
1066	119.345	119.47	D5	67	80	0
1067	119.485	119.64	Bb4	64	80	0
1068	119.491	119.629	G2	49	80	0
1069	119.644	119.778	D5	66	80	0
1070	119.652	119.786	A2	57	80	0
1071	119.654	119.765	C5	58	80	0
1072	119.816	119.949	Bb4	62	80	0
1073	119.817	119.97	G2	51	80	0
1074	119.976	120.104	D5	64	80	0
1075	119.984	120.095	F#2	56	80	0
1076	119.987	120.167	A4	59	80	0
1077	120.127	120.292	A2	55	80	0
1078	120.139	120.302	C5	62	80	0
1079	120.304	120.612	G2	54	80	0
1080	120.313	120.411	Bb4	64	80	0
1081	120.319	120.515	D5	61	80	0
1082	120.468	120.623	C5	66	80	0
1083	120.481	120.646	A4	65	80	0
1084	120.616	120.793	Bb4	74	80	0
1085	120.631	120.82	G4	75	80	0
1086	120.782	120.844	A4	79	80	0
1087	120.784	120.971	C5	77	80	0
1088	120.954	121.085	D5	74	80	0
1089	120.96	121.094	F#4	76	80	0
1090	121.128	121.281	G4	64	80	0
1091	121.281	121.405	F#2	58	80	0
1092	121.285	121.445	A4	67	80	0
1093	121.288	121.423	D5	66	80	0
1094	121.435	121.571	G2	49	80	0
1095	121.435	121.586	Bb4	66	80	0
1096	121.593	121.755	D5	71	80	0
1097	121.594	121.717	A2	60	80	0
1098	121.599	121.657	C5	51	80	0
1099	121.758	121.906	G2	55	80	0
1100	121.761	121.861	Bb4	66	80	0
1101	121.906	122.027	D5	69	80	0
1102	121.911	122.082	A4	59	80	0
1103	121.913	122.008	F#2	58	80	0
1104	122.047	122.203	A2	55	80	0
1105	122.05	122.231	C5	63	80	0
1106	122.231	122.274	G2	53	80	0
1107	122.233	122.363	D5	59	80	0
1108	122.249	122.319	Bb4	50	80	0
1109	122.407	122.583	C5	62	80	0
1110	122.591	122.942	G3	70	80	0
1111	122.595	122.729	D5	64	80	0
1112	122.765	122.937	Eb5	60	80	0
1113	122.933	123.266	Bb3	74	80	0
1114	122.934	123.052	D5	69	80	0
1115	123.086	123.28	C5	61	80	0
1116	123.243	123.577	G3	76	80	0
1117	123.258	123.412	Bb4	69	80	0
1118	123.402	123.559	G#4	67	80	0
1119	123.575	123.699	G4	64	80	0
1120	123.578	123.627	C4	76	80	0
1121	123.729	123.867	Eb5	50	80	0
1122	123.906	124.493	C5	62	80	0
1123	123.906	123.967	Eb3	73	80	0
1124	124.05	124.215	Eb5	52	80	0
1125	124.242	124.335	D3	57	80	0
1126	124.251	124.533	F5	54	80	0
1127	124.587	124.738	B3	60	80	0
1128	124.597	124.923	F4	57	80	0
1129	124.735	124.884	A3	65	80	0
1130	124.897	125.046	C4	66	80	0
1131	124.915	125.238	Eb4	63	80	0
1132	125.038	125.222	B3	72	80	0
1133	125.196	125.366	A3	65	80	0
1134	125.219	125.527	F4	71	80	0
1135	125.342	125.489	G3	73	80	0
1136	125.499	125.547	D4	73	80	0
1137	125.515	125.645	B4	71	80	0
1138	125.676	125.828	F5	59	80	0
1139	125.828	125.888	F3	75	80	0
1140	125.849	126.265	D5	72	80	0
1141	125.99	126.222	F5	60	80	0
1142	126.168	126.254	Eb3	66	80	0
1143	126.175	126.288	G5	63	80	0
1144	126.516	126.64	C4	68	80	0
1145	126.536	126.677	Eb4	71	80	0
1146	126.67	126.865	D4	69	80	0
1147	126.67	126.872	F4	68	80	0
1148	126.859	127.012	B3	69	80	0
1149	126.867	126.94	G4	77	80	0
1150	127.013	127.172	C4	65	80	0
1151	127.193	127.324	D4	67	80	0
1152	127.202	127.327	B4	66	80	0
1153	127.203	127.314	G4	71	80	0
1154	127.346	127.468	Eb4	62	80	0
1155	127.348	127.499	C5	64	80	0
1156	127.501	127.623	F4	68	80	0
1157	127.504	127.643	G4	71	80	0
1158	127.505	127.584	D5	73	80	0
1159	127.641	127.79	Eb4	60	80	0
1160	127.657	127.804	C5	64	80	0
1161	127.805	127.909	D4	60	80	0
1162	127.825	127.913	B4	65	80	0
1163	127.827	127.945	G4	70	80	0
1164	127.952	128.097	F4	60	80	0
1165	127.964	128.153	D5	64	80	0
1166	128.113	128.255	Eb4	64	80	0
1167	128.14	128.191	C5	65	80	0
1168	128.145	128.335	G4	70	80	0
1169	128.276	128.427	D4	67	80	0
1170	128.295	128.449	F4	73	80	0
1171	128.426	128.561	C4	72	80	0
1172	128.441	128.626	Eb4	79	80	0
1173	128.57	128.766	D4	73	80	0
1174	128.587	128.774	F4	81	80	0
1175	128.745	128.921	B3	69	80	0
1176	128.778	128.849	G4	81	80	0
1177	128.919	129.081	C4	64	80	0
1178	129.101	129.226	D4	61	80	0
1179	129.112	129.257	B4	68	80	0
1180	129.116	129.268	G4	69	80	0
1181	129.249	129.399	Eb4	60	80	0
1182	129.271	129.424	C5	64	80	0
1183	129.423	129.546	F4	64	80	0
1184	129.435	129.543	D5	69	80	0
1185	129.437	129.57	G4	69	80	0
1186	129.576	129.718	Eb4	57	80	0
1187	129.591	129.759	C5	63	80	0
1188	129.74	129.859	D4	57	80	0
1189	129.765	129.868	B4	64	80	0
1190	129.768	129.882	G4	67	80	0
1191	129.899	130.042	F4	59	80	0
1192	129.908	130.076	D5	61	80	0
1193	130.076	130.214	Eb4	54	80	0
1194	130.086	130.167	C5	56	80	0
1195	130.099	130.479	G4	49	80	0
1196	130.238	130.388	D4	60	80	0
1197	130.396	130.546	C4	57	80	0
1198	130.419	130.779	Eb5	75	80	0
1199	130.546	130.716	Bb3	66	80	0
1200	130.715	130.889	A3	59	80	0
1201	130.723	131.092	D5	80	80	0
1202	130.89	131.055	Bb3	63	80	0
1203	131.034	131.143	C4	63	80	0
1204	131.054	131.34	Eb5	76	80	0
1205	131.175	131.351	D4	67	80	0
1206	131.349	131.473	Eb4	66	80	0
1207	131.352	131.423	C5	80	80	0
1208	131.495	131.658	D4	63	80	0
1209	131.655	131.79	C4	59	80	0
1210	131.668	131.736	A5	63	80	0
1211	131.67	131.705	Eb5	61	80	0
1212	131.812	131.975	Eb4	54	80	0
1213	131.987	132.106	D4	59	80	0
1214	132.003	132.071	Bb5	75	80	0
1215	132.009	132.038	F5	50	80	0
1216	132.137	132.297	C4	52	80	0
1217	132.311	132.658	D5	78	80	0
1218	132.315	132.458	Bb3	57	80	0
1219	132.452	132.598	A3	58	80	0
1220	132.63	132.996	C5	76	80	0
1221	132.631	132.778	G3	57	80	0
1222	132.778	132.938	A3	62	80	0
1223	132.951	133.101	Bb3	60	80	0
1224	132.964	133.262	D5	78	80	0
1225	133.099	133.239	C4	63	80	0
1226	133.269	133.394	D4	60	80	0
1227	133.272	133.346	Bb4	79	80	0
1228	133.411	133.564	C4	56	80	0
1229	133.57	133.686	Bb3	57	80	0
1230	133.573	133.655	G5	73	80	0
1231	133.576	133.631	D5	63	80	0
1232	133.719	133.881	D4	56	80	0
1233	133.897	134.034	C4	49	80	0
1234	133.911	133.949	Eb5	67	80	0
1235	133.925	133.97	A5	62	80	0
1236	134.046	134.185	Bb3	57	80	0
1237	134.212	134.348	A3	58	80	0
1238	134.216	134.602	C5	75	80	0
1239	134.355	134.538	G3	60	80	0
1240	134.542	134.678	F#3	64	80	0
1241	134.544	134.936	Bb4	73	80	0
1242	134.692	134.836	G3	63	80	0
1243	134.861	134.996	A3	60	80	0
1244	134.874	135.183	C5	68	80	0
1245	135.005	135.152	Bb3	59	80	0
1246	135.181	135.324	C4	60	80	0
1247	135.189	135.239	A4	70	80	0
1248	135.331	135.497	Bb3	61	80	0
1249	135.503	135.583	F#5	68	80	0
1250	135.503	135.613	A3	54	80	0
1251	135.505	135.55	C5	65	80	0
1252	135.649	135.824	C4	50	80	0
1253	135.835	135.89	Bb3	57	80	0
1254	135.855	135.992	G5	62	80	0
1255	135.863	135.975	D5	54	80	0
1256	136.002	136.156	F5	54	80	0
1257	136.171	136.501	G3	67	80	0
1258	136.171	136.517	Bb3	70	80	0
1259	136.174	136.305	E5	63	80	0
1260	136.317	136.506	D5	67	80	0
1261	136.503	136.888	A3	73	80	0
1262	136.507	136.843	F3	64	80	0
1263	136.508	136.667	C#5	72	80	0
1264	136.675	136.881	D5	65	80	0
1265	136.834	137.034	G3	69	80	0
1266	136.836	137.172	Bb3	76	80	0
1267	136.842	137.037	E5	76	80	0
1268	137	137.158	F5	70	80	0
1269	137.147	137.848	E3	70	80	0
1270	137.149	137.258	G3	74	80	0
1271	137.154	137.319	G5	73	80	0
1272	137.304	137.473	F5	70	80	0
1273	137.467	137.544	C#4	78	80	0
1274	137.469	137.615	E5	74	80	0
1275	137.625	137.811	G5	64	80	0
1276	137.808	137.976	F5	64	80	0
1277	137.809	137.889	D4	71	80	0
1278	137.821	137.901	D3	66	80	0
1279	137.969	138.155	Eb5	62	80	0
1280	138.142	138.502	F3	53	80	0
1281	138.142	138.471	G#3	67	80	0
1282	138.149	138.299	D5	68	80	0
1283	138.31	138.478	C5	64	80	0
1284	138.455	138.829	G3	67	80	0
1285	138.457	138.818	Eb3	58	80	0
1286	138.472	138.62	B4	71	80	0
1287	138.632	138.814	C5	67	80	0
1288	138.797	138.892	F3	59	80	0
1289	138.801	139.151	G#3	67	80	0
1290	138.81	138.962	D5	74	80	0
1291	138.949	139.12	Eb5	69	80	0
1292	139.11	139.199	F3	65	80	0
1293	139.125	139.776	D3	60	80	0
1294	139.128	139.269	F5	66	80	0
1295	139.279	139.418	Eb5	63	80	0
1296	139.448	139.579	D5	68	80	0
1297	139.449	139.511	B3	68	80	0
1298	139.597	139.786	F5	61	80	0
1299	139.79	139.87	C4	57	80	0
1300	139.792	139.851	C3	49	80	0
1301	139.801	139.912	Eb5	59	80	0
1302	139.97	140.168	C5	53	80	0
1303	140.128	140.458	C4	66	80	0
1304	140.138	140.294	B4	63	80	0
1305	140.293	140.444	A4	64	80	0
1306	140.449	140.798	Eb4	71	80	0
1307	140.45	140.594	G4	66	80	0
1308	140.61	140.788	F4	62	80	0
1309	140.778	140.921	G4	70	80	0
1310	140.78	141.04	C4	66	80	0
1311	140.93	141.129	C5	71	80	0
1312	141.089	141.272	G4	67	80	0
1313	141.098	142.11	Eb5	71	80	0
1314	141.251	141.402	C3	60	80	0
1315	141.42	141.536	Eb3	59	80	0
1316	141.426	141.558	Bb3	65	80	0
1317	141.563	141.734	C3	65	80	0
1318	141.753	141.906	G#3	59	80	0
1319	141.77	141.858	F3	51	80	0
1320	142.098	142.443	G#4	65	80	0
1321	142.114	142.262	D4	57	80	0
1322	142.254	142.405	C4	69	80	0
1323	142.411	142.57	Eb4	64	80	0
1324	142.418	142.793	G4	73	80	0
1325	142.558	142.746	D4	70	80	0
1326	142.721	142.922	C4	66	80	0
1327	142.726	143.066	G#4	76	80	0
1328	142.883	143.021	Bb3	70	80	0
1329	143.042	143.107	F4	66	80	0
1330	143.045	143.158	D5	72	80	0
1331	143.202	143.345	Bb2	61	80	0
1332	143.371	143.501	D3	55	80	0
1333	143.373	143.508	G#3	61	80	0
1334	143.379	144.111	F5	66	80	0
1335	143.518	143.698	Bb2	59	80	0
1336	143.706	143.746	Eb3	58	80	0
1337	143.708	143.832	G3	65	80	0
1338	143.886	144.054	Bb3	64	80	0
1339	144.031	144.16	C4	67	80	0
1340	144.043	144.393	Bb4	70	80	0
1341	144.178	144.365	D4	66	80	0
1342	144.34	144.503	Eb4	74	80	0
1343	144.352	144.716	C5	75	80	0
1344	144.501	144.709	D4	71	80	0
1345	144.658	144.919	Eb4	72	80	0
1346	144.663	145.03	Bb4	81	80	0
1347	144.823	144.98	F4	77	80	0
1348	145.008	145.068	G4	79	80	0
1349	145.009	145.73	Eb5	81	80	0
1350	145.147	145.299	Eb3	67	80	0
1351	145.324	145.467	G3	60	80	0
1352	145.327	145.417	G4	80	80	0
1353	145.329	146.081	Eb4	67	80	0
1354	145.469	145.628	Eb3	72	80	0
1355	145.667	146.004	Bb3	69	80	0
1356	145.673	145.857	F4	78	80	0
1357	146.022	146.202	D5	79	80	0
1358	146.031	146.365	G#3	71	80	0
1359	146.169	146.363	C5	77	80	0
1360	146.334	146.668	G3	69	80	0
1361	146.342	146.537	Eb5	77	80	0
1362	146.486	146.65	D5	77	80	0
1363	146.642	146.823	C5	80	80	0
1364	146.649	146.939	G#3	72	80	0
1365	146.803	147.007	Bb4	78	80	0
1366	146.959	147.097	D4	76	80	0
1367	146.96	147.078	F5	81	80	0
1368	147.105	147.255	Bb3	71	80	0
1369	147.274	147.435	D4	63	80	0
1370	147.28	147.788	F4	71	80	0
1371	147.284	147.375	G#4	86	80	0
1372	147.435	147.634	Bb3	69	80	0
1373	147.633	147.792	Eb4	74	80	0
1374	147.636	147.816	G4	83	80	0
1375	148.007	148.196	G3	74	80	0
1376	148.019	148.186	Eb5	81	80	0
1377	148.158	148.34	G#3	78	80	0
1378	148.17	148.363	F5	76	80	0
1379	148.332	148.396	Bb3	82	80	0
1380	148.346	148.467	D5	82	80	0
1381	148.506	148.678	Eb5	66	80	0
1382	148.672	148.808	D3	65	80	0
1383	148.676	148.835	Bb3	69	80	0
1384	148.683	148.828	F5	79	80	0
1385	148.82	148.961	Eb3	64	80	0
1386	148.841	149.003	G5	72	80	0
1387	148.984	149.118	F3	69	80	0
1388	148.996	149.168	G#5	76	80	0
1389	148.996	149.123	Bb3	75	80	0
1390	149.13	149.269	Eb3	64	80	0
1391	149.147	149.305	G5	74	80	0
1392	149.296	149.435	D3	67	80	0
1393	149.304	149.482	F5	79	80	0
1394	149.308	149.449	Bb3	67	80	0
1395	149.442	149.625	F3	67	80	0
1396	149.461	149.658	G#5	75	80	0
1397	149.622	149.978	Eb3	66	80	0
1398	149.624	149.814	Bb3	74	80	0
1399	149.626	149.792	G5	79	80	0
1400	149.784	149.964	G#3	71	80	0
1401	149.793	149.995	F5	79	80	0
1402	149.933	150.125	G3	74	80	0
1403	149.95	150.116	Eb5	81	80	0
1404	150.092	150.269	G#3	80	80	0
1405	150.102	150.288	F5	80	80	0
1406	150.254	150.296	Bb3	81	80	0
1407	150.258	150.386	D5	83	80	0
1408	150.417	150.587	Eb5	69	80	0
1409	150.579	150.737	D3	59	80	0
1410	150.583	150.767	Bb3	76	80	0
1411	150.592	150.767	F5	82	80	0
1412	150.717	150.877	Eb3	70	80	0
1413	150.74	150.937	G5	79	80	0
1414	150.899	151.049	F3	66	80	0
1415	150.906	151.091	Bb3	76	80	0
1416	150.913	151.114	G#5	80	80	0
1417	151.042	151.199	Eb3	68	80	0
1418	151.076	151.24	G5	82	80	0
1419	151.214	151.357	D3	66	80	0
1420	151.227	151.417	F5	82	80	0
1421	151.235	151.339	Bb3	72	80	0
1422	151.348	151.568	F3	68	80	0
1423	151.384	151.605	G#5	80	80	0
1424	151.567	151.709	Eb3	61	80	0
1425	151.57	151.715	Bb3	74	80	0
1426	151.574	152.316	G5	80	80	0
1427	152.113	152.493	Eb4	84	80	0
1428	152.297	152.491	F5	69	80	0
1429	152.458	152.821	G4	81	80	0
1430	152.474	152.612	Eb5	77	80	0
1431	152.631	152.798	D5	72	80	0
1432	152.789	153.116	Eb4	80	80	0
1433	152.795	152.961	Eb5	79	80	0
1434	152.941	153.157	F5	74	80	0
1435	153.115	153.496	G5	80	80	0
1436	153.117	153.196	Bb4	83	80	0
1437	153.282	153.44	Eb3	64	80	0
1438	153.447	154.21	Bb5	80	80	0
1439	153.458	153.631	G3	63	80	0
1440	153.458	153.633	D4	76	80	0
1441	153.622	153.8	Eb3	65	80	0
1442	153.805	153.944	F3	64	80	0
1443	153.805	153.969	C4	76	80	0
1444	154.162	154.519	Eb5	79	80	0
1445	154.173	154.349	A4	70	80	0
1446	154.32	154.493	G4	77	80	0
1447	154.477	154.856	D5	80	80	0
1448	154.481	154.64	Bb4	77	80	0
1449	154.62	154.813	A4	76	80	0
1450	154.79	154.998	G4	76	80	0
1451	154.804	155.149	Eb5	84	80	0
1452	154.944	155.098	F4	77	80	0
1453	155.109	155.496	A5	80	80	0
1454	155.114	155.19	C5	81	80	0
1455	155.282	155.438	F3	67	80	0
1456	155.434	155.596	A3	66	80	0
1457	155.443	155.612	Eb4	75	80	0
1458	155.445	155.812	C6	81	80	0
1459	155.6	155.795	F3	75	80	0
1460	155.801	156.069	D4	71	80	0
1461	155.801	156.095	Bb3	65	80	0
1462	156.175	156.348	Bb4	79	80	0
1463	156.178	156.35	D5	78	80	0
1464	156.326	156.511	Eb5	77	80	0
1465	156.327	156.447	C5	77	80	0
1466	156.49	156.596	A4	80	80	0
1467	156.491	156.624	F5	79	80	0
1468	156.647	156.819	Bb4	65	80	0
1469	156.82	156.96	A3	60	80	0
1470	156.831	156.974	C5	80	80	0
1471	156.833	156.933	F5	74	80	0
1472	156.975	157.144	D5	70	80	0
1473	156.98	157.132	Bb3	60	80	0
1474	157.133	157.293	Eb5	71	80	0
1475	157.146	157.296	F5	76	80	0
1476	157.149	157.292	C4	64	80	0
1477	157.298	157.443	D5	71	80	0
1478	157.306	157.43	Bb3	58	80	0
1479	157.457	157.587	C5	70	80	0
1480	157.457	157.569	A3	57	80	0
1481	157.458	157.595	F5	66	80	0
1482	157.602	157.78	C4	56	80	0
1483	157.612	157.778	Eb5	64	80	0
1484	157.789	158.125	Bb3	54	80	0
1485	157.789	157.951	D5	71	80	0
1486	157.792	157.936	F5	66	80	0
1487	157.946	158.103	Eb5	71	80	0
1488	157.946	158.136	C5	77	80	0
1489	158.1	158.286	D5	78	80	0
1490	158.102	158.285	Bb4	80	80	0
1491	158.253	158.395	C5	80	80	0
1492	158.256	158.428	Eb5	80	80	0
1493	158.414	158.547	F5	76	80	0
1494	158.417	158.522	A4	75	80	0
1495	158.572	158.726	Bb4	63	80	0
1496	158.735	158.892	A3	54	80	0
1497	158.758	158.907	C5	77	80	0
1498	158.762	158.875	F5	69	80	0
1499	158.902	159.038	Bb3	56	80	0
1500	158.905	159.067	D5	72	80	0
1501	159.069	159.192	Eb5	65	80	0
1502	159.07	159.194	C4	61	80	0
1503	159.075	159.206	F5	69	80	0
1504	159.22	159.349	D5	70	80	0
1505	159.224	159.358	Bb3	51	80	0
1506	159.374	159.494	F5	65	80	0
1507	159.374	159.482	C5	71	80	0
1508	159.379	159.476	A3	54	80	0
1509	159.518	159.656	Eb5	64	80	0
1510	159.529	159.658	C4	52	80	0
1511	159.686	159.828	Bb3	55	80	0
1512	159.691	159.748	D5	58	80	0
1513	159.694	159.785	F5	63	80	0
1514	159.851	159.964	F3	65	80	0
1515	159.998	160.179	D3	58	80	0
1516	160.013	160.156	F3	59	80	0
1517	160.141	160.339	Eb3	64	80	0
1518	160.167	160.321	G3	74	80	0
1519	160.32	160.386	F3	74	80	0
1520	160.337	160.457	A3	76	80	0
1521	160.49	160.524	Bb3	70	80	0
1522	160.658	160.735	F3	58	80	0
1523	160.658	160.739	C4	63	80	0
1524	160.663	160.804	A4	66	80	0
1525	160.819	160.97	Bb4	66	80	0
1526	160.821	160.956	D4	57	80	0
1527	160.972	161.065	F3	59	80	0
1528	160.983	161.04	Eb4	58	80	0
1529	160.984	161.116	C5	69	80	0
1530	161.129	161.263	Bb4	68	80	0
1531	161.138	161.267	D4	52	80	0
1532	161.285	161.382	F3	55	80	0
1533	161.288	161.423	A4	70	80	0
1534	161.292	161.394	C4	58	80	0
1535	161.425	161.572	Eb4	60	80	0
1536	161.437	161.625	C5	74	80	0
1537	161.605	161.661	F3	58	80	0
1538	161.613	161.774	D4	67	80	0
1539	161.617	161.77	Bb4	67	80	0
1540	161.773	161.911	Eb3	63	80	0
1541	161.782	161.971	C4	70	80	0
1542	161.921	162.097	D3	70	80	0
1543	161.942	162.091	Bb3	74	80	0
1544	162.078	162.285	Eb3	73	80	0
1545	162.085	162.256	C4	69	80	0
1546	162.24	162.313	F3	79	80	0
1547	162.241	162.411	A3	73	80	0
1548	162.393	162.431	Bb3	74	80	0
1549	162.552	162.652	C4	73	80	0
1550	162.567	162.696	A4	72	80	0
1551	162.568	162.662	F3	63	80	0
1552	162.699	162.883	Bb4	71	80	0
1553	162.711	162.868	D4	61	80	0
1554	162.871	162.975	F3	67	80	0
1555	162.879	162.965	Eb4	61	80	0
1556	162.886	163.05	C5	75	80	0
1557	163.036	163.189	D4	57	80	0
1558	163.038	163.197	Bb4	73	80	0
1559	163.189	163.313	C4	63	80	0
1560	163.193	163.283	F3	60	80	0
1561	163.203	163.348	A4	77	80	0
1562	163.325	163.483	Eb4	62	80	0
1563	163.345	163.561	C5	79	80	0
1564	163.506	163.556	F3	54	80	0
1565	163.523	163.6	Bb4	87	80	0
1566	163.536	163.785	D4	64	80	0
1567	163.689	163.865	Eb3	55	80	0
1568	163.865	163.951	G5	88	80	0
1569	163.867	164.056	D3	66	80	0
1570	163.867	163.939	Bb4	86	80	0
1571	164.033	164.279	Eb3	69	80	0
1572	164.243	164.302	F3	78	80	0
1573	164.244	165.131	D5	85	80	0
1574	164.248	164.769	Bb4	78	80	0
1575	164.646	164.766	Eb3	81	80	0
1576	165.076	166.372	C5	80	80	0
1577	165.08	165.192	F3	75	80	0
1578	165.081	165.222	A4	72	80	0
1579	165.597	165.79	Eb4	77	80	0
1580	165.599	165.766	F2	71	80	0
1581	166.309	170.512	Bb4	74	80	0
1582	166.312	170.52	Bb2	57	80	0
1583	166.314	170.521	D4	61	80	0
#SusPed	0.212607	5	0
#SofPed	0.212607	1	0
#SusPed	0.416666	11	0
#SofPed	0.416666	2	0
#SusPed	0.620726	15	0
#SofPed	0.620726	3	0
#SusPed	0.824786	22	0
#SofPed	0.824786	4	0
#SusPed	1.02885	25	0
#SofPed	1.02885	5	0
#SusPed	1.2329	33	0
#SofPed	1.2329	6	0
#SusPed	1.43696	35	0
#SofPed	1.43696	7	0
#SusPed	1.64102	44	0
#SofPed	1.64102	8	0
#SofPed	2.07799	0	0
#SusPed	2.11752	40	0
#SusPed	2.15705	34	0
#SusPed	2.19765	25	0
#SusPed	2.21795	20	0
#SusPed	2.23825	16	0
#SusPed	2.25748	10	0
#SusPed	2.29594	0	0
#SusPed	7.16239	9	0
#SusPed	7.20085	0	0
#SusPed	8.44016	33	0
#SusPed	8.45939	58	0
#SusPed	8.47969	49	0
#SusPed	8.49892	46	0
#SusPed	8.53952	49	0
#SusPed	8.61751	45	0
#SusPed	8.63674	42	0
#SusPed	8.76495	40	0
#SusPed	8.80448	34	0
#SusPed	8.82478	24	0
#SusPed	8.84294	0	0
#SusPed	9.06516	47	0
#SusPed	9.08226	60	0
#SusPed	9.3205	55	0
#SusPed	9.3408	46	0
#SusPed	9.35897	29	0
#SusPed	9.37926	0	0
#SusPed	9.63781	16	0
#SusPed	9.65704	79	0
#SusPed	9.67841	94	0
#SusPed	9.71794	85	0
#SusPed	9.73931	73	0
#SusPed	9.76708	52	0
#SusPed	9.78845	0	0
#SusPed	9.94657	22	0
#SusPed	9.96473	51	0
#SusPed	9.98503	45	0
#SusPed	10.0053	20	0
#SusPed	10.0235	0	0
#SusPed	10.2799	26	0
#SusPed	10.3023	63	0
#SusPed	10.3205	53	0
#SusPed	10.3408	0	0
#SusPed	10.9455	53	0
#SusPed	10.9658	65	0
#SusPed	10.985	55	0
#SusPed	11.0459	57	0
#SusPed	11.1239	54	0
#SusPed	11.2222	52	0
#SusPed	11.2425	48	0
#SusPed	11.2628	45	0
#SusPed	11.282	43	0
#SusPed	11.3429	34	0
#SusPed	11.3814	0	0
#SusPed	11.579	12	0
#SusPed	11.5993	47	0
#SusPed	11.6175	53	0
#SusPed	11.6389	51	0
#SusPed	11.7671	45	0
#SusPed	11.7874	27	0
#SusPed	11.8066	0	0
#SusPed	12.1453	14	0
#SusPed	12.1645	65	0
#SusPed	12.1827	66	0
#SusPed	12.2019	45	0
#SusPed	12.2243	0	0
#SusPed	12.4615	14	0
#SusPed	12.4818	29	0
#SusPed	12.5021	0	0
#SofPed	12.8066	8	0
#SusPed	12.8472	52	0
#SofPed	12.8664	0	0
#SusPed	12.8867	0	0
#SusPed	13.4231	22	0
#SusPed	13.4434	45	0
#SusPed	13.4615	20	0
#SusPed	13.4797	0	0
#SusPed	19.4412	25	0
#SusPed	19.4797	16	0
#SusPed	19.501	9	0
#SofPed	19.5032	8	0
#SusPed	19.5384	0	0
#SofPed	19.6763	0	0
#SusPed	19.7201	28	0
#SusPed	19.7382	52	0
#SusPed	19.766	48	0
#SusPed	19.7863	23	0
#SusPed	19.8066	0	0
#SusPed	20.0641	40	0
#SusPed	20.0855	78	0
#SusPed	20.1047	73	0
#SusPed	20.126	68	0
#SusPed	20.1431	64	0
#SusPed	20.1837	65	0
#SusPed	20.2628	63	0
#SusPed	20.282	61	0
#SusPed	20.3814	60	0
#SusPed	20.4006	57	0
#SusPed	20.4209	55	0
#SusPed	20.4604	51	0
#SusPed	20.4807	44	0
#SusPed	20.501	34	0
#SusPed	20.5213	13	0
#SusPed	20.5406	0	0
#SusPed	20.9872	69	0
#SusPed	21.0064	80	0
#SusPed	21.0246	78	0
#SusPed	21.0449	73	0
#SusPed	21.0651	76	0
#SusPed	21.0844	79	0
#SusPed	21.1442	77	0
#SusPed	21.1656	73	0
#SusPed	21.2211	69	0
#SusPed	21.2425	54	0
#SusPed	21.2628	0	0
#SusPed	21.5598	46	0
#SusPed	21.5812	89	0
#SusPed	21.641	83	0
#SusPed	21.6602	86	0
#SusPed	21.6773	91	0
#SusPed	21.6987	98	0
#SusPed	21.7489	94	0
#SusPed	21.7692	90	0
#SusPed	21.828	87	0
#SusPed	21.8483	73	0
#SusPed	21.8675	49	0
#SusPed	21.8867	0	0
#SusPed	22.1239	39	0
#SusPed	22.1453	49	0
#SusPed	22.1645	33	0
#SusPed	22.1837	0	0
#SusPed	22.5032	25	0
#SusPed	22.5224	69	0
#SusPed	22.5406	60	0
#SusPed	22.5609	20	0
#SusPed	22.5801	0	0
#SusPed	25.1463	29	0
#SusPed	25.1666	40	0
#SofPed	25.1677	8	0
#SusPed	25.266	45	0
#SusPed	25.2863	49	0
#SusPed	25.3461	47	0
#SofPed	25.4466	0	0
#SusPed	25.4872	43	0
#SusPed	25.5651	36	0
#SusPed	25.5844	24	0
#SusPed	25.6047	14	0
#SusPed	25.6442	0	0
#SusPed	25.8931	21	0
#SusPed	25.9113	52	0
#SusPed	25.9337	49	0
#SusPed	25.953	44	0
#SusPed	26.0502	41	0
#SusPed	26.1495	36	0
#SusPed	26.1912	32	0
#SusPed	26.6271	36	0
#SusPed	26.6666	40	0
#SusPed	26.704	43	0
#SusPed	26.7532	45	0
#SusPed	26.8547	47	0
#SusPed	26.8931	49	0
#SusPed	27.0726	51	0
#SusPed	27.1495	53	0
#SusPed	27.2297	55	0
#SusPed	27.2692	57	0
#SusPed	27.3098	59	0
#SusPed	27.3889	60	0
#SusPed	27.4092	61	0
#SusPed	27.5502	60	0
#SusPed	27.5876	58	0
#SusPed	27.6891	55	0
#SusPed	27.7072	53	0
#SusPed	27.7553	50	0
#SusPed	27.7767	46	0
#SusPed	27.7959	38	0
#SusPed	27.8151	27	0
#SusPed	27.8365	9	0
#SusPed	27.8557	0	0
#SusPed	28.1944	33	0
#SusPed	28.2136	55	0
#SusPed	28.2329	62	0
#SusPed	28.2532	64	0
#SusPed	28.2724	68	0
#SusPed	28.2916	76	0
#SusPed	28.3141	93	0
#SusPed	28.3322	127	0
#SusPed	28.5277	70	0
#SusPed	28.548	0	0
#SusPed	29.0929	9	0
#SusPed	29.1111	16	0
#SusPed	29.1517	23	0
#SusPed	29.173	43	0
#SusPed	29.1912	61	0
#SusPed	29.2126	71	0
#SusPed	29.2318	76	0
#SusPed	29.251	80	0
#SusPed	29.2713	87	0
#SusPed	29.2895	101	0
#SusPed	29.3098	127	0
#SusPed	30.094	104	0
#SusPed	30.1175	69	0
#SusPed	30.1346	25	0
#SusPed	30.1517	0	0
#SusPed	30.5886	9	0
#SusPed	30.6079	14	0
#SusPed	30.6282	19	0
#SusPed	30.6474	25	0
#SusPed	30.6688	34	0
#SusPed	30.688	44	0
#SusPed	30.7072	54	0
#SusPed	30.7275	60	0
#SusPed	30.7553	64	0
#SusPed	30.7756	67	0
#SusPed	30.7959	71	0
#SusPed	30.8151	76	0
#SusPed	30.8354	83	0
#SusPed	30.8568	95	0
#SusPed	30.876	121	0
#SusPed	30.8953	127	0
#SusPed	31.3739	121	0
#SusPed	31.391	69	0
#SusPed	31.4092	0	0
#SusPed	31.548	12	0
#SusPed	31.5694	27	0
#SusPed	31.5897	0	0
#SusPed	32.9551	8	0
#SusPed	33.0352	13	0
#SusPed	33.0758	18	0
#SusPed	33.1527	0	0
#SusPed	33.2938	15	0
#SusPed	33.313	23	0
#SusPed	33.3333	31	0
#SusPed	33.3515	37	0
#SusPed	33.3718	42	0
#SusPed	33.391	46	0
#SusPed	33.4113	48	0
#SusPed	33.4519	51	0
#SusPed	33.532	53	0
#SusPed	33.5715	50	0
#SusPed	33.5918	41	0
#SusPed	33.61	31	0
#SusPed	33.6698	39	0
#SusPed	33.6891	44	0
#SusPed	33.7083	47	0
#SusPed	33.7799	50	0
#SusPed	33.8173	53	0
#SusPed	33.8579	51	0
#SusPed	33.8771	41	0
#SusPed	33.8963	24	0
#SusPed	33.9166	12	0
#SusPed	33.9572	16	0
#SusPed	33.9765	24	0
#SusPed	33.9978	36	0
#SusPed	34.016	48	0
#SusPed	34.0352	55	0
#SusPed	34.0555	58	0
#SusPed	34.1154	50	0
#SusPed	34.1356	36	0
#SusPed	34.157	24	0
#SusPed	34.1955	32	0
#SusPed	34.2115	44	0
#SusPed	34.2329	55	0
#SusPed	34.2532	61	0
#SusPed	34.2927	58	0
#SusPed	34.313	45	0
#SusPed	34.3322	20	0
#SusPed	34.3536	9	0
#SusPed	34.3739	16	0
#SusPed	34.3931	32	0
#SusPed	34.4134	50	0
#SusPed	34.4327	62	0
#SusPed	34.4722	53	0
#SusPed	34.4914	41	0
#SusPed	34.5106	32	0
#SusPed	34.5512	46	0
#SusPed	34.5715	61	0
#SusPed	34.5918	67	0
#SusPed	34.6111	66	0
#SusPed	34.6314	62	0
#SusPed	34.6517	56	0
#SusPed	34.6709	44	0
#SusPed	34.6816	34	0
#SusPed	34.7201	44	0
#SusPed	34.75	59	0
#SusPed	34.7692	67	0
#SusPed	34.7906	64	0
#SusPed	34.8077	56	0
#SusPed	34.829	43	0
#SusPed	34.8483	34	0
#SusPed	34.8675	38	0
#SusPed	34.8867	50	0
#SusPed	34.9081	59	0
#SusPed	34.9273	57	0
#SusPed	34.9465	50	0
#SusPed	34.9668	41	0
#SusPed	34.9871	35	0
#SusPed	35.0277	45	0
#SusPed	35.048	57	0
#SusPed	35.0673	61	0
#SusPed	35.1079	59	0
#SusPed	35.1271	57	0
#SusPed	35.1453	54	0
#SusPed	35.3258	52	0
#SusPed	35.3824	50	0
#SusPed	35.5032	48	0
#SusPed	35.6431	46	0
#SusPed	35.7211	44	0
#SusPed	35.8696	41	0
#SusPed	35.9092	37	0
#SusPed	36.0074	31	0
#SusPed	36.048	26	0
#SusPed	36.0662	22	0
#SusPed	36.0876	17	0
#SusPed	36.1079	12	0
#SusPed	36.1474	0	0
#SusPed	37.3664	10	0
#SusPed	37.3846	20	0
#SusPed	37.4059	28	0
#SusPed	37.4262	35	0
#SusPed	37.4455	43	0
#SusPed	37.4647	52	0
#SusPed	37.485	58	0
#SusPed	37.5032	63	0
#SusPed	37.5224	67	0
#SusPed	37.5427	70	0
#SusPed	37.563	73	0
#SusPed	37.5833	77	0
#SusPed	37.6025	83	0
#SusPed	37.6228	94	0
#SusPed	37.6431	113	0
#SusPed	37.6624	127	0
#SusPed	38.3087	119	0
#SusPed	38.328	108	0
#SusPed	38.3461	95	0
#SusPed	38.3664	83	0
#SusPed	38.3867	72	0
#SusPed	38.407	61	0
#SusPed	38.4262	52	0
#SusPed	38.4465	39	0
#SusPed	38.4658	17	0
#SusPed	38.4871	0	0
#SusPed	39.0897	22	0
#SusPed	39.1111	35	0
#SusPed	39.1303	48	0
#SusPed	39.1495	60	0
#SusPed	39.1698	69	0
#SusPed	39.1901	77	0
#SusPed	39.2083	87	0
#SusPed	39.2275	100	0
#SusPed	39.2478	119	0
#SusPed	39.2681	127	0
#SofPed	39.3483	8	0
#SofPed	39.407	12	0
#SofPed	39.4861	17	0
#SofPed	39.5854	21	0
#SusPed	39.7735	82	0
#SofPed	39.7756	25	0
#SusPed	39.7948	21	0
#SusPed	39.8141	0	0
#SofPed	40.3483	21	0
#SofPed	40.4091	16	0
#SofPed	40.4882	11	0
#SofPed	40.6463	0	0
#SusPed	41.6079	13	0
#SusPed	41.6282	24	0
#SusPed	41.6474	34	0
#SusPed	41.6688	43	0
#SusPed	41.688	48	0
#SusPed	41.7062	50	0
#SusPed	41.8589	48	0
#SusPed	41.938	45	0
#SusPed	41.9594	43	0
#SusPed	42.0363	45	0
#SusPed	42.1164	43	0
#SusPed	42.1356	33	0
#SusPed	42.1752	0	0
#SusPed	42.2745	8	0
#SusPed	42.2948	21	0
#SusPed	42.3141	29	0
#SusPed	42.3344	33	0
#SusPed	42.3942	38	0
#SusPed	42.4124	40	0
#SusPed	42.6324	42	0
#SusPed	42.6517	45	0
#SusPed	42.6901	38	0
#SusPed	42.7286	0	0
#SusPed	42.8579	19	0
#SusPed	42.8782	34	0
#SusPed	42.8974	42	0
#SusPed	42.9177	46	0
#SusPed	42.9775	48	0
#SusPed	43.0747	51	0
#SusPed	43.1164	53	0
#SusPed	43.1559	47	0
#SusPed	43.1762	35	0
#SusPed	43.1944	22	0
#SusPed	43.2564	29	0
#SusPed	43.2745	37	0
#SusPed	43.2959	47	0
#SusPed	43.3151	55	0
#SusPed	43.3354	58	0
#SusPed	43.3728	48	0
#SusPed	43.3942	26	0
#SusPed	43.4134	0	0
#SusPed	43.4743	12	0
#SusPed	43.4946	31	0
#SusPed	43.5149	48	0
#SusPed	43.5341	58	0
#SusPed	43.5534	61	0
#SusPed	43.5726	58	0
#SusPed	43.594	48	0
#SusPed	43.6132	32	0
#SusPed	43.6324	19	0
#SusPed	43.673	28	0
#SusPed	43.6944	38	0
#SusPed	43.7126	47	0
#SusPed	43.7329	51	0
#SusPed	43.782	46	0
#SusPed	43.8012	38	0
#SusPed	43.8215	32	0
#SusPed	44.0384	26	0
#SusPed	44.0598	21	0
#SusPed	44.1784	10	0
#SusPed	44.1997	0	0
#SusPed	44.4957	20	0
#SusPed	44.516	29	0
#SusPed	44.5363	36	0
#SusPed	44.5555	46	0
#SusPed	44.5758	57	0
#SusPed	44.5972	64	0
#SusPed	44.6132	70	0
#SusPed	44.6335	76	0
#SusPed	44.6517	82	0
#SusPed	44.6741	91	0
#SusPed	44.6933	97	0
#SusPed	44.7329	86	0
#SusPed	44.7638	60	0
#SusPed	44.7841	12	0
#SusPed	44.8034	0	0
#SusPed	45.4775	16	0
#SusPed	45.4978	31	0
#SusPed	45.5181	45	0
#SusPed	45.5384	56	0
#SusPed	45.5576	62	0
#SusPed	45.5779	66	0
#SusPed	45.5972	70	0
#SusPed	45.6185	73	0
#SusPed	45.6367	78	0
#SusPed	45.6581	84	0
#SusPed	45.6773	93	0
#SusPed	45.6944	103	0
#SusPed	45.7147	117	0
#SusPed	45.735	127	0
#SusPed	46.2831	116	0
#SusPed	46.3034	95	0
#SusPed	46.3269	74	0
#SusPed	46.3429	54	0
#SusPed	46.3589	33	0
#SusPed	46.3792	0	0
#SusPed	46.6367	13	0
#SusPed	46.6581	27	0
#SusPed	46.6773	42	0
#SusPed	46.6976	57	0
#SusPed	46.7168	67	0
#SusPed	46.7382	74	0
#SusPed	46.767	80	0
#SusPed	46.7884	88	0
#SusPed	46.8066	99	0
#SusPed	46.8258	114	0
#SusPed	46.845	127	0
#SusPed	47.3269	114	0
#SusPed	47.3408	91	0
#SusPed	47.3621	69	0
#SusPed	47.3814	52	0
#SusPed	47.4017	39	0
#SusPed	47.423	25	0
#SusPed	47.4412	0	0
#SusPed	47.7681	11	0
#SusPed	47.7873	26	0
#SusPed	47.8076	43	0
#SusPed	47.8269	58	0
#SusPed	47.8482	66	0
#SusPed	47.8664	71	0
#SusPed	47.8856	75	0
#SusPed	47.9049	80	0
#SusPed	47.9262	89	0
#SusPed	47.9444	103	0
#SusPed	47.9647	124	0
#SusPed	48.6602	117	0
#SusPed	48.6794	104	0
#SusPed	48.6987	88	0
#SusPed	48.7179	73	0
#SusPed	48.7489	60	0
#SusPed	48.7681	49	0
#SusPed	48.7873	36	0
#SusPed	48.8076	12	0
#SusPed	48.8269	0	0
#SusPed	49.3429	19	0
#SusPed	49.3632	36	0
#SusPed	49.3824	54	0
#SusPed	49.4027	66	0
#SusPed	49.4209	73	0
#SusPed	49.4412	77	0
#SusPed	49.4615	81	0
#SusPed	49.4807	85	0
#SusPed	49.5021	90	0
#SusPed	49.5213	97	0
#SusPed	49.5416	105	0
#SusPed	49.5608	115	0
#SusPed	49.5811	127	0
#SofPed	49.5822	8	0
#SofPed	49.6602	13	0
#SofPed	49.719	18	0
#SofPed	49.8856	22	0
#SofPed	50.0245	26	0
#SusPed	50.1047	91	0
#SusPed	50.1249	51	0
#SusPed	50.1442	0	0
#SofPed	50.2254	30	0
#SusPed	51.423	9	0
#SusPed	51.4626	18	0
#SusPed	51.4829	32	0
#SusPed	51.5032	44	0
#SusPed	51.5224	49	0
#SofPed	51.6997	26	0
#SusPed	51.7211	47	0
#SusPed	51.8888	45	0
#SofPed	51.9081	22	0
#SusPed	52.047	42	0
#SusPed	52.0673	40	0
#SofPed	52.0865	16	0
#SofPed	52.1271	11	0
#SusPed	52.1858	34	0
#SusPed	52.2072	30	0
#SofPed	52.2093	0	0
#SusPed	52.3044	26	0
#SusPed	52.5245	15	0
#SusPed	52.5438	0	0
#SusPed	52.6826	18	0
#SusPed	52.7029	41	0
#SusPed	52.7232	58	0
#SusPed	52.751	65	0
#SusPed	52.7724	66	0
#SusPed	52.9508	64	0
#SusPed	52.969	63	0
#SusPed	53.0106	62	0
#SusPed	53.0309	60	0
#SusPed	53.0886	58	0
#SusPed	53.1645	56	0
#SusPed	53.2467	54	0
#SusPed	53.2831	52	0
#SusPed	53.422	49	0
#SusPed	53.4626	47	0
#SusPed	53.5405	43	0
#SusPed	53.5598	41	0
#SusPed	53.6217	37	0
#SusPed	53.641	33	0
#SusPed	53.6613	27	0
#SusPed	53.6784	20	0
#SusPed	53.6997	15	0
#SusPed	53.8343	0	0
#SusPed	54.1933	20	0
#SusPed	54.2521	34	0
#SusPed	54.2713	49	0
#SusPed	54.2916	59	0
#SusPed	54.3119	62	0
#SusPed	54.392	63	0
#SusPed	54.4284	64	0
#SusPed	54.4508	66	0
#SusPed	54.469	67	0
#SusPed	54.5085	60	0
#SusPed	54.5299	40	0
#SusPed	54.5502	0	0
#SusPed	54.6666	30	0
#SusPed	54.688	54	0
#SusPed	54.7072	69	0
#SusPed	54.7264	78	0
#SusPed	54.7564	84	0
#SusPed	54.7777	91	0
#SusPed	54.797	99	0
#SusPed	54.8162	109	0
#SusPed	54.8376	122	0
#SusPed	54.8568	127	0
#SusPed	55.1153	113	0
#SusPed	55.1356	83	0
#SusPed	55.1538	55	0
#SusPed	55.1741	0	0
#SusPed	55.3322	37	0
#SusPed	55.3546	58	0
#SusPed	55.3728	67	0
#SusPed	55.3942	73	0
#SusPed	55.4134	81	0
#SusPed	55.4337	93	0
#SusPed	55.4529	115	0
#SusPed	55.4732	127	0
#SusPed	55.8995	111	0
#SusPed	55.9209	77	0
#SusPed	55.939	41	0
#SusPed	55.9572	0	0
#SusPed	56.0972	33	0
#SusPed	56.1175	55	0
#SusPed	56.1367	67	0
#SusPed	56.1559	73	0
#SusPed	56.1762	80	0
#SusPed	56.1955	88	0
#SusPed	56.2147	99	0
#SusPed	56.2371	113	0
#SusPed	56.2542	127	0
#SusPed	56.9177	102	0
#SusPed	56.9412	79	0
#SusPed	56.9593	58	0
#SusPed	56.9786	32	0
#SusPed	56.9989	0	0
#SusPed	57.3952	18	0
#SusPed	57.4145	40	0
#SusPed	57.4358	57	0
#SusPed	57.4551	72	0
#SusPed	57.4754	87	0
#SusPed	57.4935	114	0
#SusPed	57.5128	127	0
#SofPed	57.673	8	0
#SofPed	57.8012	13	0
#SofPed	57.8408	19	0
#SofPed	57.8803	26	0
#SofPed	57.9187	31	0
#SofPed	57.9583	38	0
#SofPed	57.9999	42	0
#SofPed	58.0395	47	0
#SofPed	58.079	51	0
#SofPed	58.1164	55	0
#SusPed	58.157	79	0
#SofPed	58.1602	61	0
#SusPed	58.1762	32	0
#SusPed	58.1965	0	0
#SofPed	58.1987	65	0
#SofPed	58.2564	70	0
#SofPed	58.3162	74	0
#SofPed	58.3942	78	0
#SusPed	62.0395	14	0
#SusPed	62.0608	0	0
#SusPed	62.2799	34	0
#SusPed	62.2991	20	0
#SusPed	62.3172	0	0
#SusPed	62.4561	37	0
#SusPed	62.4764	46	0
#SusPed	62.4957	44	0
#SusPed	62.517	39	0
#SusPed	62.5363	27	0
#SusPed	62.5576	13	0
#SusPed	62.5769	9	0
#SusPed	62.6549	16	0
#SusPed	62.6752	23	0
#SusPed	62.6944	27	0
#SusPed	62.7638	16	0
#SusPed	62.7841	0	0
#SofPed	63.0619	74	0
#SofPed	63.3589	70	0
#SusPed	64.4775	13	0
#SusPed	64.5373	0	0
#SusPed	64.767	33	0
#SusPed	64.7852	41	0
#SusPed	64.8237	0	0
#SofPed	65.1014	66	0
#SusPed	65.1228	10	0
#SusPed	65.1431	18	0
#SusPed	65.1826	0	0
#SofPed	65.1837	62	0
#SofPed	65.2211	55	0
#SofPed	65.2403	48	0
#SofPed	65.2596	44	0
#SofPed	65.3001	36	0
#SofPed	65.3204	29	0
#SofPed	65.3407	21	0
#SofPed	65.3589	11	0
#SofPed	65.3792	0	0
#SofPed	70.7895	8	0
#SofPed	70.9476	12	0
#SofPed	71.2457	16	0
#SofPed	71.4038	20	0
#SofPed	71.5021	24	0
#SofPed	71.6613	28	0
#SofPed	78.1709	24	0
#SofPed	78.705	28	0
#SofPed	79.2104	34	0
#SofPed	80.6292	30	0
#SofPed	80.8162	26	0
#SofPed	81.4305	30	0
#SofPed	85.2959	25	0
#SofPed	85.3525	21	0
#SofPed	85.3738	14	0
#SofPed	85.4337	0	0
#SusPed	90.9999	12	0
#SusPed	91.0191	57	0
#SusPed	91.0405	60	0
#SusPed	91.0608	58	0
#SusPed	91.08	56	0
#SusPed	91.1014	50	0
#SusPed	91.1206	44	0
#SusPed	91.158	46	0
#SusPed	91.1997	38	0
#SusPed	91.2179	11	0
#SusPed	91.2371	0	0
#SusPed	92.2403	18	0
#SusPed	92.2585	32	0
#SusPed	92.2788	0	0
#SusPed	92.9828	38	0
#SusPed	93.002	73	0
#SusPed	93.0213	63	0
#SusPed	93.0426	56	0
#SusPed	93.1025	58	0
#SusPed	93.1399	51	0
#SusPed	93.1602	30	0
#SusPed	93.1794	0	0
#SusPed	93.5758	21	0
#SusPed	93.595	36	0
#SusPed	93.6153	0	0
#SusPed	96.8877	45	0
#SusPed	96.908	72	0
#SusPed	96.9273	63	0
#SusPed	96.9486	61	0
#SusPed	97.0266	62	0
#SusPed	97.0661	61	0
#SusPed	97.0854	59	0
#SusPed	97.1858	56	0
#SusPed	97.2029	51	0
#SusPed	97.2232	46	0
#SusPed	97.2435	43	0
#SusPed	97.2649	37	0
#SusPed	97.283	21	0
#SusPed	97.3044	0	0
#SusPed	100.891	53	0
#SusPed	100.91	60	0
#SusPed	100.93	49	0
#SusPed	100.952	34	0
#SusPed	100.969	0	0
#SusPed	101.17	11	0
#SusPed	101.19	21	0
#SusPed	101.209	0	0
#SusPed	101.832	13	0
#SusPed	101.852	0	0
#SusPed	102.794	29	0
#SusPed	102.833	24	0
#SusPed	102.912	19	0
#SusPed	102.933	8	0
#SusPed	102.952	0	0
#SusPed	104.739	62	0
#SusPed	104.758	67	0
#SusPed	104.78	61	0
#SusPed	104.838	60	0
#SusPed	104.876	55	0
#SusPed	104.897	48	0
#SusPed	104.918	42	0
#SusPed	104.977	44	0
#SusPed	105.015	37	0
#SusPed	105.036	28	0
#SusPed	105.054	20	0
#SusPed	105.094	10	0
#SusPed	105.114	0	0
#SusPed	105.373	11	0
#SusPed	105.393	0	0
#SusPed	106.672	25	0
#SusPed	106.692	49	0
#SusPed	106.713	35	0
#SusPed	106.741	20	0
#SusPed	106.78	12	0
#SusPed	106.8	0	0
#SusPed	107.316	12	0
#SusPed	107.334	0	0
#SusPed	107.593	27	0
#SusPed	107.612	0	0
#SusPed	107.881	9	0
#SusPed	107.921	0	0
#SusPed	108.577	24	0
#SusPed	108.617	0	0
#SusPed	116.454	21	0
#SusPed	116.472	61	0
#SusPed	116.513	54	0
#SusPed	116.532	52	0
#SusPed	116.613	42	0
#SusPed	116.654	0	0
#SusPed	124.328	37	0
#SusPed	124.347	50	0
#SusPed	124.367	42	0
#SusPed	124.388	32	0
#SusPed	124.407	22	0
#SusPed	124.427	17	0
#SusPed	124.485	0	0
#SusPed	126.229	57	0
#SusPed	126.249	83	0
#SusPed	126.288	74	0
#SusPed	126.31	58	0
#SusPed	126.329	24	0
#SusPed	126.349	0	0
#SusPed	128.8	20	0
#SusPed	128.819	0	0
#SusPed	130.136	40	0
#SusPed	130.156	33	0
#SusPed	130.296	0	0
#SusPed	137.198	15	0
#SusPed	137.214	0	0
#SusPed	137.839	43	0
#SusPed	137.86	53	0
#SusPed	137.88	42	0
#SusPed	137.897	19	0
#SusPed	137.918	0	0
#SofPed	137.958	8	0
#SusPed	138.473	20	0
#SusPed	138.492	28	0
#SusPed	138.511	0	0
#SusPed	138.841	10	0
#SusPed	138.86	0	0
#SofPed	139.137	0	0
#SusPed	139.824	30	0
#SusPed	139.844	42	0
#SusPed	139.865	22	0
#SusPed	139.884	12	0
#SusPed	139.943	0	0
#SusPed	145.722	23	0
#SusPed	145.741	13	0
#SusPed	145.771	0	0
#SusPed	147.029	22	0
#SusPed	147.049	0	0
#SusPed	147.663	33	0
#SusPed	147.683	65	0
#SusPed	147.703	60	0
#SusPed	147.723	54	0
#SusPed	147.743	43	0
#SusPed	147.772	17	0
#SusPed	147.793	0	0
#SusPed	148.366	30	0
#SusPed	148.387	48	0
#SusPed	148.406	0	0
#SusPed	149.687	37	0
#SusPed	149.728	0	0
#SusPed	151.646	19	0
#SusPed	151.664	85	0
#SusPed	151.683	92	0
#SusPed	151.702	87	0
#SusPed	151.722	76	0
#SusPed	151.742	70	0
#SusPed	151.813	68	0
#SusPed	151.833	59	0
#SusPed	151.852	44	0
#SusPed	151.873	28	0
#SusPed	151.893	18	0
#SusPed	151.913	9	0
#SusPed	151.931	0	0
#SusPed	153.131	51	0
#SusPed	153.149	49	0
#SusPed	153.171	0	0
#SusPed	153.875	64	0
#SusPed	153.893	69	0
#SusPed	153.913	65	0
#SusPed	153.951	62	0
#SusPed	153.972	52	0
#SusPed	153.992	30	0
#SusPed	154.012	0	0
#SusPed	155.895	30	0
#SusPed	155.913	68	0
#SusPed	155.935	57	0
#SusPed	155.954	26	0
#SusPed	155.974	0	0
#SusPed	157.856	14	0
#SusPed	157.895	0	0
#SusPed	158.451	44	0
#SusPed	158.472	61	0
#SusPed	158.491	31	0
#SusPed	158.512	0	0
#SusPed	159.058	22	0
#SusPed	159.078	44	0
#SusPed	159.096	46	0
#SusPed	159.115	38	0
#SusPed	159.158	0	0
#SusPed	159.758	55	0
#SusPed	159.779	82	0
#SusPed	159.92	80	0
#SusPed	159.94	76	0
#SusPed	159.958	69	0
#SusPed	159.977	60	0
#SusPed	159.999	51	0
#SusPed	160.019	16	0
#SusPed	160.038	0	0
#SusPed	160.373	57	0
#SusPed	160.394	127	0
#SusPed	160.453	110	0
#SusPed	160.474	102	0
#SusPed	160.493	80	0
#SusPed	160.513	54	0
#SusPed	160.534	10	0
#SusPed	160.553	0	0
#SusPed	160.96	57	0
#SusPed	160.978	55	0
#SusPed	160.999	0	0
#SusPed	161.316	20	0
#SusPed	161.335	73	0
#SusPed	161.357	65	0
#SusPed	161.377	15	0
#SusPed	161.394	0	0
#SusPed	161.653	60	0
#SusPed	161.674	72	0
#SusPed	161.691	64	0
#SusPed	161.711	60	0
#SusPed	161.731	62	0
#SusPed	161.762	63	0
#SusPed	161.802	61	0
#SusPed	161.821	55	0
#SusPed	161.841	45	0
#SusPed	161.861	35	0
#SusPed	161.88	23	0
#SusPed	161.898	0	0
#SusPed	162.297	10	0
#SusPed	162.315	85	0
#SusPed	162.336	109	0
#SusPed	162.375	104	0
#SusPed	162.395	87	0
#SusPed	162.413	71	0
#SusPed	162.433	51	0
#SusPed	162.454	37	0
#SusPed	162.474	9	0
#SusPed	162.493	0	0
#SusPed	162.881	47	0
#SusPed	162.899	57	0
#SusPed	162.92	0	0
#SusPed	163.218	22	0
#SusPed	163.237	56	0
#SusPed	163.256	45	0
#SusPed	163.274	0	0
#SusPed	163.536	20	0
#SusPed	163.554	52	0
#SusPed	163.575	46	0
#SusPed	163.594	23	0
#SusPed	163.615	0	0
