// alignID alignOntime alignSitch alignPitch alignOnvel refID refOntime refSitch refPitch refOnvel
0	1.71875	Eb3	51	91	0	0	Eb3	51	112	
1	1.72031	Eb4	63	91	1	0	Eb4	63	112	
2	1.72917	Eb2	39	75	2	0	Eb2	39	112	
3	1.8151	C#3	49	102	5	0.127119	C#3	49	112	
4	1.82552	C#4	61	89	3	0.127119	C#4	61	112	
5	1.82656	Eb3	51	41	*	-1	*	-1	-1	
6	1.82812	C#2	37	81	4	0.127119	C#2	37	112	
7	2.86198	Eb3	51	90	6	1.01695	Eb3	51	112	
8	2.86198	Eb4	63	89	7	1.01695	Eb4	63	112	
9	2.86354	Eb2	39	75	8	1.01695	Eb2	39	112	
10	2.95729	B3	59	92	9	1.14407	B3	59	112	
11	2.95938	B2	47	98	11	1.14407	B2	47	112	
12	2.97031	B1	35	88	10	1.14407	B1	35	112	
13	3.01042	C#4	61	58	*	-1	*	-1	-1	
14	3.02969	C2	36	20	*	-1	*	-1	-1	
15	4.01979	Eb3	51	95	12	2.0339	Eb3	51	112	
16	4.01979	Eb4	63	89	13	2.0339	Eb4	63	112	
17	4.03385	Eb2	39	73	14	2.0339	Eb2	39	112	
18	4.11458	Bb2	46	99	17	2.16102	Bb2	46	112	
19	4.11979	Bb1	34	85	16	2.16102	Bb1	34	112	
20	4.13281	Bb3	58	92	15	2.16102	Bb3	58	112	
21	4.14062	Eb3	51	29	*	-1	*	-1	-1	
22	5.16406	B3	59	88	19	3.05085	B3	59	112	
23	5.16667	B2	47	92	18	3.05085	B2	47	112	
24	5.17604	B1	35	83	20	3.05085	B1	35	112	
25	5.28385	G#2	44	99	23	3.17797	G#2	44	112	
26	5.2901	G#3	56	89	21	3.17797	G#3	56	112	
27	5.29531	G#1	32	81	22	3.17797	G#1	32	112	
28	6.62344	E3	52	101	24	4.0678	E3	52	112	
29	6.62344	E4	64	94	25	4.0678	E4	64	112	
30	6.62917	E2	40	95	26	4.0678	E2	40	112	
31	6.7776	E2	40	94	29	4.19491	E2	40	112	
32	6.78229	E3	52	97	27	4.19491	E3	52	112	
33	6.78385	E4	64	93	28	4.19491	E4	64	112	
34	10.975	G1	31	30	32	7.24576	G1	31	49	
35	10.975	C4	60	31	31	7.24576	C4	60	49	
36	11.0052	G2	43	19	33	7.24576	G2	43	49	
37	11.013	G3	55	33	30	7.24576	G3	55	49	
38	12.2203	D4	62	46	36	8.26271	D4	62	49	
39	12.237	G3	55	33	35	8.26271	G3	55	49	
40	12.2396	F3	53	39	34	8.26271	F3	53	49	
41	13.176	E3	52	39	37	9.02542	E3	52	49	
42	13.1813	C4	60	44	39	9.02542	C4	60	49	
43	13.4203	F4	65	59	41	9.27966	F4	65	49	
44	13.4417	B3	59	40	40	9.27966	B3	59	49	
45	13.4437	D3	50	33	43	9.27966	D3	50	49	
46	13.4505	G2	43	33	42	9.27966	G2	43	49	
47	14.6927	F#2	42	31	46	10.2966	F#2	42	49	
48	14.6937	F#4	66	49	45	10.2966	F#4	66	49	
49	14.7016	Eb3	51	31	47	10.2966	Eb3	51	49	
50	14.7448	B3	59	29	44	10.2966	B3	59	49	
51	15.5823	F#2	42	40	50	11.0593	F#2	42	49	
52	15.6667	E3	52	7	51	11.0593	E3	52	49	
53	15.6849	Bb3	58	36	48	11.0593	Bb3	58	49	
54	15.6891	Bb4	70	52	49	11.0593	Bb4	70	49	
55	15.8307	F#2	42	46	55	11.3136	F#2	42	49	
56	15.9609	Bb3	58	41	52	11.3136	Bb3	58	49	
57	16.0479	E4	64	46	53	11.3136	E4	64	49	
58	16.3057	C#5	73	73	54	11.3136	C#5	73	49	
59	17.7432	F#1	30	33	56	12.3305	F#1	30	49	
60	19.3089	F#2	42	28	60	13.3475	F#2	42	49	
61	19.3089	B4	71	37	59	13.3475	B4	71	49	
62	19.3188	B1	35	33	61	13.3475	B1	35	49	
63	19.3245	B3	59	20	57	13.3475	B3	59	49	
64	19.3281	Eb4	63	28	58	13.3475	Eb4	63	49	
65	21.9323	F#4	66	39	62	14.3644	F#4	66	49	
66	23.0885	Eb5	75	47	63	15.1271	Eb5	75	49	
67	23.3813	B1	35	33	65	15.3814	B1	35	49	
68	23.4062	Eb5	75	44	64	15.3814	Eb5	75	49	
69	24.3672	F#3	54	34	66	16.1441	F#3	54	49	
70	24.3714	Eb4	63	31	68	16.1441	Eb4	63	49	
71	24.3891	B3	59	25	67	16.1441	B3	59	49	
72	24.6526	Eb4	63	17	71	16.3983	Eb4	63	49	
73	24.6849	B3	59	21	70	16.3983	B3	59	49	
74	24.6917	F#3	54	24	69	16.3983	F#3	54	49	
75	25.6234	F#2	42	39	72	17.161	F#2	42	49	
76	25.8734	B1	35	35	74	17.4153	B1	35	49	
77	25.8839	B4	71	50	73	17.4153	B4	71	49	
78	26.7589	F#3	54	35	76	18.178	F#3	54	49	
79	26.7682	Eb4	63	34	78	18.178	Eb4	63	49	
80	26.7745	C#5	73	61	75	18.178	C#5	73	49	
81	26.7875	B3	59	27	77	18.178	B3	59	49	
82	27.0391	Eb5	75	68	79	18.4322	Eb5	75	49	
83	27.0531	Eb4	63	31	82	18.4322	Eb4	63	49	
84	27.0625	F#3	54	24	80	18.4322	F#3	54	49	
85	27.0667	B3	59	17	81	18.4322	B3	59	49	
86	27.9297	F#2	42	28	84	19.1949	F#2	42	49	
87	27.9323	E5	76	58	83	19.1949	E5	76	49	
88	28.2432	Bb1	34	28	86	19.4491	Bb1	34	49	
89	28.2865	Eb5	75	51	85	19.4491	Eb5	75	49	
90	29.1807	F#3	54	35	87	20.2119	F#3	54	49	
91	29.1901	E4	64	28	89	20.2119	E4	64	49	
92	29.2057	C#4	61	27	88	20.2119	C#4	61	49	
93	29.4807	E4	64	13	93	20.4661	E4	64	49	
94	29.4807	C#5	73	53	90	20.4661	C#5	73	49	
95	29.5104	F#3	54	33	91	20.4661	F#3	54	49	
96	29.5141	C#4	61	25	92	20.4661	C#4	61	49	
97	30.3203	Eb5	75	49	94	21.2288	Eb5	75	49	
98	30.3411	F#2	42	27	95	21.2288	F#2	42	49	
99	30.6526	C#2	37	32	97	21.483	C#2	37	49	
100	30.676	E5	76	54	96	21.483	E5	76	49	
101	31.4182	F#5	78	42	98	21.9915	F#5	78	49	
102	31.6526	E5	76	48	99	22.161	E5	76	49	
103	31.7057	F#3	54	31	100	22.2458	F#3	54	49	
104	31.7161	Bb3	58	34	101	22.2458	Bb3	58	49	
105	31.7188	E4	64	24	102	22.2458	E4	64	49	
106	31.8422	Eb5	75	60	103	22.3305	Eb5	75	49	
107	32.0547	E4	64	19	107	22.5	E4	64	49	
108	32.0599	Bb3	58	33	106	22.5	Bb3	58	49	
109	32.0823	F#3	54	20	105	22.5	F#3	54	49	
110	32.0979	E5	76	51	104	22.5	E5	76	49	
111	32.9964	F#2	42	31	109	23.2627	F#2	42	49	
112	33.0182	F#5	78	43	108	23.2627	F#5	78	49	
113	33.275	B1	35	37	111	23.5169	B1	35	49	
114	33.3062	Eb5	75	43	110	23.5169	Eb5	75	49	
115	34.1927	Eb4	63	29	114	24.2797	Eb4	63	49	
116	34.1969	F#3	54	27	112	24.2797	F#3	54	49	
117	34.4859	Eb4	63	18	117	24.5339	Eb4	63	49	
118	34.5219	F#3	54	23	115	24.5339	F#3	54	49	
119	35.3948	F2	41	29	118	25.2966	F2	41	49	
120	35.6781	Bb1	34	31	120	25.5508	Bb1	34	49	
121	35.6812	C#5	73	58	119	25.5508	C#5	73	49	
122	36.5328	F3	53	37	121	26.3136	F3	53	49	
123	36.5354	C#4	61	33	123	26.3136	C#4	61	49	
124	36.5417	Bb3	58	32	122	26.3136	Bb3	58	49	
125	36.8323	C#4	61	31	127	26.5678	C#4	61	49	
126	36.8359	Eb3	51	36	125	26.5678	Eb3	51	49	
127	36.849	G3	55	30	126	26.5678	G3	55	49	
128	36.8922	Eb5	75	60	124	26.5678	Eb5	75	49	
129	37.75	Eb2	39	34	129	27.3305	Eb2	39	49	
130	37.7682	Bb4	70	48	*	-1	*	-1	-1	
131	38.0625	G#1	32	29	131	27.5847	G#1	32	49	
132	38.0625	B4	71	58	130	27.5847	B4	71	49	
133	38.887	B3	59	30	134	28.3475	B3	59	49	
134	38.9125	D3	50	29	132	28.3475	D3	50	49	
135	38.9182	F#3	54	15	133	28.3475	F#3	54	49	
136	39.1891	Bb4	70	61	135	28.6017	Bb4	70	49	
137	39.2005	B3	59	28	138	28.6017	B3	59	49	
138	39.2057	C#3	49	33	136	28.6017	C#3	49	49	
139	39.2344	F3	53	32	137	28.6017	F3	53	49	
140	40.0354	C#2	37	33	140	29.3644	C#2	37	49	
141	40.0469	B4	71	64	139	29.3644	B4	71	49	
142	40.4234	F#1	30	32	142	29.6186	F#1	30	49	
143	40.5094	C#5	73	57	141	29.6186	C#5	73	49	
144	41.3734	E4	64	21	145	30.3814	E4	64	49	
145	41.3891	G3	55	21	143	30.3814	G3	55	49	
146	41.4156	B3	59	22	144	30.3814	B3	59	49	
147	41.6875	F#4	66	45	146	30.6356	F#4	66	49	
148	41.7109	E4	64	19	149	30.6356	E4	64	49	
149	41.7422	F#3	54	15	147	30.6356	F#3	54	49	
150	41.7437	Bb3	58	24	148	30.6356	Bb3	58	49	
151	42.6891	Eb5	75	45	150	31.3983	Eb5	75	49	
152	42.7031	F#2	42	31	151	31.3983	F#2	42	49	
153	43.0234	B1	35	31	153	31.6525	B1	35	49	
154	43.0703	Eb5	75	40	152	31.6525	Eb5	75	49	
155	43.9349	F#3	54	28	154	32.4152	F#3	54	49	
156	43.9359	Eb4	63	19	156	32.4152	Eb4	63	49	
157	43.9505	B3	59	21	155	32.4152	B3	59	49	
158	44.2422	B3	59	10	158	32.6695	B3	59	49	
159	44.2604	F#3	54	23	157	32.6695	F#3	54	49	
160	45.1536	F#2	42	29	160	33.4322	F#2	42	49	
161	45.4219	B1	35	40	162	33.6864	B1	35	49	
162	45.426	B4	71	54	161	33.6864	B4	71	49	
163	46.2318	C#5	73	61	163	34.4491	C#5	73	49	
164	46.2474	F#3	54	27	164	34.4491	F#3	54	49	
165	46.275	B3	59	20	165	34.4491	B3	59	49	
166	46.2797	Eb4	63	30	166	34.4491	Eb4	63	49	
167	46.5042	B3	59	7	169	34.7034	B3	59	49	
168	46.5276	Eb5	75	64	167	34.7034	Eb5	75	49	
169	46.5443	Eb4	63	28	170	34.7034	Eb4	63	49	
170	47.3724	F#5	78	42	171	35.4661	F#5	78	49	
171	47.3932	F#2	42	25	172	35.4661	F#2	42	49	
172	47.4359	E5	76	57	173	35.5297	E5	76	49	
173	47.7969	Bb1	34	29	175	35.7203	Bb1	34	49	
174	47.9245	Eb5	75	46	174	35.7203	Eb5	75	49	
175	48.763	F#3	54	24	176	36.483	F#3	54	49	
176	48.7672	E4	64	21	178	36.483	E4	64	49	
177	48.7943	C#4	61	18	177	36.483	C#4	61	49	
178	49.0901	C#5	73	47	179	36.7373	C#5	73	49	
179	49.0901	E4	64	11	182	36.7373	E4	64	49	
180	49.0979	F#3	54	14	180	36.7373	F#3	54	49	
181	49.1042	C#4	61	24	181	36.7373	C#4	61	49	
182	49.9688	Eb5	75	43	183	37.5	Eb5	75	49	
183	49.975	F#2	42	17	184	37.5	F#2	42	49	
184	50.3099	C#2	37	23	186	37.7542	C#2	37	55	
185	50.3714	E5	76	46	185	37.7542	E5	76	59	
186	51.0755	F#5	78	35	187	38.2627	F#5	78	65	
187	51.3141	E5	76	47	188	38.4322	E5	76	70	
188	51.4036	F#3	54	27	189	38.5169	F#3	54	58	
189	51.4104	E4	64	25	191	38.5169	E4	64	58	
190	51.4182	Bb3	58	30	190	38.5169	Bb3	58	58	
191	51.5026	Eb5	75	52	192	38.6017	Eb5	75	75	
192	51.7344	E4	64	12	196	38.7712	E4	64	61	
193	51.7604	E5	76	50	193	38.7712	E5	76	80	
194	51.7641	Bb3	58	14	195	38.7712	Bb3	58	61	
195	52.6354	F#2	42	21	198	39.5339	F#2	42	65	
196	52.6625	F#5	78	40	197	39.5339	F#5	78	86	
197	53.0094	C2	36	31	200	39.7881	C2	36	68	
198	53.0312	Eb5	75	42	199	39.7881	Eb5	75	91	
199	53.9234	F#4	66	36	203	40.5508	F#4	66	71	
200	53.926	G#3	56	35	201	40.5508	G#3	56	71	
201	53.9495	Eb4	63	26	202	40.5508	Eb4	63	71	
202	54.2281	F#4	66	35	206	40.8051	F#4	66	74	
203	54.2318	G#3	56	31	204	40.8051	G#3	56	74	
204	54.2448	Eb4	63	29	205	40.8051	Eb4	63	74	
205	55.1016	C2	36	53	207	41.5678	C2	36	77	
206	55.6078	C#2	37	49	208	41.822	C#2	37	96	
207	56.1031	C#5	73	62	209	42.0763	C#5	73	96	
208	56.4062	F#5	78	79	210	42.3305	F#5	78	96	
209	56.6469	G#5	80	87	211	42.5847	G#5	80	96	
210	56.6469	Bb3	58	43	212	42.5847	Bb3	58	96	
211	56.6771	F#4	66	32	214	42.5847	F#4	66	96	
212	56.6891	C#4	61	34	213	42.5847	C#4	61	96	
213	56.9635	Bb3	58	28	216	42.839	Bb3	58	96	
214	56.9714	C#4	61	23	217	42.839	C#4	61	96	
215	56.9807	F#4	66	30	218	42.839	F#4	66	96	
216	57.0938	B5	83	75	215	42.839	B5	83	96	
217	57.4937	Bb5	82	72	219	43.0932	Bb5	82	96	
218	57.7891	F#5	78	68	220	43.3475	F#5	78	96	
219	58.0286	Eb5	75	63	221	43.6017	Eb5	75	96	
220	58.0609	C#1	25	37	222	43.6017	C#1	25	96	
221	58.3411	C#2	37	35	224	43.8559	C#2	37	96	
222	58.3635	B4	71	55	223	43.8559	B4	71	96	
223	59.2203	F4	65	33	227	44.6186	F4	65	86	
224	59.2281	C#4	61	25	226	44.6186	C#4	61	86	
225	59.2474	G#3	56	17	225	44.6186	G#3	56	86	
226	59.5208	F4	65	30	230	44.8729	F4	65	80	
227	59.5406	G#3	56	12	228	44.8729	G#3	56	80	
228	59.5495	C#4	61	29	229	44.8729	C#4	61	80	
229	60.3813	C#2	37	28	231	45.6356	C#2	37	75	
230	60.6849	Bb4	70	48	232	45.8898	Bb4	70	70	
231	60.7318	F#2	42	6	233	45.8898	F#2	42	70	
232	61.5156	F#4	66	29	236	46.6525	F#4	66	65	
233	61.5234	Bb3	58	31	234	46.6525	Bb3	58	65	
234	61.5312	C#4	61	26	235	46.6525	C#4	61	65	
235	61.8422	F#4	66	34	239	46.9068	F#4	66	59	
236	61.849	C#4	61	24	238	46.9068	C#4	61	59	
237	61.8568	Bb3	58	20	237	46.9068	Bb3	58	59	
238	62.7656	F#1	30	36	240	47.6695	F#1	30	54	
239	63.2057	F#2	42	28	242	47.9237	F#2	42	49	
240	63.2328	G#4	68	45	241	47.9237	G#4	68	49	
241	64.2188	F#3	54	15	243	48.6864	F#3	54	49	
242	64.2229	Eb4	63	22	246	48.6864	Eb4	63	49	
243	64.2276	C4	60	30	245	48.6864	C4	60	49	
244	64.2328	G#3	56	25	244	48.6864	G#3	56	49	
245	64.526	Eb4	63	23	251	48.9407	Eb4	63	49	
246	64.5667	G#5	80	54	247	48.9407	G#5	80	49	
247	64.5807	G#3	56	17	249	48.9407	G#3	56	49	
248	65.4964	F#2	42	39	252	49.7034	F#2	42	49	
249	65.8099	E2	40	28	253	49.9576	E2	40	49	
250	66.6589	C#5	73	48	254	50.7203	C#5	73	49	
251	66.6667	E3	52	37	255	50.7203	E3	52	49	
252	66.6849	G#3	56	29	256	50.7203	G#3	56	49	
253	66.6849	C#4	61	24	257	50.7203	C#4	61	49	
254	66.7057	G#4	68	25	258	50.7203	E4	64	49	
255	66.9281	E3	52	21	260	50.9746	E3	52	49	
256	66.9359	Eb5	75	55	259	50.9746	Eb5	75	49	
257	66.9464	G#4	68	37	263	50.9746	E4	64	49	
258	66.9672	G#3	56	27	261	50.9746	G#3	56	49	
259	66.9729	C#4	61	22	262	50.9746	C#4	61	49	
260	67.7406	E5	76	55	264	51.7373	E5	76	49	
261	67.7542	E2	40	31	265	51.7373	E2	40	49	
262	68.0745	Eb2	39	31	267	51.9915	Eb2	39	49	
263	68.0823	F#5	78	51	266	51.9915	F#5	78	49	
264	68.9453	C5	72	44	268	52.7542	C5	72	49	
265	68.9464	Eb3	51	32	269	52.7542	Eb3	51	49	
266	68.9573	F#4	66	33	272	52.7542	F#4	66	49	
267	68.9766	G#3	56	22	270	52.7542	G#3	56	49	
268	69.1995	C#5	73	60	273	53.0085	C#5	73	49	
269	69.2083	F#4	66	37	277	53.0085	F#4	66	49	
270	69.2214	Eb3	51	33	274	53.0085	Eb3	51	49	
271	69.225	G#3	56	27	275	53.0085	G#3	56	49	
272	69.2292	C4	60	11	276	53.0085	C4	60	49	
273	70.0167	Eb2	39	34	279	53.7712	Eb2	39	49	
274	70.0276	Eb5	75	59	278	53.7712	Eb5	75	49	
275	70.3255	C#2	37	32	281	54.0254	C#2	37	49	
276	70.3958	E5	76	63	280	54.0254	E5	76	49	
277	71.1797	B3	59	30	283	54.7881	B3	59	49	
278	71.1823	E4	64	30	284	54.7881	E4	64	49	
279	71.2151	E3	52	3	282	54.7881	E3	52	49	
280	71.5182	B3	59	29	287	55.0424	B3	59	49	
281	71.5276	E3	52	19	286	55.0424	E3	52	49	
282	71.5339	E4	64	29	288	55.0424	E4	64	49	
283	71.5625	G4	67	56	285	55.0424	G4	67	49	
284	72.3438	Eb2	39	36	289	55.8051	Eb2	39	37	
285	72.6953	E2	40	29	291	56.0593	E2	40	33	
286	72.7057	F#4	66	42	290	56.0593	F#4	66	33	
287	73.5823	E3	52	23	292	56.822	E3	52	33	
288	73.5833	C#4	61	31	295	56.822	C#4	61	33	
289	73.5979	Bb3	58	25	294	56.822	Bb3	58	33	
290	73.6104	F#3	54	28	293	56.822	F#3	54	33	
291	73.9203	Bb3	58	8	299	57.0763	Bb3	58	33	
292	73.9307	C#4	61	28	300	57.0763	C#4	61	33	
293	73.9729	F#5	78	54	296	57.0763	F#5	78	33	
294	74.8568	E2	40	30	301	57.839	E2	40	33	
295	75.1495	Eb2	39	38	302	58.0932	Eb2	39	33	
296	76.0354	B4	71	46	303	58.8559	B4	71	33	
297	76.0479	Eb3	51	32	304	58.8559	Eb3	51	33	
298	76.0609	B3	59	25	306	58.8559	B3	59	33	
299	76.0651	F#4	66	27	307	58.8559	F#4	66	33	
300	76.0745	F#3	54	7	305	58.8559	F#3	54	33	
301	76.3109	C#5	73	60	308	59.1102	C#5	73	33	
302	76.3229	F#4	66	37	312	59.1102	F#4	66	33	
303	76.3464	Eb3	51	32	309	59.1102	Eb3	51	33	
304	76.3526	F#3	54	19	310	59.1102	F#3	54	33	
305	76.3568	B3	59	33	311	59.1102	B3	59	33	
306	77.0375	Eb5	75	59	313	59.8729	Eb5	75	33	
307	77.1016	Eb2	39	26	314	59.8729	Eb2	39	33	
308	77.4125	C#2	37	32	316	60.1271	C#2	37	33	
309	77.4151	E5	76	68	315	60.1271	E5	76	33	
310	78.2354	E4	64	31	320	60.8898	E4	64	33	
311	78.2542	Bb4	70	58	317	60.8898	Bb4	70	33	
312	78.2656	G3	55	20	318	60.8898	G3	55	33	
313	78.2812	Bb3	58	29	319	60.8898	Bb3	58	33	
314	78.2969	G4	67	31	321	60.8898	G4	67	33	
315	78.5276	B4	71	66	322	61.1441	B4	71	33	
316	78.5339	G4	67	47	326	61.1441	G4	67	33	
317	78.5417	G3	55	30	323	61.1441	G3	55	33	
318	78.5687	Bb3	58	40	324	61.1441	Bb3	58	33	
319	78.5687	E4	64	34	325	61.1441	E4	64	33	
320	79.2385	C#5	73	75	327	61.9068	C#5	73	33	
321	79.2979	C#2	37	31	328	61.9068	C#2	37	33	
322	79.5667	B1	35	42	330	62.161	B1	35	33	
323	79.6026	Eb5	75	70	329	62.161	Eb5	75	33	
324	80.401	G#3	56	40	331	62.9237	G#3	56	33	
325	80.4062	Eb4	63	41	332	62.9237	Eb4	63	33	
326	80.4062	G#4	68	41	333	62.9237	G#4	68	33	
327	80.6703	G#3	56	28	335	63.178	G#3	56	33	
328	80.6927	Eb4	63	35	336	63.178	Eb4	63	33	
329	80.8333	G#4	68	74	334	63.178	G#4	68	33	
330	81.6078	B1	35	41	*	-1	*	-1	-1	
331	81.9766	B1	35	31	337	63.9407	B1	35	38	
332	82.1797	F#4	66	42	339	64.1949	F#4	66	33	
333	82.3344	Eb5	75	45	338	64.1949	Eb5	75	33	
334	83.1771	F#3	54	26	341	64.9576	F#3	54	33	
335	83.1937	B3	59	25	342	64.9576	B3	59	33	
336	83.1995	Eb4	63	23	343	64.9576	Eb4	63	33	
337	83.4906	Eb4	63	21	347	65.2119	Eb4	63	33	
338	83.4948	G#4	68	52	344	65.2119	G#4	68	33	
339	83.4984	F#3	54	20	345	65.2119	F#3	54	33	
340	83.5167	B3	59	25	346	65.2119	B3	59	33	
341	84.2526	B1	35	41	348	65.9746	B1	35	33	
342	84.4922	B1	35	46	351	66.2288	B1	35	33	
343	84.5807	F#4	66	47	350	66.2288	F#4	66	33	
344	84.6641	B4	71	60	349	66.2288	B4	71	33	
345	85.388	C#5	73	71	352	66.9915	C#5	73	33	
346	85.4026	F#3	54	44	353	66.9915	F#3	54	33	
347	85.4047	Eb4	63	46	355	66.9915	Eb4	63	33	
348	85.4073	B3	59	41	354	66.9915	B3	59	33	
349	85.6547	F#3	54	40	357	67.2458	F#3	54	33	
350	85.6562	B3	59	21	358	67.2458	B3	59	33	
351	85.6703	Eb5	75	76	356	67.2458	Eb5	75	33	
352	85.676	Eb4	63	44	359	67.2458	Eb4	63	33	
353	86.4516	B1	35	33	361	68.0085	B1	35	33	
354	86.4984	E5	76	77	360	68.0085	E5	76	33	
355	86.7786	B1	35	45	364	68.2627	B1	35	33	
356	86.8479	Eb5	75	77	362	68.2627	Eb5	75	33	
357	86.8958	F#4	66	49	363	68.2627	F#4	66	33	
358	87.7328	E4	64	38	367	69.0254	E4	64	33	
359	87.7448	Bb3	58	33	366	69.0254	Bb3	58	33	
360	87.7484	F#3	54	30	365	69.0254	F#3	54	33	
361	88.0401	C#5	73	77	368	69.2797	C#5	73	33	
362	88.0547	E4	64	36	372	69.2797	E4	64	33	
363	88.0589	Bb3	58	40	371	69.2797	Bb3	58	33	
364	88.0651	G#4	68	62	369	69.2797	G#4	68	33	
365	88.0667	F#3	54	24	370	69.2797	F#3	54	33	
366	88.8557	B1	35	45	374	70.0424	B1	35	33	
367	88.8839	Eb5	75	77	373	70.0424	Eb5	75	33	
368	89.2943	B1	35	37	377	70.2966	B1	35	33	
369	89.3828	E5	76	81	375	70.2966	E5	76	33	
370	89.4245	F#4	66	48	376	70.2966	F#4	66	33	
371	90.1312	F#5	78	63	378	70.8051	F#5	78	33	
372	90.376	E5	76	77	379	70.9746	E5	76	33	
373	90.4516	E4	64	42	382	71.0593	E4	64	33	
374	90.4542	F#3	54	40	380	71.0593	F#3	54	33	
375	90.4698	Bb3	58	35	381	71.0593	Bb3	58	33	
376	90.5667	Eb5	75	84	383	71.1441	Eb5	75	33	
377	90.7875	F#3	54	27	386	71.3135	F#3	54	33	
378	90.8203	E4	64	32	388	71.3135	E4	64	33	
379	90.8438	Bb3	58	29	387	71.3135	Bb3	58	33	
380	90.9427	E5	76	82	384	71.3135	E5	76	33	
381	90.9818	G#4	68	52	385	71.3135	G#4	68	33	
382	91.9437	B1	35	35	390	72.0763	B1	35	33	
383	91.9818	F#5	78	81	389	72.0763	F#5	78	33	
384	92.6469	Eb5	75	75	393	72.3305	Eb5	75	33	
385	92.6589	Eb4	63	45	391	72.3305	Eb4	63	33	
386	92.6589	B1	35	38	394	72.3305	B1	35	33	
387	92.6745	A4	69	51	392	72.3305	A4	69	33	
388	94.887	E2	40	39	398	74.3644	E2	40	33	
389	94.9698	B2	47	41	399	74.3644	B2	47	33	
390	95.0557	E3	52	46	400	74.3644	E3	52	33	
391	95.1641	B3	59	47	401	74.3644	B3	59	33	
392	95.2432	E4	64	43	396	74.3644	E4	64	33	
393	95.2979	G#4	68	57	397	74.3644	G#4	68	33	
394	95.387	Eb5	75	80	395	74.3644	Eb5	75	33	
395	96.2328	C#5	73	76	402	74.8729	C#5	73	33	
396	96.8698	B4	71	69	403	75.3813	B4	71	58	
397	97.7094	B5	83	75	404	76.1441	B5	83	96	
398	97.9635	B5	83	78	405	76.3983	B5	83	96	
399	99.2839	C#4	61	53	408	77.4152	C#4	61	115	
400	99.3099	B3	59	41	407	77.4152	B3	59	115	
401	99.3151	E2	40	31	409	77.4152	E2	40	96	
402	99.3214	G#3	56	36	406	77.4152	G#3	56	115	
403	101.044	Eb4	63	36	412	79.4491	Eb4	63	96	
404	101.077	F#2	42	25	413	79.4491	F#2	42	96	
405	101.083	F#3	54	17	410	79.4491	F#3	54	96	
406	101.096	B3	59	26	411	79.4491	B3	59	96	
407	102.053	B3	59	32	414	80.4661	B3	59	96	
408	102.074	G#2	44	27	415	80.4661	G#2	44	96	
409	102.094	E3	52	25	416	80.4661	E3	52	96	
410	102.88	E4	64	41	417	81.2288	E4	64	96	
411	103.159	E4	64	35	418	81.483	E4	64	96	
412	104.458	Eb5	75	45	419	82.5	Eb5	75	96	
413	105.036	C#5	73	73	420	83.0085	C#5	73	96	
414	105.562	B4	71	73	421	83.5169	B4	71	96	
415	106.356	B5	83	86	422	84.2796	B5	83	96	
416	106.594	B5	83	86	423	84.5339	B5	83	96	
417	107.758	E4	64	71	425	85.5508	E4	64	96	
418	107.768	G#2	44	43	426	85.5508	G#2	44	96	
419	107.778	B3	59	49	424	85.5508	B3	59	96	
420	109.599	F#4	66	50	431	87.5847	F#4	66	96	
421	109.617	D4	62	43	430	87.5847	D4	62	96	
422	109.623	F#2	42	34	432	87.5847	F#2	42	96	
423	109.625	F#3	54	26	428	87.5847	F#3	54	96	
424	109.642	B3	59	36	429	87.5847	B3	59	96	
425	110.635	G#4	68	49	436	88.6017	G#4	68	96	
426	110.66	E2	40	22	437	88.6017	E2	40	96	
427	110.664	G#3	56	36	433	88.6017	G#3	56	96	
428	110.692	D4	62	35	435	88.6017	D4	62	96	
429	111.811	G#5	80	62	438	89.6186	G#5	80	96	
430	112.917	G#4	68	33	439	90.6356	G#4	68	96	
431	113.724	E3	52	30	443	91.6525	E3	52	96	
432	113.859	C#4	61	27	442	91.6525	Bb4	70	96	
433	113.967	Bb4	70	42	447	91.7796	Bb4	70	96	
434	113.981	G4	67	24	*	-1	*	-1	-1	
435	114.1	B4	71	51	449	91.8411	B4	71	96	
436	114.18	Bb4	70	56	450	91.9068	Bb4	70	96	
437	114.258	B4	71	53	452	91.9682	B4	71	96	
438	114.331	Bb4	70	63	453	92.0254	Bb4	70	96	
439	114.388	B4	71	55	455	92.0953	B4	71	96	
440	114.456	Bb4	70	55	457	92.161	Bb4	70	96	
441	114.49	B4	71	56	459	92.2224	B4	71	96	
442	114.552	Bb4	70	47	460	92.2881	Bb4	70	96	
443	114.669	Bb4	70	63	463	92.3983	Bb4	70	96	
444	114.739	A4	69	60	466	92.4915	A4	69	96	
445	114.809	Bb4	70	52	467	92.5424	Bb4	70	96	
446	114.942	D4	62	35	472	92.6695	D4	62	96	
447	114.973	B4	71	49	469	92.6038	B4	71	96	
448	114.998	G#4	68	46	468	92.5847	Bb4	70	96	
449	115.103	G#4	68	6	471	92.6695	G#4	68	96	
450	116.094	E5	76	53	473	93.6864	E5	76	96	
451	117.161	E4	64	40	474	94.7034	E4	64	96	
452	117.962	E3	52	36	478	95.7203	E3	52	96	
453	118.043	Bb3	58	35	479	95.7203	Bb3	58	96	
454	118.159	C#4	61	33	476	95.7203	C#4	61	96	
455	118.223	G4	67	45	482	95.8474	G4	67	96	
456	118.333	G#4	68	57	484	95.9089	G#4	68	96	
457	118.427	G4	67	51	485	95.9746	G4	67	96	
458	118.482	G#4	68	58	487	96.036	G#4	68	96	
459	118.547	G4	67	54	488	96.0932	G4	67	96	
460	118.598	G#4	68	69	490	96.1631	G#4	68	96	
461	118.656	G4	67	63	492	96.2288	G4	67	96	
462	118.698	G#4	68	64	494	96.2902	G#4	68	96	
463	118.753	G4	67	64	495	96.3559	G4	67	96	
464	118.866	G4	67	66	498	96.4661	G4	67	96	
465	118.939	F#4	66	65	501	96.5593	F#4	66	96	
466	119.013	G4	67	49	502	96.6102	G4	67	96	
467	119.118	G#4	68	56	504	96.6716	G#4	68	96	
468	119.129	D4	62	32	506	96.7373	D4	62	96	
469	120.248	E2	40	31	508	97.7542	E2	40	96	
470	120.267	B3	59	30	507	97.7542	B3	59	96	
471	121.282	Eb2	39	37	511	98.7712	Eb2	39	96	
472	121.282	Eb4	63	30	510	98.7712	Eb4	63	96	
473	121.289	C4	60	38	509	98.7712	C4	60	96	
474	122.34	G#4	68	49	512	99.7881	G#4	68	96	
475	122.349	G#3	56	32	513	99.7881	G#3	56	96	
476	122.353	D2	38	36	515	99.7881	D2	38	96	
477	122.356	E4	64	34	514	99.7881	E4	64	96	
478	123.457	G#4	68	48	516	100.805	G#4	68	96	
479	123.477	C#2	37	32	519	100.805	C#2	37	96	
480	123.501	B3	59	27	517	100.805	B3	59	96	
481	123.51	F4	65	40	518	100.805	F4	65	96	
482	124.587	Bb4	70	47	520	101.822	Bb4	70	96	
483	125.415	B4	71	50	521	102.585	B4	71	96	
484	125.545	F#1	30	31	523	102.839	F#1	30	96	
485	125.565	F#2	42	16	*	-1	*	-1	-1	
486	125.681	Bb3	58	45	522	102.839	Bb3	58	96	
487	125.82	E4	64	30	524	102.972	E4	64	96	
488	125.953	G#4	68	51	525	103.108	G#4	68	96	
489	126.392	Eb5	75	56	526	103.246	Eb5	75	96	
490	127.998	C#5	73	47	530	103.856	C#5	73	96	
491	128.031	E4	64	32	527	103.856	E4	64	96	
492	128.049	Bb4	70	30	529	103.856	Bb4	70	96	
493	128.049	F#4	66	26	528	103.856	F#4	66	96	
494	129.791	B1	35	26	533	104.873	B1	35	96	
495	129.869	B4	71	39	531	104.873	B4	71	96	
496	129.909	Eb4	63	16	532	104.873	Eb4	63	96	
497	129.947	F#4	66	3	*	-1	*	-1	-1	
498	130.529	C#4	61	34	534	105.212	C#4	61	96	
499	130.94	B3	59	35	535	105.551	B3	59	96	
500	131.239	F#3	54	35	536	105.89	F#3	54	96	
501	131.52	B3	59	34	537	106.229	B3	59	96	
502	131.748	G#3	56	38	538	106.568	G#3	56	96	
503	132.067	A3	57	34	541	106.907	A3	57	96	
504	132.084	E4	64	35	540	106.907	E4	64	96	
505	132.108	C#4	61	20	539	106.907	C#4	61	96	
506	132.4	B3	59	35	542	107.246	B3	59	96	
507	132.637	A3	57	28	543	107.585	A3	57	96	
508	132.888	C#3	49	30	544	107.924	C#3	49	96	
509	133.123	F#3	54	31	545	108.263	F#3	54	96	
510	133.202	F#4	66	40	547	108.432	F#4	66	96	
511	133.225	B3	59	25	546	108.432	B3	59	96	
512	133.362	Eb3	51	43	548	108.602	Eb3	51	96	
513	133.666	E3	52	38	553	108.941	E3	52	96	
514	133.776	B4	71	55	552	108.941	B4	71	96	
515	133.812	G#4	68	41	551	108.941	G#4	68	96	
516	133.818	B3	59	15	549	108.941	B3	59	96	
517	133.82	E4	64	27	550	108.941	E4	64	96	
518	134.072	F#3	54	36	554	109.28	F#3	54	96	
519	134.324	E3	52	34	555	109.619	E3	52	96	
520	134.57	B2	47	28	556	109.958	B2	47	96	
521	134.856	C#3	49	37	557	110.297	C#3	49	96	
522	135.078	G#2	44	41	558	110.636	G#2	44	96	
523	135.42	B2	47	35	563	110.975	B2	47	96	
524	135.457	Eb4	63	28	560	110.975	Eb4	63	96	
525	135.465	B4	71	47	562	110.975	B4	71	96	
526	135.47	A4	69	36	561	110.975	A4	69	96	
527	135.482	B3	59	30	559	110.975	B3	59	96	
528	135.771	C#3	49	34	564	111.314	C#3	49	96	
529	136.053	F2	41	41	565	111.653	F2	41	96	
530	136.401	F#2	42	39	566	111.992	F#2	42	96	
531	136.747	G#2	44	35	567	112.33	G#2	44	96	
532	137.16	B1	35	33	568	112.669	B1	35	96	
533	138.002	E2	40	24	571	113.008	E2	40	96	
534	138.022	B2	47	28	572	113.008	B2	47	96	
535	138.077	B4	71	43	569	113.008	B4	71	96	
536	138.581	G#4	68	33	573	113.347	G#4	68	96	
537	138.857	F#4	66	33	575	113.686	F#4	66	96	
538	139.146	E4	64	30	576	114.025	E4	64	96	
539	139.419	B3	59	26	578	114.364	B3	59	96	
540	139.666	G#4	68	44	580	114.703	G#4	68	96	
541	139.975	B4	71	44	581	115.042	B4	71	96	
542	140.306	G#4	68	36	583	115.381	G#4	68	96	
543	140.531	F#4	66	33	585	115.72	F#4	66	96	
544	140.802	E4	64	29	586	116.059	E4	64	96	
545	141.078	B3	59	31	588	116.398	B3	59	96	
546	141.32	G#4	68	43	590	116.737	G#4	68	96	
547	141.672	G#3	56	52	593	117.076	G#3	56	96	
548	141.741	B4	71	44	591	117.076	B4	71	96	
549	142.081	G#4	68	40	594	117.415	G#4	68	96	
550	142.348	F#4	66	37	596	117.754	F#4	66	96	
551	142.592	E4	64	33	597	118.093	E4	64	96	
552	142.817	B3	59	37	599	118.432	B3	59	96	
553	142.942	F#3	54	50	601	118.602	F#3	54	96	
554	143.094	G#4	68	44	602	118.771	G#4	68	96	
555	143.47	E3	52	36	606	119.11	E3	52	96	
556	143.49	A2	45	32	605	119.11	A2	45	96	
557	143.513	C#5	73	51	603	119.11	C#5	73	96	
558	143.893	G#4	68	36	607	119.449	G#4	68	96	
559	144.135	F#4	66	38	609	119.788	F#4	66	96	
560	144.393	E4	64	37	610	120.127	E4	64	96	
561	144.637	C#4	61	37	612	120.466	C#4	61	96	
562	144.895	A4	69	43	614	120.805	A4	69	96	
563	145.17	E3	52	29	617	121.144	E3	52	96	
564	145.18	E2	40	26	616	121.144	E2	40	96	
565	145.229	B4	71	43	615	121.144	B4	71	96	
566	145.556	G#4	68	35	618	121.483	G#4	68	96	
567	145.807	F#4	66	39	620	121.822	F#4	66	96	
568	146.06	E4	64	42	621	122.161	E4	64	96	
569	146.326	B3	59	43	623	122.5	B3	59	96	
570	146.556	G#4	68	52	625	122.839	G#4	68	96	
571	146.656	C#2	37	37	628	123.178	C#2	37	96	
572	146.753	G#2	44	44	629	123.244	G#2	44	96	
573	146.872	E3	52	37	630	123.311	E3	52	96	
574	146.952	E3	52	3	*	-1	*	-1	-1	
575	147.002	G#4	68	66	626	123.178	G#4	68	96	
576	147.38	E4	64	36	631	123.517	E4	64	96	
577	147.654	Eb4	63	37	633	123.856	Eb4	63	96	
578	147.91	C#4	61	43	634	124.195	C#4	61	96	
579	148.162	G#3	56	39	636	124.534	G#3	56	96	
580	148.435	E4	64	33	638	124.873	E4	64	96	
581	148.737	G#4	68	42	639	125.212	G#4	68	96	
582	149.025	E4	64	40	641	125.551	E4	64	96	
583	149.273	Eb4	63	45	643	125.89	Eb4	63	96	
584	149.51	C#4	61	53	644	126.229	C#4	61	96	
585	149.733	G#3	56	62	646	126.568	G#3	56	96	
586	149.978	E4	64	57	647	126.907	E4	64	96	
587	150.083	A1	33	46	650	127.246	A1	33	96	
588	150.173	A2	45	56	651	127.379	A2	45	96	
589	150.242	E3	52	51	652	127.515	E3	52	96	
590	150.367	E4	64	66	648	127.246	E4	64	96	
591	150.714	C#4	61	49	653	127.585	C#4	61	96	
592	150.944	B3	59	49	655	127.924	B3	59	96	
593	151.198	A3	57	58	656	128.263	A3	57	96	
594	151.455	E3	52	50	658	128.602	E3	52	96	
595	151.686	C#4	61	59	660	128.941	C#4	61	96	
596	151.965	E2	40	41	663	129.28	E2	40	96	
597	151.979	B2	47	35	664	129.28	B2	47	96	
598	152.055	E4	64	60	661	129.28	E4	64	96	
599	152.372	B3	59	38	665	129.619	B3	59	96	
600	152.591	A3	57	44	667	129.958	A3	57	96	
601	152.857	G#3	56	52	668	130.297	G#3	56	96	
602	153.125	E3	52	45	670	130.636	E3	52	96	
603	153.365	B3	59	51	672	130.975	B3	59	96	
604	153.669	Eb4	63	69	673	131.314	Eb4	63	96	
605	153.952	B3	59	38	675	131.653	B3	59	96	
606	154.208	A3	57	51	677	131.992	A3	57	96	
607	154.466	G#3	56	57	678	132.33	G#3	56	96	
608	154.706	E3	52	54	680	132.669	E3	52	96	
609	154.955	B3	59	53	682	133.008	B3	59	96	
610	155.328	C#4	61	66	683	133.347	C#4	61	96	
611	155.331	E2	40	42	686	133.347	E2	40	115	
612	155.332	E1	28	49	685	133.347	E1	28	115	
613	155.666	A3	57	49	687	133.686	A3	57	96	
614	155.908	G#3	56	53	689	134.025	G#3	56	96	
615	156.17	F#3	54	54	690	134.364	F#3	54	96	
616	156.44	Eb3	51	53	692	134.703	Eb3	51	96	
617	156.635	A3	57	59	694	135.042	A3	57	96	
618	156.947	B3	59	63	695	135.381	B3	59	96	
619	157.271	G#3	56	57	697	135.72	G#3	56	96	
620	157.521	F#3	54	56	699	136.059	F#3	54	96	
621	157.768	E3	52	49	700	136.398	E3	52	96	
622	158.018	D3	50	52	702	136.737	D3	50	96	
623	158.254	G#3	56	62	704	137.076	G#3	56	96	
624	158.542	E2	40	38	708	137.415	E2	40	96	
625	158.549	E1	28	37	707	137.415	E1	28	96	
626	158.609	B3	59	61	705	137.415	B3	59	96	
627	158.906	G#3	56	46	709	137.754	G#3	56	96	
628	159.178	F#3	54	47	711	138.093	F#3	54	96	
629	159.457	E3	52	47	712	138.432	E3	52	96	
630	159.741	C#3	49	49	714	138.771	C#3	49	96	
631	159.998	G#3	56	50	716	139.11	G#3	56	96	
632	160.323	A3	57	50	717	139.449	A3	57	96	
633	160.616	F#3	54	41	719	139.788	F#3	54	96	
634	160.865	E3	52	41	721	140.127	E3	52	96	
635	161.168	Eb3	51	42	722	140.466	Eb3	51	96	
636	161.464	C3	48	32	724	140.805	C3	48	96	
637	161.741	F#3	54	39	726	141.144	F#3	54	96	
638	162.241	G#3	56	40	727	141.483	G#3	56	96	
639	162.698	B2	47	33	728	141.822	B2	47	96	
640	163.006	E3	52	34	729	142.161	E3	52	96	
641	163.307	G#3	56	44	730	142.5	G#3	56	96	
642	163.549	A3	57	47	731	142.839	A3	57	96	
643	163.801	C#4	61	46	732	143.178	C#4	61	96	
644	164.099	B3	59	41	733	143.517	B3	59	96	
645	164.373	E4	64	37	734	143.856	E4	64	96	
646	164.58	G#4	68	49	735	144.195	G#4	68	96	
647	164.864	B4	71	48	736	144.534	B4	71	96	
648	165.176	B5	83	58	737	144.873	B5	83	96	
649	165.448	C#5	73	52	738	145.212	C#5	73	96	
650	165.943	B3	59	28	741	145.551	B3	59	96	
651	165.969	F#4	66	26	742	145.551	F#4	66	96	
652	165.986	Eb5	75	39	740	145.551	Eb5	75	96	
653	166.022	A4	69	19	739	145.551	A4	69	96	
654	167.528	G#5	80	39	744	147.076	G#5	80	96	
655	167.534	C#4	61	23	746	147.076	C#4	61	96	
656	167.537	B3	59	25	745	147.076	B3	59	96	
657	167.551	A4	69	23	743	147.076	A4	69	96	
658	168.216	B3	59	22	749	147.585	B3	59	96	
659	168.231	Eb4	63	17	750	147.585	Eb4	63	96	
660	168.239	F#5	78	33	748	147.585	F#5	78	96	
661	168.268	A4	69	12	747	147.585	A4	69	96	
662	170.401	E2	40	27	751	149.619	E2	40	96	
663	170.798	B2	47	31	752	149.958	B2	47	96	
664	171.061	E3	52	39	753	150.297	E3	52	96	
665	171.289	G#3	56	51	754	150.636	G#3	56	96	
666	171.533	A3	57	52	755	150.975	A3	57	96	
667	171.764	C#4	61	51	756	151.314	C#4	61	96	
668	172.059	B3	59	48	757	151.653	B3	59	96	
669	172.338	E4	64	46	758	151.992	E4	64	96	
670	172.572	G#4	68	58	759	152.33	G#4	68	96	
671	172.817	B4	71	73	760	152.669	B4	71	96	
672	173.091	B5	83	75	761	153.008	B5	83	96	
673	173.389	C#5	73	74	762	153.347	C#5	73	96	
674	173.927	Eb3	51	36	765	153.686	Eb3	51	96	
675	173.953	Eb5	75	70	764	153.686	Eb5	75	96	
676	173.956	B3	59	28	766	153.686	B3	59	96	
677	173.982	G#4	68	40	763	153.686	G#4	68	96	
678	175.414	Bb3	58	40	770	155.212	Bb3	58	96	
679	175.44	Eb3	51	32	769	155.212	Eb3	51	96	
680	175.453	E5	76	76	768	155.212	E5	76	96	
681	175.467	G4	67	47	767	155.212	G4	67	96	
682	176.114	Eb5	75	57	772	155.72	Eb5	75	96	
683	176.139	C#4	61	34	774	155.72	C#4	61	96	
684	176.162	Bb4	70	23	771	155.72	Bb4	70	96	
685	176.162	Eb3	51	31	773	155.72	Eb3	51	96	
686	176.27	Bb4	70	18	*	-1	*	-1	-1	
687	178.1	G#2	44	47	775	157.754	G#2	44	96	
688	178.58	Eb3	51	50	776	158.093	Eb3	51	96	
689	178.883	G#3	56	59	777	158.432	G#3	56	96	
690	179.108	Bb3	58	68	778	158.771	Bb3	58	96	
691	179.342	B3	59	61	779	159.11	B3	59	96	
692	179.573	E4	64	70	780	159.449	E4	64	96	
693	179.83	Eb4	63	63	781	159.788	Eb4	63	96	
694	180.078	G#4	68	72	782	160.127	G#4	68	96	
695	180.33	B4	71	75	783	160.466	B4	71	96	
696	180.545	Eb5	75	78	784	160.805	Eb5	75	96	
697	180.873	G#5	80	76	785	161.144	G#5	80	96	
698	181.18	G#4	68	83	786	161.483	G#4	68	96	
699	181.531	G#2	44	40	790	161.822	G#2	44	96	
700	181.551	E3	52	39	789	161.822	E3	52	96	
701	181.594	G#4	68	71	787	161.822	G#4	68	96	
702	181.612	C#4	61	51	788	161.822	C#4	61	96	
703	181.974	F#3	54	60	791	162.161	F#3	54	96	
704	182.211	E3	52	61	792	162.5	E3	52	96	
705	182.458	B3	59	64	793	162.839	B3	59	96	
706	182.701	G#3	56	56	795	163.178	G#3	56	96	
707	182.928	C#3	49	59	796	163.517	C#3	49	96	
708	183.266	G#4	68	57	797	163.856	G#4	68	96	
709	183.287	Eb3	51	40	798	163.856	Eb3	51	96	
710	184.389	Bb4	70	64	799	165.381	Bb4	70	96	
711	185.067	G#2	44	38	803	165.89	G#2	44	96	
712	185.095	E3	52	34	802	165.89	E3	52	96	
713	185.109	G#4	68	56	800	165.89	G#4	68	96	
714	185.121	C#4	61	41	801	165.89	C#4	61	96	
715	185.504	F#3	54	49	804	166.229	F#3	54	96	
716	185.778	E3	52	49	805	166.568	E3	52	96	
717	186.028	B3	59	54	806	166.907	B3	59	96	
718	186.275	G#3	56	42	808	167.246	G#3	56	96	
719	186.5	C#3	49	48	809	167.585	C#3	49	96	
720	186.795	G#4	68	46	810	167.924	G#4	68	96	
721	186.802	Eb3	51	43	811	167.924	Eb3	51	96	
722	188.231	Bb4	70	42	812	169.449	Bb4	70	96	
723	189.091	B4	71	39	813	169.958	B4	71	96	
724	189.557	Bb4	70	35	816	170.297	Bb4	70	96	
725	189.865	G#4	68	37	817	170.636	G#4	68	96	
726	190.121	Eb4	63	39	819	170.975	Eb4	63	96	
727	190.372	B3	59	31	821	171.314	B3	59	96	
728	190.582	G#4	68	46	823	171.653	G#4	68	96	
729	190.814	Eb2	39	37	826	171.991	Eb2	39	96	
730	190.814	Eb3	51	34	827	171.991	Eb3	51	96	
731	190.883	B4	71	40	824	171.991	B4	71	96	
732	191.133	Bb4	70	42	828	172.33	Bb4	70	96	
733	191.409	G#4	68	44	829	172.669	G#4	68	96	
734	191.634	Eb4	63	41	831	173.008	Eb4	63	96	
735	191.888	B3	59	34	833	173.347	B3	59	96	
736	192.116	G#4	68	42	835	173.686	G#4	68	96	
737	192.432	G#2	44	35	837	174.025	G#2	44	96	
738	192.432	Eb3	51	30	838	174.025	Eb3	51	96	
739	192.498	B4	71	45	836	174.025	B4	71	96	
740	192.883	G#4	68	37	839	174.364	G#4	68	96	
741	193.284	E5	76	40	840	174.703	E5	76	96	
742	193.66	Eb5	75	33	841	175.042	Eb5	75	96	
743	193.947	B4	71	47	842	175.381	B4	71	96	
744	194.162	G#4	68	49	843	175.72	G#4	68	96	
745	194.431	C#4	61	50	844	176.059	C#4	61	96	
746	194.705	Eb4	63	50	845	176.398	Eb4	63	96	
747	194.952	Bb3	58	60	846	176.737	Bb3	58	96	
748	195.234	B3	59	59	847	177.076	B3	59	96	
749	195.589	G#3	56	59	848	177.415	G#3	56	96	
750	195.9	G#4	68	74	849	177.754	G#4	68	96	
751	196.431	E2	40	45	852	178.093	E2	40	96	
752	196.489	B4	71	66	850	178.093	B4	71	96	
753	196.491	B2	47	36	853	178.093	B2	47	96	
754	196.918	G#4	68	56	854	178.432	G#4	68	96	
755	197.195	F#4	66	52	856	178.771	F#4	66	96	
756	197.406	E4	64	61	857	179.11	E4	64	96	
757	197.654	B3	59	63	859	179.449	B3	59	96	
758	197.844	G#4	68	79	861	179.788	G#4	68	96	
759	198.127	B2	47	63	*	-1	*	-1	-1	
760	198.146	B4	71	81	862	180.127	B4	71	96	
761	198.461	G#4	68	49	864	180.466	G#4	68	96	
762	198.698	F#4	66	54	866	180.805	F#4	66	96	
763	198.88	E4	64	54	867	181.144	E4	64	96	
764	199.111	B3	59	51	869	181.483	B3	59	96	
765	199.324	G#4	68	67	871	181.822	G#4	68	96	
766	199.645	G#3	56	85	874	182.161	G#3	56	96	
767	199.666	B4	71	74	872	182.161	B4	71	96	
768	199.998	G#4	68	60	875	182.5	G#4	68	96	
769	200.246	F#4	66	60	877	182.839	F#4	66	96	
770	200.452	E4	64	63	878	183.178	E4	64	96	
771	200.664	B3	59	68	880	183.517	B3	59	96	
772	200.802	F#3	54	75	882	183.686	F#3	54	96	
773	200.926	G#4	68	80	883	183.856	G#4	68	96	
774	201.244	A2	45	50	886	184.195	A2	45	96	
775	201.247	E3	52	49	887	184.195	E3	52	96	
776	201.317	C#5	73	76	884	184.195	C#5	73	96	
777	201.625	G#4	68	52	888	184.534	G#4	68	96	
778	201.853	F#4	66	50	890	184.873	F#4	66	96	
779	202.086	E4	64	54	891	185.212	E4	64	96	
780	202.298	C#4	61	57	893	185.551	C#4	61	96	
781	202.482	A4	69	61	895	185.89	A4	69	96	
782	202.762	E3	52	53	898	186.229	E3	52	96	
783	202.766	E2	40	55	897	186.229	E2	40	96	
784	202.776	B4	71	67	898	186.229	E3	52	96	
785	203.076	G#4	68	59	899	186.568	G#4	68	96	
786	203.309	F#4	66	64	901	186.907	F#4	66	96	
787	203.513	E4	64	67	902	187.246	E4	64	96	
788	203.74	B3	59	68	904	187.585	B3	59	96	
789	203.955	G#4	68	81	906	187.924	G#4	68	96	
790	204.041	C#2	37	48	909	188.263	C#2	37	96	
791	204.12	G#2	44	59	910	188.328	G#2	44	96	
792	204.209	E3	52	67	911	188.396	E3	52	96	
793	204.326	G#4	68	85	907	188.263	G#4	68	96	
794	204.672	E4	64	52	912	188.602	E4	64	96	
795	204.906	Eb4	63	62	914	188.941	Eb4	63	96	
796	205.117	C#4	61	70	915	189.28	C#4	61	96	
797	205.349	G#3	56	69	917	189.619	G#3	56	96	
798	205.544	E4	64	70	919	189.958	E4	64	96	
799	205.805	G#4	68	75	920	190.297	G#4	68	96	
800	206.084	E4	64	63	922	190.636	E4	64	96	
801	206.318	Eb4	63	74	924	190.975	Eb4	63	96	
802	206.508	C#4	61	78	925	191.314	C#4	61	96	
803	206.723	G#3	56	75	927	191.653	G#3	56	96	
804	206.93	E4	64	78	928	191.991	E4	64	96	
805	206.994	A1	33	70	931	192.33	A1	33	96	
806	207.091	A2	45	75	932	192.464	A2	45	96	
807	207.192	E3	52	69	933	192.6	E3	52	96	
808	207.317	E4	64	87	929	192.33	E4	64	96	
809	207.65	C#4	61	66	934	192.669	C#4	61	96	
810	207.885	B3	59	64	936	193.008	B3	59	96	
811	208.099	A3	57	76	937	193.347	A3	57	96	
812	208.328	E3	52	71	939	193.686	E3	52	96	
813	208.516	C#4	61	77	941	194.025	C#4	61	96	
814	208.759	E2	40	54	944	194.364	E2	40	96	
815	208.77	B2	47	56	945	194.364	B2	47	96	
816	208.84	E4	64	84	942	194.364	E4	64	96	
817	209.125	B3	59	62	946	194.703	B3	59	96	
818	209.372	A3	57	54	948	195.042	A3	57	96	
819	209.612	G#3	56	63	949	195.381	G#3	56	96	
820	209.826	E3	52	49	951	195.72	E3	52	96	
821	210.016	B3	59	63	953	196.059	B3	59	96	
822	210.292	Eb4	63	79	954	196.398	Eb4	63	96	
823	210.576	B3	59	52	956	196.737	B3	59	96	
824	210.83	A3	57	68	958	197.076	A3	57	96	
825	211.033	G#3	56	71	959	197.415	G#3	56	96	
826	211.248	E3	52	60	961	197.754	E3	52	96	
827	211.44	B3	59	70	963	198.093	B3	59	96	
828	211.766	E2	40	78	967	198.432	E2	40	115	
829	211.775	E1	28	70	966	198.432	E1	28	115	
830	211.776	C#4	61	77	964	198.432	C#4	61	96	
831	212.089	A3	57	57	968	198.771	A3	57	96	
832	212.32	G#3	56	61	970	199.11	G#3	56	96	
833	212.545	F#3	54	66	971	199.449	F#3	54	96	
834	212.783	Eb3	51	56	973	199.788	Eb3	51	96	
835	212.973	A3	57	72	975	200.127	A3	57	96	
836	213.223	B3	59	74	976	200.466	B3	59	96	
837	213.502	G#3	56	66	978	200.805	G#3	56	96	
838	213.759	F#3	54	65	980	201.144	F#3	54	96	
839	213.957	E3	52	71	981	201.483	E3	52	96	
840	214.192	D3	50	65	983	201.822	D3	50	96	
841	214.371	G#3	56	80	985	202.161	G#3	56	96	
842	214.65	E2	40	39	989	202.5	E2	40	96	
843	214.662	E1	28	52	988	202.5	E1	28	96	
844	214.731	B3	59	78	986	202.5	B3	59	96	
845	215.068	G#3	56	62	990	202.839	G#3	56	96	
846	215.306	F#3	54	60	992	203.178	F#3	54	96	
847	215.523	E3	52	56	993	203.517	E3	52	96	
848	215.772	C#3	49	48	995	203.856	C#3	49	96	
849	215.979	G#3	56	57	997	204.195	G#3	56	96	
850	216.27	A3	57	62	998	204.534	A3	57	96	
851	216.556	F#3	54	52	1000	204.873	F#3	54	96	
852	216.811	E3	52	43	1002	205.212	E3	52	96	
853	217.029	Eb3	51	53	1003	205.551	Eb3	51	96	
854	217.294	C3	48	44	1005	205.89	C3	48	96	
855	217.559	F#3	54	45	1007	206.229	F#3	54	96	
856	217.928	G#3	56	48	1008	206.568	G#3	56	96	
857	218.307	B2	47	33	1009	206.907	B2	47	96	
858	218.548	E3	52	47	1010	207.246	E3	52	96	
859	218.787	G#3	56	60	1011	207.585	G#3	56	96	
860	219.033	A3	57	56	1012	207.924	A3	57	96	
861	219.247	C#4	61	59	1013	208.263	C#4	61	96	
862	219.539	B3	59	48	1014	208.602	B3	59	96	
863	219.809	E4	64	47	1015	208.941	E4	64	96	
864	220.045	G#4	68	56	1016	209.28	G#4	68	96	
865	220.307	B4	71	52	1017	209.619	B4	71	96	
866	220.612	B5	83	57	1018	209.958	B5	83	96	
867	220.9	C#5	73	60	1019	210.297	C#5	73	96	
868	221.387	B3	59	22	1022	210.636	B3	59	96	
869	221.388	Eb5	75	41	1021	210.636	Eb5	75	96	
870	221.395	F#4	66	32	1023	210.636	F#4	66	96	
871	221.424	A4	69	29	1020	210.636	A4	69	96	
872	222.783	G#5	80	39	1025	212.161	G#5	80	96	
873	222.799	B3	59	26	1026	212.161	B3	59	96	
874	222.803	C#4	61	28	1027	212.161	C#4	61	96	
875	222.828	A4	69	20	1024	212.161	A4	69	96	
876	223.403	F#5	78	25	1029	212.669	F#5	78	96	
877	223.41	B3	59	10	1030	212.669	B3	59	96	
878	225.112	E2	40	30	1032	214.703	E2	40	96	
879	225.526	B2	47	33	1033	215.042	B2	47	96	
880	225.768	E3	52	38	1034	215.381	E3	52	96	
881	225.986	G#3	56	50	1035	215.72	G#3	56	96	
882	226.227	A3	57	47	1036	216.059	A3	57	96	
883	226.436	C#4	61	52	1037	216.398	C#4	61	96	
884	226.719	B3	59	49	1038	216.737	B3	59	96	
885	226.974	E4	64	52	1039	217.076	E4	64	96	
886	227.195	G#4	68	58	1040	217.415	G#4	68	96	
887	227.427	B4	71	62	1041	217.754	B4	71	96	
888	227.706	B5	83	68	1042	218.093	B5	83	96	
889	227.963	C#5	73	71	1043	218.432	C#5	73	96	
890	228.369	Eb3	51	32	1046	218.771	Eb3	51	96	
891	228.4	B3	59	32	1047	218.771	B3	59	96	
892	228.424	G#4	68	39	1044	218.771	G#4	68	96	
893	228.43	Eb5	75	57	1045	218.771	Eb5	75	96	
894	229.827	Bb3	58	35	1051	220.297	Bb3	58	96	
895	229.834	E5	76	60	1049	220.297	E5	76	96	
896	229.839	G4	67	43	1048	220.297	G4	67	96	
897	229.88	Eb3	51	18	1050	220.297	Eb3	51	96	
898	230.47	Eb5	75	45	1053	220.805	Eb5	75	96	
899	230.487	C#4	61	26	1055	220.805	C#4	61	96	
900	230.506	Eb3	51	26	1054	220.805	Eb3	51	96	
901	230.509	Bb4	70	31	1052	220.805	Bb4	70	96	
902	232.397	G#2	44	34	1056	222.839	G#2	44	96	
903	232.784	Eb3	51	39	1057	223.178	Eb3	51	96	
904	233.033	G#3	56	42	1058	223.517	G#3	56	96	
905	233.244	Bb3	58	58	1059	223.856	Bb3	58	96	
906	233.471	B3	59	57	1060	224.195	B3	59	96	
907	233.707	E4	64	61	1061	224.534	E4	64	96	
908	233.964	Eb4	63	53	1062	224.873	Eb4	63	96	
909	234.206	G#4	68	71	1063	225.212	G#4	68	96	
910	234.461	B4	71	67	1064	225.551	B4	71	96	
911	234.686	Eb5	75	75	1065	225.89	Eb5	75	96	
912	235.004	G#5	80	73	1066	226.229	G#5	80	96	
913	235.299	G#4	68	76	1067	226.568	G#4	68	96	
914	235.576	G#2	44	39	1071	226.907	G#2	44	96	
915	235.619	E3	52	37	1070	226.907	E3	52	96	
916	235.677	G#4	68	64	1068	226.907	G#4	68	96	
917	235.684	C#4	61	44	1069	226.907	C#4	61	96	
918	236.044	F#3	54	60	1072	227.246	F#3	54	96	
919	236.297	E3	52	57	1073	227.585	E3	52	96	
920	236.528	B3	59	62	1074	227.924	B3	59	96	
921	236.756	G#3	56	50	1076	228.263	G#3	56	96	
922	236.981	C#3	49	56	1077	228.602	C#3	49	96	
923	237.318	Eb3	51	47	1079	228.941	Eb3	51	96	
924	237.344	G#4	68	53	1078	228.941	G#4	68	96	
925	238.583	Bb4	70	65	1080	230.466	Bb4	70	96	
926	239.229	G#2	44	35	1084	230.975	G#2	44	96	
927	239.272	E3	52	29	1083	230.975	E3	52	96	
928	239.328	G#4	68	58	1081	230.975	G#4	68	96	
929	239.345	C#4	61	31	1082	230.975	C#4	61	96	
930	239.744	F#3	54	49	1085	231.314	F#3	54	96	
931	240.014	E3	52	55	1086	231.653	E3	52	96	
932	240.258	B3	59	55	1087	231.991	B3	59	96	
933	240.484	G#3	56	55	1089	232.33	G#3	56	96	
934	240.714	C#3	49	58	1090	232.669	C#3	49	96	
935	241.072	Eb3	51	44	1092	233.008	Eb3	51	96	
936	241.076	G#4	68	47	1091	233.008	G#4	68	96	
937	242.432	Bb4	70	46	1093	234.534	Bb4	70	96	
938	243.201	B4	71	44	1094	235.042	B4	71	96	
939	243.614	Bb4	70	38	1096	235.381	Bb4	70	96	
940	243.912	G#4	68	36	1097	235.72	G#4	68	96	
941	244.174	Eb4	63	42	1099	236.059	Eb4	63	96	
942	244.397	B3	59	37	1101	236.398	B3	59	96	
943	244.58	G#4	68	45	1103	236.737	G#4	68	96	
944	244.797	D3	50	42	1106	237.076	D3	50	96	
945	244.982	B4	71	41	1104	237.076	B4	71	96	
946	245.305	Bb4	70	38	1107	237.415	Bb4	70	96	
947	245.423	Eb3	51	58	1108	237.585	Eb3	51	96	
948	245.569	G#4	68	42	1109	237.754	G#4	68	96	
949	245.818	F#3	54	53	1113	238.093	F#3	54	96	
950	245.896	Eb4	63	32	1111	238.093	Eb4	63	96	
951	246.142	B3	59	39	1114	238.432	B3	59	96	
952	246.268	E3	52	57	1116	238.602	E3	52	96	
953	246.447	G#4	68	45	1117	238.771	G#4	68	96	
954	246.799	Eb3	51	30	1120	239.11	Eb3	51	96	
955	246.934	B4	71	41	1118	239.11	B4	71	96	
956	247.287	Bb4	70	38	1121	239.449	Bb4	70	96	
957	247.565	G#4	68	39	1122	239.788	G#4	68	96	
958	247.779	Eb4	63	23	1124	240.127	Eb4	63	96	
959	248.01	B3	59	21	1126	240.466	B3	59	96	
960	248.202	G#4	68	38	1128	240.805	G#4	68	96	
961	248.471	B4	71	41	1129	241.144	B4	71	96	
962	248.667	Bb4	70	43	1131	241.483	Bb4	70	96	
963	248.908	G#4	68	42	1132	241.822	G#4	68	96	
964	249.127	Eb4	63	39	1134	242.161	Eb4	63	96	
965	249.38	B3	59	32	1136	242.5	B3	59	96	
966	249.611	F#4	66	41	1138	242.839	G#4	68	96	
967	249.969	Eb2	39	37	*	-1	*	-1	-1	
968	249.971	Eb3	51	34	*	-1	*	-1	-1	
969	250.084	B4	71	43	1139	243.178	B4	71	96	
970	250.456	G#4	68	36	1143	243.517	G#4	68	96	
971	250.689	F#4	66	38	1144	243.856	F#4	66	96	
972	250.909	C#4	61	41	1146	244.195	C#4	61	96	
973	251.143	B3	59	32	1147	244.534	B3	59	96	
974	251.354	F#4	66	38	1149	244.873	F#4	66	96	
975	251.637	B4	71	37	1150	245.212	B4	71	96	
976	251.88	G#4	68	42	1152	245.551	G#4	68	96	
977	252.111	F#4	66	38	1153	245.89	F#4	66	96	
978	252.323	C#4	61	43	1155	246.229	C#4	61	96	
979	252.556	B3	59	39	1156	246.568	B3	59	96	
980	252.77	F#4	66	38	1158	246.907	F#4	66	96	
981	253.049	D3	50	40	1162	247.246	D3	50	96	
982	253.07	D2	38	39	1161	247.246	D2	38	96	
983	253.162	B4	71	51	1159	247.246	B4	71	96	
984	253.503	G#4	68	39	1163	247.585	G#4	68	96	
985	253.74	F#4	66	42	1164	247.924	F#4	66	96	
986	253.926	C#4	61	42	1166	248.263	C#4	61	96	
987	254.143	B3	59	41	1167	248.602	B3	59	96	
988	254.378	F#4	66	38	1169	248.941	F#4	66	96	
989	254.66	C#2	37	37	1172	249.28	C#2	37	96	
990	254.682	C#3	49	40	1173	249.28	C#3	49	96	
991	254.758	A4	69	49	1170	249.28	A4	69	96	
992	255.052	F#4	66	33	1174	249.619	F#4	66	96	
993	255.284	F4	65	54	1175	249.958	F4	65	96	
994	255.481	C#4	61	46	1177	250.297	C#4	61	96	
995	255.719	B3	59	45	1179	250.636	B3	59	96	
996	255.951	G#4	68	52	1181	250.975	G#4	68	96	
997	256.367	A4	69	46	1183	251.314	A4	69	96	
998	256.739	F#4	66	40	1185	251.653	F#4	66	96	
999	256.989	E4	64	46	1186	251.991	E4	64	96	
1000	257.227	B3	59	52	1188	252.33	B3	59	96	
1001	257.449	A3	57	55	1189	252.669	A3	57	96	
1002	257.665	E4	64	58	1191	253.008	E4	64	96	
1003	257.946	C3	48	43	1195	253.347	C3	48	96	
1004	257.953	C2	36	46	1194	253.347	C2	36	96	
1005	258.004	A4	69	61	1192	253.347	A4	69	96	
1006	258.311	F#4	66	47	1196	253.686	F#4	66	96	
1007	258.544	E4	64	54	1197	254.025	E4	64	96	
1008	258.782	B3	59	55	1199	254.364	B3	59	96	
1009	258.983	A3	57	57	1200	254.703	A3	57	96	
1010	259.179	E4	64	66	1202	255.042	E4	64	96	
1011	259.458	A4	69	68	1203	255.381	A4	69	96	
1012	259.76	F#4	66	59	1205	255.72	F#4	66	96	
1013	259.973	E4	64	69	1207	256.059	E4	64	96	
1014	260.176	B3	59	71	1209	256.398	B3	59	96	
1015	260.407	A3	57	74	1210	256.737	A3	57	96	
1016	260.641	E4	64	75	1212	257.076	E4	64	96	
1017	260.981	C3	48	62	1216	257.415	C3	48	96	
1018	260.983	C2	36	62	1215	257.415	C2	36	96	
1019	260.991	G#4	68	81	1213	257.415	G#4	68	96	
1020	261.315	E4	64	64	1217	257.754	E4	64	96	
1021	261.548	Eb4	63	74	1218	258.093	Eb4	63	96	
1022	261.75	A3	57	76	1220	258.432	A3	57	96	
1023	261.971	G#3	56	86	1221	258.771	G#3	56	96	
1024	262.182	Eb4	63	89	1223	259.11	Eb4	63	96	
1025	262.452	C#2	37	64	1227	259.449	C#2	37	96	
1026	262.454	C#3	49	63	1228	259.449	C#3	49	96	
1027	262.53	E4	64	89	1225	259.449	E4	64	96	
1028	262.853	Eb4	63	74	1229	259.788	Eb4	63	38	
1029	263.098	C#4	61	79	1230	260.127	C#4	61	41	
1030	263.302	G#3	56	84	1232	260.466	G#3	56	43	
1031	263.513	E3	52	83	1233	260.805	E3	52	46	
1032	263.715	C#4	61	82	1235	261.144	C#4	61	48	
1033	264.042	B1	35	69	1238	261.483	B1	35	58	
1034	264.051	B2	47	58	1239	261.483	B2	47	58	
1035	264.071	F#4	66	84	1236	261.483	F#4	66	51	
1036	264.358	Eb4	63	73	1240	261.822	Eb4	63	53	
1037	264.593	C#4	61	74	1242	262.161	C#4	61	56	
1038	264.805	B3	59	69	1243	262.5	B3	59	58	
1039	265.022	F#3	54	79	1245	262.839	F#3	54	61	
1040	265.221	Eb4	63	81	1247	263.178	Eb4	63	63	
1041	265.524	B2	47	89	1251	263.517	B2	47	71	
1042	265.528	B1	35	85	1250	263.517	B1	35	71	
1043	265.531	F#4	66	84	1248	263.517	F#4	66	66	
1044	265.845	Eb4	63	67	1252	263.856	Eb4	63	68	
1045	266.09	C#4	61	69	1254	264.195	C#4	61	71	
1046	266.28	B3	59	71	1255	264.534	B3	59	73	
1047	266.517	F#3	54	77	1256	264.873	F#3	54	76	
1048	266.746	Eb4	63	77	1259	265.212	Eb4	63	78	
1049	267.009	E2	40	89	1263	265.551	E2	40	83	
1050	267.021	E1	28	75	1262	265.551	E1	28	83	
1051	267.021	G#4	68	87	1260	265.551	G#4	68	81	
1052	267.284	Eb4	63	70	1264	265.89	Eb4	63	83	
1053	267.539	C#4	61	71	1266	266.229	C#4	61	86	
1054	267.74	B3	59	74	1267	266.568	B3	59	88	
1055	267.966	G#3	56	78	1268	266.907	E3	52	91	
1056	268.194	C#4	61	82	1269	267.246	C#4	61	93	
1057	268.478	C4	60	18	*	-1	*	-1	-1	
1058	268.503	Eb4	63	79	1271	267.585	Eb4	63	96	
1059	268.508	Eb2	39	71	1274	267.585	Eb2	39	96	
1060	268.509	Eb1	27	68	1273	267.585	Eb1	27	96	
1061	268.794	B3	59	60	1275	267.924	B3	59	96	
1062	269.022	Bb3	58	66	1277	268.263	Bb3	58	96	
1063	269.235	G#3	56	74	1278	268.602	G#3	56	96	
1064	269.478	Eb3	51	62	1280	268.941	Eb3	51	96	
1065	269.689	B3	59	68	1282	269.28	B3	59	96	
1066	269.976	Eb4	63	70	1283	269.619	Eb4	63	96	
1067	270.247	Bb3	58	59	1285	269.958	Bb3	58	96	
1068	270.518	G#3	56	52	1287	270.297	G#3	56	96	
1069	270.726	G3	55	53	1288	270.636	G3	55	96	
1070	271.009	Eb3	51	51	1290	270.975	Eb3	51	96	
1071	271.226	Bb3	58	63	1292	271.314	Bb3	58	96	
1072	271.594	Eb2	39	38	1295	271.653	Eb2	39	96	
1073	271.621	G#1	32	43	1294	271.653	G#1	32	96	
1074	271.622	Eb4	63	57	1293	271.653	Eb4	63	89	
1075	271.978	C4	60	55	1296	271.991	C4	60	86	
1076	272.267	Bb3	58	51	1297	272.33	Bb3	58	83	
1077	272.492	G#3	56	54	1298	272.669	G#3	56	79	
1078	272.74	Eb3	51	45	1299	273.008	Eb3	51	76	
1079	272.965	G#3	56	49	1300	273.347	G#3	56	73	
1080	273.192	C4	60	49	1301	273.686	C4	60	69	
1081	273.461	Eb4	63	45	1302	274.025	Eb4	63	66	
1082	273.677	G#4	68	55	1303	274.364	G#4	68	62	
1083	273.917	C5	72	52	1304	274.703	C5	72	59	
1084	274.216	Eb5	75	54	1305	275.042	Eb5	75	56	
1085	274.47	F4	65	56	1306	275.381	F4	65	52	
1086	274.878	Eb3	51	33	1309	275.72	Eb3	51	49	
1087	274.89	Bb3	58	35	1310	275.72	Bb3	58	49	
1088	274.924	G4	67	39	1308	275.72	G4	67	49	
1089	274.94	C#4	61	36	1307	275.72	C#4	61	49	
1090	276.449	C5	72	38	1312	277.246	C5	72	41	
1091	276.46	C#4	61	34	1311	277.246	C#4	61	41	
1092	276.476	Eb3	51	33	1313	277.246	Eb3	51	41	
1093	276.481	F3	53	30	1314	277.246	F3	53	41	
1094	277.098	Bb4	70	40	1316	277.754	Bb4	70	37	
1095	277.118	G3	55	27	1318	277.754	G3	55	37	
1096	277.121	Eb3	51	25	1317	277.754	Eb3	51	37	
1097	277.141	C#4	61	30	1315	277.754	C#4	61	37	
1098	278.989	G#1	32	40	1319	279.788	G#1	32	49	
1099	279.399	G#2	44	50	1320	280.127	G#2	44	49	
1100	279.711	Eb3	51	35	1321	280.466	Eb3	51	49	
1101	279.934	G#3	56	53	1322	280.805	G#3	56	49	
1102	280.182	Bb3	58	56	1323	281.144	Bb3	58	49	
1103	280.409	C#4	61	58	1324	281.483	C#4	61	49	
1104	280.694	C4	60	56	1325	281.822	C4	60	49	
1105	280.945	Eb4	63	55	1326	282.161	Eb4	63	49	
1106	281.167	G#4	68	70	1327	282.5	G#4	68	49	
1107	281.366	C5	72	75	1328	282.839	C5	72	49	
1108	281.625	Eb5	75	77	1329	283.178	Eb5	75	49	
1109	281.854	F4	65	80	1330	283.517	F4	65	49	
1110	282.237	Bb3	58	36	1334	283.856	Bb3	58	49	
1111	282.25	C3	48	33	1333	283.856	C3	48	49	
1112	282.257	G4	67	68	1332	283.856	G4	67	49	
1113	282.294	E4	64	46	1331	283.856	E4	64	49	
1114	283.721	Bb3	58	38	1338	285.381	Bb3	58	49	
1115	283.743	C3	48	33	1337	285.381	C3	48	49	
1116	283.766	C#5	73	73	1336	285.381	C#5	73	49	
1117	283.804	E4	64	31	1335	285.381	E4	64	49	
1118	284.452	C3	48	24	1341	285.89	C3	48	49	
1119	284.457	Bb3	58	30	1342	285.89	Bb3	58	49	
1120	284.461	C5	72	54	1340	285.89	C5	72	49	
1121	284.469	E4	64	34	1339	285.89	E4	64	49	
1122	286.432	F2	41	32	1343	287.924	F2	41	49	
1123	286.91	C3	48	36	1344	288.263	C3	48	49	
1124	287.179	F3	53	44	1345	288.602	F3	53	49	
1125	287.429	G3	55	55	1346	288.941	G3	55	49	
1126	287.655	G#3	56	69	1347	289.28	G#3	56	49	
1127	287.896	C#4	61	68	1348	289.619	C#4	61	49	
1128	288.163	C4	60	51	1349	289.958	C4	60	49	
1129	288.456	F4	65	62	1350	290.297	F4	65	49	
1130	288.684	G#4	68	76	1351	290.636	G#4	68	49	
1131	288.898	C5	72	79	1352	290.975	C5	72	49	
1132	289.173	F5	77	76	1353	291.314	F5	77	49	
1133	289.436	F4	65	79	1354	291.652	F4	65	49	
1134	289.774	F2	41	36	1358	291.991	F2	41	49	
1135	289.793	C#3	49	38	1357	291.991	C#3	49	49	
1136	289.846	F4	65	61	1355	291.991	F4	65	49	
1137	289.856	Bb3	58	46	1356	291.991	Bb3	58	49	
1138	290.19	Eb3	51	57	1359	292.33	Eb3	51	49	
1139	290.435	C#3	49	66	1360	292.669	C#3	49	49	
1140	290.66	G#3	56	72	1361	293.008	G#3	56	49	
1141	290.918	F3	53	53	1363	293.347	F3	53	49	
1142	291.132	Bb2	46	60	1364	293.686	Bb2	46	49	
1143	291.485	C3	48	39	1366	294.025	C3	48	49	
1144	291.509	F4	65	51	1365	294.025	F4	65	49	
1145	292.69	G4	67	62	1367	295.551	G4	67	49	
1146	293.345	F2	41	29	1371	296.059	F2	41	49	
1147	293.374	C#3	49	36	1370	296.059	C#3	49	49	
1148	293.431	F4	65	54	1368	296.059	F4	65	49	
1149	293.439	Bb3	58	37	1369	296.059	Bb3	58	49	
1150	293.832	Eb3	51	41	1372	296.398	Eb3	51	49	
1151	294.093	C#3	49	51	1373	296.737	C#3	49	49	
1152	294.327	G#3	56	57	1374	297.076	G#3	56	49	
1153	294.557	F3	53	43	1376	297.415	F3	53	49	
1154	294.797	Bb2	46	46	1377	297.754	Bb2	46	49	
1155	295.125	C3	48	31	1379	298.093	C3	48	49	
1156	295.129	F4	65	45	1378	298.093	F4	65	49	
1157	296.411	G4	67	36	1380	299.619	G4	67	49	
1158	297.142	G#4	68	43	1381	300.127	G#4	68	49	
1159	297.581	G4	67	30	1384	300.466	G4	67	49	
1160	297.86	F4	65	43	1385	300.805	F4	65	49	
1161	298.081	C4	60	39	1386	301.144	C4	60	49	
1162	298.318	G#3	56	39	1387	301.483	G#3	56	49	
1163	298.515	F4	65	48	1389	301.822	F4	65	49	
1164	298.774	C2	36	35	1392	302.161	C2	36	49	
1165	298.792	C3	48	25	1393	302.161	C3	48	49	
1166	298.87	G#4	68	47	1390	302.161	G#4	68	49	
1167	299.168	G4	67	38	1394	302.5	G4	67	49	
1168	299.414	F4	65	41	1395	302.839	F4	65	49	
1169	299.635	C4	60	45	1396	303.178	C4	60	49	
1170	299.872	G#3	56	45	1397	303.517	G#3	56	49	
1171	300.073	C#4	61	40	1399	303.856	C#4	61	49	
1172	300.368	C3	48	34	1402	304.195	C3	48	49	
1173	300.378	F2	41	34	1401	304.195	F2	41	49	
1174	300.456	G#4	68	46	1400	304.195	G#4	68	49	
1175	300.828	G4	67	36	1403	304.534	G4	67	49	
1176	301.057	F4	65	48	1404	304.873	F4	65	49	
1177	301.318	C4	60	35	1405	305.212	C4	60	49	
1178	301.542	G3	55	42	1407	305.551	G3	55	49	
1179	301.768	G#3	56	43	1408	305.89	G#3	56	49	
1180	302.013	G#4	68	49	1410	306.229	G#4	68	49	
1181	302.292	G4	67	43	1411	306.568	G4	67	49	
1182	302.548	F4	65	45	1412	306.907	F4	65	49	
1183	302.765	C4	60	43	1413	307.246	C4	60	49	
1184	302.983	G3	55	44	1414	307.585	G3	55	49	
1185	303.24	G#3	56	46	1415	307.924	G#3	56	49	
1186	303.655	C#3	49	32	1420	308.263	C#3	49	49	
1187	303.685	E2	40	27	1419	308.263	E2	40	49	
1188	303.728	G#4	68	54	1417	308.263	G#4	68	49	
1189	304.065	Eb4	63	34	1421	308.602	Eb4	63	49	
1190	304.312	C4	60	37	1422	308.941	C4	60	49	
1191	304.555	C#4	61	46	1423	309.28	C#4	61	49	
1192	304.784	G3	55	44	1424	309.619	G3	55	49	
1193	304.997	G#3	56	50	1425	309.958	G#3	56	49	
1194	305.297	Eb3	51	37	1429	310.297	Eb3	51	49	
1195	305.301	Eb2	39	41	1428	310.297	Eb2	39	49	
1196	305.343	G4	67	65	1426	310.297	G4	67	49	
1197	305.62	Eb4	63	50	1430	310.636	Eb4	63	49	
1198	305.868	C4	60	52	1431	310.975	C4	60	49	
1199	306.107	C#4	61	62	1432	311.314	C#4	61	49	
1200	306.371	A3	57	59	1433	311.652	A3	57	49	
1201	306.628	Bb3	58	63	1434	311.991	Bb3	58	49	
1202	306.74	C#2	37	60	1437	312.33	C#2	37	49	
1203	307.082	E3	52	53	1438	312.464	E3	52	49	
1204	307.179	Bb4	70	77	1435	312.33	Bb4	70	49	
1205	307.594	G#4	68	58	1439	312.669	G#4	68	36	
1206	307.848	G4	67	67	1440	313.008	G4	67	38	
1207	308.052	F#4	66	72	1441	313.347	F#4	66	39	
1208	308.289	F4	65	79	1442	313.686	F4	65	41	
1209	308.406	C2	36	70	1443	313.856	C2	36	41	
1210	308.567	E4	64	80	1444	314.025	E4	64	43	
1211	308.682	B1	35	77	1447	314.364	B1	35	44	
1212	309.01	G#3	56	49	*	-1	*	-1	-1	
1213	309.046	F#3	54	25	1448	314.498	F#3	54	44	
1214	309.108	B4	71	85	1445	314.364	B4	71	44	
1215	309.523	A4	69	75	1449	314.703	A4	69	45	
1216	309.793	Eb4	63	77	1450	315.042	Eb4	63	46	
1217	310.021	C#4	61	79	1452	315.381	C#4	61	47	
1218	310.249	B3	59	77	1453	315.72	B3	59	47	
1219	310.392	B2	47	74	1455	315.89	B2	47	47	
1220	310.529	G4	67	86	1456	316.059	G4	67	47	
1221	310.904	E2	40	70	1460	316.398	E2	40	49	
1222	311.005	B4	71	84	1458	316.398	B4	71	49	
1223	311.34	G#4	68	69	1462	316.737	G#4	68	49	
1224	311.585	F#4	66	67	1464	317.076	F#4	66	49	
1225	311.79	E4	64	59	1465	317.415	E4	64	49	
1226	312.026	B3	59	53	1467	317.754	B3	59	49	
1227	312.201	G#4	68	74	1469	318.093	G#4	68	49	
1228	312.465	B2	47	77	*	-1	*	-1	-1	
1229	312.485	B4	71	82	1470	318.432	B4	71	49	
1230	312.757	G#4	68	57	1472	318.771	G#4	68	49	
1231	312.992	F#4	66	61	1474	319.11	F#4	66	49	
1232	313.192	E4	64	60	1475	319.449	E4	64	49	
1233	313.422	B3	59	58	1477	319.788	B3	59	49	
1234	313.599	G#4	68	72	1479	320.127	G#4	68	49	
1235	313.883	G#3	56	80	1482	320.466	G#3	56	49	
1236	313.895	B4	71	86	1480	320.466	B4	71	49	
1237	314.194	G#4	68	66	1483	320.805	G#4	68	49	
1238	314.434	F#4	66	64	1485	321.144	F#4	66	49	
1239	314.646	E4	64	65	1486	321.483	E4	64	49	
1240	314.827	B3	59	72	1488	321.822	B3	59	49	
1241	314.938	F#3	54	82	1490	321.991	F#3	54	49	
1242	315.061	G#4	68	81	1491	322.161	G#4	68	49	
1243	315.362	A2	45	66	1494	322.5	A2	45	49	
1244	315.362	E3	52	64	1495	322.5	E3	52	49	
1245	315.436	C#5	73	79	1492	322.5	C#5	73	49	
1246	315.729	G#4	68	57	1496	322.839	G#4	68	49	
1247	315.951	F#4	66	55	1498	323.178	F#4	66	49	
1248	316.172	E4	64	62	1499	323.517	E4	64	49	
1249	316.385	C#4	61	62	1501	323.856	C#4	61	49	
1250	316.585	A4	69	70	1503	324.195	A4	69	49	
1251	316.818	E3	52	54	1506	324.534	E3	52	49	
1252	316.819	E2	40	55	1505	324.534	E2	40	49	
1253	316.888	B4	71	77	1504	324.534	B4	71	49	
1254	317.151	G#4	68	68	1507	324.873	G#4	68	49	
1255	317.391	F#4	66	67	1509	325.212	F#4	66	49	
1256	317.583	E4	64	73	1510	325.551	E4	64	49	
1257	317.782	B3	59	73	1512	325.89	B3	59	49	
1258	318.007	G#4	68	84	1514	326.229	G#4	68	49	
1259	318.098	C#2	37	65	1517	326.568	C#2	37	49	
1260	318.188	G#2	44	67	1518	326.633	G#2	44	49	
1261	318.296	E3	52	74	1519	326.701	E3	52	49	
1262	318.388	G#4	68	90	1515	326.568	G#4	68	49	
1263	318.715	E4	64	57	1520	326.907	E4	64	49	
1264	318.949	Eb4	63	68	1522	327.246	Eb4	63	49	
1265	319.16	C#4	61	73	1523	327.585	C#4	61	49	
1266	319.375	G#3	56	69	1525	327.924	G#3	56	49	
1267	319.564	E4	64	71	1527	328.263	E4	64	49	
1268	319.848	G#4	68	78	1528	328.602	G#4	68	49	
1269	320.141	E4	64	64	1530	328.941	E4	64	49	
1270	320.352	Eb4	63	77	1532	329.28	Eb4	63	49	
1271	320.54	C#4	61	77	1533	329.619	C#4	61	49	
1272	320.771	G#3	56	84	1535	329.958	G#3	56	49	
1273	320.945	E4	64	81	1536	330.297	E4	64	49	
1274	321.032	A1	33	69	1539	330.636	A1	33	49	
1275	321.129	A2	45	83	1540	330.769	A2	45	49	
1276	321.231	E3	52	75	1541	330.905	E3	52	49	
1277	321.336	E4	64	90	1537	330.636	E4	64	49	
1278	321.656	C#4	61	67	1542	330.975	C#4	61	49	
1279	321.883	B3	59	67	1544	331.314	B3	59	49	
1280	322.11	A3	57	69	1545	331.652	A3	57	49	
1281	322.345	E3	52	59	1547	331.991	E3	52	49	
1282	322.51	C#4	61	75	1549	332.33	C#4	61	49	
1283	322.788	B2	47	59	1553	332.669	B2	47	49	
1284	322.792	E2	40	69	1552	332.669	E2	40	49	
1285	322.811	E4	64	79	1550	332.669	E4	64	49	
1286	323.094	B3	59	55	1554	333.008	B3	59	49	
1287	323.315	A3	57	64	1556	333.347	A3	57	49	
1288	323.526	G#3	56	70	1557	333.686	G#3	56	49	
1289	323.74	E3	52	67	1559	334.025	E3	52	49	
1290	323.946	B3	59	70	1561	334.364	B3	59	49	
1291	324.235	Eb4	63	80	1562	334.703	Eb4	63	49	
1292	324.526	B3	59	52	1564	335.042	B3	59	49	
1293	324.751	A3	57	69	1566	335.381	A3	57	49	
1294	324.976	G#3	56	75	1567	335.72	G#3	56	49	
1295	325.201	E3	52	71	1569	336.059	E3	52	49	
1296	325.399	B3	59	67	1571	336.398	B3	59	49	
1297	325.685	E2	40	82	1575	336.737	E2	40	58	
1298	325.693	E1	28	77	1574	336.737	E1	28	58	
1299	325.696	C#4	61	76	1572	336.737	C#4	61	49	
1300	325.983	A3	57	60	1576	337.076	A3	57	49	
1301	326.214	G#3	56	63	1578	337.415	G#3	56	49	
1302	326.442	F#3	54	67	1579	337.754	F#3	54	49	
1303	326.694	Eb3	51	63	1581	338.093	Eb3	51	49	
1304	326.879	A3	57	71	1583	338.432	A3	57	49	
1305	327.12	B3	59	73	1584	338.771	B3	59	49	
1306	327.374	G#3	56	64	1586	339.11	G#3	56	49	
1307	327.612	F#3	54	59	1588	339.449	F#3	54	49	
1308	327.807	E3	52	65	1589	339.788	E3	52	49	
1309	328.065	D3	50	64	1591	340.127	D3	50	49	
1310	328.278	G#3	56	78	1593	340.466	G#3	56	49	
1311	328.569	E2	40	43	1597	340.805	E2	40	49	
1312	328.591	E1	28	45	1596	340.805	E1	28	49	
1313	328.66	B3	59	76	1594	340.805	B3	59	49	
1314	328.999	G#3	56	63	1598	341.144	G#3	56	49	
1315	329.232	F#3	54	61	1600	341.483	F#3	54	49	
1316	329.443	E3	52	61	1601	341.822	E3	52	49	
1317	329.681	C#3	49	48	1603	342.161	C#3	49	49	
1318	329.885	G#3	56	56	1605	342.5	G#3	56	49	
1319	330.157	A3	57	70	1606	342.839	A3	57	49	
1320	330.451	F#3	54	53	1608	343.178	F#3	54	49	
1321	330.704	E3	52	56	1610	343.517	E3	52	49	
1322	330.918	Eb3	51	62	1611	343.856	Eb3	51	49	
1323	331.138	C3	48	56	1613	344.195	C3	48	49	
1324	331.332	F#3	54	64	1615	344.534	F#3	54	49	
1325	331.64	E2	40	40	1619	344.873	E2	40	49	
1326	331.641	E1	28	43	1618	344.873	E1	28	49	
1327	331.686	A3	57	72	1616	344.873	A3	57	49	
1328	331.981	F#3	54	49	1620	345.212	F#3	54	47	
1329	332.201	E3	52	48	1621	345.551	E3	52	47	
1330	332.423	Eb3	51	54	1623	345.89	D3	50	46	
1331	332.664	C3	48	39	1624	346.229	C3	48	45	
1332	332.888	F#3	54	53	1626	346.568	F#3	54	44	
1333	333.151	A3	57	59	1627	346.907	A3	57	44	
1334	333.432	F#3	54	45	1629	347.246	F#3	54	43	
1335	333.681	E3	52	37	1630	347.585	E3	52	42	
1336	333.903	Eb3	51	45	1632	347.924	C#3	49	41	
1337	334.164	C3	48	36	1633	348.263	C3	48	41	
1338	334.395	F#3	54	40	1635	348.602	F#3	54	40	
1339	334.739	A3	57	48	1636	348.941	A3	57	39	
1340	335.044	F#3	54	42	1637	349.28	F#3	54	38	
1341	335.302	E3	52	38	1638	349.619	E3	52	38	
1342	335.521	Eb3	51	46	1639	349.958	Eb3	51	37	
1343	335.75	C3	48	37	1640	350.297	C3	48	36	
1344	336.031	F#3	54	26	1641	350.636	F#3	54	35	
1345	336.262	A3	57	35	1642	350.975	A3	57	35	
1346	336.515	C4	60	41	1643	351.314	C4	60	34	
1347	336.747	Eb4	63	45	1644	351.652	Eb4	63	33	
1348	336.953	F#4	66	53	1645	351.991	F#4	66	33	
1349	337.21	A4	69	48	1646	352.33	A4	69	33	
1350	337.436	C5	72	57	1647	352.669	C5	72	33	
1351	337.814	G#5	80	53	1648	353.008	G#5	80	33	
1352	338.117	F#5	78	56	1649	353.347	F#5	78	33	
1353	338.39	Eb5	75	53	1650	353.686	Eb5	75	33	
1354	338.622	C5	72	59	1651	354.025	C5	72	33	
1355	338.836	A4	69	52	1652	354.364	A4	69	33	
1356	339.055	F#4	66	54	1653	354.703	F#4	66	33	
1357	339.307	G#4	68	48	1654	355.042	G#4	68	33	
1358	339.585	F#4	66	38	1655	355.381	F#4	66	33	
1359	339.829	Eb4	63	42	1656	355.72	Eb4	63	33	
1360	340.044	C4	60	49	1657	356.059	C4	60	33	
1361	340.301	A3	57	44	1658	356.398	A3	57	33	
1362	340.568	F#3	54	43	1659	356.737	F#3	54	33	
1363	340.854	G#3	56	37	1660	357.076	G#3	56	33	
1364	341.125	F#3	54	39	1661	357.415	F#3	54	33	
1365	341.417	C3	48	38	1662	357.754	C3	48	33	
1366	341.739	Eb3	51	42	1663	358.093	Eb3	51	33	
1367	342.089	F#3	54	34	1664	358.432	F#3	54	33	
1368	342.586	A3	57	28	1665	358.771	A3	57	33	
1369	343.226	F#4	66	29	1666	359.11	F#4	66	33	
1370	343.835	E4	64	37	1667	359.619	E4	64	33	
1371	344.345	Eb4	63	30	1668	360.127	Eb4	63	33	
1372	345.246	Eb5	75	51	1669	360.89	Eb5	75	33	
1373	345.473	Eb5	75	53	1670	361.144	Eb5	75	33	
1374	346.812	Eb4	63	37	1672	362.161	Eb4	63	33	
1375	346.839	A3	57	33	1671	362.161	A3	57	33	
1376	346.846	F#3	54	31	1674	362.161	F#3	54	33	
1377	346.848	C3	48	36	1673	362.161	C3	48	33	
1378	348.628	E4	64	33	1676	364.195	E4	64	33	
1379	348.657	A3	57	22	1675	364.195	A3	57	33	
1380	348.661	E3	52	32	1678	364.195	E3	52	33	
1381	348.663	C3	48	23	1677	364.195	C3	48	33	
1382	349.656	F#4	66	35	1680	365.212	F#4	66	33	
1383	349.695	Eb3	51	23	1682	365.212	Eb3	51	33	
1384	349.704	A3	57	18	1679	365.212	A3	57	33	
1385	349.723	C3	48	17	1681	365.212	C3	48	33	
1386	352.098	F#4	66	53	1683	367.246	F#4	66	33	
1387	352.692	F4	65	75	1684	367.754	E4	64	33	
1388	353.255	Eb4	63	70	1685	368.263	Eb4	63	33	
1389	354.047	Eb5	75	80	1686	369.025	Eb5	75	33	
1390	354.262	Eb5	75	81	1687	369.28	Eb5	75	33	
1391	355.356	Eb4	63	73	1690	370.297	Eb4	63	33	
1392	355.367	A3	57	67	1689	370.297	A3	57	33	
1393	355.368	F#3	54	62	1688	370.297	F#3	54	33	
1394	355.378	C3	48	52	1691	370.297	C3	48	33	
1395	357.036	F#3	54	39	1692	372.33	F#3	54	33	
1396	357.039	Bb3	58	69	1693	372.33	Bb3	58	33	
1397	357.042	Eb4	63	67	1694	372.33	Eb4	63	33	
1398	357.082	Bb2	46	40	1695	372.33	Bb2	46	33	
1399	358.021	G#2	44	37	1699	373.347	G#2	44	33	
1400	358.028	Eb4	63	49	1698	373.347	Eb4	63	33	
1401	358.034	C4	60	47	1697	373.347	C4	60	33	
1402	358.056	F#3	54	30	1696	373.347	F#3	54	33	
1403	359.106	C5	72	68	1700	374.364	C5	72	33	
1404	360.109	C4	60	54	1701	375.381	C4	60	33	
1405	360.846	G#2	44	34	1705	376.398	G#2	44	33	
1406	360.97	D3	50	35	1704	376.398	D4	62	33	
1407	361.074	F3	53	39	1713	376.587	C4	60	33	
1408	361.163	D4	62	46	1711	376.525	D4	62	33	
1409	361.167	B3	59	30	1715	376.652	B3	59	33	
1410	361.267	Eb4	63	61	1714	376.587	Eb4	63	33	
1411	361.354	D4	62	56	1717	376.678	E4	64	33	
1412	361.411	Eb4	63	59	1719	376.714	Eb4	63	33	
1413	361.471	D4	62	68	1720	376.771	D4	62	33	
1414	361.529	Eb4	63	67	1724	376.841	Eb4	63	33	
1415	361.583	D4	62	65	1728	376.958	D4	62	33	
1416	361.63	Eb4	63	65	1735	377.095	Eb4	63	33	
1417	361.704	D4	62	70	1736	377.144	D4	62	33	
1418	361.802	C4	60	61	1741	377.237	C#4	61	33	
1419	361.905	D4	62	60	1743	377.288	D4	62	33	
1420	362.093	Eb3	51	37	*	-1	*	-1	-1	
1421	362.096	Eb4	63	57	1747	377.415	Eb4	63	33	
1422	362.103	F#3	54	30	*	-1	*	-1	-1	
1423	362.118	C4	60	35	1748	377.415	C4	60	33	
1424	363.219	G#4	68	50	1751	378.432	G#4	68	33	
1425	364.247	G#3	56	45	1752	379.449	G#3	56	33	
1426	364.969	G#2	44	33	1757	380.466	G#2	44	33	
1427	365.077	D3	50	28	1759	380.559	C4	60	33	
1428	365.193	F3	53	35	1762	380.655	C4	60	33	
1429	365.231	B3	59	45	1763	380.72	B3	59	33	
1430	365.339	C4	60	51	1765	380.782	C4	60	33	
1431	365.415	B3	59	55	1766	380.839	B3	59	33	
1432	365.492	C4	60	47	1768	380.909	C4	60	33	
1433	365.535	B3	59	57	1770	380.975	B3	59	33	
1434	365.585	C4	60	56	1772	381.036	C4	60	33	
1435	365.637	B3	59	61	1773	381.102	B3	59	33	
1436	365.681	C4	60	55	1775	381.163	C4	60	33	
1437	365.747	B3	59	68	1776	381.212	B3	59	33	
1438	365.862	Bb3	58	63	1778	381.29	C4	60	33	
1439	365.97	B3	59	63	1780	381.356	B3	59	33	
1440	366.19	Eb3	51	37	*	-1	*	-1	-1	
1441	366.207	C4	60	50	1783	381.483	C4	60	33	
1442	366.21	F#3	54	37	1784	381.483	F#3	54	33	
1443	367.254	Eb3	51	42	1785	382.5	Eb3	51	33	
1444	368.265	G3	55	33	1786	383.517	G3	55	33	
1445	368.276	E3	52	25	1788	383.517	E3	52	33	
1446	368.309	G2	43	21	1787	383.517	G2	43	33	
1447	369.242	C#4	61	48	1789	384.534	C#4	61	33	
1448	369.259	Bb3	58	30	1790	384.534	Bb3	58	33	
1449	370.204	F2	41	36	1792	385.551	F2	41	33	
1450	370.251	D4	62	46	1791	385.551	D4	62	33	
1451	370.255	Bb3	58	34	*	-1	*	-1	-1	
1452	370.271	F3	53	29	1793	385.551	F3	53	33	
1453	371.206	Eb2	39	40	1797	386.568	Eb2	39	33	
1454	371.216	F4	65	56	1796	386.568	F4	65	33	
1455	371.233	A3	57	41	1794	386.568	A3	57	33	
1456	371.237	C4	60	41	1795	386.568	C4	60	33	
1457	372.224	Bb4	70	51	1800	387.585	Bb4	70	33	
1458	372.242	F4	65	39	1799	387.585	F4	65	33	
1459	372.25	C#2	37	30	1801	387.585	C#2	37	33	
1460	372.25	Bb3	58	33	1798	387.585	Bb3	58	33	
1461	373.263	G#4	68	43	1804	388.602	G#4	68	33	
1462	373.297	B1	35	38	1805	388.602	B1	35	33	
1463	373.337	F4	65	29	1803	388.602	F4	65	33	
1464	373.358	C#4	61	14	1802	388.602	C#4	61	33	
1465	374.423	C#5	73	37	1807	389.619	C#5	73	33	
1466	374.43	Bb1	34	25	1809	389.619	Bb1	34	33	
1467	374.46	F#4	66	23	1808	389.619	F#4	66	33	
1468	374.461	E4	64	17	1806	389.619	E4	64	33	
1469	375.453	B4	71	35	1810	390.636	B4	71	33	
1470	375.469	G#1	32	27	1811	390.636	G#1	32	33	
1471	376.671	C#5	73	36	1813	391.652	C#5	73	33	
1472	376.68	E5	76	41	1812	391.652	E5	76	33	
1473	376.715	G1	31	28	1814	391.652	G1	31	33	
1474	378.003	Bb5	82	45	1816	392.669	Bb5	82	33	
1475	378.016	Bb4	70	26	1815	392.669	Bb4	70	33	
1476	379.114	F#1	30	32	1818	393.686	F#1	30	33	
1477	379.458	Bb4	70	32	1817	393.686	Bb4	70	33	
1478	379.805	E5	76	37	1819	393.82	E5	76	33	
1479	380.612	C#6	85	39	1820	393.955	C#6	85	33	
1480	386.466	F#4	66	37	1821	396.737	F#4	66	41	
1481	387.86	Eb5	75	37	1822	397.5	Eb5	75	45	
1482	388.163	B1	35	29	1824	397.754	B1	35	49	
1483	388.368	Eb5	75	37	1823	397.754	Eb5	75	49	
1484	388.726	F#2	42	38	1825	398.093	F#2	42	49	
1485	389.042	F#3	54	35	1826	398.432	F#3	54	49	
1486	389.513	B3	59	23	1828	398.771	B3	59	49	
1487	389.515	Eb4	63	33	1829	398.771	Eb4	63	49	
1488	389.518	Eb3	51	24	1827	398.771	Eb3	51	49	
1489	390.165	F#2	42	33	1830	399.449	F#2	42	49	
1490	390.483	B1	35	35	1832	399.788	B1	35	49	
1491	390.578	B4	71	51	1831	399.788	B4	71	49	
1492	390.865	F#2	42	39	1833	400.127	F#2	42	49	
1493	391.173	F#3	54	36	1834	400.466	F#3	54	49	
1494	391.276	C#5	73	59	1835	400.551	C#5	73	49	
1495	391.564	Eb3	51	34	1837	400.805	Eb3	51	49	
1496	391.587	B3	59	22	1838	400.805	B3	59	49	
1497	391.612	Eb4	63	17	1839	400.805	Eb4	63	49	
1498	391.661	Eb5	75	53	1836	400.805	Eb5	75	49	
1499	392.232	F#2	42	36	1840	401.483	F#2	42	49	
1500	392.362	E5	76	55	1841	401.568	E5	76	49	
1501	392.617	B1	35	33	1843	401.822	B1	35	49	
1502	392.74	Eb5	75	46	1842	401.822	Eb5	75	49	
1503	393.023	F#2	42	36	1844	402.161	F#2	42	49	
1504	393.333	E3	52	41	1845	402.5	E3	52	49	
1505	393.701	Bb3	58	36	1848	402.839	Bb3	58	49	
1506	393.718	E4	64	35	1849	402.839	E4	64	49	
1507	393.733	F#3	54	20	1847	402.839	F#3	54	49	
1508	393.776	C#5	73	49	1846	402.839	C#5	73	49	
1509	394.387	F#2	42	25	1850	403.517	F#2	42	49	
1510	394.471	Eb5	75	52	1851	403.602	Eb5	75	49	
1511	394.76	B1	35	36	1853	403.856	B1	35	49	
1512	394.989	E5	76	53	1852	403.856	E5	76	49	
1513	395.279	F#2	42	34	1854	404.195	F#2	42	49	
1514	395.418	E5	76	53	1855	404.364	F#5	78	49	
1515	395.635	E5	76	58	1856	404.534	E5	76	49	
1516	395.743	E3	52	34	1857	404.534	C#3	49	49	
1517	395.829	F#5	78	61	1858	404.703	Eb5	75	49	
1518	395.978	E5	76	68	1859	404.873	E5	76	49	
1519	396.11	Eb5	75	66	*	-1	*	-1	-1	
1520	396.253	F#3	54	25	1860	404.873	F#3	54	49	
1521	396.288	Bb3	58	32	1861	404.873	Bb3	58	49	
1522	396.307	E4	64	32	1862	404.873	E4	64	49	
1523	396.419	E5	76	58	1859	404.873	E5	76	49	
1524	397.042	F#2	42	29	1863	405.551	F#2	42	49	
1525	397.173	F#5	78	51	1864	405.636	F#5	78	49	
1526	397.413	B1	35	38	1866	405.89	B1	35	49	
1527	397.587	Eb5	75	45	1865	405.89	Eb5	75	49	
1528	397.862	F#2	42	39	1867	406.229	F#2	42	49	
1529	398.185	F#3	54	39	1868	406.568	F#3	54	49	
1530	398.593	Eb3	51	36	1869	406.907	Eb3	51	49	
1531	398.602	B3	59	23	1870	406.907	B3	59	49	
1532	398.604	Eb4	63	30	1871	406.907	Eb4	63	49	
1533	399.243	F#2	42	46	1872	407.585	F#2	42	49	
1534	399.595	Bb1	34	35	1875	407.924	Bb1	34	49	
1535	399.68	C#5	73	65	1873	407.924	C#5	73	49	
1536	400.018	F2	41	46	1876	408.263	F2	41	49	
1537	400.309	Bb2	46	52	1877	408.602	Bb2	46	49	
1538	400.62	Eb3	51	35	1879	408.941	Eb3	51	49	
1539	400.677	G3	55	38	1880	408.941	G3	55	49	
1540	400.715	C#4	61	44	1881	408.941	C#4	61	49	
1541	400.74	Eb5	75	70	1878	408.941	Eb5	75	49	
1542	401.392	Eb2	39	45	1882	409.619	Eb2	39	49	
1543	401.698	G#1	32	38	1884	409.958	G#1	32	49	
1544	401.763	B4	71	64	1883	409.958	B4	71	49	
1545	402.079	G#2	44	44	1885	410.297	G#2	44	49	
1546	402.368	D3	50	43	1886	410.636	D3	50	49	
1547	402.741	C#3	49	38	1888	410.975	C#3	49	49	
1548	402.759	B3	59	27	1890	410.975	B3	59	49	
1549	402.773	F3	53	33	1889	410.975	F3	53	49	
1550	402.828	Bb4	70	61	1887	410.975	Bb4	70	49	
1551	403.418	C#2	37	36	1891	411.652	C#2	37	49	
1552	403.522	B4	71	60	1892	411.737	B4	71	49	
1553	403.794	F#1	30	41	1894	411.991	F#1	30	49	
1554	403.995	C#5	73	52	1893	411.991	C#5	73	49	
1555	404.372	F#2	42	40	1895	412.33	F#2	42	49	
1556	404.741	F#3	54	35	1896	412.669	F#3	54	49	
1557	405.104	Bb3	58	29	1898	413.008	Bb3	58	49	
1558	405.151	E4	64	29	1899	413.008	E4	64	49	
1559	405.219	F#4	66	30	1897	413.008	F#4	66	49	
1560	405.403	G#4	68	45	1900	413.076	G#4	68	49	
1561	405.509	F#4	66	46	1901	413.144	F#4	66	49	
1562	405.599	F4	65	54	1902	413.212	F4	65	49	
1563	405.661	F#4	66	61	1903	413.28	F#4	66	49	
1564	405.729	G#4	68	52	1904	413.347	G#4	68	49	
1565	405.762	Bb4	70	64	1905	413.415	Bb4	70	49	
1566	405.859	B4	71	67	1906	413.483	B4	71	49	
1567	405.929	C#5	73	73	1907	413.551	C#5	73	49	
1568	405.983	Eb5	75	65	1908	413.619	Eb5	75	49	
1569	406.081	E5	76	71	1909	413.686	E5	76	49	
1570	406.163	F#5	78	66	1911	413.754	F#5	78	49	
1571	406.201	F#2	42	39	1910	413.686	F#2	42	49	
1572	406.445	Bb5	82	53	1912	413.822	Bb5	82	49	
1573	406.718	G#5	80	64	1913	413.89	G#5	80	49	
1574	406.901	E5	76	64	1914	413.958	E5	76	49	
1575	406.926	B1	35	38	1916	414.025	B1	35	49	
1576	407.19	Eb5	75	46	1915	414.025	Eb5	75	49	
1577	407.485	F#2	42	40	1917	414.364	F#2	42	49	
1578	407.763	F#3	54	43	1918	414.703	F#3	54	49	
1579	408.122	Eb3	51	35	1920	415.042	Eb3	51	49	
1580	408.128	B3	59	25	1921	415.042	B3	59	49	
1581	408.156	Eb4	63	32	1922	415.042	Eb4	63	49	
1582	408.219	G#4	68	56	1919	415.042	G#4	68	49	
1583	408.739	F#2	42	44	1923	415.72	F#2	42	49	
1584	409.047	B1	35	41	1926	416.059	B1	35	49	
1585	409.142	B4	71	65	1924	416.059	B4	71	49	
1586	409.177	F#4	66	41	1925	416.059	F#4	66	49	
1587	409.385	F#2	42	47	1927	416.398	F#2	42	49	
1588	409.694	F#3	54	37	1928	416.737	F#3	54	49	
1589	409.804	C#5	73	72	1929	416.822	C#5	73	49	
1590	410.021	Eb3	51	35	1931	417.076	Eb3	51	49	
1591	410.031	Eb4	63	33	1933	417.076	Eb4	63	49	
1592	410.035	B3	59	36	1932	417.076	B3	59	49	
1593	410.132	Eb5	75	66	1930	417.076	Eb5	75	49	
1594	410.609	F#2	42	37	1934	417.754	F#2	42	49	
1595	410.685	F#5	78	58	1935	417.839	F#5	78	49	
1596	410.749	E5	76	76	1936	417.902	E5	76	49	
1597	410.919	B1	35	51	1939	418.093	B1	35	49	
1598	411.106	Eb5	75	73	1937	418.093	Eb5	75	49	
1599	411.143	F#4	66	37	1938	418.093	F#4	66	49	
1600	411.352	F#2	42	47	1940	418.432	F#2	42	49	
1601	411.664	E3	52	56	1941	418.771	F#3	54	49	
1602	412.06	F#3	54	42	*	-1	*	-1	-1	
1603	412.07	E4	64	38	1945	419.11	E4	64	49	
1604	412.076	Bb3	58	41	1944	419.11	Bb3	58	49	
1605	412.089	C#5	73	72	1942	419.11	C#5	73	49	
1606	412.115	G#4	68	54	1943	419.11	G#4	68	49	
1607	412.622	F#2	42	52	1946	419.788	F#2	42	49	
1608	412.724	Eb5	75	76	1947	419.873	Eb5	75	49	
1609	413.012	B1	35	47	1950	420.127	B1	35	49	
1610	413.157	E5	76	74	1948	420.127	E5	76	49	
1611	413.177	F#4	66	52	1949	420.127	F#4	66	49	
1612	413.399	F#2	42	53	1952	420.466	F#2	42	49	
1613	413.485	E5	76	78	1951	420.466	E5	76	49	
1614	413.641	E5	76	71	1953	420.53	E5	76	49	
1615	413.796	F#5	78	78	1954	420.636	F#5	78	49	
1616	413.829	E3	52	48	1956	420.805	C#3	49	49	
1617	413.939	E5	76	78	1955	420.805	E5	76	49	
1618	414.054	Eb5	75	85	1957	420.975	Eb5	75	49	
1619	414.247	F#3	54	41	1960	421.144	F#3	54	49	
1620	414.27	Bb3	58	40	1961	421.144	Bb3	58	49	
1621	414.28	E4	64	46	1962	421.144	E4	64	49	
1622	414.367	E5	76	82	1958	421.144	E5	76	49	
1623	414.388	G#4	68	43	1959	421.144	G#4	68	49	
1624	414.938	F#2	42	55	1963	421.822	F#2	42	49	
1625	415.054	F#5	78	86	1964	421.907	F#5	78	49	
1626	415.333	B1	35	45	1968	422.161	B1	35	49	
1627	415.47	Eb5	75	83	1967	422.161	Eb5	75	49	
1628	415.509	A4	69	51	1966	422.161	A4	69	49	
1629	415.51	Eb4	63	54	1965	422.161	Eb4	63	49	
1630	415.835	F#2	42	68	1969	422.5	F#2	42	49	
1631	416.16	B2	47	77	1970	422.839	B2	47	49	
1632	416.521	F#3	54	72	1972	423.178	F#3	54	49	
1633	417.015	C#4	61	75	1973	423.517	C#4	61	49	
1634	417.759	B3	59	66	1974	424.025	B3	59	49	
1635	418.023	Eb5	75	71	1975	424.195	Eb5	75	49	
1636	418.04	B3	59	43	1979	424.195	B3	59	49	
1637	418.043	G#4	68	55	1977	424.195	G#4	68	49	
1638	418.049	E4	64	42	1976	424.195	E4	64	49	
1639	418.055	E3	52	34	1978	424.195	E3	52	49	
1640	418.698	C#5	73	80	1980	424.703	C#5	73	49	
1641	419.18	B4	71	76	1981	425.212	B4	71	67	
1642	419.979	B5	83	88	1982	425.975	B5	83	96	
1643	420.19	B5	83	92	1983	426.229	B5	83	96	
1644	421.305	E2	40	50	1987	427.246	E2	40	96	
1645	421.321	C#4	61	81	1986	427.246	C#4	61	115	
1646	421.346	G#3	56	52	1984	427.246	G#3	56	115	
1647	421.354	B3	59	56	1985	427.246	B3	59	115	
1648	423.036	F#2	42	37	1991	429.28	F#2	42	96	
1649	423.078	Eb4	63	50	1990	429.28	Eb4	63	96	
1650	423.079	F#3	54	37	1988	429.28	F#3	54	96	
1651	423.106	B3	59	34	1989	429.28	B3	59	96	
1652	424.098	G#2	44	30	1993	430.297	G#2	44	96	
1653	424.098	B3	59	37	1992	430.297	B3	59	96	
1654	424.121	E3	52	32	1994	430.297	E3	52	96	
1655	424.888	E4	64	33	1995	431.059	E4	64	96	
1656	425.161	E4	64	36	1996	431.313	E4	64	96	
1657	426.635	Eb5	75	40	1997	432.33	Eb5	75	96	
1658	427.198	C#5	73	60	1998	432.839	C#5	73	68	
1659	427.719	B4	71	67	1999	433.347	B4	71	77	
1660	428.503	B5	83	87	2000	434.11	B5	83	87	
1661	428.726	B5	83	90	2001	434.364	B5	83	96	
1662	429.784	E4	64	83	2003	435.381	E4	64	96	
1663	429.794	G#2	44	52	2004	435.381	G#2	44	96	
1664	429.807	B3	59	58	2002	435.381	B3	59	96	
1665	431.52	F#4	66	60	2009	437.415	F#4	66	96	
1666	431.534	D4	62	47	2008	437.415	D4	62	96	
1667	431.546	F#3	54	40	2006	437.415	F#3	54	96	
1668	431.547	B3	59	41	2007	437.415	B3	59	96	
1669	431.565	F#2	42	37	2010	437.415	F#2	42	96	
1670	432.618	F2	41	31	2015	438.432	F2	41	96	
1671	432.633	G#4	68	44	2014	438.432	G#4	68	96	
1672	432.637	G#3	56	28	2011	438.432	G#3	56	96	
1673	432.648	C#4	61	42	2013	438.432	C#4	61	96	
1674	432.659	B3	59	38	2012	438.432	B3	59	96	
1675	433.704	G#5	80	73	2016	439.449	G#5	80	96	
1676	434.766	G#4	68	44	2017	440.466	G#4	68	96	
1677	435.483	E3	52	32	2021	441.483	E3	52	96	
1678	435.578	F#3	54	34	2027	441.61	F#4	66	96	
1679	435.729	C#4	61	35	2030	441.672	G#4	68	96	
1680	435.774	Bb4	70	44	2033	441.737	Bb4	70	96	
1681	435.778	F#4	66	41	2032	441.737	F#4	66	96	
1682	435.874	B4	71	61	2036	441.799	B4	71	96	
1683	435.968	Bb4	70	62	2037	441.856	Bb4	70	96	
1684	436.024	B4	71	54	2041	441.926	B4	71	96	
1685	436.107	Bb4	70	62	2044	441.991	Bb4	70	96	
1686	436.146	B4	71	65	2047	442.053	B4	71	96	
1687	436.212	Bb4	70	62	2049	442.119	Bb4	70	96	
1688	436.251	B4	71	54	2052	442.18	B4	71	96	
1689	436.324	Bb4	70	68	2053	442.229	Bb4	70	96	
1690	436.424	G#4	68	69	2057	442.307	B4	71	96	
1691	436.557	Bb4	70	67	2060	442.373	Bb4	70	96	
1692	436.781	B3	59	33	*	-1	*	-1	-1	
1693	436.782	F#3	54	25	*	-1	*	-1	-1	
1694	436.784	Eb3	51	34	*	-1	*	-1	-1	
1695	436.79	B4	71	55	2065	442.5	B4	71	96	
1696	436.804	F#4	66	39	2064	442.5	F#4	66	96	
1697	437.919	G#3	56	29	2071	443.517	G#3	56	96	
1698	437.923	E5	76	52	2069	443.517	E5	76	96	
1699	437.931	B3	59	25	2072	443.517	B3	59	96	
1700	437.951	C#3	49	31	2070	443.517	C#3	49	96	
1701	438.932	E4	64	42	2073	444.534	E4	64	96	
1702	439.701	C#3	49	29	2077	445.551	C#3	49	96	
1703	439.774	Eb3	51	30	2083	445.678	Eb4	63	96	
1704	439.891	Bb3	58	29	2086	445.739	E4	64	96	
1705	439.93	G4	67	45	2075	445.551	G4	67	96	
1706	439.94	Eb4	63	19	2088	445.805	Eb4	63	96	
1707	440.12	G#4	68	48	2087	445.739	G#4	68	96	
1708	440.227	G4	67	42	2089	445.805	G4	67	96	
1709	440.286	G#4	68	63	2092	445.866	G#4	68	96	
1710	440.356	G4	67	58	2093	445.924	G4	67	96	
1711	440.413	G#4	68	61	2097	445.994	G#4	68	96	
1712	440.458	G4	67	58	2101	446.11	G4	67	96	
1713	440.516	G#4	68	75	2108	446.248	G#4	68	96	
1714	440.57	G4	67	66	2109	446.297	G4	67	96	
1715	440.653	F4	65	69	2116	446.441	G4	67	96	
1716	440.75	G4	67	47	2117	446.483	G4	67	96	
1717	440.893	C3	48	31	*	-1	*	-1	-1	
1718	440.897	G#4	68	59	2121	446.568	G#4	68	96	
1719	440.931	G#3	56	35	2123	446.568	G#3	56	96	
1720	440.939	Eb3	51	18	*	-1	*	-1	-1	
1721	440.942	Eb4	63	41	2120	446.568	Eb4	63	96	
1722	441.913	B2	47	34	2127	447.585	B2	47	96	
1723	441.929	Bb4	70	45	2124	447.585	Bb4	70	96	
1724	441.936	C#4	61	36	2125	447.585	C#4	61	96	
1725	442.609	G#4	68	54	2128	448.347	G#4	68	96	
1726	442.891	F#3	54	39	2132	448.602	F#3	54	75	
1727	442.898	F#4	66	40	2130	448.602	F#4	66	80	
1728	442.899	Bb2	46	42	2131	448.602	Bb2	46	75	
1729	442.936	C#4	61	38	2129	448.602	C#4	61	80	
1730	443.858	Eb4	63	39	2134	449.619	Eb4	63	72	
1731	443.882	A2	45	25	2135	449.619	A2	45	65	
1732	443.887	F#3	54	23	2136	449.619	F#3	54	65	
1733	443.897	C4	60	32	2133	449.619	C4	60	72	
1734	444.939	E4	64	37	2138	450.636	E4	64	65	
1735	444.943	G2	43	29	2140	450.636	G2	43	54	
1736	444.989	G3	55	27	2139	450.636	G3	55	65	
1737	444.993	C4	60	26	2137	450.636	C4	60	65	
1738	445.984	D4	62	35	2142	451.652	D4	62	57	
1739	446.001	F3	53	28	2143	451.652	F3	53	57	
1740	446.001	B3	59	30	2141	451.652	B3	59	57	
1741	447.107	F#2	42	36	2147	452.669	F#2	42	44	
1742	447.118	Eb4	63	29	2145	452.669	Eb4	63	49	
1743	447.135	B3	59	26	2144	452.669	B3	59	49	
1744	447.146	F#3	54	10	2146	452.669	F#3	54	49	
1745	448.288	Bb3	58	32	2149	453.686	Bb3	58	41	
1746	448.309	E3	52	20	2148	453.686	E3	52	41	
1747	449.556	B1	35	25	2152	454.703	B1	35	33	
1748	449.607	B3	59	26	2151	454.703	B3	59	33	
1749	449.628	Eb3	51	24	2150	454.703	Eb3	51	33	
1750	450.199	F#2	42	32	2153	455.042	F#2	42	33	
1751	450.565	B2	47	29	2154	455.381	B2	47	33	
1752	450.892	Bb2	46	29	2155	455.72	Bb2	46	33	
1753	451.206	G#2	44	31	2156	456.059	G#2	44	33	
1754	451.476	F#2	42	32	2157	456.398	F#2	42	33	
1755	451.839	B2	47	27	2161	456.737	B2	47	33	
1756	451.892	Eb4	63	29	2158	456.737	Eb4	63	33	
1757	451.892	G#4	68	40	2159	456.737	G#4	68	33	
1758	451.899	F#3	54	34	2160	456.737	F#3	54	33	
1759	451.954	G#4	68	6	*	-1	*	-1	-1	
1760	452.285	Bb2	46	30	2162	457.076	Bb2	46	33	
1761	452.543	B2	47	31	2163	457.415	B2	47	33	
1762	452.852	Bb2	46	39	2164	457.754	Bb2	46	33	
1763	453.141	G#2	44	39	2165	458.093	G#2	44	33	
1764	453.41	F#2	42	42	2166	458.432	F#2	42	33	
1765	453.789	C#3	49	31	2171	458.771	C#3	49	33	
1766	453.794	F#3	54	27	2170	458.771	F#3	54	33	
1767	453.84	G#4	68	50	2167	458.771	G#4	68	33	
1768	453.868	E4	64	34	2169	458.771	E4	64	33	
1769	453.868	Bb3	58	32	2168	458.771	Bb3	58	33	
1770	454.21	C3	48	32	2172	459.11	C3	48	33	
1771	454.496	Eb3	51	37	2173	459.449	Eb3	51	33	
1772	454.824	C#3	49	26	2174	459.788	C#3	49	33	
1773	455.098	G#2	44	41	2175	460.127	G#2	44	33	
1774	455.371	F#2	42	39	2176	460.466	F#2	42	33	
1775	455.699	C#3	49	32	2178	460.805	C#3	49	33	
1776	455.768	Bb4	70	58	2177	460.805	Bb4	70	33	
1777	456.096	C3	48	32	2179	461.144	C3	48	33	
1778	456.391	Eb3	51	38	2180	461.483	Eb3	51	33	
1779	456.708	C#3	49	39	2181	461.822	C#3	49	33	
1780	457.016	G#2	44	39	2182	462.161	G#2	44	33	
1781	457.319	F#2	42	42	2183	462.5	F#2	42	33	
1782	457.828	B2	47	28	2188	462.839	B2	47	33	
1783	457.836	F#3	54	27	2187	462.839	F#3	54	33	
1784	457.932	Bb4	70	48	2184	462.839	Bb4	70	33	
1785	457.936	B3	59	36	2185	462.839	B3	59	33	
1786	457.958	Eb4	63	27	2186	462.839	Eb4	63	33	
1787	458.379	Bb2	46	37	2189	463.178	Bb2	46	33	
1788	458.693	B2	47	37	2190	463.517	B2	47	33	
1789	458.985	Bb2	46	35	2192	463.856	Bb2	46	33	
1790	459.035	B4	71	56	2191	463.856	B4	71	33	
1791	459.306	G#2	44	40	2193	464.195	G#2	44	33	
1792	459.581	F#2	42	46	2194	464.534	F#2	42	33	
1793	459.898	B2	47	33	2196	464.873	B2	47	33	
1794	460.047	Eb4	63	39	2195	464.873	Eb4	63	33	
1795	460.315	Bb2	46	39	2198	465.212	Bb2	46	33	
1796	460.432	Eb4	63	49	2197	465.212	Eb4	63	33	
1797	460.629	Eb4	63	41	2199	465.275	Eb4	63	33	
1798	460.676	B2	47	32	2202	465.551	B2	47	33	
1799	460.733	E4	64	48	2200	465.347	E4	64	33	
1800	460.856	Eb4	63	54	2201	465.483	Eb4	63	33	
1801	460.953	D4	62	55	2203	465.619	D4	62	33	
1802	461.071	Eb4	63	36	2204	465.754	Eb4	63	33	
1803	461.076	Bb2	46	40	2206	465.89	Bb2	46	33	
1804	461.155	Eb4	63	37	2205	465.89	Eb4	63	33	
1805	461.288	Bb4	70	53	2207	465.953	Bb4	70	33	
1806	461.586	G#2	44	31	2208	466.229	G#2	44	33	
1807	461.893	F#2	42	39	2209	466.568	F#2	42	33	
1808	462.026	G#4	68	57	2210	466.652	G#4	68	33	
1809	462.341	C#3	49	30	2215	466.907	C#3	49	33	
1810	462.351	F#3	54	25	2214	466.907	F#3	54	33	
1811	462.434	G#4	68	40	2211	466.907	G#4	68	33	
1812	462.453	Bb3	58	39	2212	466.907	Bb3	58	33	
1813	462.49	E4	64	24	2213	466.907	E4	64	33	
1814	462.815	C3	48	27	2216	467.246	C3	48	33	
1815	463.079	Eb3	51	37	2217	467.585	Eb3	51	33	
1816	463.378	C#3	49	36	2218	467.924	C#3	49	33	
1817	463.664	G#2	44	37	2219	468.263	G#2	44	33	
1818	463.932	F#2	42	40	2220	468.602	F#2	42	33	
1819	464.204	C#3	49	33	2222	468.941	C#3	49	33	
1820	464.276	F#4	66	50	2221	468.941	F#4	66	33	
1821	464.565	C3	48	44	2223	469.28	C3	48	33	
1822	464.827	Eb3	51	50	2224	469.619	Eb3	51	33	
1823	465.128	C#3	49	34	2226	469.958	C#3	49	33	
1824	465.186	Bb4	70	68	2225	469.958	Bb4	70	33	
1825	465.474	G#2	44	42	2227	470.297	G#2	44	33	
1826	465.706	F#2	42	39	2228	470.636	F#2	42	33	
1827	465.818	B4	71	62	2229	470.72	B4	71	33	
1828	465.974	Bb3	58	50	2231	470.975	Bb3	58	33	
1829	466.055	E4	64	56	2232	470.975	E4	64	33	
1830	466.09	F#3	54	42	2233	470.975	F#3	54	33	
1831	466.24	C5	72	70	2230	470.975	C5	72	33	
1832	466.577	G#3	56	41	2234	471.313	G#3	56	33	
1833	466.84	F#3	54	47	2235	471.652	F#3	54	33	
1834	467.134	F3	53	39	2237	471.991	F3	53	33	
1835	467.242	C#5	73	69	2236	471.991	C#5	73	33	
1836	467.559	F#3	54	26	2238	472.33	F#3	54	33	
1837	467.844	C#3	49	39	2239	472.669	C#3	49	33	
1838	468.118	E3	52	35	2240	473.008	E3	52	33	
1839	468.422	F#3	54	42	2241	473.347	F#3	54	33	
1840	468.651	E3	52	36	2242	473.686	E3	52	33	
1841	468.984	G#2	44	32	2244	474.025	G#2	44	33	
1842	469.143	Eb5	75	52	2243	474.025	Eb5	75	33	
1843	469.471	C#3	49	30	2245	474.364	C#3	49	33	
1844	469.785	Bb2	46	37	2246	474.703	Bb2	46	33	
1845	469.896	E5	76	57	2247	474.788	E5	76	33	
1846	470.112	C#4	61	41	2250	475.042	C#4	61	33	
1847	470.24	Bb4	70	45	2249	475.042	Bb4	70	33	
1848	470.435	G2	43	31	2251	475.042	G2	43	33	
1849	470.684	E5	76	46	2248	475.042	E5	76	33	
1850	471.186	F#2	42	28	2252	475.381	F#2	42	33	
1851	471.53	G#2	44	34	2253	475.72	G#2	44	33	
1852	471.846	F#2	42	29	2254	476.059	F#2	42	33	
1853	472.157	G2	43	29	2255	476.398	G2	43	33	
1854	472.452	F#2	42	27	2256	476.737	F#2	42	33	
1855	472.757	G#2	44	35	2257	477.076	G#2	44	33	
1856	473.065	F#2	42	30	2258	477.415	F#2	42	33	
1857	473.434	G2	43	36	2259	477.754	G2	43	33	
1858	473.853	F#2	42	30	2260	478.093	F#2	42	33	
1859	474.298	Eb3	51	39	2261	478.432	Eb3	51	33	
1860	474.862	F#2	42	34	2262	478.771	F#2	42	33	
1861	475.121	Eb5	75	33	2263	478.856	Eb5	75	33	
1862	475.124	Eb4	63	29	2264	478.856	Eb4	63	33	
1863	475.885	B1	35	30	2268	479.11	B1	35	33	
1864	475.895	Eb5	75	35	2266	479.11	Eb5	75	33	
1865	475.903	Eb4	63	30	2267	479.11	Eb4	63	33	
1866	475.91	B4	71	38	2265	479.11	B4	71	33	
1867	479.434	B2	47	44	2275	481.144	B2	47	33	
1868	479.435	G3	55	60	2270	481.144	G3	55	33	
1869	479.435	Eb4	63	56	2272	481.144	Eb4	63	33	
1870	479.438	G2	43	49	2274	481.144	G2	43	33	
1871	479.444	B1	35	43	2273	481.144	B1	35	33	
1872	479.446	Eb3	51	51	2269	481.144	Eb3	51	33	
1873	479.538	B3	59	26	2271	481.144	B3	59	33	
1874	483.518	Eb4	63	21	2279	483.178	Eb4	63	33	
1875	483.546	B1	35	28	2280	483.178	B1	35	33	
1876	483.547	F#2	42	25	2281	483.178	F#2	42	33	
1877	483.56	F#3	54	31	2277	483.178	F#3	54	33	
1878	483.571	B2	47	16	2282	483.178	B2	47	33	
1879	483.582	Eb3	51	20	2276	483.178	Eb3	51	33	
1880	483.586	B3	59	18	2278	483.178	B3	59	33	
*	-1	*	-1	-1	38	9.02542	G3	55	49	
*	-1	*	-1	-1	113	24.2797	B3	59	49	
*	-1	*	-1	-1	116	24.5339	B3	59	49	
*	-1	*	-1	-1	128	27.0763	Bb4	70	49	
*	-1	*	-1	-1	159	32.6695	Eb4	63	49	
*	-1	*	-1	-1	168	34.7034	F#3	54	49	
*	-1	*	-1	-1	194	38.7712	F#3	54	61	
*	-1	*	-1	-1	248	48.9407	F#3	54	49	
*	-1	*	-1	-1	250	48.9407	C4	60	49	
*	-1	*	-1	-1	271	52.7542	C4	60	49	
*	-1	*	-1	-1	297	57.0763	E3	52	33	
*	-1	*	-1	-1	298	57.0763	F#3	54	33	
*	-1	*	-1	-1	340	64.1949	B1	35	33	
*	-1	*	-1	-1	427	85.5508	E3	52	96	
*	-1	*	-1	-1	434	88.6017	B3	59	96	
*	-1	*	-1	-1	440	91.6525	Bb4	70	96	
*	-1	*	-1	-1	441	91.6525	G4	67	96	
*	-1	*	-1	-1	445	91.714	B4	71	96	
*	-1	*	-1	-1	446	91.7457	B4	71	96	
*	-1	*	-1	-1	448	91.839	Bb4	70	96	
*	-1	*	-1	-1	451	91.9322	B4	71	96	
*	-1	*	-1	-1	454	92.0339	Bb4	70	96	
*	-1	*	-1	-1	456	92.1186	B4	71	96	
*	-1	*	-1	-1	458	92.2119	Bb4	70	96	
*	-1	*	-1	-1	461	92.3051	B4	71	96	
*	-1	*	-1	-1	462	92.3496	B4	71	96	
*	-1	*	-1	-1	464	92.4152	Bb4	70	96	
*	-1	*	-1	-1	465	92.4767	B4	71	96	
*	-1	*	-1	-1	475	95.7203	G4	67	96	
*	-1	*	-1	-1	477	95.7203	G4	67	96	
*	-1	*	-1	-1	480	95.7818	G#4	68	96	
*	-1	*	-1	-1	481	95.8135	G#4	68	96	
*	-1	*	-1	-1	483	95.9068	G4	67	96	
*	-1	*	-1	-1	486	96	G#4	68	96	
*	-1	*	-1	-1	489	96.1017	G4	67	96	
*	-1	*	-1	-1	491	96.1864	G#4	68	96	
*	-1	*	-1	-1	493	96.2796	G4	67	96	
*	-1	*	-1	-1	496	96.3729	G#4	68	96	
*	-1	*	-1	-1	497	96.4174	G#4	68	96	
*	-1	*	-1	-1	499	96.483	G4	67	96	
*	-1	*	-1	-1	500	96.5445	G#4	68	96	
*	-1	*	-1	-1	503	96.6525	G4	67	96	
*	-1	*	-1	-1	505	96.7373	G#4	68	96	
*	-1	*	-1	-1	570	113.008	B4	71	96	
*	-1	*	-1	-1	574	113.347	G#4	68	96	
*	-1	*	-1	-1	577	114.025	E4	64	96	
*	-1	*	-1	-1	579	114.364	B3	59	96	
*	-1	*	-1	-1	582	115.042	B4	71	96	
*	-1	*	-1	-1	584	115.381	G#4	68	96	
*	-1	*	-1	-1	587	116.059	E4	64	96	
*	-1	*	-1	-1	589	116.398	B3	59	96	
*	-1	*	-1	-1	592	117.076	B4	71	96	
*	-1	*	-1	-1	595	117.415	G#4	68	96	
*	-1	*	-1	-1	598	118.093	E4	64	96	
*	-1	*	-1	-1	600	118.432	B3	59	96	
*	-1	*	-1	-1	604	119.11	C#5	73	96	
*	-1	*	-1	-1	608	119.449	G#4	68	96	
*	-1	*	-1	-1	611	120.127	E4	64	96	
*	-1	*	-1	-1	613	120.466	C#4	61	96	
*	-1	*	-1	-1	619	121.483	G#4	68	96	
*	-1	*	-1	-1	622	122.161	E4	64	96	
*	-1	*	-1	-1	624	122.5	B3	59	96	
*	-1	*	-1	-1	627	123.178	G#4	68	96	
*	-1	*	-1	-1	635	124.195	C#4	61	96	
*	-1	*	-1	-1	637	124.534	G#3	56	96	
*	-1	*	-1	-1	640	125.212	G#4	68	96	
*	-1	*	-1	-1	642	125.551	E4	64	96	
*	-1	*	-1	-1	645	126.229	C#4	61	96	
*	-1	*	-1	-1	649	127.246	E4	64	96	
*	-1	*	-1	-1	654	127.585	C#4	61	96	
*	-1	*	-1	-1	657	128.263	A3	57	96	
*	-1	*	-1	-1	659	128.602	E3	52	96	
*	-1	*	-1	-1	662	129.28	E4	64	96	
*	-1	*	-1	-1	666	129.619	B3	59	96	
*	-1	*	-1	-1	669	130.297	G#3	56	96	
*	-1	*	-1	-1	671	130.636	E3	52	96	
*	-1	*	-1	-1	674	131.314	Eb4	63	96	
*	-1	*	-1	-1	676	131.653	B3	59	96	
*	-1	*	-1	-1	679	132.33	G#3	56	96	
*	-1	*	-1	-1	681	132.669	E3	52	96	
*	-1	*	-1	-1	684	133.347	C#4	61	96	
*	-1	*	-1	-1	688	133.686	A3	57	96	
*	-1	*	-1	-1	691	134.364	F#3	54	96	
*	-1	*	-1	-1	693	134.703	Eb3	51	96	
*	-1	*	-1	-1	696	135.381	B3	59	96	
*	-1	*	-1	-1	698	135.72	G#3	56	96	
*	-1	*	-1	-1	701	136.398	E3	52	96	
*	-1	*	-1	-1	703	136.737	D3	50	96	
*	-1	*	-1	-1	706	137.415	B3	59	96	
*	-1	*	-1	-1	710	137.754	G#3	56	96	
*	-1	*	-1	-1	713	138.432	E3	52	96	
*	-1	*	-1	-1	715	138.771	C#3	49	96	
*	-1	*	-1	-1	718	139.449	A3	57	96	
*	-1	*	-1	-1	720	139.788	F#3	54	96	
*	-1	*	-1	-1	723	140.466	Eb3	51	96	
*	-1	*	-1	-1	725	140.805	C3	48	96	
*	-1	*	-1	-1	794	162.839	B3	59	96	
*	-1	*	-1	-1	807	166.907	B3	59	96	
*	-1	*	-1	-1	814	169.958	B4	71	96	
*	-1	*	-1	-1	815	169.958	G#2	44	96	
*	-1	*	-1	-1	818	170.636	G#4	68	96	
*	-1	*	-1	-1	820	170.975	Eb4	63	96	
*	-1	*	-1	-1	822	171.314	B3	59	96	
*	-1	*	-1	-1	825	171.991	B4	71	96	
*	-1	*	-1	-1	830	172.669	G#4	68	96	
*	-1	*	-1	-1	832	173.008	Eb4	63	96	
*	-1	*	-1	-1	834	173.347	B3	59	96	
*	-1	*	-1	-1	851	178.093	B4	71	96	
*	-1	*	-1	-1	855	178.432	G#4	68	96	
*	-1	*	-1	-1	858	179.11	E4	64	96	
*	-1	*	-1	-1	860	179.449	B3	59	96	
*	-1	*	-1	-1	863	180.127	B4	71	96	
*	-1	*	-1	-1	865	180.466	G#4	68	96	
*	-1	*	-1	-1	868	181.144	E4	64	96	
*	-1	*	-1	-1	870	181.483	B3	59	96	
*	-1	*	-1	-1	873	182.161	B4	71	96	
*	-1	*	-1	-1	876	182.5	G#4	68	96	
*	-1	*	-1	-1	879	183.178	E4	64	96	
*	-1	*	-1	-1	881	183.517	B3	59	96	
*	-1	*	-1	-1	885	184.195	C#5	73	96	
*	-1	*	-1	-1	889	184.534	G#4	68	96	
*	-1	*	-1	-1	892	185.212	E4	64	96	
*	-1	*	-1	-1	894	185.551	C#4	61	96	
*	-1	*	-1	-1	900	186.568	G#4	68	96	
*	-1	*	-1	-1	903	187.246	E4	64	96	
*	-1	*	-1	-1	905	187.585	B3	59	96	
*	-1	*	-1	-1	908	188.263	G#4	68	96	
*	-1	*	-1	-1	916	189.28	C#4	61	96	
*	-1	*	-1	-1	918	189.619	G#3	56	96	
*	-1	*	-1	-1	921	190.297	G#4	68	96	
*	-1	*	-1	-1	923	190.636	E4	64	96	
*	-1	*	-1	-1	926	191.314	C#4	61	96	
*	-1	*	-1	-1	930	192.33	E4	64	96	
*	-1	*	-1	-1	935	192.669	C#4	61	96	
*	-1	*	-1	-1	938	193.347	A3	57	96	
*	-1	*	-1	-1	940	193.686	E3	52	96	
*	-1	*	-1	-1	943	194.364	E4	64	96	
*	-1	*	-1	-1	947	194.703	B3	59	96	
*	-1	*	-1	-1	950	195.381	G#3	56	96	
*	-1	*	-1	-1	952	195.72	E3	52	96	
*	-1	*	-1	-1	955	196.398	Eb4	63	96	
*	-1	*	-1	-1	957	196.737	B3	59	96	
*	-1	*	-1	-1	960	197.415	G#3	56	96	
*	-1	*	-1	-1	962	197.754	E3	52	96	
*	-1	*	-1	-1	965	198.432	C#4	61	96	
*	-1	*	-1	-1	969	198.771	A3	57	96	
*	-1	*	-1	-1	972	199.449	F#3	54	96	
*	-1	*	-1	-1	974	199.788	Eb3	51	96	
*	-1	*	-1	-1	977	200.466	B3	59	96	
*	-1	*	-1	-1	979	200.805	G#3	56	96	
*	-1	*	-1	-1	982	201.483	E3	52	96	
*	-1	*	-1	-1	984	201.822	D3	50	96	
*	-1	*	-1	-1	987	202.5	B3	59	96	
*	-1	*	-1	-1	991	202.839	G#3	56	96	
*	-1	*	-1	-1	994	203.517	E3	52	96	
*	-1	*	-1	-1	996	203.856	C#3	49	96	
*	-1	*	-1	-1	999	204.534	A3	57	96	
*	-1	*	-1	-1	1001	204.873	F#3	54	96	
*	-1	*	-1	-1	1004	205.551	Eb3	51	96	
*	-1	*	-1	-1	1006	205.89	C3	48	96	
*	-1	*	-1	-1	1028	212.669	A4	69	96	
*	-1	*	-1	-1	1031	212.669	Eb4	63	96	
*	-1	*	-1	-1	1075	227.924	B3	59	96	
*	-1	*	-1	-1	1088	231.991	B3	59	96	
*	-1	*	-1	-1	1095	235.042	B4	71	96	
*	-1	*	-1	-1	1098	235.72	G#4	68	96	
*	-1	*	-1	-1	1100	236.059	Eb4	63	96	
*	-1	*	-1	-1	1102	236.398	B3	59	96	
*	-1	*	-1	-1	1105	237.076	B4	71	96	
*	-1	*	-1	-1	1110	237.754	G#4	68	96	
*	-1	*	-1	-1	1112	238.093	Eb4	63	96	
*	-1	*	-1	-1	1115	238.432	B3	59	96	
*	-1	*	-1	-1	1119	239.11	B4	71	96	
*	-1	*	-1	-1	1123	239.788	G#4	68	96	
*	-1	*	-1	-1	1125	240.127	Eb4	63	96	
*	-1	*	-1	-1	1127	240.466	B3	59	96	
*	-1	*	-1	-1	1130	241.144	B4	71	96	
*	-1	*	-1	-1	1133	241.822	G#4	68	96	
*	-1	*	-1	-1	1135	242.161	Eb4	63	96	
*	-1	*	-1	-1	1137	242.5	B3	59	96	
*	-1	*	-1	-1	1140	243.178	B4	71	96	
*	-1	*	-1	-1	1145	243.856	F#4	66	96	
*	-1	*	-1	-1	1148	244.534	B3	59	96	
*	-1	*	-1	-1	1151	245.212	B4	71	96	
*	-1	*	-1	-1	1154	245.89	F#4	66	96	
*	-1	*	-1	-1	1157	246.568	B3	59	96	
*	-1	*	-1	-1	1160	247.246	B4	71	96	
*	-1	*	-1	-1	1165	247.924	F#4	66	96	
*	-1	*	-1	-1	1168	248.602	B3	59	96	
*	-1	*	-1	-1	1171	249.28	A4	69	96	
*	-1	*	-1	-1	1176	249.958	F4	65	96	
*	-1	*	-1	-1	1178	250.297	C#4	61	96	
*	-1	*	-1	-1	1180	250.636	B3	59	96	
*	-1	*	-1	-1	1182	250.975	G#4	68	96	
*	-1	*	-1	-1	1184	251.314	A4	69	96	
*	-1	*	-1	-1	1187	251.991	E4	64	96	
*	-1	*	-1	-1	1190	252.669	A3	57	96	
*	-1	*	-1	-1	1193	253.347	A4	69	96	
*	-1	*	-1	-1	1198	254.025	E4	64	96	
*	-1	*	-1	-1	1201	254.703	A3	57	96	
*	-1	*	-1	-1	1204	255.381	A4	69	96	
*	-1	*	-1	-1	1206	255.72	F#4	66	96	
*	-1	*	-1	-1	1208	256.059	E4	64	96	
*	-1	*	-1	-1	1211	256.737	A3	57	96	
*	-1	*	-1	-1	1214	257.415	G#4	68	96	
*	-1	*	-1	-1	1219	258.093	Eb4	63	96	
*	-1	*	-1	-1	1222	258.771	G#3	56	96	
*	-1	*	-1	-1	1224	259.11	Eb4	63	96	
*	-1	*	-1	-1	1226	259.449	E4	64	96	
*	-1	*	-1	-1	1231	260.127	C#4	61	41	
*	-1	*	-1	-1	1234	260.805	E3	52	46	
*	-1	*	-1	-1	1237	261.483	F#4	66	96	
*	-1	*	-1	-1	1241	261.822	Eb4	63	53	
*	-1	*	-1	-1	1244	262.5	B3	59	58	
*	-1	*	-1	-1	1246	262.839	F#3	54	61	
*	-1	*	-1	-1	1249	263.517	F#4	66	96	
*	-1	*	-1	-1	1253	263.856	Eb4	63	68	
*	-1	*	-1	-1	1257	264.873	F#3	54	76	
*	-1	*	-1	-1	1258	264.873	F#3	54	33	
*	-1	*	-1	-1	1261	265.551	G#4	68	81	
*	-1	*	-1	-1	1265	265.89	Eb4	63	83	
*	-1	*	-1	-1	1270	267.246	C#4	61	93	
*	-1	*	-1	-1	1272	267.585	Eb4	63	96	
*	-1	*	-1	-1	1276	267.924	B3	59	96	
*	-1	*	-1	-1	1279	268.602	G#3	56	96	
*	-1	*	-1	-1	1281	268.941	Eb3	51	96	
*	-1	*	-1	-1	1284	269.619	Eb4	63	96	
*	-1	*	-1	-1	1286	269.958	Bb3	58	96	
*	-1	*	-1	-1	1289	270.636	G3	55	96	
*	-1	*	-1	-1	1291	270.975	Eb3	51	96	
*	-1	*	-1	-1	1362	293.008	G#3	56	49	
*	-1	*	-1	-1	1375	297.076	G#3	56	49	
*	-1	*	-1	-1	1382	300.127	G#4	68	49	
*	-1	*	-1	-1	1383	300.127	C3	48	49	
*	-1	*	-1	-1	1388	301.483	G#3	56	49	
*	-1	*	-1	-1	1391	302.161	G#4	68	49	
*	-1	*	-1	-1	1398	303.517	G#3	56	49	
*	-1	*	-1	-1	1406	305.212	C4	60	49	
*	-1	*	-1	-1	1409	305.89	G#3	56	49	
*	-1	*	-1	-1	1416	307.924	G#3	56	49	
*	-1	*	-1	-1	1418	308.263	G#4	68	49	
*	-1	*	-1	-1	1427	310.297	G4	67	49	
*	-1	*	-1	-1	1436	312.33	Bb4	70	49	
*	-1	*	-1	-1	1446	314.364	B4	71	44	
*	-1	*	-1	-1	1451	315.042	Eb4	63	46	
*	-1	*	-1	-1	1454	315.72	B3	59	47	
*	-1	*	-1	-1	1457	316.059	G4	67	48	
*	-1	*	-1	-1	1459	316.398	B4	71	49	
*	-1	*	-1	-1	1461	316.398	B2	47	49	
*	-1	*	-1	-1	1463	316.737	G#4	68	49	
*	-1	*	-1	-1	1466	317.415	E4	64	49	
*	-1	*	-1	-1	1468	317.754	B3	59	49	
*	-1	*	-1	-1	1471	318.432	B4	71	49	
*	-1	*	-1	-1	1473	318.771	G#4	68	49	
*	-1	*	-1	-1	1476	319.449	E4	64	49	
*	-1	*	-1	-1	1478	319.788	B3	59	49	
*	-1	*	-1	-1	1481	320.466	B4	71	49	
*	-1	*	-1	-1	1484	320.805	G#4	68	49	
*	-1	*	-1	-1	1487	321.483	E4	64	49	
*	-1	*	-1	-1	1489	321.822	B3	59	49	
*	-1	*	-1	-1	1493	322.5	C#5	73	49	
*	-1	*	-1	-1	1497	322.839	G#4	68	49	
*	-1	*	-1	-1	1500	323.517	E4	64	49	
*	-1	*	-1	-1	1502	323.856	C#4	61	49	
*	-1	*	-1	-1	1508	324.873	G#4	68	49	
*	-1	*	-1	-1	1511	325.551	E4	64	49	
*	-1	*	-1	-1	1513	325.89	B3	59	49	
*	-1	*	-1	-1	1516	326.568	G#4	68	49	
*	-1	*	-1	-1	1524	327.585	C#4	61	49	
*	-1	*	-1	-1	1526	327.924	G#3	56	49	
*	-1	*	-1	-1	1529	328.602	G#4	68	49	
*	-1	*	-1	-1	1531	328.941	E4	64	49	
*	-1	*	-1	-1	1534	329.619	C#4	61	49	
*	-1	*	-1	-1	1538	330.636	E4	64	49	
*	-1	*	-1	-1	1543	330.975	C#4	61	49	
*	-1	*	-1	-1	1546	331.652	A3	57	49	
*	-1	*	-1	-1	1548	331.991	E3	52	49	
*	-1	*	-1	-1	1551	332.669	E4	64	49	
*	-1	*	-1	-1	1555	333.008	B3	59	49	
*	-1	*	-1	-1	1558	333.686	G#3	56	49	
*	-1	*	-1	-1	1560	334.025	E3	52	49	
*	-1	*	-1	-1	1563	334.703	Eb4	63	49	
*	-1	*	-1	-1	1565	335.042	B3	59	49	
*	-1	*	-1	-1	1568	335.72	G#3	56	49	
*	-1	*	-1	-1	1570	336.059	E3	52	49	
*	-1	*	-1	-1	1573	336.737	C#4	61	49	
*	-1	*	-1	-1	1577	337.076	A3	57	49	
*	-1	*	-1	-1	1580	337.754	F#3	54	49	
*	-1	*	-1	-1	1582	338.093	Eb3	51	49	
*	-1	*	-1	-1	1585	338.771	B3	59	49	
*	-1	*	-1	-1	1587	339.11	G#3	56	49	
*	-1	*	-1	-1	1590	339.788	E3	52	49	
*	-1	*	-1	-1	1592	340.127	D3	50	49	
*	-1	*	-1	-1	1595	340.805	B3	59	49	
*	-1	*	-1	-1	1599	341.144	G#3	56	49	
*	-1	*	-1	-1	1602	341.822	E3	52	49	
*	-1	*	-1	-1	1604	342.161	C#3	49	49	
*	-1	*	-1	-1	1607	342.839	A3	57	49	
*	-1	*	-1	-1	1609	343.178	F#3	54	49	
*	-1	*	-1	-1	1612	343.856	Eb3	51	49	
*	-1	*	-1	-1	1614	344.195	C3	48	49	
*	-1	*	-1	-1	1617	344.873	A3	57	49	
*	-1	*	-1	-1	1622	345.89	D3	50	46	
*	-1	*	-1	-1	1625	346.229	C3	48	45	
*	-1	*	-1	-1	1628	346.907	A3	57	44	
*	-1	*	-1	-1	1631	347.924	C#3	49	41	
*	-1	*	-1	-1	1634	348.263	C3	48	41	
*	-1	*	-1	-1	1702	376.398	B3	59	33	
*	-1	*	-1	-1	1703	376.398	D4	62	33	
*	-1	*	-1	-1	1706	376.398	F3	53	33	
*	-1	*	-1	-1	1707	376.46	C4	60	33	
*	-1	*	-1	-1	1708	376.46	Eb4	63	33	
*	-1	*	-1	-1	1709	376.491	E4	64	33	
*	-1	*	-1	-1	1710	376.525	B3	59	33	
*	-1	*	-1	-1	1712	376.585	D4	62	33	
*	-1	*	-1	-1	1718	376.714	C4	60	33	
*	-1	*	-1	-1	1721	376.78	B3	59	33	
*	-1	*	-1	-1	1722	376.78	D4	62	33	
*	-1	*	-1	-1	1723	376.841	C4	60	33	
*	-1	*	-1	-1	1725	376.864	E4	64	33	
*	-1	*	-1	-1	1726	376.907	B3	59	33	
*	-1	*	-1	-1	1729	376.968	C4	60	33	
*	-1	*	-1	-1	1731	377.034	B3	59	33	
*	-1	*	-1	-1	1733	377.051	E4	64	33	
*	-1	*	-1	-1	1734	377.095	C4	60	33	
*	-1	*	-1	-1	1737	377.161	B3	59	33	
*	-1	*	-1	-1	1738	377.161	D4	62	33	
*	-1	*	-1	-1	1740	377.222	Eb4	63	33	
*	-1	*	-1	-1	1742	377.288	B3	59	33	
*	-1	*	-1	-1	1745	377.35	C4	60	33	
*	-1	*	-1	-1	1749	377.415	G#2	44	33	
*	-1	*	-1	-1	1753	380.466	B3	59	33	
*	-1	*	-1	-1	1754	380.466	B3	59	33	
*	-1	*	-1	-1	1755	380.466	D3	50	33	
*	-1	*	-1	-1	1756	380.466	F3	53	33	
*	-1	*	-1	-1	1758	380.527	C4	60	33	
*	-1	*	-1	-1	1760	380.593	B3	59	33	
*	-1	*	-1	-1	1761	380.652	B3	59	33	
*	-1	*	-1	-1	1764	380.746	C4	60	33	
*	-1	*	-1	-1	1767	380.847	B3	59	33	
*	-1	*	-1	-1	1769	380.932	C4	60	33	
*	-1	*	-1	-1	1771	381.025	B3	59	33	
*	-1	*	-1	-1	1774	381.119	C4	60	33	
*	-1	*	-1	-1	1777	381.229	B3	59	33	
*	-1	*	-1	-1	1779	381.305	A3	57	33	
*	-1	*	-1	-1	1781	381.398	B3	59	33	
*	-1	*	-1	-1	1874	407.924	F#2	42	1	
*	-1	*	-1	-1	1971	422.839	B2	47	49	
*	-1	*	-1	-1	2005	435.381	E3	52	96	
*	-1	*	-1	-1	2018	441.483	F#4	66	96	
*	-1	*	-1	-1	2019	441.483	Bb4	70	96	
*	-1	*	-1	-1	2020	441.483	Bb4	70	96	
*	-1	*	-1	-1	2022	441.483	F#3	54	96	
*	-1	*	-1	-1	2023	441.483	C#4	61	96	
*	-1	*	-1	-1	2024	441.544	G#4	68	96	
*	-1	*	-1	-1	2025	441.544	B4	71	96	
*	-1	*	-1	-1	2026	441.576	B4	71	96	
*	-1	*	-1	-1	2028	441.61	Bb4	70	96	
*	-1	*	-1	-1	2029	441.669	Bb4	70	96	
*	-1	*	-1	-1	2034	441.763	B4	71	96	
*	-1	*	-1	-1	2035	441.799	G#4	68	96	
*	-1	*	-1	-1	2038	441.864	F#4	66	96	
*	-1	*	-1	-1	2039	441.864	Bb4	70	96	
*	-1	*	-1	-1	2040	441.926	G#4	68	96	
*	-1	*	-1	-1	2042	441.949	B4	71	96	
*	-1	*	-1	-1	2043	441.991	F#4	66	96	
*	-1	*	-1	-1	2045	442.042	Bb4	70	96	
*	-1	*	-1	-1	2046	442.053	G#4	68	96	
*	-1	*	-1	-1	2048	442.119	F#4	66	96	
*	-1	*	-1	-1	2050	442.136	B4	71	96	
*	-1	*	-1	-1	2051	442.18	G#4	68	96	
*	-1	*	-1	-1	2054	442.246	F#4	66	96	
*	-1	*	-1	-1	2055	442.246	Bb4	70	96	
*	-1	*	-1	-1	2058	442.322	G#4	68	96	
*	-1	*	-1	-1	2059	442.373	F#4	66	96	
*	-1	*	-1	-1	2061	442.415	Bb4	70	96	
*	-1	*	-1	-1	2062	442.434	G#4	68	96	
*	-1	*	-1	-1	2063	442.434	B4	71	96	
*	-1	*	-1	-1	2074	445.551	Eb4	63	96	
*	-1	*	-1	-1	2076	445.551	G4	67	96	
*	-1	*	-1	-1	2079	445.551	Bb3	58	96	
*	-1	*	-1	-1	2080	445.612	E4	64	96	
*	-1	*	-1	-1	2081	445.612	G#4	68	96	
*	-1	*	-1	-1	2084	445.678	G4	67	96	
*	-1	*	-1	-1	2090	445.83	G#4	68	96	
*	-1	*	-1	-1	2091	445.866	E4	64	96	
*	-1	*	-1	-1	2094	445.932	Eb4	63	96	
*	-1	*	-1	-1	2095	445.932	G4	67	96	
*	-1	*	-1	-1	2096	445.994	E4	64	96	
*	-1	*	-1	-1	2098	446.017	G#4	68	96	
*	-1	*	-1	-1	2099	446.059	Eb4	63	96	
*	-1	*	-1	-1	2102	446.121	E4	64	96	
*	-1	*	-1	-1	2104	446.186	Eb4	63	96	
*	-1	*	-1	-1	2106	446.203	G#4	68	96	
*	-1	*	-1	-1	2107	446.248	E4	64	96	
*	-1	*	-1	-1	2110	446.313	Eb4	63	96	
*	-1	*	-1	-1	2111	446.313	G4	67	96	
*	-1	*	-1	-1	2112	446.375	E4	64	96	
*	-1	*	-1	-1	2113	446.375	G#4	68	96	
*	-1	*	-1	-1	2115	446.441	Eb4	63	96	
*	-1	*	-1	-1	2118	446.502	E4	64	96	
*	-1	*	-1	-1	2119	446.502	G#4	68	96	
*	-1	*	-1	-1	2126	447.585	F4	65	96	
*	-1	*	-1	-1	444	91.6525	C#4	61	96	
*	-1	*	-1	-1	470	92.6695	B4	71	96	
*	-1	*	-1	-1	632	123.517	E4	64	96	
*	-1	*	-1	-1	896	186.229	B4	71	96	
*	-1	*	-1	-1	913	188.602	E4	64	96	
*	-1	*	-1	-1	1141	243.178	Eb2	39	96	
*	-1	*	-1	-1	1142	243.178	Eb3	51	96	
*	-1	*	-1	-1	1521	326.907	E4	64	49	
*	-1	*	-1	-1	1716	376.652	D4	62	33	
*	-1	*	-1	-1	1727	376.907	D4	62	33	
*	-1	*	-1	-1	1730	376.968	Eb4	63	33	
*	-1	*	-1	-1	1732	377.034	D4	62	33	
*	-1	*	-1	-1	1739	377.222	C4	60	33	
*	-1	*	-1	-1	1744	377.33	D4	62	33	
*	-1	*	-1	-1	1746	377.35	Eb4	63	33	
*	-1	*	-1	-1	1750	377.415	F#3	54	33	
*	-1	*	-1	-1	1782	381.417	C4	60	33	
*	-1	*	-1	-1	2031	441.672	B4	71	96	
*	-1	*	-1	-1	2056	442.307	G#4	68	96	
*	-1	*	-1	-1	2068	442.5	B3	59	96	
*	-1	*	-1	-1	2067	442.5	F#3	54	96	
*	-1	*	-1	-1	2066	442.5	Eb3	51	96	
*	-1	*	-1	-1	2078	445.551	Eb3	51	96	
*	-1	*	-1	-1	2082	445.644	G#4	68	96	
*	-1	*	-1	-1	2085	445.737	G4	67	96	
*	-1	*	-1	-1	2100	446.059	G4	67	96	
*	-1	*	-1	-1	2103	446.121	G#4	68	96	
*	-1	*	-1	-1	2105	446.186	G4	67	96	
*	-1	*	-1	-1	2114	446.39	F4	65	96	
*	-1	*	-1	-1	2122	446.568	C3	48	96	
