//Version: PianoRoll_v170101
0	1.51309	1.56517	F3	45	50	0
1	1.84428	1.87767	F4	46	58	0
2	1.8523	1.88568	C4	42	53	0
3	2.19418	2.23825	F3	44	58	0
4	2.51469	2.55342	F4	47	54	0
5	2.54006	2.57745	C4	25	44	0
6	2.84722	2.8953	F3	38	52	0
7	3.17574	3.22249	F4	44	55	0
8	3.18776	3.22249	C4	39	55	0
9	3.51762	3.56437	F3	39	52	0
10	3.84348	3.90358	F4	39	47	0
11	3.85683	3.8969	C4	36	53	0
12	4.11725	4.2094	Bb4	62	64	0
13	4.18402	4.26148	G#4	71	59	0
14	4.18937	4.24946	F3	50	59	0
15	4.54059	4.64743	G#4	70	57	0
16	4.5446	4.60603	F4	49	61	0
17	4.54994	4.59401	C4	45	57	0
18	4.65945	4.74492	Bb4	69	63	0
19	4.82906	4.89049	G#4	72	61	0
20	4.83039	4.88514	F3	48	63	0
21	5.1469	5.211	G4	67	55	0
22	5.15224	5.24439	E4	53	51	0
23	5.17227	5.21634	C4	36	52	0
24	5.37793	5.90144	G#4	59	58	0
25	5.422	5.50881	Bb4	68	66	0
26	5.46073	5.77724	F3	38	38	0
27	5.49145	5.93749	C5	66	57	0
28	5.81196	5.88808	F4	53	60	0
29	5.82932	5.8774	C4	40	55	0
30	6.07505	6.68269	G#4	61	44	0
31	6.11111	6.18856	Bb4	64	65	0
32	6.14049	6.21794	F3	41	55	0
33	6.17921	6.75614	C5	61	59	0
34	6.46901	6.5251	F4	52	61	0
35	6.48103	6.5251	C4	45	55	0
36	6.73343	6.7775	Bb4	67	65	0
37	6.78285	6.82959	F3	42	59	0
38	6.80688	6.84294	G#4	69	65	0
39	7.14476	7.20619	F4	49	56	0
40	7.15544	7.26629	G#4	66	58	0
41	7.16345	7.20752	C4	37	53	0
42	7.26629	7.35443	Bb4	69	61	0
43	7.41319	7.47328	G#4	77	62	0
44	7.42254	7.46126	F3	50	64	0
45	7.71367	7.76442	C5	74	66	0
46	7.72569	7.78044	E4	60	57	0
47	7.73236	7.76041	G4	59	65	0
48	7.7564	7.80448	C4	28	42	0
49	8.0649	8.20779	C5	62	61	0
50	8.0689	8.37339	F3	48	80	0
51	8.11431	8.59908	G#4	54	32	0
52	8.11564	8.50293	F5	79	57	0
53	8.44684	8.50827	F4	53	60	0
54	8.48023	8.5283	C4	28	47	0
55	8.72462	8.83947	C5	58	63	0
56	8.76201	9.0064	F3	35	39	0
57	8.77937	9.21206	G#4	47	21	0
58	8.78338	8.96634	F5	70	61	0
59	9.11858	9.1493	F4	53	60	0
60	9.12926	9.16399	C4	46	53	0
61	9.32825	9.40838	F#5	69	64	0
62	9.37633	9.45645	F5	83	59	0
63	9.38835	9.4204	C#3	79	66	0
64	9.39502	9.42974	G#4	74	68	0
65	9.71687	9.74759	C#4	76	67	0
66	9.72088	9.8798	G#4	73	58	0
67	9.72221	9.87579	F5	73	32	0
68	9.73023	9.75426	F4	63	66	0
69	9.83573	9.92787	F#5	77	59	0
70	9.97595	10.0441	F5	77	60	0
71	9.97862	10.0133	C3	80	66	0
72	9.98664	10.0267	A4	74	64	0
73	10.3018	10.3619	F5	82	62	0
74	10.3045	10.3392	F4	73	70	0
75	10.3071	10.3272	C4	67	65	0
76	10.3085	10.3445	A4	74	66	0
77	10.3178	10.3499	Eb4	55	58	0
78	10.6237	10.6624	Bb2	68	65	0
79	10.6383	10.9722	F5	77	63	0
80	10.6424	10.9896	Bb4	70	63	0
81	10.9442	11.0203	Bb5	80	62	0
82	10.9575	10.9989	F4	61	60	0
83	10.9589	10.9989	Bb3	57	66	0
84	10.9709	11.0016	C#4	50	59	0
85	11.3675	11.465	F5	63	61	0
86	11.3809	11.4623	G#4	52	57	0
87	11.3822	11.7121	F3	41	38	0
88	11.7321	11.7708	F4	57	65	0
89	11.7535	11.7842	C4	45	58	0
90	12.0913	12.2062	C5	69	57	0
91	12.0953	12.2663	G#4	72	32	0
92	12.1034	12.1434	C3	62	67	0
93	12.2329	12.3785	Bb4	70	53	0
94	12.2342	12.317	G4	70	58	0
95	12.3905	12.4853	G#4	77	50	0
96	12.4078	12.4426	F4	53	59	0
97	12.4145	12.48	C4	59	54	0
98	12.5133	12.5668	Bb4	77	65	0
99	12.6602	12.7524	C5	76	56	0
100	12.6656	12.7097	G#4	66	63	0
101	12.6669	12.703	C3	49	59	0
102	12.7898	12.8913	C#5	72	58	0
103	12.9434	13.0101	C5	71	63	0
104	12.9607	13.0075	E4	53	60	0
105	12.9687	12.9995	C4	45	54	0
106	12.9794	13.0181	G4	41	53	0
107	13.0983	13.2265	E5	72	62	0
108	13.2452	13.6031	F5	70	55	0
109	13.2572	13.6538	C5	34	40	0
110	13.2786	13.3694	G#4	45	80	0
111	13.2826	13.6832	F3	36	37	0
112	13.3694	13.6498	G#4	3	41	0
113	13.5844	13.6365	F4	51	52	0
114	13.6031	13.6552	C4	37	47	0
115	13.9022	14.2321	F5	55	61	0
116	13.9183	14.3162	G#4	41	57	0
117	13.9249	14.2815	F3	39	36	0
118	13.9423	14.2708	C5	36	39	0
119	14.3229	14.3656	F4	39	52	0
120	14.3443	14.3923	C4	21	41	0
121	14.61	14.6741	Bb4	70	64	0
122	14.6648	14.7075	F3	58	65	0
123	14.6661	14.7035	G#4	78	65	0
124	15.0133	15.0828	F4	52	60	0
125	15.0133	15.1255	G#4	66	43	0
126	15.0387	15.0961	C4	26	46	0
127	15.1335	15.191	Bb4	66	62	0
128	15.2791	15.3312	G#4	70	59	0
129	15.3045	15.3432	F3	43	58	0
130	15.5782	15.629	G4	71	59	0
131	15.5863	15.6464	E4	57	58	0
132	15.6103	15.6437	C4	39	56	0
133	15.8814	16.4289	G#4	60	60	0
134	15.9108	16.2473	F3	39	41	0
135	15.9455	16.0136	Bb4	64	64	0
136	16.0043	16.4944	C5	69	36	0
137	16.3234	16.4062	F4	30	43	0
138	16.3261	16.3942	C4	34	43	0
139	16.5798	17.0806	G#4	63	55	0
140	16.6132	16.6894	Bb4	67	63	0
141	16.6426	16.8656	F3	37	40	0
142	16.6813	17.2623	C5	66	60	0
143	16.9925	17.0673	F4	46	61	0
144	17.0112	17.0633	C4	33	53	0
145	17.2516	17.3157	Bb4	63	63	0
146	17.3144	17.3664	F3	49	64	0
147	17.3184	17.3504	G#4	73	70	0
148	17.6482	17.7097	F4	49	58	0
149	17.6562	17.7283	G#4	69	53	0
150	17.6602	17.7083	C4	41	54	0
151	17.7657	17.8472	Bb4	69	61	0
152	17.91	17.9634	G#4	72	63	0
153	17.9247	17.958	F3	49	63	0
154	18.2251	18.2759	C5	74	65	0
155	18.2345	18.2759	G4	66	64	0
156	18.2412	18.2826	E4	61	66	0
157	18.2452	18.2719	C4	59	62	0
158	18.5577	18.9703	F3	41	30	0
159	18.5684	18.7072	C5	57	58	0
160	18.6178	18.977	F5	80	55	0
161	18.6191	19.2414	G#4	53	80	0
162	18.9369	18.9917	F4	56	62	0
163	18.953	18.9997	C4	36	49	0
164	19.2388	19.3483	C5	58	57	0
165	19.2748	19.7876	G#4	11	21	0
166	19.2908	19.586	F3	36	40	0
167	19.3055	19.5312	F5	69	60	0
168	19.6287	19.6648	F4	44	53	0
169	19.6327	19.6661	C4	47	57	0
170	19.8531	19.9292	F#5	69	64	0
171	19.9012	19.9319	C#3	78	65	0
172	19.9025	19.984	F5	76	57	0
173	19.9212	19.9572	G#4	60	60	0
174	20.2604	20.2858	C#4	67	65	0
175	20.2604	20.3392	F5	70	54	0
176	20.2684	20.4193	G#4	66	59	0
177	20.2684	20.2978	F4	55	61	0
178	20.3752	20.4714	F#5	77	60	0
179	20.5075	20.5542	C3	90	68	0
180	20.5088	20.6103	F5	69	58	0
181	20.5235	20.5849	A4	75	60	0
182	20.82	20.9014	F5	87	62	0
183	20.8253	20.8627	A4	80	66	0
184	20.828	20.8493	C4	73	67	0
185	20.8333	20.86	F4	66	68	0
186	20.8373	20.864	Eb4	58	63	0
187	21.1792	21.2233	Bb2	71	63	0
188	21.1912	21.6333	F5	87	61	0
189	21.1952	21.6653	Bb4	76	60	0
190	21.5892	21.6333	F4	65	66	0
191	21.5959	21.6893	Bb5	74	60	0
192	21.5972	21.6613	Bb3	49	62	0
193	21.6159	21.6533	C#4	38	57	0
194	21.9845	22.0753	F5	62	60	0
195	21.9885	22.082	G#4	58	58	0
196	21.9992	22.2943	F3	40	41	0
197	22.3624	22.4012	F4	50	56	0
198	22.3811	22.4132	C4	45	52	0
199	22.6896	22.7844	C5	68	60	0
200	22.7003	22.8766	G#4	66	29	0
201	22.703	22.7484	C3	59	65	0
202	22.8379	22.9367	G4	73	56	0
203	22.8392	22.9634	Bb4	64	54	0
204	23.0034	23.121	G#4	73	57	0
205	23.0168	23.0742	G4	26	55	0
206	23.0195	23.0622	F4	49	60	0
207	23.0208	23.0716	C4	57	53	0
208	23.1223	23.1744	Bb4	77	65	0
209	23.2732	23.3507	C5	74	62	0
210	23.2772	23.3213	G#4	64	58	0
211	23.2812	23.3146	C3	55	60	0
212	23.4148	23.5189	C#5	67	80	0
213	23.5563	23.6605	C#5	27	38	0
214	23.571	23.6164	E4	57	64	0
215	23.5764	23.6057	C4	53	58	0
216	23.5897	23.6284	C5	61	62	0
217	23.5951	23.6325	G4	39	54	0
218	23.7046	23.8248	E5	74	62	0
219	23.8568	24.172	F5	73	62	0
220	23.8715	24.2241	F3	40	26	0
221	23.8728	24.2708	C5	38	40	0
222	23.8809	24.2214	G#4	54	35	0
223	24.2054	24.2695	F4	45	51	0
224	24.2214	24.2802	C4	35	44	0
225	24.5219	24.9198	F5	64	59	0
226	24.5553	24.8905	G#4	45	59	0
227	24.5566	24.8424	F3	41	40	0
228	24.5619	24.9385	C5	42	38	0
229	24.9012	24.9719	F4	47	59	0
230	24.9132	24.9479	C4	42	52	0
231	25.4206	25.6317	G#3	41	35	0
232	25.4313	25.9575	C5	81	54	0
233	25.7612	25.8467	G#4	48	56	0
234	25.7812	25.8453	Eb4	39	45	0
235	25.7932	25.8614	C4	39	47	0
236	26.1057	26.5878	C5	89	31	0
237	26.1178	26.3715	G#3	49	38	0
238	26.4196	26.5411	G#4	57	53	0
239	26.4516	26.4997	C4	40	53	0
240	26.4516	26.5104	Eb4	37	45	0
241	26.7615	26.907	C5	80	62	0
242	26.7655	26.8897	G#3	51	55	0
243	26.8977	27.0045	C#5	85	62	0
244	27.0619	27.1234	G4	55	54	0
245	27.0673	27.1447	Eb5	81	67	0
246	27.1033	27.1594	Bb3	30	47	0
247	27.1033	27.1528	Eb4	26	51	0
248	27.1915	27.2542	C#5	82	62	0
249	27.3477	27.4372	C#5	80	62	0
250	27.3731	27.5547	G#3	49	56	0
251	27.6696	27.715	G4	60	52	0
252	27.6856	27.7243	Eb4	48	53	0
253	27.6909	27.7564	Bb3	45	44	0
254	27.7444	27.7858	C5	69	63	0
255	27.9153	27.962	C5	74	65	0
256	27.9353	27.9794	G#3	62	64	0
257	27.9594	28.0075	Bb4	82	65	0
258	28.2732	28.3346	Bb4	77	58	0
259	28.2786	28.3093	G4	51	60	0
260	28.2892	28.3226	C#4	48	60	0
261	28.3159	28.3547	Eb4	14	41	0
262	28.5924	28.7046	C5	72	56	0
263	28.5937	28.6645	G#3	49	54	0
264	28.7233	28.8208	Bb4	75	58	0
265	28.8755	28.9543	G#4	80	64	0
266	28.8822	28.9329	G4	59	62	0
267	28.8982	28.9383	C#4	42	56	0
268	29.0024	29.0838	Bb4	81	61	0
269	29.1653	29.8758	Bb4	79	62	0
270	29.1787	29.2962	G#3	45	56	0
271	29.4978	29.5392	G#4	50	54	0
272	29.5085	29.5472	C4	46	56	0
273	29.5112	29.5566	Eb4	39	53	0
274	29.8384	30.2257	G#3	41	39	0
275	29.8517	30.1642	C5	64	65	0
276	30.2016	30.2791	C4	47	51	0
277	30.2083	30.3031	G#4	52	57	0
278	30.4741	30.5716	Eb5	73	64	0
279	30.5435	30.7972	G#5	89	62	0
280	30.5448	30.8867	G#3	48	34	0
281	30.5542	30.7425	C5	62	53	0
282	30.9054	31.0577	G#4	49	33	0
283	30.9121	30.9869	C4	47	39	0
284	30.9495	31.0336	Eb4	10	41	0
285	31.1311	31.2286	Eb5	73	65	0
286	31.2072	31.4409	G#5	87	63	0
287	31.2233	31.5438	C5	62	48	0
288	31.2299	31.4663	G#3	50	57	0
289	31.5518	31.5798	G#4	61	64	0
290	31.5558	31.5985	C4	60	66	0
291	31.8576	32.0018	G5	77	52	0
292	31.871	31.9564	Eb5	74	64	0
293	31.8923	31.9244	C#3	56	62	0
294	31.9965	32.1234	F5	75	58	0
295	32.0058	32.09	C#5	74	63	0
296	32.1554	32.2289	E5	78	66	0
297	32.1568	32.1995	C5	72	63	0
298	32.1674	32.1955	F4	62	66	0
299	32.1835	32.2209	C#4	55	64	0
300	32.2783	32.3624	F5	85	61	0
301	32.285	32.3344	C#5	82	62	0
302	32.4332	32.5574	F5	77	58	0
303	32.4506	32.548	C#5	77	56	0
304	32.4546	32.5026	C#3	60	63	0
305	32.7644	32.7964	F4	67	66	0
306	32.7777	32.8058	C#4	61	64	0
307	33.0355	33.1423	F5	73	55	0
308	33.0595	33.1036	Eb3	63	63	0
309	33.0662	33.121	G4	52	59	0
310	33.0729	33.1009	C#5	54	63	0
311	33.1771	33.2398	Eb5	78	62	0
312	33.3173	33.6498	Eb5	74	64	0
313	33.3346	33.384	G4	71	54	0
314	33.3413	33.3734	Eb4	49	59	0
315	33.3426	33.376	C#4	50	58	0
316	33.3707	33.4108	Bb3	28	50	0
317	33.4615	33.6431	G#4	72	30	0
318	33.6244	33.7713	Bb4	68	54	0
319	33.6258	33.6752	Eb3	53	62	0
320	33.9476	34.0518	C#5	60	49	0
321	33.9503	33.9944	Eb4	50	52	0
322	33.9543	34.0104	G#4	55	63	0
323	33.9636	34.0197	Bb3	43	47	0
324	33.9636	34.0184	Eb5	45	47	0
325	34.0665	34.1559	G4	69	60	0
326	34.2281	34.5512	Eb5	43	32	0
327	34.2374	34.622	G#4	55	59	0
328	34.2454	34.6701	G#3	48	18	0
329	34.2454	34.6113	C5	56	58	0
330	34.578	34.6421	C4	49	58	0
331	34.5967	34.6714	Eb4	27	41	0
332	34.8891	35.1803	Eb5	52	54	0
333	34.9038	35.1762	G#4	53	57	0
334	34.9145	35.3485	G#3	37	21	0
335	34.9305	35.2617	C5	42	57	0
336	35.2884	35.4073	Eb4	25	46	0
337	35.3111	35.3846	C4	23	43	0
338	35.7946	36.3141	C5	70	61	0
339	35.8173	36.0403	G#3	35	26	0
340	36.1792	36.2633	G#4	47	56	0
341	36.2139	36.2713	C4	25	46	0
342	36.2192	36.2994	Eb4	5	48	0
343	36.501	36.9524	C5	71	47	0
344	36.5384	36.7868	G#3	43	33	0
345	36.8322	36.9431	G#4	43	39	0
346	36.8402	36.9618	Eb4	41	35	0
347	36.8643	36.9244	C4	30	45	0
348	37.1648	37.3103	C5	72	55	0
349	37.1714	37.3357	G#3	44	35	0
350	37.3063	37.4132	C#5	79	60	0
351	37.4572	37.5534	Eb5	75	59	0
352	37.4679	37.5267	G4	45	49	0
353	37.4853	37.5387	Eb4	27	49	0
354	37.5013	37.5627	Bb3	33	45	0
355	37.5854	37.6562	C#5	80	62	0
356	37.747	37.8993	C#5	69	62	0
357	37.7671	38.0261	G#3	43	33	0
358	38.0689	38.133	G4	52	47	0
359	38.0862	38.1811	Bb3	40	39	0
360	38.1076	38.1543	Eb4	27	50	0
361	38.177	38.2265	C5	67	58	0
362	38.3413	38.3854	C5	69	63	0
363	38.364	38.4161	G#3	54	61	0
364	38.3907	38.4335	Bb4	67	62	0
365	38.6792	38.7393	Bb4	73	60	0
366	38.7019	38.7486	G4	45	50	0
367	38.7219	38.7633	C#4	31	51	0
368	38.989	39.0945	C5	64	55	0
369	39.001	39.0878	G#3	39	41	0
370	39.1159	39.2107	Bb4	70	59	0
371	39.2641	39.3349	G#4	72	61	0
372	39.2775	39.3242	G4	43	50	0
373	39.2962	39.3429	C#4	34	50	0
374	39.3816	39.4391	Bb4	73	62	0
375	39.5312	40.2403	Bb4	69	55	0
376	39.5633	39.7022	G#3	37	36	0
377	39.8824	39.9505	G#4	38	46	0
378	39.8931	39.9385	C4	31	49	0
379	40.2337	40.5902	C5	53	64	0
380	40.2417	40.6931	G#3	38	27	0
381	40.6223	40.6931	G#4	29	45	0
382	40.629	40.7345	C4	32	40	0
383	40.9695	41.091	Eb5	68	64	0
384	41.0577	41.2353	G#5	83	66	0
385	41.0617	41.4823	G#3	45	29	0
386	41.0723	41.1725	C5	57	61	0
387	41.4503	41.5171	G#4	52	47	0
388	41.4543	41.5184	C4	43	44	0
389	41.4703	41.5197	Eb4	35	50	0
390	41.6893	41.7895	Eb5	72	64	0
391	41.7427	41.9831	G#3	39	39	0
392	41.7614	41.8416	C5	64	56	0
393	41.7628	41.9137	G#5	87	66	0
394	42.1153	42.1581	G#4	62	63	0
395	42.138	42.1688	C4	46	57	0
396	42.4839	42.5841	Eb5	74	63	0
397	42.4839	42.5934	G5	68	54	0
398	42.5053	42.5454	C#3	66	64	0
399	42.6148	42.723	F5	76	60	0
400	42.6268	42.7003	C#5	77	63	0
401	42.7644	42.8365	E5	79	65	0
402	42.7684	42.7964	C5	63	66	0
403	42.7764	42.8178	F4	61	67	0
404	42.7924	42.8218	C#4	54	62	0
405	42.8846	42.9647	F5	80	61	0
406	42.8899	42.9353	C#5	76	58	0
407	43.0355	43.169	F5	73	60	0
408	43.0715	43.1463	C#5	70	60	0
409	43.0742	43.1063	C#3	56	57	0
410	43.3693	43.3974	F4	57	64	0
411	43.388	43.4201	C#4	47	57	0
412	43.6458	43.7005	F5	69	53	0
413	43.6525	43.6979	G4	62	60	0
414	43.6525	43.6899	C#5	66	66	0
415	43.6712	43.7112	Eb3	42	47	0
416	43.7713	43.8207	Eb5	71	63	0
417	43.8942	44.2174	Eb5	69	64	0
418	43.9009	43.9316	Eb4	55	61	0
419	43.9102	43.969	G4	53	56	0
420	43.9262	43.9676	C#4	37	33	0
421	43.9449	43.9823	Bb3	37	55	0
422	44.0544	44.172	G#4	65	56	0
423	44.1973	44.4137	Bb4	58	30	0
424	44.204	44.2521	Eb3	49	62	0
425	44.5112	44.6033	C#5	62	50	0
426	44.5152	44.5686	G#4	55	63	0
427	44.5245	44.5726	Eb4	43	51	0
428	44.5352	44.5913	Eb5	37	45	0
429	44.5406	44.5953	Bb3	37	47	0
430	44.5432	44.5953	C#4	27	44	0
431	44.6193	44.7195	G4	69	54	0
432	44.7863	45.1295	Eb5	41	32	0
433	44.7903	45.211	G#4	51	54	0
434	44.793	45.1869	G#3	42	34	0
435	44.7983	45.2123	C5	55	56	0
436	45.1709	45.2524	C4	36	39	0
437	45.4727	45.7825	G#3	33	38	0
438	45.4874	45.8386	Eb5	54	29	0
439	45.5074	45.8039	G#4	42	57	0
440	45.5114	46.0563	C5	44	36	0
441	45.8627	45.9148	C4	40	63	0
442	45.8693	45.9201	Eb4	37	50	0
443	46.2553	46.7053	E5	92	55	0
444	46.2593	46.3034	C3	71	65	0
445	46.2673	46.8883	G4	78	37	0
446	46.2673	46.7935	C5	78	49	0
447	46.2713	46.704	Bb4	76	57	0
448	46.6386	46.6666	C4	59	62	0
449	46.6426	46.672	E4	54	62	0
450	46.9404	47.1474	E5	94	61	0
451	46.9444	47.0192	C5	68	65	0
452	46.9444	47.1006	G4	78	60	0
453	46.9457	46.9805	C3	74	69	0
454	46.9644	47.0339	Bb4	72	45	0
455	47.305	47.3504	E4	69	61	0
456	47.3143	47.3544	C4	63	65	0
457	47.4225	47.504	F5	86	60	0
458	47.544	47.6722	G#5	93	61	0
459	47.5507	47.6001	C5	81	64	0
460	47.5534	47.5814	C3	78	69	0
461	47.556	47.6482	G#4	77	61	0
462	47.8632	47.9567	G#4	70	65	0
463	47.8672	47.9687	G#5	74	67	0
464	47.8739	47.9046	C5	48	59	0
465	47.8872	47.9166	F4	64	62	0
466	47.9073	47.9353	C4	53	58	0
467	47.9821	48.0542	G5	73	44	0
468	48.1156	48.2451	G5	54	54	0
469	48.1463	48.1797	C3	70	67	0
470	48.1917	48.2358	F5	57	59	0
471	48.4655	48.5376	F5	60	60	0
472	48.4882	48.5162	F4	65	66	0
473	48.4989	48.5243	C4	59	62	0
474	48.559	48.599	Eb5	76	52	0
475	48.6111	48.6498	E5	35	52	0
476	48.7673	48.8928	C3	67	65	0
477	48.8274	49.2094	G4	62	32	0
478	48.8341	48.9062	Bb4	71	51	0
479	48.8715	49.407	C5	63	65	0
480	49.1412	49.18	E4	65	65	0
481	49.168	49.2013	C4	47	53	0
482	49.435	49.4684	C3	72	67	0
483	49.4364	49.5432	E5	92	64	0
484	49.4417	49.4991	G4	81	59	0
485	49.4724	49.4978	Bb4	55	63	0
486	49.7743	49.817	E4	69	65	0
487	49.7823	49.8223	C4	65	65	0
488	49.8784	49.9586	F5	81	60	0
489	50.0106	50.1375	G#5	95	61	0
490	50.012	50.0413	C3	74	69	0
491	50.02	50.0801	C5	84	63	0
492	50.0227	50.1282	G#4	76	57	0
493	50.3151	50.3766	G#4	81	60	0
494	50.3165	50.3792	G#5	81	63	0
495	50.3352	50.3619	C5	49	59	0
496	50.3672	50.4019	F4	58	66	0
497	50.3993	50.4513	C4	23	41	0
498	50.4313	50.5114	G5	89	61	0
499	50.5876	50.6931	F5	90	63	0
500	50.5996	50.6343	C3	69	67	0
501	51.0323	51.1845	Eb5	68	60	0
502	51.0616	51.095	C4	57	63	0
503	51.0964	51.1725	F4	6	26	0
504	51.1765	51.3181	C#5	68	56	0
505	51.3461	51.712	C5	66	55	0
506	51.3528	51.6853	G#4	58	58	0
507	51.3581	51.3928	G#2	55	59	0
508	51.6666	51.6973	C4	58	62	0
509	51.9885	52.341	C5	72	55	0
510	51.9925	52.337	F#4	65	63	0
511	52.0005	52.1113	A2	56	55	0
512	52.3183	52.3784	C4	60	56	0
513	52.3477	52.3931	F#3	46	52	0
514	52.6642	53.1049	Bb2	49	19	0
515	52.6682	52.9874	F4	66	48	0
516	52.6762	52.7924	C5	62	59	0
517	52.8044	52.9874	C#5	75	58	0
518	52.954	53.1209	Eb5	75	54	0
519	52.9593	52.9914	Bb3	40	58	0
520	52.9634	53.0194	F3	46	66	0
521	53.1129	53.1744	C#5	75	59	0
522	53.2905	53.3493	C#5	61	61	0
523	53.3213	53.3894	C#2	46	60	0
524	53.3226	53.3814	F4	47	61	0
525	53.6565	53.6979	C5	61	58	0
526	53.6725	53.6992	F3	61	63	0
527	53.6752	53.7072	C#3	57	54	0
528	53.7686	53.8474	Bb4	71	61	0
529	53.7807	53.8221	C#4	67	65	0
530	53.9062	53.9449	Eb2	63	61	0
531	53.9196	53.9596	G#4	66	67	0
532	53.9209	53.965	C4	62	62	0
533	54.2294	54.2574	G#3	65	61	0
534	54.2467	54.2881	G#4	65	65	0
535	54.2494	54.2921	C4	60	64	0
536	54.2494	54.2841	Eb3	50	55	0
537	54.5285	54.5739	Eb2	64	64	0
538	54.5472	54.5819	G#4	53	61	0
539	54.5512	54.5793	C4	53	58	0
540	54.646	54.7889	Bb4	74	57	0
541	54.7956	54.9078	C5	66	57	0
542	54.8157	54.8664	G3	37	50	0
543	54.8157	54.8544	Eb4	50	62	0
544	54.829	54.8771	Eb3	40	52	0
545	54.9078	55.0574	Bb4	67	56	0
546	54.9265	54.9853	C#4	49	60	0
547	55.0854	55.4874	G#4	53	58	0
548	55.0948	55.4046	G#2	38	33	0
549	55.1028	55.4901	C4	41	35	0
550	55.4273	55.4914	G#3	47	57	0
551	55.4326	55.4994	Eb3	40	54	0
552	55.7585	55.9855	G#2	35	40	0
553	55.7692	56.1244	G#4	47	64	0
554	55.7892	55.9895	C4	33	40	0
555	56.1484	56.2045	G#3	46	48	0
556	56.1645	56.2045	Eb3	42	54	0
557	56.5731	56.6212	C3	77	67	0
558	56.5785	57.0606	E5	96	56	0
559	56.5865	57.2035	G4	84	27	0
560	56.5865	57.1474	C5	87	57	0
561	56.5892	57.0739	Bb4	83	59	0
562	56.9845	57.0232	E4	64	67	0
563	56.9885	57.0272	C4	65	64	0
564	57.3023	57.4452	E5	101	66	0
565	57.3076	57.3504	C3	77	66	0
566	57.3103	57.4038	G4	85	59	0
567	57.3183	57.3557	C5	65	68	0
568	57.3263	57.3624	Bb4	73	64	0
569	57.6642	57.7069	E4	73	62	0
570	57.6722	57.7083	C4	71	67	0
571	57.7604	57.8432	F5	85	60	0
572	57.8872	58.0168	G#5	97	62	0
573	57.8979	57.9674	C5	85	55	0
574	57.8992	58.0141	G#4	81	58	0
575	57.9113	57.9473	C3	75	67	0
576	58.2198	58.3306	G#5	87	63	0
577	58.2211	58.2892	G#4	80	64	0
578	58.2304	58.2531	C5	68	69	0
579	58.2652	58.2945	F4	51	62	0
580	58.2879	58.3306	C4	34	46	0
581	58.3266	58.4094	G5	89	62	0
582	58.4869	58.6191	F5	93	58	0
583	58.4962	58.5349	C3	72	66	0
584	58.8181	58.8648	Eb5	74	62	0
585	58.8488	58.8741	C4	61	62	0
586	58.8528	58.8835	F4	53	61	0
587	58.9356	58.9877	C#5	79	62	0
588	59.1052	59.6193	C5	72	59	0
589	59.1132	59.1412	C3	62	61	0
590	59.1132	59.6821	G4	70	45	0
591	59.1265	59.5312	Bb4	47	53	0
592	59.427	59.4591	E4	58	58	0
593	59.435	59.4684	C4	49	37	0
594	59.7409	59.7702	C3	65	63	0
595	59.7462	59.8383	E5	87	67	0
596	59.7542	59.7996	G4	67	63	0
597	59.7609	59.7903	Bb4	69	65	0
598	60.0694	60.1094	E4	72	66	0
599	60.0841	60.1175	C4	64	63	0
600	60.1856	60.2804	F5	82	57	0
601	60.3205	60.438	G#5	90	63	0
602	60.3285	60.3659	C5	70	64	0
603	60.3311	60.3592	C3	68	62	0
604	60.3311	60.4019	G#4	74	54	0
605	60.637	60.7051	G#4	72	59	0
606	60.637	60.6784	G#5	78	54	0
607	60.6543	60.6904	C5	43	54	0
608	60.677	60.7104	F4	45	58	0
609	60.6837	60.7171	C4	49	55	0
610	60.7358	60.7598	G#5	68	63	0
611	60.7585	60.9241	G5	85	57	0
612	60.9428	61.1284	F5	81	58	0
613	60.9495	61.0229	C3	53	64	0
614	61.4983	61.7133	C4	35	61	0
615	61.5104	61.6452	F4	43	59	0
616	61.5998	61.8322	Eb5	62	50	0
617	61.8282	62.0659	C#5	67	51	0
618	62.0713	62.1941	G#2	49	58	0
619	62.0833	62.5574	C5	58	37	0
620	62.0926	62.5093	G#4	52	62	0
621	62.4612	62.4999	C4	47	52	0
622	62.4812	62.5186	G#3	41	48	0
623	62.7991	63.1543	F#4	71	62	0
624	62.8004	63.1597	C5	73	52	0
625	62.8231	62.9113	A2	48	63	0
626	63.145	63.1997	C4	54	60	0
627	63.1557	63.2184	F#3	46	52	0
628	63.4695	63.9543	Bb2	51	56	0
629	63.5282	63.8942	F4	65	60	0
630	63.5282	63.6858	C5	68	62	0
631	63.6738	63.8635	C#5	75	61	0
632	63.7873	63.8448	Bb3	43	64	0
633	63.8194	63.8808	F3	42	64	0
634	63.8274	63.9516	Eb5	74	63	0
635	63.9823	64.0584	C#5	76	60	0
636	64.2133	64.3108	C#5	66	63	0
637	64.2174	64.3536	C#2	30	52	0
638	64.2347	64.3602	F4	56	58	0
639	64.7048	64.7823	C5	61	63	0
640	64.7115	64.7622	Eb4	61	64	0
641	64.7315	64.7742	C#3	67	62	0
642	64.7395	64.7716	F3	51	59	0
643	64.8383	64.9238	Bb4	65	61	0
644	64.8517	64.8984	C#4	67	63	0
645	65.0013	65.0453	Eb2	67	63	0
646	65.0079	65.0493	G#4	64	66	0
647	65.012	65.0667	C4	60	64	0
648	65.3512	65.3912	G#4	64	64	0
649	65.3525	65.3832	G#3	53	57	0
650	65.3538	65.3926	C4	64	64	0
651	65.3578	65.3912	Eb3	52	56	0
652	65.6423	65.6944	G#4	66	61	0
653	65.6516	65.6864	Eb2	52	56	0
654	65.6623	65.6904	C4	51	56	0
655	65.7812	65.9161	Bb4	68	39	0
656	65.7972	65.8306	C#4	57	57	0
657	65.9094	65.9842	C5	69	60	0
658	65.9268	65.9842	G3	44	51	0
659	65.9428	66.0015	Eb3	39	51	0
660	65.9454	65.9762	Eb4	52	62	0
661	66.063	66.1017	C#4	65	65	0
662	66.0643	66.1952	Bb4	67	56	0
663	66.2246	66.7053	G#4	57	57	0
664	66.2286	66.7414	C4	47	32	0
665	66.2566	66.6773	G#2	29	40	0
666	66.5664	66.6586	Eb3	42	50	0
667	66.5785	66.6719	G#3	21	40	0
668	66.931	67.4145	G#4	45	62	0
669	66.943	67.2315	C4	39	40	0
670	66.9564	67.094	G#2	32	44	0
671	67.3597	67.4064	Eb3	37	55	0
672	67.3637	67.4185	G#3	30	49	0
673	67.7991	67.8431	Bb4	61	65	0
674	67.8405	67.8832	F3	42	57	0
675	67.8458	67.8979	G#4	65	62	0
676	68.2011	68.2465	F4	41	55	0
677	68.2064	68.2665	G#4	52	51	0
678	68.2144	68.2598	C4	30	49	0
679	68.3146	68.3813	Bb4	60	58	0
680	68.4628	68.5042	F3	48	62	0
681	68.4681	68.5095	G#4	66	65	0
682	68.766	68.8154	G4	59	59	0
683	68.7713	68.806	E4	44	57	0
684	68.7873	68.8234	C4	35	48	0
685	68.9756	69.4724	G#4	57	47	0
686	69.0344	69.1185	Bb4	59	64	0
687	69.0664	69.3202	F3	42	21	0
688	69.1078	69.5272	C5	58	54	0
689	69.4511	69.5031	C4	35	49	0
690	69.4564	69.5071	F4	36	53	0
691	69.6527	70.2163	G#4	52	42	0
692	69.7008	69.7636	Bb4	59	65	0
693	69.7435	69.8143	F3	37	44	0
694	69.7822	70.3338	C5	57	60	0
695	70.1094	70.1535	F4	31	54	0
696	70.1188	70.1602	C4	29	51	0
697	70.3498	70.3939	Bb4	55	65	0
698	70.3966	70.4353	G#4	62	67	0
699	70.3992	70.4433	F3	46	60	0
700	70.7197	70.7692	F4	41	50	0
701	70.7291	70.7772	G#4	59	62	0
702	70.7371	70.7798	C4	30	49	0
703	70.8493	70.9094	Bb4	62	59	0
704	70.9962	71.0389	G#4	70	63	0
705	71.0002	71.0376	F3	47	61	0
706	71.2847	71.3247	C5	66	67	0
707	71.3114	71.3554	E4	43	51	0
708	71.3154	71.3528	G4	39	48	0
709	71.3234	71.3634	C4	28	44	0
710	71.6012	71.7574	C5	59	56	0
711	71.6279	71.9524	F3	33	39	0
712	71.6599	71.9751	F5	68	58	0
713	71.6773	71.9884	G#4	43	42	0
714	71.9884	72.1006	F4	42	40	0
715	72.0005	72.0632	C4	35	46	0
716	72.2756	72.4345	C5	52	56	0
717	72.333	72.7083	G#4	11	37	0
718	72.3357	72.6602	F3	34	39	0
719	72.353	72.6335	F5	59	62	0
720	72.6962	72.7296	F4	47	58	0
721	72.7109	72.7457	C4	42	52	0
722	72.9313	73.0194	F#5	69	63	0
723	72.9941	73.0675	F5	76	61	0
724	72.9954	73.0288	C#3	69	65	0
725	73.0101	73.0662	G#4	66	60	0
726	73.3413	73.3653	C#4	63	64	0
727	73.3426	73.4855	F5	67	30	0
728	73.348	73.38	F4	50	59	0
729	73.3533	73.4267	G#4	58	51	0
730	73.4494	73.5443	F#5	75	56	0
731	73.5857	73.6685	F5	72	61	0
732	73.5897	73.6244	C3	80	67	0
733	73.6017	73.6431	A4	71	65	0
734	73.9102	73.993	F5	77	62	0
735	73.9142	73.9569	A4	74	65	0
736	73.9195	73.9462	C4	60	60	0
737	73.9235	73.9502	F4	58	64	0
738	73.9382	73.9783	Eb4	38	49	0
739	74.2988	74.3562	Bb2	65	62	0
740	74.3162	74.817	F5	74	58	0
741	74.3215	74.8357	Bb4	63	63	0
742	74.7569	74.8624	Bb5	72	57	0
743	74.7836	74.8303	F4	44	55	0
744	74.7889	74.8317	Bb3	29	56	0
745	74.7903	74.8357	C#4	26	50	0
746	75.2123	75.3057	F5	59	60	0
747	75.2189	75.3164	G#4	50	40	0
748	75.2216	75.8012	F3	35	15	0
749	75.6743	75.7304	C4	33	44	0
750	75.6864	75.7491	F4	13	44	0
751	76.067	76.1818	G#4	66	54	0
752	76.0763	76.1257	C5	52	64	0
753	76.0937	76.1404	C3	54	65	0
754	76.2072	76.3581	Bb4	67	53	0
755	76.2179	76.298	G4	64	52	0
756	76.3701	76.4863	G#4	67	57	0
757	76.3915	76.4422	C4	52	61	0
758	76.4022	76.4489	G4	29	52	0
759	76.4062	76.4409	F4	41	55	0
760	76.4983	76.5464	Bb4	77	64	0
761	76.6492	76.72	G#4	65	57	0
762	76.6506	76.7387	C5	74	62	0
763	76.6786	76.7213	C3	42	53	0
764	76.7774	76.8923	C#5	74	58	0
765	76.9217	77.0031	C5	71	63	0
766	76.9644	77.0005	G4	47	56	0
767	76.9804	77.0325	C4	18	30	0
768	76.9871	77.0606	E4	11	47	0
769	77.0899	77.2088	E5	68	61	0
770	77.2395	77.6281	F5	62	55	0
771	77.2582	77.6869	C5	27	40	0
772	77.2756	77.6909	F3	29	36	0
773	77.2836	77.6682	G#4	47	38	0
774	77.5987	77.6615	F4	35	47	0
775	77.6148	77.6669	C4	30	47	0
776	77.9112	78.3226	F5	56	60	0
777	77.938	78.4134	F3	38	41	0
778	77.9513	78.2304	G#4	34	41	0
779	77.9593	78.2064	C5	32	40	0
780	78.3186	78.3653	F4	46	55	0
781	78.3439	78.388	C4	33	50	0
782	78.6685	78.7232	G#5	65	63	0
783	78.7018	78.7392	Bb2	68	64	0
784	78.7072	78.7633	G5	65	59	0
785	78.7152	78.7553	E5	58	66	0
786	79.0277	79.1185	G5	63	50	0
787	79.0437	79.0811	Bb3	53	60	0
788	79.0451	79.0905	C#4	40	53	0
789	79.0825	79.1853	E5	35	34	0
790	79.1519	79.236	G#5	75	63	0
791	79.2908	79.3242	Bb2	64	62	0
792	79.2921	79.3268	G5	69	62	0
793	79.3215	79.3549	E5	42	48	0
794	79.5953	79.9345	G5	73	62	0
795	79.6006	79.6514	C#4	54	61	0
796	79.6113	79.6433	Bb3	46	57	0
797	79.622	79.6634	E5	56	54	0
798	79.9438	80.3605	Bb5	74	61	0
799	79.9558	80.6169	F5	59	58	0
800	79.9639	80.1134	B2	45	57	0
801	80.3178	80.5328	G#5	70	64	0
802	80.3485	80.4193	D4	45	55	0
803	80.3565	80.4032	B3	40	51	0
804	80.669	80.7091	B2	48	56	0
805	80.9428	81.0149	G5	66	60	0
806	80.9775	81.0189	D4	50	52	0
807	80.9922	81.0336	B3	36	47	0
808	81.0883	81.1324	F5	65	61	0
809	81.2432	81.2913	C#5	70	45	0
810	81.2513	81.2846	C3	70	68	0
811	81.2713	81.3247	C5	74	66	0
812	81.2993	81.3327	G#4	53	58	0
813	81.5865	81.7147	C5	62	30	0
814	81.5891	81.6172	C4	51	57	0
815	81.5945	81.6292	F4	44	55	0
816	81.6239	81.6719	G#4	26	44	0
817	81.696	81.7908	C#5	70	59	0
818	81.8282	81.8576	C3	63	64	0
819	81.8349	81.8763	C5	75	63	0
820	82.1327	82.1874	E5	76	68	0
821	82.1514	82.1981	E4	62	63	0
822	82.1527	82.1794	G4	58	63	0
823	82.1554	82.1954	Bb4	65	65	0
824	82.1821	82.2261	C4	33	33	0
825	82.4532	82.7002	F5	74	59	0
826	82.4692	82.8004	F3	44	34	0
827	82.4812	82.6468	C5	59	80	0
828	82.4919	82.7109	G#4	51	41	0
829	82.8004	82.8712	F4	38	53	0
830	82.8044	82.8565	C4	37	47	0
831	83.1343	83.4494	F5	55	57	0
832	83.1503	83.5456	F3	35	30	0
833	83.1503	83.2251	G#4	41	80	0
834	83.1583	83.2625	C5	42	80	0
835	83.2251	83.3319	G#4	26	61	0
836	83.2625	83.3065	C5	3	57	0
837	83.5082	83.563	F4	43	52	0
838	83.5362	83.5776	C4	35	49	0
839	83.9623	84.0664	G#5	54	62	0
840	84.0077	84.0624	Bb2	61	63	0
841	84.0197	84.0784	E5	62	59	0
842	84.0304	84.0798	G5	53	57	0
843	84.3883	84.4203	Bb3	48	60	0
844	84.3896	84.4243	C#4	41	55	0
845	84.3909	84.443	G5	48	50	0
846	84.4363	84.4964	E5	12	49	0
847	84.4991	84.5632	G#5	61	56	0
848	84.622	84.6594	G5	58	62	0
849	84.626	84.6594	Bb2	57	58	0
850	84.6353	84.6687	E5	54	61	0
851	85.0026	85.5515	G5	53	57	0
852	85.0093	85.3124	E5	43	51	0
853	85.0133	85.0694	Bb3	41	55	0
854	85.0146	85.0881	C#4	39	46	0
855	85.47	85.7705	B2	24	41	0
856	85.5621	86.071	Bb5	60	39	0
857	85.5768	86.3875	F5	42	54	0
858	86.0242	86.3127	G#5	53	63	0
859	86.0389	86.0897	B3	37	52	0
860	86.0402	86.0883	D4	44	54	0
861	86.4222	86.4663	B2	43	55	0
862	86.7881	86.8455	G5	56	49	0
863	86.8148	86.8562	D4	40	52	0
864	86.8175	86.8602	B3	38	51	0
865	86.9056	86.9537	F5	63	59	0
866	87.0873	87.114	D5	57	67	0
867	87.1046	87.1367	C3	56	60	0
868	87.1073	87.1447	C5	69	68	0
869	87.13	87.1634	A4	51	62	0
870	87.4452	87.4812	C5	54	60	0
871	87.4465	87.4826	F4	53	57	0
872	87.4478	87.4879	A4	50	59	0
873	87.4558	87.4866	C4	49	56	0
874	87.556	87.6308	D5	66	62	0
875	87.6936	87.7283	C3	65	66	0
876	87.6962	87.7309	C5	75	66	0
877	88.0101	88.0768	Bb4	77	60	0
878	88.0167	88.1129	D5	70	63	0
879	88.0301	88.0808	E4	64	65	0
880	88.0421	88.0795	C4	57	59	0
881	88.2745	88.3493	D5	63	63	0
882	88.3132	88.3493	C5	76	66	0
883	88.3212	88.3493	C3	68	66	0
884	88.3226	88.3613	A4	70	67	0
885	88.6377	88.6845	C5	69	59	0
886	88.6644	88.6925	A4	51	64	0
887	88.6738	88.7165	F4	37	34	0
888	88.6791	88.7205	C4	37	35	0
889	88.7553	88.8314	D5	69	61	0
890	88.8915	88.9395	C5	78	63	0
891	88.9062	88.9382	C3	55	58	0
892	89.192	89.2267	Bb4	73	64	0
893	89.1946	89.2627	D5	72	63	0
894	89.2147	89.2427	E4	57	61	0
895	89.2173	89.2414	C4	63	63	0
896	89.4337	89.5165	D5	60	66	0
897	89.4831	89.5325	C5	76	65	0
898	89.4938	89.5231	C3	61	62	0
899	89.5071	89.5325	A4	58	66	0
900	89.8049	89.8503	C5	71	60	0
901	89.821	89.8637	A4	59	67	0
902	89.8223	89.8543	C4	46	37	0
903	89.825	89.865	F4	38	35	0
904	89.9104	89.9932	D5	71	64	0
905	90.0493	90.1108	C5	79	64	0
906	90.0774	90.1121	C3	52	57	0
907	90.3364	90.3645	G4	59	63	0
908	90.3405	90.3872	E5	73	64	0
909	90.3418	90.3765	Bb4	68	68	0
910	90.3485	90.3778	C4	51	58	0
911	90.6757	91.0282	F5	73	54	0
912	90.6797	91.0416	F2	53	33	0
913	90.6957	91.0389	A4	57	31	0
914	91.0456	91.1324	F3	44	47	0
915	91.0616	91.3728	C3	39	25	0
916	91.3701	91.8482	F5	59	57	0
917	91.3888	91.7	F2	23	42	0
918	91.3955	91.8402	A4	43	55	0
919	91.7654	91.8228	F3	47	63	0
920	91.7788	91.8362	C3	37	46	0
921	92.0151	92.0832	D5	73	65	0
922	92.0672	92.1233	F2	62	62	0
923	92.0792	92.1113	A4	60	67	0
924	92.0846	92.1113	C5	50	60	0
925	92.3624	92.4158	A4	63	61	0
926	92.3637	92.4345	C5	65	57	0
927	92.3837	92.4358	F3	42	50	0
928	92.4038	92.4598	C3	32	48	0
929	92.4652	92.5466	D5	74	66	0
930	92.5974	92.6562	C5	78	62	0
931	92.6054	92.6535	F2	58	64	0
932	92.8872	92.9192	A4	82	68	0
933	92.8992	92.9393	F4	64	68	0
934	92.9059	92.95	F3	57	62	0
935	92.9192	92.958	C3	44	54	0
936	93.1957	93.591	Bb4	80	51	0
937	93.2224	93.6097	E4	50	38	0
938	93.2264	93.3172	F2	45	48	0
939	93.5309	93.5897	G3	41	46	0
940	93.5389	93.5937	C3	40	48	0
941	93.8047	94.2013	Bb4	70	59	0
942	93.8434	94.2173	E4	37	41	0
943	93.8581	94.0036	F2	36	38	0
944	94.1532	94.2133	G3	46	47	0
945	94.1759	94.232	C3	38	48	0
946	94.3816	94.4417	C5	68	64	0
947	94.423	94.4617	Bb4	73	64	0
948	94.4257	94.4751	F2	52	60	0
949	94.4564	94.4938	E4	41	49	0
950	94.7341	94.8597	Bb4	63	37	0
951	94.7488	94.7942	G3	39	52	0
952	94.7622	94.8049	E4	42	57	0
953	94.7662	94.8183	C3	32	51	0
954	94.853	94.9438	C5	73	63	0
955	94.9906	95.0533	F2	50	62	0
956	94.9972	95.0333	Bb4	67	68	0
957	95.2884	95.3391	E4	71	64	0
958	95.3191	95.3618	G3	38	52	0
959	95.3191	95.3551	Bb3	47	56	0
960	95.3431	95.3965	C3	25	46	0
961	95.6049	95.9735	F4	47	57	0
962	95.6062	95.9708	A3	38	35	0
963	95.6209	95.8413	F2	31	43	0
964	95.9387	96.0095	F3	40	51	0
965	95.9427	96.0162	C3	33	44	0
966	96.2593	96.5357	F4	46	66	0
967	96.2753	96.4582	A3	36	51	0
968	96.2793	96.4849	F2	33	44	0
969	96.5958	96.6626	F3	46	61	0
970	96.6225	96.6773	C3	33	52	0
971	96.8442	96.9003	D5	57	63	0
972	96.8762	96.9283	C5	59	62	0
973	96.8923	96.9443	F2	42	56	0
974	96.8923	96.923	A4	58	67	0
975	97.2141	97.2488	A4	50	57	0
976	97.2154	97.2729	C5	55	60	0
977	97.2355	97.2889	F3	35	49	0
978	97.3183	97.3957	D5	59	60	0
979	97.4585	97.5239	C5	59	62	0
980	97.4692	97.5213	F2	26	47	0
981	97.8404	97.9273	Eb4	74	58	0
982	97.8445	97.8992	A4	68	66	0
983	97.8551	97.9166	F#3	54	56	0
984	97.8952	97.9473	C3	30	51	0
985	98.4548	98.9222	Bb4	58	59	0
986	98.4735	98.9021	E4	39	50	0
987	98.4761	98.7018	F2	35	46	0
988	98.8794	99.0464	G3	39	27	0
989	98.8955	98.9689	C3	34	42	0
990	99.1706	99.5258	Bb4	55	61	0
991	99.2013	99.5445	E4	37	45	0
992	99.2227	99.4203	F2	37	33	0
993	99.4924	99.5445	G3	40	48	0
994	99.5004	99.5512	C3	41	52	0
995	99.7275	99.7755	C5	55	65	0
996	99.7622	99.8063	F2	46	58	0
997	99.7675	99.8103	Bb4	63	64	0
998	99.8129	99.861	E4	25	41	0
999	100.085	100.131	Bb4	59	64	0
1000	100.096	100.141	G3	33	51	0
1001	100.101	100.137	E4	44	56	0
1002	100.109	100.157	C3	34	53	0
1003	100.204	100.268	C5	59	56	0
1004	100.352	100.397	Bb4	61	62	0
1005	100.383	100.431	F2	34	58	0
1006	100.981	101.064	E4	49	58	0
1007	100.989	101.04	C#3	45	61	0
1008	100.996	101.075	Bb3	42	61	0
1009	100.997	101.06	G3	39	48	0
1010	101.323	101.796	F4	49	55	0
1011	101.326	101.779	A3	37	36	0
1012	101.351	101.414	F2	40	55	0
1013	101.635	101.688	F3	42	51	0
1014	101.651	101.693	C3	34	51	0
1015	101.956	102.373	F4	45	57	0
1016	101.962	102.364	A3	39	35	0
1017	101.964	102.016	F2	41	57	0
1018	102.298	102.345	F3	39	54	0
1019	102.312	102.36	C3	32	52	0
1020	102.596	102.939	F4	38	54	0
1021	102.621	102.675	F2	44	62	0
1022	102.624	102.938	A3	27	38	0
1023	102.934	102.986	F3	38	53	0
1024	102.945	102.99	C3	33	55	0
1025	103.258	103.636	F4	34	57	0
1026	103.285	103.349	F2	32	48	0
1027	103.295	103.713	A3	20	32	0
1028	103.62	103.668	C3	37	55	0
1029	103.632	103.68	F3	29	53	0
1030	104.122	106.976	F4	28	61	0
1031	104.152	106.963	F2	24	44	0
1032	104.164	106.952	A3	21	42	0
1033	104.169	107	C3	21	59	0
#SofPed	0.15625	15	0
#SofPed	0.305822	31	0
#SofPed	0.455395	46	0
#SofPed	0.603632	63	0
#SofPed	0.753204	77	0
#SofPed	0.902777	94	0
#SofPed	1.05101	108	0
#SofPed	1.20059	127	0
#SusPed	5.83333	58	0
#SusPed	5.85336	65	0
#SusPed	5.87339	67	0
#SusPed	5.89342	69	0
#SusPed	5.91212	71	0
#SusPed	5.93215	73	0
#SusPed	5.95218	74	0
#SusPed	5.97222	75	0
#SusPed	5.99225	76	0
#SusPed	6.06036	75	0
#SusPed	6.08039	74	0
#SusPed	6.10042	71	0
#SusPed	6.12045	65	0
#SusPed	6.14049	46	0
#SusPed	6.15918	0	0
#SusPed	8.21981	35	0
#SusPed	8.23984	47	0
#SusPed	8.25987	53	0
#SusPed	8.27991	60	0
#SusPed	8.2986	64	0
#SusPed	8.31863	67	0
#SusPed	8.33867	69	0
#SusPed	8.3587	72	0
#SusPed	8.37873	74	0
#SusPed	8.39743	76	0
#SusPed	8.4188	77	0
#SusPed	8.43883	78	0
#SusPed	8.45886	79	0
#SusPed	8.63648	78	0
#SusPed	8.65651	78	0
#SusPed	8.67654	76	0
#SusPed	8.69524	75	0
#SusPed	8.71527	72	0
#SusPed	8.7353	68	0
#SusPed	8.75533	48	0
#SusPed	8.77537	0	0
#SusPed	8.89422	41	0
#SusPed	8.91425	64	0
#SusPed	8.93429	68	0
#SusPed	8.95432	71	0
#SusPed	8.97301	74	0
#SusPed	8.99305	76	0
#SusPed	9.01174	77	0
#SusPed	9.06249	78	0
#SusPed	9.14128	77	0
#SusPed	9.18135	77	0
#SusPed	9.29887	78	0
#SusPed	9.3189	78	0
#SusPed	9.33893	77	0
#SusPed	9.35897	71	0
#SusPed	9.379	39	0
#SusPed	9.39769	0	0
#SusPed	10.617	37	0
#SusPed	10.637	61	0
#SusPed	10.657	66	0
#SusPed	10.6757	70	0
#SusPed	10.6958	72	0
#SusPed	10.7158	74	0
#SusPed	10.7358	76	0
#SusPed	10.7559	77	0
#SusPed	10.7759	78	0
#SusPed	10.9321	73	0
#SusPed	10.9508	64	0
#SusPed	10.9709	0	0
#SusPed	11.3168	26	0
#SusPed	11.3368	60	0
#SusPed	11.3568	65	0
#SusPed	11.3769	68	0
#SusPed	11.3956	71	0
#SusPed	11.4156	74	0
#SusPed	11.4356	78	0
#SusPed	11.4557	81	0
#SusPed	11.4757	83	0
#SusPed	11.4944	84	0
#SusPed	11.5144	85	0
#SusPed	11.5344	85	0
#SusPed	11.5545	86	0
#SusPed	11.5745	86	0
#SusPed	12.0593	84	0
#SusPed	12.0793	78	0
#SusPed	12.0993	68	0
#SusPed	12.1194	35	0
#SusPed	12.1394	0	0
#SusPed	13.3574	14	0
#SusPed	13.3774	43	0
#SusPed	13.3974	57	0
#SusPed	13.4175	62	0
#SusPed	13.4375	65	0
#SusPed	13.4562	66	0
#SusPed	13.4762	68	0
#SusPed	13.4962	70	0
#SusPed	13.5163	72	0
#SusPed	13.5363	76	0
#SusPed	13.5563	78	0
#SusPed	13.5764	80	0
#SusPed	13.5951	81	0
#SusPed	13.6151	82	0
#SusPed	13.6351	82	0
#SusPed	13.8328	81	0
#SusPed	13.8528	80	0
#SusPed	13.8728	78	0
#SusPed	13.8915	75	0
#SusPed	13.9116	70	0
#SusPed	13.9316	61	0
#SusPed	13.9516	0	0
#SusPed	14.0812	45	0
#SusPed	14.0999	62	0
#SusPed	14.1199	66	0
#SusPed	14.1399	67	0
#SusPed	14.1586	69	0
#SusPed	14.1787	70	0
#SusPed	14.1987	72	0
#SusPed	14.2187	74	0
#SusPed	14.2388	75	0
#SusPed	14.2575	76	0
#SusPed	14.3964	75	0
#SusPed	14.594	74	0
#SusPed	14.614	68	0
#SusPed	14.6341	30	0
#SusPed	14.6541	0	0
#SusPed	16.1204	27	0
#SusPed	16.1405	40	0
#SusPed	16.1605	48	0
#SusPed	16.1792	53	0
#SusPed	16.1992	56	0
#SusPed	16.2193	58	0
#SusPed	16.2393	60	0
#SusPed	16.258	62	0
#SusPed	16.278	64	0
#SusPed	16.2981	66	0
#SusPed	16.3181	67	0
#SusPed	16.3381	69	0
#SusPed	16.3568	71	0
#SusPed	16.3769	73	0
#SusPed	16.3969	75	0
#SusPed	16.4169	76	0
#SusPed	16.4369	76	0
#SusPed	16.5545	76	0
#SusPed	16.5745	75	0
#SusPed	16.5945	74	0
#SusPed	16.6132	71	0
#SusPed	16.6333	66	0
#SusPed	16.6533	51	0
#SusPed	16.6733	0	0
#SusPed	16.8122	37	0
#SusPed	16.8322	58	0
#SusPed	16.8523	62	0
#SusPed	16.8723	63	0
#SusPed	16.8923	63	0
#SusPed	16.9124	64	0
#SusPed	16.9324	65	0
#SusPed	16.9524	66	0
#SusPed	17.0619	65	0
#SusPed	17.2195	65	0
#SusPed	17.2396	64	0
#SusPed	17.2596	58	0
#SusPed	17.2796	27	0
#SusPed	17.2983	0	0
#SusPed	18.6552	45	0
#SusPed	18.6752	55	0
#SusPed	18.6952	59	0
#SusPed	18.7139	62	0
#SusPed	18.734	64	0
#SusPed	18.754	65	0
#SusPed	18.774	67	0
#SusPed	18.7941	69	0
#SusPed	18.8127	71	0
#SusPed	18.8314	73	0
#SusPed	18.8515	75	0
#SusPed	18.8715	76	0
#SusPed	18.9102	76	0
#SusPed	19.1199	76	0
#SusPed	19.16	75	0
#SusPed	19.18	75	0
#SusPed	19.2187	74	0
#SusPed	19.2388	72	0
#SusPed	19.2588	69	0
#SusPed	19.2788	61	0
#SusPed	19.2975	0	0
#SusPed	19.4164	55	0
#SusPed	19.4364	65	0
#SusPed	19.4564	68	0
#SusPed	19.4765	70	0
#SusPed	19.4952	73	0
#SusPed	19.5152	75	0
#SusPed	19.5352	77	0
#SusPed	19.5553	77	0
#SusPed	19.5753	78	0
#SusPed	19.8718	74	0
#SusPed	19.8918	64	0
#SusPed	19.9105	0	0
#SusPed	20.4767	27	0
#SusPed	20.4954	32	0
#SusPed	20.5155	0	0
#SusPed	20.9909	23	0
#SusPed	21.0109	34	0
#SusPed	21.031	38	0
#SusPed	21.0603	40	0
#SusPed	21.0804	41	0
#SusPed	21.1004	41	0
#SusPed	21.1204	29	0
#SusPed	21.1405	0	0
#SusPed	21.1992	31	0
#SusPed	21.2193	55	0
#SusPed	21.2393	64	0
#SusPed	21.2593	67	0
#SusPed	21.2794	70	0
#SusPed	21.2994	72	0
#SusPed	21.3194	75	0
#SusPed	21.3395	77	0
#SusPed	21.3595	78	0
#SusPed	21.5371	77	0
#SusPed	21.5558	74	0
#SusPed	21.5758	68	0
#SusPed	21.5959	58	0
#SusPed	21.6159	0	0
#SusPed	21.9324	45	0
#SusPed	21.9524	59	0
#SusPed	21.9725	64	0
#SusPed	21.9925	67	0
#SusPed	22.0112	70	0
#SusPed	22.0312	73	0
#SusPed	22.0606	77	0
#SusPed	22.0806	80	0
#SusPed	22.0993	81	0
#SusPed	22.1194	81	0
#SusPed	22.1394	82	0
#SusPed	22.1594	82	0
#SusPed	22.1795	83	0
#SusPed	22.5574	82	0
#SusPed	22.6549	81	0
#SusPed	22.6749	77	0
#SusPed	22.695	70	0
#SusPed	22.715	60	0
#SusPed	22.735	0	0
#SusPed	22.8726	16	0
#SusPed	22.8926	18	0
#SusPed	22.9113	20	0
#SusPed	22.9914	22	0
#SusPed	23.0115	25	0
#SusPed	23.0315	27	0
#SusPed	23.0609	29	0
#SusPed	23.0809	30	0
#SusPed	23.0996	31	0
#SusPed	23.1196	33	0
#SusPed	23.1397	34	0
#SusPed	23.1597	38	0
#SusPed	23.1797	40	0
#SusPed	23.1984	42	0
#SusPed	23.2585	41	0
#SusPed	23.2786	40	0
#SusPed	23.2973	39	0
#SusPed	23.3173	39	0
#SusPed	23.3587	39	0
#SusPed	23.3987	40	0
#SusPed	23.4575	39	0
#SusPed	23.5163	40	0
#SusPed	23.5363	40	0
#SusPed	23.5764	41	0
#SusPed	23.5964	40	0
#SusPed	23.6765	41	0
#SusPed	23.6952	42	0
#SusPed	23.7153	43	0
#SusPed	23.7353	44	0
#SusPed	23.7754	45	0
#SusPed	23.8154	44	0
#SusPed	23.8354	39	0
#SusPed	23.8541	0	0
#SusPed	23.973	41	0
#SusPed	23.993	60	0
#SusPed	24.0131	64	0
#SusPed	24.0318	65	0
#SusPed	24.0625	67	0
#SusPed	24.0812	69	0
#SusPed	24.1012	72	0
#SusPed	24.1212	75	0
#SusPed	24.1413	78	0
#SusPed	24.1613	79	0
#SusPed	24.2	79	0
#SusPed	24.4591	79	0
#SusPed	24.4778	78	0
#SusPed	24.4978	77	0
#SusPed	24.5179	75	0
#SusPed	24.5379	71	0
#SusPed	24.5579	63	0
#SusPed	24.578	0	0
#SusPed	24.6768	51	0
#SusPed	24.6955	63	0
#SusPed	24.7155	65	0
#SusPed	24.7356	66	0
#SusPed	24.7542	67	0
#SusPed	24.7743	69	0
#SusPed	24.7943	71	0
#SusPed	24.8143	73	0
#SusPed	24.8344	74	0
#SusPed	24.8531	75	0
#SusPed	24.9132	75	0
#SusPed	24.9519	76	0
#SusPed	25.2591	75	0
#SusPed	25.2791	75	0
#SusPed	25.2978	74	0
#SusPed	25.3178	72	0
#SusPed	25.3378	70	0
#SusPed	25.3579	67	0
#SusPed	25.3779	61	0
#SusPed	25.3966	44	0
#SusPed	25.4166	0	0
#SusPed	25.5368	52	0
#SusPed	25.5569	62	0
#SusPed	25.5769	64	0
#SusPed	25.5956	65	0
#SusPed	25.6156	65	0
#SusPed	25.6357	66	0
#SusPed	25.6557	66	0
#SusPed	25.6744	67	0
#SusPed	25.7145	66	0
#SusPed	25.7345	66	0
#SusPed	25.7545	65	0
#SusPed	25.7745	65	0
#SusPed	25.7932	65	0
#SusPed	25.8133	66	0
#SusPed	25.8346	68	0
#SusPed	25.8533	71	0
#SusPed	25.8734	75	0
#SusPed	25.8934	78	0
#SusPed	25.9134	80	0
#SusPed	25.9335	81	0
#SusPed	25.9722	82	0
#SusPed	26.1204	81	0
#SusPed	26.1405	76	0
#SusPed	26.1605	68	0
#SusPed	26.1805	52	0
#SusPed	26.2006	0	0
#SusPed	26.2593	42	0
#SusPed	26.2794	63	0
#SusPed	26.2994	66	0
#SusPed	26.3194	67	0
#SusPed	26.3395	67	0
#SusPed	26.3595	69	0
#SusPed	26.3782	70	0
#SusPed	26.3982	73	0
#SusPed	26.4182	74	0
#SusPed	26.4383	75	0
#SusPed	26.4583	76	0
#SusPed	26.4783	76	0
#SusPed	26.5171	77	0
#SusPed	26.7561	76	0
#SusPed	26.7748	72	0
#SusPed	26.7948	66	0
#SusPed	26.8149	54	0
#SusPed	26.8336	0	0
#SusPed	26.9124	34	0
#SusPed	26.9324	37	0
#SusPed	26.9725	38	0
#SusPed	26.9925	39	0
#SusPed	27.1194	39	0
#SusPed	27.1394	40	0
#SusPed	27.1594	41	0
#SusPed	27.1795	42	0
#SusPed	27.1995	42	0
#SusPed	27.2195	43	0
#SusPed	27.2382	44	0
#SusPed	27.2583	44	0
#SusPed	27.2783	42	0
#SusPed	27.2983	14	0
#SusPed	27.3183	0	0
#SusPed	27.3971	60	0
#SusPed	27.4172	67	0
#SusPed	27.4372	71	0
#SusPed	27.4572	75	0
#SusPed	27.4773	79	0
#SusPed	27.496	81	0
#SusPed	27.516	81	0
#SusPed	27.715	80	0
#SusPed	27.735	79	0
#SusPed	27.755	77	0
#SusPed	27.7751	72	0
#SusPed	27.7938	63	0
#SusPed	27.8138	31	0
#SusPed	27.8325	0	0
#SusPed	28.0115	25	0
#SusPed	28.0315	31	0
#SusPed	28.0595	34	0
#SusPed	28.0796	37	0
#SusPed	28.0996	39	0
#SusPed	28.1196	42	0
#SusPed	28.1397	44	0
#SusPed	28.1584	45	0
#SusPed	28.1784	46	0
#SusPed	28.1984	45	0
#SusPed	28.2185	43	0
#SusPed	28.2385	41	0
#SusPed	28.2572	37	0
#SusPed	28.2772	34	0
#SusPed	28.2972	34	0
#SusPed	28.3373	34	0
#SusPed	28.3573	35	0
#SusPed	28.3974	36	0
#SusPed	28.4562	37	0
#SusPed	28.4762	38	0
#SusPed	28.4949	39	0
#SusPed	28.5149	40	0
#SusPed	28.575	39	0
#SusPed	28.5937	39	0
#SusPed	28.7139	39	0
#SusPed	28.9116	40	0
#SusPed	28.9904	40	0
#SusPed	29.0304	41	0
#SusPed	29.0598	41	0
#SusPed	29.0798	42	0
#SusPed	29.0999	43	0
#SusPed	29.1199	44	0
#SusPed	29.1586	42	0
#SusPed	29.1787	40	0
#SusPed	29.2374	41	0
#SusPed	29.2574	42	0
#SusPed	29.2775	43	0
#SusPed	29.2975	44	0
#SusPed	29.3162	45	0
#SusPed	29.3362	45	0
#SusPed	29.3563	46	0
#SusPed	29.4164	45	0
#SusPed	29.4364	45	0
#SusPed	29.4564	44	0
#SusPed	29.4765	44	0
#SusPed	29.594	43	0
#SusPed	29.7128	44	0
#SusPed	29.7329	43	0
#SusPed	29.7542	37	0
#SusPed	29.7743	0	0
#SusPed	29.9532	46	0
#SusPed	29.9733	54	0
#SusPed	29.992	55	0
#SusPed	30.012	57	0
#SusPed	30.032	60	0
#SusPed	30.0614	62	0
#SusPed	30.0814	63	0
#SusPed	30.1015	64	0
#SusPed	30.1215	65	0
#SusPed	30.1402	66	0
#SusPed	30.1602	67	0
#SusPed	30.1803	68	0
#SusPed	30.2003	69	0
#SusPed	30.2203	69	0
#SusPed	30.2991	69	0
#SusPed	30.3178	68	0
#SofPed	30.3378	99	0
#SusPed	30.3579	67	0
#SofPed	30.3579	60	0
#SusPed	30.3779	67	0
#SofPed	30.3779	17	0
#SusPed	30.3979	66	0
#SofPed	30.3979	0	0
#SusPed	30.4166	64	0
#SusPed	30.4367	57	0
#SusPed	30.4567	0	0
#SusPed	30.6343	52	0
#SusPed	30.6543	65	0
#SusPed	30.6744	68	0
#SusPed	30.6944	70	0
#SusPed	30.7144	73	0
#SusPed	30.7345	75	0
#SusPed	30.7532	78	0
#SusPed	30.7732	80	0
#SusPed	30.7932	81	0
#SusPed	30.8133	81	0
#SusPed	31.1605	81	0
#SusPed	31.1792	77	0
#SusPed	31.1992	68	0
#SusPed	31.2193	0	0
#SusPed	31.3394	54	0
#SusPed	31.3581	67	0
#SusPed	31.3782	72	0
#SusPed	31.3982	77	0
#SusPed	31.4169	80	0
#SusPed	31.4369	82	0
#SusPed	31.457	82	0
#SusPed	31.8322	80	0
#SusPed	31.8523	73	0
#SusPed	31.8723	33	0
#SusPed	31.8937	0	0
#SusPed	31.9725	49	0
#SusPed	31.9925	65	0
#SusPed	32.0112	66	0
#SusPed	32.0312	65	0
#SusPed	32.082	64	0
#SusPed	32.1007	62	0
#SusPed	32.1207	60	0
#SusPed	32.1407	55	0
#SusPed	32.1608	45	0
#SusPed	32.1808	28	0
#SusPed	32.1995	11	0
#SusPed	32.2195	18	0
#SusPed	32.2396	26	0
#SusPed	32.2582	29	0
#SusPed	32.2783	0	0
#SusPed	32.4973	69	0
#SusPed	32.516	76	0
#SusPed	32.536	79	0
#SusPed	32.5761	80	0
#SusPed	32.5961	82	0
#SusPed	32.6148	84	0
#SusPed	32.6348	85	0
#SusPed	32.6549	86	0
#SusPed	32.8913	85	0
#SusPed	32.9313	85	0
#SusPed	32.9514	84	0
#SusPed	32.9714	82	0
#SusPed	32.9914	73	0
#SusPed	33.0115	53	0
#SusPed	33.0315	0	0
#SusPed	33.2184	16	0
#SusPed	33.2385	29	0
#SusPed	33.2572	30	0
#SusPed	33.3774	31	0
#SusPed	33.3974	32	0
#SusPed	33.4174	33	0
#SusPed	33.4762	32	0
#SusPed	33.5163	26	0
#SusPed	33.535	0	0
#SusPed	33.6738	61	0
#SusPed	33.6939	68	0
#SusPed	33.7126	72	0
#SusPed	33.7326	75	0
#SusPed	33.7526	76	0
#SusPed	33.8728	76	0
#SusPed	33.8915	74	0
#SusPed	33.9116	70	0
#SusPed	33.9316	60	0
#SusPed	33.9516	0	0
#SofPed	34.0318	11	0
#SofPed	34.0625	19	0
#SofPed	34.0825	31	0
#SofPed	34.1012	50	0
#SofPed	34.1212	72	0
#SofPed	34.1413	95	0
#SofPed	34.1613	115	0
#SofPed	34.1813	127	0
#SusPed	34.3977	51	0
#SusPed	34.4177	64	0
#SusPed	34.4377	67	0
#SusPed	34.4564	68	0
#SusPed	34.4765	69	0
#SusPed	34.4965	71	0
#SusPed	34.5165	74	0
#SusPed	34.5366	77	0
#SusPed	34.5553	79	0
#SusPed	34.5753	79	0
#SusPed	34.7743	79	0
#SusPed	34.8143	78	0
#SusPed	34.833	78	0
#SusPed	34.8531	77	0
#SusPed	34.8731	76	0
#SusPed	34.8918	72	0
#SusPed	34.9118	64	0
#SusPed	34.9319	0	0
#SusPed	35.0507	45	0
#SusPed	35.0801	65	0
#SusPed	35.1015	69	0
#SusPed	35.1215	71	0
#SusPed	35.1402	71	0
#SusPed	35.1602	72	0
#SusPed	35.2003	72	0
#SusPed	35.2203	73	0
#SusPed	35.4767	72	0
#SusPed	35.5555	72	0
#SusPed	35.6343	71	0
#SusPed	35.6744	71	0
#SusPed	35.6944	70	0
#SusPed	35.7144	70	0
#SusPed	35.7345	69	0
#SusPed	35.7545	67	0
#SusPed	35.7732	63	0
#SusPed	35.7932	42	0
#SusPed	35.8133	0	0
#SusPed	36.1605	50	0
#SusPed	36.1805	63	0
#SusPed	36.1992	65	0
#SusPed	36.2192	66	0
#SusPed	36.2393	67	0
#SusPed	36.2593	69	0
#SusPed	36.2793	70	0
#SusPed	36.2994	72	0
#SusPed	36.3194	74	0
#SusPed	36.3394	75	0
#SusPed	36.3595	76	0
#SusPed	36.5171	75	0
#SusPed	36.5371	72	0
#SusPed	36.5558	67	0
#SusPed	36.5758	50	0
#SusPed	36.5959	0	0
#SusPed	36.6746	42	0
#SusPed	36.6947	65	0
#SusPed	36.7134	69	0
#SusPed	36.7334	71	0
#SusPed	36.7735	71	0
#SusPed	36.8122	72	0
#SusPed	36.8322	72	0
#SusPed	36.8723	73	0
#SusPed	37.1194	72	0
#SusPed	37.1394	72	0
#SusPed	37.1594	70	0
#SusPed	37.1795	67	0
#SusPed	37.1995	60	0
#SusPed	37.2195	0	0
#SusPed	37.8525	18	0
#SusPed	37.8726	65	0
#SusPed	37.8926	71	0
#SusPed	37.9113	75	0
#SusPed	37.9313	77	0
#SusPed	37.9514	77	0
#SusPed	38.0809	77	0
#SusPed	38.0996	76	0
#SusPed	38.1196	76	0
#SusPed	38.1397	74	0
#SusPed	38.1597	72	0
#SusPed	38.1797	69	0
#SusPed	38.1984	66	0
#SusPed	38.2184	55	0
#SusPed	38.2385	0	0
#SusPed	40.5368	53	0
#SusPed	40.5569	63	0
#SusPed	40.5769	65	0
#SusPed	40.5956	65	0
#SusPed	40.6156	66	0
#SusPed	40.6557	66	0
#SusPed	40.6757	67	0
#SusPed	40.7345	66	0
#SusPed	40.7545	65	0
#SusPed	40.7732	63	0
#SusPed	40.7932	61	0
#SusPed	40.8133	55	0
#SusPed	40.8333	41	0
#SusPed	40.8533	0	0
#SusPed	41.1405	42	0
#SusPed	41.1605	65	0
#SusPed	41.1792	69	0
#SusPed	41.1992	71	0
#SusPed	41.2192	73	0
#SusPed	41.2393	73	0
#SusPed	41.2593	74	0
#SusPed	41.2793	76	0
#SusPed	41.298	77	0
#SusPed	41.3181	77	0
#SofPed	41.4369	126	0
#SofPed	41.4556	106	0
#SofPed	41.4757	78	0
#SofPed	41.4984	52	0
#SofPed	41.5171	29	0
#SusPed	41.5371	77	0
#SofPed	41.5371	13	0
#SusPed	41.5571	76	0
#SofPed	41.5571	0	0
#SusPed	41.5771	75	0
#SusPed	41.5958	72	0
#SusPed	41.6159	68	0
#SusPed	41.6359	55	0
#SusPed	41.6559	0	0
#SusPed	41.8336	62	0
#SusPed	41.8523	70	0
#SusPed	41.8723	74	0
#SusPed	41.8923	77	0
#SusPed	41.9124	78	0
#SusPed	41.9324	79	0
#SusPed	41.9524	79	0
#SusPed	41.9724	80	0
#SusPed	41.9925	80	0
#SusPed	42.4172	80	0
#SusPed	42.4372	74	0
#SusPed	42.4572	64	0
#SusPed	42.4773	0	0
#SusPed	42.5574	58	0
#SusPed	42.5774	67	0
#SusPed	42.5961	69	0
#SusPed	42.6161	69	0
#SusPed	42.6362	69	0
#SusPed	42.6562	68	0
#SusPed	42.6762	67	0
#SusPed	42.6949	65	0
#SusPed	42.715	61	0
#SusPed	42.735	16	0
#SusPed	42.755	0	0
#SusPed	43.1023	63	0
#SusPed	43.121	68	0
#SusPed	43.141	71	0
#SusPed	43.161	74	0
#SusPed	43.181	77	0
#SusPed	43.2011	81	0
#SusPed	43.2198	84	0
#SusPed	43.2398	85	0
#SusPed	43.2598	85	0
#SusPed	43.4174	85	0
#SusPed	43.4375	84	0
#SusPed	43.4575	84	0
#SusPed	43.4775	83	0
#SusPed	43.4962	82	0
#SusPed	43.5162	81	0
#SusPed	43.5363	80	0
#SusPed	43.5563	79	0
#SusPed	43.5763	76	0
#SusPed	43.5964	69	0
#SusPed	43.6164	47	0
#SusPed	43.6364	0	0
#SofPed	44.2174	17	0
#SofPed	44.2374	45	0
#SofPed	44.2574	87	0
#SusPed	44.2775	62	0
#SofPed	44.2775	126	0
#SusPed	44.2975	67	0
#SofPed	44.2975	127	0
#SusPed	44.3162	69	0
#SusPed	44.3362	70	0
#SusPed	44.3563	71	0
#SusPed	44.3763	71	0
#SusPed	44.3963	72	0
#SusPed	44.4164	73	0
#SusPed	44.4364	73	0
#SusPed	44.4765	73	0
#SusPed	44.4951	70	0
#SusPed	44.5152	65	0
#SusPed	44.5352	46	0
#SusPed	44.5552	0	0
#SusPed	44.9332	44	0
#SusPed	44.9519	63	0
#SusPed	44.9719	65	0
#SusPed	44.9919	66	0
#SusPed	45.012	66	0
#SusPed	45.032	67	0
#SusPed	45.0614	68	0
#SusPed	45.0814	69	0
#SusPed	45.1015	71	0
#SusPed	45.1215	73	0
#SusPed	45.1402	74	0
#SusPed	45.1602	74	0
#SusPed	45.239	75	0
#SusPed	45.2791	75	0
#SusPed	45.4567	75	0
#SusPed	45.4767	73	0
#SusPed	45.4954	67	0
#SusPed	45.5154	51	0
#SusPed	45.5355	0	0
#SusPed	45.6143	60	0
#SusPed	45.6343	68	0
#SusPed	45.6543	71	0
#SusPed	45.6744	72	0
#SusPed	45.6944	73	0
#SusPed	45.7144	73	0
#SusPed	45.7345	74	0
#SusPed	45.7545	75	0
#SusPed	45.7745	76	0
#SusPed	45.7932	77	0
#SusPed	45.8133	77	0
#SusPed	45.8734	78	0
#SofPed	45.9134	124	0
#SofPed	45.9334	104	0
#SofPed	45.9535	80	0
#SofPed	45.9722	57	0
#SofPed	45.9922	35	0
#SofPed	46.0122	17	0
#SusPed	46.0323	77	0
#SofPed	46.0323	0	0
#SusPed	46.0603	75	0
#SusPed	46.0803	72	0
#SusPed	46.1004	67	0
#SusPed	46.1204	45	0
#SusPed	46.1404	0	0
#SusPed	46.3181	77	0
#SusPed	46.3381	88	0
#SusPed	46.3581	97	0
#SusPed	46.3782	97	0
#SusPed	46.3982	98	0
#SusPed	46.4169	99	0
#SusPed	46.4369	102	0
#SusPed	46.457	103	0
#SusPed	46.477	104	0
#SusPed	46.5157	104	0
#SusPed	46.5558	105	0
#SusPed	46.5758	106	0
#SusPed	46.5945	106	0
#SusPed	46.6346	107	0
#SusPed	46.6746	107	0
#SusPed	46.6933	108	0
#SusPed	46.7134	108	0
#SusPed	46.7534	109	0
#SusPed	46.7735	110	0
#SusPed	46.7935	111	0
#SusPed	46.8135	111	0
#SusPed	46.8322	113	0
#SusPed	46.8523	114	0
#SusPed	46.8723	114	0
#SusPed	46.9524	113	0
#SusPed	46.9724	111	0
#SusPed	47.3183	112	0
#SusPed	47.3384	112	0
#SusPed	47.3571	113	0
#SusPed	47.4559	107	0
#SusPed	47.4759	83	0
#SusPed	47.4959	0	0
#SusPed	47.5934	69	0
#SusPed	47.6135	80	0
#SusPed	47.6335	90	0
#SusPed	47.6535	93	0
#SusPed	47.6923	94	0
#SusPed	47.7123	95	0
#SusPed	47.7323	97	0
#SusPed	47.7524	99	0
#SusPed	47.7724	100	0
#SusPed	47.7924	101	0
#SusPed	47.8125	102	0
#SusPed	47.8325	103	0
#SusPed	47.8512	104	0
#SusPed	47.8712	106	0
#SusPed	47.8926	107	0
#SusPed	47.9126	108	0
#SusPed	47.9326	108	0
#SusPed	47.9727	109	0
#SusPed	48.0822	104	0
#SusPed	48.1009	91	0
#SusPed	48.1209	70	0
#SusPed	48.141	0	0
#SusPed	48.1997	62	0
#SusPed	48.2198	72	0
#SusPed	48.2398	81	0
#SusPed	48.2585	85	0
#SusPed	48.2785	85	0
#SusPed	48.3186	86	0
#SusPed	48.3386	87	0
#SusPed	48.3774	87	0
#SusPed	48.7339	85	0
#SusPed	48.754	76	0
#SusPed	48.774	62	0
#SusPed	48.7927	0	0
#SusPed	48.8728	41	0
#SusPed	48.8915	69	0
#SusPed	48.9115	77	0
#SusPed	48.9316	84	0
#SusPed	48.9529	86	0
#SusPed	49.0117	87	0
#SusPed	49.0317	87	0
#SusPed	49.0625	88	0
#SusPed	49.0825	88	0
#SusPed	49.1212	89	0
#SusPed	49.22	89	0
#SusPed	49.2588	90	0
#SusPed	49.2988	90	0
#SusPed	49.3189	91	0
#SusPed	49.3389	92	0
#SusPed	49.3576	92	0
#SusPed	49.3776	93	0
#SusPed	49.4177	93	0
#SusPed	49.4377	94	0
#SusPed	49.4564	94	0
#SusPed	49.4764	95	0
#SusPed	49.4965	96	0
#SusPed	49.5152	96	0
#SusPed	49.5352	97	0
#SusPed	49.5552	97	0
#SusPed	49.5753	98	0
#SusPed	49.5953	99	0
#SusPed	49.6153	100	0
#SusPed	49.6354	101	0
#SusPed	49.6554	102	0
#SusPed	49.6754	102	0
#SusPed	49.6955	103	0
#SusPed	49.7342	103	0
#SusPed	49.8918	104	0
#SusPed	49.9318	102	0
#SusPed	49.9505	92	0
#SusPed	49.9706	73	0
#SusPed	49.9906	0	0
#SusPed	50.0814	65	0
#SusPed	50.1014	76	0
#SusPed	50.1215	88	0
#SusPed	50.1402	96	0
#SusPed	50.1602	97	0
#SusPed	50.2003	97	0
#SusPed	50.2403	98	0
#SusPed	50.2604	98	0
#SusPed	50.2804	100	0
#SusPed	50.2991	102	0
#SusPed	50.3191	103	0
#SusPed	50.3392	105	0
#SusPed	50.3579	106	0
#SusPed	50.3779	107	0
#SusPed	50.3979	107	0
#SusPed	50.418	108	0
#SusPed	50.438	109	0
#SusPed	50.4767	109	0
#SusPed	50.5168	108	0
#SusPed	50.5368	99	0
#SusPed	50.5555	84	0
#SusPed	50.5755	65	0
#SusPed	50.5956	0	0
#SusPed	50.6543	65	0
#SusPed	50.6744	72	0
#SusPed	50.6944	78	0
#SusPed	50.7144	82	0
#SusPed	50.7932	82	0
#SusPed	50.8333	83	0
#SusPed	50.9321	82	0
#SusPed	50.9521	81	0
#SusPed	50.9722	77	0
#SusPed	50.9909	71	0
#SusPed	51.0109	60	0
#SusPed	51.0309	0	0
#SusPed	51.497	59	0
#SusPed	51.517	66	0
#SusPed	51.5371	68	0
#SusPed	51.5558	71	0
#SusPed	51.5758	74	0
#SusPed	51.5958	77	0
#SusPed	51.6145	80	0
#SusPed	51.6346	83	0
#SusPed	51.6546	85	0
#SusPed	51.6746	86	0
#SusPed	51.6947	86	0
#SusPed	51.7134	87	0
#SusPed	51.7534	87	0
#SusPed	51.9524	85	0
#SusPed	51.9724	78	0
#SusPed	51.9925	65	0
#SusPed	52.0125	0	0
#SusPed	52.1006	65	0
#SusPed	52.1207	73	0
#SusPed	52.1407	79	0
#SusPed	52.1621	82	0
#SusPed	52.1821	83	0
#SusPed	52.2409	83	0
#SusPed	52.2609	84	0
#SusPed	52.2809	84	0
#SusPed	52.6175	83	0
#SusPed	52.6375	80	0
#SusPed	52.6562	73	0
#SusPed	52.6762	61	0
#SusPed	52.6963	0	0
#SusPed	52.8525	11	0
#SusPed	52.8725	47	0
#SusPed	52.8912	51	0
#SusPed	52.9113	51	0
#SusPed	52.9513	53	0
#SusPed	52.9714	55	0
#SusPed	52.9914	57	0
#SusPed	53.0114	59	0
#SusPed	53.0809	60	0
#SusPed	53.0996	61	0
#SusPed	53.1196	62	0
#SusPed	53.1396	62	0
#SusPed	53.1784	58	0
#SusPed	53.1984	20	0
#SusPed	53.2198	0	0
#SusPed	53.3386	65	0
#SusPed	53.3587	73	0
#SusPed	53.3787	79	0
#SusPed	53.3974	82	0
#SusPed	53.4174	83	0
#SusPed	53.4374	83	0
#SusPed	53.4775	84	0
#SusPed	53.4962	84	0
#SusPed	53.6364	84	0
#SusPed	53.6551	81	0
#SusPed	53.6752	74	0
#SusPed	53.6952	62	0
#SusPed	53.7139	0	0
#SusPed	54.3803	32	0
#SusPed	54.399	59	0
#SusPed	54.419	63	0
#SusPed	54.5178	62	0
#SusPed	54.5566	62	0
#SusPed	54.5766	61	0
#SusPed	54.5966	60	0
#SusPed	54.6167	58	0
#SusPed	54.6367	57	0
#SusPed	54.6554	56	0
#SusPed	54.6754	56	0
#SusPed	54.8544	56	0
#SusPed	54.8744	57	0
#SusPed	54.9532	56	0
#SusPed	54.9933	57	0
#SusPed	55.032	56	0
#SusPed	55.0614	47	0
#SusPed	55.0814	0	0
#SusPed	55.2403	51	0
#SusPed	55.259	65	0
#SusPed	55.2791	66	0
#SusPed	55.3392	67	0
#SusPed	55.3592	68	0
#SusPed	55.3792	70	0
#SusPed	55.3993	73	0
#SusPed	55.4193	75	0
#SusPed	55.4393	77	0
#SusPed	55.4593	78	0
#SusPed	55.7358	77	0
#SusPed	55.7545	74	0
#SusPed	55.7745	65	0
#SusPed	55.7945	0	0
#SusPed	55.8947	59	0
#SusPed	55.9147	68	0
#SusPed	55.9334	72	0
#SusPed	55.9535	74	0
#SusPed	55.9735	76	0
#SusPed	55.9935	76	0
#SusPed	56.0122	77	0
#SusPed	56.0323	77	0
#SusPed	56.083	78	0
#SusPed	56.2005	78	0
#SusPed	56.3394	78	0
#SusPed	56.3795	77	0
#SusPed	56.3982	77	0
#SusPed	56.4195	73	0
#SusPed	56.4396	62	0
#SusPed	56.4596	0	0
#SusPed	56.6386	77	0
#SusPed	56.6573	91	0
#SusPed	56.6773	95	0
#SusPed	56.7574	96	0
#SusPed	56.7775	96	0
#SusPed	57.1233	97	0
#SusPed	57.1634	97	0
#SusPed	57.1834	98	0
#SusPed	57.2021	99	0
#SusPed	57.2222	99	0
#SusPed	57.2422	100	0
#SusPed	57.2622	100	0
#SusPed	57.2823	101	0
#SusPed	57.301	102	0
#SusPed	57.321	103	0
#SusPed	57.341	104	0
#SusPed	57.3611	105	0
#SusPed	57.3811	106	0
#SusPed	57.3998	106	0
#SusPed	57.4585	107	0
#SusPed	57.52	107	0
#SusPed	57.54	108	0
#SusPed	57.56	108	0
#SusPed	57.5801	109	0
#SusPed	57.5988	109	0
#SusPed	57.6388	110	0
#SusPed	57.6589	110	0
#SusPed	57.6976	111	0
#SusPed	57.7377	112	0
#SusPed	57.7764	112	0
#SusPed	57.8164	107	0
#SusPed	57.8365	88	0
#SusPed	57.8552	57	0
#SusPed	57.8752	0	0
#SusPed	57.954	66	0
#SusPed	57.974	77	0
#SusPed	57.9941	87	0
#SusPed	58.0128	91	0
#SusPed	58.0328	91	0
#SusPed	58.0622	92	0
#SusPed	58.0822	94	0
#SusPed	58.1022	95	0
#SusPed	58.1223	97	0
#SusPed	58.1423	98	0
#SusPed	58.1623	99	0
#SusPed	58.1824	100	0
#SusPed	58.2024	102	0
#SusPed	58.2224	103	0
#SusPed	58.2411	104	0
#SusPed	58.2612	105	0
#SusPed	58.2812	105	0
#SusPed	58.2999	106	0
#SusPed	58.4388	105	0
#SusPed	58.4575	97	0
#SusPed	58.4775	82	0
#SusPed	58.4975	63	0
#SusPed	58.5176	0	0
#SusPed	58.5977	65	0
#SusPed	58.6177	71	0
#SusPed	58.6378	76	0
#SusPed	58.6578	79	0
#SusPed	58.6778	80	0
#SusPed	58.8154	79	0
#SusPed	58.8354	77	0
#SusPed	58.8554	73	0
#SusPed	58.8755	68	0
#SusPed	58.8955	62	0
#SusPed	58.9155	44	0
#SusPed	58.9356	0	0
#SusPed	59.3603	34	0
#SusPed	59.3803	56	0
#SusPed	59.4003	64	0
#SusPed	59.4203	66	0
#SusPed	59.4404	68	0
#SusPed	59.4604	70	0
#SusPed	59.4804	72	0
#SusPed	59.4991	75	0
#SusPed	59.5192	77	0
#SusPed	59.5392	79	0
#SusPed	59.5579	80	0
#SusPed	59.5779	81	0
#SusPed	59.598	82	0
#SusPed	59.6193	83	0
#SusPed	59.6394	84	0
#SusPed	59.6594	85	0
#SusPed	59.6794	86	0
#SusPed	59.6981	87	0
#SusPed	59.7382	87	0
#SusPed	59.7582	88	0
#SusPed	59.7783	88	0
#SusPed	59.7969	89	0
#SusPed	59.817	89	0
#SusPed	59.8757	90	0
#SusPed	59.9358	90	0
#SusPed	60.2029	86	0
#SusPed	60.2216	74	0
#SusPed	60.2417	0	0
#SusPed	60.3405	40	0
#SusPed	60.3605	67	0
#SusPed	60.3805	75	0
#SusPed	60.3992	81	0
#SusPed	60.4193	84	0
#SusPed	60.4393	84	0
#SusPed	60.4593	85	0
#SusPed	60.4794	85	0
#SusPed	60.4994	86	0
#SusPed	60.5194	87	0
#SusPed	60.5395	88	0
#SusPed	60.5595	88	0
#SusPed	60.5982	89	0
#SusPed	60.6183	89	0
#SusPed	60.657	90	0
#SusPed	60.677	90	0
#SusPed	60.7585	91	0
#SusPed	60.8359	90	0
#SusPed	60.856	90	0
#SusPed	60.876	85	0
#SusPed	60.8947	74	0
#SusPed	60.9147	60	0
#SusPed	60.9348	0	0
#SusPed	61.0336	28	0
#SusPed	61.063	64	0
#SusPed	61.083	69	0
#SusPed	61.103	73	0
#SusPed	61.1231	77	0
#SusPed	61.1431	80	0
#SusPed	61.1618	82	0
#SusPed	61.1818	82	0
#SusPed	61.2406	83	0
#SusPed	61.2807	83	0
#SusPed	61.4182	82	0
#SusPed	61.4382	81	0
#SusPed	61.4583	79	0
#SusPed	61.4783	73	0
#SusPed	61.4983	63	0
#SusPed	61.5184	0	0
#SusPed	61.5972	41	0
#SusPed	61.6172	64	0
#SusPed	61.6372	68	0
#SusPed	61.6559	71	0
#SusPed	61.676	73	0
#SusPed	61.696	75	0
#SusPed	61.716	76	0
#SusPed	61.736	77	0
#SusPed	61.7574	78	0
#SusPed	61.7774	78	0
#SusPed	61.7961	79	0
#SusPed	62.0138	78	0
#SusPed	62.0339	75	0
#SusPed	62.0632	68	0
#SusPed	62.0833	29	0
#SusPed	62.1033	0	0
#SusPed	62.2021	58	0
#SusPed	62.2208	67	0
#SusPed	62.2409	70	0
#SusPed	62.2609	72	0
#SusPed	62.2809	73	0
#SusPed	62.301	74	0
#SusPed	62.3196	76	0
#SusPed	62.3397	77	0
#SusPed	62.3597	78	0
#SusPed	62.3797	79	0
#SusPed	62.3998	79	0
#SusPed	62.4585	80	0
#SusPed	62.4786	80	0
#SusPed	62.5173	81	0
#SusPed	62.7363	80	0
#SusPed	62.755	77	0
#SusPed	62.775	70	0
#SusPed	62.7951	25	0
#SusPed	62.8164	0	0
#SusPed	62.8952	46	0
#SusPed	62.9153	66	0
#SusPed	62.9353	71	0
#SusPed	62.9553	74	0
#SusPed	62.9754	76	0
#SusPed	62.9941	77	0
#SusPed	63.0141	78	0
#SusPed	63.0341	79	0
#SusPed	63.0822	79	0
#SusPed	63.1423	80	0
#SusPed	63.4	79	0
#SusPed	63.4588	79	0
#SusPed	63.4788	78	0
#SusPed	63.4989	75	0
#SusPed	63.5176	70	0
#SusPed	63.5376	60	0
#SusPed	63.5576	0	0
#SusPed	63.7352	26	0
#SusPed	63.7553	48	0
#SusPed	63.7753	53	0
#SusPed	63.7953	54	0
#SusPed	63.8154	57	0
#SusPed	63.8354	60	0
#SusPed	63.8541	62	0
#SusPed	63.8741	63	0
#SusPed	63.8955	63	0
#SusPed	63.9342	64	0
#SusPed	63.9743	64	0
#SusPed	64.1025	65	0
#SusPed	64.1225	64	0
#SusPed	64.1426	62	0
#SusPed	64.1613	41	0
#SusPed	64.1813	0	0
#SusPed	64.3015	52	0
#SusPed	64.3202	67	0
#SusPed	64.3402	72	0
#SusPed	64.3602	75	0
#SusPed	64.3803	77	0
#SusPed	64.4003	78	0
#SusPed	64.4203	79	0
#SusPed	64.439	80	0
#SusPed	64.4591	81	0
#SusPed	64.4791	82	0
#SusPed	64.4991	82	0
#SusPed	64.5192	83	0
#SusPed	64.5379	83	0
#SusPed	64.5579	84	0
#SusPed	64.5779	84	0
#SusPed	64.5966	85	0
#SusPed	64.6367	85	0
#SusPed	64.6768	86	0
#SusPed	64.7355	84	0
#SusPed	64.7555	79	0
#SusPed	64.7756	71	0
#SusPed	64.7943	55	0
#SusPed	64.8143	0	0
#SofPed	65.0146	12	0
#SofPed	65.0347	24	0
#SofPed	65.0654	42	0
#SofPed	65.0854	64	0
#SofPed	65.1041	86	0
#SofPed	65.1241	108	0
#SofPed	65.1442	124	0
#SofPed	65.1642	127	0
#SusPed	65.5782	37	0
#SusPed	65.5982	50	0
#SusPed	65.6183	52	0
#SusPed	65.697	52	0
#SusPed	65.7171	50	0
#SusPed	65.7371	44	0
#SusPed	65.7571	36	0
#SusPed	65.7772	25	0
#SusPed	65.7959	0	0
#SusPed	66.5584	52	0
#SusPed	66.5785	64	0
#SusPed	66.5985	67	0
#SusPed	66.6172	68	0
#SusPed	66.6372	70	0
#SusPed	66.6573	72	0
#SusPed	66.6773	74	0
#SusPed	66.6973	76	0
#SusPed	66.7173	77	0
#SusPed	66.8749	77	0
#SusPed	66.8936	75	0
#SusPed	66.9137	73	0
#SusPed	66.9337	68	0
#SusPed	66.9537	54	0
#SusPed	66.9738	0	0
#SusPed	67.1033	60	0
#SusPed	67.1233	67	0
#SusPed	67.1434	69	0
#SusPed	67.1634	71	0
#SusPed	67.2021	71	0
#SusPed	67.2222	72	0
#SusPed	67.2422	73	0
#SusPed	67.2622	73	0
#SusPed	67.4398	73	0
#SusPed	67.4986	72	0
#SusPed	67.5186	72	0
#SusPed	67.5574	71	0
#SusPed	67.5774	71	0
#SusPed	67.6175	70	0
#SusPed	67.6375	70	0
#SusPed	67.6562	69	0
#SusPed	67.7363	69	0
#SusPed	67.7563	68	0
#SusPed	67.7764	62	0
#SusPed	67.7964	0	0
#SusPed	69.3816	51	0
#SusPed	69.4003	64	0
#SusPed	69.4203	66	0
#SusPed	69.4404	67	0
#SusPed	69.4604	68	0
#SusPed	69.4804	69	0
#SusPed	69.5005	70	0
#SusPed	69.5205	71	0
#SusPed	69.6193	70	0
#SusPed	69.6394	70	0
#SusPed	69.6581	68	0
#SusPed	69.6781	64	0
#SusPed	69.6981	39	0
#SusPed	69.7168	0	0
#SusPed	69.9345	36	0
#SusPed	69.9545	55	0
#SusPed	69.9746	58	0
#SusPed	69.9933	59	0
#SusPed	70.0133	59	0
#SusPed	70.0333	61	0
#SusPed	70.064	62	0
#SusPed	70.0841	62	0
#SusPed	70.1428	62	0
#SusPed	70.1816	61	0
#SusPed	70.2804	61	0
#SusPed	70.3017	58	0
#SusPed	70.3218	47	0
#SusPed	70.3418	0	0
#SusPed	71.7975	54	0
#SusPed	71.8175	63	0
#SusPed	71.8349	65	0
#SusPed	71.8549	65	0
#SusPed	71.8749	66	0
#SusPed	71.895	67	0
#SusPed	71.915	68	0
#SusPed	71.9337	70	0
#SusPed	71.9537	73	0
#SusPed	71.9738	75	0
#SusPed	71.9938	76	0
#SusPed	72.0138	77	0
#SusPed	72.1821	77	0
#SusPed	72.2008	76	0
#SusPed	72.2208	75	0
#SusPed	72.2408	73	0
#SusPed	72.2609	71	0
#SusPed	72.2809	68	0
#SusPed	72.2996	63	0
#SusPed	72.3196	0	0
#SusPed	72.4799	61	0
#SusPed	72.4986	67	0
#SusPed	72.5186	70	0
#SusPed	72.5387	71	0
#SusPed	72.5587	72	0
#SusPed	72.5787	72	0
#SusPed	72.5974	73	0
#SusPed	72.6174	74	0
#SusPed	72.6375	74	0
#SusPed	72.934	74	0
#SusPed	72.954	70	0
#SusPed	72.974	62	0
#SusPed	72.9941	0	0
#SusPed	73.1223	14	0
#SusPed	73.1423	55	0
#SusPed	73.1623	58	0
#SusPed	73.1824	57	0
#SusPed	73.2411	57	0
#SusPed	73.2611	53	0
#SusPed	73.2812	26	0
#SusPed	73.2999	0	0
#SusPed	74.1626	14	0
#SusPed	74.2414	11	0
#SusPed	74.2814	20	0
#SusPed	74.3015	40	0
#SusPed	74.3215	55	0
#SusPed	74.3402	61	0
#SusPed	74.3602	63	0
#SusPed	74.3803	64	0
#SusPed	74.4404	64	0
#SusPed	74.4991	65	0
#SusPed	74.5592	65	0
#SusPed	74.6393	65	0
#SusPed	74.6594	64	0
#SusPed	74.6794	61	0
#SusPed	74.6981	52	0
#SusPed	74.7181	33	0
#SusPed	74.7382	0	0
#SusPed	75.2029	62	0
#SusPed	75.2216	66	0
#SusPed	75.2416	68	0
#SusPed	75.2617	69	0
#SusPed	75.2817	71	0
#SusPed	75.3004	74	0
#SusPed	75.3204	77	0
#SusPed	75.3405	79	0
#SusPed	75.3605	81	0
#SusPed	75.3992	81	0
#SusPed	75.7184	81	0
#SusPed	75.8172	80	0
#SusPed	75.896	80	0
#SusPed	75.9748	79	0
#SusPed	75.9948	79	0
#SusPed	76.0149	78	0
#SusPed	76.0349	75	0
#SusPed	76.0643	69	0
#SusPed	76.0843	58	0
#SusPed	76.1044	0	0
#SusPed	76.5584	26	0
#SusPed	76.5784	41	0
#SusPed	76.5985	41	0
#SusPed	76.6172	39	0
#SusPed	76.6372	34	0
#SusPed	76.6572	26	0
#SusPed	76.6773	22	0
#SusPed	76.6973	18	0
#SusPed	76.7173	16	0
#SusPed	76.7774	18	0
#SusPed	76.7975	20	0
#SusPed	76.8175	22	0
#SusPed	76.8549	23	0
#SusPed	76.9724	22	0
#SusPed	77.0325	23	0
#SusPed	77.0619	25	0
#SusPed	77.0819	26	0
#SusPed	77.1807	27	0
#SusPed	77.2208	29	0
#SusPed	77.2395	30	0
#SusPed	77.2796	29	0
#SusPed	77.2996	23	0
#SusPed	77.3183	14	0
#SusPed	77.3383	0	0
#SusPed	77.3784	11	0
#SusPed	77.4185	14	0
#SusPed	77.4385	18	0
#SusPed	77.4572	23	0
#SusPed	77.4772	36	0
#SusPed	77.4973	53	0
#SusPed	77.5173	62	0
#SusPed	77.5373	65	0
#SusPed	77.5573	67	0
#SusPed	77.5774	69	0
#SusPed	77.5961	71	0
#SusPed	77.6161	73	0
#SusPed	77.6361	76	0
#SusPed	77.6548	77	0
#SusPed	77.6749	77	0
#SusPed	77.6949	78	0
#SusPed	77.8752	77	0
#SusPed	77.8952	77	0
#SusPed	77.9153	76	0
#SusPed	77.9353	74	0
#SusPed	77.954	71	0
#SusPed	77.974	66	0
#SusPed	77.994	59	0
#SusPed	78.0141	42	0
#SusPed	78.0341	51	0
#SusPed	78.0635	60	0
#SusPed	78.0822	64	0
#SusPed	78.1022	67	0
#SusPed	78.1223	69	0
#SusPed	78.1423	71	0
#SusPed	78.1623	73	0
#SusPed	78.1823	74	0
#SusPed	78.2024	76	0
#SusPed	78.2224	76	0
#SusPed	78.2411	77	0
#SusPed	78.2611	77	0
#SusPed	78.4975	77	0
#SusPed	78.6364	76	0
#SusPed	78.6564	75	0
#SusPed	78.6765	70	0
#SusPed	78.6965	62	0
#SusPed	78.7152	0	0
#SusPed	78.8955	37	0
#SusPed	78.9142	36	0
#SusPed	78.9342	34	0
#SusPed	79.0344	34	0
#SusPed	79.0624	32	0
#SusPed	79.0825	31	0
#SusPed	79.1425	32	0
#SusPed	79.1612	34	0
#SusPed	79.1813	34	0
#SusPed	79.2213	34	0
#SusPed	79.2414	33	0
#SusPed	79.2614	32	0
#SusPed	79.3215	33	0
#SusPed	79.3402	34	0
#SusPed	79.439	34	0
#SusPed	79.4791	35	0
#SusPed	79.4991	36	0
#SusPed	79.5579	37	0
#SusPed	79.5779	46	0
#SusPed	79.5966	56	0
#SusPed	79.6166	63	0
#SusPed	79.6367	64	0
#SusPed	79.6567	65	0
#SusPed	79.8744	64	0
#SusPed	79.8944	58	0
#SusPed	79.9145	0	0
#SusPed	80.064	44	0
#SusPed	80.0841	66	0
#SusPed	80.1028	70	0
#SusPed	80.1228	73	0
#SusPed	80.1428	75	0
#SusPed	80.1615	75	0
#SusPed	80.1815	76	0
#SusPed	80.2016	76	0
#SusPed	80.3204	76	0
#SusPed	80.3405	73	0
#SusPed	80.3605	67	0
#SusPed	80.3805	46	0
#SusPed	80.4006	0	0
#SusPed	80.4393	37	0
#SusPed	80.4593	64	0
#SusPed	80.4794	70	0
#SusPed	80.4994	74	0
#SusPed	80.5194	76	0
#SusPed	80.5394	77	0
#SusPed	80.5595	78	0
#SusPed	80.5982	78	0
#SusPed	80.6182	79	0
#SusPed	81.2018	78	0
#SusPed	81.2219	75	0
#SusPed	81.2419	67	0
#SusPed	81.2606	0	0
#SusPed	82.4585	26	0
#SusPed	82.4786	57	0
#SusPed	82.4986	63	0
#SusPed	82.5173	65	0
#SusPed	82.5373	67	0
#SusPed	82.5573	68	0
#SusPed	82.5774	69	0
#SusPed	82.5974	71	0
#SusPed	82.6174	74	0
#SusPed	82.6375	77	0
#SusPed	82.6575	79	0
#SusPed	82.6762	80	0
#SusPed	82.7764	80	0
#SusPed	83.0141	80	0
#SusPed	83.0822	79	0
#SusPed	83.1035	78	0
#SusPed	83.1236	72	0
#SusPed	83.1436	63	0
#SusPed	83.1636	0	0
#SusPed	83.2424	43	0
#SusPed	83.2625	66	0
#SusPed	83.2825	69	0
#SusPed	83.3012	71	0
#SusPed	83.3212	72	0
#SusPed	83.3413	73	0
#SusPed	83.3613	74	0
#SusPed	83.3813	75	0
#SusPed	83.4014	76	0
#SusPed	83.6377	76	0
#SusPed	83.6778	75	0
#SusPed	83.7165	75	0
#SusPed	83.7366	74	0
#SusPed	83.7766	74	0
#SusPed	83.8154	73	0
#SusPed	83.8354	72	0
#SusPed	83.8554	71	0
#SusPed	83.8755	69	0
#SusPed	83.8955	64	0
#SusPed	83.9142	49	0
#SusPed	83.9342	0	0
#SusPed	84.9932	34	0
#SusPed	85.0133	52	0
#SusPed	85.0333	61	0
#SusPed	85.0627	64	0
#SusPed	85.0827	65	0
#SusPed	85.1027	67	0
#SusPed	85.1228	68	0
#SusPed	85.1428	69	0
#SusPed	85.1615	72	0
#SusPed	85.1815	74	0
#SusPed	85.2016	76	0
#SusPed	85.2229	77	0
#SusPed	85.4006	77	0
#SusPed	85.4206	76	0
#SusPed	85.4406	75	0
#SusPed	85.4593	73	0
#SusPed	85.4793	70	0
#SusPed	85.4994	65	0
#SusPed	85.5194	41	0
#SusPed	85.5394	0	0
#SusPed	85.6383	42	0
#SusPed	85.6583	65	0
#SusPed	85.6783	70	0
#SusPed	85.6984	72	0
#SusPed	85.7184	74	0
#SusPed	85.7371	75	0
#SusPed	85.7571	77	0
#SusPed	85.7772	78	0
#SusPed	85.7972	80	0
#SusPed	85.8172	81	0
#SusPed	85.8346	81	0
#SusPed	86.8562	81	0
#SusPed	86.9938	80	0
#SusPed	87.0138	79	0
#SusPed	87.0338	74	0
#SusPed	87.0632	66	0
#SusPed	87.0832	0	0
#SusPed	87.9753	54	0
#SusPed	87.9954	65	0
#SusPed	88.0154	69	0
#SusPed	88.0341	72	0
#SusPed	88.0635	74	0
#SusPed	88.0835	76	0
#SusPed	88.1022	76	0
#SusPed	88.1222	77	0
#SusPed	88.1623	77	0
#SusPed	88.1823	79	0
#SusPed	88.2024	80	0
#SusPed	88.2224	82	0
#SusPed	88.2424	83	0
#SusPed	88.2812	80	0
#SusPed	88.3012	72	0
#SusPed	88.3212	46	0
#SusPed	88.3413	0	0
#SusPed	90.7184	48	0
#SusPed	90.7384	61	0
#SusPed	90.7571	64	0
#SusPed	90.7772	65	0
#SusPed	90.7972	67	0
#SusPed	90.8172	68	0
#SusPed	90.8372	71	0
#SusPed	90.8573	75	0
#SusPed	90.8773	78	0
#SusPed	90.8973	81	0
#SusPed	90.9174	82	0
#SusPed	90.9374	83	0
#SusPed	91.322	82	0
#SusPed	91.3421	82	0
#SusPed	91.3621	81	0
#SusPed	91.3821	79	0
#SusPed	91.4008	76	0
#SusPed	91.4208	67	0
#SusPed	91.4409	28	0
#SusPed	91.4596	0	0
#SusPed	91.5397	61	0
#SusPed	91.5584	67	0
#SusPed	91.5784	69	0
#SusPed	91.5985	70	0
#SusPed	91.6399	71	0
#SusPed	91.6599	71	0
#SusPed	91.7387	71	0
#SusPed	91.7975	70	0
#SusPed	91.8362	70	0
#SusPed	91.8562	69	0
#SusPed	91.9751	69	0
#SusPed	91.9951	68	0
#SusPed	92.0151	65	0
#SusPed	92.0338	39	0
#SusPed	92.0632	0	0
#SusPed	93.2237	56	0
#SusPed	93.2424	64	0
#SusPed	93.2625	66	0
#SusPed	93.2825	67	0
#SusPed	93.3025	68	0
#SusPed	93.3226	69	0
#SusPed	93.3413	72	0
#SusPed	93.3613	74	0
#SusPed	93.3813	76	0
#SusPed	93.4013	77	0
#SusPed	93.4214	78	0
#SusPed	93.4815	78	0
#SusPed	93.5202	79	0
#SusPed	93.818	77	0
#SusPed	93.8367	72	0
#SusPed	93.8567	61	0
#SusPed	93.8768	0	0
#SusPed	93.9743	61	0
#SusPed	93.9943	67	0
#SusPed	94.0143	69	0
#SusPed	94.0344	70	0
#SusPed	94.0637	71	0
#SusPed	94.0838	72	0
#SusPed	94.1038	73	0
#SusPed	94.1238	75	0
#SusPed	94.1439	75	0
#SusPed	94.2227	76	0
#SusPed	94.3602	75	0
#SusPed	94.3802	73	0
#SusPed	94.4003	66	0
#SusPed	94.4203	0	0
#SusPed	95.6957	36	0
#SusPed	95.7157	60	0
#SusPed	95.7357	64	0
#SusPed	95.7544	65	0
#SusPed	95.7745	66	0
#SusPed	95.7945	68	0
#SusPed	95.8145	71	0
#SusPed	95.8359	73	0
#SusPed	95.8546	76	0
#SusPed	95.8746	79	0
#SusPed	95.896	80	0
#SusPed	95.916	80	0
#SusPed	95.9561	81	0
#SusPed	95.9761	81	0
#SusPed	96.2032	81	0
#SusPed	96.2232	80	0
#SusPed	96.2432	79	0
#SusPed	96.2619	75	0
#SusPed	96.282	66	0
#SusPed	96.302	0	0
#SusPed	96.4008	60	0
#SusPed	96.4195	67	0
#SusPed	96.4395	70	0
#SusPed	96.4596	71	0
#SusPed	96.4796	73	0
#SusPed	96.4996	74	0
#SusPed	96.5183	75	0
#SusPed	96.5384	76	0
#SusPed	96.6773	76	0
#SusPed	96.7173	75	0
#SusPed	96.7574	75	0
#SusPed	96.7961	74	0
#SusPed	96.8161	71	0
#SusPed	96.8362	65	0
#SusPed	96.8549	0	0
#SusPed	97.8164	57	0
#SusPed	97.8364	62	0
#SusPed	97.8752	61	0
#SusPed	97.9152	61	0
#SusPed	98.1436	60	0
#SusPed	98.1823	59	0
#SusPed	98.2024	58	0
#SusPed	98.2224	56	0
#SusPed	98.2424	55	0
#SusPed	98.2625	54	0
#SusPed	98.2825	53	0
#SusPed	98.3813	53	0
#SusPed	98.4214	52	0
#SusPed	98.4601	52	0
#SusPed	98.4801	51	0
#SusPed	98.5002	49	0
#SusPed	98.5202	48	0
#SusPed	98.5389	49	0
#SusPed	98.5589	54	0
#SusPed	98.579	60	0
#SusPed	98.599	62	0
#SusPed	98.6177	64	0
#SusPed	98.6377	66	0
#SusPed	98.6578	68	0
#SusPed	98.6778	70	0
#SusPed	98.6965	72	0
#SusPed	98.7165	75	0
#SusPed	98.7365	77	0
#SusPed	98.7566	78	0
#SusPed	98.7766	79	0
#SusPed	98.8354	79	0
#SusPed	99.0824	79	0
#SusPed	99.1038	78	0
#SusPed	99.1238	78	0
#SusPed	99.1439	77	0
#SusPed	99.1639	75	0
#SusPed	99.1839	71	0
#SusPed	99.2026	64	0
#SusPed	99.2227	0	0
#SusPed	99.3014	34	0
#SusPed	99.3215	64	0
#SusPed	99.3415	67	0
#SusPed	99.3602	68	0
#SusPed	99.4003	69	0
#SusPed	99.4203	70	0
#SusPed	99.4403	71	0
#SusPed	99.4604	71	0
#SusPed	99.4804	72	0
#SusPed	99.658	71	0
#SusPed	99.6981	70	0
#SusPed	99.7168	66	0
#SusPed	99.7368	60	0
#SusPed	99.7568	0	0
#SusPed	100.459	25	0
#SusPed	100.479	36	0
#SusPed	100.499	44	0
#SusPed	100.519	49	0
#SusPed	100.539	52	0
#SusPed	100.559	52	0
#SusPed	100.579	53	0
#SusPed	100.598	55	0
#SusPed	100.618	56	0
#SusPed	100.638	56	0
#SusPed	100.658	57	0
#SusPed	100.737	58	0
#SusPed	100.777	58	0
#SusPed	100.915	59	0
#SusPed	100.935	60	0
#SusPed	100.955	60	0
#SusPed	100.975	61	0
#SusPed	100.993	62	0
#SusPed	101.143	61	0
#SusPed	101.182	61	0
#SusPed	101.223	60	0
#SusPed	101.243	59	0
#SusPed	101.263	58	0
#SusPed	101.283	57	0
#SusPed	101.302	56	0
#SusPed	101.322	54	0
#SusPed	101.342	52	0
#SusPed	101.361	50	0
#SusPed	101.381	49	0
#SusPed	101.401	48	0
#SusPed	101.578	49	0
#SusPed	101.598	51	0
#SusPed	101.618	53	0
#SusPed	101.637	56	0
#SusPed	101.657	58	0
#SusPed	101.677	59	0
#SusPed	101.697	61	0
#SusPed	101.717	62	0
#SusPed	101.737	63	0
#SusPed	101.777	63	0
#SusPed	101.836	63	0
#SusPed	101.895	62	0
#SusPed	101.915	62	0
#SusPed	101.935	61	0
#SusPed	101.955	60	0
#SusPed	101.975	60	0
#SusPed	101.994	59	0
#SusPed	102.014	58	0
#SusPed	102.034	57	0
#SusPed	102.083	57	0
#SusPed	102.202	57	0
#SusPed	102.281	58	0
#SusPed	102.5	57	0
#SusPed	102.579	57	0
#SusPed	102.619	56	0
#SusPed	102.639	56	0
#SusPed	103.261	56	0
#SusPed	103.341	57	0
#SusPed	103.54	57	0
#SusPed	103.619	58	0
#SusPed	103.757	57	0
#SusPed	104.085	57	0
#SusPed	104.203	56	0
#SusPed	104.261	56	0
#SusPed	104.38	55	0
#SusPed	104.482	55	0
#SusPed	104.5	54	0
#SusPed	104.639	54	0
#SusPed	106.697	54	0
#SusPed	106.995	55	0
#SusPed	107.341	54	0
#SusPed	108.222	54	0
#SusPed	108.499	53	0
#SusPed	108.676	53	0
#SusPed	108.937	52	0
#SusPed	109.105	52	0
#SusPed	109.362	51	0
#SusPed	109.42	51	0
#SusPed	109.5	50	0
#SusPed	109.52	48	0
#SusPed	109.54	48	0
#SusPed	109.559	47	0
#SusPed	109.599	48	0
#SusPed	109.619	49	0
#SusPed	109.639	47	0
#SusPed	109.658	46	0
#SusPed	109.718	45	0
#SusPed	109.738	45	0
#SusPed	109.76	44	0
#SusPed	109.897	44	0
#SusPed	110.036	44	0
#SusPed	110.124	45	0
#SusPed	110.223	45	0
#SusPed	110.401	46	0
#SusPed	110.658	46	0
#SusPed	110.738	47	0
#SusPed	110.777	47	0
#SusPed	110.817	48	0
#SusPed	110.856	48	0
#SusPed	111.143	48	0
#SusPed	111.379	48	0
#SusPed	111.478	49	0
#SusPed	111.498	49	0
#SusPed	111.617	50	0
#SusPed	111.716	49	0
#SusPed	111.755	49	0
#SusPed	112.162	48	0
#SusPed	112.38	49	0
#SusPed	112.418	49	0
#SusPed	112.678	49	0
#SusPed	112.716	48	0
#SusPed	113.065	48	0
#SusPed	113.085	47	0
#SusPed	113.104	47	0
#SusPed	113.144	46	0
#SusPed	113.182	46	0
#SusPed	113.202	45	0
#SusPed	113.242	45	0
#SusPed	113.262	44	0
#SusPed	113.321	44	0
#SusPed	113.539	43	0
#SusPed	113.757	43	0
#SusPed	113.854	42	0
#SusPed	113.874	42	0
#SusPed	113.894	41	0
#SusPed	113.914	41	0
#SusPed	113.953	41	0
#SusPed	113.973	44	0
#SusPed	113.993	43	0
#SusPed	114.013	42	0
#SusPed	114.034	41	0
#SusPed	114.064	40	0
#SusPed	114.084	37	0
#SusPed	114.102	36	0
#SusPed	114.122	34	0
#SusPed	114.143	34	0
#SusPed	114.161	31	0
#SusPed	114.181	18	0
#SusPed	114.201	0	0
#SofPed	115.835	121	0
#SofPed	115.855	111	0
#SofPed	115.875	102	0
#SofPed	115.893	95	0
#SofPed	115.913	87	0
#SofPed	115.933	78	0
#SofPed	115.953	69	0
#SofPed	115.973	60	0
#SofPed	115.993	51	0
#SofPed	116.014	42	0
#SofPed	116.032	34	0
#SofPed	116.062	26	0
#SofPed	116.082	21	0
#SofPed	116.102	16	0
#SofPed	116.122	11	0
#SofPed	116.142	0	0
