//Version: PianoRoll_v170101
0	0.508547	0.913462	G#4	43	49	0
1	0.53953	2.13248	G#3	42	39	0
2	0.553419	1.15385	B3	39	31	0
3	0.774573	1.02351	Bb4	54	57	0
4	1.00855	1.25321	B4	55	63	0
5	1.02992	1.58654	Eb4	40	35	0
6	1.23932	1.57586	G#4	54	45	0
7	1.47543	2.05556	Bb4	64	52	0
8	1.48291	2.09722	C#4	42	34	0
9	1.7094	2.09188	C#5	68	60	0
10	1.98611	3.90278	G3	40	45	0
11	2.01603	2.61859	E5	54	56	0
12	2.51923	3.15278	Eb5	51	56	0
13	2.53419	3.12607	B3	41	36	0
14	3.03312	3.5812	Bb3	40	55	0
15	3.03633	3.61646	C#5	45	59	0
16	3.55129	4.14103	B4	51	63	0
17	3.56517	3.88248	G#3	27	43	0
18	3.80663	4.05022	Bb3	48	56	0
19	4.06197	4.83441	G#5	65	58	0
20	4.06945	4.80449	Eb5	53	30	0
21	4.07586	4.29274	B3	40	58	0
22	4.28847	4.58013	G#3	53	50	0
23	4.52671	4.80449	Bb3	53	61	0
24	4.52992	5.24146	C#5	60	59	0
25	4.53206	5.29595	Bb4	47	44	0
26	4.75748	5.23612	C#4	54	36	0
27	5.12394	6.45513	G5	50	64	0
28	5.13996	5.72971	E4	43	40	0
29	5.64744	6.16667	B4	47	53	0
30	5.6624	6.83868	Eb4	39	24	0
31	6.14637	6.40172	Bb4	46	63	0
32	6.16667	6.68163	C#4	34	31	0
33	6.70086	8.38676	B3	38	44	0
34	6.76603	7.14103	G#5	54	45	0
35	6.80449	7.18697	Eb5	24	46	0
36	7.02992	7.34723	Bb5	69	60	0
37	7.28633	8.06945	B5	63	61	0
38	7.30236	8.30129	G#4	43	48	0
39	7.52672	7.88035	Eb5	56	41	0
40	7.74894	8.54702	C#4	48	42	0
41	7.75428	8.05343	E5	56	61	0
42	7.97757	8.3045	G#5	68	62	0
43	8.23932	9.34616	Bb3	45	55	0
44	8.26176	8.61753	F#5	61	51	0
45	8.49573	8.82693	G#5	71	57	0
46	8.75428	9.61433	Bb5	64	50	0
47	8.78099	9.94339	F#4	43	53	0
48	8.98291	9.4327	C#5	52	34	0
49	9.23078	9.50215	Eb5	53	61	0
50	9.23291	10.3141	B3	45	51	0
51	9.47971	9.73398	F#5	59	58	0
52	9.70086	10.437	G#3	42	64	0
53	9.71262	10.0534	E5	55	56	0
54	9.98185	10.3109	F#5	68	54	0
55	10.2393	11.0224	G#5	58	60	0
56	10.2468	11.2607	E4	54	63	0
57	10.4925	10.7874	B4	57	56	0
58	10.734	10.9776	C#5	52	61	0
59	10.7361	11.2511	E3	52	62	0
60	10.9583	11.2703	E5	59	60	0
61	11.1923	11.7297	F#3	41	60	0
62	11.1987	11.4445	Bb4	52	58	0
63	11.4455	11.7105	B4	63	62	0
64	11.6827	11.9519	C#5	66	63	0
65	11.6891	12.2019	G#3	46	36	0
66	11.6913	12.2051	Eb4	42	36	0
67	11.9231	12.3761	F#4	61	58	0
68	12.187	12.8024	C#4	39	36	0
69	12.2009	12.6432	Bb3	35	59	0
70	12.2126	12.5235	C#5	60	63	0
71	12.4797	12.7628	E5	59	60	0
72	12.7554	13.0427	B3	47	58	0
73	12.7607	13.0855	Eb5	55	48	0
74	13.0224	13.2628	C#4	47	59	0
75	13.0224	13.3024	E5	60	57	0
76	13.266	13.5908	F#5	60	53	0
77	13.2757	13.6004	Eb4	50	47	0
78	13.5086	13.9039	Eb5	62	35	0
79	13.5139	13.8536	B3	54	52	0
80	13.7489	14.1165	C#4	58	51	0
81	13.7596	14.0417	E5	63	56	0
82	13.9872	14.3366	E4	62	63	0
83	13.9893	14.3152	G#5	59	60	0
84	14.2778	14.5791	B4	52	48	0
85	14.2789	14.8472	G#4	58	53	0
86	14.5513	14.797	Bb4	55	60	0
87	14.7821	15.2789	F#4	47	55	0
88	14.7853	15.0695	B4	46	59	0
89	15.0331	15.2927	Bb4	54	59	0
90	15.2778	15.5577	B4	46	65	0
91	15.2927	15.5064	E4	40	64	0
92	15.5481	15.9754	C#5	51	59	0
93	15.796	16.1485	B2	41	35	0
94	15.8227	16.2799	Eb4	45	50	0
95	16.078	16.3259	C#3	52	56	0
96	16.078	16.313	E4	49	57	0
97	16.3034	16.5737	Eb3	52	58	0
98	16.3152	17.1015	B4	58	63	0
99	16.3216	16.5705	F#4	30	36	0
100	16.5492	16.8889	B2	51	50	0
101	16.5598	16.9391	Eb4	55	36	0
102	16.8024	17.1731	E4	55	49	0
103	16.8034	17.1047	C#3	59	59	0
104	17.0374	17.4274	E3	55	64	0
105	17.0577	17.4915	G#4	61	53	0
106	17.3718	19.2928	C#4	43	60	0
107	17.3729	18.0214	G#3	54	37	0
108	17.6742	17.9487	B4	59	62	0
109	17.9199	18.4199	F#3	51	56	0
110	17.9263	18.2286	Bb4	68	60	0
111	18.1763	18.468	B4	71	62	0
112	18.3942	18.8761	E3	44	58	0
113	18.4135	18.7308	C#5	67	59	0
114	18.6549	18.9754	Bb4	69	63	0
115	18.8942	19.1816	Eb3	42	51	0
116	18.9274	20.4754	F#4	56	61	0
117	19.1635	19.4178	E3	47	61	0
118	19.4242	19.6613	F#3	50	61	0
119	19.4413	19.6752	B3	57	62	0
120	19.6549	19.8611	A3	62	55	0
121	19.6603	19.9487	Eb3	56	53	0
122	19.9007	20.203	F3	57	53	0
123	19.9156	20.1667	C#4	64	49	0
124	20.1378	20.2874	B3	66	57	0
125	20.1475	20.4519	G#3	66	60	0
126	20.4103	20.6827	D4	52	62	0
127	20.4242	21.1763	B3	63	56	0
128	20.6806	20.9316	F4	60	61	0
129	20.9274	21.2126	F#4	64	62	0
130	20.9295	21.4316	A3	50	52	0
131	20.9477	21.5203	C#4	49	51	0
132	21.1763	21.4594	F4	60	61	0
133	21.422	22.0641	B3	47	39	0
134	21.4327	21.7158	F#4	59	56	0
135	21.4648	22.0118	G#3	39	42	0
136	21.6945	22.0064	G#4	56	46	0
137	21.9071	22.5705	F#3	37	31	0
138	21.999	22.3964	C#4	50	36	0
139	22.2457	22.484	Eb4	51	58	0
140	22.4797	22.7842	A3	42	56	0
141	22.484	22.7308	E4	56	62	0
142	22.719	22.9231	G#3	55	61	0
143	22.7222	23.1229	C#4	62	35	0
144	22.9562	23.3034	Eb4	66	56	0
145	22.969	23.1742	A3	50	54	0
146	23.1934	23.5684	F#4	68	55	0
147	23.1966	23.4552	F#3	50	58	0
148	23.468	24.1528	A4	69	57	0
149	23.4904	23.7158	C4	44	62	0
150	23.734	24.0534	F#3	51	37	0
151	23.9552	24.5898	G#4	66	57	0
152	23.9626	24.25	E3	53	59	0
153	23.9925	24.6517	C#4	43	37	0
154	24.2105	24.4658	Eb3	56	59	0
155	24.4487	25.0887	F#4	66	58	0
156	24.4584	24.7607	C#3	49	56	0
157	24.469	24.8569	Eb4	56	34	0
158	24.7009	24.765	C3	59	61	0
159	24.9637	26.0289	E4	60	66	0
160	24.9936	25.2618	G#3	56	60	0
161	24.9958	26.1913	C#3	50	65	0
162	25.2297	25.5128	Bb3	63	61	0
163	25.468	25.8034	B3	68	61	0
164	25.7009	25.9701	G#3	66	58	0
165	25.9658	26.1624	Bb3	56	65	0
166	25.9658	26.374	C#5	70	63	0
167	26.2543	26.6763	C#4	64	61	0
168	26.4701	26.7233	G2	49	65	0
169	26.5834	28.499	Bb4	65	55	0
170	26.5908	27.1945	E4	56	51	0
171	26.9092	27.1411	C#4	39	34	0
172	27.14	27.4466	Eb4	59	61	0
173	27.1549	27.3889	B3	49	50	0
174	27.3846	27.6624	Bb3	49	35	0
175	27.6325	28.0331	C#4	54	62	0
176	27.6357	27.8718	G#3	50	61	0
177	27.8825	28.2073	G3	42	35	0
178	28.1656	29.3857	B3	50	61	0
179	28.1966	29.5663	G#3	38	52	0
180	28.4242	28.6346	G#4	52	59	0
181	28.6411	28.8814	G4	54	62	0
182	28.8868	29.4156	Bb4	63	54	0
183	29.1411	29.5075	G#4	57	58	0
184	29.3846	29.797	F4	54	59	0
185	29.6763	30.2757	D4	49	59	0
186	29.6987	31.8611	Bb3	36	37	0
187	29.9295	30.3034	G#3	55	37	0
188	30.1549	30.7607	Eb4	57	54	0
189	30.1763	30.4958	F#3	53	37	0
190	30.3943	30.7479	F3	57	56	0
191	30.6432	31.2361	F4	58	57	0
192	30.6688	30.9306	Eb3	51	66	0
193	30.8985	31.2393	D3	54	56	0
194	31.1475	32.3344	F#4	58	60	0
195	31.1624	31.4274	Eb3	39	59	0
196	31.4103	31.6539	F3	52	63	0
197	31.6581	32.7511	Eb4	55	61	0
198	31.671	31.9712	F#3	50	48	0
199	31.9039	32.3323	Bb2	56	37	0
200	32.1453	33.3323	G#3	60	54	0
201	32.1592	32.4584	B2	51	57	0
202	32.3932	32.7105	Eb3	51	58	0
203	32.6346	34.2703	F4	50	60	0
204	32.6731	32.9616	C#3	55	56	0
205	32.9178	33.1432	Eb3	51	63	0
206	33.1432	33.8291	C#4	58	63	0
207	33.1688	33.4861	F3	51	52	0
208	33.3825	33.7725	G#2	51	37	0
209	33.6282	33.9423	Bb2	54	54	0
210	33.6379	34.2938	F#3	58	62	0
211	33.8729	34.1667	C#3	63	57	0
212	34.1314	34.6998	Eb4	62	58	0
213	34.1528	34.4413	B2	54	58	0
214	34.4017	34.6774	C#3	58	62	0
215	34.6389	35.5791	B3	62	59	0
216	34.6475	35.0502	Eb3	53	51	0
217	34.8782	35.2746	Eb4	59	51	0
218	34.8921	35.1742	F#2	57	57	0
219	35.0983	35.3579	G#2	54	61	0
220	35.1282	35.5086	F4	68	63	0
221	35.343	35.6272	B2	56	57	0
222	35.406	35.7543	F#4	65	62	0
223	35.5898	36.2329	D2	52	54	0
224	35.6955	36.5086	G#4	69	59	0
225	36.0203	36.2319	B3	56	63	0
226	36.2725	36.952	Bb3	52	36	0
227	36.2842	36.7597	D3	45	55	0
228	36.5278	36.8665	D4	58	54	0
229	36.7532	37.3216	Bb2	49	52	0
230	36.7618	37.0193	F4	59	64	0
231	36.9872	37.3312	G#4	67	58	0
232	37.2116	37.5844	Eb3	42	51	0
233	37.2735	37.7607	F#4	61	54	0
234	37.5139	37.7415	F3	52	65	0
235	37.5428	37.9488	Bb3	60	53	0
236	37.7703	38.1347	Eb4	64	36	0
237	37.7767	38.0086	F#3	62	56	0
238	37.999	38.3323	F#4	66	54	0
239	38.0182	38.3184	Eb3	59	50	0
240	38.2372	38.5812	F3	64	62	0
241	38.2554	38.5545	G#4	65	53	0
242	38.484	38.8782	G#3	70	63	0
243	38.5	38.7575	B4	60	64	0
244	38.7874	39.4349	B3	58	50	0
245	38.8013	40.0278	D4	37	59	0
246	38.8067	39.0043	F4	44	64	0
247	39.0332	39.1197	F#4	56	60	0
248	39.1571	39.2543	F4	56	62	0
249	39.2725	39.3676	F#4	56	61	0
250	39.2874	39.7853	Bb3	46	52	0
251	39.3932	39.4658	F4	50	63	0
252	39.4829	39.5524	F#4	47	64	0
253	39.578	39.6411	F4	46	64	0
254	39.672	39.7329	F#4	43	60	0
255	39.7543	40.2853	G#3	42	36	0
256	39.7618	39.8195	F4	43	65	0
257	39.8441	39.9028	F#4	53	61	0
258	39.9349	39.9861	F4	55	66	0
259	40.0193	40.0823	F#4	46	60	0
260	40.1005	40.2351	F4	47	61	0
261	40.2767	40.6314	F#3	35	38	0
262	40.2778	40.6154	Eb4	42	50	0
263	40.5364	40.8206	F4	53	61	0
264	40.5535	40.8238	G#3	45	46	0
265	40.7928	41.0663	F#4	63	63	0
266	40.7938	41.0332	Bb3	44	52	0
267	41.0257	41.5225	Eb4	63	24	0
268	41.0396	41.4306	F#3	49	56	0
269	41.2607	41.4765	G#3	52	62	0
270	41.2639	41.8558	F4	65	59	0
271	41.5011	41.8441	G#4	69	61	0
272	41.5032	41.796	B3	41	33	0
273	41.6998	42.0738	D3	44	58	0
274	41.7896	42.3879	B4	63	60	0
275	42.0353	42.2853	Eb3	49	61	0
276	42.2725	42.7853	Bb4	68	63	0
277	42.3013	42.5321	F3	52	48	0
278	42.5032	42.8099	Bb2	51	36	0
279	42.7383	43.4573	G#4	67	57	0
280	42.75	43.0278	D3	54	61	0
281	43.0107	43.0695	F3	56	66	0
282	43.3398	44.3633	F#4	55	46	0
283	43.3515	43.6315	Eb4	49	61	0
284	43.3633	44.656	Eb3	30	55	0
285	43.6261	43.9221	C#4	67	62	0
286	43.8804	44.4274	B3	71	60	0
287	44.1186	44.3975	Eb4	67	63	0
288	44.3729	45.1902	C#4	58	39	0
289	44.5919	45.2105	G#4	68	53	0
290	44.6069	44.9317	Bb3	57	57	0
291	44.8547	45.5054	G3	52	60	0
292	44.8644	45.234	Bb4	62	52	0
293	44.89	46.0855	C#3	56	60	0
294	45.1218	45.4167	B4	65	62	0
295	45.375	45.9071	G#3	66	60	0
296	45.3804	45.6763	C#5	67	60	0
297	45.6229	45.9712	Bb4	70	54	0
298	45.8483	46.5353	Bb3	62	53	0
299	45.8697	46.2201	B4	66	56	0
300	46.1144	46.4594	C#5	74	62	0
301	46.3174	47.9167	B2	43	42	0
302	46.4167	46.8644	Eb5	69	52	0
303	46.6891	46.9402	C#5	69	60	0
304	46.9082	47.155	B4	61	64	0
305	46.9103	47.827	G#3	49	58	0
306	47.1453	47.6891	Eb5	68	34	0
307	47.3953	47.9327	C#5	65	61	0
308	47.4092	47.9947	E4	43	59	0
309	47.6272	48.0022	Bb4	65	61	0
310	47.8911	48.1785	Bb2	43	39	0
311	47.8964	48.4573	G4	50	54	0
312	48.1453	48.4584	C#3	57	35	0
313	48.3665	49.249	G#4	70	51	0
314	48.3825	48.6656	B2	51	58	0
315	48.3857	48.5994	Eb4	46	55	0
316	48.6026	48.9424	Bb2	61	37	0
317	48.8344	49.3686	Bb4	74	57	0
318	48.8409	49.1133	G#2	56	57	0
319	48.8505	49.2084	C#4	48	63	0
320	49.0983	49.2917	G2	58	62	0
321	49.3377	49.6731	B4	72	66	0
322	49.3483	49.6817	G#2	62	47	0
323	49.3836	49.6197	B3	48	62	0
324	49.5877	49.8889	F#2	60	57	0
325	49.6112	49.7094	Eb4	67	63	0
326	49.8248	50.093	E2	59	61	0
327	49.8366	50.3697	G#4	75	47	0
328	50.0706	50.4797	Bb4	78	47	0
329	50.0759	50.3847	G#2	57	36	0
330	50.2992	50.5342	F#2	61	58	0
331	50.3163	50.6015	C5	76	61	0
332	50.5182	50.7853	Eb2	59	57	0
333	50.5385	50.8932	C#5	78	57	0
334	50.7853	51.421	C2	47	41	0
335	50.827	51.984	Eb5	76	49	0
336	50.8547	51.1656	F#4	46	40	0
337	51.0866	51.3419	G#4	69	62	0
338	51.3302	51.5674	A4	72	66	0
339	51.3366	51.8227	C#2	59	59	0
340	51.5866	52.1838	F#4	66	63	0
341	51.8558	52.265	Eb2	52	39	0
342	51.8558	52.2864	C#5	76	62	0
343	52.1197	52.28	C5	77	65	0
344	52.3953	52.8045	E2	49	52	0
345	52.4402	52.8953	C#5	71	56	0
346	52.7212	53.0332	Eb5	76	64	0
347	52.7511	53.0406	F#2	54	48	0
348	52.9862	53.2725	G#2	54	36	0
349	52.9862	53.2233	E5	79	61	0
350	53.2105	53.546	C#5	81	59	0
351	53.2169	53.5524	E2	58	52	0
352	53.4541	53.7981	Eb5	79	62	0
353	53.4616	53.7084	F#2	53	58	0
354	53.7073	54.03	F#5	81	60	0
355	53.7127	53.9146	A2	48	50	0
356	53.9456	54.3483	Eb2	46	38	0
357	53.9883	54.5374	A5	76	60	0
358	54.0065	54.2543	C5	49	63	0
359	54.2543	54.5385	E2	46	41	0
360	54.4765	55.0855	G#5	84	63	0
361	54.4936	54.828	C#5	54	32	0
362	54.5043	54.7778	F#2	57	56	0
363	54.7447	54.9541	G#2	59	61	0
364	54.9947	55.2201	F#5	77	61	0
365	55.0043	55.3483	Bb2	49	34	0
366	55.2533	55.3174	C3	57	64	0
367	55.5417	55.937	C#3	49	53	0
368	55.6293	57.3548	E5	68	62	0
369	55.9071	56.1614	Eb3	42	64	0
370	56.171	56.8537	C#5	64	37	0
371	56.1924	56.4146	E3	41	57	0
372	56.4242	56.8857	C#3	45	34	0
373	56.671	57.2543	B4	59	58	0
374	56.6892	56.8836	E3	43	63	0
375	56.9157	57.1507	G#3	45	54	0
376	57.1624	57.4498	F#3	42	53	0
377	57.1902	58.9798	Bb4	61	55	0
378	57.4221	57.6678	G#3	53	60	0
379	57.6347	58.3441	F#5	71	56	0
380	57.6785	57.9146	Bb3	49	61	0
381	57.9124	58.1849	F#3	59	58	0
382	58.1689	58.7543	E5	70	65	0
383	58.1924	58.4071	Bb3	52	65	0
384	58.4392	58.6283	C#4	49	62	0
385	58.702	60.3708	Eb5	66	60	0
386	58.7052	59.0866	B2	47	37	0
387	58.9413	59.1977	C#3	49	57	0
388	59.1838	59.8847	B4	61	54	0
389	59.2063	59.4231	Eb3	39	61	0
390	59.4541	59.671	B2	45	52	0
391	59.6678	60.2597	Bb4	64	61	0
392	59.6934	59.9071	Eb3	38	60	0
393	59.9146	60.1272	F#3	49	57	0
394	60.1368	60.4424	E3	46	58	0
395	60.1721	61.5599	G#4	65	50	0
396	60.4125	60.6924	F#3	50	58	0
397	60.6753	61.2639	E5	66	60	0
398	60.6977	60.9135	G#3	45	61	0
399	60.9263	61.2287	E3	53	60	0
400	61.1507	61.7768	Eb5	71	65	0
401	61.2009	61.406	G#3	51	63	0
402	61.421	61.6614	B3	48	37	0
403	61.6689	63.3398	C#5	62	59	0
404	61.6753	62.0236	Bb2	47	32	0
405	61.937	62.2436	B2	49	48	0
406	62.1998	62.984	Bb4	66	24	0
407	62.2233	62.4637	C#3	50	54	0
408	62.4584	62.8099	Bb2	46	35	0
409	62.686	62.8964	C#3	45	55	0
410	62.6913	63.2597	G#4	59	57	0
411	62.9221	63.1731	E3	47	37	0
412	63.1539	63.5321	Eb3	34	42	0
413	63.2298	64.3377	G4	48	59	0
414	63.4851	63.7276	F3	42	64	0
415	63.7159	64.4082	Eb5	53	48	0
416	63.7597	63.9798	G3	39	48	0
417	63.9787	64.2639	Eb3	44	49	0
418	64.1988	64.436	G3	32	60	0
419	64.2148	65.0727	C#5	61	25	0
420	64.4808	64.7469	Bb3	43	36	0
421	64.7255	65.1037	G#3	44	50	0
422	64.7565	65.093	B4	53	61	0
423	64.7714	64.999	G#4	43	36	0
424	65.0321	65.2939	Bb4	59	56	0
425	65.0375	65.249	Bb3	44	59	0
426	65.2682	65.6315	G#4	61	44	0
427	65.2757	65.6593	B3	50	30	0
428	65.5054	65.8398	Eb3	45	36	0
429	65.515	65.8622	B4	63	60	0
430	65.7394	65.9926	E3	48	56	0
431	65.7618	66.0417	C#5	65	54	0
432	65.9947	66.2394	G#3	52	58	0
433	66.0043	66.3355	E5	67	59	0
434	66.2618	66.5375	F#3	47	53	0
435	66.2757	66.624	Bb4	55	57	0
436	66.5321	66.7704	G#3	55	60	0
437	66.5364	66.7907	G#4	65	63	0
438	66.7843	67.2212	F#4	59	41	0
439	66.7885	67.0567	Bb3	53	36	0
440	66.9979	67.4039	Bb4	67	51	0
441	67.0043	67.2907	C#3	54	50	0
442	67.2394	67.5001	Eb3	53	58	0
443	67.2543	67.5449	B4	68	64	0
444	67.4872	67.7447	F#3	58	58	0
445	67.4958	67.7682	Eb5	70	57	0
446	67.7276	68.0567	G#4	65	60	0
447	67.7287	68.0161	E3	57	61	0
448	67.9712	68.2917	Eb5	69	57	0
449	68.0033	68.2266	F#3	59	58	0
450	68.2276	68.4766	G#3	58	57	0
451	68.2276	68.4627	C#5	73	63	0
452	68.4584	68.7607	B4	71	60	0
453	68.4691	68.7885	B2	58	58	0
454	68.6999	69.0204	Bb4	73	57	0
455	68.7009	68.9563	C#3	60	58	0
456	68.9285	69.2202	G#4	71	62	0
457	68.936	69.2084	E3	60	60	0
458	69.1881	69.561	G4	66	56	0
459	69.1913	69.4851	Eb3	59	59	0
460	69.4424	69.718	F3	59	62	0
461	69.4424	69.7885	G#4	73	59	0
462	69.7105	70.1582	G3	47	44	0
463	69.7244	70.0118	Bb4	72	63	0
464	69.9755	70.3206	Bb2	48	34	0
465	69.983	70.3804	G4	60	55	0
466	70.2447	70.4969	B2	49	52	0
467	70.2522	71.1956	G#4	63	59	0
468	70.4894	70.8024	Eb3	51	53	0
469	70.5375	70.8911	B4	66	60	0
470	70.7736	71.2105	C#3	50	33	0
471	70.8655	71.1603	E5	63	52	0
472	71.1379	71.3954	Eb3	45	58	0
473	71.4103	71.7383	E5	72	57	0
474	71.4328	71.9381	E3	46	37	0
475	71.437	71.7533	G#4	47	61	0
476	71.6507	72.0075	B2	58	52	0
477	71.9061	72.1988	E5	74	60	0
478	71.9146	72.2298	C#3	66	49	0
479	71.9231	72.5919	G#4	66	52	0
480	72.1582	72.7853	E3	64	38	0
481	72.4114	72.702	E5	75	62	0
482	72.4189	72.8152	A2	53	57	0
483	72.4253	72.7554	C#5	68	61	0
484	72.6785	73.0866	C#3	72	54	0
485	72.936	73.2148	E5	79	60	0
486	72.9392	73.2629	C#5	70	64	0
487	72.9413	73.3505	E3	64	38	0
488	73.1934	73.7266	G#2	75	57	0
489	73.4712	73.7511	E5	79	62	0
490	73.4776	73.843	C#5	73	60	0
491	73.4926	74.0246	C#3	81	58	0
492	73.7939	74.3719	E3	80	59	0
493	74.2276	76.4595	E5	72	63	0
494	74.2405	74.7896	C#5	66	55	0
495	74.2608	76.9306	G2	56	63	0
496	74.6913	74.9883	B4	66	63	0
497	74.9648	75.2971	Bb4	68	59	0
498	75.2009	75.5717	C#5	70	58	0
499	75.4627	75.7789	B4	70	63	0
500	75.7287	75.9189	G#4	69	63	0
501	76.0674	77.6475	Bb4	72	47	0
502	76.4007	76.718	Eb5	66	63	0
503	76.6582	77.1881	C#5	74	63	0
504	76.9285	77.3206	Bb5	78	60	0
505	76.9531	77.2031	G3	50	65	0
506	77.2041	77.4969	E5	74	65	0
507	77.2202	77.4552	G#3	59	63	0
508	77.4445	77.7554	Bb3	58	59	0
509	77.4584	77.8195	C#5	79	62	0
510	77.7276	78.8558	B2	48	54	0
511	77.8014	78.3152	Eb5	70	50	0
512	78.0727	78.3687	C#5	67	59	0
513	78.3206	78.6026	B4	70	65	0
514	78.3291	78.5706	G#4	50	48	0
515	78.5781	78.9392	Eb5	67	51	0
516	78.8377	79.3793	E3	60	58	0
517	78.8409	79.1326	C#5	62	58	0
518	79.0952	79.3986	Bb4	66	61	0
519	79.3633	79.7266	B4	61	56	0
520	79.3644	79.9424	C#3	61	65	0
521	79.6443	80.0086	Bb4	70	58	0
522	79.9178	80.4926	Eb3	62	61	0
523	79.9221	80.2693	G#4	70	59	0
524	80.2084	80.6016	B4	67	58	0
525	80.4926	81.3099	Eb2	61	57	0
526	80.515	80.8516	Bb4	68	63	0
527	80.8452	81.3014	G4	59	62	0
528	81.1539	81.6475	G#2	45	36	0
529	81.2373	93.6208	G#4	67	17	0
530	81.5503	81.8345	Bb2	51	58	0
531	81.8174	83.1988	F#4	66	35	0
532	81.8441	82.1283	C3	55	54	0
533	82.0855	82.4883	G#2	51	53	0
534	82.3473	82.8355	C3	52	54	0
535	82.3687	83.0973	Eb4	59	36	0
536	82.6283	83.0407	Eb3	60	66	0
537	82.937	83.2597	C#4	54	61	0
538	82.9584	83.6849	F#3	57	49	0
539	83.2415	83.5706	C4	59	49	0
540	83.5044	84.2106	E3	61	62	0
541	83.5118	83.889	C#4	59	52	0
542	83.7811	84.1123	Eb4	64	60	0
543	84.0738	84.4691	E4	61	61	0
544	84.0749	84.9712	Eb3	58	58	0
545	84.3922	85.1967	F#4	65	14	0
546	84.7747	85.1454	E4	62	62	0
547	84.8078	89.2426	C#3	51	62	0
548	85.1048	85.4584	Eb4	61	59	0
549	85.3997	85.7533	C#4	55	51	0
550	85.6945	86.1849	E4	56	37	0
551	86.014	86.4627	C#4	49	56	0
552	86.3516	87.0856	Bb3	55	17	0
553	86.7597	87.6561	G3	50	60	0
554	87.1144	87.6635	E4	55	52	0
555	87.4766	87.9947	Eb4	58	57	0
556	87.5129	88.6037	G#3	49	60	0
557	87.8922	88.5054	C#4	58	62	0
558	88.4264	89.0653	C4	49	58	0
559	88.4691	89.4584	Bb3	32	47	0
560	88.9734	90.1165	C#4	55	35	0
561	89.8794	93.8516	Eb4	47	26	0
562	89.9168	93.5118	C4	38	25	0
563	89.936	93.4574	G#2	34	31	0
#SusPed	0.0576924	4	0
#SusPed	0.106838	9	0
#SusPed	0.155983	13	0
#SusPed	0.205128	18	0
#SusPed	0.254274	22	0
#SusPed	0.303419	27	0
#SusPed	0.352564	31	0
#SusPed	0.40171	36	0
#SusPed	0.512821	37	0
#SusPed	0.53312	37	0
#SusPed	0.553419	39	0
#SusPed	0.57265	40	0
#SusPed	0.592949	41	0
#SusPed	0.652778	41	0
#SusPed	0.673078	42	0
#SusPed	0.693377	42	0
#SusPed	0.753206	43	0
#SusPed	0.772437	44	0
#SusPed	0.792736	45	0
#SusPed	0.813035	46	0
#SusPed	0.852565	46	0
#SusPed	0.893163	47	0
#SusPed	1.09402	47	0
#SusPed	1.11432	46	0
#SusPed	1.13355	45	0
#SusPed	1.15385	45	0
#SusPed	1.17415	44	0
#SusPed	1.19445	44	0
#SusPed	1.21261	43	0
#SusPed	1.23291	42	0
#SusPed	1.25321	41	0
#SusPed	1.27244	41	0
#SusPed	1.33333	40	0
#SusPed	1.41346	38	0
#SusPed	1.43269	25	0
#SusPed	1.45299	0	0
#SusPed	1.61325	22	0
#SusPed	1.63248	27	0
#SusPed	1.65278	29	0
#SusPed	1.67308	33	0
#SusPed	1.69338	44	0
#SusPed	1.71261	49	0
#SusPed	1.73291	49	0
#SusPed	1.75321	48	0
#SusPed	1.83334	48	0
#SusPed	1.85257	47	0
#SusPed	1.87287	47	0
#SusPed	1.89316	46	0
#SusPed	1.91346	46	0
#SusPed	1.93269	45	0
#SusPed	1.95299	44	0
#SusPed	1.97329	43	0
#SusPed	1.99252	41	0
#SusPed	2.01282	38	0
#SusPed	2.03312	36	0
#SusPed	2.05342	36	0
#SusPed	2.09295	34	0
#SusPed	2.11325	30	0
#SusPed	2.13248	22	0
#SusPed	2.15278	0	0
#SusPed	3.17308	17	0
#SusPed	3.19338	37	0
#SusPed	3.21261	46	0
#SusPed	3.23291	48	0
#SusPed	3.33334	47	0
#SusPed	3.35257	47	0
#SusPed	3.37287	46	0
#SusPed	3.39317	45	0
#SusPed	3.41346	44	0
#SusPed	3.4327	44	0
#SusPed	3.45299	43	0
#SusPed	3.47329	42	0
#SusPed	3.49252	41	0
#SusPed	3.51282	41	0
#SusPed	3.53312	40	0
#SusPed	3.57265	39	0
#SusPed	3.59295	38	0
#SusPed	3.61325	37	0
#SusPed	3.63248	37	0
#SusPed	3.67308	36	0
#SusPed	3.69338	35	0
#SusPed	3.73291	35	0
#SusPed	3.91347	34	0
#SusPed	3.99253	34	0
#SusPed	4.07479	33	0
#SusPed	4.13462	32	0
#SusPed	4.15492	21	0
#SusPed	4.17522	0	0
#SusPed	4.41347	23	0
#SusPed	4.4327	35	0
#SusPed	4.453	43	0
#SusPed	4.47329	51	0
#SusPed	4.49253	55	0
#SusPed	4.51282	53	0
#SusPed	4.53312	36	0
#SusPed	4.55342	0	0
#SusPed	4.67308	36	0
#SusPed	4.69338	57	0
#SusPed	4.71261	60	0
#SusPed	4.77244	61	0
#SusPed	4.83334	60	0
#SusPed	4.87287	60	0
#SusPed	4.91347	59	0
#SusPed	4.953	59	0
#SusPed	4.9733	58	0
#SusPed	4.99253	58	0
#SusPed	5.01283	57	0
#SusPed	5.03312	56	0
#SusPed	5.05342	55	0
#SusPed	5.07372	54	0
#SusPed	5.09402	53	0
#SusPed	5.13355	53	0
#SusPed	5.19445	51	0
#SusPed	5.21475	43	0
#SusPed	5.23505	0	0
#SusPed	5.41454	20	0
#SusPed	5.43483	27	0
#SusPed	5.45513	38	0
#SusPed	5.47543	50	0
#SusPed	5.49466	55	0
#SusPed	5.51496	54	0
#SusPed	5.57479	55	0
#SusPed	5.59509	56	0
#SusPed	5.63462	55	0
#SusPed	5.65492	51	0
#SusPed	5.67522	43	0
#SusPed	5.69445	36	0
#SusPed	5.71475	37	0
#SusPed	5.73505	44	0
#SusPed	5.75535	51	0
#SusPed	5.77458	51	0
#SusPed	5.81518	52	0
#SusPed	5.83548	53	0
#SusPed	5.85471	54	0
#SusPed	5.87501	54	0
#SusPed	5.8953	53	0
#SusPed	5.93483	53	0
#SusPed	5.95513	52	0
#SusPed	5.97543	52	0
#SusPed	5.99466	52	0
#SusPed	6.01496	53	0
#SusPed	6.03526	54	0
#SusPed	6.09509	49	0
#SusPed	6.11539	32	0
#SusPed	6.13462	0	0
#SusPed	6.21154	27	0
#SusPed	6.23184	49	0
#SusPed	6.25214	59	0
#SusPed	6.27244	62	0
#SusPed	6.29167	62	0
#SusPed	6.31197	63	0
#SusPed	6.33227	63	0
#SusPed	6.63248	63	0
#SusPed	6.69231	62	0
#SusPed	6.75214	62	0
#SusPed	6.77244	61	0
#SusPed	6.79167	61	0
#SusPed	6.81197	60	0
#SusPed	6.8718	60	0
#SusPed	6.9124	59	0
#SusPed	6.99146	59	0
#SusPed	7.03206	58	0
#SusPed	7.11432	59	0
#SusPed	7.29167	57	0
#SusPed	7.31197	49	0
#SusPed	7.33227	36	0
#SusPed	7.3515	31	0
#SusPed	7.3718	32	0
#SusPed	7.3921	37	0
#SusPed	7.4124	42	0
#SusPed	7.43163	44	0
#SusPed	7.45193	48	0
#SusPed	7.47223	53	0
#SusPed	7.49146	56	0
#SusPed	7.51176	57	0
#SusPed	7.53206	58	0
#SusPed	7.55236	59	0
#SusPed	7.69231	60	0
#SusPed	7.71155	61	0
#SusPed	7.75214	59	0
#SusPed	7.77244	51	0
#SusPed	7.79167	39	0
#SusPed	7.81197	29	0
#SusPed	7.83227	29	0
#SusPed	7.8515	41	0
#SusPed	7.8718	56	0
#SusPed	7.8921	61	0
#SusPed	7.9124	61	0
#SusPed	7.93163	62	0
#SusPed	7.95193	62	0
#SusPed	7.97223	63	0
#SusPed	8.07159	62	0
#SusPed	8.09189	62	0
#SusPed	8.13249	61	0
#SusPed	8.17202	61	0
#SusPed	8.19232	60	0
#SusPed	8.21155	60	0
#SusPed	8.23185	59	0
#SusPed	8.31197	60	0
#SusPed	8.33227	59	0
#SusPed	8.3515	56	0
#SusPed	8.3718	50	0
#SusPed	8.3921	45	0
#SusPed	8.4124	44	0
#SusPed	8.43163	49	0
#SusPed	8.45193	54	0
#SusPed	8.47223	56	0
#SusPed	8.49146	56	0
#SusPed	8.61219	56	0
#SusPed	8.67202	55	0
#SusPed	8.73185	56	0
#SusPed	8.75215	57	0
#SusPed	8.77244	54	0
#SusPed	8.79168	46	0
#SusPed	8.81197	35	0
#SusPed	8.83227	27	0
#SusPed	8.8718	29	0
#SusPed	8.8921	32	0
#SusPed	8.9124	36	0
#SusPed	8.93163	45	0
#SusPed	8.95193	55	0
#SusPed	8.97223	57	0
#SusPed	8.99146	57	0
#SusPed	9.03206	57	0
#SusPed	9.05236	59	0
#SusPed	9.11219	58	0
#SusPed	9.13249	59	0
#SusPed	9.15172	60	0
#SusPed	9.17202	62	0
#SusPed	9.19232	60	0
#SusPed	9.21262	53	0
#SusPed	9.23291	39	0
#SusPed	9.25321	29	0
#SusPed	9.27244	28	0
#SusPed	9.29274	39	0
#SusPed	9.31304	56	0
#SusPed	9.33334	61	0
#SusPed	9.35257	62	0
#SusPed	9.37287	62	0
#SusPed	9.39317	63	0
#SusPed	9.41347	63	0
#SusPed	9.4327	64	0
#SusPed	9.4733	63	0
#SusPed	9.51283	63	0
#SusPed	9.53313	62	0
#SusPed	9.55343	62	0
#SusPed	9.57266	61	0
#SusPed	9.61326	61	0
#SusPed	9.63249	60	0
#SusPed	9.75321	61	0
#SusPed	9.77245	60	0
#SusPed	9.79274	56	0
#SusPed	9.81304	47	0
#SusPed	9.83334	40	0
#SusPed	9.85257	39	0
#SusPed	9.87287	45	0
#SusPed	9.89317	55	0
#SusPed	9.91347	59	0
#SusPed	9.9327	60	0
#SusPed	9.9733	60	0
#SusPed	10.0534	61	0
#SusPed	10.1742	61	0
#SusPed	10.1945	62	0
#SusPed	10.234	59	0
#SusPed	10.2543	51	0
#SusPed	10.2735	41	0
#SusPed	10.2938	31	0
#SusPed	10.3344	39	0
#SusPed	10.3536	53	0
#SusPed	10.3739	60	0
#SusPed	10.3942	62	0
#SusPed	10.4338	62	0
#SusPed	10.4541	63	0
#SusPed	10.4744	63	0
#SusPed	10.5737	63	0
#SusPed	10.594	62	0
#SusPed	10.6336	63	0
#SusPed	10.6539	63	0
#SusPed	10.6945	64	0
#SusPed	10.734	61	0
#SusPed	10.7543	52	0
#SusPed	10.7735	41	0
#SusPed	10.7938	37	0
#SusPed	10.8141	38	0
#SusPed	10.8344	51	0
#SusPed	10.8536	62	0
#SusPed	10.8739	63	0
#SusPed	10.8942	64	0
#SusPed	10.9338	64	0
#SusPed	10.9541	65	0
#SusPed	11.1346	65	0
#SusPed	11.1549	66	0
#SusPed	11.1752	65	0
#SusPed	11.1945	63	0
#SusPed	11.2115	53	0
#SusPed	11.2318	0	0
#SusPed	11.3323	50	0
#SusPed	11.3515	63	0
#SusPed	11.3718	64	0
#SusPed	11.4316	65	0
#SusPed	11.5118	64	0
#SusPed	11.5716	65	0
#SusPed	11.6325	65	0
#SusPed	11.6517	66	0
#SusPed	11.672	67	0
#SusPed	11.6923	66	0
#SusPed	11.7115	57	0
#SusPed	11.7318	30	0
#SusPed	11.7521	0	0
#SusPed	11.8323	56	0
#SusPed	11.8515	65	0
#SusPed	11.8921	65	0
#SusPed	11.9124	65	0
#SusPed	11.9722	65	0
#SusPed	12.0118	64	0
#SusPed	12.0534	64	0
#SusPed	12.1528	64	0
#SusPed	12.1731	65	0
#SusPed	12.1934	64	0
#SusPed	12.2116	59	0
#SusPed	12.2318	36	0
#SusPed	12.2521	0	0
#SusPed	12.3323	38	0
#SusPed	12.3515	56	0
#SusPed	12.3718	61	0
#SusPed	12.3921	62	0
#SusPed	12.4124	62	0
#SusPed	12.4519	62	0
#SusPed	12.5716	62	0
#SusPed	12.6923	61	0
#SusPed	12.7521	62	0
#SusPed	12.7724	64	0
#SusPed	12.812	62	0
#SusPed	12.8323	56	0
#SusPed	12.8515	47	0
#SusPed	12.8718	44	0
#SusPed	12.8921	45	0
#SusPed	12.9124	51	0
#SusPed	12.9316	56	0
#SusPed	12.9519	58	0
#SusPed	12.9722	60	0
#SusPed	12.9915	61	0
#SusPed	13.0321	61	0
#SusPed	13.0524	62	0
#SusPed	13.1923	61	0
#SusPed	13.2319	62	0
#SusPed	13.312	62	0
#SusPed	13.5716	61	0
#SusPed	13.5919	61	0
#SusPed	13.6122	60	0
#SusPed	13.6325	59	0
#SusPed	13.6517	58	0
#SusPed	13.672	57	0
#SusPed	13.6923	56	0
#SusPed	13.7319	55	0
#SusPed	13.7521	53	0
#SusPed	13.7724	52	0
#SusPed	13.7917	51	0
#SusPed	13.812	50	0
#SusPed	13.8323	49	0
#SusPed	13.8515	48	0
#SusPed	13.8718	48	0
#SusPed	13.8921	47	0
#SusPed	13.9124	46	0
#SusPed	13.9316	46	0
#SusPed	13.9519	43	0
#SusPed	13.9722	40	0
#SusPed	13.9915	37	0
#SusPed	14.0118	35	0
#SusPed	14.0321	32	0
#SusPed	14.0524	26	0
#SusPed	14.0716	0	0
#SusPed	14.672	27	0
#SusPed	14.6923	31	0
#SusPed	14.7116	0	0
#SusPed	14.8718	29	0
#SusPed	14.8921	46	0
#SusPed	14.9124	54	0
#SusPed	14.9316	56	0
#SusPed	14.9519	56	0
#SusPed	14.9722	57	0
#SusPed	14.9915	57	0
#SusPed	15.0524	57	0
#SusPed	15.0716	56	0
#SusPed	15.172	57	0
#SusPed	15.1923	57	0
#SusPed	15.2116	59	0
#SusPed	15.2319	60	0
#SusPed	15.2522	56	0
#SusPed	15.2725	35	0
#SusPed	15.2917	0	0
#SusPed	15.3718	44	0
#SusPed	15.3921	61	0
#SusPed	15.4124	63	0
#SusPed	15.4519	64	0
#SusPed	15.4722	64	0
#SusPed	15.4915	65	0
#SusPed	15.6923	64	0
#SusPed	15.7319	64	0
#SusPed	15.7522	63	0
#SusPed	15.7725	63	0
#SusPed	15.812	63	0
#SusPed	15.8323	64	0
#SusPed	15.8718	63	0
#SusPed	15.891	55	0
#SusPed	15.9113	39	0
#SusPed	15.9306	28	0
#SusPed	15.9712	38	0
#SusPed	15.9904	55	0
#SusPed	16.0107	61	0
#SusPed	16.0513	62	0
#SusPed	16.0908	62	0
#SusPed	16.1507	62	0
#SusPed	16.1913	61	0
#SusPed	16.2511	62	0
#SusPed	16.2714	62	0
#SusPed	16.3109	59	0
#SusPed	16.3312	50	0
#SusPed	16.3504	36	0
#SusPed	16.3707	31	0
#SusPed	16.391	32	0
#SusPed	16.4113	42	0
#SusPed	16.4306	52	0
#SusPed	16.4509	53	0
#SusPed	16.4904	55	0
#SusPed	16.5107	58	0
#SusPed	16.531	60	0
#SusPed	16.6913	61	0
#SusPed	16.7105	61	0
#SusPed	16.8109	61	0
#SusPed	16.8504	60	0
#SusPed	16.9306	61	0
#SusPed	16.9904	60	0
#SusPed	17.0107	55	0
#SusPed	17.031	44	0
#SusPed	17.0524	34	0
#SusPed	17.0716	33	0
#SusPed	17.0919	39	0
#SusPed	17.1122	51	0
#SusPed	17.1314	55	0
#SusPed	17.1517	55	0
#SusPed	17.172	56	0
#SusPed	17.1923	57	0
#SusPed	17.3504	57	0
#SusPed	17.3707	58	0
#SusPed	17.391	59	0
#SusPed	17.4306	55	0
#SusPed	17.4509	43	0
#SusPed	17.4712	31	0
#SusPed	17.4904	30	0
#SusPed	17.5107	37	0
#SusPed	17.531	53	0
#SusPed	17.5513	59	0
#SusPed	17.6111	60	0
#SusPed	17.6314	61	0
#SusPed	17.6913	60	0
#SusPed	17.7714	60	0
#SusPed	17.7906	60	0
#SusPed	17.8109	61	0
#SusPed	17.8312	62	0
#SusPed	17.8504	62	0
#SusPed	17.891	60	0
#SusPed	17.9113	54	0
#SusPed	17.9306	43	0
#SusPed	17.9509	32	0
#SusPed	17.9712	31	0
#SusPed	17.9904	39	0
#SusPed	18.0107	51	0
#SusPed	18.031	54	0
#SusPed	18.0513	55	0
#SusPed	18.0705	56	0
#SusPed	18.0908	57	0
#SusPed	18.1111	57	0
#SusPed	18.171	57	0
#SusPed	18.2308	57	0
#SusPed	18.2906	58	0
#SusPed	18.3109	60	0
#SusPed	18.3312	60	0
#SusPed	18.3504	58	0
#SusPed	18.3707	48	0
#SusPed	18.391	28	0
#SusPed	18.4113	0	0
#SusPed	18.4509	29	0
#SusPed	18.4712	46	0
#SusPed	18.4904	53	0
#SusPed	18.5107	56	0
#SusPed	18.531	58	0
#SusPed	18.7105	58	0
#SusPed	18.7714	59	0
#SusPed	18.7906	59	0
#SusPed	18.8312	60	0
#SusPed	18.8707	59	0
#SusPed	18.891	52	0
#SusPed	18.9113	36	0
#SusPed	18.9306	19	0
#SusPed	18.9509	18	0
#SusPed	18.9712	33	0
#SusPed	18.9904	53	0
#SusPed	19.0107	58	0
#SusPed	19.0513	59	0
#SusPed	19.0705	60	0
#SusPed	19.0908	62	0
#SusPed	19.1913	61	0
#SusPed	19.2319	61	0
#SusPed	19.3323	61	0
#SusPed	19.3921	60	0
#SusPed	19.4124	53	0
#SusPed	19.4316	35	0
#SusPed	19.4519	0	0
#SusPed	19.5118	17	0
#SusPed	19.5321	34	0
#SusPed	19.5524	42	0
#SusPed	19.5716	50	0
#SusPed	19.5919	57	0
#SusPed	19.6122	60	0
#SusPed	19.6314	60	0
#SusPed	19.6923	61	0
#SusPed	19.7116	63	0
#SusPed	19.7522	56	0
#SusPed	19.7714	36	0
#SusPed	19.7917	0	0
#SusPed	19.8921	17	0
#SusPed	19.9124	36	0
#SusPed	19.9316	50	0
#SusPed	19.9519	58	0
#SusPed	19.9722	57	0
#SusPed	19.9915	49	0
#SusPed	20.0118	21	0
#SusPed	20.0321	0	0
#SusPed	20.094	25	0
#SusPed	20.1143	51	0
#SusPed	20.1336	58	0
#SusPed	20.1539	59	0
#SusPed	20.1742	60	0
#SusPed	20.1934	60	0
#SusPed	20.3131	60	0
#SusPed	20.3334	60	0
#SusPed	20.3526	61	0
#SusPed	20.3729	62	0
#SusPed	20.3932	63	0
#SusPed	20.4124	64	0
#SusPed	20.4327	64	0
#SusPed	20.453	56	0
#SusPed	20.4733	27	0
#SusPed	20.4925	0	0
#SusPed	20.5534	23	0
#SusPed	20.5727	55	0
#SusPed	20.593	61	0
#SusPed	20.6325	62	0
#SusPed	20.6528	63	0
#SusPed	20.6731	63	0
#SusPed	20.7126	63	0
#SusPed	20.7329	62	0
#SusPed	20.7532	62	0
#SusPed	20.7928	61	0
#SusPed	20.8131	62	0
#SusPed	20.8526	62	0
#SusPed	20.8729	63	0
#SusPed	20.8932	63	0
#SusPed	20.9124	60	0
#SusPed	20.9327	48	0
#SusPed	20.953	35	0
#SusPed	20.9733	31	0
#SusPed	20.9925	33	0
#SusPed	21.0128	43	0
#SusPed	21.0331	52	0
#SusPed	21.0534	56	0
#SusPed	21.0727	59	0
#SusPed	21.093	59	0
#SusPed	21.1731	59	0
#SusPed	21.2105	58	0
#SusPed	21.3109	59	0
#SusPed	21.3312	59	0
#SusPed	21.3504	60	0
#SusPed	21.3707	60	0
#SusPed	21.391	59	0
#SusPed	21.4113	51	0
#SusPed	21.4306	30	0
#SusPed	21.4509	0	0
#SusPed	21.5107	23	0
#SusPed	21.531	43	0
#SusPed	21.5513	52	0
#SusPed	21.5705	57	0
#SusPed	21.5908	58	0
#SusPed	21.6314	58	0
#SusPed	21.7308	57	0
#SusPed	21.7714	57	0
#SusPed	21.8109	56	0
#SusPed	21.8312	56	0
#SusPed	21.8504	55	0
#SusPed	21.9113	56	0
#SusPed	21.9306	56	0
#SusPed	21.9509	57	0
#SusPed	21.9904	53	0
#SusPed	22.0107	41	0
#SusPed	22.031	18	0
#SusPed	22.0513	0	0
#SusPed	22.0898	21	0
#SusPed	22.1101	30	0
#SusPed	22.1304	37	0
#SusPed	22.1496	46	0
#SusPed	22.1699	51	0
#SusPed	22.1902	51	0
#SusPed	22.3504	52	0
#SusPed	22.3697	53	0
#SusPed	22.39	54	0
#SusPed	22.4103	56	0
#SusPed	22.4295	57	0
#SusPed	22.4498	58	0
#SusPed	22.4701	56	0
#SusPed	22.4904	43	0
#SusPed	22.5096	0	0
#SusPed	22.6101	15	0
#SusPed	22.6304	33	0
#SusPed	22.6496	48	0
#SusPed	22.6699	55	0
#SusPed	22.6902	55	0
#SusPed	22.75	56	0
#SusPed	22.7703	56	0
#SusPed	22.8504	57	0
#SusPed	22.89	57	0
#SusPed	22.9103	58	0
#SusPed	22.9295	60	0
#SusPed	22.9498	61	0
#SusPed	22.9701	62	0
#SusPed	22.9904	61	0
#SusPed	23.0096	53	0
#SusPed	23.0299	29	0
#SusPed	23.0502	0	0
#SusPed	23.1304	13	0
#SusPed	23.1496	24	0
#SusPed	23.1699	39	0
#SusPed	23.1902	49	0
#SusPed	23.2094	53	0
#SusPed	23.2297	53	0
#SusPed	23.2703	54	0
#SusPed	23.2896	55	0
#SusPed	23.3099	56	0
#SusPed	23.39	57	0
#SusPed	23.4103	59	0
#SusPed	23.4295	59	0
#SusPed	23.4498	60	0
#SusPed	23.4701	61	0
#SusPed	23.4904	61	0
#SusPed	23.5096	62	0
#SusPed	23.5299	63	0
#SusPed	23.5898	62	0
#SusPed	23.6101	57	0
#SusPed	23.6304	50	0
#SusPed	23.6496	46	0
#SusPed	23.6699	47	0
#SusPed	23.6902	52	0
#SusPed	23.7094	58	0
#SusPed	23.7297	59	0
#SusPed	23.75	60	0
#SusPed	23.7703	60	0
#SusPed	23.7896	61	0
#SusPed	23.8099	61	0
#SusPed	23.8302	62	0
#SusPed	23.89	62	0
#SusPed	23.9103	63	0
#SusPed	23.9295	64	0
#SusPed	23.9498	64	0
#SusPed	23.9904	63	0
#SusPed	24.0096	59	0
#SusPed	24.0299	45	0
#SusPed	24.0502	33	0
#SusPed	24.0705	30	0
#SusPed	24.0908	31	0
#SusPed	24.1111	38	0
#SusPed	24.1314	49	0
#SusPed	24.1507	58	0
#SusPed	24.171	61	0
#SusPed	24.2308	62	0
#SusPed	24.2511	62	0
#SusPed	24.2906	62	0
#SusPed	24.391	62	0
#SusPed	24.4113	63	0
#SusPed	24.4306	64	0
#SusPed	24.4509	64	0
#SusPed	24.4712	63	0
#SusPed	24.4904	54	0
#SusPed	24.5107	30	0
#SusPed	24.531	0	0
#SusPed	24.5908	29	0
#SusPed	24.6111	63	0
#SusPed	24.6314	68	0
#SusPed	24.6507	68	0
#SusPed	24.6913	70	0
#SusPed	24.7105	73	0
#SusPed	24.7308	77	0
#SusPed	24.7511	79	0
#SusPed	24.7714	79	0
#SusPed	24.7906	78	0
#SusPed	24.8109	78	0
#SusPed	24.8312	77	0
#SusPed	24.8505	77	0
#SusPed	24.8708	76	0
#SusPed	24.891	76	0
#SusPed	24.9306	75	0
#SusPed	24.9509	74	0
#SusPed	24.9712	72	0
#SusPed	24.9904	68	0
#SusPed	25.0107	64	0
#SusPed	25.031	60	0
#SusPed	25.0513	56	0
#SusPed	25.0705	47	0
#SusPed	25.0908	26	0
#SusPed	25.1111	0	0
#SusPed	25.2703	15	0
#SusPed	25.2896	38	0
#SusPed	25.3099	46	0
#SusPed	25.3302	49	0
#SusPed	25.3505	51	0
#SusPed	25.3697	54	0
#SusPed	25.39	56	0
#SusPed	25.4498	56	0
#SusPed	25.4701	57	0
#SusPed	25.4904	57	0
#SusPed	25.5096	58	0
#SusPed	25.6902	57	0
#SusPed	25.7703	57	0
#SusPed	25.7896	56	0
#SusPed	25.8302	56	0
#SusPed	25.8697	56	0
#SusPed	25.89	57	0
#SusPed	25.9103	55	0
#SusPed	25.9295	35	0
#SusPed	25.9498	0	0
#SusPed	26.0502	52	0
#SusPed	26.0695	63	0
#SusPed	26.0898	63	0
#SusPed	26.1101	64	0
#SusPed	26.1304	64	0
#SusPed	26.1475	66	0
#SusPed	26.1678	67	0
#SusPed	26.1881	68	0
#SusPed	26.2073	69	0
#SusPed	26.3483	68	0
#SusPed	26.4081	68	0
#SusPed	26.4883	65	0
#SusPed	26.5075	56	0
#SusPed	26.5278	15	0
#SusPed	26.5481	0	0
#SusPed	26.6079	36	0
#SusPed	26.6282	59	0
#SusPed	26.6475	64	0
#SusPed	26.6678	65	0
#SusPed	26.7276	66	0
#SusPed	26.7479	66	0
#SusPed	26.7682	67	0
#SusPed	26.828	66	0
#SusPed	26.8675	66	0
#SusPed	26.9477	65	0
#SusPed	27.0684	66	0
#SusPed	27.109	65	0
#SusPed	27.1293	62	0
#SusPed	27.1485	51	0
#SusPed	27.1688	38	0
#SusPed	27.1891	36	0
#SusPed	27.2084	42	0
#SusPed	27.2287	58	0
#SusPed	27.249	64	0
#SusPed	27.2693	67	0
#SusPed	27.2885	69	0
#SusPed	27.3088	71	0
#SusPed	27.3291	74	0
#SusPed	27.3483	77	0
#SusPed	27.3686	79	0
#SusPed	27.4487	78	0
#SusPed	27.469	78	0
#SusPed	27.5086	77	0
#SusPed	27.5684	78	0
#SusPed	27.5887	78	0
#SusPed	27.609	78	0
#SusPed	27.6293	73	0
#SusPed	27.6485	64	0
#SusPed	27.6688	50	0
#SusPed	27.6891	44	0
#SusPed	27.7084	46	0
#SusPed	27.7287	56	0
#SusPed	27.749	64	0
#SusPed	27.7693	68	0
#SusPed	27.7885	71	0
#SusPed	27.8088	74	0
#SusPed	27.8291	76	0
#SusPed	27.8483	78	0
#SusPed	27.8686	78	0
#SusPed	27.9092	78	0
#SusPed	27.9284	77	0
#SusPed	27.969	77	0
#SusPed	27.9883	76	0
#SusPed	28.0086	76	0
#SusPed	28.0289	75	0
#SusPed	28.0492	74	0
#SusPed	28.0684	73	0
#SusPed	28.0887	71	0
#SusPed	28.109	69	0
#SusPed	28.1293	68	0
#SusPed	28.1485	67	0
#SusPed	28.2255	67	0
#SusPed	28.2458	64	0
#SusPed	28.2661	58	0
#SusPed	28.2853	50	0
#SusPed	28.3056	47	0
#SusPed	28.3259	48	0
#SusPed	28.3462	52	0
#SusPed	28.3654	55	0
#SusPed	28.3857	57	0
#SusPed	28.406	59	0
#SusPed	28.4263	61	0
#SusPed	28.4455	61	0
#SusPed	28.4658	62	0
#SusPed	28.546	61	0
#SusPed	28.5855	61	0
#SusPed	28.6859	61	0
#SusPed	28.7458	61	0
#SusPed	28.8462	61	0
#SusPed	28.8857	62	0
#SusPed	29.1101	62	0
#SusPed	29.1902	63	0
#SusPed	29.2073	63	0
#SusPed	29.2276	64	0
#SusPed	29.2479	62	0
#SusPed	29.2682	58	0
#SusPed	29.2874	54	0
#SusPed	29.3077	53	0
#SusPed	29.328	55	0
#SusPed	29.3483	60	0
#SusPed	29.3675	64	0
#SusPed	29.3878	65	0
#SusPed	29.4081	65	0
#SusPed	29.4477	65	0
#SusPed	29.5278	64	0
#SusPed	29.6079	64	0
#SusPed	29.7276	64	0
#SusPed	29.7682	64	0
#SusPed	29.7874	62	0
#SusPed	29.8077	58	0
#SusPed	29.828	57	0
#SusPed	29.8483	58	0
#SusPed	29.8675	61	0
#SusPed	29.8878	63	0
#SusPed	29.9081	63	0
#SusPed	29.9477	64	0
#SusPed	30.0481	63	0
#SusPed	30.1475	64	0
#SusPed	30.1881	65	0
#SusPed	30.2073	65	0
#SusPed	30.2479	64	0
#SusPed	30.2682	58	0
#SusPed	30.2874	48	0
#SusPed	30.3077	42	0
#SusPed	30.3483	48	0
#SusPed	30.3676	56	0
#SusPed	30.3878	57	0
#SusPed	30.4081	58	0
#SusPed	30.4274	59	0
#SusPed	30.4477	60	0
#SusPed	30.468	61	0
#SusPed	30.4883	62	0
#SusPed	30.5278	62	0
#SusPed	30.5673	61	0
#SusPed	30.5876	58	0
#SusPed	30.6079	53	0
#SusPed	30.6282	47	0
#SusPed	30.6475	48	0
#SusPed	30.6678	54	0
#SusPed	30.6881	60	0
#SusPed	30.7073	62	0
#SusPed	30.7682	62	0
#SusPed	30.7874	63	0
#SusPed	30.828	64	0
#SusPed	30.8878	63	0
#SusPed	30.9477	63	0
#SusPed	31.0481	62	0
#SusPed	31.0673	62	0
#SusPed	31.0876	61	0
#SusPed	31.1079	60	0
#SusPed	31.1282	58	0
#SusPed	31.1475	56	0
#SusPed	31.1678	54	0
#SusPed	31.1881	51	0
#SusPed	31.2073	51	0
#SusPed	31.2479	51	0
#SusPed	31.2682	52	0
#SusPed	31.2874	53	0
#SusPed	31.3077	55	0
#SusPed	31.328	57	0
#SusPed	31.3483	59	0
#SusPed	31.3676	59	0
#SusPed	31.3879	60	0
#SusPed	31.4081	62	0
#SusPed	31.4274	62	0
#SusPed	31.4477	63	0
#SusPed	31.5673	62	0
#SusPed	31.6282	63	0
#SusPed	31.9477	62	0
#SusPed	31.9883	63	0
#SusPed	32.0695	62	0
#SusPed	32.0898	61	0
#SusPed	32.1101	58	0
#SusPed	32.1293	54	0
#SusPed	32.1496	51	0
#SusPed	32.1699	52	0
#SusPed	32.1902	55	0
#SusPed	32.2073	57	0
#SusPed	32.2276	59	0
#SusPed	32.2479	61	0
#SusPed	32.2682	62	0
#SusPed	32.2874	62	0
#SusPed	32.328	63	0
#SusPed	32.3483	63	0
#SusPed	32.4082	63	0
#SusPed	32.5673	62	0
#SusPed	32.5876	61	0
#SusPed	32.6079	60	0
#SusPed	32.6282	56	0
#SusPed	32.6475	53	0
#SusPed	32.6678	51	0
#SusPed	32.6881	52	0
#SusPed	32.7073	54	0
#SusPed	32.7276	57	0
#SusPed	32.7479	59	0
#SusPed	32.7682	60	0
#SusPed	32.7874	60	0
#SusPed	32.8077	61	0
#SusPed	32.828	62	0
#SusPed	32.8483	62	0
#SusPed	33.0876	62	0
#SusPed	33.1079	61	0
#SusPed	33.1282	60	0
#SusPed	33.1475	57	0
#SusPed	33.1678	54	0
#SusPed	33.1881	53	0
#SusPed	33.2084	54	0
#SusPed	33.2287	57	0
#SusPed	33.249	59	0
#SusPed	33.2693	59	0
#SusPed	33.2885	60	0
#SusPed	33.3088	61	0
#SusPed	33.3291	61	0
#SusPed	33.3483	62	0
#SusPed	33.5492	61	0
#SusPed	33.5684	61	0
#SusPed	33.5887	58	0
#SusPed	33.609	55	0
#SusPed	33.6293	50	0
#SusPed	33.6485	48	0
#SusPed	33.6688	49	0
#SusPed	33.6891	52	0
#SusPed	33.7084	54	0
#SusPed	33.7287	54	0
#SusPed	33.749	55	0
#SusPed	33.7693	59	0
#SusPed	33.7885	61	0
#SusPed	33.8686	61	0
#SusPed	34.0492	62	0
#SusPed	34.0684	62	0
#SusPed	34.0887	63	0
#SusPed	34.1293	61	0
#SusPed	34.1485	55	0
#SusPed	34.1688	48	0
#SusPed	34.1891	48	0
#SusPed	34.2073	54	0
#SusPed	34.2276	61	0
#SusPed	34.2479	62	0
#SusPed	34.2874	62	0
#SusPed	34.3077	63	0
#SusPed	34.328	64	0
#SusPed	34.4082	65	0
#SusPed	34.4477	64	0
#SusPed	34.5075	65	0
#SusPed	34.5481	65	0
#SusPed	34.5673	65	0
#SusPed	34.5876	64	0
#SusPed	34.6079	60	0
#SusPed	34.6282	55	0
#SusPed	34.6475	53	0
#SusPed	34.6678	55	0
#SusPed	34.6881	60	0
#SusPed	34.7073	61	0
#SusPed	34.7276	61	0
#SusPed	34.7479	61	0
#SusPed	34.7682	62	0
#SusPed	34.7874	63	0
#SusPed	34.828	64	0
#SusPed	34.8483	64	0
#SusPed	34.8676	65	0
#SusPed	34.8879	65	0
#SusPed	34.9082	60	0
#SusPed	34.9274	51	0
#SusPed	34.9477	46	0
#SusPed	34.9883	51	0
#SusPed	35.0075	56	0
#SusPed	35.0278	57	0
#SusPed	35.0481	57	0
#SusPed	35.0673	60	0
#SusPed	35.0876	62	0
#SusPed	35.1079	63	0
#SusPed	35.1881	64	0
#SusPed	35.2073	63	0
#SusPed	35.2468	63	0
#SusPed	35.327	62	0
#SusPed	35.4872	62	0
#SusPed	35.5267	61	0
#SusPed	35.6069	62	0
#SusPed	35.6272	62	0
#SusPed	35.6667	63	0
#SusPed	35.7073	61	0
#SusPed	35.7265	54	0
#SusPed	35.7468	43	0
#SusPed	35.7671	39	0
#SusPed	35.7864	41	0
#SusPed	35.8067	52	0
#SusPed	35.827	61	0
#SusPed	35.8473	63	0
#SusPed	35.8868	63	0
#SusPed	35.9071	64	0
#SusPed	35.9263	66	0
#SusPed	35.9466	68	0
#SusPed	35.9669	68	0
#SusPed	36.2073	69	0
#SusPed	36.2276	69	0
#SusPed	36.2479	70	0
#SusPed	36.2682	67	0
#SusPed	36.2874	61	0
#SusPed	36.3077	52	0
#SusPed	36.328	50	0
#SusPed	36.3483	51	0
#SusPed	36.3676	59	0
#SusPed	36.3879	64	0
#SusPed	36.4082	66	0
#SusPed	36.4274	67	0
#SusPed	36.4883	66	0
#SusPed	36.5481	66	0
#SusPed	36.5673	65	0
#SusPed	36.6079	65	0
#SusPed	36.6881	65	0
#SusPed	36.7276	66	0
#SusPed	36.7682	65	0
#SusPed	36.7874	62	0
#SusPed	36.8077	53	0
#SusPed	36.828	41	0
#SusPed	36.8483	35	0
#SusPed	36.8676	34	0
#SusPed	36.8879	44	0
#SusPed	36.9082	59	0
#SusPed	36.9274	64	0
#SusPed	36.9477	64	0
#SusPed	37.0075	65	0
#SusPed	37.0887	64	0
#SusPed	37.1485	64	0
#SusPed	37.3077	64	0
#SusPed	37.3483	63	0
#SusPed	37.3676	55	0
#SusPed	37.3879	38	0
#SusPed	37.4082	13	0
#SusPed	37.4274	0	0
#SusPed	37.468	38	0
#SusPed	37.4883	51	0
#SusPed	37.5075	56	0
#SusPed	37.5278	59	0
#SusPed	37.5481	60	0
#SusPed	37.5673	61	0
#SusPed	37.6079	61	0
#SusPed	37.7073	61	0
#SusPed	37.8879	60	0
#SusPed	37.9082	59	0
#SusPed	37.9274	54	0
#SusPed	37.9477	44	0
#SusPed	37.968	33	0
#SusPed	37.9883	30	0
#SusPed	38.0278	33	0
#SusPed	38.0502	39	0
#SusPed	38.0695	43	0
#SusPed	38.0898	46	0
#SusPed	38.1101	50	0
#SusPed	38.1293	53	0
#SusPed	38.1496	54	0
#SusPed	38.1902	55	0
#SusPed	38.2073	56	0
#SusPed	38.2479	56	0
#SusPed	38.4274	56	0
#SusPed	38.4883	55	0
#SusPed	38.5075	55	0
#SusPed	38.5278	54	0
#SusPed	38.6678	54	0
#SusPed	38.6881	50	0
#SusPed	38.7073	41	0
#SusPed	38.7276	28	0
#SusPed	38.7479	23	0
#SusPed	38.7682	22	0
#SusPed	38.8077	28	0
#SusPed	38.828	38	0
#SusPed	38.8483	46	0
#SusPed	38.8676	49	0
#SusPed	38.8879	51	0
#SusPed	38.9082	54	0
#SusPed	38.9274	56	0
#SusPed	38.9883	57	0
#SusPed	39.0075	58	0
#SusPed	39.0278	59	0
#SusPed	39.0481	59	0
#SusPed	39.1079	60	0
#SusPed	39.2073	60	0
#SusPed	39.2265	61	0
#SusPed	39.2468	62	0
#SusPed	39.2864	60	0
#SusPed	39.3067	57	0
#SusPed	39.327	56	0
#SusPed	39.3473	57	0
#SusPed	39.3665	59	0
#SusPed	39.3868	60	0
#SusPed	39.4263	61	0
#SusPed	39.4669	62	0
#SusPed	39.4872	62	0
#SusPed	39.547	63	0
#SusPed	39.5673	63	0
#SusPed	39.5866	63	0
#SusPed	39.6069	60	0
#SusPed	39.6272	54	0
#SusPed	39.6464	52	0
#SusPed	39.6667	54	0
#SusPed	39.687	59	0
#SusPed	39.7073	62	0
#SusPed	39.7265	63	0
#SusPed	39.7671	63	0
#SusPed	39.7864	64	0
#SusPed	39.827	62	0
#SusPed	39.8473	58	0
#SusPed	39.8665	57	0
#SusPed	39.8868	58	0
#SusPed	39.9071	61	0
#SusPed	39.9263	63	0
#SusPed	39.9466	64	0
#SusPed	40.1293	63	0
#SusPed	40.3067	62	0
#SusPed	40.327	60	0
#SusPed	40.3473	50	0
#SusPed	40.3665	20	0
#SusPed	40.3868	0	0
#SusPed	40.4669	35	0
#SusPed	40.4872	48	0
#SusPed	40.5064	57	0
#SusPed	40.5267	59	0
#SusPed	40.547	59	0
#SusPed	40.6069	60	0
#SusPed	40.7864	60	0
#SusPed	40.8067	61	0
#SusPed	40.9071	61	0
#SusPed	40.9263	62	0
#SusPed	40.9872	61	0
#SusPed	41.0064	61	0
#SusPed	41.0267	60	0
#SusPed	41.047	59	0
#SusPed	41.0866	60	0
#SusPed	41.1069	60	0
#SusPed	41.187	61	0
#SusPed	41.2073	62	0
#SusPed	41.2265	61	0
#SusPed	41.2468	57	0
#SusPed	41.2671	39	0
#SusPed	41.2864	0	0
#SusPed	41.3665	39	0
#SusPed	41.3868	54	0
#SusPed	41.4071	59	0
#SusPed	41.4263	60	0
#SusPed	41.4669	59	0
#SusPed	41.4872	58	0
#SusPed	41.5064	58	0
#SusPed	41.547	57	0
#SusPed	41.5673	55	0
#SusPed	41.5866	52	0
#SusPed	41.6069	51	0
#SusPed	41.6272	51	0
#SusPed	41.6667	51	0
#SusPed	41.7073	51	0
#SusPed	41.7265	50	0
#SusPed	41.7468	47	0
#SusPed	41.7671	24	0
#SusPed	41.7864	0	0
#SusPed	41.9071	36	0
#SusPed	41.9263	53	0
#SusPed	41.9466	61	0
#SusPed	41.9669	61	0
#SusPed	42.2265	62	0
#SusPed	42.2468	62	0
#SusPed	42.2671	63	0
#SusPed	42.3067	62	0
#SusPed	42.327	56	0
#SusPed	42.3473	36	0
#SusPed	42.3665	0	0
#SusPed	42.4466	47	0
#SusPed	42.4669	57	0
#SusPed	42.4872	59	0
#SusPed	42.5065	61	0
#SusPed	42.5267	63	0
#SusPed	42.547	63	0
#SusPed	42.5673	64	0
#SusPed	42.687	64	0
#SusPed	42.7073	65	0
#SusPed	42.7265	66	0
#SusPed	42.7468	67	0
#SusPed	42.7671	68	0
#SusPed	42.7864	65	0
#SusPed	42.8067	52	0
#SusPed	42.827	21	0
#SusPed	42.8473	0	0
#SusPed	42.8868	34	0
#SusPed	42.9071	60	0
#SusPed	42.9263	66	0
#SusPed	42.9466	70	0
#SusPed	42.9669	72	0
#SusPed	42.9872	74	0
#SusPed	43.0065	77	0
#SusPed	43.0268	81	0
#SusPed	43.0513	83	0
#SusPed	43.1507	82	0
#SusPed	43.171	81	0
#SusPed	43.1913	81	0
#SusPed	43.2287	80	0
#SusPed	43.249	78	0
#SusPed	43.2693	76	0
#SusPed	43.2885	73	0
#SusPed	43.3088	72	0
#SusPed	43.3291	71	0
#SusPed	43.3483	70	0
#SusPed	43.3889	71	0
#SusPed	43.4285	70	0
#SusPed	43.4488	70	0
#SusPed	43.4691	68	0
#SusPed	43.4883	66	0
#SusPed	43.5086	62	0
#SusPed	43.5289	60	0
#SusPed	43.5492	59	0
#SusPed	43.5887	60	0
#SusPed	43.609	61	0
#SusPed	43.6293	62	0
#SusPed	43.6485	62	0
#SusPed	43.6688	63	0
#SusPed	43.8483	64	0
#SusPed	43.9883	63	0
#SusPed	44.0492	64	0
#SusPed	44.1293	63	0
#SusPed	44.2265	64	0
#SusPed	44.2671	63	0
#SusPed	44.2864	61	0
#SusPed	44.3067	58	0
#SusPed	44.327	56	0
#SusPed	44.3473	58	0
#SusPed	44.3665	61	0
#SusPed	44.3868	63	0
#SusPed	44.4071	64	0
#SusPed	44.4466	65	0
#SusPed	44.5471	64	0
#SusPed	44.6069	64	0
#SusPed	44.7073	63	0
#SusPed	44.7671	63	0
#SusPed	44.8473	62	0
#SusPed	44.8665	59	0
#SusPed	44.8868	52	0
#SusPed	44.9071	39	0
#SusPed	44.9263	15	0
#SusPed	44.9466	0	0
#SusPed	44.9872	13	0
#SusPed	45.0065	36	0
#SusPed	45.0268	51	0
#SusPed	45.0471	59	0
#SusPed	45.0674	61	0
#SusPed	45.0866	61	0
#SusPed	45.1069	62	0
#SusPed	45.1272	62	0
#SusPed	45.3665	63	0
#SusPed	45.4071	62	0
#SusPed	45.4466	61	0
#SusPed	45.4669	55	0
#SusPed	45.4872	41	0
#SusPed	45.5065	18	0
#SusPed	45.5268	0	0
#SusPed	45.5674	27	0
#SusPed	45.5866	42	0
#SusPed	45.6069	48	0
#SusPed	45.6272	53	0
#SusPed	45.6464	57	0
#SusPed	45.6667	58	0
#SusPed	45.7073	59	0
#SusPed	45.7265	60	0
#SusPed	45.7468	61	0
#SusPed	45.7671	62	0
#SusPed	45.7864	63	0
#SusPed	45.8067	62	0
#SusPed	45.827	56	0
#SusPed	45.8473	36	0
#SusPed	45.8665	0	0
#SusPed	45.9263	35	0
#SusPed	45.9466	58	0
#SusPed	45.9669	62	0
#SusPed	45.9872	63	0
#SusPed	46.0065	63	0
#SusPed	46.0268	64	0
#SusPed	46.0674	64	0
#SusPed	46.327	64	0
#SusPed	46.4263	64	0
#SusPed	46.4669	62	0
#SusPed	46.4872	53	0
#SusPed	46.5065	29	0
#SusPed	46.5268	0	0
#SusPed	46.5674	26	0
#SusPed	46.5866	52	0
#SusPed	46.6069	59	0
#SusPed	46.6272	60	0
#SusPed	46.6464	60	0
#SusPed	46.6667	62	0
#SusPed	46.687	62	0
#SusPed	46.7265	62	0
#SusPed	46.8665	62	0
#SusPed	46.8868	63	0
#SusPed	46.9071	64	0
#SusPed	46.9263	64	0
#SusPed	46.9466	64	0
#SusPed	46.9669	63	0
#SusPed	46.9872	57	0
#SusPed	47.0065	45	0
#SusPed	47.0268	34	0
#SusPed	47.0471	34	0
#SusPed	47.0684	39	0
#SusPed	47.0887	54	0
#SusPed	47.109	59	0
#SusPed	47.1293	59	0
#SusPed	47.1485	60	0
#SusPed	47.1688	61	0
#SusPed	47.1891	62	0
#SusPed	47.2864	62	0
#SusPed	47.3067	63	0
#SusPed	47.327	64	0
#SusPed	47.3473	65	0
#SusPed	47.3868	63	0
#SusPed	47.4071	56	0
#SusPed	47.4263	48	0
#SusPed	47.4466	47	0
#SusPed	47.4669	49	0
#SusPed	47.4872	57	0
#SusPed	47.5065	61	0
#SusPed	47.5268	62	0
#SusPed	47.5674	62	0
#SusPed	47.5866	63	0
#SusPed	47.7468	64	0
#SusPed	47.7671	64	0
#SusPed	47.7864	66	0
#SusPed	47.8067	67	0
#SusPed	47.827	66	0
#SusPed	47.8473	61	0
#SusPed	47.8665	48	0
#SusPed	47.8868	39	0
#SusPed	47.9071	39	0
#SusPed	47.9263	43	0
#SusPed	47.9466	56	0
#SusPed	47.9669	62	0
#SusPed	47.9872	63	0
#SusPed	48.0065	64	0
#SusPed	48.0268	64	0
#SusPed	48.0471	65	0
#SusPed	48.0674	66	0
#SusPed	48.2265	66	0
#SusPed	48.2468	67	0
#SusPed	48.2671	68	0
#SusPed	48.2864	69	0
#SusPed	48.3067	70	0
#SusPed	48.327	69	0
#SusPed	48.3473	66	0
#SusPed	48.3665	59	0
#SusPed	48.3868	42	0
#SusPed	48.4071	36	0
#SusPed	48.4466	41	0
#SusPed	48.4669	54	0
#SusPed	48.4872	63	0
#SusPed	48.5065	65	0
#SusPed	48.5268	66	0
#SusPed	48.7671	67	0
#SusPed	48.8067	66	0
#SusPed	48.827	64	0
#SusPed	48.8473	56	0
#SusPed	48.8665	37	0
#SusPed	48.8868	22	0
#SusPed	48.9071	19	0
#SusPed	48.9263	20	0
#SusPed	48.9466	42	0
#SusPed	48.9669	59	0
#SusPed	48.9872	65	0
#SusPed	49.0065	67	0
#SusPed	49.0268	68	0
#SusPed	49.1283	67	0
#SusPed	49.1475	67	0
#SusPed	49.1678	66	0
#SusPed	49.327	67	0
#SusPed	49.3665	66	0
#SusPed	49.3868	60	0
#SusPed	49.4071	39	0
#SusPed	49.4263	0	0
#SusPed	49.4872	39	0
#SusPed	49.5065	61	0
#SusPed	49.5268	66	0
#SusPed	49.5471	68	0
#SusPed	49.5674	68	0
#SusPed	49.6069	69	0
#SusPed	49.6272	69	0
#SusPed	49.6464	70	0
#SusPed	49.7073	69	0
#SusPed	49.7265	69	0
#SusPed	49.7671	68	0
#SusPed	49.8067	68	0
#SusPed	49.827	67	0
#SusPed	49.8473	67	0
#SusPed	49.8665	66	0
#SusPed	49.8868	66	0
#SusPed	49.9071	65	0
#SusPed	49.9263	65	0
#SusPed	49.9466	64	0
#SusPed	49.9669	63	0
#SusPed	49.9872	63	0
#SusPed	50.0268	62	0
#SusPed	50.0513	61	0
#SusPed	50.0716	60	0
#SusPed	50.0919	59	0
#SusPed	50.1122	57	0
#SusPed	50.1315	56	0
#SusPed	50.1518	55	0
#SusPed	50.1721	54	0
#SusPed	50.1924	53	0
#SusPed	50.3323	52	0
#SusPed	50.5118	53	0
#SusPed	50.5513	53	0
#SusPed	50.7116	54	0
#SusPed	50.7319	54	0
#SusPed	50.7917	54	0
#SusPed	50.812	48	0
#SusPed	50.8323	21	0
#SusPed	50.8515	0	0
#SusPed	50.9317	15	0
#SusPed	50.952	37	0
#SusPed	50.9723	54	0
#SusPed	50.9915	60	0
#SusPed	51.0118	61	0
#SusPed	51.0321	61	0
#SusPed	51.0716	62	0
#SusPed	51.0919	63	0
#SusPed	51.1122	63	0
#SusPed	51.1518	63	0
#SusPed	51.1721	63	0
#SusPed	51.2073	64	0
#SusPed	51.2468	64	0
#SusPed	51.2671	65	0
#SusPed	51.2864	66	0
#SusPed	51.327	65	0
#SusPed	51.3473	59	0
#SusPed	51.3665	43	0
#SusPed	51.3868	19	0
#SusPed	51.4071	17	0
#SusPed	51.4263	28	0
#SusPed	51.4466	54	0
#SusPed	51.4669	64	0
#SusPed	51.4872	66	0
#SusPed	51.5268	66	0
#SusPed	51.5471	67	0
#SusPed	51.5674	67	0
#SusPed	51.5866	68	0
#SusPed	51.6464	67	0
#SusPed	51.7073	67	0
#SusPed	51.8067	67	0
#SusPed	51.8473	67	0
#SusPed	51.8665	63	0
#SusPed	51.8868	42	0
#SusPed	51.9071	0	0
#SusPed	51.9872	42	0
#SusPed	52.0065	63	0
#SusPed	52.0268	66	0
#SusPed	52.0471	67	0
#SusPed	52.0674	66	0
#SusPed	52.0866	67	0
#SusPed	52.1069	67	0
#SusPed	52.1272	68	0
#SusPed	52.1464	69	0
#SusPed	52.1667	71	0
#SusPed	52.187	72	0
#SusPed	52.2073	73	0
#SusPed	52.2276	73	0
#SusPed	52.2479	74	0
#SusPed	52.328	74	0
#SusPed	52.3483	73	0
#SusPed	52.3676	72	0
#SusPed	52.3879	71	0
#SusPed	52.4082	70	0
#SusPed	52.4274	69	0
#SusPed	52.468	69	0
#SusPed	52.4883	68	0
#SusPed	52.5075	67	0
#SusPed	52.5278	66	0
#SusPed	52.5481	65	0
#SusPed	52.5674	64	0
#SusPed	52.5877	64	0
#SusPed	52.608	63	0
#SusPed	52.6283	62	0
#SusPed	52.6475	61	0
#SusPed	52.6678	60	0
#SusPed	52.7073	59	0
#SusPed	52.7479	59	0
#SusPed	52.7682	58	0
#SusPed	52.7874	58	0
#SusPed	52.828	57	0
#SusPed	53.2468	57	0
#SusPed	53.6069	56	0
#SusPed	53.7864	56	0
#SusPed	53.9669	54	0
#SusPed	53.9872	47	0
#SusPed	54.0065	27	0
#SusPed	54.0268	0	0
#SusPed	54.1261	49	0
#SusPed	54.1454	62	0
#SusPed	54.1656	65	0
#SusPed	54.1859	66	0
#SusPed	54.2062	66	0
#SusPed	54.2458	67	0
#SusPed	54.2661	68	0
#SusPed	54.2864	70	0
#SusPed	54.3056	71	0
#SusPed	54.3259	72	0
#SusPed	54.3462	74	0
#SusPed	54.3654	75	0
#SusPed	54.3857	77	0
#SusPed	54.406	80	0
#SusPed	54.4263	83	0
#SusPed	54.4456	88	0
#SusPed	54.4659	91	0
#SusPed	54.5054	85	0
#SusPed	54.5257	72	0
#SusPed	54.546	55	0
#SusPed	54.5663	31	0
#SusPed	54.5855	26	0
#SusPed	54.6058	29	0
#SusPed	54.6261	52	0
#SusPed	54.6454	65	0
#SusPed	54.6657	69	0
#SusPed	54.6859	72	0
#SusPed	54.7255	73	0
#SusPed	54.7458	75	0
#SusPed	54.7661	77	0
#SusPed	54.7864	77	0
#SusPed	54.8259	76	0
#SusPed	54.9456	77	0
#SusPed	54.9659	76	0
#SusPed	54.9862	71	0
#SusPed	55.0054	59	0
#SusPed	55.0257	0	0
#SusPed	55.1261	64	0
#SusPed	55.1454	72	0
#SusPed	55.1657	78	0
#SusPed	55.1859	79	0
#SusPed	55.2062	81	0
#SusPed	55.2255	84	0
#SusPed	55.2458	87	0
#SusPed	55.2661	88	0
#SusPed	55.2864	88	0
#SusPed	55.3056	89	0
#SusPed	55.3259	90	0
#SusPed	55.3857	90	0
#SusPed	55.4659	90	0
#SusPed	55.5054	89	0
#SusPed	55.5257	88	0
#SusPed	55.546	85	0
#SusPed	55.5663	83	0
#SusPed	55.5855	82	0
#SusPed	55.6058	82	0
#SusPed	55.6261	81	0
#SusPed	55.6454	80	0
#SusPed	55.6657	78	0
#SusPed	55.686	76	0
#SusPed	55.7062	73	0
#SusPed	55.7255	71	0
#SusPed	55.7458	70	0
#SusPed	55.7661	69	0
#SusPed	55.7864	69	0
#SusPed	55.8056	68	0
#SusPed	55.8259	67	0
#SusPed	55.8462	66	0
#SusPed	55.8654	64	0
#SusPed	55.8857	63	0
#SusPed	55.906	63	0
#SusPed	55.9263	62	0
#SusPed	55.9456	62	0
#SusPed	56.0054	62	0
#SusPed	56.187	63	0
#SusPed	56.2458	63	0
#SusPed	56.2661	64	0
#SusPed	56.3056	64	0
#SusPed	56.3259	65	0
#SusPed	56.3462	65	0
#SusPed	56.5257	65	0
#SusPed	56.6261	65	0
#SusPed	56.6454	66	0
#SusPed	56.6657	65	0
#SusPed	56.686	62	0
#SusPed	56.7063	55	0
#SusPed	56.7255	39	0
#SusPed	56.7458	30	0
#SusPed	56.7661	34	0
#SusPed	56.7864	52	0
#SusPed	56.8056	63	0
#SusPed	56.8259	65	0
#SusPed	56.8462	65	0
#SusPed	56.8857	66	0
#SusPed	56.9456	65	0
#SusPed	57.0054	65	0
#SusPed	57.0257	64	0
#SusPed	57.1657	64	0
#SusPed	57.2073	63	0
#SusPed	57.3868	62	0
#SusPed	57.4071	61	0
#SusPed	57.4263	61	0
#SusPed	57.4669	60	0
#SusPed	57.4872	60	0
#SusPed	57.5268	60	0
#SusPed	57.5471	61	0
#SusPed	57.7468	60	0
#SusPed	57.7671	57	0
#SusPed	57.7864	50	0
#SusPed	57.8067	47	0
#SusPed	57.827	47	0
#SusPed	57.8473	52	0
#SusPed	57.8665	55	0
#SusPed	57.8868	57	0
#SusPed	57.9071	58	0
#SusPed	57.9263	60	0
#SusPed	57.9466	61	0
#SusPed	57.9669	62	0
#SusPed	58.0471	62	0
#SusPed	58.1069	63	0
#SusPed	58.1272	63	0
#SusPed	58.1464	64	0
#SusPed	58.1667	63	0
#SusPed	58.187	60	0
#SusPed	58.2073	50	0
#SusPed	58.2266	35	0
#SusPed	58.2469	29	0
#SusPed	58.2671	32	0
#SusPed	58.2864	50	0
#SusPed	58.3067	61	0
#SusPed	58.327	63	0
#SusPed	58.3665	63	0
#SusPed	58.3868	64	0
#SusPed	58.4071	66	0
#SusPed	58.4263	68	0
#SusPed	58.4669	67	0
#SusPed	58.5471	67	0
#SusPed	58.6667	67	0
#SusPed	58.687	67	0
#SusPed	58.7073	63	0
#SusPed	58.7266	56	0
#SusPed	58.7469	48	0
#SusPed	58.7864	52	0
#SusPed	58.8067	59	0
#SusPed	58.827	61	0
#SusPed	58.8473	62	0
#SusPed	58.8665	63	0
#SusPed	59.0268	62	0
#SusPed	59.0877	62	0
#SusPed	59.2266	61	0
#SusPed	59.2469	58	0
#SusPed	59.2672	52	0
#SusPed	59.2864	50	0
#SusPed	59.327	53	0
#SusPed	59.3473	55	0
#SusPed	59.3868	56	0
#SusPed	59.4071	59	0
#SusPed	59.4263	60	0
#SusPed	59.4466	61	0
#SusPed	59.6272	62	0
#SusPed	59.6464	63	0
#SusPed	59.687	63	0
#SusPed	59.7266	62	0
#SusPed	59.7469	57	0
#SusPed	59.7672	48	0
#SusPed	59.7864	44	0
#SusPed	59.8067	44	0
#SusPed	59.827	51	0
#SusPed	59.8473	61	0
#SusPed	59.8665	63	0
#SusPed	60.0065	62	0
#SusPed	60.0471	63	0
#SusPed	60.108	63	0
#SusPed	60.1283	64	0
#SusPed	60.1475	64	0
#SusPed	60.1678	65	0
#SusPed	60.1881	64	0
#SusPed	60.2073	63	0
#SusPed	60.2266	57	0
#SusPed	60.2469	45	0
#SusPed	60.2672	40	0
#SusPed	60.2864	42	0
#SusPed	60.3067	52	0
#SusPed	60.327	62	0
#SusPed	60.3473	64	0
#SusPed	60.3665	64	0
#SusPed	60.3868	64	0
#SusPed	60.4263	64	0
#SusPed	60.4669	64	0
#SusPed	60.687	63	0
#SusPed	60.7073	59	0
#SusPed	60.7266	54	0
#SusPed	60.7469	49	0
#SusPed	60.7672	48	0
#SusPed	60.7864	51	0
#SusPed	60.8067	56	0
#SusPed	60.827	60	0
#SusPed	60.8473	61	0
#SusPed	60.8665	62	0
#SusPed	60.8868	63	0
#SusPed	60.9872	63	0
#SusPed	61.0471	63	0
#SusPed	61.1283	63	0
#SusPed	61.1678	63	0
#SusPed	61.1881	61	0
#SusPed	61.2063	58	0
#SusPed	61.2255	51	0
#SusPed	61.2458	48	0
#SusPed	61.2661	49	0
#SusPed	61.2864	56	0
#SusPed	61.3056	60	0
#SusPed	61.3259	61	0
#SusPed	61.3462	62	0
#SusPed	61.3654	63	0
#SusPed	61.3857	64	0
#SusPed	61.406	64	0
#SusPed	61.6657	64	0
#SusPed	61.686	62	0
#SusPed	61.7063	55	0
#SusPed	61.7255	46	0
#SusPed	61.7458	44	0
#SusPed	61.7661	46	0
#SusPed	61.7864	56	0
#SusPed	61.8056	62	0
#SusPed	61.8259	63	0
#SusPed	61.8857	64	0
#SusPed	61.9862	63	0
#SusPed	62.1475	63	0
#SusPed	62.1678	62	0
#SusPed	62.1881	59	0
#SusPed	62.2063	54	0
#SusPed	62.2255	49	0
#SusPed	62.2458	48	0
#SusPed	62.2661	50	0
#SusPed	62.2864	56	0
#SusPed	62.3056	59	0
#SusPed	62.3259	61	0
#SusPed	62.3462	62	0
#SusPed	62.3654	63	0
#SusPed	62.3857	63	0
#SusPed	62.406	64	0
#SusPed	62.4456	64	0
#SusPed	62.4862	65	0
#SusPed	62.6261	65	0
#SusPed	62.6454	66	0
#SusPed	62.686	65	0
#SusPed	62.7063	61	0
#SusPed	62.7255	54	0
#SusPed	62.7458	48	0
#SusPed	62.7661	47	0
#SusPed	62.7864	50	0
#SusPed	62.8056	59	0
#SusPed	62.8259	63	0
#SusPed	62.8462	64	0
#SusPed	62.8857	66	0
#SusPed	62.906	69	0
#SusPed	62.9263	72	0
#SusPed	62.9456	75	0
#SusPed	63.046	74	0
#SusPed	63.0663	74	0
#SusPed	63.1058	73	0
#SusPed	63.1454	72	0
#SusPed	63.1657	71	0
#SusPed	63.186	71	0
#SusPed	63.2255	70	0
#SusPed	63.2458	70	0
#SusPed	63.2864	68	0
#SusPed	63.3056	66	0
#SusPed	63.3259	61	0
#SusPed	63.3462	56	0
#SusPed	63.3654	54	0
#SusPed	63.3857	55	0
#SusPed	63.406	57	0
#SusPed	63.4263	59	0
#SusPed	63.4456	60	0
#SusPed	63.4659	61	0
#SusPed	63.4862	61	0
#SusPed	63.5054	62	0
#SusPed	63.5257	63	0
#SusPed	63.546	63	0
#SusPed	63.5663	64	0
#SusPed	63.6058	63	0
#SusPed	63.7255	64	0
#SusPed	63.7458	64	0
#SusPed	63.7864	63	0
#SusPed	63.8056	61	0
#SusPed	63.8259	59	0
#SusPed	63.8654	61	0
#SusPed	63.8857	62	0
#SusPed	63.906	63	0
#SusPed	63.9456	64	0
#SusPed	63.9659	65	0
#SusPed	63.9862	65	0
#SusPed	64.1657	66	0
#SusPed	64.186	67	0
#SusPed	64.2063	67	0
#SusPed	64.2255	64	0
#SusPed	64.2458	58	0
#SusPed	64.2661	55	0
#SusPed	64.2864	56	0
#SusPed	64.3056	60	0
#SusPed	64.3259	64	0
#SusPed	64.3462	66	0
#SusPed	64.3654	69	0
#SusPed	64.3857	70	0
#SusPed	64.406	71	0
#SusPed	64.4263	71	0
#SusPed	64.4659	71	0
#SusPed	64.5054	70	0
#SusPed	64.5257	70	0
#SusPed	64.546	69	0
#SusPed	64.5663	69	0
#SusPed	64.6058	68	0
#SusPed	64.6657	68	0
#SusPed	64.686	67	0
#SusPed	64.7864	65	0
#SusPed	64.8056	62	0
#SusPed	64.8259	55	0
#SusPed	64.8462	49	0
#SusPed	64.8654	48	0
#SusPed	64.8857	50	0
#SusPed	64.906	57	0
#SusPed	64.9263	62	0
#SusPed	64.9456	63	0
#SusPed	64.9659	63	0
#SusPed	64.9862	64	0
#SusPed	65.0054	64	0
#SusPed	65.0257	65	0
#SusPed	65.1293	64	0
#SusPed	65.2853	64	0
#SusPed	65.3451	63	0
#SusPed	65.5652	63	0
#SusPed	65.5845	62	0
#SusPed	65.6048	61	0
#SusPed	65.6251	60	0
#SusPed	65.6646	60	0
#SusPed	65.7052	61	0
#SusPed	65.7244	61	0
#SusPed	65.765	62	0
#SusPed	66.0246	61	0
#SusPed	66.1261	62	0
#SusPed	66.3857	61	0
#SusPed	66.406	59	0
#SusPed	66.4263	57	0
#SusPed	66.4456	55	0
#SusPed	66.5257	55	0
#SusPed	66.546	56	0
#SusPed	66.5663	58	0
#SusPed	66.5855	59	0
#SusPed	66.6058	59	0
#SusPed	66.6657	60	0
#SusPed	66.686	61	0
#SusPed	66.7063	61	0
#SusPed	66.7661	62	0
#SusPed	66.9456	62	0
#SusPed	66.9659	63	0
#SusPed	67.0257	61	0
#SusPed	67.046	57	0
#SusPed	67.0663	52	0
#SusPed	67.0855	50	0
#SusPed	67.1058	51	0
#SusPed	67.1261	56	0
#SusPed	67.1454	60	0
#SusPed	67.1657	60	0
#SusPed	67.186	61	0
#SusPed	67.2063	62	0
#SusPed	67.2255	63	0
#SusPed	67.2458	63	0
#SusPed	67.5257	63	0
#SusPed	67.5855	63	0
#SusPed	67.6058	64	0
#SusPed	67.6454	63	0
#SusPed	67.6657	61	0
#SusPed	67.686	56	0
#SusPed	67.7063	51	0
#SusPed	67.7255	50	0
#SusPed	67.7458	51	0
#SusPed	67.7661	55	0
#SusPed	67.7864	57	0
#SusPed	67.8056	59	0
#SusPed	67.8259	61	0
#SusPed	67.8462	62	0
#SusPed	67.8654	63	0
#SusPed	67.9456	63	0
#SusPed	67.9862	63	0
#SusPed	68.3056	62	0
#SusPed	68.406	62	0
#SusPed	68.4263	60	0
#SusPed	68.4456	58	0
#SusPed	68.4659	56	0
#SusPed	68.4862	53	0
#SusPed	68.5054	53	0
#SusPed	68.546	55	0
#SusPed	68.5663	56	0
#SusPed	68.5855	57	0
#SusPed	68.6058	59	0
#SusPed	68.6261	61	0
#SusPed	68.6454	62	0
#SusPed	68.686	62	0
#SusPed	68.7063	63	0
#SusPed	68.7255	64	0
#SusPed	68.7458	64	0
#SusPed	68.8259	64	0
#SusPed	68.8462	63	0
#SusPed	68.8655	61	0
#SusPed	68.8857	60	0
#SusPed	68.906	60	0
#SusPed	68.9263	61	0
#SusPed	68.9456	62	0
#SusPed	69.0257	62	0
#SusPed	69.046	63	0
#SusPed	69.1261	62	0
#SusPed	69.1454	61	0
#SusPed	69.1657	58	0
#SusPed	69.186	54	0
#SusPed	69.2063	53	0
#SusPed	69.2458	54	0
#SusPed	69.2661	56	0
#SusPed	69.2864	56	0
#SusPed	69.3056	58	0
#SusPed	69.3259	60	0
#SusPed	69.3462	61	0
#SusPed	69.3655	61	0
#SusPed	69.4263	62	0
#SusPed	69.4456	62	0
#SusPed	69.5257	63	0
#SusPed	69.5855	61	0
#SusPed	69.6058	60	0
#SusPed	69.6261	58	0
#SusPed	69.6454	57	0
#SusPed	69.7063	57	0
#SusPed	69.7255	58	0
#SusPed	69.7458	59	0
#SusPed	69.7661	60	0
#SusPed	69.7864	61	0
#SusPed	69.8655	60	0
#SusPed	69.8858	60	0
#SusPed	69.906	58	0
#SusPed	69.9263	56	0
#SusPed	69.9456	55	0
#SusPed	69.9862	56	0
#SusPed	70.0054	57	0
#SusPed	70.046	58	0
#SusPed	70.0674	59	0
#SusPed	70.0866	60	0
#SusPed	70.1069	61	0
#SusPed	70.1272	61	0
#SusPed	70.1464	62	0
#SusPed	70.187	62	0
#SusPed	70.2447	62	0
#SusPed	70.265	61	0
#SusPed	70.3249	61	0
#SusPed	70.3847	62	0
#SusPed	70.4253	62	0
#SusPed	70.5054	62	0
#SusPed	70.6048	61	0
#SusPed	70.765	62	0
#SusPed	70.8046	62	0
#SusPed	70.8249	58	0
#SusPed	70.8452	51	0
#SusPed	70.8644	47	0
#SusPed	70.905	52	0
#SusPed	70.9253	59	0
#SusPed	70.9445	63	0
#SusPed	70.9648	65	0
#SusPed	70.9851	66	0
#SusPed	71.0054	69	0
#SusPed	71.0246	72	0
#SusPed	71.0449	75	0
#SusPed	71.0674	78	0
#SusPed	71.0866	79	0
#SusPed	71.1069	80	0
#SusPed	71.1464	81	0
#SusPed	71.1667	81	0
#SusPed	71.2255	82	0
#SusPed	71.3259	82	0
#SusPed	71.3462	83	0
#SusPed	71.3655	85	0
#SusPed	71.4061	80	0
#SusPed	71.4263	69	0
#SusPed	71.4456	57	0
#SusPed	71.4659	53	0
#SusPed	71.4862	54	0
#SusPed	71.5054	61	0
#SusPed	71.5257	65	0
#SusPed	71.546	70	0
#SusPed	71.5663	75	0
#SusPed	71.5855	82	0
#SusPed	71.6058	87	0
#SusPed	71.6261	90	0
#SusPed	71.6454	93	0
#SusPed	71.6657	94	0
#SusPed	71.686	95	0
#SusPed	71.7063	96	0
#SusPed	71.7458	96	0
#SusPed	71.7864	97	0
#SusPed	71.8056	98	0
#SusPed	71.8259	100	0
#SusPed	71.8462	108	0
#SusPed	71.8655	127	0
#SusPed	71.9264	101	0
#SusPed	71.9456	70	0
#SusPed	71.9659	51	0
#SusPed	71.9862	39	0
#SusPed	72.0054	41	0
#SusPed	72.0257	59	0
#SusPed	72.046	67	0
#SusPed	72.0642	77	0
#SusPed	72.0834	95	0
#SusPed	72.1037	127	0
#SusPed	72.4221	110	0
#SusPed	72.4424	78	0
#SusPed	72.4616	63	0
#SusPed	72.4819	42	0
#SusPed	72.5022	18	0
#SusPed	72.5214	9	0
#SusPed	72.5417	15	0
#SusPed	72.562	44	0
#SusPed	72.5823	61	0
#SusPed	72.6016	65	0
#SusPed	72.6219	66	0
#SusPed	72.6422	68	0
#SusPed	72.6614	70	0
#SusPed	72.6817	74	0
#SusPed	72.702	80	0
#SusPed	72.7223	87	0
#SusPed	72.7415	93	0
#SusPed	72.7618	94	0
#SusPed	72.7821	95	0
#SusPed	72.8014	96	0
#SusPed	72.8217	96	0
#SusPed	72.8419	98	0
#SusPed	72.8622	101	0
#SusPed	72.8815	106	0
#SusPed	72.9018	113	0
#SusPed	72.9221	115	0
#SusPed	72.9424	97	0
#SusPed	72.9616	76	0
#SusPed	72.9819	61	0
#SusPed	73.0022	17	0
#SusPed	73.0214	0	0
#SusPed	73.0962	47	0
#SusPed	73.1155	64	0
#SusPed	73.1358	67	0
#SusPed	73.1764	68	0
#SusPed	73.1956	69	0
#SusPed	73.2052	72	0
#SusPed	73.2244	76	0
#SusPed	73.2447	79	0
#SusPed	73.265	80	0
#SusPed	73.3452	81	0
#SusPed	73.405	80	0
#SusPed	73.4445	80	0
#SusPed	73.4648	79	0
#SusPed	73.4851	76	0
#SusPed	73.5054	68	0
#SusPed	73.5246	56	0
#SusPed	73.5449	0	0
#SusPed	73.6454	26	0
#SusPed	73.6646	61	0
#SusPed	73.6849	67	0
#SusPed	73.7052	72	0
#SusPed	73.7244	76	0
#SusPed	73.7447	78	0
#SusPed	73.765	79	0
#SusPed	73.7853	82	0
#SusPed	73.8046	84	0
#SusPed	73.8249	85	0
#SusPed	73.8452	86	0
#SusPed	73.9445	85	0
#SusPed	74.0054	85	0
#SusPed	74.0246	84	0
#SusPed	74.0449	82	0
#SusPed	74.0652	81	0
#SusPed	74.0845	80	0
#SusPed	74.1048	79	0
#SusPed	74.1251	77	0
#SusPed	74.1454	74	0
#SusPed	74.1646	70	0
#SusPed	74.1849	67	0
#SusPed	74.2052	65	0
#SusPed	74.2244	63	0
#SusPed	74.2447	62	0
#SusPed	74.265	60	0
#SusPed	74.2853	57	0
#SusPed	74.3046	51	0
#SusPed	74.3249	43	0
#SusPed	74.3452	19	0
#SusPed	74.3644	0	0
#SusPed	74.6048	13	0
#SusPed	74.6251	32	0
#SusPed	74.6454	34	0
#SusPed	74.6849	35	0
#SusPed	74.7052	40	0
#SusPed	74.7244	45	0
#SusPed	74.7447	45	0
#SusPed	74.765	46	0
#SusPed	74.7853	50	0
#SusPed	74.8046	57	0
#SusPed	74.8249	59	0
#SusPed	74.8452	58	0
#SusPed	74.8847	59	0
#SusPed	75.2052	59	0
#SusPed	75.2244	60	0
#SusPed	75.2447	61	0
#SusPed	75.265	61	0
#SusPed	75.3452	62	0
#SusPed	75.3644	61	0
#SusPed	75.4253	62	0
#SusPed	75.4445	62	0
#SusPed	75.4648	63	0
#SusPed	75.5054	61	0
#SusPed	75.5246	57	0
#SusPed	75.5449	47	0
#SusPed	75.5652	35	0
#SusPed	75.5845	32	0
#SusPed	75.6048	37	0
#SusPed	75.6251	54	0
#SusPed	75.6454	62	0
#SusPed	75.6646	64	0
#SusPed	75.6849	65	0
#SusPed	75.7052	67	0
#SusPed	75.7244	69	0
#SusPed	75.7447	72	0
#SusPed	75.765	75	0
#SusPed	75.7853	77	0
#SusPed	75.8249	78	0
#SusPed	75.8644	78	0
#SusPed	75.8847	79	0
#SusPed	75.9253	79	0
#SusPed	75.9648	78	0
#SusPed	75.9851	78	0
#SusPed	76.0054	76	0
#SusPed	76.0246	74	0
#SusPed	76.0449	72	0
#SusPed	76.0674	71	0
#SusPed	76.0866	70	0
#SusPed	76.1069	69	0
#SusPed	76.1272	69	0
#SusPed	76.1464	68	0
#SusPed	76.1667	68	0
#SusPed	76.187	67	0
#SusPed	76.2073	65	0
#SusPed	76.2266	61	0
#SusPed	76.2469	56	0
#SusPed	76.2672	47	0
#SusPed	76.2864	36	0
#SusPed	76.3067	27	0
#SusPed	76.327	21	0
#SusPed	76.3665	24	0
#SusPed	76.3868	30	0
#SusPed	76.4071	35	0
#SusPed	76.4264	39	0
#SusPed	76.4467	45	0
#SusPed	76.467	53	0
#SusPed	76.4873	54	0
#SusPed	76.5471	56	0
#SusPed	76.5674	59	0
#SusPed	76.5866	61	0
#SusPed	76.6272	61	0
#SusPed	76.6464	62	0
#SusPed	76.6667	63	0
#SusPed	76.687	64	0
#SusPed	76.7672	64	0
#SusPed	76.8868	65	0
#SusPed	76.9071	65	0
#SusPed	76.9264	65	0
#SusPed	76.9467	62	0
#SusPed	76.967	54	0
#SusPed	76.9873	47	0
#SusPed	77.0065	47	0
#SusPed	77.0268	52	0
#SusPed	77.0471	57	0
#SusPed	77.0674	58	0
#SusPed	77.0866	59	0
#SusPed	77.1069	60	0
#SusPed	77.1272	61	0
#SusPed	77.1464	62	0
#SusPed	77.1667	62	0
#SusPed	77.187	61	0
#SusPed	77.2052	58	0
#SusPed	77.2244	51	0
#SusPed	77.2447	46	0
#SusPed	77.2853	50	0
#SusPed	77.3046	54	0
#SusPed	77.3249	57	0
#SusPed	77.3452	60	0
#SusPed	77.3644	62	0
#SusPed	77.3847	64	0
#SusPed	77.405	64	0
#SusPed	77.5449	64	0
#SusPed	77.6454	63	0
#SusPed	77.7853	62	0
#SusPed	77.8046	57	0
#SusPed	77.8249	46	0
#SusPed	77.8452	32	0
#SusPed	77.8644	27	0
#SusPed	77.8847	27	0
#SusPed	77.905	39	0
#SusPed	77.9253	54	0
#SusPed	77.9445	59	0
#SusPed	77.9648	61	0
#SusPed	77.9851	62	0
#SusPed	78.0054	63	0
#SusPed	78.0246	63	0
#SusPed	78.0449	64	0
#SusPed	78.0652	64	0
#SusPed	78.1048	64	0
#SusPed	78.265	63	0
#SusPed	78.4445	64	0
#SusPed	78.5449	63	0
#SusPed	78.7052	63	0
#SusPed	78.7447	62	0
#SusPed	78.8644	62	0
#SusPed	78.8847	58	0
#SusPed	78.905	47	0
#SusPed	78.9253	40	0
#SusPed	78.9445	39	0
#SusPed	78.9851	44	0
#SusPed	79.0054	54	0
#SusPed	79.0246	60	0
#SusPed	79.0449	63	0
#SusPed	79.0663	64	0
#SusPed	79.0855	64	0
#SusPed	79.1454	65	0
#SusPed	79.1657	64	0
#SusPed	79.2052	64	0
#SusPed	79.3452	63	0
#SusPed	79.3644	61	0
#SusPed	79.3847	51	0
#SusPed	79.405	24	0
#SusPed	79.4253	0	0
#SusPed	79.4851	31	0
#SusPed	79.5054	57	0
#SusPed	79.5246	64	0
#SusPed	79.5449	65	0
#SusPed	79.5652	66	0
#SusPed	79.7244	65	0
#SusPed	79.8046	65	0
#SusPed	79.8452	64	0
#SusPed	79.905	63	0
#SusPed	79.9253	60	0
#SusPed	79.9445	48	0
#SusPed	79.9648	21	0
#SusPed	79.9851	0	0
#SusPed	80.0652	34	0
#SusPed	80.0845	57	0
#SusPed	80.1048	63	0
#SusPed	80.1251	64	0
#SusPed	80.1849	65	0
#SusPed	80.2052	66	0
#SusPed	80.2244	66	0
#SusPed	80.3046	66	0
#SusPed	80.4253	65	0
#SusPed	80.4445	65	0
#SusPed	80.4648	64	0
#SusPed	80.4851	64	0
#SusPed	80.5449	63	0
#SusPed	80.5652	63	0
#SusPed	80.5845	59	0
#SusPed	80.6048	46	0
#SusPed	80.6251	15	0
#SusPed	80.6454	0	0
#SusPed	80.7244	51	0
#SusPed	80.7447	63	0
#SusPed	80.765	66	0
#SusPed	80.8249	66	0
#SusPed	80.9253	66	0
#SusPed	81.0663	65	0
#SusPed	81.0855	65	0
#SusPed	81.1058	64	0
#SusPed	81.1261	64	0
#SusPed	81.1454	63	0
#SusPed	81.186	63	0
#SusPed	81.2244	63	0
#SusPed	81.2447	63	0
#SusPed	81.265	62	0
#SusPed	81.2853	61	0
#SusPed	81.3046	58	0
#SusPed	81.3249	52	0
#SusPed	81.3452	46	0
#SusPed	81.3644	43	0
#SusPed	81.3847	43	0
#SusPed	81.405	47	0
#SusPed	81.4253	52	0
#SusPed	81.4445	55	0
#SusPed	81.4648	57	0
#SusPed	81.4851	59	0
#SusPed	81.5054	60	0
#SusPed	81.8644	60	0
#SusPed	81.8847	61	0
#SusPed	82.1849	60	0
#SusPed	82.2447	60	0
#SusPed	82.3644	59	0
#SusPed	82.405	58	0
#SusPed	82.4253	58	0
#SusPed	82.4445	57	0
#SusPed	82.5652	57	0
#SusPed	82.6454	56	0
#SusPed	82.8249	56	0
#SusPed	83.1058	55	0
#SusPed	83.4648	55	0
#SusPed	83.6849	55	0
#SusPed	83.7447	56	0
#SusPed	83.8046	56	0
#SusPed	83.905	57	0
#SusPed	84.0845	56	0
#SusPed	86.0054	57	0
#SusPed	86.4253	56	0
#SusPed	86.6454	56	0
#SusPed	86.8046	55	0
#SusPed	86.9648	55	0
#SusPed	87.0653	54	0
#SusPed	87.0845	54	0
#SusPed	87.1048	53	0
#SusPed	87.1454	53	0
#SusPed	87.1646	52	0
#SusPed	87.2041	52	0
#SusPed	87.2234	51	0
#SusPed	87.2437	50	0
#SusPed	87.264	50	0
#SusPed	87.2843	49	0
#SusPed	87.3035	49	0
#SusPed	87.3238	48	0
#SusPed	87.3441	47	0
#SusPed	87.3644	46	0
#SusPed	87.3836	45	0
#SusPed	87.4039	44	0
#SusPed	87.4242	43	0
#SusPed	87.4435	41	0
#SusPed	87.4638	38	0
#SusPed	87.4841	34	0
#SusPed	87.5044	29	0
#SusPed	87.5236	21	0
#SusPed	87.5439	0	0
#SusPed	88.7244	9	0
#SusPed	88.7437	18	0
#SusPed	88.764	21	0
#SusPed	88.7843	22	0
#SusPed	88.8035	24	0
#SusPed	88.8238	25	0
#SusPed	88.8441	27	0
#SusPed	88.8644	27	0
#SusPed	88.9638	25	0
#SusPed	88.9841	22	0
#SusPed	89.0044	20	0
#SusPed	89.0236	18	0
#SusPed	89.0439	17	0
#SusPed	89.1059	22	0
#SusPed	89.1262	36	0
#SusPed	89.1454	49	0
#SusPed	89.1657	56	0
#SusPed	89.186	59	0
#SusPed	89.2063	62	0
#SusPed	89.2255	63	0
#SusPed	89.2458	65	0
#SusPed	89.2661	66	0
#SusPed	89.2864	67	0
#SusPed	89.3056	68	0
#SusPed	89.3259	69	0
#SusPed	89.3462	71	0
#SusPed	89.3655	73	0
#SusPed	89.3858	75	0
#SusPed	89.4061	76	0
#SusPed	89.4659	76	0
#SusPed	89.4862	78	0
#SusPed	89.5054	79	0
#SusPed	89.5257	79	0
#SusPed	89.686	79	0
#SusPed	89.7255	78	0
#SusPed	89.7458	78	0
#SusPed	89.7864	77	0
#SusPed	89.8056	76	0
#SusPed	89.8259	74	0
#SusPed	89.8462	72	0
#SusPed	89.8655	70	0
#SusPed	89.8858	68	0
#SusPed	89.9061	66	0
#SusPed	89.9264	64	0
#SusPed	89.9456	64	0
#SusPed	89.9659	63	0
#SusPed	89.9862	63	0
#SusPed	90.0054	62	0
#SusPed	90.0257	60	0
#SusPed	90.046	59	0
#SusPed	90.0674	59	0
#SusPed	90.0866	57	0
#SusPed	90.1069	54	0
#SusPed	90.1272	49	0
#SusPed	90.1465	41	0
#SusPed	90.1668	29	0
#SusPed	90.1871	0	0
#SusPed	90.4274	15	0
#SusPed	90.4467	19	0
#SusPed	90.467	20	0
#SusPed	90.4873	21	0
#SusPed	90.5065	31	0
#SusPed	90.5268	41	0
#SusPed	90.5471	43	0
#SusPed	90.6069	45	0
#SusPed	90.6272	49	0
#SusPed	90.6465	50	0
#SusPed	90.7074	53	0
#SusPed	90.7266	56	0
#SusPed	90.7469	56	0
#SusPed	90.7672	56	0
#SusPed	90.7864	55	0
#SusPed	90.8067	56	0
#SusPed	90.827	57	0
#SusPed	90.8473	58	0
#SusPed	90.9071	58	0
#SusPed	90.9274	59	0
#SusPed	90.9467	60	0
#SusPed	91.0268	61	0
#SusPed	91.0471	61	0
#SusPed	91.1283	62	0
#SusPed	91.1475	62	0
#SusPed	91.2074	63	0
#SusPed	91.2469	63	0
#SusPed	91.2864	64	0
#SusPed	91.3473	64	0
#SusPed	91.4071	65	0
#SusPed	91.467	65	0
#SusPed	91.4873	66	0
#SusPed	91.5268	66	0
#SusPed	91.5674	67	0
#SusPed	91.5866	68	0
#SusPed	91.6069	68	0
#SusPed	91.6272	69	0
#SusPed	91.6465	70	0
#SusPed	91.6668	71	0
#SusPed	91.6871	72	0
#SusPed	91.7074	73	0
#SusPed	91.7266	74	0
#SusPed	91.7469	75	0
#SusPed	91.7672	76	0
#SusPed	91.7864	78	0
#SusPed	91.8067	79	0
#SusPed	91.827	79	0
#SusPed	91.8473	80	0
#SusPed	91.8665	80	0
#SusPed	91.8868	82	0
#SusPed	91.9071	83	0
#SusPed	91.9274	84	0
#SusPed	91.9467	84	0
#SusPed	91.967	85	0
#SusPed	92.0065	85	0
#SusPed	92.0471	86	0
#SusPed	92.5054	85	0
#SusPed	92.6657	85	0
#SusPed	92.9862	84	0
#SusPed	93.1251	84	0
#SusPed	93.1849	83	0
#SusPed	93.2447	83	0
#SusPed	93.3249	82	0
#SusPed	93.3644	82	0
#SusPed	93.405	81	0
#SusPed	93.4253	81	0
#SusPed	93.4648	80	0
#SusPed	93.4851	80	0
#SusPed	93.5054	79	0
#SusPed	93.5247	79	0
#SusPed	93.545	78	0
#SusPed	93.5653	78	0
#SusPed	93.5845	77	0
#SusPed	93.6251	77	0
#SusPed	93.6454	76	0
#SusPed	93.6849	76	0
#SusPed	93.7244	75	0
#SusPed	93.7853	75	0
#SusPed	93.8046	74	0
#SusPed	93.8249	74	0
#SusPed	93.8452	73	0
#SusPed	93.8644	73	0
#SusPed	93.905	72	0
#SusPed	93.9253	72	0
#SusPed	93.9445	70	0
#SusPed	93.9648	69	0
#SusPed	93.9851	68	0
#SusPed	94.045	68	0
#SusPed	94.0663	67	0
#SusPed	94.0856	66	0
#SusPed	94.1657	66	0
#SusPed	94.186	65	0
#SusPed	94.2447	65	0
#SusPed	94.2853	64	0
#SusPed	94.3046	64	0
#SusPed	94.3452	63	0
#SusPed	94.405	63	0
#SusPed	94.4253	62	0
#SusPed	94.4445	62	0
#SusPed	94.5247	61	0
#SusPed	94.545	61	0
#SusPed	94.6251	60	0
#SusPed	94.6454	59	0
#SusPed	94.6646	59	0
#SusPed	94.7447	58	0
#SusPed	94.9648	59	0
#SusPed	95.2244	59	0
