// alignID alignOntime alignSitch alignPitch alignOnvel refID refOntime refSitch refPitch refOnvel
0	0.507479	A4	69	80	0	0	A4	69	80	
1	0.521368	A2	45	57	1	0	A2	45	80	
2	0.592949	B4	71	72	2	0.125	B4	71	80	
3	0.715813	C5	72	69	3	0.25	C5	72	80	
4	0.965813	E5	76	73	4	0.5	E5	76	80	
5	1.21047	C5	72	78	5	0.75	C5	72	80	
6	1.21581	A3	57	62	6	0.75	A3	57	80	
7	1.30235	G#3	56	70	7	0.875	G#3	56	80	
8	1.42201	A3	57	70	9	1	A3	57	80	
9	1.42522	A4	69	81	8	1	A4	69	80	
10	1.51496	G#3	56	68	10	1.125	G#3	56	80	
11	1.63889	A3	57	77	12	1.25	A3	57	80	
12	1.6453	E4	64	76	11	1.25	E4	64	80	
13	1.72116	G#3	56	71	13	1.375	G#3	56	80	
14	1.85257	A4	69	87	14	1.5	A4	69	80	
15	1.85898	A3	57	94	15	1.5	A3	57	80	
16	2.09295	C5	72	82	16	1.75	C5	72	80	
17	2.09722	E3	52	75	17	1.75	E3	52	80	
18	2.3344	C3	48	72	19	2	C3	48	80	
19	2.3344	E5	76	79	18	2	E5	76	80	
20	2.57799	B4	71	87	20	2.25	B4	71	80	
21	2.59081	A2	45	65	21	2.25	A2	45	80	
22	2.67949	C5	72	78	22	2.375	C5	72	80	
23	2.79915	D5	74	70	23	2.5	D5	74	80	
24	3.03419	F5	77	79	24	2.75	F5	77	80	
25	3.27244	D5	74	81	25	3	D5	74	80	
26	3.28419	A3	57	60	26	3	A3	57	80	
27	3.37073	G#3	56	69	27	3.125	G#3	56	80	
28	3.47864	B4	71	81	28	3.25	B4	71	80	
29	3.48077	A3	57	71	29	3.25	A3	57	80	
30	3.56838	G#3	56	72	30	3.375	G#3	56	80	
31	3.69445	A3	57	78	32	3.5	A3	57	80	
32	3.69979	G#4	68	82	31	3.5	G#4	68	80	
33	3.78526	G#3	56	79	33	3.625	G#3	56	80	
34	3.91347	B4	71	88	34	3.75	B4	71	80	
35	3.91988	A3	57	93	35	3.75	A3	57	80	
36	4.14317	F3	53	77	37	4	F3	53	80	
37	4.14851	D5	74	87	36	4	D5	74	80	
38	4.38676	D3	50	74	39	4.25	D3	50	80	
39	4.39103	F5	77	90	38	4.25	F5	77	80	
40	4.6218	D5	74	93	40	4.5	D5	74	80	
41	4.625	A2	45	75	41	4.5	A2	45	80	
42	4.72864	E5	76	82	42	4.625	E5	76	80	
43	4.84616	F5	77	82	43	4.75	F5	77	80	
44	5.07906	G#5	80	82	44	5	G#5	80	80	
45	5.31518	F5	77	89	45	5.25	F5	77	80	
46	5.33761	A3	57	67	46	5.25	A3	57	80	
47	5.42095	G#3	56	73	47	5.375	G#3	56	80	
48	5.5374	D5	74	84	48	5.5	D5	74	80	
49	5.53954	A3	57	73	49	5.5	A3	57	80	
50	5.62501	G#3	56	72	50	5.625	G#3	56	80	
51	5.75642	A3	57	78	52	5.75	A3	57	80	
52	5.75855	B4	71	86	51	5.75	B4	71	80	
53	5.84509	G#3	56	76	53	5.875	G#3	56	80	
54	5.97116	D5	74	92	54	6	D5	74	80	
55	5.97543	A3	57	91	55	6	A3	57	80	
56	6.21582	F5	77	92	56	6.25	F5	77	80	
57	6.21689	F3	53	81	57	6.25	F3	53	80	
58	6.44231	G#5	80	86	58	6.5	G#5	80	80	
59	6.4562	D3	50	76	59	6.5	D3	50	80	
60	6.69445	A2	45	64	61	6.75	A2	45	80	
61	6.70407	A5	81	84	60	6.75	A5	81	80	
62	6.98184	G5	79	72	62	7	G5	79	80	
63	7.07052	F5	77	70	63	7.125	F5	77	80	
64	7.15919	E5	76	69	64	7.25	E5	76	80	
65	7.26496	D5	74	68	65	7.375	D5	74	80	
66	7.38355	C5	72	63	66	7.5	C5	72	80	
67	7.63462	A4	69	68	67	7.75	A4	69	80	
68	7.85364	E4	64	67	68	8	E4	64	80	
69	8.09189	C4	60	67	69	8.25	C4	60	80	
70	8.30984	A3	57	73	70	8.5	A3	57	80	
71	8.52885	Eb4	63	80	71	8.75	Eb4	63	80	
72	8.7639	E3	52	72	75	9	E3	52	80	
73	8.78099	G5	79	75	73	9	G5	79	80	
74	8.78633	B4	71	67	74	9	B4	71	80	
75	8.78633	E5	76	67	72	9	E5	76	80	
76	8.86539	F#3	54	76	76	9.125	F#3	54	80	
77	8.9936	G3	55	81	77	9.25	G3	55	80	
78	9.23078	B3	59	81	78	9.5	B3	59	80	
79	9.45086	G3	55	86	80	9.75	G3	55	80	
80	9.4765	E5	76	68	79	9.75	E5	76	80	
81	9.56304	Eb5	75	72	81	9.875	Eb5	75	80	
82	9.67309	E3	52	77	83	10	E3	52	80	
83	9.67309	E5	76	62	82	10	E5	76	80	
84	9.75749	Eb5	75	72	84	10.125	Eb5	75	80	
85	9.89745	E5	76	73	85	10.25	E5	76	80	
86	9.89958	B2	47	77	86	10.25	B2	47	80	
87	9.99787	Eb5	75	77	87	10.375	Eb5	75	80	
88	10.1282	E3	52	85	89	10.5	E3	52	80	
89	10.1368	E5	76	78	88	10.5	E5	76	80	
90	10.2607	B4	71	79	90	10.625	B4	71	80	
91	10.3739	G3	55	88	92	10.75	G3	55	80	
92	10.3825	A4	69	76	91	10.75	A4	69	80	
93	10.4797	G4	67	81	93	10.875	G4	67	80	
94	10.578	B3	59	88	95	11	B3	59	80	
95	10.5962	F#4	66	74	94	11	F#4	66	80	
96	10.6891	E4	64	77	96	11.125	E4	64	80	
97	10.8024	F#3	54	85	99	11.25	F#3	54	80	
98	10.8269	A4	69	88	97	11.25	A4	69	80	
99	10.828	C5	72	88	98	11.25	C5	72	80	
100	10.9028	G3	55	81	100	11.375	G3	55	80	
101	11.0395	A3	57	88	101	11.5	A3	57	80	
102	11.2927	C4	60	88	102	11.75	C4	60	80	
103	11.5235	A3	57	86	103	12	A3	57	80	
104	11.6239	B4	71	79	104	12.125	B4	71	80	
105	11.7393	C5	72	80	105	12.25	C5	72	80	
106	11.7511	F#3	54	80	106	12.25	F#3	54	80	
107	11.843	B4	71	81	107	12.375	B4	71	80	
108	11.9722	C5	72	83	108	12.5	C5	72	80	
109	11.9765	Eb3	51	80	109	12.5	Eb3	51	80	
110	12.0769	B4	71	77	110	12.625	B4	71	80	
111	12.2062	F#3	54	88	112	12.75	F#3	54	80	
112	12.2094	C5	72	81	111	12.75	C5	72	80	
113	12.3141	G5	79	71	113	12.875	G5	79	80	
114	12.4338	F#5	78	77	114	13	F#5	78	80	
115	12.4445	A3	57	89	115	13	A3	57	80	
116	12.5438	E5	76	68	116	13.125	E5	76	80	
117	12.6421	Eb5	75	77	117	13.25	Eb5	75	80	
118	12.6613	C4	60	85	118	13.25	C4	60	80	
119	12.7575	E5	76	71	119	13.375	E5	76	80	
120	12.8782	A3	57	90	124	13.5	A3	57	80	
121	12.8782	A4	69	81	121	13.5	A4	69	80	
122	12.8825	Eb5	75	75	123	13.5	Eb5	75	80	
123	12.891	C5	72	82	122	13.5	C5	72	80	
124	12.8985	F#4	66	85	120	13.5	F#4	66	80	
125	12.9818	B3	59	85	125	13.625	B3	59	80	
126	13.1101	C4	60	91	126	13.75	C4	60	80	
127	13.3654	Eb4	63	89	127	14	Eb4	63	80	
128	13.5898	C4	60	88	128	14.25	C4	60	80	
129	13.6945	E5	76	72	129	14.375	E5	76	80	
130	13.8098	F#5	78	77	130	14.5	F#5	78	80	
131	13.8227	A3	57	80	131	14.5	A3	57	80	
132	13.922	E5	76	73	132	14.625	E5	76	80	
133	14.0449	F#3	54	78	134	14.75	F#3	54	80	
134	14.0481	F#5	78	75	133	14.75	F#5	78	80	
135	14.1389	E5	76	74	135	14.875	E5	76	80	
136	14.2789	A3	57	85	137	15	A3	57	80	
137	14.2885	F#5	78	79	136	15	F#5	78	80	
138	14.3857	E5	76	69	138	15.125	E5	76	80	
139	14.4979	C4	60	87	140	15.25	C4	60	80	
140	14.5043	Eb5	75	75	139	15.25	Eb5	75	80	
141	14.6197	F#5	78	79	141	15.375	F#5	78	80	
142	14.7233	Eb4	63	90	143	15.5	Eb4	63	80	
143	14.7372	B4	71	81	142	15.5	B4	71	80	
144	14.8291	A4	69	82	144	15.625	A4	69	80	
145	14.953	E4	64	91	146	15.75	E4	64	80	
146	14.9616	G4	67	90	145	15.75	G4	67	80	
147	15.2073	E3	52	73	147	16	E3	52	80	
148	15.2917	F#3	54	75	148	16.125	F#3	54	80	
149	15.421	G3	55	80	149	16.25	G3	55	80	
150	15.5214	A3	57	82	150	16.375	A3	57	80	
151	15.64	B3	59	80	151	16.5	B3	59	80	
152	15.8985	E4	64	64	152	16.75	E4	64	80	
153	16.109	G4	67	65	153	17	G4	67	80	
154	16.3547	B4	71	66	154	17.25	B4	71	80	
155	16.5812	E5	76	57	155	17.5	E5	76	80	
156	16.812	Bb4	70	59	156	17.75	Bb4	70	80	
157	17.0705	E4	64	52	160	18	E4	64	80	
158	17.0727	G5	79	58	159	18	G5	79	80	
159	17.0737	B4	71	53	157	18	B4	71	80	
160	17.0823	E5	76	52	158	18	E5	76	80	
161	17.1645	F#4	66	57	161	18.125	F#4	66	80	
162	17.2767	G4	67	64	162	18.25	G4	67	80	
163	17.5321	B4	71	67	163	18.5	B4	71	80	
164	17.7511	G4	67	69	164	18.75	G4	67	80	
165	17.8697	F#5	78	63	165	18.875	F#5	78	80	
166	17.9851	E4	64	61	167	19	E4	64	80	
167	17.9851	G5	79	59	166	19	G5	79	80	
168	18.0983	F#5	78	64	168	19.125	F#5	78	80	
169	18.2276	B3	59	63	170	19.25	B3	59	80	
170	18.2361	G5	79	60	169	19.25	G5	79	80	
171	18.3344	F#5	78	67	171	19.375	F#5	78	80	
172	18.4391	C#4	61	66	173	19.5	C#4	61	80	
173	18.4562	G5	79	67	172	19.5	G5	79	80	
174	18.5395	F5	77	71	174	19.625	F5	77	80	
175	18.6528	E5	76	68	175	19.75	E5	76	80	
176	18.6581	E4	64	72	176	19.75	E4	64	80	
177	18.7554	D5	74	71	177	19.875	D5	74	80	
178	18.8739	A4	69	76	179	20	A4	69	80	
179	18.8793	C#5	73	66	178	20	C#5	73	80	
180	18.9776	B4	71	66	180	20.125	B4	71	80	
181	19.1004	D4	62	82	184	20.25	D4	62	80	
182	19.1079	F5	77	79	183	20.25	F5	77	80	
183	19.109	A4	69	69	181	20.25	A4	69	80	
184	19.1272	D5	74	67	182	20.25	D5	74	80	
185	19.1998	E4	64	82	185	20.375	E4	64	80	
186	19.328	F4	65	80	186	20.5	F4	65	80	
187	19.5598	A4	69	82	187	20.75	A4	69	80	
188	19.7853	F4	65	87	188	21	F4	65	80	
189	19.8964	E5	76	70	189	21.125	E5	76	80	
190	20.015	D4	62	78	191	21.25	D4	62	80	
191	20.0203	F5	77	74	190	21.25	F5	77	80	
192	20.1186	E5	76	75	192	21.375	E5	76	80	
193	20.2522	F5	77	78	193	21.5	F5	77	80	
194	20.2596	A3	57	83	194	21.5	A3	57	80	
195	20.3504	E5	76	69	195	21.625	E5	76	80	
196	20.4787	B3	59	82	197	21.75	B3	59	80	
197	20.4861	F5	77	80	196	21.75	F5	77	80	
198	20.5866	E5	76	69	198	21.875	E5	76	80	
199	20.6881	D5	74	74	199	22	D5	74	80	
200	20.6977	D4	62	70	200	22	D4	62	80	
201	20.8024	C5	72	75	201	22.125	C5	72	80	
202	20.9071	G4	67	70	203	22.25	G4	67	80	
203	20.9071	B4	71	74	202	22.25	B4	71	80	
204	21.0107	A4	69	73	204	22.375	A4	69	80	
205	21.1165	C4	60	78	208	22.5	C4	60	80	
206	21.1218	E5	76	78	207	22.5	E5	76	80	
207	21.1314	C5	72	72	206	22.5	C5	72	80	
208	21.1336	G4	67	68	205	22.5	G4	67	80	
209	21.2222	D4	62	76	209	22.625	D4	62	80	
210	21.3494	E4	64	73	210	22.75	E4	64	80	
211	21.5898	G4	67	64	211	23	G4	67	80	
212	21.8045	E4	64	73	212	23.25	E4	64	80	
213	21.9156	D5	74	65	213	23.375	D5	74	80	
214	22.0299	C4	60	72	215	23.5	C4	60	80	
215	22.0363	E5	76	68	214	23.5	E5	76	80	
216	22.1346	D5	74	74	216	23.625	D5	74	80	
217	22.2575	E5	76	78	217	23.75	E5	76	80	
218	22.265	G3	55	79	218	23.75	G3	55	80	
219	22.3558	D5	74	73	219	23.875	D5	74	80	
220	22.4829	A3	57	80	221	24	A3	57	80	
221	22.4829	C5	72	82	220	24	C5	72	80	
222	22.5866	G5	79	77	222	24.125	G5	79	80	
223	22.7019	F5	77	80	223	24.25	F5	77	80	
224	22.7041	C4	60	75	224	24.25	C4	60	80	
225	22.7949	E5	76	77	225	24.375	E5	76	80	
226	22.9103	D5	74	81	226	24.5	D5	74	80	
227	22.9306	F4	65	78	227	24.5	F4	65	80	
228	23.0128	C5	72	80	228	24.625	C5	72	80	
229	23.1368	B4	71	82	229	24.75	B4	71	80	
230	23.1453	G3	55	67	230	24.75	G3	55	80	
231	23.1731	A3	57	47	*	-1	*	-1	-1	
232	23.2522	E5	76	76	231	24.875	E5	76	80	
233	23.3633	B3	59	73	233	25	B3	59	80	
234	23.3697	D5	74	78	232	25	D5	74	80	
235	23.4616	C5	72	79	234	25.125	C5	72	80	
236	23.5737	D4	62	64	236	25.25	D4	62	80	
237	23.5737	B4	71	81	235	25.25	B4	71	80	
238	23.6646	A4	69	81	237	25.375	A4	69	80	
239	23.7863	G4	67	85	238	25.5	G4	67	80	
240	23.7992	F4	65	79	239	25.5	F4	65	80	
241	23.8943	C5	72	82	240	25.625	C5	72	80	
242	24.0128	B4	71	78	241	25.75	B4	71	80	
243	24.015	D4	62	73	242	25.75	D4	62	80	
244	24.1143	A4	69	81	243	25.875	A4	69	80	
245	24.2404	G4	67	82	244	26	G4	67	80	
246	24.2468	B3	59	73	245	26	B3	59	80	
247	24.3302	F4	65	80	246	26.125	F4	65	80	
248	24.453	G3	55	75	248	26.25	G3	55	80	
249	24.4584	E4	64	81	247	26.25	E4	64	80	
250	24.547	A4	69	82	249	26.375	A4	69	80	
251	24.6667	G4	67	79	250	26.5	G4	67	80	
252	24.6902	B3	59	67	251	26.5	B3	59	80	
253	24.7693	F4	65	80	252	26.625	F4	65	80	
254	24.8889	E4	64	81	253	26.75	E4	64	80	
255	24.9081	G3	55	64	254	26.75	G3	55	80	
256	24.9829	D4	62	80	255	26.875	D4	62	80	
257	25.1069	E4	64	89	256	27	E4	64	80	
258	25.1229	C4	60	81	257	27	C4	60	80	
259	25.2255	F4	65	85	258	27.125	F4	65	80	
260	25.3344	G4	67	89	259	27.25	G4	67	80	
261	25.5727	C5	72	81	260	27.5	C5	72	80	
262	25.7917	G4	67	88	261	27.75	G4	67	80	
263	25.9007	A3	57	75	262	27.875	A3	57	80	
264	25.9979	G3	55	78	264	28	G3	55	80	
265	26.0107	E4	64	82	263	28	E4	64	80	
266	26.0994	F3	53	78	265	28.125	F3	53	80	
267	26.2222	E3	52	78	267	28.25	E3	52	80	
268	26.234	C4	60	82	266	28.25	C4	60	80	
269	26.328	D3	50	76	268	28.375	D3	50	80	
270	26.4466	C3	48	79	270	28.5	C3	48	80	
271	26.4541	E4	64	86	269	28.5	E4	64	80	
272	26.5481	D3	50	65	272	28.625	D3	50	80	
273	26.656	E3	52	76	274	28.75	E3	52	80	
274	26.6763	G4	67	80	273	28.75	G4	67	80	
275	26.7671	F3	53	81	275	28.875	F3	53	80	
276	26.8708	G3	55	82	277	29	G3	55	80	
277	26.8836	C5	72	82	276	29	C5	72	80	
278	26.9648	E3	52	78	278	29.125	E3	52	80	
279	27.1005	A3	57	88	280	29.25	A3	57	80	
280	27.1058	F4	65	86	279	29.25	F4	65	80	
281	27.2116	G4	67	77	281	29.375	G4	67	80	
282	27.3291	A4	69	80	282	29.5	A4	69	80	
283	27.5791	C5	72	80	283	29.75	C5	72	80	
284	27.797	A4	69	85	284	30	A4	69	80	
285	27.8943	C3	48	72	285	30.125	C3	48	80	
286	28.0107	D3	50	71	287	30.25	D3	50	80	
287	28.0289	F4	65	81	286	30.25	F4	65	80	
288	28.1175	E3	52	66	288	30.375	E3	52	80	
289	28.249	C4	60	81	289	30.5	C4	60	80	
290	28.2532	F3	53	79	290	30.5	F3	53	80	
291	28.3494	G3	55	78	291	30.625	G3	55	80	
292	28.4616	A3	57	83	293	30.75	A3	57	80	
293	28.4733	F4	65	86	292	30.75	F4	65	80	
294	28.5673	G3	55	77	294	30.875	G3	55	80	
295	28.6646	F3	53	81	296	31	F3	53	80	
296	28.6849	A4	69	86	295	31	A4	69	80	
297	28.7596	E3	52	78	297	31.125	E3	52	80	
298	28.8686	D3	50	73	299	31.25	D3	50	80	
299	28.8889	C5	72	84	298	31.25	C5	72	80	
300	28.9594	C3	48	72	300	31.375	C3	48	80	
301	29.0855	D3	50	85	302	31.5	D3	50	80	
302	29.0962	B4	71	92	301	31.5	B4	71	80	
303	29.2126	C5	72	86	303	31.625	C5	72	80	
304	29.3302	D5	74	83	304	31.75	D5	74	80	
305	29.578	F5	77	88	305	32	F5	77	80	
306	29.7874	B2	47	71	307	32.25	B2	47	80	
307	29.7928	D5	74	90	306	32.25	D5	74	80	
308	29.8878	E3	52	78	308	32.375	E3	52	80	
309	30.0193	D3	50	80	310	32.5	D3	50	80	
310	30.0193	B4	71	91	309	32.5	B4	71	80	
311	30.1272	C3	48	77	311	32.625	C3	48	80	
312	30.2458	G4	67	87	312	32.75	G4	67	80	
313	30.25	B2	47	82	313	32.75	B2	47	80	
314	30.3643	A2	45	73	314	32.875	A2	45	80	
315	30.4584	B4	71	93	315	33	B4	71	80	
316	30.4733	G2	43	81	316	33	G2	43	80	
317	30.5812	A2	45	73	317	33.125	A2	45	80	
318	30.6774	D5	74	91	318	33.25	D5	74	80	
319	30.6977	G2	43	80	319	33.25	G2	43	80	
320	30.8002	F2	41	82	320	33.375	F2	41	80	
321	30.9092	F5	77	90	321	33.5	F5	77	80	
322	30.9231	E2	40	81	322	33.5	E2	40	80	
323	31.0235	D2	38	74	323	33.625	D2	38	80	
324	31.1411	E5	76	92	324	33.75	E5	76	80	
325	31.1496	C2	36	81	325	33.75	C2	36	80	
326	31.2703	D5	74	80	326	33.875	D5	74	80	
327	31.3601	C5	72	80	327	34	C5	72	80	
328	31.4744	B4	71	74	328	34.125	B4	71	80	
329	31.5951	C5	72	75	329	34.25	C5	72	80	
330	31.6881	G4	67	76	331	34.375	G4	67	80	
331	31.7981	E4	64	72	332	34.5	E4	64	80	
332	31.9071	D4	62	66	333	34.625	D4	62	80	
333	32.0171	C4	60	62	334	34.75	C4	60	80	
334	32.1186	B3	59	62	335	34.875	B3	59	80	
335	32.25	C4	60	64	336	35	C4	60	80	
336	32.344	G3	55	66	337	35.125	G3	55	80	
337	32.4626	E3	52	62	338	35.25	E3	52	80	
338	32.5684	G3	55	54	339	35.375	G3	55	80	
339	32.6614	F3	53	59	340	35.5	F3	53	80	
340	32.7725	E3	52	57	341	35.625	E3	52	80	
341	32.8846	D3	50	46	342	35.75	D3	50	80	
342	32.9808	C3	48	51	343	35.875	C3	48	80	
343	33.0973	F#3	54	53	345	36	F#3	54	80	
344	33.0983	Eb5	75	60	344	36	Eb5	75	80	
345	33.2201	A4	69	54	346	36.125	A4	69	80	
346	33.3451	F#3	54	37	348	36.25	F#3	54	80	
347	33.3494	Bb4	70	57	347	36.25	Bb4	70	80	
348	33.4765	C5	72	49	349	36.375	C5	72	80	
349	33.5695	F#3	54	40	351	36.5	F#3	54	80	
350	33.5834	Bb4	70	50	350	36.5	Bb4	70	80	
351	33.6806	A4	69	56	352	36.625	A4	69	80	
352	33.796	F#3	54	54	354	36.75	F#3	54	80	
353	33.7992	D5	74	68	353	36.75	D5	74	80	
354	33.9049	A4	69	63	355	36.875	A4	69	80	
355	34.0225	F#3	54	48	357	37	F#3	54	80	
356	34.0257	Bb4	70	56	356	37	Bb4	70	80	
357	34.1325	C5	72	59	358	37.125	C5	72	80	
358	34.2511	Bb4	70	62	359	37.25	Bb4	70	80	
359	34.2607	F#3	54	45	360	37.25	F#3	54	80	
360	34.3408	A4	69	69	361	37.375	A4	69	80	
361	34.4744	A5	81	68	362	37.5	A5	81	80	
362	34.4819	F#3	54	50	363	37.5	F#3	54	80	
363	34.5876	A4	69	68	364	37.625	A4	69	80	
364	34.7009	Bb4	70	66	365	37.75	Bb4	70	80	
365	34.7052	F#3	54	53	366	37.75	F#3	54	80	
366	34.8131	C5	72	69	367	37.875	C5	72	80	
367	34.9285	F#3	54	60	369	38	F#3	54	80	
368	34.9338	Bb4	70	67	368	38	Bb4	70	80	
369	35.0171	A4	69	70	370	38.125	A4	69	80	
370	35.1475	Bb4	70	70	371	38.25	Bb4	70	80	
371	35.1549	G3	55	63	372	38.25	G3	55	80	
372	35.2917	A4	69	55	373	38.375	A4	69	80	
373	35.4007	G4	67	55	374	38.5	G4	67	80	
374	35.5086	F#4	66	67	375	38.625	F#4	66	80	
375	35.624	G4	67	66	376	38.75	G4	67	80	
376	35.7084	D4	62	62	378	38.875	D4	62	80	
377	35.8205	Bb3	58	73	379	39	Bb3	58	80	
378	35.9349	A3	57	68	380	39.125	A3	57	80	
379	36.0524	G3	55	63	381	39.25	G3	55	80	
380	36.1485	F#3	54	65	382	39.375	F#3	54	80	
381	36.2757	G3	55	70	383	39.5	G3	55	80	
382	36.3825	D3	50	71	384	39.625	D3	50	80	
383	36.5	Bb2	46	69	385	39.75	Bb2	46	80	
384	36.6133	D3	50	73	386	39.875	D3	50	80	
385	36.7094	C3	48	73	387	40	C3	48	80	
386	36.8216	Bb2	46	73	388	40.125	Bb2	46	80	
387	36.921	A2	45	71	389	40.25	A2	45	80	
388	37.0257	G2	43	68	390	40.375	G2	43	80	
389	37.1347	C#3	49	74	392	40.5	C#3	49	80	
390	37.1347	Bb4	70	77	391	40.5	Bb4	70	80	
391	37.2522	E4	64	67	393	40.625	E4	64	80	
392	37.3654	C#3	49	67	395	40.75	C#3	49	80	
393	37.3782	F4	65	68	394	40.75	F4	65	80	
394	37.4894	G4	67	73	396	40.875	G4	67	80	
395	37.5908	C#3	49	68	398	41	C#3	49	80	
396	37.6133	F4	65	68	397	41	F4	65	80	
397	37.6881	E4	64	75	399	41.125	E4	64	80	
398	37.8141	C#3	49	79	401	41.25	C#3	49	80	
399	37.8141	A4	69	89	400	41.25	A4	69	80	
400	37.9285	E4	64	74	402	41.375	E4	64	80	
401	38.0225	F4	65	77	403	41.5	F4	65	80	
402	38.0406	C#3	49	73	404	41.5	C#3	49	80	
403	38.1261	G4	67	78	405	41.625	G4	67	80	
404	38.2597	F4	65	79	406	41.75	F4	65	80	
405	38.2629	C#3	49	77	407	41.75	C#3	49	80	
406	38.3526	E4	64	80	408	41.875	E4	64	80	
407	38.4776	E5	76	88	409	42	E5	76	80	
408	38.4947	C#3	49	84	410	42	C#3	49	80	
409	38.5887	E4	64	80	411	42.125	E4	64	80	
410	38.702	F4	65	81	412	42.25	F4	65	80	
411	38.7116	C#3	49	79	413	42.25	C#3	49	80	
412	38.8099	G4	67	87	414	42.375	G4	67	80	
413	38.9253	F4	65	81	415	42.5	F4	65	80	
414	38.9295	C#3	49	81	416	42.5	C#3	49	80	
415	39.0129	E4	64	81	417	42.625	E4	64	80	
416	39.125	D3	50	88	419	42.75	D3	50	80	
417	39.1389	F4	65	91	418	42.75	F4	65	80	
418	39.2255	E3	52	85	420	42.875	E3	52	80	
419	39.3526	F3	53	90	421	43	F3	53	80	
420	39.6058	A3	57	91	422	43.25	A3	57	80	
421	39.8302	F3	53	87	423	43.5	F3	53	80	
422	39.9445	E4	64	74	424	43.625	E4	64	80	
423	40.0481	D3	50	79	426	43.75	D3	50	80	
424	40.0631	F4	65	72	425	43.75	F4	65	80	
425	40.156	A4	69	77	427	43.875	A4	69	80	
426	40.2789	D5	74	72	428	44	D5	74	80	
427	40.2832	A2	45	82	429	44	A2	45	80	
428	40.3718	A4	69	77	430	44.125	A4	69	80	
429	40.4979	F5	77	90	431	44.25	F5	77	80	
430	40.5022	D3	50	83	432	44.25	D3	50	80	
431	40.5983	E5	76	83	433	44.375	E5	76	80	
432	40.7159	D5	74	83	434	44.5	D5	74	80	
433	40.7244	F3	53	83	435	44.5	F3	53	80	
434	40.8099	C5	72	84	436	44.625	C5	72	80	
435	40.9253	B4	71	82	437	44.75	B4	71	80	
436	40.9349	A3	57	91	438	44.75	A3	57	80	
437	41.015	A4	69	84	439	44.875	A4	69	80	
438	41.1485	D3	50	88	441	45	D3	50	80	
439	41.1485	G#5	80	87	440	45	G#5	80	80	
440	41.1977	E3	52	37	*	-1	*	-1	-1	
441	41.25	E3	52	58	442	45.125	E3	52	80	
442	41.3772	F3	53	89	443	45.25	F3	53	80	
443	41.624	G#3	56	86	444	45.5	G#3	56	80	
444	41.8366	F3	53	84	445	45.75	F3	53	80	
445	41.9434	A5	81	76	446	45.875	A5	81	80	
446	42.0513	D3	50	83	448	46	D3	50	80	
447	42.0631	B5	83	83	447	46	B5	83	80	
448	42.1688	A5	81	72	449	46.125	A5	81	80	
449	42.2767	G#5	80	82	450	46.25	G#5	80	80	
450	42.2821	B2	47	83	451	46.25	B2	47	80	
451	42.3782	F#5	78	83	452	46.375	F#5	78	80	
452	42.4819	E5	76	81	453	46.5	E5	76	80	
453	42.5011	D3	50	87	454	46.5	D3	50	80	
454	42.5909	F5	77	85	455	46.625	F5	77	80	
455	42.7073	E5	76	79	456	46.75	E5	76	80	
456	42.7126	F3	53	85	457	46.75	F3	53	80	
457	42.8056	D5	74	85	458	46.875	D5	74	80	
458	42.9124	C5	72	88	459	47	C5	72	80	
459	42.921	G#3	56	87	460	47	G#3	56	80	
460	43.0107	B4	71	86	461	47.125	B4	71	80	
461	43.14	C3	48	91	463	47.25	C3	48	80	
462	43.1421	A4	69	97	462	47.25	A4	69	80	
463	43.2458	B4	71	88	464	47.375	B4	71	80	
464	43.3686	C5	72	89	465	47.5	C5	72	80	
465	43.6101	E5	76	86	466	47.75	E5	76	80	
466	43.8387	C5	72	94	467	48	C5	72	80	
467	43.8451	A3	57	81	468	48	A3	57	80	
468	43.9488	G#3	56	81	469	48.125	G#3	56	80	
469	44.0545	A3	57	84	471	48.25	A3	57	80	
470	44.0556	A4	69	89	470	48.25	A4	69	80	
471	44.1624	G#3	56	85	472	48.375	G#3	56	80	
472	44.2575	E4	64	70	473	48.5	E4	64	80	
473	44.2906	A3	57	85	474	48.5	A3	57	80	
474	44.2992	F4	65	47	*	-1	*	-1	-1	
475	44.3676	G#3	56	86	475	48.625	G#3	56	80	
476	44.4968	A3	57	95	477	48.75	A3	57	80	
477	44.5065	E5	76	89	476	48.75	E5	76	80	
478	44.6133	D5	74	82	478	48.875	D5	74	80	
479	44.7255	C5	72	80	479	49	C5	72	80	
480	44.7287	E3	52	89	480	49	E3	52	80	
481	44.8238	B4	71	83	481	49.125	B4	71	80	
482	44.9285	A4	69	82	482	49.25	A4	69	80	
483	44.9466	C3	48	75	483	49.25	C3	48	80	
484	44.952	B2	47	72	*	-1	*	-1	-1	
485	45.031	G#4	68	88	484	49.375	G#4	68	80	
486	45.1432	A4	69	96	485	49.5	A4	69	80	
487	45.1475	F2	41	92	486	49.5	F2	41	80	
488	45.2543	B4	71	94	487	49.625	B4	71	80	
489	45.3718	C5	72	93	488	49.75	C5	72	80	
490	45.6026	A5	81	88	489	50	A5	81	80	
491	45.8366	E5	76	95	490	50.25	E5	76	80	
492	45.8377	A3	57	78	491	50.25	A3	57	80	
493	45.9391	G#3	56	77	492	50.375	G#3	56	80	
494	46.0513	A3	57	78	494	50.5	A3	57	80	
495	46.0631	C5	72	92	493	50.5	C5	72	80	
496	46.1464	G#3	56	78	495	50.625	G#3	56	80	
497	46.2661	A3	57	78	497	50.75	A3	57	80	
498	46.2821	A4	69	84	496	50.75	A4	69	80	
499	46.3515	G#3	56	81	498	50.875	G#3	56	80	
500	46.4968	A3	57	94	500	51	A3	57	80	
501	46.5075	A5	81	90	499	51	A5	81	80	
502	46.6176	G5	79	81	501	51.125	G5	79	80	
503	46.7308	B3	59	83	503	51.25	B3	59	80	
504	46.7319	F5	77	88	502	51.25	F5	77	80	
505	46.828	E5	76	87	504	51.375	E5	76	80	
506	46.9349	D5	74	84	505	51.5	D5	74	80	
507	46.9424	C4	60	83	506	51.5	C4	60	80	
508	47.0342	C5	72	91	507	51.625	C5	72	80	
509	47.156	D3	50	87	509	51.75	D3	50	80	
510	47.1582	F5	77	95	508	51.75	F5	77	80	
511	47.2735	E5	76	81	510	51.875	E5	76	80	
512	47.3868	D5	74	87	511	52	D5	74	80	
513	47.3996	E3	52	82	512	52	E3	52	80	
514	47.4819	C5	72	93	513	52.125	C5	72	80	
515	47.5898	B4	71	83	514	52.25	B4	71	80	
516	47.608	F3	53	89	515	52.25	F3	53	80	
517	47.6913	A4	69	90	516	52.375	A4	69	80	
518	47.8077	D5	74	93	517	52.5	D5	74	80	
519	47.8238	B2	47	87	518	52.5	B2	47	80	
520	47.9092	C5	72	82	519	52.625	C5	72	80	
521	48.0182	B4	71	84	520	52.75	B4	71	80	
522	48.0374	C3	48	91	521	52.75	C3	48	80	
523	48.1293	A4	69	87	522	52.875	A4	69	80	
524	48.2479	D3	50	84	524	53	D3	50	80	
525	48.2511	G#4	68	88	523	53	G#4	68	80	
526	48.3526	F#4	66	86	525	53.125	F#4	66	80	
527	48.468	G#2	44	90	527	53.25	G#2	44	80	
528	48.4819	B4	71	95	526	53.25	B4	71	80	
529	48.5941	A4	69	81	528	53.375	A4	69	80	
530	48.7009	G#4	68	85	529	53.5	G#4	68	80	
531	48.703	A2	45	89	530	53.5	A2	45	80	
532	48.8067	F#4	66	86	531	53.625	F#4	66	80	
533	48.9092	B2	47	87	533	53.75	B2	47	80	
534	48.9114	E4	64	82	532	53.75	E4	64	80	
535	49.0236	D4	62	85	534	53.875	D4	62	80	
536	49.1507	C2	36	89	536	54	C2	36	80	
537	49.1518	E4	64	92	535	54	E4	64	80	
538	49.2874	A4	69	82	537	54.125	A4	69	80	
539	49.3996	G4	67	81	538	54.25	G4	67	80	
540	49.5065	F4	65	84	539	54.375	F4	65	80	
541	49.609	E4	64	87	540	54.5	E4	64	80	
542	49.7041	D4	62	84	541	54.625	D4	62	80	
543	49.8174	C4	60	92	542	54.75	C4	60	80	
544	49.9178	F4	65	83	543	54.875	F4	65	80	
545	50.0139	C3	48	80	545	55	C3	48	80	
546	50.0214	E4	64	80	544	55	E4	64	80	
547	50.1229	D4	62	82	546	55.125	D4	62	80	
548	50.2362	C4	60	85	547	55.25	C4	60	80	
549	50.2458	D3	50	83	548	55.25	D3	50	80	
550	50.3302	B3	59	78	549	55.375	B3	59	80	
551	50.4424	A3	57	86	550	55.5	A3	57	80	
552	50.4498	E3	52	80	551	55.5	E3	52	80	
553	50.5439	D4	62	78	552	55.625	D4	62	80	
554	50.6603	D3	50	68	554	55.75	D3	50	80	
555	50.6614	C4	60	71	553	55.75	C4	60	80	
556	50.765	B3	59	70	555	55.875	B3	59	80	
557	50.8697	E3	52	62	557	56	E3	52	80	
558	50.8921	A3	57	69	556	56	A3	57	80	
559	50.9926	G#3	56	70	558	56.125	G#3	56	80	
560	51.109	A2	45	58	560	56.25	A2	45	80	
561	51.1154	A3	57	75	559	56.25	A3	57	80	
562	51.2372	B3	59	77	562	56.375	B3	59	80	
563	51.3366	C#4	61	77	563	56.5	C#4	61	80	
564	51.4327	D4	62	83	564	56.625	D4	62	80	
565	51.5492	E4	64	82	565	56.75	E4	64	80	
566	51.6443	F4	65	85	566	56.875	F4	65	80	
567	51.7629	G4	67	85	567	57	G4	67	80	
568	51.8815	B2	47	66	568	57.125	B2	47	80	
569	51.9798	C#3	49	70	570	57.25	C#3	49	80	
570	51.9883	E4	64	76	569	57.25	E4	64	80	
571	52.1037	D3	50	77	571	57.375	D3	50	80	
572	52.2212	C#4	61	68	572	57.5	C#4	61	80	
573	52.2233	E3	52	75	573	57.5	E3	52	80	
574	52.3184	F3	53	85	574	57.625	F3	53	80	
575	52.4135	Bb4	70	86	575	57.75	Bb4	70	80	
576	52.4466	G3	55	89	576	57.75	G3	55	80	
577	52.531	C#4	61	76	577	57.875	C#4	61	80	
578	52.6592	A4	69	82	578	58	A4	69	80	
579	52.6667	F3	53	77	579	58	F3	53	80	
580	52.7682	C#4	61	77	580	58.125	C#4	61	80	
581	52.8857	G4	67	74	581	58.25	G4	67	80	
582	52.8932	E3	52	80	582	58.25	E3	52	80	
583	52.9819	C#4	61	76	583	58.375	C#4	61	80	
584	53.1048	F4	65	74	584	58.5	F4	65	80	
585	53.1133	D3	50	85	585	58.5	D3	50	80	
586	53.2362	A4	69	76	586	58.625	A4	69	80	
587	53.3601	B4	71	88	587	58.75	B4	71	80	
588	53.4605	C#5	73	85	588	58.875	C#5	73	80	
589	53.5674	D5	74	81	589	59	D5	74	80	
590	53.6624	E5	76	85	590	59.125	E5	76	80	
591	53.8067	F5	77	94	591	59.25	F5	77	80	
592	53.9327	A3	57	73	592	59.375	A3	57	80	
593	54.0652	D5	74	82	594	59.5	D5	74	80	
594	54.0684	B3	59	74	595	59.5	B3	59	80	
595	54.1945	C#4	61	80	596	59.625	C#4	61	80	
596	54.328	D4	62	87	598	59.75	D4	62	80	
597	54.3494	B4	71	83	597	59.75	B4	71	80	
598	54.4552	E4	64	81	599	59.875	E4	64	80	
599	54.6304	F4	65	83	601	60	F4	65	80	
600	54.6454	A5	81	78	600	60	A5	81	80	
601	54.7874	G#5	80	80	602	60.125	G#5	80	80	
602	54.9562	E4	64	79	604	60.25	E4	64	80	
603	54.9562	A5	81	84	603	60.25	A5	81	80	
604	55.0941	G#5	80	77	605	60.375	G#5	80	80	
605	55.2832	D4	62	72	607	60.5	D4	62	80	
606	55.2874	A5	81	83	606	60.5	A5	81	80	
607	55.4584	G#5	80	88	608	60.625	G#5	80	80	
608	55.8003	A5	81	77	611	60.75	A5	81	80	
609	55.8077	E4	64	71	612	60.75	E4	64	80	
610	55.8099	C#5	73	70	609	60.75	C#5	73	80	
611	55.811	E5	76	79	610	60.75	E5	76	80	
*	-1	*	-1	-1	271	28.5	C3	48	80	
*	-1	*	-1	-1	330	34.25	C5	72	80	
*	-1	*	-1	-1	377	38.75	G4	67	80	
*	-1	*	-1	-1	561	56.25	A2	45	80	
*	-1	*	-1	-1	593	59.375	A3	57	80	
