// alignID alignOntime alignSitch alignPitch alignOnvel refID refOntime refSitch refPitch refOnvel
0	0.508547	F5	77	57	0	0	F5	77	80	
1	0.522435	C#3	49	47	1	0	C#3	49	80	
2	0.63141	C#5	73	62	2	0.125	C#5	73	80	
3	0.737179	G#4	68	73	3	0.25	G#4	68	80	
4	0.8547	C#5	73	67	4	0.375	C#5	73	80	
5	0.966879	F5	77	69	5	0.5	F5	77	80	
6	0.974358	C#4	61	63	6	0.5	C#4	61	80	
7	1.08547	C#5	73	66	7	0.625	C#5	73	80	
8	1.19979	Eb3	51	51	9	0.75	Eb3	51	80	
9	1.20406	F#5	78	72	8	0.75	F#5	78	80	
10	1.32906	C#5	73	63	10	0.875	C#5	73	80	
11	1.44444	F#5	78	74	11	1	F#5	78	80	
12	1.5609	C#5	73	66	12	1.125	C#5	73	80	
13	1.67521	C#4	61	65	14	1.25	C#4	61	80	
14	1.68055	F#5	78	75	13	1.25	F#5	78	80	
15	1.80128	C#5	73	64	15	1.375	C#5	73	80	
16	1.91666	G#5	80	77	16	1.5	G#5	80	80	
17	1.92201	F3	53	56	17	1.5	F3	53	80	
18	2.03846	C#5	73	64	18	1.625	C#5	73	80	
19	2.1453	G#5	80	83	19	1.75	G#5	80	80	
20	2.26923	C#5	73	68	20	1.875	C#5	73	80	
21	2.38782	G#5	80	85	21	2	G#5	80	80	
22	2.40278	C#4	61	61	22	2	C#4	61	80	
23	2.50107	C#5	73	68	23	2.125	C#5	73	80	
24	2.63034	Bb5	82	75	24	2.25	Bb5	82	80	
25	2.64743	F#3	54	52	25	2.25	F#3	54	80	
26	2.74572	C#5	73	65	26	2.375	C#5	73	80	
27	2.88248	Bb5	82	78	27	2.5	Bb5	82	80	
28	3.00427	C#5	73	69	28	2.625	C#5	73	80	
29	3.13675	Bb5	82	75	29	2.75	Bb5	82	80	
30	3.14316	C#4	61	55	30	2.75	C#4	61	80	
31	3.24145	C#5	73	62	31	2.875	C#5	73	80	
32	3.36859	G#5	80	72	32	3	G#5	80	80	
33	3.38889	F3	53	50	33	3	F3	53	80	
34	3.5032	C#5	73	56	34	3.125	C#5	73	80	
35	3.62286	G#5	80	65	35	3.25	G#5	80	80	
36	3.7297	C#5	73	59	36	3.375	C#5	73	80	
37	3.85577	G#5	80	68	37	3.5	G#5	80	80	
38	3.87927	C#4	61	48	38	3.5	C#4	61	80	
39	3.96688	C#5	73	60	39	3.625	C#5	73	80	
40	4.10256	F#5	78	59	40	3.75	F#5	78	80	
41	4.12927	Eb3	51	41	41	3.75	Eb3	51	80	
42	4.21688	F5	77	64	42	3.875	F5	77	80	
43	4.3344	Eb5	75	75	43	4	Eb5	75	80	
44	4.43803	F5	77	66	44	4.125	F5	77	80	
45	4.55769	F#5	78	77	45	4.25	F#5	78	80	
46	4.57906	C4	60	55	46	4.25	C4	60	80	
47	4.67521	Eb5	75	76	47	4.375	Eb5	75	80	
48	4.79273	F5	77	76	48	4.5	F5	77	80	
49	4.81517	C#3	49	57	49	4.5	C#3	49	80	
50	4.91346	Eb5	75	79	50	4.625	Eb5	75	80	
51	5.03632	C#5	73	79	51	4.75	C#5	73	80	
52	5.14102	Eb5	75	72	52	4.875	Eb5	75	80	
53	5.25747	F5	77	78	53	5	F5	77	80	
54	5.27884	C#4	61	85	54	5	C#4	61	80	
55	5.37393	C#5	73	81	55	5.125	C#5	73	80	
56	5.48611	Eb5	75	81	56	5.25	Eb5	75	80	
57	5.59935	F5	77	76	57	5.375	F5	77	80	
58	5.71581	Eb5	75	76	58	5.5	Eb5	75	80	
59	5.72115	C4	60	72	59	5.5	C4	60	80	
60	5.82692	Bb3	58	64	61	5.625	Bb3	58	80	
61	5.83012	C#5	73	71	60	5.625	C#5	73	80	
62	5.9391	G#3	56	65	63	5.75	G#3	56	80	
63	5.9423	C5	72	78	62	5.75	C5	72	80	
64	6.0438	Bb4	70	76	64	5.875	Bb4	70	80	
65	6.0641	Bb3	58	60	65	5.875	Bb3	58	80	
66	6.17521	C4	60	59	67	6	C4	60	80	
67	6.17521	G#4	68	72	66	6	G#4	68	80	
68	6.297	G#3	56	57	68	6.125	G#3	56	80	
69	6.42628	Eb3	51	48	69	6.25	Eb3	51	80	
70	6.54166	G#3	56	60	70	6.375	G#3	56	80	
71	6.67628	C4	60	55	72	6.5	C4	60	80	
72	6.69657	G#5	80	70	71	6.5	G#5	80	80	
73	6.7938	G#3	56	57	73	6.625	G#3	56	80	
74	6.93055	Bb4	70	75	74	6.75	Bb4	70	80	
75	6.93162	C#4	61	63	75	6.75	C#4	61	80	
76	7.06623	G#3	56	68	76	6.875	G#3	56	80	
77	7.1891	C#4	61	70	77	7	C#4	61	80	
78	7.30021	G#3	56	70	78	7.125	G#3	56	80	
79	7.42093	C#4	61	76	80	7.25	C#4	61	80	
80	7.42627	G#5	80	77	79	7.25	G#5	80	80	
81	7.53632	G#3	56	65	81	7.375	G#3	56	80	
82	7.67307	Eb4	63	65	83	7.5	Eb4	63	80	
83	7.67307	C5	72	77	82	7.5	C5	72	80	
84	7.80555	G#3	56	67	84	7.625	G#3	56	80	
85	7.93696	Eb4	63	76	85	7.75	Eb4	63	80	
86	8.04914	G#3	56	70	86	7.875	G#3	56	80	
87	8.17734	Eb4	63	76	88	8	Eb4	63	80	
88	8.18803	G#5	80	76	87	8	G#5	80	80	
89	8.30127	G#3	56	63	89	8.125	G#3	56	80	
90	8.4423	F4	65	61	91	8.25	F4	65	80	
91	8.45619	C#5	73	76	90	8.25	C#5	73	80	
92	8.58119	G#3	56	66	92	8.375	G#3	56	80	
93	8.70085	F4	65	65	93	8.5	F4	65	80	
94	8.81944	G#3	56	68	94	8.625	G#3	56	80	
95	8.94444	F4	65	65	96	8.75	F4	65	80	
96	8.96794	G#5	80	66	95	8.75	G#5	80	80	
97	9.0673	G#3	56	59	97	8.875	G#3	56	80	
98	9.20191	Eb4	63	62	99	9	Eb4	63	80	
99	9.21046	C5	72	60	98	9	C5	72	80	
100	9.3376	G#3	56	59	100	9.125	G#3	56	80	
101	9.45726	Eb4	63	72	101	9.25	Eb4	63	80	
102	9.5673	G#3	56	61	102	9.375	G#3	56	80	
103	9.70619	Eb4	63	69	104	9.5	Eb4	63	80	
104	9.71794	G#5	80	60	103	9.5	G#5	80	80	
105	9.83012	G#3	56	60	105	9.625	G#3	56	80	
106	9.94123	C#4	61	66	107	9.75	C#4	61	80	
107	9.94657	Bb4	70	57	106	9.75	Bb4	70	80	
108	10.0855	C4	60	65	108	9.875	C4	60	80	
109	10.204	Bb3	58	67	109	10	Bb3	58	80	
110	10.3162	C4	60	69	110	10.125	C4	60	80	
111	10.4263	C#4	61	71	112	10.25	C#4	61	80	
112	10.4444	G5	79	66	111	10.25	G5	79	80	
113	10.5438	Bb3	58	62	113	10.375	Bb3	58	80	
114	10.6741	C4	60	64	115	10.5	C4	60	80	
115	10.6784	G#4	68	61	114	10.5	G#4	68	80	
116	10.8141	Bb3	58	64	116	10.625	Bb3	58	80	
117	10.9231	G#3	56	73	117	10.75	G#3	56	80	
118	11.0406	Bb3	58	67	118	10.875	Bb3	58	80	
119	11.1442	C4	60	70	120	11	C4	60	80	
120	11.1538	G#5	80	90	119	11	G#5	80	80	
121	11.2682	G#3	56	69	121	11.125	G#3	56	80	
122	11.3889	Bb3	58	76	122	11.25	Bb3	58	80	
123	11.5011	B3	59	82	123	11.375	B3	59	80	
124	11.6239	F#5	78	75	124	11.5	F#5	78	80	
125	11.6325	Bb3	58	72	125	11.5	Bb3	58	80	
126	11.7233	G#3	56	74	127	11.625	G#3	56	80	
127	11.75	F5	77	71	126	11.625	F5	77	80	
128	11.8376	F#3	54	68	129	11.75	F#3	54	80	
129	11.8718	Eb5	75	79	128	11.75	Eb5	75	80	
130	11.9615	F3	53	65	131	11.875	F3	53	80	
131	11.9861	F5	77	73	130	11.875	F5	77	80	
132	12.0865	Eb3	51	53	133	12	Eb3	51	80	
133	12.1079	F#5	78	73	132	12	F#5	78	80	
134	12.2211	Eb5	75	70	134	12.125	Eb5	75	80	
135	12.3419	Bb4	70	72	135	12.25	Bb4	70	80	
136	12.4658	Eb5	75	63	136	12.375	Eb5	75	80	
137	12.5726	F#5	78	69	137	12.5	F#5	78	80	
138	12.5801	Eb4	63	54	138	12.5	Eb4	63	80	
139	12.6923	Eb5	75	61	139	12.625	Eb5	75	80	
140	12.8077	F3	53	48	141	12.75	F3	53	80	
141	12.8237	G#5	80	66	140	12.75	G#5	80	80	
142	12.9476	Eb5	75	66	142	12.875	Eb5	75	80	
143	13.0748	G#5	80	76	143	13	G#5	80	80	
144	13.188	Eb5	75	73	144	13.125	Eb5	75	80	
145	13.3152	G#5	80	79	145	13.25	G#5	80	80	
146	13.3301	Eb4	63	50	146	13.25	Eb4	63	80	
147	13.4348	Eb5	75	70	147	13.375	Eb5	75	80	
148	13.5513	Bb5	82	82	148	13.5	Bb5	82	80	
149	13.562	F#3	54	51	149	13.5	F#3	54	80	
150	13.6709	Eb5	75	73	150	13.625	Eb5	75	80	
151	13.7884	Bb5	82	86	151	13.75	Bb5	82	80	
152	13.906	Eb5	75	74	152	13.875	Eb5	75	80	
153	14.0363	Eb4	63	61	154	14	Eb4	63	80	
154	14.0363	Bb5	82	89	153	14	Bb5	82	80	
155	14.156	Eb5	75	76	155	14.125	Eb5	75	80	
156	14.2778	G#3	56	57	157	14.25	G#3	56	80	
157	14.2842	B5	83	80	156	14.25	B5	83	80	
158	14.3964	Eb5	75	78	158	14.375	Eb5	75	80	
159	14.5331	B5	83	85	159	14.5	B5	83	80	
160	14.641	Eb5	75	77	160	14.625	Eb5	75	80	
161	14.781	B5	83	79	161	14.75	B5	83	80	
162	14.7874	Eb4	63	57	162	14.75	Eb4	63	80	
163	14.8878	Eb5	75	71	163	14.875	Eb5	75	80	
164	15.0203	Bb5	82	72	164	15	Bb5	82	80	
165	15.0384	F#3	54	49	165	15	F#3	54	80	
166	15.1431	Eb5	75	65	166	15.125	Eb5	75	80	
167	15.2681	Bb5	82	73	167	15.25	Bb5	82	80	
168	15.3739	Eb5	75	62	168	15.375	Eb5	75	80	
169	15.5139	Bb5	82	68	169	15.5	Bb5	82	80	
170	15.5427	Eb4	63	43	170	15.5	Eb4	63	80	
171	15.6474	Eb5	75	60	171	15.625	Eb5	75	80	
172	15.7617	G#5	80	67	172	15.75	G#5	80	80	
173	15.7767	F3	53	45	173	15.75	F3	53	80	
174	15.8793	F#5	78	66	174	15.875	F#5	78	80	
175	15.9957	F5	77	68	175	16	F5	77	80	
176	16.1122	F#5	78	73	176	16.125	F#5	78	80	
177	16.2308	G#5	80	75	177	16.25	G#5	80	80	
178	16.2446	D4	62	56	178	16.25	D4	62	80	
179	16.3483	F5	77	70	179	16.375	F5	77	80	
180	16.4722	F#5	78	75	180	16.5	F#5	78	80	
181	16.4754	Eb3	51	57	181	16.5	Eb3	51	80	
182	16.5865	F5	77	70	182	16.625	F5	77	80	
183	16.7051	Eb5	75	81	183	16.75	Eb5	75	80	
184	16.813	F5	77	74	184	16.875	F5	77	80	
185	16.9263	F#5	78	79	185	17	F#5	78	80	
186	16.9348	Eb4	63	82	186	17	Eb4	63	80	
187	17.0502	Eb5	75	78	187	17.125	Eb5	75	80	
188	17.1773	F5	77	77	188	17.25	F5	77	80	
189	17.2949	F#5	78	74	189	17.375	F#5	78	80	
190	17.4017	C#4	61	71	191	17.5	C#4	61	80	
191	17.406	F5	77	69	190	17.5	F5	77	80	
192	17.5203	C4	60	66	193	17.625	C4	60	80	
193	17.5214	Eb5	75	77	192	17.625	Eb5	75	80	
194	17.6261	Bb3	58	67	195	17.75	Bb3	58	80	
195	17.6303	C#5	73	75	194	17.75	C#5	73	80	
196	17.7478	C4	60	68	197	17.875	C4	60	80	
197	17.7532	C5	72	73	196	17.875	C5	72	80	
198	17.8632	C#4	61	71	199	18	C#4	61	80	
199	17.8814	Bb4	70	78	198	18	Bb4	70	80	
200	17.9882	Bb3	58	62	200	18.125	Bb3	58	80	
201	18.11	F3	53	61	201	18.25	F3	53	80	
202	18.2489	Bb3	58	55	202	18.375	Bb3	58	80	
203	18.3493	Bb5	82	73	203	18.5	Bb5	82	80	
204	18.3611	C#4	61	64	204	18.5	C#4	61	80	
205	18.4786	Bb3	58	62	205	18.625	Bb3	58	80	
206	18.6058	C5	72	71	206	18.75	C5	72	80	
207	18.6132	Eb4	63	65	207	18.75	Eb4	63	80	
208	18.7372	Bb3	58	66	208	18.875	Bb3	58	80	
209	18.8579	Eb4	63	74	209	19	Eb4	63	80	
210	18.984	Bb3	58	72	210	19.125	Bb3	58	80	
211	19.1004	Eb4	63	74	212	19.25	Eb4	63	80	
212	19.109	Bb5	82	74	211	19.25	Bb5	82	80	
213	19.2169	Bb3	58	69	213	19.375	Bb3	58	80	
214	19.3344	F4	65	72	215	19.5	F4	65	80	
215	19.3493	C#5	73	74	214	19.5	C#5	73	80	
216	19.4797	Bb3	58	68	216	19.625	Bb3	58	80	
217	19.61	F4	65	73	217	19.75	F4	65	80	
218	19.7275	Bb3	58	75	218	19.875	Bb3	58	80	
219	19.8397	Bb5	82	79	219	20	Bb5	82	80	
220	19.8461	F4	65	76	220	20	F4	65	80	
221	19.9615	Bb3	58	74	221	20.125	Bb3	58	80	
222	20.1015	F#4	66	74	223	20.25	F#4	66	80	
223	20.1025	Eb5	75	81	222	20.25	Eb5	75	80	
224	20.2307	Bb3	58	71	224	20.375	Bb3	58	80	
225	20.3557	F#4	66	74	225	20.5	F#4	66	80	
226	20.4722	Bb3	58	69	226	20.625	Bb3	58	80	
227	20.5983	F#4	66	72	228	20.75	F#4	66	80	
228	20.6303	Bb5	82	63	227	20.75	Bb5	82	80	
229	20.734	Bb3	58	63	229	20.875	Bb3	58	80	
230	20.8622	C#5	73	63	230	21	C#5	73	80	
231	20.8675	F4	65	58	231	21	F4	65	80	
232	20.9989	Bb3	58	58	232	21.125	Bb3	58	80	
233	21.1453	F4	65	51	233	21.25	F4	65	80	
234	21.2617	Bb3	58	48	234	21.375	Bb3	58	80	
235	21.3696	Bb5	82	64	235	21.5	Bb5	82	80	
236	21.3814	F4	65	56	236	21.5	F4	65	80	
237	21.5352	Bb3	58	45	237	21.625	Bb3	58	80	
238	21.6175	C5	72	67	238	21.75	C5	72	80	
239	21.6218	Eb4	63	63	239	21.75	Eb4	63	80	
240	21.7414	C#4	61	67	240	21.875	C#4	61	80	
241	21.8728	C4	60	68	241	22	C4	60	80	
242	21.9904	C#4	61	71	242	22.125	C#4	61	80	
243	22.094	Eb4	63	73	244	22.25	Eb4	63	80	
244	22.1271	A5	81	67	243	22.25	A5	81	80	
245	22.2233	C4	60	66	245	22.375	C4	60	80	
246	22.3483	C#4	61	68	247	22.5	C#4	61	80	
247	22.3504	Bb4	70	68	246	22.5	Bb4	70	80	
248	22.484	C4	60	66	248	22.625	C4	60	80	
249	22.6004	Bb3	58	63	249	22.75	Bb3	58	80	
250	22.7233	C4	60	66	250	22.875	C4	60	80	
251	22.8173	C#4	61	71	252	23	C#4	61	80	
252	22.8248	Bb5	82	93	251	23	Bb5	82	80	
253	22.954	Bb3	58	62	253	23.125	Bb3	58	80	
254	23.0737	E4	64	74	254	23.25	E4	64	80	
255	23.2019	D4	62	67	255	23.375	D4	62	80	
256	23.313	G#5	80	72	256	23.5	G#5	80	80	
257	23.3173	C4	60	67	257	23.5	C4	60	80	
258	23.453	D4	62	58	258	23.625	D4	62	80	
259	23.5406	E4	64	70	260	23.75	E4	64	80	
260	23.5534	G5	79	74	259	23.75	G5	79	80	
261	23.6592	C4	60	63	261	23.875	C4	60	80	
262	23.7703	F4	65	67	263	24	F4	65	80	
263	23.782	G#5	80	77	262	24	G#5	80	80	
264	23.8889	E4	64	69	264	24.125	E4	64	80	
265	24.0085	G#4	68	74	265	24.25	G#4	68	80	
266	24.0139	F4	65	70	266	24.25	F4	65	80	
267	24.1132	G4	67	68	267	24.375	G4	67	80	
268	24.2372	F4	65	72	269	24.5	F4	65	80	
269	24.2628	G#5	80	89	268	24.5	G#5	80	80	
270	24.376	Eb4	63	67	270	24.625	Eb4	63	80	
271	24.5053	D4	62	72	271	24.75	D4	62	80	
272	24.6186	C4	60	71	272	24.875	C4	60	80	
273	24.7446	F#5	78	71	273	25	F#5	78	80	
274	24.7457	Bb3	58	65	274	25	Bb3	58	80	
275	24.8782	C4	60	56	275	25.125	C4	60	80	
276	24.9701	D4	62	62	277	25.25	D4	62	80	
277	25.0053	F5	77	61	276	25.25	F5	77	80	
278	25.0951	Bb3	58	54	278	25.375	Bb3	58	80	
279	25.2169	F#5	78	65	279	25.5	F#5	78	80	
280	25.2233	Eb4	63	70	280	25.5	Eb4	63	80	
281	25.3344	F5	77	69	281	25.625	F5	77	80	
282	25.4604	Eb5	75	79	282	25.75	Eb5	75	80	
283	25.4636	Eb3	51	65	283	25.75	Eb3	51	80	
284	25.5769	F5	77	76	284	25.875	F5	77	80	
285	25.7008	F#5	78	75	285	26	F#5	78	80	
286	25.7104	Eb4	63	78	286	26	Eb4	63	80	
287	25.8184	Eb5	75	76	287	26.125	Eb5	75	80	
288	25.9401	A5	81	77	288	26.25	A5	81	80	
289	26.0577	G5	79	79	289	26.375	G5	79	80	
290	26.1773	F5	77	80	290	26.5	F5	77	80	
291	26.1784	C#4	61	73	291	26.5	C#4	61	80	
292	26.2884	G5	79	84	292	26.625	G5	79	80	
293	26.4134	A5	81	86	293	26.75	A5	81	80	
294	26.4145	C4	60	72	294	26.75	C4	60	80	
295	26.5288	F5	77	81	295	26.875	F5	77	80	
296	26.6528	Bb5	82	86	296	27	Bb5	82	80	
297	26.6613	C#4	61	73	297	27	C#4	61	80	
298	26.7735	A5	81	86	298	27.125	A5	81	80	
299	26.8942	Bb5	82	89	299	27.25	Bb5	82	80	
300	26.9017	C#3	49	76	300	27.25	C#3	49	80	
301	27.0053	C6	84	79	301	27.375	C6	84	80	
302	27.1378	Bb5	82	83	302	27.5	Bb5	82	80	
303	27.1453	C#4	61	70	303	27.5	C#4	61	80	
304	27.2446	G#5	80	79	304	27.625	G#5	80	80	
305	27.3792	G5	79	79	305	27.75	G5	79	80	
306	27.4936	F5	77	70	306	27.875	F5	77	80	
307	27.6207	Eb5	75	78	307	28	Eb5	75	80	
308	27.626	C4	60	60	308	28	C4	60	80	
309	27.7393	F5	77	74	309	28.125	F5	77	80	
310	27.8515	G5	79	75	310	28.25	G5	79	80	
311	27.8536	Bb3	58	57	311	28.25	Bb3	58	80	
312	27.9711	Eb5	75	73	312	28.375	Eb5	75	80	
313	28.078	C4	60	71	314	28.5	C4	60	80	
314	28.0854	G#5	80	83	313	28.5	G#5	80	80	
315	28.1998	Bb3	58	62	315	28.625	Bb3	58	80	
316	28.3141	G#3	56	67	317	28.75	G#3	56	80	
317	28.3194	G#4	68	83	316	28.75	G#4	68	80	
318	28.4444	Bb3	58	60	318	28.875	Bb3	58	80	
319	28.5438	C4	60	63	320	29	C4	60	80	
320	28.5587	G#5	80	88	319	29	G#5	80	80	
321	28.6837	G#3	56	64	321	29.125	G#3	56	80	
322	28.813	D4	62	74	322	29.25	D4	62	80	
323	28.9316	C4	60	67	323	29.375	C4	60	80	
324	29.0577	Bb3	58	66	325	29.5	Bb3	58	80	
325	29.0619	F#5	78	74	324	29.5	F#5	78	80	
326	29.1923	C4	60	64	326	29.625	C4	60	80	
327	29.2788	D4	62	67	328	29.75	D4	62	80	
328	29.3109	F5	77	71	327	29.75	F5	77	80	
329	29.3857	Bb3	58	63	329	29.875	Bb3	58	80	
330	29.5352	Eb4	63	68	331	30	Eb4	63	80	
331	29.5374	F#5	78	79	330	30	F#5	78	80	
332	29.6581	D4	62	70	332	30.125	D4	62	80	
333	29.7767	Eb4	63	78	334	30.25	Eb4	63	80	
334	29.7863	F#4	66	77	333	30.25	F#4	66	80	
335	29.8953	F4	65	72	335	30.375	F4	65	80	
336	30.0181	F#5	78	83	336	30.5	F#5	78	80	
337	30.0192	Eb4	63	68	337	30.5	Eb4	63	80	
338	30.1357	C#4	61	72	338	30.625	C#4	61	80	
339	30.2585	C4	60	73	339	30.75	C4	60	80	
340	30.375	Bb3	58	68	340	30.875	Bb3	58	80	
341	30.4978	G#3	56	67	342	31	G#3	56	80	
342	30.5149	F5	77	66	341	31	F5	77	80	
343	30.626	Bb3	58	57	343	31.125	Bb3	58	80	
344	30.7254	C4	60	61	345	31.25	C4	60	80	
345	30.7393	Eb5	75	64	344	31.25	Eb5	75	80	
346	30.8589	G#3	56	63	346	31.375	G#3	56	80	
347	30.9871	C#4	61	74	348	31.5	C#4	61	80	
348	30.9946	F5	77	72	347	31.5	F5	77	80	
349	31.1089	Eb5	75	74	349	31.625	Eb5	75	80	
350	31.2233	C#3	49	79	351	31.75	C#3	49	80	
351	31.2393	C#5	73	77	350	31.75	C#5	73	80	
352	31.3525	Eb5	75	76	352	31.875	Eb5	75	80	
353	31.4733	F5	77	74	353	32	F5	77	80	
354	31.4775	C#4	61	81	354	32	C#4	61	80	
355	31.594	C#5	73	73	355	32.125	C#5	73	80	
356	31.7254	G5	79	78	356	32.25	G5	79	80	
357	31.828	F5	77	52	357	32.375	F5	77	80	
358	31.9626	B3	59	72	359	32.5	B3	59	80	
359	31.9711	Eb5	75	79	358	32.5	Eb5	75	80	
360	32.0822	F5	77	72	360	32.625	F5	77	80	
361	32.1976	G5	79	79	361	32.75	G5	79	80	
362	32.2072	Bb3	58	62	362	32.75	Bb3	58	80	
363	32.3141	Eb5	75	79	363	32.875	Eb5	75	80	
364	32.4348	G#5	80	79	364	33	G#5	80	80	
365	32.454	B3	59	75	365	33	B3	59	80	
366	32.5598	G5	79	81	366	33.125	G5	79	80	
367	32.6741	B2	47	78	368	33.25	B2	47	80	
368	32.6848	G#5	80	87	367	33.25	G#5	80	80	
369	32.8119	Bb5	82	79	369	33.375	Bb5	82	80	
370	32.9273	B3	59	78	371	33.5	B3	59	80	
371	32.9391	G#5	80	79	370	33.5	G#5	80	80	
372	33.0523	F#5	78	71	372	33.625	F#5	78	80	
373	33.1741	F5	77	69	373	33.75	F5	77	80	
374	33.2863	Eb5	75	70	374	33.875	Eb5	75	80	
375	33.4006	Bb3	58	63	376	34	Bb3	58	80	
376	33.422	C#5	73	67	375	34	C#5	73	80	
377	33.5267	Eb5	75	62	377	34.125	Eb5	75	80	
378	33.6495	F5	77	66	378	34.25	F5	77	80	
379	33.6538	G#3	56	59	379	34.25	G#3	56	80	
380	33.766	C#5	73	62	380	34.375	C#5	73	80	
381	33.9124	F#4	66	59	381	34.5	F#4	66	80	
382	33.9305	Bb3	58	48	382	34.5	Bb3	58	80	
383	34.0512	F#3	54	53	383	34.625	F#3	54	80	
384	34.1698	C#3	49	55	384	34.75	C#3	49	80	
385	34.3002	F#3	54	53	385	34.875	F#3	54	80	
386	34.4177	F#5	78	50	386	35	F#5	78	80	
387	34.423	Bb3	58	52	387	35	Bb3	58	80	
388	34.5342	F#3	54	49	388	35.125	F#3	54	80	
389	34.6688	G#4	68	57	389	35.25	G#4	68	80	
390	34.673	B3	59	51	390	35.25	B3	59	80	
391	34.7916	F#3	54	55	391	35.375	F#3	54	80	
392	34.9444	B3	59	60	392	35.5	B3	59	80	
393	35.0363	F#3	54	55	393	35.625	F#3	54	80	
394	35.1645	B3	59	65	395	35.75	B3	59	80	
395	35.2083	F#5	78	60	394	35.75	F#5	78	80	
396	35.3087	F#3	54	59	396	35.875	F#3	54	80	
397	35.438	Bb4	70	66	397	36	Bb4	70	80	
398	35.4423	C#4	61	63	398	36	C#4	61	80	
399	35.5651	F#3	54	63	399	36.125	F#3	54	80	
400	35.6965	C#4	61	73	400	36.25	C#4	61	80	
401	35.8066	F#3	54	70	401	36.375	F#3	54	80	
402	35.9519	C#4	61	74	403	36.5	C#4	61	80	
403	35.9679	F#5	78	72	402	36.5	F#5	78	80	
404	36.0737	F#3	54	68	404	36.625	F#3	54	80	
405	36.1965	B4	71	75	405	36.75	B4	71	80	
406	36.2019	Eb4	63	70	406	36.75	Eb4	63	80	
407	36.3408	F#3	54	68	407	36.875	F#3	54	80	
408	36.4668	Eb4	63	72	408	37	Eb4	63	80	
409	36.5908	F#3	54	66	409	37.125	F#3	54	80	
410	36.7147	Eb4	63	69	411	37.25	Eb4	63	80	
411	36.7361	F#5	78	70	410	37.25	F#5	78	80	
412	36.8472	F#3	54	59	412	37.375	F#3	54	80	
413	36.9807	Bb4	70	65	413	37.5	Bb4	70	80	
414	36.9861	C#4	61	59	414	37.5	C#4	61	80	
415	37.1164	F#3	54	59	415	37.625	F#3	54	80	
416	37.2564	C#4	61	59	416	37.75	C#4	61	80	
417	37.3589	F#3	54	57	417	37.875	F#3	54	80	
418	37.4946	C#4	61	54	419	38	C#4	61	80	
419	37.5299	F#5	78	60	418	38	F#5	78	80	
420	37.6303	F#3	54	56	420	38.125	F#3	54	80	
421	37.7403	B3	59	57	422	38.25	B3	59	80	
422	37.7703	G#4	68	59	421	38.25	G#4	68	80	
423	37.8675	Bb3	58	58	423	38.375	Bb3	58	80	
424	37.9968	G#3	56	65	424	38.5	G#3	56	80	
425	38.1186	Bb3	58	64	425	38.625	Bb3	58	80	
426	38.2339	B3	59	73	427	38.75	B3	59	80	
427	38.2606	F5	77	68	426	38.75	F5	77	80	
428	38.3568	G#3	56	66	428	38.875	G#3	56	80	
429	38.4797	F#4	66	73	429	39	F#4	66	80	
430	38.485	Bb3	58	67	430	39	Bb3	58	80	
431	38.6111	G#3	56	77	431	39.125	G#3	56	80	
432	38.7254	F#3	54	76	432	39.25	F#3	54	80	
433	38.8269	G#3	56	78	433	39.375	G#3	56	80	
434	38.9369	Bb3	58	78	435	39.5	Bb3	58	80	
435	38.9743	F#5	78	83	434	39.5	F#5	78	80	
436	39.0769	F#3	54	70	436	39.625	F#3	54	80	
437	39.2115	G#3	56	84	437	39.75	G#3	56	80	
438	39.3322	Bb3	58	82	438	39.875	Bb3	58	80	
439	39.4476	F5	77	77	439	40	F5	77	80	
440	39.4551	G#3	56	83	440	40	G#3	56	80	
441	39.5651	F#3	54	79	442	40.125	F#3	54	80	
442	39.5705	Eb5	75	84	441	40.125	Eb5	75	80	
443	39.6837	F3	53	74	444	40.25	F3	53	80	
444	39.7126	C#5	73	83	443	40.25	C#5	73	80	
445	39.8055	Eb3	51	66	446	40.375	Eb3	51	80	
446	39.8344	Eb5	75	86	445	40.375	Eb5	75	80	
447	39.9754	C#3	49	69	448	40.5	C#3	49	80	
448	39.9925	F5	77	81	447	40.5	F5	77	80	
449	40.126	C#5	73	76	449	40.625	C#5	73	80	
450	40.2478	G#4	68	83	450	40.75	G#4	68	80	
451	40.3653	C#5	73	76	451	40.875	C#5	73	80	
452	40.4968	F5	77	75	452	41	F5	77	80	
453	40.5128	C#4	61	57	453	41	C#4	61	80	
454	40.6164	C#5	73	74	454	41.125	C#5	73	80	
455	40.7286	Eb3	51	51	456	41.25	Eb3	51	80	
456	40.7468	F#5	78	75	455	41.25	F#5	78	80	
457	40.8718	C#5	73	74	457	41.375	C#5	73	80	
458	40.9957	F#5	78	76	458	41.5	F#5	78	80	
459	41.1111	C#5	73	73	459	41.625	C#5	73	80	
460	41.2435	F#5	78	77	460	41.75	F#5	78	80	
461	41.25	C#4	61	54	461	41.75	C#4	61	80	
462	41.3718	C#5	73	69	462	41.875	C#5	73	80	
463	41.4861	G#5	80	78	463	42	G#5	80	80	
464	41.4871	F3	53	52	464	42	F3	53	80	
465	41.6121	C#5	73	71	465	42.125	C#5	73	80	
466	41.7414	G#5	80	81	466	42.25	G#5	80	80	
467	41.8589	C#5	73	73	467	42.375	C#5	73	80	
468	41.9871	G#5	80	82	468	42.5	G#5	80	80	
469	42.0106	C#4	61	52	469	42.5	C#4	61	80	
470	42.1132	C#5	73	70	470	42.625	C#5	73	80	
471	42.2489	Bb5	82	75	471	42.75	Bb5	82	80	
472	42.2564	F#3	54	50	472	42.75	F#3	54	80	
473	42.375	C#5	73	70	473	42.875	C#5	73	80	
474	42.5192	Bb5	82	78	474	43	Bb5	82	80	
475	42.6356	C#5	73	67	475	43.125	C#5	73	80	
476	42.7745	Bb5	82	74	476	43.25	Bb5	82	80	
477	42.782	C#4	61	49	477	43.25	C#4	61	80	
478	42.8803	C#5	73	63	478	43.375	C#5	73	80	
479	43.0064	G#5	80	69	479	43.5	G#5	80	80	
480	43.0256	F3	53	48	480	43.5	F3	53	80	
481	43.1314	C#5	73	60	481	43.625	C#5	73	80	
482	43.2574	G#5	80	64	482	43.75	G#5	80	80	
483	43.3782	C#5	73	57	483	43.875	C#5	73	80	
484	43.5106	G#5	80	60	484	44	G#5	80	80	
485	43.532	C#4	61	43	485	44	C#4	61	80	
486	43.6485	C#5	73	55	486	44.125	C#5	73	80	
487	43.7596	F#5	78	63	487	44.25	F#5	78	80	
488	43.7735	Eb3	51	37	488	44.25	Eb3	51	80	
489	43.8963	F5	77	55	489	44.375	F5	77	80	
490	44.0042	Eb5	75	75	490	44.5	Eb5	75	80	
491	44.1303	F5	77	66	491	44.625	F5	77	80	
492	44.251	C4	60	46	493	44.75	C4	60	80	
493	44.2553	F#5	78	70	492	44.75	F#5	78	80	
494	44.3771	Eb5	75	70	494	44.875	Eb5	75	80	
495	44.4903	F5	77	70	495	45	F5	77	80	
496	44.4925	C#3	49	50	496	45	C#3	49	80	
497	44.6057	Eb5	75	76	497	45.125	Eb5	75	80	
498	44.735	C#5	73	72	498	45.25	C#5	73	80	
499	44.8418	Eb5	75	73	499	45.375	Eb5	75	80	
500	44.9679	F5	77	72	500	45.5	F5	77	80	
501	44.9722	C#4	61	62	501	45.5	C#4	61	80	
502	45.0758	C#5	73	70	502	45.625	C#5	73	80	
503	45.2029	Eb5	75	73	503	45.75	Eb5	75	80	
504	45.2136	F#3	54	60	504	45.75	F#3	54	80	
505	45.3344	F5	77	67	505	45.875	F5	77	80	
506	45.4572	F3	53	58	507	46	F3	53	80	
507	45.4626	Eb5	75	71	506	46	Eb5	75	80	
508	45.5769	C#5	73	60	508	46.125	C#5	73	80	
509	45.7008	C5	72	67	509	46.25	C5	72	80	
510	45.7147	Eb3	51	50	510	46.25	Eb3	51	80	
511	45.8173	Bb4	70	68	511	46.375	Bb4	70	80	
512	45.9615	C5	72	60	512	46.5	C5	72	80	
513	45.9668	G#3	56	47	513	46.5	G#3	56	80	
514	46.0683	G#4	68	59	514	46.625	G#4	68	80	
515	46.2094	F#4	66	56	515	46.75	F#4	66	80	
516	46.3365	G#4	68	58	516	46.875	G#4	68	80	
517	46.4551	Eb4	63	57	517	47	Eb4	63	80	
518	46.5865	G#4	68	51	518	47.125	G#4	68	80	
519	46.7051	C5	72	60	519	47.25	C5	72	80	
520	46.7211	G#3	56	43	520	47.25	G#3	56	80	
521	46.8461	G#4	68	52	521	47.375	G#4	68	80	
522	46.9743	F#4	66	54	522	47.5	F#4	66	80	
523	47.1143	G#4	68	58	523	47.625	G#4	68	80	
524	47.22	Eb4	63	55	524	47.75	Eb4	63	80	
525	47.36	G#4	68	54	525	47.875	G#4	68	80	
526	47.4914	C#5	73	59	526	48	C#5	73	80	
527	47.5021	G#3	56	39	527	48	G#3	56	80	
528	47.642	G#4	68	59	528	48.125	G#4	68	80	
529	47.7617	F4	65	44	529	48.25	F4	65	80	
530	47.875	G#4	68	60	530	48.375	G#4	68	80	
531	48.0032	C#4	61	54	531	48.5	C#4	61	80	
532	48.1153	G#4	68	55	532	48.625	G#4	68	80	
533	48.2532	C#5	73	59	533	48.75	C#5	73	80	
534	48.267	G#3	56	41	534	48.75	G#3	56	80	
535	48.4017	G#4	68	47	535	48.875	G#4	68	80	
536	48.516	F4	65	51	536	49	F4	65	80	
537	48.6399	G#4	68	51	537	49.125	G#4	68	80	
538	48.7628	C#4	61	54	538	49.25	C#4	61	80	
539	48.8942	G#4	68	41	539	49.375	G#4	68	80	
540	49.0106	G#3	56	55	541	49.5	G#3	56	80	
541	49.017	F#5	78	61	540	49.5	F#5	78	80	
542	49.157	G#4	68	43	542	49.625	G#4	68	80	
543	49.267	Eb4	63	55	543	49.75	Eb4	63	80	
544	49.3856	G#4	68	52	544	49.875	G#4	68	80	
545	49.5192	C4	60	53	545	50	C4	60	80	
546	49.6495	G#4	68	48	546	50.125	G#4	68	80	
547	49.782	F#5	78	63	547	50.25	F#5	78	80	
548	49.797	G#3	56	45	548	50.25	G#3	56	80	
549	49.9102	G#4	68	48	549	50.375	G#4	68	80	
550	50.0395	Eb4	63	52	550	50.5	Eb4	63	80	
551	50.1655	G#4	68	55	551	50.625	G#4	68	80	
552	50.2852	C4	60	49	552	50.75	C4	60	80	
553	50.4113	G#4	68	51	553	50.875	G#4	68	80	
554	50.5448	F5	77	65	554	51	F5	77	80	
555	50.5651	G#3	56	47	555	51	G#3	56	80	
556	50.6848	G#4	68	55	556	51.125	G#4	68	80	
557	50.8173	F4	65	48	557	51.25	F4	65	80	
558	50.9487	G#4	68	57	558	51.375	G#4	68	80	
559	51.063	C#4	61	48	559	51.5	C#4	61	80	
560	51.1858	G#4	68	49	560	51.625	G#4	68	80	
561	51.3108	F5	77	69	561	51.75	F5	77	80	
562	51.3258	G#3	56	49	562	51.75	G#3	56	80	
563	51.4487	G#4	68	56	563	51.875	G#4	68	80	
564	51.5726	F4	65	66	564	52	F4	65	80	
565	51.688	G#4	68	67	565	52.125	G#4	68	80	
566	51.8183	C#4	61	67	566	52.25	C#4	61	80	
567	51.9369	G#4	68	67	567	52.375	G#4	68	80	
568	52.079	G5	79	78	568	52.5	G5	79	80	
569	52.094	G#3	56	56	569	52.5	G#3	56	80	
570	52.2051	Bb4	70	62	570	52.625	Bb4	70	80	
571	52.3365	E4	64	73	571	52.75	E4	64	80	
572	52.4551	Bb4	70	69	572	52.875	Bb4	70	80	
573	52.5993	C#4	61	66	573	53	C#4	61	80	
574	52.6955	Bb4	70	68	574	53.125	Bb4	70	80	
575	52.8376	G5	79	85	575	53.25	G5	79	80	
576	52.845	G#3	56	64	576	53.25	G#3	56	80	
577	52.9583	Bb4	70	73	577	53.375	Bb4	70	80	
578	53.0982	E4	64	78	578	53.5	E4	64	80	
579	53.2179	Bb4	70	75	579	53.625	Bb4	70	80	
580	53.3482	C#4	61	75	580	53.75	C#4	61	80	
581	53.4583	Bb4	70	80	581	53.875	Bb4	70	80	
582	53.594	G#3	56	71	583	54	G#3	56	80	
583	53.5961	G#5	80	86	582	54	G#5	80	80	
584	53.7126	C5	72	87	584	54.125	C5	72	80	
585	53.8536	Eb4	63	81	585	54.25	Eb4	63	80	
586	53.97	C5	72	79	586	54.375	C5	72	80	
587	54.1057	C4	60	76	587	54.5	C4	60	80	
588	54.1976	C5	72	76	588	54.625	C5	72	80	
589	54.329	F#3	54	79	590	54.75	F#3	54	80	
590	54.3386	G#5	80	89	589	54.75	G#5	80	80	
591	54.4529	C5	72	81	591	54.875	C5	72	80	
592	54.5908	Eb4	63	85	592	55	Eb4	63	80	
593	54.6976	C5	72	82	593	55.125	C5	72	80	
594	54.8279	C4	60	79	594	55.25	C4	60	80	
595	54.9423	C5	72	83	595	55.375	C5	72	80	
596	55.079	F3	53	65	597	55.5	F3	53	80	
597	55.1046	G#5	80	82	596	55.5	G#5	80	80	
598	55.2179	C#5	73	74	598	55.625	C#5	73	80	
599	55.345	F4	65	71	599	55.75	F4	65	80	
600	55.4412	G#4	68	79	600	55.875	G#4	68	80	
601	55.5811	C#4	61	75	601	56	C#4	61	80	
602	55.6784	C#5	73	76	602	56.125	C#5	73	80	
603	55.8162	G#3	56	80	603	56.25	G#3	56	80	
604	55.9337	F5	77	78	604	56.375	F5	77	80	
605	56.0576	F3	53	78	605	56.5	F3	53	80	
606	56.1677	G#5	80	83	606	56.625	G#5	80	80	
607	56.3044	Eb3	51	72	607	56.75	Eb3	51	80	
608	56.4177	Bb5	82	83	608	56.875	Bb5	82	80	
609	56.5726	B5	83	77	609	57	B5	83	80	
610	56.5747	D3	50	57	610	57	D3	50	80	
611	56.6944	Bb5	82	83	611	57.125	Bb5	82	80	
612	56.813	G#5	80	85	612	57.25	G#5	80	80	
613	56.8215	F3	53	61	613	57.25	F3	53	80	
614	56.9305	F#5	78	80	614	57.375	F#5	78	80	
615	57.0662	G#3	56	66	616	57.5	Bb3	58	80	
616	57.0662	F5	77	84	615	57.5	F5	77	80	
617	57.1805	Eb5	75	81	617	57.625	Eb5	75	80	
618	57.3044	D4	62	64	619	57.75	D4	62	80	
619	57.313	F5	77	89	618	57.75	F5	77	80	
620	57.4305	F#5	78	82	620	57.875	F#5	78	80	
621	57.563	G#5	80	82	621	58	G#5	80	80	
622	57.5726	F4	65	70	622	58	F4	65	80	
623	57.6794	B5	83	81	623	58.125	B5	83	80	
624	57.8044	G#4	68	80	625	58.25	G#4	68	80	
625	57.8108	Bb5	82	82	624	58.25	Bb5	82	80	
626	57.923	G#5	80	79	626	58.375	G#5	80	80	
627	58.0598	F#4	66	76	628	58.5	F#4	66	80	
628	58.0662	Bb5	82	85	627	58.5	Bb5	82	80	
629	58.1912	Eb5	75	68	629	58.625	Eb5	75	80	
630	58.3055	Eb4	63	69	630	58.75	Eb4	63	80	
631	58.4177	F#4	66	68	631	58.875	F#4	66	80	
632	58.5587	Bb3	58	66	632	59	Bb3	58	80	
633	58.6719	Bb4	70	73	633	59.125	Bb4	70	80	
634	58.7991	F#3	54	67	634	59.25	F#3	54	80	
635	58.9155	Eb5	75	76	635	59.375	Eb5	75	80	
636	59.0523	Eb3	51	56	636	59.5	Eb3	51	80	
637	59.1591	F#5	78	68	637	59.625	F#5	78	80	
638	59.2916	C#3	49	58	638	59.75	C#3	49	80	
639	59.4134	G#5	80	59	639	59.875	G#5	80	80	
640	59.5395	C3	48	51	641	60	C3	48	80	
641	59.5416	A5	81	66	640	60	A5	81	80	
642	59.6538	G#5	80	67	642	60.125	G#5	80	80	
643	59.7916	F#5	78	61	643	60.25	F#5	78	80	
644	59.8076	Eb3	51	39	644	60.25	Eb3	51	80	
645	59.8984	E5	76	64	645	60.375	E5	76	80	
646	60.0266	Eb5	75	66	646	60.5	Eb5	75	80	
647	60.0437	F#3	54	50	647	60.5	G#3	56	80	
648	60.142	C#5	73	65	648	60.625	C#5	73	80	
649	60.282	Eb5	75	73	649	60.75	Eb5	75	80	
650	60.2927	C4	60	49	650	60.75	C4	60	80	
651	60.391	E5	76	67	651	60.875	E5	76	80	
652	60.5181	F#5	78	67	652	61	F#5	78	80	
653	60.5277	Eb4	63	54	653	61	Eb4	63	80	
654	60.6228	A5	81	71	654	61.125	A5	81	80	
655	60.7574	G#5	80	71	655	61.25	G#5	80	80	
656	60.7713	F#4	66	60	656	61.25	F#4	66	80	
657	60.8867	F#5	78	67	657	61.375	F#5	78	80	
658	61.0256	G#5	80	72	658	61.5	G#5	80	80	
659	61.032	E4	64	49	659	61.5	E4	64	80	
660	61.142	C#5	73	59	660	61.625	C#5	73	80	
661	61.2596	C#4	61	48	661	61.75	C#4	61	80	
662	61.3942	E5	76	64	662	61.875	E5	76	80	
663	61.5245	A3	57	54	663	62	A3	57	80	
664	61.6549	C#5	73	52	664	62.125	C#5	73	80	
665	61.7841	F#3	54	55	665	62.25	F#3	54	80	
666	61.9081	A4	69	56	666	62.375	A4	69	80	
667	62.0491	Eb4	63	53	667	62.5	Eb4	63	80	
668	62.1559	F#4	66	51	668	62.625	F#4	66	80	
669	62.2734	C4	60	58	669	62.75	C4	60	80	
670	62.4219	Eb5	75	58	670	62.875	Eb5	75	80	
671	62.5224	E3	52	52	671	63	E3	52	80	
672	62.6709	G#4	68	64	672	63.125	G#4	68	80	
673	62.7905	C#4	61	58	673	63.25	C#4	61	80	
674	62.9273	E4	64	46	674	63.375	E4	64	80	
675	63.032	A3	57	57	675	63.5	A3	57	80	
676	63.1805	C#5	73	52	676	63.625	C#5	73	80	
677	63.2777	F#3	54	57	677	63.75	F#3	54	80	
678	63.4059	A4	69	60	678	63.875	A4	69	80	
679	63.5213	Eb3	51	49	679	64	Eb3	51	80	
680	63.657	F#4	66	55	680	64.125	F#4	66	80	
681	63.7809	C3	48	45	681	64.25	C3	48	80	
682	63.9145	Eb4	63	65	682	64.375	Eb4	63	80	
683	64.0801	G#2	44	44	684	64.5	G#2	44	80	
684	64.1057	C4	60	66	683	64.5	C4	60	80	
685	64.2275	G#3	56	61	685	64.625	G#3	56	80	
686	64.3707	F#3	54	53	686	64.75	F#3	54	80	
687	64.4999	G#3	56	53	687	64.875	G#3	56	80	
688	64.6121	Eb3	51	50	688	65	Eb3	51	80	
689	64.7168	G#3	56	51	689	65.125	G#3	56	80	
690	64.8578	G#2	44	47	691	65.25	G#2	44	80	
691	64.8792	C4	60	57	690	65.25	C4	60	80	
692	65.0288	G#3	56	48	692	65.375	G#3	56	80	
693	65.1175	F#3	54	58	693	65.5	F#3	54	80	
694	65.2489	G#3	56	51	694	65.625	G#3	56	80	
695	65.361	Eb3	51	45	695	65.75	Eb3	51	80	
696	65.4775	G#3	56	55	696	65.875	G#3	56	80	
697	65.6281	C#4	61	60	697	66	C#4	61	80	
698	65.6388	G#2	44	39	698	66	G#2	44	80	
699	65.7745	G#3	56	52	699	66.125	G#3	56	80	
700	65.9155	F3	53	39	700	66.25	F3	53	80	
701	66.0352	G#3	56	53	701	66.375	G#3	56	80	
702	66.1484	C#3	49	53	702	66.5	C#3	49	80	
703	66.266	G#3	56	49	703	66.625	G#3	56	80	
704	66.4145	C#4	61	63	704	66.75	C#4	61	80	
705	66.4166	G#2	44	43	705	66.75	G#2	44	80	
706	66.5512	G#3	56	48	706	66.875	G#3	56	80	
707	66.6762	F3	53	54	707	67	F3	53	80	
708	66.8151	G#3	56	47	708	67.125	G#3	56	80	
709	66.9273	C#3	49	58	709	67.25	C#3	49	80	
710	67.0405	G#3	56	50	710	67.375	G#3	56	80	
711	67.2008	G#2	44	44	712	67.5	G#2	44	80	
712	67.2008	F#4	66	60	711	67.5	F#4	66	80	
713	67.3536	G#3	56	42	713	67.625	G#3	56	80	
714	67.4636	Eb3	51	54	714	67.75	Eb3	51	80	
715	67.5758	G#3	56	47	715	67.875	G#3	56	80	
716	67.7019	C3	48	58	716	68	C3	48	80	
717	67.8183	G#3	56	52	717	68.125	G#3	56	80	
718	67.9668	F#4	66	65	718	68.25	F#4	66	80	
719	67.9743	G#2	44	48	719	68.25	G#2	44	80	
720	68.1057	G#3	56	55	720	68.375	G#3	56	80	
721	68.2179	Eb3	51	58	721	68.5	Eb3	51	80	
722	68.3493	G#3	56	61	722	68.625	G#3	56	80	
723	68.4764	C3	48	61	723	68.75	C3	48	80	
724	68.6025	G#3	56	59	724	68.875	G#3	56	80	
725	68.7467	F4	65	70	725	69	F4	65	80	
726	68.7628	G#2	44	40	726	69	G#2	44	80	
727	68.8728	G#3	56	67	727	69.125	G#3	56	80	
728	69.0063	F3	53	60	728	69.25	F3	53	80	
729	69.1185	G#3	56	62	729	69.375	G#3	56	80	
730	69.251	C#3	49	62	730	69.5	C#3	49	80	
731	69.3546	G#3	56	65	731	69.625	G#3	56	80	
732	69.4903	F4	65	73	732	69.75	F4	65	80	
733	69.5138	G#2	44	47	733	69.75	G#2	44	80	
734	69.6153	G#3	56	69	734	69.875	G#3	56	80	
735	69.7617	F3	53	71	735	70	F3	53	80	
736	69.8845	G#3	56	73	736	70.125	G#3	56	80	
737	70.0042	C#3	49	74	737	70.25	C#3	49	80	
738	70.1153	G#3	56	77	738	70.375	G#3	56	80	
739	70.2553	G4	67	81	739	70.5	G4	67	80	
740	70.2649	G#2	44	58	740	70.5	G#2	44	80	
741	70.3749	Bb3	58	75	741	70.625	Bb3	58	80	
742	70.5021	E3	52	76	742	70.75	E3	52	80	
743	70.61	Bb3	58	78	743	70.875	Bb3	58	80	
744	70.736	C#3	49	79	744	71	C#3	49	80	
745	70.8343	Bb3	58	79	745	71.125	Bb3	58	80	
746	70.9754	G#2	44	69	747	71.25	G#2	44	80	
747	70.9839	G4	67	83	746	71.25	G4	67	80	
748	71.0993	Bb3	58	77	748	71.375	Bb3	58	80	
749	71.2392	E3	52	76	749	71.5	E3	52	80	
750	71.3536	Bb3	58	78	750	71.625	Bb3	58	80	
751	71.4807	C#3	49	81	751	71.75	C#3	49	80	
752	71.611	Bb3	58	76	752	71.875	Bb3	58	80	
753	71.7446	G#2	44	70	753	72	G#2	44	80	
754	71.9273	C3	48	68	754	72.125	C3	48	80	
755	72.063	Eb3	51	71	755	72.25	Eb3	51	80	
756	72.1751	F#3	54	74	756	72.375	F#3	54	80	
757	72.2927	A3	57	78	757	72.5	A3	57	80	
758	72.4251	C4	60	72	758	72.625	C4	60	80	
759	72.5202	C#4	61	78	759	72.75	C#4	61	80	
760	72.6516	E4	64	74	760	72.875	E4	64	80	
761	72.7692	G4	67	76	761	73	G4	67	80	
762	72.8632	Bb4	70	87	762	73.125	Bb4	70	80	
763	72.986	C#5	73	83	763	73.25	C#5	73	80	
764	73.0982	E5	76	80	764	73.375	E5	76	80	
765	73.2083	G#2	44	63	766	73.5	G#2	44	80	
766	73.2275	C5	72	86	765	73.5	C5	72	80	
767	73.3514	Eb5	75	80	767	73.625	Eb5	75	80	
768	73.4689	F#5	78	88	768	73.75	F#5	78	80	
769	73.5875	Eb5	75	81	769	73.875	Eb5	75	80	
770	73.704	C5	72	84	770	74	C5	72	80	
771	73.814	G#4	68	80	771	74.125	G#4	68	80	
772	73.9486	F#4	66	80	772	74.25	F#4	66	80	
773	74.0715	Eb4	63	75	773	74.375	Eb4	63	80	
774	74.1922	C4	60	71	774	74.5	C4	60	80	
775	74.3108	G#3	56	73	775	74.625	G#3	56	80	
776	74.4412	C4	60	69	776	74.75	C4	60	80	
777	74.5544	Eb4	63	75	777	74.875	Eb4	63	80	
778	74.7072	G#3	56	63	779	75	G#3	56	80	
779	74.7136	F4	65	68	778	75	F4	65	80	
780	74.8557	G#4	68	76	780	75.125	G#4	68	80	
781	74.9807	C#5	73	82	781	75.25	C#5	73	80	
782	75.1121	G#4	68	85	782	75.375	G#4	68	80	
783	75.2296	F4	65	76	783	75.5	F4	65	80	
784	75.3568	C#4	61	74	784	75.625	C#4	61	80	
785	75.4754	Bb3	58	79	785	75.75	Bb3	58	80	
786	75.6164	G3	55	70	786	75.875	G3	55	80	
787	75.7467	E3	52	71	787	76	E3	52	80	
788	75.8696	C#3	49	77	788	76.125	C#3	49	80	
789	76.0245	E3	52	68	789	76.25	E3	52	80	
790	76.1794	G3	55	68	790	76.375	G3	55	80	
791	76.4187	G#2	44	68	791	76.5	G#2	44	80	
792	76.845	C#5	73	77	794	76.75	C#5	73	80	
793	76.8696	C#3	49	53	795	76.75	C#3	49	80	
794	76.8696	G#4	68	66	793	76.75	G#4	68	80	
795	76.8706	G#3	56	53	797	76.75	G#3	56	80	
796	76.8717	F4	65	57	792	76.75	F4	65	80	
797	76.876	F3	53	50	796	76.75	F3	53	80	
798	77.3076	C5	72	71	*	-1	*	-1	-1	
799	77.3279	G#4	68	60	*	-1	*	-1	-1	
800	77.3301	Eb4	63	56	*	-1	*	-1	-1	
801	77.3343	G#3	56	38	*	-1	*	-1	-1	
802	77.3407	Eb3	51	42	*	-1	*	-1	-1	
803	77.3418	F#3	54	46	*	-1	*	-1	-1	
804	78.0159	C#3	49	61	*	-1	*	-1	-1	
805	78.4786	F3	53	50	*	-1	*	-1	-1	
806	78.5982	G#3	56	57	*	-1	*	-1	-1	
807	78.7147	C#4	61	54	*	-1	*	-1	-1	
808	78.8119	G#4	68	59	*	-1	*	-1	-1	
809	78.9315	C#5	73	61	*	-1	*	-1	-1	
810	83.1858	G#4	68	62	*	-1	*	-1	-1	
811	83.5384	Bb4	70	60	*	-1	*	-1	-1	
812	83.6976	G#4	68	70	*	-1	*	-1	-1	
813	83.8738	F#4	66	72	*	-1	*	-1	-1	
814	84.0138	G#4	68	73	*	-1	*	-1	-1	
815	84.204	F5	77	74	*	-1	*	-1	-1	
816	84.5533	C#5	73	65	*	-1	*	-1	-1	
817	84.9123	G#4	68	61	*	-1	*	-1	-1	
818	85.2905	F#4	66	57	*	-1	*	-1	-1	
819	85.4422	F4	65	46	*	-1	*	-1	-1	
820	85.611	F#4	66	59	*	-1	*	-1	-1	
821	85.97	Eb5	75	61	*	-1	*	-1	-1	
822	86.3258	F4	65	52	*	-1	*	-1	-1	
823	86.6869	C#5	73	57	*	-1	*	-1	-1	
824	87.0576	Eb4	63	58	*	-1	*	-1	-1	
825	87.4176	C5	72	55	*	-1	*	-1	-1	
826	87.7713	C#4	61	49	*	-1	*	-1	-1	
827	88.1067	C#5	73	56	*	-1	*	-1	-1	
828	88.267	C5	72	67	*	-1	*	-1	-1	
829	88.4508	C#5	73	71	*	-1	*	-1	-1	
830	88.6025	Eb5	75	72	*	-1	*	-1	-1	
831	88.767	F5	77	75	*	-1	*	-1	-1	
832	88.7745	C#4	61	78	*	-1	*	-1	-1	
833	88.9262	F#5	78	75	*	-1	*	-1	-1	
834	89.0993	F4	65	71	*	-1	*	-1	-1	
835	89.1057	G#5	80	78	*	-1	*	-1	-1	
836	89.2285	Eb4	63	78	*	-1	*	-1	-1	
837	89.2649	G5	79	78	*	-1	*	-1	-1	
838	89.3888	C#4	61	68	*	-1	*	-1	-1	
839	89.4166	F5	77	76	*	-1	*	-1	-1	
840	89.5501	Eb4	63	78	*	-1	*	-1	-1	
841	89.564	G5	79	82	*	-1	*	-1	-1	
842	89.7307	C5	72	87	*	-1	*	-1	-1	
843	89.751	G#5	80	74	*	-1	*	-1	-1	
844	89.9006	F#5	78	65	*	-1	*	-1	-1	
845	90.0683	G#4	68	80	*	-1	*	-1	-1	
846	90.0779	F5	77	66	*	-1	*	-1	-1	
847	90.2285	Eb5	75	70	*	-1	*	-1	-1	
848	90.407	F5	77	67	*	-1	*	-1	-1	
849	90.4144	Eb4	63	65	*	-1	*	-1	-1	
850	90.7638	C#4	61	64	*	-1	*	-1	-1	
851	90.9016	C4	60	69	*	-1	*	-1	-1	
852	91.0843	C#4	61	73	*	-1	*	-1	-1	
853	91.2339	Eb5	75	67	*	-1	*	-1	-1	
854	91.408	Bb4	70	85	*	-1	*	-1	-1	
855	91.4187	C#5	73	62	*	-1	*	-1	-1	
856	91.5683	F5	77	59	*	-1	*	-1	-1	
857	91.7446	C4	60	74	*	-1	*	-1	-1	
858	91.7563	Eb5	75	62	*	-1	*	-1	-1	
859	91.9091	C#5	73	55	*	-1	*	-1	-1	
860	92.0715	G#4	68	78	*	-1	*	-1	-1	
861	92.0875	C5	72	63	*	-1	*	-1	-1	
862	92.2424	Eb5	75	61	*	-1	*	-1	-1	
863	92.4251	Bb3	58	65	*	-1	*	-1	-1	
864	92.4465	C#5	73	53	*	-1	*	-1	-1	
865	92.5864	C5	72	56	*	-1	*	-1	-1	
866	92.7563	G4	67	61	*	-1	*	-1	-1	
867	92.7659	C#5	73	64	*	-1	*	-1	-1	
868	92.9176	Bb4	70	63	*	-1	*	-1	-1	
869	93.0832	G#3	56	53	*	-1	*	-1	-1	
870	93.0897	C5	72	62	*	-1	*	-1	-1	
871	93.4198	Eb5	75	80	*	-1	*	-1	-1	
872	93.4262	G#4	68	71	*	-1	*	-1	-1	
873	93.5715	G4	67	64	*	-1	*	-1	-1	
874	93.7285	G#4	68	81	*	-1	*	-1	-1	
875	93.7349	F#5	78	83	*	-1	*	-1	-1	
876	93.8856	Bb4	70	68	*	-1	*	-1	-1	
877	94.0523	G#3	56	80	*	-1	*	-1	-1	
878	94.064	C5	72	74	*	-1	*	-1	-1	
879	94.2104	G#4	68	76	*	-1	*	-1	-1	
880	94.3802	C#5	73	72	*	-1	*	-1	-1	
881	94.3973	Bb3	58	75	*	-1	*	-1	-1	
882	94.5202	G#3	56	81	*	-1	*	-1	-1	
883	94.532	C5	72	76	*	-1	*	-1	-1	
884	94.6741	F#3	54	72	*	-1	*	-1	-1	
885	94.6933	Bb4	70	77	*	-1	*	-1	-1	
886	94.8354	G#3	56	76	*	-1	*	-1	-1	
887	94.8439	C5	72	82	*	-1	*	-1	-1	
888	95.017	F5	77	76	*	-1	*	-1	-1	
889	95.0181	F4	65	77	*	-1	*	-1	-1	
890	95.0309	C#5	73	77	*	-1	*	-1	-1	
891	95.1741	C5	72	77	*	-1	*	-1	-1	
892	95.3364	C#4	61	77	*	-1	*	-1	-1	
893	95.345	Bb4	70	74	*	-1	*	-1	-1	
894	95.4839	G#4	68	71	*	-1	*	-1	-1	
895	95.6687	G#3	56	73	*	-1	*	-1	-1	
896	95.6687	Bb4	70	77	*	-1	*	-1	-1	
897	95.9956	F#3	54	66	*	-1	*	-1	-1	
898	96.1388	F3	53	71	*	-1	*	-1	-1	
899	96.3076	Eb5	75	75	*	-1	*	-1	-1	
900	96.3279	F#3	54	78	*	-1	*	-1	-1	
901	96.4636	G#4	68	68	*	-1	*	-1	-1	
902	96.6441	Eb4	63	79	*	-1	*	-1	-1	
903	96.6634	F#4	66	63	*	-1	*	-1	-1	
904	96.814	Bb4	70	64	*	-1	*	-1	-1	
905	96.97	F3	53	72	*	-1	*	-1	-1	
906	96.9828	G#4	68	60	*	-1	*	-1	-1	
907	97.1409	F#4	66	56	*	-1	*	-1	-1	
908	97.3076	C#4	61	76	*	-1	*	-1	-1	
909	97.314	C#5	73	64	*	-1	*	-1	-1	
910	97.3247	F4	65	55	*	-1	*	-1	-1	
911	97.4668	G#4	68	61	*	-1	*	-1	-1	
912	97.6388	Eb3	51	66	*	-1	*	-1	-1	
913	97.6452	C5	72	64	*	-1	*	-1	-1	
914	97.673	F#4	66	53	*	-1	*	-1	-1	
915	97.8108	F4	65	54	*	-1	*	-1	-1	
916	97.9561	C4	60	69	*	-1	*	-1	-1	
917	97.9775	Eb5	75	64	*	-1	*	-1	-1	
918	97.9839	F#4	66	51	*	-1	*	-1	-1	
919	98.1174	Eb4	63	59	*	-1	*	-1	-1	
920	98.2926	C#3	49	67	*	-1	*	-1	-1	
921	98.3044	F4	65	52	*	-1	*	-1	-1	
922	98.6612	G#4	68	72	*	-1	*	-1	-1	
923	98.6751	C#4	61	59	*	-1	*	-1	-1	
924	98.8343	C4	60	53	*	-1	*	-1	-1	
925	98.9785	F5	77	80	*	-1	*	-1	-1	
926	98.9988	C#4	61	55	*	-1	*	-1	-1	
927	99.142	Eb4	63	48	*	-1	*	-1	-1	
928	99.3044	G#4	68	79	*	-1	*	-1	-1	
929	99.3151	F4	65	37	*	-1	*	-1	-1	
930	99.4711	C#4	61	38	*	-1	*	-1	-1	
931	99.642	C#5	73	73	*	-1	*	-1	-1	
932	99.6527	Bb3	58	42	*	-1	*	-1	-1	
933	99.8087	C4	60	54	*	-1	*	-1	-1	
934	99.9486	C#4	61	58	*	-1	*	-1	-1	
935	99.9689	F5	77	76	*	-1	*	-1	-1	
936	100.113	Bb3	58	48	*	-1	*	-1	-1	
937	100.113	C#5	73	80	*	-1	*	-1	-1	
938	100.285	G3	55	50	*	-1	*	-1	-1	
939	100.299	Bb4	70	74	*	-1	*	-1	-1	
940	100.441	G#3	56	55	*	-1	*	-1	-1	
941	100.597	Bb3	58	52	*	-1	*	-1	-1	
942	100.613	C#5	73	65	*	-1	*	-1	-1	
943	100.753	G3	55	49	*	-1	*	-1	-1	
944	100.777	Bb4	70	65	*	-1	*	-1	-1	
945	100.954	Eb4	63	56	*	-1	*	-1	-1	
946	100.971	C3	48	33	*	-1	*	-1	-1	
947	101.304	Bb4	70	73	*	-1	*	-1	-1	
948	101.311	C4	60	51	*	-1	*	-1	-1	
949	101.457	Bb3	58	60	*	-1	*	-1	-1	
950	101.641	Eb5	75	82	*	-1	*	-1	-1	
951	101.671	C4	60	54	*	-1	*	-1	-1	
952	101.807	C#4	61	59	*	-1	*	-1	-1	
953	101.973	Eb4	63	57	*	-1	*	-1	-1	
954	101.995	G4	67	66	*	-1	*	-1	-1	
955	102.136	C4	60	46	*	-1	*	-1	-1	
956	102.325	G#3	56	49	*	-1	*	-1	-1	
957	102.338	C5	72	64	*	-1	*	-1	-1	
958	102.49	Bb3	58	48	*	-1	*	-1	-1	
959	102.649	Eb5	75	71	*	-1	*	-1	-1	
960	102.677	C4	60	49	*	-1	*	-1	-1	
961	102.817	C5	72	72	*	-1	*	-1	-1	
962	102.83	G#3	56	51	*	-1	*	-1	-1	
963	102.998	G#4	68	64	*	-1	*	-1	-1	
964	103.007	F3	53	52	*	-1	*	-1	-1	
965	103.157	G3	55	51	*	-1	*	-1	-1	
966	103.296	C5	72	62	*	-1	*	-1	-1	
967	103.323	G#3	56	55	*	-1	*	-1	-1	
968	103.449	G#4	68	58	*	-1	*	-1	-1	
969	103.473	F3	53	45	*	-1	*	-1	-1	
970	103.642	C#4	61	55	*	-1	*	-1	-1	
971	103.644	Bb2	46	46	*	-1	*	-1	-1	
972	104.011	G#4	68	66	*	-1	*	-1	-1	
973	104.029	Bb3	58	49	*	-1	*	-1	-1	
974	104.179	G#3	56	58	*	-1	*	-1	-1	
975	104.335	C#5	73	81	*	-1	*	-1	-1	
976	104.348	Bb3	58	58	*	-1	*	-1	-1	
977	104.491	C4	60	64	*	-1	*	-1	-1	
978	104.661	C#4	61	68	*	-1	*	-1	-1	
979	104.661	F4	65	72	*	-1	*	-1	-1	
980	104.807	Bb3	58	62	*	-1	*	-1	-1	
981	104.985	Bb4	70	81	*	-1	*	-1	-1	
982	104.998	G3	55	54	*	-1	*	-1	-1	
983	105.126	C5	72	86	*	-1	*	-1	-1	
984	105.138	G#3	56	71	*	-1	*	-1	-1	
985	105.282	Bb3	58	72	*	-1	*	-1	-1	
986	105.285	C#5	73	87	*	-1	*	-1	-1	
987	105.436	Bb4	70	87	*	-1	*	-1	-1	
988	105.442	G3	55	72	*	-1	*	-1	-1	
989	105.597	Bb5	82	91	*	-1	*	-1	-1	
990	105.601	Eb3	51	74	*	-1	*	-1	-1	
991	105.757	F3	53	69	*	-1	*	-1	-1	
992	105.767	C#5	73	71	*	-1	*	-1	-1	
993	105.914	G3	55	68	*	-1	*	-1	-1	
994	105.943	Eb5	75	80	*	-1	*	-1	-1	
995	106.071	Eb3	51	68	*	-1	*	-1	-1	
996	106.084	Bb4	70	80	*	-1	*	-1	-1	
997	106.241	C5	72	84	*	-1	*	-1	-1	
998	106.251	G#2	44	77	*	-1	*	-1	-1	
999	106.396	G#5	80	83	*	-1	*	-1	-1	
1000	106.553	G5	79	79	*	-1	*	-1	-1	
1001	106.558	G#3	56	72	*	-1	*	-1	-1	
1002	106.701	Bb5	82	83	*	-1	*	-1	-1	
1003	106.702	Bb3	58	65	*	-1	*	-1	-1	
1004	106.878	G#5	80	82	*	-1	*	-1	-1	
1005	106.885	C4	60	76	*	-1	*	-1	-1	
1006	107.029	Eb5	75	77	*	-1	*	-1	-1	
1007	107.187	G#4	68	86	*	-1	*	-1	-1	
1008	107.189	G#3	56	69	*	-1	*	-1	-1	
1009	107.207	F5	77	71	*	-1	*	-1	-1	
1010	107.368	F#5	78	70	*	-1	*	-1	-1	
1011	107.528	C#4	61	68	*	-1	*	-1	-1	
1012	107.544	F5	77	69	*	-1	*	-1	-1	
1013	107.692	Eb5	75	83	*	-1	*	-1	-1	
1014	107.695	G4	67	65	*	-1	*	-1	-1	
1015	107.85	C#5	73	83	*	-1	*	-1	-1	
1016	107.857	F4	65	67	*	-1	*	-1	-1	
1017	107.989	Eb5	75	87	*	-1	*	-1	-1	
1018	107.996	G4	67	71	*	-1	*	-1	-1	
1019	108.165	C6	84	91	*	-1	*	-1	-1	
1020	108.184	G#4	68	73	*	-1	*	-1	-1	
1021	108.188	C4	60	65	*	-1	*	-1	-1	
1022	108.335	G4	67	63	*	-1	*	-1	-1	
1023	108.501	G#5	80	85	*	-1	*	-1	-1	
1024	108.527	F4	65	59	*	-1	*	-1	-1	
1025	108.67	Eb4	63	61	*	-1	*	-1	-1	
1026	108.837	F4	65	55	*	-1	*	-1	-1	
1027	108.841	Eb5	75	79	*	-1	*	-1	-1	
1028	108.866	Bb3	58	52	*	-1	*	-1	-1	
1029	109.2	C#5	73	71	*	-1	*	-1	-1	
1030	109.215	G#3	56	49	*	-1	*	-1	-1	
1031	109.352	C5	72	71	*	-1	*	-1	-1	
1032	109.516	G3	55	63	*	-1	*	-1	-1	
1033	109.518	C#5	73	75	*	-1	*	-1	-1	
1034	109.68	Eb4	63	72	*	-1	*	-1	-1	
1035	109.843	C#4	61	68	*	-1	*	-1	-1	
1036	109.848	Bb5	82	77	*	-1	*	-1	-1	
1037	109.998	F4	65	66	*	-1	*	-1	-1	
1038	110.163	Eb4	63	73	*	-1	*	-1	-1	
1039	110.171	C5	72	81	*	-1	*	-1	-1	
1040	110.176	G#3	56	66	*	-1	*	-1	-1	
1041	110.325	C#4	61	66	*	-1	*	-1	-1	
1042	110.486	C4	60	62	*	-1	*	-1	-1	
1043	110.506	G#5	80	75	*	-1	*	-1	-1	
1044	110.658	Eb4	63	70	*	-1	*	-1	-1	
1045	110.816	Bb4	70	70	*	-1	*	-1	-1	
1046	110.827	C#4	61	58	*	-1	*	-1	-1	
1047	110.856	Eb3	51	44	*	-1	*	-1	-1	
1048	110.979	C4	60	65	*	-1	*	-1	-1	
1049	111.14	G5	79	70	*	-1	*	-1	-1	
1050	111.144	C#4	61	61	*	-1	*	-1	-1	
1051	111.283	Bb3	58	54	*	-1	*	-1	-1	
1052	111.462	C4	60	49	*	-1	*	-1	-1	
1053	111.465	G#4	68	59	*	-1	*	-1	-1	
1054	111.49	G#3	56	52	*	-1	*	-1	-1	
1055	111.64	Bb4	70	64	*	-1	*	-1	-1	
1056	111.808	Eb4	63	53	*	-1	*	-1	-1	
1057	111.811	C5	72	67	*	-1	*	-1	-1	
1058	111.956	C#5	73	64	*	-1	*	-1	-1	
1059	112.116	G#4	68	68	*	-1	*	-1	-1	
1060	112.141	C5	72	63	*	-1	*	-1	-1	
1061	112.286	Bb4	70	64	*	-1	*	-1	-1	
1062	112.451	Eb4	63	54	*	-1	*	-1	-1	
1063	112.454	G#4	68	62	*	-1	*	-1	-1	
1064	112.592	C4	60	46	*	-1	*	-1	-1	
1065	112.609	C5	72	73	*	-1	*	-1	-1	
1066	112.765	G#3	56	63	*	-1	*	-1	-1	
1067	112.767	F5	77	77	*	-1	*	-1	-1	
1068	112.914	Eb5	75	82	*	-1	*	-1	-1	
1069	113.081	D5	74	77	*	-1	*	-1	-1	
1070	113.09	B3	59	75	*	-1	*	-1	-1	
1071	113.209	G#3	56	63	*	-1	*	-1	-1	
1072	113.222	F5	77	79	*	-1	*	-1	-1	
1073	113.376	G#5	80	84	*	-1	*	-1	-1	
1074	113.385	F3	53	72	*	-1	*	-1	-1	
1075	113.533	F#5	78	84	*	-1	*	-1	-1	
1076	113.68	F5	77	85	*	-1	*	-1	-1	
1077	113.685	G#3	56	73	*	-1	*	-1	-1	
1078	113.801	G#5	80	89	*	-1	*	-1	-1	
1079	113.831	F3	53	72	*	-1	*	-1	-1	
1080	113.92	G#5	80	82	*	-1	*	-1	-1	
1081	113.993	Bb5	82	85	*	-1	*	-1	-1	
1082	114.002	D3	50	62	*	-1	*	-1	-1	
1083	114.06	B5	83	81	*	-1	*	-1	-1	
1084	114.399	Bb5	82	78	*	-1	*	-1	-1	
1085	114.412	F3	53	45	*	-1	*	-1	-1	
1086	114.547	G#5	80	78	*	-1	*	-1	-1	
1087	114.574	G#3	56	56	*	-1	*	-1	-1	
1088	114.715	F#5	78	76	*	-1	*	-1	-1	
1089	114.736	B3	59	64	*	-1	*	-1	-1	
1090	114.877	F5	77	71	*	-1	*	-1	-1	
1091	115.033	F3	53	67	*	-1	*	-1	-1	
1092	115.033	Eb5	75	74	*	-1	*	-1	-1	
1093	115.201	D5	74	64	*	-1	*	-1	-1	
1094	115.359	F#3	54	59	*	-1	*	-1	-1	
1095	115.366	Bb3	58	62	*	-1	*	-1	-1	
1096	115.372	Eb5	75	71	*	-1	*	-1	-1	
1097	115.523	F#5	78	67	*	-1	*	-1	-1	
1098	115.694	G#3	56	69	*	-1	*	-1	-1	
1099	115.696	B3	59	68	*	-1	*	-1	-1	
1100	115.704	F5	77	63	*	-1	*	-1	-1	
1101	115.856	Eb5	75	68	*	-1	*	-1	-1	
1102	116.028	Bb3	58	59	*	-1	*	-1	-1	
1103	116.037	D5	74	60	*	-1	*	-1	-1	
1104	116.176	F5	77	68	*	-1	*	-1	-1	
1105	116.335	D3	50	52	*	-1	*	-1	-1	
1106	116.348	Bb2	46	48	*	-1	*	-1	-1	
1107	116.352	Bb4	70	70	*	-1	*	-1	-1	
1108	116.493	G#4	68	71	*	-1	*	-1	-1	
1109	116.678	F#4	66	67	*	-1	*	-1	-1	
1110	116.69	Eb3	51	59	*	-1	*	-1	-1	
1111	116.71	Eb2	39	57	*	-1	*	-1	-1	
1112	116.848	F4	65	67	*	-1	*	-1	-1	
1113	117.015	Eb4	63	77	*	-1	*	-1	-1	
1114	117.165	D4	62	74	*	-1	*	-1	-1	
1115	117.328	Eb4	63	81	*	-1	*	-1	-1	
1116	117.467	F4	65	77	*	-1	*	-1	-1	
1117	117.633	Eb3	51	78	*	-1	*	-1	-1	
1118	117.637	F#4	66	76	*	-1	*	-1	-1	
1119	117.787	G#4	68	79	*	-1	*	-1	-1	
1120	117.952	Bb4	70	80	*	-1	*	-1	-1	
1121	117.956	F#3	54	80	*	-1	*	-1	-1	
1122	118.089	F3	53	79	*	-1	*	-1	-1	
1123	118.122	G#4	68	81	*	-1	*	-1	-1	
1124	118.264	Eb3	51	73	*	-1	*	-1	-1	
1125	118.283	F#4	66	72	*	-1	*	-1	-1	
1126	118.43	F3	53	82	*	-1	*	-1	-1	
1127	118.439	G#4	68	80	*	-1	*	-1	-1	
1128	118.599	C#4	61	86	*	-1	*	-1	-1	
1129	118.61	Bb4	70	76	*	-1	*	-1	-1	
1130	118.763	G#4	68	72	*	-1	*	-1	-1	
1131	118.922	F#4	66	69	*	-1	*	-1	-1	
1132	118.923	Bb3	58	78	*	-1	*	-1	-1	
1133	119.07	F4	65	67	*	-1	*	-1	-1	
1134	119.259	F3	53	81	*	-1	*	-1	-1	
1135	119.268	F#4	66	73	*	-1	*	-1	-1	
1136	119.622	Eb3	51	65	*	-1	*	-1	-1	
1137	119.758	C#3	49	75	*	-1	*	-1	-1	
1138	119.946	Eb3	51	78	*	-1	*	-1	-1	
1139	120.099	F4	65	65	*	-1	*	-1	-1	
1140	120.274	C4	60	76	*	-1	*	-1	-1	
1141	120.274	Eb4	63	65	*	-1	*	-1	-1	
1142	120.436	F#4	66	64	*	-1	*	-1	-1	
1143	120.599	C#3	49	76	*	-1	*	-1	-1	
1144	120.624	F4	65	54	*	-1	*	-1	-1	
1145	120.768	Eb4	63	58	*	-1	*	-1	-1	
1146	120.934	Bb3	58	76	*	-1	*	-1	-1	
1147	120.939	C#4	61	61	*	-1	*	-1	-1	
1148	121.107	F4	65	52	*	-1	*	-1	-1	
1149	121.266	C3	48	64	*	-1	*	-1	-1	
1150	121.282	Eb4	63	57	*	-1	*	-1	-1	
1151	121.435	C#4	61	55	*	-1	*	-1	-1	
1152	121.596	Eb4	63	52	*	-1	*	-1	-1	
1153	121.606	A3	57	54	*	-1	*	-1	-1	
1154	121.748	C4	60	55	*	-1	*	-1	-1	
1155	121.909	Bb2	46	52	*	-1	*	-1	-1	
1156	121.915	C#4	61	63	*	-1	*	-1	-1	
1157	122.079	F4	65	58	*	-1	*	-1	-1	
1158	122.242	F#4	66	61	*	-1	*	-1	-1	
1159	122.247	Bb3	58	53	*	-1	*	-1	-1	
1160	122.397	A3	57	55	*	-1	*	-1	-1	
1161	122.398	F4	65	58	*	-1	*	-1	-1	
1162	122.565	C#5	73	68	*	-1	*	-1	-1	
1163	122.566	Bb3	58	48	*	-1	*	-1	-1	
1164	122.748	C4	60	45	*	-1	*	-1	-1	
1165	122.891	F4	65	59	*	-1	*	-1	-1	
1166	122.897	C#4	61	54	*	-1	*	-1	-1	
1167	123.059	Bb3	58	48	*	-1	*	-1	-1	
1168	123.224	Bb4	70	65	*	-1	*	-1	-1	
1169	123.227	G3	55	52	*	-1	*	-1	-1	
1170	123.378	C5	72	77	*	-1	*	-1	-1	
1171	123.382	G#3	56	55	*	-1	*	-1	-1	
1172	123.524	Bb3	58	59	*	-1	*	-1	-1	
1173	123.534	C#5	73	78	*	-1	*	-1	-1	
1174	123.672	Bb4	70	82	*	-1	*	-1	-1	
1175	123.689	G3	55	57	*	-1	*	-1	-1	
1176	123.855	Bb5	82	82	*	-1	*	-1	-1	
1177	123.872	Eb3	51	50	*	-1	*	-1	-1	
1178	124.004	C#5	73	60	*	-1	*	-1	-1	
1179	124.014	F3	53	51	*	-1	*	-1	-1	
1180	124.167	G3	55	48	*	-1	*	-1	-1	
1181	124.178	Eb5	75	62	*	-1	*	-1	-1	
1182	124.303	Eb3	51	56	*	-1	*	-1	-1	
1183	124.324	Bb4	70	69	*	-1	*	-1	-1	
1184	124.489	C5	72	67	*	-1	*	-1	-1	
1185	124.495	G#2	44	54	*	-1	*	-1	-1	
1186	124.636	Eb4	63	62	*	-1	*	-1	-1	
1187	124.8	G#3	56	60	*	-1	*	-1	-1	
1188	124.808	F4	65	64	*	-1	*	-1	-1	
1189	124.944	G3	55	63	*	-1	*	-1	-1	
1190	124.967	Eb4	63	68	*	-1	*	-1	-1	
1191	125.128	G#3	56	71	*	-1	*	-1	-1	
1192	125.129	C5	72	66	*	-1	*	-1	-1	
1193	125.274	Bb3	58	73	*	-1	*	-1	-1	
1194	125.444	C4	60	68	*	-1	*	-1	-1	
1195	125.462	Eb4	63	53	*	-1	*	-1	-1	
1196	125.595	G#3	56	69	*	-1	*	-1	-1	
1197	125.766	G#4	68	66	*	-1	*	-1	-1	
1198	125.774	F3	53	60	*	-1	*	-1	-1	
1199	125.937	Bb4	70	74	*	-1	*	-1	-1	
1200	125.938	G3	55	59	*	-1	*	-1	-1	
1201	126.078	C5	72	80	*	-1	*	-1	-1	
1202	126.086	G#3	56	63	*	-1	*	-1	-1	
1203	126.229	G#4	68	86	*	-1	*	-1	-1	
1204	126.247	F3	53	59	*	-1	*	-1	-1	
1205	126.394	G#5	80	84	*	-1	*	-1	-1	
1206	126.412	C#3	49	56	*	-1	*	-1	-1	
1207	126.553	C5	72	62	*	-1	*	-1	-1	
1208	126.559	Eb3	51	50	*	-1	*	-1	-1	
1209	126.709	C#5	73	64	*	-1	*	-1	-1	
1210	126.71	F3	53	50	*	-1	*	-1	-1	
1211	126.854	G#4	68	63	*	-1	*	-1	-1	
1212	126.856	C#3	49	53	*	-1	*	-1	-1	
1213	127.028	Bb4	70	69	*	-1	*	-1	-1	
1214	127.031	G2	43	55	*	-1	*	-1	-1	
1215	127.176	C#4	61	62	*	-1	*	-1	-1	
1216	127.335	G3	55	67	*	-1	*	-1	-1	
1217	127.336	Eb4	63	69	*	-1	*	-1	-1	
1218	127.489	C#4	61	70	*	-1	*	-1	-1	
1219	127.497	F3	53	66	*	-1	*	-1	-1	
1220	127.657	Bb4	70	78	*	-1	*	-1	-1	
1221	127.683	G3	55	65	*	-1	*	-1	-1	
1222	127.829	G#3	56	61	*	-1	*	-1	-1	
1223	128.004	Bb3	58	59	*	-1	*	-1	-1	
1224	128.005	C#4	61	68	*	-1	*	-1	-1	
1225	128.146	G3	55	57	*	-1	*	-1	-1	
1226	128.317	G4	67	65	*	-1	*	-1	-1	
1227	128.324	E3	52	56	*	-1	*	-1	-1	
1228	128.467	F3	53	70	*	-1	*	-1	-1	
1229	128.475	G#4	68	76	*	-1	*	-1	-1	
1230	128.628	G3	55	77	*	-1	*	-1	-1	
1231	128.638	Bb4	70	83	*	-1	*	-1	-1	
1232	128.787	G4	67	73	*	-1	*	-1	-1	
1233	128.79	E3	52	76	*	-1	*	-1	-1	
1234	128.953	G5	79	88	*	-1	*	-1	-1	
1235	128.956	C3	48	75	*	-1	*	-1	-1	
1236	129.093	Bb4	70	73	*	-1	*	-1	-1	
1237	129.112	D3	50	76	*	-1	*	-1	-1	
1238	129.273	C5	72	74	*	-1	*	-1	-1	
1239	129.276	E3	52	72	*	-1	*	-1	-1	
1240	129.41	G4	67	78	*	-1	*	-1	-1	
1241	129.415	C3	48	74	*	-1	*	-1	-1	
1242	129.577	G#4	68	85	*	-1	*	-1	-1	
1243	129.58	F2	41	82	*	-1	*	-1	-1	
1244	129.742	G2	43	78	*	-1	*	-1	-1	
1245	129.745	E5	76	83	*	-1	*	-1	-1	
1246	129.899	G#2	44	81	*	-1	*	-1	-1	
1247	129.899	F5	77	81	*	-1	*	-1	-1	
1248	130.039	C#5	73	81	*	-1	*	-1	-1	
1249	130.042	Bb2	46	77	*	-1	*	-1	-1	
1250	130.198	C3	48	80	*	-1	*	-1	-1	
1251	130.204	Bb4	70	86	*	-1	*	-1	-1	
1252	130.358	D3	50	78	*	-1	*	-1	-1	
1253	130.518	C4	60	86	*	-1	*	-1	-1	
1254	130.538	E3	52	73	*	-1	*	-1	-1	
1255	130.687	C3	48	65	*	-1	*	-1	-1	
1256	130.879	C#4	61	81	*	-1	*	-1	-1	
1257	130.892	F3	53	70	*	-1	*	-1	-1	
1258	131.032	C4	60	81	*	-1	*	-1	-1	
1259	131.064	E3	52	70	*	-1	*	-1	-1	
1260	131.209	Bb3	58	83	*	-1	*	-1	-1	
1261	131.212	D3	50	70	*	-1	*	-1	-1	
1262	131.358	C4	60	87	*	-1	*	-1	-1	
1263	131.364	E3	52	72	*	-1	*	-1	-1	
1264	131.529	F3	53	68	*	-1	*	-1	-1	
1265	131.531	G#4	68	89	*	-1	*	-1	-1	
1266	131.686	Eb3	51	61	*	-1	*	-1	-1	
1267	131.871	C#3	49	61	*	-1	*	-1	-1	
1268	131.877	F4	65	78	*	-1	*	-1	-1	
1269	132.052	C3	48	64	*	-1	*	-1	-1	
1270	132.216	C4	60	80	*	-1	*	-1	-1	
1271	132.245	C#3	49	61	*	-1	*	-1	-1	
1272	132.569	Bb3	58	74	*	-1	*	-1	-1	
1273	132.717	G#3	56	76	*	-1	*	-1	-1	
1274	132.912	Bb3	58	75	*	-1	*	-1	-1	
1275	133.045	C3	48	73	*	-1	*	-1	-1	
1276	133.222	Bb2	46	70	*	-1	*	-1	-1	
1277	133.228	G4	67	75	*	-1	*	-1	-1	
1278	133.376	C#3	49	74	*	-1	*	-1	-1	
1279	133.555	G#3	56	82	*	-1	*	-1	-1	
1280	133.562	C3	48	68	*	-1	*	-1	-1	
1281	133.721	Bb2	46	65	*	-1	*	-1	-1	
1282	133.889	G#2	44	62	*	-1	*	-1	-1	
1283	133.889	F4	65	79	*	-1	*	-1	-1	
1284	134.044	C3	48	63	*	-1	*	-1	-1	
1285	134.215	G3	55	77	*	-1	*	-1	-1	
1286	134.219	Bb2	46	59	*	-1	*	-1	-1	
1287	134.23	E4	64	68	*	-1	*	-1	-1	
1288	134.377	G#2	44	60	*	-1	*	-1	-1	
1289	134.539	Bb2	46	55	*	-1	*	-1	-1	
1290	134.547	E4	64	65	*	-1	*	-1	-1	
1291	134.55	G4	67	65	*	-1	*	-1	-1	
1292	134.714	G2	43	63	*	-1	*	-1	-1	
1293	134.931	F3	53	61	*	-1	*	-1	-1	
1294	134.931	C5	72	69	*	-1	*	-1	-1	
1295	134.958	G#2	44	52	*	-1	*	-1	-1	
1296	135.093	Bb4	70	72	*	-1	*	-1	-1	
1297	135.246	C#3	49	65	*	-1	*	-1	-1	
1298	135.254	G#4	68	72	*	-1	*	-1	-1	
1299	135.408	C5	72	71	*	-1	*	-1	-1	
1300	135.569	G2	43	44	*	-1	*	-1	-1	
1301	135.578	Bb4	70	61	*	-1	*	-1	-1	
1302	135.738	G#4	68	57	*	-1	*	-1	-1	
1303	135.879	C3	48	45	*	-1	*	-1	-1	
1304	135.891	E3	52	53	*	-1	*	-1	-1	
1305	135.909	Bb4	70	58	*	-1	*	-1	-1	
1306	136.077	G4	67	50	*	-1	*	-1	-1	
1307	136.24	F3	53	59	*	-1	*	-1	-1	
1308	136.24	G#4	68	66	*	-1	*	-1	-1	
1309	136.243	F2	41	57	*	-1	*	-1	-1	
1310	136.389	F4	65	62	*	-1	*	-1	-1	
1311	136.552	E3	52	72	*	-1	*	-1	-1	
1312	136.563	C#5	73	75	*	-1	*	-1	-1	
1313	136.573	Bb2	46	58	*	-1	*	-1	-1	
1314	136.705	Bb4	70	79	*	-1	*	-1	-1	
1315	136.878	C5	72	81	*	-1	*	-1	-1	
1316	136.882	F3	53	73	*	-1	*	-1	-1	
1317	136.889	G#2	44	67	*	-1	*	-1	-1	
1318	137.026	G#4	68	85	*	-1	*	-1	-1	
1319	137.188	Bb3	58	69	*	-1	*	-1	-1	
1320	137.193	F#5	78	85	*	-1	*	-1	-1	
1321	137.208	C#3	49	65	*	-1	*	-1	-1	
1322	137.367	E5	76	84	*	-1	*	-1	-1	
1323	137.573	E5	76	84	*	-1	*	-1	-1	
1324	137.578	G#3	56	65	*	-1	*	-1	-1	
1325	137.586	C3	48	55	*	-1	*	-1	-1	
1326	137.771	F5	77	79	*	-1	*	-1	-1	
1327	137.895	G3	55	65	*	-1	*	-1	-1	
1328	137.924	B5	83	79	*	-1	*	-1	-1	
1329	138.054	C6	84	79	*	-1	*	-1	-1	
1330	138.065	F3	53	62	*	-1	*	-1	-1	
1331	138.186	F5	77	70	*	-1	*	-1	-1	
1332	138.23	G3	55	51	*	-1	*	-1	-1	
1333	138.248	E5	76	72	*	-1	*	-1	-1	
1334	138.316	F5	77	75	*	-1	*	-1	-1	
1335	138.394	E5	76	70	*	-1	*	-1	-1	
1336	138.543	Bb3	58	44	*	-1	*	-1	-1	
1337	138.733	F5	77	70	*	-1	*	-1	-1	
1338	138.97	F3	53	49	*	-1	*	-1	-1	
1339	138.973	G#3	56	52	*	-1	*	-1	-1	
1340	138.973	F5	77	60	*	-1	*	-1	-1	
1341	139.154	Bb3	58	57	*	-1	*	-1	-1	
1342	139.324	C4	60	63	*	-1	*	-1	-1	
1343	139.471	G#3	56	58	*	-1	*	-1	-1	
1344	139.659	F3	53	54	*	-1	*	-1	-1	
1345	139.797	F#3	54	58	*	-1	*	-1	-1	
1346	139.964	G#3	56	50	*	-1	*	-1	-1	
1347	139.97	F5	77	68	*	-1	*	-1	-1	
1348	140.113	F3	53	51	*	-1	*	-1	-1	
1349	140.286	D3	50	53	*	-1	*	-1	-1	
1350	140.302	B4	71	58	*	-1	*	-1	-1	
1351	140.434	Eb3	51	55	*	-1	*	-1	-1	
1352	140.439	Bb4	70	68	*	-1	*	-1	-1	
1353	140.61	F3	53	52	*	-1	*	-1	-1	
1354	140.628	G#4	68	67	*	-1	*	-1	-1	
1355	140.773	Bb4	70	68	*	-1	*	-1	-1	
1356	140.785	D3	50	48	*	-1	*	-1	-1	
1357	140.944	F5	77	69	*	-1	*	-1	-1	
1358	140.954	Bb2	46	46	*	-1	*	-1	-1	
1359	141.098	D3	50	42	*	-1	*	-1	-1	
1360	141.27	D5	74	60	*	-1	*	-1	-1	
1361	141.295	F3	53	47	*	-1	*	-1	-1	
1362	141.419	G#3	56	58	*	-1	*	-1	-1	
1363	141.595	Eb3	51	51	801	77	Eb3	51	80	
1364	141.599	G#4	68	63	*	-1	*	-1	-1	
1365	141.757	F#3	54	59	802	77	F#3	54	80	
1366	141.927	Bb3	58	58	*	-1	*	-1	-1	
1367	141.939	F#4	66	68	*	-1	*	-1	-1	
1368	142.07	F4	65	72	*	-1	*	-1	-1	
1369	142.075	D4	62	57	*	-1	*	-1	-1	
1370	142.245	F#4	66	70	*	-1	*	-1	-1	
1371	142.284	Eb4	63	53	*	-1	*	-1	-1	
1372	142.411	F4	65	54	*	-1	*	-1	-1	
1373	142.581	Eb5	75	69	*	-1	*	-1	-1	
1374	142.587	F#4	66	65	*	-1	*	-1	-1	
1375	142.728	Eb4	63	60	*	-1	*	-1	-1	
1376	142.906	A4	69	68	800	77	C5	72	80	
1377	142.924	C4	60	51	*	-1	*	-1	-1	
1378	143.045	G#4	68	70	*	-1	*	-1	-1	
1379	143.06	C#4	61	58	*	-1	*	-1	-1	
1380	143.221	Eb4	63	57	798	77	Eb4	63	80	
1381	143.223	F#4	66	71	*	-1	*	-1	-1	
1382	143.359	G#4	68	78	799	77	G#4	68	80	
1383	143.378	C4	60	62	*	-1	*	-1	-1	
1384	143.537	Eb5	75	80	*	-1	*	-1	-1	
1385	143.539	G#3	56	69	803	77	G#3	56	80	
1386	143.702	G#2	44	62	*	-1	*	-1	-1	
1387	143.849	C5	72	75	*	-1	*	-1	-1	
1388	143.86	Bb2	46	56	*	-1	*	-1	-1	
1389	144.005	C3	48	67	*	-1	*	-1	-1	
1390	144.157	F#4	66	73	*	-1	*	-1	-1	
1391	144.183	C#3	49	73	*	-1	*	-1	-1	
1392	144.332	G#3	56	64	*	-1	*	-1	-1	
1393	144.5	F4	65	80	*	-1	*	-1	-1	
1394	144.505	Bb3	58	66	*	-1	*	-1	-1	
1395	144.643	Eb4	63	78	*	-1	*	-1	-1	
1396	144.647	C4	60	68	*	-1	*	-1	-1	
1397	144.814	F4	65	82	*	-1	*	-1	-1	
1398	144.816	C#4	61	75	*	-1	*	-1	-1	
1399	144.972	G#4	68	84	*	-1	*	-1	-1	
1400	144.992	C#3	49	81	*	-1	*	-1	-1	
1401	145.14	C#5	73	85	*	-1	*	-1	-1	
1402	145.154	F3	53	75	*	-1	*	-1	-1	
1403	145.292	Eb5	75	84	*	-1	*	-1	-1	
1404	145.297	G3	55	83	*	-1	*	-1	-1	
1405	145.451	F5	77	83	*	-1	*	-1	-1	
1406	145.454	G#3	56	87	*	-1	*	-1	-1	
1407	145.601	Eb5	75	84	*	-1	*	-1	-1	
1408	145.609	G3	55	85	*	-1	*	-1	-1	
1409	145.766	F3	53	78	*	-1	*	-1	-1	
1410	145.768	C#5	73	85	*	-1	*	-1	-1	
1411	145.909	Eb5	75	85	*	-1	*	-1	-1	
1412	145.919	G3	55	81	*	-1	*	-1	-1	
1413	146.085	G#3	56	80	*	-1	*	-1	-1	
1414	146.094	C5	72	96	*	-1	*	-1	-1	
1415	146.098	C6	84	81	*	-1	*	-1	-1	
1416	146.116	D6	86	80	*	-1	*	-1	-1	
1417	146.241	G3	55	81	*	-1	*	-1	-1	
1418	146.415	G#5	80	91	*	-1	*	-1	-1	
1419	146.42	F3	53	73	*	-1	*	-1	-1	
1420	146.574	Eb3	51	69	*	-1	*	-1	-1	
1421	146.784	Eb5	75	82	*	-1	*	-1	-1	
1422	146.793	F3	53	77	*	-1	*	-1	-1	
1423	147.143	C#5	73	76	*	-1	*	-1	-1	
1424	147.286	C5	72	77	*	-1	*	-1	-1	
1425	147.46	C#5	73	78	*	-1	*	-1	-1	
1426	147.466	Bb4	70	82	*	-1	*	-1	-1	
1427	147.61	Eb3	51	71	*	-1	*	-1	-1	
1428	147.774	Bb5	82	80	*	-1	*	-1	-1	
1429	147.784	C#3	49	73	*	-1	*	-1	-1	
1430	147.946	F3	53	75	*	-1	*	-1	-1	
1431	148.108	C5	72	83	*	-1	*	-1	-1	
1432	148.112	Eb3	51	64	*	-1	*	-1	-1	
1433	148.258	C#3	49	64	*	-1	*	-1	-1	
1434	148.44	G#5	80	73	*	-1	*	-1	-1	
1435	148.446	G#4	68	72	*	-1	*	-1	-1	
1436	148.452	C3	48	55	*	-1	*	-1	-1	
1437	148.609	Eb3	51	60	*	-1	*	-1	-1	
1438	148.784	Bb4	70	74	*	-1	*	-1	-1	
1439	148.787	C#3	49	56	*	-1	*	-1	-1	
1440	148.797	G4	67	58	*	-1	*	-1	-1	
1441	148.96	C3	48	54	*	-1	*	-1	-1	
1442	149.122	C#3	49	47	*	-1	*	-1	-1	
1443	149.124	G5	79	68	*	-1	*	-1	-1	
1444	149.141	G4	67	50	*	-1	*	-1	-1	
1445	149.297	Bb2	46	50	*	-1	*	-1	-1	
1446	149.472	G#4	68	63	*	-1	*	-1	-1	
1447	149.485	C3	48	45	*	-1	*	-1	-1	
1448	149.641	Eb4	63	56	*	-1	*	-1	-1	
1449	149.785	Eb3	51	53	*	-1	*	-1	-1	
1450	149.814	F4	65	56	*	-1	*	-1	-1	
1451	149.962	F#4	66	55	*	-1	*	-1	-1	
1452	150.137	G#4	68	53	*	-1	*	-1	-1	
1453	150.155	F#3	54	53	*	-1	*	-1	-1	
1454	150.304	Bb4	70	47	*	-1	*	-1	-1	
1455	150.49	C5	72	54	*	-1	*	-1	-1	
1456	150.492	G#3	56	59	*	-1	*	-1	-1	
1457	150.668	G#4	68	50	*	-1	*	-1	-1	
1458	150.815	Bb3	58	67	*	-1	*	-1	-1	
1459	150.825	C#5	73	62	*	-1	*	-1	-1	
1460	150.985	G#3	56	77	*	-1	*	-1	-1	
1461	150.987	C5	72	61	*	-1	*	-1	-1	
1462	151.155	F#3	54	76	*	-1	*	-1	-1	
1463	151.167	Bb4	70	61	*	-1	*	-1	-1	
1464	151.314	G#3	56	67	*	-1	*	-1	-1	
1465	151.325	C5	72	60	*	-1	*	-1	-1	
1466	151.48	F3	53	52	*	-1	*	-1	-1	
1467	151.484	F4	65	63	*	-1	*	-1	-1	
1468	151.502	C#5	73	61	*	-1	*	-1	-1	
1469	151.66	C5	72	51	*	-1	*	-1	-1	
1470	151.82	C#4	61	70	*	-1	*	-1	-1	
1471	151.853	Bb4	70	59	*	-1	*	-1	-1	
1472	152.005	G#4	68	53	*	-1	*	-1	-1	
1473	152.186	G#3	56	69	*	-1	*	-1	-1	
1474	152.196	Bb4	70	53	*	-1	*	-1	-1	
1475	152.531	F#3	54	65	*	-1	*	-1	-1	
1476	152.687	F3	53	69	*	-1	*	-1	-1	
1477	152.872	Eb3	51	59	*	-1	*	-1	-1	
1478	152.88	F#3	54	60	*	-1	*	-1	-1	
1479	153.047	G#4	68	57	*	-1	*	-1	-1	
1480	153.189	Eb4	63	73	*	-1	*	-1	-1	
1481	153.237	F#4	66	53	*	-1	*	-1	-1	
1482	153.394	Bb4	70	54	*	-1	*	-1	-1	
1483	153.545	F3	53	67	*	-1	*	-1	-1	
1484	153.563	G#4	68	54	*	-1	*	-1	-1	
1485	153.706	F#4	66	48	*	-1	*	-1	-1	
1486	153.895	C#4	61	64	*	-1	*	-1	-1	
1487	153.902	C#3	49	59	*	-1	*	-1	-1	
1488	153.922	F4	65	47	*	-1	*	-1	-1	
1489	154.054	G#4	68	58	*	-1	*	-1	-1	
1490	154.212	Eb3	51	61	*	-1	*	-1	-1	
1491	154.246	F#4	66	52	*	-1	*	-1	-1	
1492	154.388	F4	65	51	*	-1	*	-1	-1	
1493	154.549	G#2	44	47	*	-1	*	-1	-1	
1494	154.556	F#4	66	52	*	-1	*	-1	-1	
1495	154.566	C4	60	53	*	-1	*	-1	-1	
1496	154.726	Eb4	63	57	*	-1	*	-1	-1	
1497	154.908	C#3	49	52	*	-1	*	-1	-1	
1498	154.913	F4	65	57	*	-1	*	-1	-1	
1499	155.067	Eb3	51	49	*	-1	*	-1	-1	
1500	155.227	G#4	68	66	*	-1	*	-1	-1	
1501	155.236	F3	53	48	*	-1	*	-1	-1	
1502	155.393	F#3	54	53	*	-1	*	-1	-1	
1503	155.571	C#5	73	66	*	-1	*	-1	-1	
1504	155.576	F3	53	52	*	-1	*	-1	-1	
1505	155.721	Eb3	51	49	*	-1	*	-1	-1	
1506	155.893	G#5	80	76	*	-1	*	-1	-1	
1507	155.909	C#3	49	53	*	-1	*	-1	-1	
1508	156.04	F5	77	64	*	-1	*	-1	-1	
1509	156.065	F3	53	51	*	-1	*	-1	-1	
1510	156.231	Bb3	58	51	*	-1	*	-1	-1	
1511	156.232	C#5	73	65	*	-1	*	-1	-1	
1512	156.38	G#3	56	60	*	-1	*	-1	-1	
1513	156.531	E5	76	74	*	-1	*	-1	-1	
1514	156.538	G3	55	62	*	-1	*	-1	-1	
1515	156.674	Bb3	58	63	*	-1	*	-1	-1	
1516	156.68	C#5	73	79	*	-1	*	-1	-1	
1517	156.839	C#4	61	70	*	-1	*	-1	-1	
1518	156.858	Bb4	70	81	*	-1	*	-1	-1	
1519	156.999	B3	59	82	*	-1	*	-1	-1	
1520	157.162	C#5	73	84	*	-1	*	-1	-1	
1521	157.168	Bb3	58	74	*	-1	*	-1	-1	
1522	157.305	C#4	61	76	*	-1	*	-1	-1	
1523	157.315	Bb4	70	92	*	-1	*	-1	-1	
1524	157.518	G4	67	81	*	-1	*	-1	-1	
1525	157.549	E4	64	72	*	-1	*	-1	-1	
1526	157.865	Bb4	70	87	*	-1	*	-1	-1	
1527	157.878	Eb4	63	68	*	-1	*	-1	-1	
1528	158.018	C#4	61	67	*	-1	*	-1	-1	
1529	158.02	C#5	73	85	*	-1	*	-1	-1	
1530	158.174	B3	59	76	*	-1	*	-1	-1	
1531	158.191	E5	76	84	*	-1	*	-1	-1	
1532	158.333	Bb3	58	63	*	-1	*	-1	-1	
1533	158.502	G#3	56	67	*	-1	*	-1	-1	
1534	158.519	C#5	73	71	*	-1	*	-1	-1	
1535	158.667	G3	55	61	*	-1	*	-1	-1	
1536	158.831	Eb5	75	77	*	-1	*	-1	-1	
1537	158.843	B4	71	63	*	-1	*	-1	-1	
1538	158.858	G#3	56	66	*	-1	*	-1	-1	
1539	159.002	B3	59	67	*	-1	*	-1	-1	
1540	159.158	G#5	80	87	*	-1	*	-1	-1	
1541	159.191	Bb3	58	53	*	-1	*	-1	-1	
1542	159.33	G#3	56	64	*	-1	*	-1	-1	
1543	159.511	C#5	73	65	*	-1	*	-1	-1	
1544	159.514	G3	55	53	*	-1	*	-1	-1	
1545	159.523	Bb4	70	62	*	-1	*	-1	-1	
1546	159.664	F3	53	51	*	-1	*	-1	-1	
1547	159.819	Eb3	51	51	*	-1	*	-1	-1	
1548	159.835	G5	79	73	*	-1	*	-1	-1	
1549	159.976	C#3	49	52	*	-1	*	-1	-1	
1550	160.155	G#4	68	68	*	-1	*	-1	-1	
1551	160.156	B2	47	48	*	-1	*	-1	-1	
1552	160.287	C#3	49	54	*	-1	*	-1	-1	
1553	160.464	Eb3	51	50	*	-1	*	-1	-1	
1554	160.487	G#5	80	69	*	-1	*	-1	-1	
1555	160.63	B2	47	49	*	-1	*	-1	-1	
1556	160.639	G5	79	62	*	-1	*	-1	-1	
1557	160.799	G#2	44	53	*	-1	*	-1	-1	
1558	160.822	G#5	80	63	*	-1	*	-1	-1	
1559	160.972	Bb5	82	67	*	-1	*	-1	-1	
1560	161.134	G#3	56	51	*	-1	*	-1	-1	
1561	161.137	B5	83	67	*	-1	*	-1	-1	
1562	161.281	F3	53	47	*	-1	*	-1	-1	
1563	161.289	G#5	80	64	*	-1	*	-1	-1	
1564	161.44	C#3	49	52	*	-1	*	-1	-1	
1565	161.461	F5	77	62	*	-1	*	-1	-1	
1566	161.612	F#5	78	63	*	-1	*	-1	-1	
1567	161.774	G#5	80	67	*	-1	*	-1	-1	
1568	161.788	B3	59	59	*	-1	*	-1	-1	
1569	161.924	G#3	56	58	*	-1	*	-1	-1	
1570	161.924	F5	77	64	*	-1	*	-1	-1	
1571	162.091	C#5	73	69	*	-1	*	-1	-1	
1572	162.093	F3	53	61	*	-1	*	-1	-1	
1573	162.235	Eb5	75	75	*	-1	*	-1	-1	
1574	162.394	C#3	49	69	*	-1	*	-1	-1	
1575	162.414	F5	77	71	*	-1	*	-1	-1	
1576	162.546	Bb2	46	63	*	-1	*	-1	-1	
1577	162.556	C#5	73	75	*	-1	*	-1	-1	
1578	162.716	F#2	42	75	*	-1	*	-1	-1	
1579	162.739	Bb4	70	76	*	-1	*	-1	-1	
1580	162.888	C5	72	77	*	-1	*	-1	-1	
1581	163.052	C#5	73	80	*	-1	*	-1	-1	
1582	163.059	Bb3	58	69	*	-1	*	-1	-1	
1583	163.187	Bb4	70	82	*	-1	*	-1	-1	
1584	163.192	F#3	54	65	*	-1	*	-1	-1	
1585	163.371	F#5	78	76	*	-1	*	-1	-1	
1586	163.376	Eb3	51	58	*	-1	*	-1	-1	
1587	163.514	G#5	80	81	*	-1	*	-1	-1	
1588	163.675	Bb5	82	79	*	-1	*	-1	-1	
1589	163.695	F#3	54	61	*	-1	*	-1	-1	
1590	163.826	Eb3	51	54	*	-1	*	-1	-1	
1591	163.828	F#5	78	74	*	-1	*	-1	-1	
1592	163.996	C3	48	52	*	-1	*	-1	-1	
1593	164.002	Eb5	75	70	*	-1	*	-1	-1	
1594	164.159	F5	77	63	*	-1	*	-1	-1	
1595	164.311	Bb3	58	51	*	-1	*	-1	-1	
1596	164.317	F#5	78	69	*	-1	*	-1	-1	
1597	164.462	F#3	54	51	*	-1	*	-1	-1	
1598	164.473	Eb5	75	69	*	-1	*	-1	-1	
1599	164.642	Eb3	51	51	*	-1	*	-1	-1	
1600	164.649	C5	72	66	*	-1	*	-1	-1	
1601	164.789	C#5	73	66	*	-1	*	-1	-1	
1602	164.958	Eb5	75	70	*	-1	*	-1	-1	
1603	164.965	C3	48	61	*	-1	*	-1	-1	
1604	165.099	C5	72	70	*	-1	*	-1	-1	
1605	165.109	G#2	44	56	*	-1	*	-1	-1	
1606	165.272	G#4	68	79	*	-1	*	-1	-1	
1607	165.284	F2	41	72	*	-1	*	-1	-1	
1608	165.43	Bb4	70	77	*	-1	*	-1	-1	
1609	165.602	C5	72	79	*	-1	*	-1	-1	
1610	165.618	G#3	56	76	*	-1	*	-1	-1	
1611	165.749	G#4	68	80	*	-1	*	-1	-1	
1612	165.752	F3	53	74	*	-1	*	-1	-1	
1613	165.909	F5	77	75	*	-1	*	-1	-1	
1614	165.91	D3	50	68	*	-1	*	-1	-1	
1615	166.06	F#5	78	82	*	-1	*	-1	-1	
1616	166.214	G#5	80	79	*	-1	*	-1	-1	
1617	166.231	F3	53	64	*	-1	*	-1	-1	
1618	166.365	D3	50	62	*	-1	*	-1	-1	
1619	166.375	F5	77	76	*	-1	*	-1	-1	
1620	166.543	D5	74	76	*	-1	*	-1	-1	
1621	166.545	Bb2	46	60	*	-1	*	-1	-1	
1622	166.71	Eb5	75	79	*	-1	*	-1	-1	
1623	166.859	F5	77	73	*	-1	*	-1	-1	
1624	166.872	G#3	56	75	*	-1	*	-1	-1	
1625	167.007	F3	53	64	*	-1	*	-1	-1	
1626	167.009	D5	74	76	*	-1	*	-1	-1	
1627	167.178	Bb4	70	78	*	-1	*	-1	-1	
1628	167.179	D3	50	61	*	-1	*	-1	-1	
1629	167.327	C5	72	68	*	-1	*	-1	-1	
1630	167.475	Bb2	46	57	*	-1	*	-1	-1	
1631	167.478	D5	74	64	*	-1	*	-1	-1	
1632	167.63	Bb4	70	71	*	-1	*	-1	-1	
1633	167.637	F#2	42	48	*	-1	*	-1	-1	
1634	167.799	Eb2	39	59	*	-1	*	-1	-1	
1635	167.801	F#4	66	67	*	-1	*	-1	-1	
1636	167.98	G#4	68	70	*	-1	*	-1	-1	
1637	168.138	Bb4	70	68	*	-1	*	-1	-1	
1638	168.159	F#3	54	45	*	-1	*	-1	-1	
1639	168.286	F#4	66	57	*	-1	*	-1	-1	
1640	168.288	Eb3	51	50	*	-1	*	-1	-1	
1641	168.446	C3	48	49	*	-1	*	-1	-1	
1642	168.474	Eb5	75	61	*	-1	*	-1	-1	
1643	168.627	F5	77	61	*	-1	*	-1	-1	
1644	168.771	Eb3	51	51	*	-1	*	-1	-1	
1645	168.784	F#5	78	70	*	-1	*	-1	-1	
1646	168.93	Eb5	75	69	*	-1	*	-1	-1	
1647	168.942	C3	48	40	*	-1	*	-1	-1	
1648	169.096	C5	72	60	*	-1	*	-1	-1	
1649	169.099	G#2	44	49	*	-1	*	-1	-1	
1650	169.257	C#5	73	63	*	-1	*	-1	-1	
1651	169.42	Eb5	75	62	*	-1	*	-1	-1	
1652	169.431	F#3	54	47	*	-1	*	-1	-1	
1653	169.568	Eb3	51	42	*	-1	*	-1	-1	
1654	169.586	C5	72	62	*	-1	*	-1	-1	
1655	169.733	C3	48	49	*	-1	*	-1	-1	
1656	169.741	G#4	68	64	*	-1	*	-1	-1	
1657	169.909	Bb4	70	64	*	-1	*	-1	-1	
1658	170.087	G#2	44	44	*	-1	*	-1	-1	
1659	170.097	C5	72	64	*	-1	*	-1	-1	
1660	170.263	G#4	68	60	*	-1	*	-1	-1	
1661	170.284	F2	41	46	*	-1	*	-1	-1	
1662	170.5	C#2	37	39	*	-1	*	-1	-1	
1663	170.509	F4	65	48	*	-1	*	-1	-1	
1664	170.693	F#4	66	55	*	-1	*	-1	-1	
1665	170.861	G#4	68	60	*	-1	*	-1	-1	
1666	171.009	F4	65	53	*	-1	*	-1	-1	
1667	171.17	C#4	61	55	*	-1	*	-1	-1	
1668	171.325	F4	65	55	*	-1	*	-1	-1	
1669	171.481	G#4	68	64	*	-1	*	-1	-1	
1670	171.652	Bb4	70	62	*	-1	*	-1	-1	
1671	171.81	B4	71	66	*	-1	*	-1	-1	
1672	171.975	Bb4	70	63	*	-1	*	-1	-1	
1673	172.143	G#4	68	79	*	-1	*	-1	-1	
1674	172.146	B3	59	64	*	-1	*	-1	-1	
1675	172.295	C#3	49	53	*	-1	*	-1	-1	
1676	172.3	Bb4	70	72	*	-1	*	-1	-1	
1677	172.455	F#5	78	74	*	-1	*	-1	-1	
1678	172.465	Bb3	58	55	*	-1	*	-1	-1	
1679	172.618	C#3	49	55	*	-1	*	-1	-1	
1680	172.781	C#5	73	65	*	-1	*	-1	-1	
1681	172.806	G#3	56	53	*	-1	*	-1	-1	
1682	172.953	C#3	49	56	*	-1	*	-1	-1	
1683	173.122	Bb4	70	63	*	-1	*	-1	-1	
1684	173.128	F#3	54	53	*	-1	*	-1	-1	
1685	173.287	C#3	49	53	*	-1	*	-1	-1	
1686	173.446	G#4	68	61	*	-1	*	-1	-1	
1687	173.456	F3	53	55	*	-1	*	-1	-1	
1688	173.597	F#4	66	60	*	-1	*	-1	-1	
1689	173.609	Eb3	51	46	*	-1	*	-1	-1	
1690	173.775	F3	53	51	*	-1	*	-1	-1	
1691	173.782	G#4	68	65	*	-1	*	-1	-1	
1692	173.934	C#4	61	61	*	-1	*	-1	-1	
1693	174.096	G#2	44	60	*	-1	*	-1	-1	
1694	174.106	F4	65	60	*	-1	*	-1	-1	
1695	174.251	G#4	68	69	*	-1	*	-1	-1	
1696	174.419	Bb4	70	70	*	-1	*	-1	-1	
1697	174.566	G#4	68	69	*	-1	*	-1	-1	
1698	174.735	Bb3	58	72	*	-1	*	-1	-1	
1699	174.749	F#4	66	61	*	-1	*	-1	-1	
1700	174.899	G#4	68	59	*	-1	*	-1	-1	
1701	174.9	C#3	49	53	*	-1	*	-1	-1	
1702	175.055	G#3	56	65	*	-1	*	-1	-1	
1703	175.07	F5	77	60	*	-1	*	-1	-1	
1704	175.235	C#3	49	56	*	-1	*	-1	-1	
1705	175.39	C#5	73	62	*	-1	*	-1	-1	
1706	175.404	F#3	54	58	*	-1	*	-1	-1	
1707	175.562	C#3	49	52	*	-1	*	-1	-1	
1708	175.724	G#4	68	65	*	-1	*	-1	-1	
1709	175.737	F3	53	52	*	-1	*	-1	-1	
1710	175.909	C#3	49	44	*	-1	*	-1	-1	
1711	176.066	F#4	66	58	*	-1	*	-1	-1	
1712	176.087	Eb3	51	51	*	-1	*	-1	-1	
1713	176.246	F4	65	49	*	-1	*	-1	-1	
1714	176.265	C#3	49	41	*	-1	*	-1	-1	
1715	176.411	Eb3	51	52	*	-1	*	-1	-1	
1716	176.413	F#4	66	49	*	-1	*	-1	-1	
1717	176.58	C4	60	53	*	-1	*	-1	-1	
1718	176.741	G#2	44	54	*	-1	*	-1	-1	
1719	176.765	Eb4	63	61	*	-1	*	-1	-1	
1720	176.913	F#4	66	60	*	-1	*	-1	-1	
1721	177.068	G#4	68	67	*	-1	*	-1	-1	
1722	177.22	F#4	66	66	*	-1	*	-1	-1	
1723	177.386	F4	65	68	*	-1	*	-1	-1	
1724	177.399	G#3	56	71	*	-1	*	-1	-1	
1725	177.521	F#4	66	72	*	-1	*	-1	-1	
1726	177.554	G#2	44	54	*	-1	*	-1	-1	
1727	177.711	Eb5	75	73	*	-1	*	-1	-1	
1728	177.722	F#3	54	72	*	-1	*	-1	-1	
1729	177.876	G#2	44	60	*	-1	*	-1	-1	
1730	178.046	C5	72	70	*	-1	*	-1	-1	
1731	178.047	F3	53	69	*	-1	*	-1	-1	
1732	178.181	G#2	44	62	*	-1	*	-1	-1	
1733	178.364	Eb3	51	56	*	-1	*	-1	-1	
1734	178.364	F#4	66	64	*	-1	*	-1	-1	
1735	178.536	G#2	44	51	*	-1	*	-1	-1	
1736	178.692	F4	65	63	*	-1	*	-1	-1	
1737	178.705	C#3	49	54	*	-1	*	-1	-1	
1738	178.845	Eb4	63	67	*	-1	*	-1	-1	
1739	178.848	C3	48	58	*	-1	*	-1	-1	
1740	179.004	C#3	49	63	*	-1	*	-1	-1	
1741	179.021	F4	65	67	*	-1	*	-1	-1	
1742	179.178	G#4	68	74	*	-1	*	-1	-1	
1743	179.184	G#2	44	57	*	-1	*	-1	-1	
1744	179.344	Bb4	70	81	*	-1	*	-1	-1	
1745	179.357	F3	53	73	*	-1	*	-1	-1	
1746	179.492	C5	72	82	*	-1	*	-1	-1	
1747	179.501	Eb3	51	72	*	-1	*	-1	-1	
1748	179.657	C#5	73	81	*	-1	*	-1	-1	
1749	179.659	F3	53	79	*	-1	*	-1	-1	
1750	179.813	G#2	44	74	*	-1	*	-1	-1	
1751	179.818	Eb5	75	86	*	-1	*	-1	-1	
1752	179.974	G#3	56	84	*	-1	*	-1	-1	
1753	179.981	F5	77	83	*	-1	*	-1	-1	
1754	180.116	F#3	54	79	*	-1	*	-1	-1	
1755	180.119	Eb5	75	86	*	-1	*	-1	-1	
1756	180.287	G#3	56	85	*	-1	*	-1	-1	
1757	180.293	F#5	78	83	*	-1	*	-1	-1	
1758	180.438	G#2	44	74	*	-1	*	-1	-1	
1759	180.441	F5	77	84	*	-1	*	-1	-1	
1760	180.607	Eb5	75	90	*	-1	*	-1	-1	
1761	180.61	Bb3	58	84	*	-1	*	-1	-1	
1762	180.739	G#2	44	78	*	-1	*	-1	-1	
1763	180.752	C#5	73	87	*	-1	*	-1	-1	
1764	180.942	Bb5	82	86	*	-1	*	-1	-1	
1765	180.947	C4	60	83	*	-1	*	-1	-1	
1766	181.05	G#5	80	77	*	-1	*	-1	-1	
1767	181.103	C#4	61	77	*	-1	*	-1	-1	
1768	181.141	G5	79	79	*	-1	*	-1	-1	
1769	181.234	G#5	80	86	*	-1	*	-1	-1	
1770	181.24	Eb4	63	81	*	-1	*	-1	-1	
1771	181.306	Bb5	82	82	*	-1	*	-1	-1	
1772	181.376	C4	60	79	*	-1	*	-1	-1	
1773	181.376	G#5	80	75	*	-1	*	-1	-1	
1774	181.475	Bb5	82	53	*	-1	*	-1	-1	
1775	181.481	A5	81	70	*	-1	*	-1	-1	
1776	181.536	G#3	56	77	*	-1	*	-1	-1	
1777	181.536	G#5	80	76	*	-1	*	-1	-1	
1778	181.619	Bb5	82	81	*	-1	*	-1	-1	
1779	181.678	C4	60	74	*	-1	*	-1	-1	
1780	181.69	G#5	80	83	*	-1	*	-1	-1	
1781	181.763	Bb5	82	76	*	-1	*	-1	-1	
1782	181.821	Eb4	63	78	*	-1	*	-1	-1	
1783	181.831	G#5	80	77	*	-1	*	-1	-1	
1784	181.899	Bb5	82	80	*	-1	*	-1	-1	
1785	181.966	F4	65	74	*	-1	*	-1	-1	
1786	181.967	G#5	80	75	*	-1	*	-1	-1	
1787	182.037	Bb5	82	78	*	-1	*	-1	-1	
1788	182.102	G#5	80	77	*	-1	*	-1	-1	
1789	182.116	F#4	66	82	*	-1	*	-1	-1	
1790	182.274	F4	65	82	*	-1	*	-1	-1	
1791	182.274	G#5	80	84	*	-1	*	-1	-1	
1792	182.425	Eb4	63	79	*	-1	*	-1	-1	
1793	182.457	F#5	78	78	*	-1	*	-1	-1	
1794	182.581	F4	65	76	*	-1	*	-1	-1	
1795	182.601	G#5	80	80	*	-1	*	-1	-1	
1796	182.761	C#5	73	87	*	-1	*	-1	-1	
1797	182.78	F5	77	70	*	-1	*	-1	-1	
1798	182.911	G#5	80	69	*	-1	*	-1	-1	
1799	183.082	G#4	68	85	*	-1	*	-1	-1	
1800	183.1	Eb5	75	72	*	-1	*	-1	-1	
1801	183.252	G#5	80	72	*	-1	*	-1	-1	
1802	183.412	F4	65	78	*	-1	*	-1	-1	
1803	183.419	C#5	73	65	*	-1	*	-1	-1	
1804	183.581	G#5	80	62	*	-1	*	-1	-1	
1805	183.739	Eb4	63	65	*	-1	*	-1	-1	
1806	183.761	C5	72	71	*	-1	*	-1	-1	
1807	183.893	C#4	61	59	*	-1	*	-1	-1	
1808	183.908	Bb4	70	72	*	-1	*	-1	-1	
1809	184.049	Eb4	63	67	*	-1	*	-1	-1	
1810	184.079	C5	72	77	*	-1	*	-1	-1	
1811	184.202	G#3	56	69	*	-1	*	-1	-1	
1812	184.231	Eb5	75	82	*	-1	*	-1	-1	
1813	184.369	C#4	61	68	*	-1	*	-1	-1	
1814	184.395	F5	77	81	*	-1	*	-1	-1	
1815	184.521	Eb4	63	73	*	-1	*	-1	-1	
1816	184.539	F#5	78	82	*	-1	*	-1	-1	
1817	184.696	F4	65	68	*	-1	*	-1	-1	
1818	184.706	G#5	80	87	*	-1	*	-1	-1	
1819	184.831	Eb4	63	74	*	-1	*	-1	-1	
1820	184.857	F#5	78	86	*	-1	*	-1	-1	
1821	185.008	C#4	61	71	*	-1	*	-1	-1	
1822	185.013	F5	77	84	*	-1	*	-1	-1	
1823	185.154	G#5	80	82	*	-1	*	-1	-1	
1824	185.162	Eb4	63	68	*	-1	*	-1	-1	
1825	185.334	C5	72	88	*	-1	*	-1	-1	
1826	185.334	Eb5	75	76	*	-1	*	-1	-1	
1827	185.487	G#5	80	70	*	-1	*	-1	-1	
1828	185.661	G#4	68	79	*	-1	*	-1	-1	
1829	185.669	C#5	73	70	*	-1	*	-1	-1	
1830	185.825	G#5	80	65	*	-1	*	-1	-1	
1831	185.991	Eb4	63	68	*	-1	*	-1	-1	
1832	186.019	C5	72	61	*	-1	*	-1	-1	
1833	186.171	G#5	80	60	*	-1	*	-1	-1	
1834	186.325	C#4	61	61	*	-1	*	-1	-1	
1835	186.343	Bb4	70	66	*	-1	*	-1	-1	
1836	186.47	C4	60	62	*	-1	*	-1	-1	
1837	186.49	G#4	68	69	*	-1	*	-1	-1	
1838	186.635	C#4	61	63	*	-1	*	-1	-1	
1839	186.647	Bb4	70	69	*	-1	*	-1	-1	
1840	186.786	G#3	56	71	*	-1	*	-1	-1	
1841	186.805	C#5	73	69	*	-1	*	-1	-1	
1842	186.963	Eb5	75	69	*	-1	*	-1	-1	
1843	186.971	C4	60	71	*	-1	*	-1	-1	
1844	187.108	C#4	61	79	*	-1	*	-1	-1	
1845	187.122	F5	77	70	*	-1	*	-1	-1	
1846	187.257	Eb4	63	83	*	-1	*	-1	-1	
1847	187.285	F#5	78	80	*	-1	*	-1	-1	
1848	187.398	C#4	61	74	*	-1	*	-1	-1	
1849	187.43	F5	77	73	*	-1	*	-1	-1	
1850	187.587	C4	60	77	*	-1	*	-1	-1	
1851	187.6	Eb5	75	77	*	-1	*	-1	-1	
1852	187.746	C#4	61	76	*	-1	*	-1	-1	
1853	187.747	F5	77	75	*	-1	*	-1	-1	
1854	187.907	C#5	73	75	*	-1	*	-1	-1	
1855	187.914	Bb4	70	87	*	-1	*	-1	-1	
1856	188.065	Eb5	75	71	*	-1	*	-1	-1	
1857	188.237	G4	67	74	*	-1	*	-1	-1	
1858	188.257	C5	72	77	*	-1	*	-1	-1	
1859	188.396	Eb5	75	73	*	-1	*	-1	-1	
1860	188.564	Bb4	70	73	*	-1	*	-1	-1	
1861	188.568	C#4	61	73	*	-1	*	-1	-1	
1862	188.717	Eb5	75	66	*	-1	*	-1	-1	
1863	188.873	C4	60	64	*	-1	*	-1	-1	
1864	188.888	G#4	68	69	*	-1	*	-1	-1	
1865	189.019	Bb3	58	62	*	-1	*	-1	-1	
1866	189.044	G4	67	54	*	-1	*	-1	-1	
1867	189.204	C4	60	61	*	-1	*	-1	-1	
1868	189.207	G#4	68	69	*	-1	*	-1	-1	
1869	189.348	G#3	56	71	*	-1	*	-1	-1	
1870	189.366	C5	72	76	*	-1	*	-1	-1	
1871	189.505	Bb3	58	64	*	-1	*	-1	-1	
1872	189.518	C#5	73	80	*	-1	*	-1	-1	
1873	189.66	C4	60	70	*	-1	*	-1	-1	
1874	189.663	Eb5	75	83	*	-1	*	-1	-1	
1875	189.818	F5	77	83	*	-1	*	-1	-1	
1876	189.827	C#4	61	74	*	-1	*	-1	-1	
1877	189.98	Eb4	63	74	*	-1	*	-1	-1	
1878	189.985	F#5	78	84	*	-1	*	-1	-1	
1879	190.141	G#5	80	83	*	-1	*	-1	-1	
1880	190.146	F4	65	74	*	-1	*	-1	-1	
1881	190.274	Eb4	63	74	*	-1	*	-1	-1	
1882	190.294	Bb5	82	80	*	-1	*	-1	-1	
1883	190.438	F#4	66	74	*	-1	*	-1	-1	
1884	190.453	C5	72	86	*	-1	*	-1	-1	
1885	190.601	F4	65	75	*	-1	*	-1	-1	
1886	190.765	Eb4	63	73	*	-1	*	-1	-1	
1887	190.772	G#4	68	79	*	-1	*	-1	-1	
1888	190.914	C#4	61	71	*	-1	*	-1	-1	
1889	191.088	F#4	66	78	*	-1	*	-1	-1	
1890	191.091	Bb4	70	82	*	-1	*	-1	-1	
1891	191.251	G#4	68	82	*	-1	*	-1	-1	
1892	191.413	F#4	66	84	*	-1	*	-1	-1	
1893	191.424	Bb3	58	65	*	-1	*	-1	-1	
1894	191.559	G#4	68	85	*	-1	*	-1	-1	
1895	191.567	C4	60	70	*	-1	*	-1	-1	
1896	191.728	C#4	61	75	*	-1	*	-1	-1	
1897	191.73	F5	77	86	*	-1	*	-1	-1	
1898	191.888	C4	60	73	*	-1	*	-1	-1	
1899	192.063	C#5	73	81	*	-1	*	-1	-1	
1900	192.08	Bb3	58	64	*	-1	*	-1	-1	
1901	192.237	G#3	56	74	*	-1	*	-1	-1	
1902	192.454	G#4	68	81	*	-1	*	-1	-1	
1903	192.472	Bb3	58	65	*	-1	*	-1	-1	
1904	192.829	F#4	66	69	*	-1	*	-1	-1	
1905	192.987	F4	65	64	*	-1	*	-1	-1	
1906	193.168	F#4	66	73	*	-1	*	-1	-1	
1907	193.313	G#3	56	75	*	-1	*	-1	-1	
1908	193.486	F#3	54	68	*	-1	*	-1	-1	
1909	193.486	Eb5	75	79	*	-1	*	-1	-1	
1910	193.661	Bb3	58	73	*	-1	*	-1	-1	
1911	193.829	G#3	56	69	*	-1	*	-1	-1	
1912	193.83	F4	65	77	*	-1	*	-1	-1	
1913	193.975	F#3	54	68	*	-1	*	-1	-1	
1914	194.148	C#5	73	74	*	-1	*	-1	-1	
1915	194.155	F3	53	68	*	-1	*	-1	-1	
1916	194.306	G#3	56	73	*	-1	*	-1	-1	
1917	194.487	F#3	54	62	*	-1	*	-1	-1	
1918	194.492	Eb4	63	75	*	-1	*	-1	-1	
1919	194.658	F3	53	67	*	-1	*	-1	-1	
1920	194.818	C5	72	74	*	-1	*	-1	-1	
1921	194.829	F#3	54	63	*	-1	*	-1	-1	
1922	194.986	Eb3	51	64	*	-1	*	-1	-1	
1923	195.153	C#4	61	73	*	-1	*	-1	-1	
1924	195.159	F3	53	67	*	-1	*	-1	-1	
1925	195.498	C#5	73	77	*	-1	*	-1	-1	
1926	195.647	G#3	56	71	*	-1	*	-1	-1	
1927	195.648	C5	72	80	*	-1	*	-1	-1	
1928	195.804	Bb3	58	67	*	-1	*	-1	-1	
1929	195.807	C#5	73	82	*	-1	*	-1	-1	
1930	195.956	C4	60	73	*	-1	*	-1	-1	
1931	195.967	Eb5	75	85	*	-1	*	-1	-1	
1932	196.116	C#4	61	71	*	-1	*	-1	-1	
1933	196.118	F5	77	81	*	-1	*	-1	-1	
1934	196.272	F#5	78	84	*	-1	*	-1	-1	
1935	196.284	Eb4	63	80	*	-1	*	-1	-1	
1936	196.439	G#5	80	87	*	-1	*	-1	-1	
1937	196.456	F4	65	79	*	-1	*	-1	-1	
1938	196.602	G5	79	87	*	-1	*	-1	-1	
1939	196.603	Eb4	63	78	*	-1	*	-1	-1	
1940	196.766	F5	77	84	*	-1	*	-1	-1	
1941	196.769	C#4	61	70	*	-1	*	-1	-1	
1942	196.922	G5	79	87	*	-1	*	-1	-1	
1943	196.923	Eb4	63	76	*	-1	*	-1	-1	
1944	197.1	C5	72	94	*	-1	*	-1	-1	
1945	197.113	G#5	80	82	*	-1	*	-1	-1	
1946	197.115	C4	60	79	*	-1	*	-1	-1	
1947	197.279	F#5	78	73	*	-1	*	-1	-1	
1948	197.429	G#4	68	88	*	-1	*	-1	-1	
1949	197.456	F5	77	71	*	-1	*	-1	-1	
1950	197.605	Eb5	75	83	*	-1	*	-1	-1	
1951	197.796	F5	77	76	*	-1	*	-1	-1	
1952	197.801	Eb4	63	77	*	-1	*	-1	-1	
1953	198.143	C#4	61	72	*	-1	*	-1	-1	
1954	198.299	C4	60	74	*	-1	*	-1	-1	
1955	198.478	C#4	61	77	*	-1	*	-1	-1	
1956	198.485	Bb3	58	56	*	-1	*	-1	-1	
1957	198.658	Eb5	75	73	*	-1	*	-1	-1	
1958	198.807	Bb4	70	80	*	-1	*	-1	-1	
1959	198.821	C#5	73	71	*	-1	*	-1	-1	
1960	198.986	F5	77	73	*	-1	*	-1	-1	
1961	199.141	C4	60	76	*	-1	*	-1	-1	
1962	199.156	Eb5	75	74	*	-1	*	-1	-1	
1963	199.309	C#5	73	70	*	-1	*	-1	-1	
1964	199.477	G#4	68	87	*	-1	*	-1	-1	
1965	199.485	C5	72	72	*	-1	*	-1	-1	
1966	199.486	G#3	56	72	*	-1	*	-1	-1	
1967	199.63	Eb5	75	73	*	-1	*	-1	-1	
1968	199.805	Bb3	58	74	*	-1	*	-1	-1	
1969	199.809	C#5	73	73	*	-1	*	-1	-1	
1970	199.959	C5	72	74	*	-1	*	-1	-1	
1971	200.126	G4	67	68	*	-1	*	-1	-1	
1972	200.128	Eb3	51	67	*	-1	*	-1	-1	
1973	200.128	C#5	73	75	*	-1	*	-1	-1	
1974	200.271	Bb4	70	78	*	-1	*	-1	-1	
1975	200.441	C5	72	86	*	-1	*	-1	-1	
1976	200.451	G#3	56	82	*	-1	*	-1	-1	
1977	200.789	Eb5	75	86	*	-1	*	-1	-1	
1978	200.801	G#4	68	84	*	-1	*	-1	-1	
1979	200.95	G4	67	71	*	-1	*	-1	-1	
1980	201.108	F#5	78	86	*	-1	*	-1	-1	
1981	201.113	G#4	68	89	*	-1	*	-1	-1	
1982	201.254	Bb4	70	72	*	-1	*	-1	-1	
1983	201.422	G#3	56	79	*	-1	*	-1	-1	
1984	201.437	C5	72	73	*	-1	*	-1	-1	
1985	201.592	G#4	68	74	*	-1	*	-1	-1	
1986	201.768	C#5	73	73	*	-1	*	-1	-1	
1987	201.77	Bb3	58	78	*	-1	*	-1	-1	
1988	201.918	G#3	56	77	*	-1	*	-1	-1	
1989	201.921	C5	72	75	*	-1	*	-1	-1	
1990	202.083	F#3	54	73	*	-1	*	-1	-1	
1991	202.087	Bb4	70	78	*	-1	*	-1	-1	
1992	202.238	C5	72	86	*	-1	*	-1	-1	
1993	202.246	G#3	56	73	*	-1	*	-1	-1	
1994	202.402	F5	77	78	*	-1	*	-1	-1	
1995	202.409	F4	65	75	*	-1	*	-1	-1	
1996	202.427	C#5	73	75	*	-1	*	-1	-1	
1997	202.576	C5	72	72	*	-1	*	-1	-1	
1998	202.739	C#4	61	71	*	-1	*	-1	-1	
1999	202.76	Bb4	70	77	*	-1	*	-1	-1	
2000	202.867	G#4	68	77	*	-1	*	-1	-1	
2001	202.981	G#4	68	81	*	-1	*	-1	-1	
2002	203.074	Bb4	70	82	*	-1	*	-1	-1	
2003	203.081	G#3	56	76	*	-1	*	-1	-1	
2004	203.426	F#3	54	74	*	-1	*	-1	-1	
2005	203.588	F3	53	74	*	-1	*	-1	-1	
2006	203.75	Eb5	75	74	*	-1	*	-1	-1	
2007	203.763	F#3	54	65	*	-1	*	-1	-1	
2008	203.903	G#4	68	69	*	-1	*	-1	-1	
2009	204.069	Eb4	63	62	*	-1	*	-1	-1	
2010	204.072	F#4	66	62	*	-1	*	-1	-1	
2011	204.213	Bb4	70	72	*	-1	*	-1	-1	
2012	204.381	G#4	68	68	*	-1	*	-1	-1	
2013	204.387	F3	53	59	*	-1	*	-1	-1	
2014	204.534	F#4	66	65	*	-1	*	-1	-1	
2015	204.697	C#5	73	71	*	-1	*	-1	-1	
2016	204.706	C#4	61	54	*	-1	*	-1	-1	
2017	204.711	F4	65	55	*	-1	*	-1	-1	
2018	204.867	G#4	68	64	*	-1	*	-1	-1	
2019	205.021	C5	72	69	*	-1	*	-1	-1	
2020	205.041	Eb3	51	52	*	-1	*	-1	-1	
2021	205.061	F#4	66	49	*	-1	*	-1	-1	
2022	205.189	F4	65	50	*	-1	*	-1	-1	
2023	205.359	Eb5	75	64	*	-1	*	-1	-1	
2024	205.376	C4	60	47	*	-1	*	-1	-1	
2025	205.394	F#4	66	44	*	-1	*	-1	-1	
2026	205.537	Eb4	63	48	*	-1	*	-1	-1	
2027	205.709	C#3	49	54	*	-1	*	-1	-1	
2028	205.715	F4	65	47	*	-1	*	-1	-1	
2029	205.878	G#2	44	46	*	-1	*	-1	-1	
2030	206.038	G#4	68	71	*	-1	*	-1	-1	
2031	206.064	C#3	49	51	*	-1	*	-1	-1	
2032	206.228	Eb3	51	48	*	-1	*	-1	-1	
2033	206.377	C#5	73	73	*	-1	*	-1	-1	
2034	206.389	F3	53	54	*	-1	*	-1	-1	
2035	206.552	F#3	54	46	*	-1	*	-1	-1	
2036	206.705	G#3	56	57	*	-1	*	-1	-1	
2037	206.721	B4	71	66	*	-1	*	-1	-1	
2038	206.89	F3	53	52	*	-1	*	-1	-1	
2039	207.05	Bb4	70	66	*	-1	*	-1	-1	
2040	207.057	F#3	54	45	*	-1	*	-1	-1	
2041	207.224	F#2	42	48	*	-1	*	-1	-1	
2042	207.402	C#4	61	66	*	-1	*	-1	-1	
2043	207.415	F#3	54	53	*	-1	*	-1	-1	
2044	207.572	F3	53	51	*	-1	*	-1	-1	
2045	207.748	F#3	54	57	*	-1	*	-1	-1	
2046	207.748	F#4	66	74	*	-1	*	-1	-1	
2047	207.887	G#3	56	62	*	-1	*	-1	-1	
2048	208.057	F4	65	70	*	-1	*	-1	-1	
2049	208.062	Bb3	58	51	*	-1	*	-1	-1	
2050	208.206	F#3	54	54	*	-1	*	-1	-1	
2051	208.404	F#4	66	64	*	-1	*	-1	-1	
2052	208.408	Eb3	51	46	*	-1	*	-1	-1	
2053	208.563	F3	53	46	*	-1	*	-1	-1	
2054	208.722	F#3	54	48	*	-1	*	-1	-1	
2055	208.729	Bb4	70	71	*	-1	*	-1	-1	
2056	208.884	Eb3	51	38	*	-1	*	-1	-1	
2057	208.885	F#4	66	70	*	-1	*	-1	-1	
2058	209.069	Eb4	63	54	*	-1	*	-1	-1	
2059	209.071	C3	48	45	*	-1	*	-1	-1	
2060	209.232	C#3	49	48	*	-1	*	-1	-1	
2061	209.396	Eb3	51	43	*	-1	*	-1	-1	
2062	209.407	F#4	66	57	*	-1	*	-1	-1	
2063	209.554	C#3	49	27	*	-1	*	-1	-1	
2064	209.581	Eb4	63	57	*	-1	*	-1	-1	
2065	209.648	C3	48	6	*	-1	*	-1	-1	
2066	209.742	G#3	56	48	*	-1	*	-1	-1	
2067	209.749	F2	41	44	*	-1	*	-1	-1	
2068	210.1	Eb4	63	65	*	-1	*	-1	-1	
2069	210.103	F3	53	51	*	-1	*	-1	-1	
2070	210.271	Eb3	51	56	*	-1	*	-1	-1	
2071	210.442	G#4	68	68	*	-1	*	-1	-1	
2072	210.458	F3	53	64	*	-1	*	-1	-1	
2073	210.619	F#3	54	70	*	-1	*	-1	-1	
2074	210.766	G#3	56	73	*	-1	*	-1	-1	
2075	210.783	C4	60	62	*	-1	*	-1	-1	
2076	210.914	F3	53	73	*	-1	*	-1	-1	
2077	211.092	D3	50	62	*	-1	*	-1	-1	
2078	211.115	F4	65	54	*	-1	*	-1	-1	
2079	211.25	Eb3	51	66	*	-1	*	-1	-1	
2080	211.411	F3	53	68	*	-1	*	-1	-1	
2081	211.425	G#4	68	69	*	-1	*	-1	-1	
2082	211.574	D3	50	65	*	-1	*	-1	-1	
2083	211.591	F4	65	61	*	-1	*	-1	-1	
2084	211.755	D4	62	58	*	-1	*	-1	-1	
2085	211.758	Bb2	46	57	*	-1	*	-1	-1	
2086	211.901	C3	48	58	*	-1	*	-1	-1	
2087	212.069	D3	50	59	*	-1	*	-1	-1	
2088	212.069	F4	65	52	*	-1	*	-1	-1	
2089	212.224	Bb2	46	59	*	-1	*	-1	-1	
2090	212.226	D4	62	59	*	-1	*	-1	-1	
2091	212.403	F#3	54	58	*	-1	*	-1	-1	
2092	212.422	Eb2	39	51	*	-1	*	-1	-1	
2093	212.728	Eb3	51	62	*	-1	*	-1	-1	
2094	212.747	Bb3	58	64	*	-1	*	-1	-1	
2095	212.907	D3	50	72	*	-1	*	-1	-1	
2096	213.07	F#4	66	65	*	-1	*	-1	-1	
2097	213.077	Eb3	51	76	*	-1	*	-1	-1	
2098	213.226	F3	53	80	*	-1	*	-1	-1	
2099	213.393	F#3	54	78	*	-1	*	-1	-1	
2100	213.406	Bb3	58	60	*	-1	*	-1	-1	
2101	213.538	Eb3	51	71	*	-1	*	-1	-1	
2102	213.738	C3	48	68	*	-1	*	-1	-1	
2103	213.744	Eb4	63	76	*	-1	*	-1	-1	
2104	213.888	F4	65	75	*	-1	*	-1	-1	
2105	213.898	C#3	49	71	*	-1	*	-1	-1	
2106	214.047	F#4	66	87	*	-1	*	-1	-1	
2107	214.051	Eb3	51	69	*	-1	*	-1	-1	
2108	214.192	Eb4	63	87	*	-1	*	-1	-1	
2109	214.21	C3	48	73	*	-1	*	-1	-1	
2110	214.349	Eb5	75	89	*	-1	*	-1	-1	
2111	214.375	G#2	44	74	*	-1	*	-1	-1	
2112	214.528	F#4	66	65	*	-1	*	-1	-1	
2113	214.53	Bb2	46	62	*	-1	*	-1	-1	
2114	214.678	C3	48	69	*	-1	*	-1	-1	
2115	214.691	G#4	68	77	*	-1	*	-1	-1	
2116	214.83	Eb4	63	78	*	-1	*	-1	-1	
2117	214.832	G#2	44	70	*	-1	*	-1	-1	
2118	214.996	F4	65	78	*	-1	*	-1	-1	
2119	214.999	C#2	37	80	*	-1	*	-1	-1	
2120	215.149	C#5	73	79	*	-1	*	-1	-1	
2121	215.327	C#3	49	78	*	-1	*	-1	-1	
2122	215.328	C5	72	81	*	-1	*	-1	-1	
2123	215.471	Eb3	51	71	*	-1	*	-1	-1	
2124	215.473	Eb5	75	86	*	-1	*	-1	-1	
2125	215.645	C#5	73	83	*	-1	*	-1	-1	
2126	215.658	F3	53	74	*	-1	*	-1	-1	
2127	215.798	G#4	68	77	*	-1	*	-1	-1	
2128	215.961	C#4	61	90	*	-1	*	-1	-1	
2129	215.976	C#3	49	74	*	-1	*	-1	-1	
2130	215.986	Bb4	70	80	*	-1	*	-1	-1	
2131	216.147	B4	71	80	*	-1	*	-1	-1	
2132	216.325	F#3	54	72	*	-1	*	-1	-1	
2133	216.336	Bb4	70	78	*	-1	*	-1	-1	
2134	216.514	C4	60	74	*	-1	*	-1	-1	
2135	216.521	G#4	68	81	*	-1	*	-1	-1	
2136	216.664	Bb3	58	71	*	-1	*	-1	-1	
2137	216.678	F#4	66	78	*	-1	*	-1	-1	
2138	216.798	C4	60	72	*	-1	*	-1	-1	
2139	216.82	G#4	68	84	*	-1	*	-1	-1	
2140	216.981	F5	77	83	*	-1	*	-1	-1	
2141	216.985	C#4	61	81	*	-1	*	-1	-1	
2142	217.012	F3	53	55	*	-1	*	-1	-1	
2143	217.129	C4	60	76	*	-1	*	-1	-1	
2144	217.285	C#5	73	80	*	-1	*	-1	-1	
2145	217.33	Bb3	58	69	*	-1	*	-1	-1	
2146	217.467	G#3	56	80	*	-1	*	-1	-1	
2147	217.655	G#4	68	81	*	-1	*	-1	-1	
2148	217.661	Bb3	58	73	*	-1	*	-1	-1	
2149	217.679	Eb3	51	67	*	-1	*	-1	-1	
2150	218.023	C#3	49	68	*	-1	*	-1	-1	
2151	218.028	F#4	66	74	*	-1	*	-1	-1	
2152	218.179	F4	65	74	*	-1	*	-1	-1	
2153	218.346	C3	48	65	*	-1	*	-1	-1	
2154	218.361	F#4	66	78	*	-1	*	-1	-1	
2155	218.508	G#3	56	79	*	-1	*	-1	-1	
2156	218.679	F#3	54	74	*	-1	*	-1	-1	
2157	218.69	Eb5	75	81	*	-1	*	-1	-1	
2158	218.851	Bb3	58	79	*	-1	*	-1	-1	
2159	219.019	F4	65	76	*	-1	*	-1	-1	
2160	219.035	G#3	56	81	*	-1	*	-1	-1	
2161	219.04	C#3	49	75	*	-1	*	-1	-1	
2162	219.194	F#3	54	72	*	-1	*	-1	-1	
2163	219.359	F3	53	68	*	-1	*	-1	-1	
2164	219.363	C#5	73	81	*	-1	*	-1	-1	
2165	219.522	G#3	56	75	*	-1	*	-1	-1	
2166	219.704	F#3	54	67	*	-1	*	-1	-1	
2167	219.706	Eb4	63	82	*	-1	*	-1	-1	
2168	219.722	G#2	44	57	*	-1	*	-1	-1	
2169	219.867	F3	53	74	*	-1	*	-1	-1	
2170	220.059	F#3	54	75	*	-1	*	-1	-1	
2171	220.066	C5	72	79	*	-1	*	-1	-1	
2172	220.202	Eb3	51	70	*	-1	*	-1	-1	
2173	220.461	C#4	61	73	*	-1	*	-1	-1	
2174	220.467	Bb2	46	56	*	-1	*	-1	-1	
2175	220.467	F3	53	64	*	-1	*	-1	-1	
2176	220.696	F4	65	70	*	-1	*	-1	-1	
2177	220.708	G#3	56	65	*	-1	*	-1	-1	
2178	220.865	F#4	66	74	*	-1	*	-1	-1	
2179	220.887	Bb3	58	62	*	-1	*	-1	-1	
2180	221.017	G#4	68	81	*	-1	*	-1	-1	
2181	221.035	C4	60	60	*	-1	*	-1	-1	
2182	221.192	Bb4	70	75	*	-1	*	-1	-1	
2183	221.204	C#4	61	63	*	-1	*	-1	-1	
2184	221.345	C4	60	65	*	-1	*	-1	-1	
2185	221.374	C5	72	68	*	-1	*	-1	-1	
2186	221.504	Bb3	58	60	*	-1	*	-1	-1	
2187	221.529	C#5	73	76	*	-1	*	-1	-1	
2188	221.655	G#3	56	69	*	-1	*	-1	-1	
2189	221.681	Eb5	75	79	*	-1	*	-1	-1	
2190	221.847	G3	55	73	*	-1	*	-1	-1	
2191	221.85	E5	76	81	*	-1	*	-1	-1	
2192	221.991	Eb5	75	80	*	-1	*	-1	-1	
2193	221.999	G#3	56	78	*	-1	*	-1	-1	
2194	222.156	Bb3	58	76	*	-1	*	-1	-1	
2195	222.16	C#5	73	83	*	-1	*	-1	-1	
2196	222.314	G3	55	75	*	-1	*	-1	-1	
2197	222.318	Eb5	75	91	*	-1	*	-1	-1	
2198	222.478	E5	76	84	*	-1	*	-1	-1	
2199	222.484	Eb3	51	82	*	-1	*	-1	-1	
2200	222.634	C#3	49	74	*	-1	*	-1	-1	
2201	222.644	G5	79	87	*	-1	*	-1	-1	
2202	222.794	C3	48	66	*	-1	*	-1	-1	
2203	222.802	G#5	80	89	*	-1	*	-1	-1	
2204	222.956	Bb2	46	75	*	-1	*	-1	-1	
2205	222.956	Bb5	82	86	*	-1	*	-1	-1	
2206	223.127	G#2	44	70	*	-1	*	-1	-1	
2207	223.138	C#5	73	81	*	-1	*	-1	-1	
2208	223.286	C5	72	84	*	-1	*	-1	-1	
2209	223.295	Eb3	51	69	*	-1	*	-1	-1	
2210	223.444	F3	53	75	*	-1	*	-1	-1	
2211	223.446	Bb4	70	85	*	-1	*	-1	-1	
2212	223.601	F#3	54	79	*	-1	*	-1	-1	
2213	223.601	G#4	68	86	*	-1	*	-1	-1	
2214	223.775	Eb5	75	88	*	-1	*	-1	-1	
2215	223.782	G#3	56	82	*	-1	*	-1	-1	
2216	223.954	Bb3	58	82	*	-1	*	-1	-1	
2217	224.127	F#4	66	79	*	-1	*	-1	-1	
2218	224.129	C4	60	76	*	-1	*	-1	-1	
2219	224.298	G#3	56	80	*	-1	*	-1	-1	
2220	224.548	F4	65	74	*	-1	*	-1	-1	
2221	224.565	C#4	61	71	*	-1	*	-1	-1	
2222	225.009	C#5	73	87	*	-1	*	-1	-1	
2223	225.02	G#4	68	74	*	-1	*	-1	-1	
2224	225.03	C#4	61	70	*	-1	*	-1	-1	
2225	225.041	F2	41	67	*	-1	*	-1	-1	
2226	225.475	Bb4	70	82	*	-1	*	-1	-1	
2227	225.506	F#2	42	65	*	-1	*	-1	-1	
2228	225.532	F#4	66	66	*	-1	*	-1	-1	
2229	225.637	Eb4	63	50	*	-1	*	-1	-1	
2230	226.122	C5	72	76	*	-1	*	-1	-1	
2231	226.154	G#2	44	54	*	-1	*	-1	-1	
2232	226.159	F#4	66	53	*	-1	*	-1	-1	
2233	226.165	G#4	68	57	*	-1	*	-1	-1	
2234	227.059	C#2	37	57	*	-1	*	-1	-1	
2235	227.137	C#4	61	60	*	-1	*	-1	-1	
2236	227.215	F4	65	64	*	-1	*	-1	-1	
2237	227.295	G#4	68	76	*	-1	*	-1	-1	
2238	227.379	C#5	73	76	806	77.25	C#5	73	80	
*	-1	*	-1	-1	804	77.25	C#4	61	80	
*	-1	*	-1	-1	805	77.25	G#4	68	80	
*	-1	*	-1	-1	807	77.25	F3	53	80	
*	-1	*	-1	-1	808	77.25	G#3	56	80	
*	-1	*	-1	-1	809	77.25	C#3	49	80	
