//Version: ScorePerfmMatch_v170104
// Score: ./score_hmm.txt
// Perfm: ./infer_spr.txt
// fmt3x: ./score_fmt3x.txt
0	0.427351	0.672009	Bb3	51	38	0	0	0	P1-1-0	0	0
1	1.21154	1.31624	Eb4	62	62	0	0	592	P1-1-1	0	-
2	1.39103	2.59188	Eb4	54	80	0	0	789	P1-1-2	0	-
3	1.43376	1.88355	G3	35	36	0	0	789	P1-1-3	0	-
4	1.44231	3.7671	Eb3	33	34	0	0	789	P1-1-4	0	-
5	1.86432	2.25107	Bb3	37	31	0	0	1184	P1-1-5	0	-
6	2.24146	2.59936	G3	37	37	0	0	1578	P1-1-6	0	-
7	2.61325	3.01069	Bb3	35	33	0	0	1973	P1-1-7	0	-
8	2.94231	3.92949	G4	67	19	0	0	2368	P1-1-8	0	-
9	2.98184	3.38248	G3	36	39	0	0	2368	P1-1-9	0	-
10	3.38248	3.78205	Bb3	39	29	0	0	2763	P1-1-10	0	-
11	3.49787	3.58654	Eb4	67	59	0	0	2960	P1-1-11	0	-
12	3.69765	4.67522	Eb4	68	28	0	0	3157	P1-1-12	0	-
13	3.73398	5.75428	F3	38	27	0	0	3157	P1-1-14	0	-
14	3.73932	4.22223	G#3	34	33	0	0	3157	P1-1-13	0	-
15	4.1827	4.58868	Bb3	34	32	0	0	3552	P1-1-15	0	-
16	4.53206	5.86432	D4	61	37	0	0	3947	P1-1-16	0	-
17	4.58975	4.92949	G#3	33	39	0	0	3947	P1-1-17	0	-
18	4.9327	5.32052	Bb3	36	38	0	0	4342	P1-1-18	0	-
19	5.30663	5.66667	G#3	43	34	0	0	4736	P1-1-19	0	-
20	5.62928	6.2265	Eb4	67	29	0	0	5131	P1-1-20	0	-
21	5.66133	6.2265	G3	40	34	0	0	5131	P1-1-21	1	-
22	5.68483	5.98719	Eb3	39	39	0	0	5131	P1-1-22	0	-
23	6.09723	6.84616	F4	64	45	0	0	5526	P1-1-23	0	-
24	6.15492	6.66454	F3	41	32	0	0	5526	P1-1-26	0	-
25	6.15706	6.30556	Bb3	42	44	0	0	5526	P1-1-24	0	-
26	6.16454	7.32586	D3	42	35	0	0	5526	P1-1-25	0	-
27	6.49573	6.59616	Bb3	47	46	0	0	5921	P1-1-27	0	-
28	6.86219	7.07907	Bb3	54	33	0	0	6315	P1-1-28	0	-
29	7.21475	7.63783	G4	65	51	0	0	6710	P1-1-29	0	-
30	7.24467	7.44338	Bb3	48	37	0	0	6710	P1-1-30	0	-
31	7.27778	7.64958	C3	31	34	0	0	6710	P1-1-31	0	-
32	7.28633	7.49039	Eb3	37	36	0	0	6710	P1-1-32	0	-
33	7.6015	8.1389	G#4	71	28	0	0	7105	P1-1-34	0	-
34	7.6389	7.86219	D3	47	55	0	0	7105	P1-1-37	0	-
35	7.6389	7.85043	Bb3	42	38	0	0	7105	P1-1-35	0	-
36	7.6421	7.99146	Bb2	41	57	0	0	7105	P1-1-36	0	-
37	7.64851	7.87501	F4	41	34	0	0	7105	P1-1-33	0	-
38	7.98505	8.54915	Bb4	68	37	0	0	7499	P1-1-39	0	-
39	8.03633	8.24253	Bb3	46	34	0	0	7499	P1-1-40	0	-
40	8.04488	8.26176	F3	42	28	0	0	7499	P1-1-42	0	-
41	8.04915	8.16881	F4	47	44	0	0	7499	P1-1-38	0	-
42	8.06732	8.40172	D3	44	39	0	0	7499	P1-1-41	0	-
43	8.44659	9.39103	G#4	64	27	0	0	7894	P1-1-44	0	-
44	8.48826	9.08334	Eb3	42	31	0	0	7894	P1-1-46	0	-
45	8.50108	8.69125	Bb3	31	42	0	0	7894	P1-1-45	0	-
46	8.50428	8.93804	F4	35	28	0	0	7894	P1-1-43	0	-
47	8.90706	9.08441	Bb3	38	37	0	0	8289	P1-1-47	0	-
48	9.2874	9.90279	G4	44	43	0	0	8684	P1-1-49	0	-
49	9.31411	9.62501	Eb2	37	40	0	0	8684	P1-1-51	0	-
50	9.31625	9.50108	Bb3	22	25	0	0	8684	P1-1-50	0	-
51	9.33548	9.71155	Eb4	37	19	0	0	8684	P1-1-48	0	-
52	9.74146	9.79381	Bb3	33	50	0	0	9078	P1-1-52	0	-
53	10.14	10.813	G4	70	38	0	0	9473	P1-1-53	0	-
54	10.1603	10.6539	Eb3	53	36	0	0	9473	P1-1-55	0	-
55	10.1742	10.3932	Eb4	54	53	0	0	9473	P1-1-54	0	-
56	10.5588	10.718	Eb4	61	37	0	0	9868	P1-1-56	0	-
57	10.6816	10.937	G#4	72	54	0	0	10065	P1-1-57	0	-
58	10.6966	10.8932	F3	55	35	0	0	10065	P1-1-58	0	-
59	10.9039	12.0566	Bb4	73	51	0	0	10263	P1-1-59	0	-
60	10.9199	11.9872	G3	58	34	0	0	10263	P1-1-61	0	-
61	10.9338	11.1656	Eb4	48	49	0	0	10263	P1-1-60	0	-
62	11.3301	11.3964	Eb4	44	52	0	0	10657	P1-1-62	0	-
63	11.6848	11.7607	Eb4	45	52	0	0	11052	P1-1-63	0	-
64	12.0043	12.4947	G4	71	38	0	0	11447	P1-1-64	0	-
65	12.0534	12.4754	Eb3	52	37	0	0	11447	P1-1-66	0	-
66	12.0673	12.1902	Eb4	48	46	0	0	11447	P1-1-65	0	-
67	12.4081	12.8451	C5	74	55	0	0	11842	P1-1-67	0	-
68	12.4562	12.8601	G#3	56	28	0	0	11842	P1-1-69	0	-
69	12.4744	12.6378	Eb4	39	55	0	0	11842	P1-1-68	0	-
70	12.7607	13.2372	G#4	76	57	0	0	12236	P1-1-70	0	-
71	12.7692	13.2212	F3	59	37	0	0	12236	P1-1-72	0	-
72	12.8227	13.0054	Eb4	43	36	0	0	12236	P1-1-71	0	-
73	13.187	14.2992	Bb4	71	50	0	0	12631	P1-1-73	0	-
74	13.2148	14.7586	G3	49	33	0	0	12631	P1-1-75	0	-
75	13.2286	13.4092	Eb4	43	50	0	0	12631	P1-1-74	0	-
76	13.6036	13.6774	Eb4	33	45	0	0	13026	P1-1-76	0	-
77	13.9359	14.125	Eb4	51	35	0	0	13421	P1-1-77	0	-
78	14.2778	14.7949	B4	73	34	0	0	13815	P1-1-78	0	-
79	14.313	14.5406	Eb4	50	40	0	0	13815	P1-1-79	0	-
80	14.6934	15.1272	C5	67	59	0	0	14210	P1-1-80	0	-
81	14.7105	14.937	Eb4	46	45	0	0	14210	P1-1-81	0	-
82	14.7137	15.109	G#3	43	35	0	0	14210	P1-1-82	0	-
83	15.0812	15.3483	Bb4	68	49	0	0	14605	P1-1-83	0	-
84	15.1047	15.3729	Eb4	47	50	0	0	14605	P1-1-84	0	-
85	15.1122	15.5855	G3	43	39	0	0	14605	P1-1-85	0	-
86	15.562	16.109	Bb4	54	38	0	0	15000	P1-1-86	0	-
87	15.5994	16.8964	F3	41	38	0	0	15000	P1-1-88	0	-
88	15.6133	15.8793	C4	41	40	0	0	15000	P1-1-87	0	-
89	16.0566	16.9519	G#4	57	27	0	0	15394	P1-1-89	0	-
90	16.0577	16.5438	C4	41	43	0	0	15394	P1-1-90	0	-
91	16.4434	16.7019	C#4	51	35	0	0	15789	P1-1-91	0	-
92	16.8163	17.2543	F4	54	53	0	0	16184	P1-1-92	0	-
93	16.843	17.2885	Bb2	44	30	0	0	16184	P1-1-95	0	-
94	16.8504	16.9776	D4	43	55	0	0	16184	P1-1-94	0	-
95	16.859	16.9925	Bb3	40	40	0	0	16184	P1-1-93	0	-
96	17.2596	17.6143	G4	54	57	0	0	16578	P1-1-96	0	-
97	17.2874	17.7137	Eb3	40	37	0	0	16578	P1-1-99	0	-
98	17.2885	17.4883	Bb3	38	52	0	0	16578	P1-1-97	0	-
99	17.3195	17.7286	Eb4	27	37	0	0	16578	P1-1-98	0	-
100	17.6635	17.8056	Bb4	52	56	0	0	16973	P1-1-100	0	-
101	17.6881	17.8536	C4	41	37	0	0	16973	P1-1-101	0	-
102	17.6902	18.171	G#2	34	38	0	0	16973	P1-1-103	0	-
103	17.843	18.203	G#4	51	33	0	0	17171	P1-1-104	0	-
104	18.1464	19.1763	G4	50	41	0	0	17368	P1-1-105	0	-
105	18.1806	19.6346	Bb2	38	38	0	0	17368	P1-1-107	0	-
106	18.2116	18.8034	Eb4	34	36	0	0	17368	P1-1-106	0	-
107	18.6357	19.4092	Bb3	31	37	0	0	17763	P1-1-108	0	-
108	19.0577	19.4306	F4	37	40	0	0	18157	P1-1-109	0	-
109	19.0812	19.4413	D4	38	34	0	0	18157	P1-1-110	0	-
110	19.4701	20.0524	G#2	43	27	0	0	18552	P1-1-111	0	-
111	19.9103	20.9327	Bb3	64	39	0	0	18947	P1-1-112	0	-
112	19.953	20.4605	G2	45	36	0	0	18947	P1-1-114	0	-
113	20.4135	20.859	F2	42	36	0	0	19342	P1-1-116	0	-
114	20.4242	20.6934	G#3	51	80	0	0	19342	P1-1-115	0	-
115	20.5684	20.7158	Eb4	70	53	0	0	19539	P1-1-117	0	-
116	20.8707	21.9968	Eb4	68	40	0	0	19833	P1-1-121	0	-
117	20.89	21.1378	Eb2	45	36	0	0	19736	P1-1-120	0	-
118	20.9039	21.2062	G3	41	37	0	0	-1	*	3	-
119	21.3761	21.8686	Bb3	43	39	0	0	20131	P1-1-124	0	-
120	21.7019	23.3729	Eb3	56	31	0	0	20526	P1-1-126	0	-
121	21.7628	22.2019	G3	32	36	0	0	20526	P1-1-125	0	-
122	22.1485	22.2308	F4	51	56	0	0	20921	P1-1-127	0	-
123	22.1624	22.5759	Bb3	39	32	0	0	20921	P1-1-128	0	-
124	22.2351	22.281	Eb4	55	62	0	0	21019	P1-1-129	0	-
125	22.3045	22.3943	D4	59	50	0	0	21118	P1-1-130	0	-
126	22.3889	22.515	Eb4	65	37	0	0	21217	P1-1-131	0	-
127	22.4541	23.3323	G4	74	19	0	0	21315	P1-1-132	0	-
128	22.5011	22.9434	G3	44	31	0	0	21315	P1-1-133	0	-
129	22.8857	23.3451	Bb3	49	25	0	0	21710	P1-1-134	0	-
130	22.9915	23.1229	Eb4	69	60	0	0	21907	P1-1-135	0	-
131	23.234	24.2062	Eb4	61	33	0	0	22105	P1-1-136	0	-
132	23.2575	25.3173	F3	47	32	0	0	22105	P1-1-138	0	-
133	23.2874	23.718	G#3	42	32	0	0	22105	P1-1-137	0	-
134	23.6838	24.1496	Bb3	41	29	0	0	22500	P1-1-139	0	-
135	24.015	25.3643	D4	65	40	0	0	22894	P1-1-140	0	-
136	24.0716	24.4573	G#3	42	36	0	0	22894	P1-1-141	0	-
137	24.4498	24.874	Bb3	41	38	0	0	23289	P1-1-142	0	-
138	24.8227	25.2073	G#3	46	35	0	0	23684	P1-1-143	0	-
139	25.1667	25.7073	Eb4	66	32	0	0	24078	P1-1-144	0	-
140	25.1945	25.4829	Eb3	46	51	0	0	24078	P1-1-146	0	-
141	25.1945	25.6806	G3	42	35	0	0	24078	P1-1-145	1	-
142	25.5962	26.7831	F4	65	40	0	0	24473	P1-1-147	0	-
143	25.64	26.2094	F3	46	31	0	0	24473	P1-1-150	0	-
144	25.641	26.7821	D3	44	32	0	0	24473	P1-1-149	0	-
145	25.6571	25.8761	Bb3	40	38	0	0	24473	P1-1-148	0	-
146	26.0096	26.109	Bb3	50	47	0	0	24868	P1-1-151	0	-
147	26.3868	26.6218	Bb3	53	37	0	0	25263	P1-1-152	0	-
148	26.7212	27.2126	G4	66	39	0	0	25657	P1-1-153	0	-
149	26.7458	26.9947	Eb3	41	40	0	0	25657	P1-1-156	0	-
150	26.7468	27.1528	C3	43	48	0	0	25657	P1-1-155	0	-
151	26.7735	26.9562	Bb3	43	38	0	0	25657	P1-1-154	0	-
152	27.1432	27.6368	G#4	70	26	0	0	26052	P1-1-158	0	-
153	27.172	27.4081	D3	50	55	0	0	26052	P1-1-161	0	-
154	27.1742	27.5171	Bb2	45	58	0	0	26052	P1-1-160	0	-
155	27.1827	27.3964	Bb3	42	41	0	0	26052	P1-1-159	0	-
156	27.1945	27.3804	F4	41	35	0	0	26052	P1-1-157	0	-
157	27.5096	27.9979	Bb4	72	48	0	0	26447	P1-1-163	0	-
158	27.5342	27.7789	Bb3	49	40	0	0	26447	P1-1-164	0	-
159	27.5438	27.7522	F4	48	35	0	0	26447	P1-1-162	0	-
160	27.5577	27.8173	D3	46	41	0	0	26447	P1-1-165	0	-
161	27.5588	27.6902	F3	42	48	0	0	26447	P1-1-166	0	-
162	27.9541	28.8718	G#4	66	26	0	0	26842	P1-1-168	0	-
163	27.9883	28.234	Bb3	37	41	0	0	26842	P1-1-169	0	-
164	27.9968	28.5534	Eb3	46	36	0	0	26842	P1-1-170	0	-
165	27.9979	28.4135	F4	38	27	0	0	26842	P1-1-167	0	-
166	28.3943	28.5567	Bb3	42	37	0	0	27236	P1-1-171	0	-
167	28.7831	29.4199	G4	50	41	0	0	27631	P1-1-173	0	-
168	28.8077	29.1101	Eb2	42	39	0	0	27631	P1-1-175	0	-
169	28.8237	29.1368	Eb4	36	25	0	0	27631	P1-1-172	0	-
170	28.8494	28.9979	Bb3	16	33	0	0	27631	P1-1-174	0	-
171	29.2735	29.3312	Bb3	31	50	0	0	28026	P1-1-176	0	-
172	29.6346	30.4487	G4	68	21	0	0	28421	P1-1-177	0	-
173	29.6603	30.1571	Eb3	56	58	0	0	28421	P1-1-179	0	-
174	29.6774	29.8814	Eb4	49	40	0	0	28421	P1-1-178	0	-
175	30.0577	30.2607	Eb4	52	37	0	0	28815	P1-1-180	0	-
176	30.1827	30.3237	F3	65	55	0	0	29013	P1-1-182	0	-
177	30.1859	30.4477	G#4	71	56	0	0	29013	P1-1-181	0	-
178	30.3964	31.5983	Bb4	71	52	0	0	29210	P1-1-183	0	-
179	30.4017	31.6122	G3	66	30	0	0	29210	P1-1-185	0	-
180	30.4252	30.6325	Eb4	48	48	0	0	29210	P1-1-184	0	-
181	30.812	30.9103	Eb4	43	48	0	0	29605	P1-1-186	0	-
182	31.2041	31.3654	Eb4	50	30	0	0	29999	P1-1-187	0	-
183	31.5534	32.0908	G4	74	36	0	0	30394	P1-1-188	0	-
184	31.5802	32.0353	Eb3	53	30	0	0	30394	P1-1-190	0	-
185	31.5887	31.7757	Eb4	50	34	0	0	30394	P1-1-189	0	-
186	31.9701	32.3846	C5	77	60	0	0	30789	P1-1-191	0	-
187	32.0267	32.4146	G#3	57	34	0	0	30789	P1-1-193	0	-
188	32.046	32.2244	Eb4	52	57	0	0	30789	P1-1-192	0	-
189	32.3398	32.8344	G#4	80	54	0	0	31184	P1-1-194	0	-
190	32.3462	32.8131	F3	64	36	0	0	31184	P1-1-196	0	-
191	32.3975	32.5908	Eb4	48	30	0	0	31184	P1-1-195	0	-
192	32.765	33.8868	Bb4	73	28	0	0	31578	P1-1-197	0	-
193	32.7896	34.4488	G3	57	31	0	0	31578	P1-1-199	0	-
194	32.8141	33.0492	Eb4	48	48	0	0	31578	P1-1-198	0	-
195	33.2126	33.2874	Eb4	53	46	0	0	31973	P1-1-200	0	-
196	33.5556	33.7564	Eb4	59	37	0	0	32368	P1-1-201	0	-
197	33.9146	34.4776	B4	78	33	0	0	32763	P1-1-202	0	-
198	33.9402	34.1891	Eb4	59	31	0	0	32763	P1-1-203	0	-
199	34.3676	34.7981	C5	68	55	0	0	33157	P1-1-204	0	-
200	34.3879	34.6218	Eb4	48	50	0	0	33157	P1-1-205	0	-
201	34.3911	34.8067	G#3	43	37	0	0	33157	P1-1-206	0	-
202	34.781	34.999	Bb4	69	48	0	0	33552	P1-1-207	0	-
203	34.8013	35.077	Eb4	53	30	0	0	33552	P1-1-208	0	-
204	34.8056	35.3836	G3	48	40	0	0	33552	P1-1-209	0	-
205	35.3238	35.9295	Bb4	53	38	0	0	33947	P1-1-210	0	-
206	35.3526	36.8056	F3	38	28	0	0	33947	P1-1-212	0	-
207	35.3729	35.672	C4	41	45	0	0	33947	P1-1-211	0	-
208	35.8761	36.7992	G#4	52	27	0	0	34342	P1-1-213	0	-
209	35.9049	36.1208	C4	31	43	0	0	34342	P1-1-214	0	-
210	36.2832	36.5097	C#4	45	35	0	0	34736	P1-1-215	0	-
211	36.6656	37.1752	F4	49	32	0	0	35131	P1-1-216	0	-
212	36.6913	37.1785	Bb2	41	31	0	0	35131	P1-1-219	0	-
213	36.6966	36.8943	D4	39	36	0	0	35131	P1-1-218	0	-
214	36.7158	36.9156	Bb3	32	32	0	0	35131	P1-1-217	0	-
215	37.125	37.5182	G4	53	52	0	0	35526	P1-1-220	0	-
216	37.1336	37.4039	Bb3	37	38	0	0	35526	P1-1-221	0	-
217	37.1667	37.5844	Eb3	39	29	0	0	35526	P1-1-223	0	-
218	37.1688	37.6614	Eb4	33	35	0	0	35526	P1-1-222	0	-
219	37.5609	37.7276	Bb4	49	53	0	0	35921	P1-1-224	0	-
220	37.5641	38.0278	G#2	40	37	0	0	35921	P1-1-227	0	-
221	37.5823	37.8323	C4	42	27	0	0	35921	P1-1-225	0	-
222	37.6208	37.7276	F4	20	34	0	0	35921	P1-1-226	0	-
223	37.7629	38.0973	G#4	50	33	0	0	36118	P1-1-228	0	-
224	38.0599	39.1646	G4	47	40	0	0	36315	P1-1-229	0	-
225	38.0631	38.7158	Bb2	38	40	0	0	36315	P1-1-231	0	-
226	38.1111	38.672	Eb4	27	39	0	0	36315	P1-1-230	0	-
227	38.5556	39.1849	Bb3	34	19	0	0	36710	P1-1-232	0	-
228	38.9787	39.5973	F4	28	30	0	0	37105	P1-1-233	0	-
229	38.999	39.6753	D4	32	40	0	0	37105	P1-1-234	0	-
230	39.0011	39.6945	Bb1	35	25	0	0	37105	P1-1-235	0	-
231	39.5246	39.8622	Bb3	28	36	0	0	37499	P1-1-236	0	-
232	40.1902	40.812	Bb4	55	36	0	0	37894	P1-1-237	0	-
233	40.9007	40.9936	B4	60	50	0	0	38486	P1-1-238	0	-
234	41.1079	42.7575	B4	55	36	0	0	38684	P1-1-239	0	-
235	41.1379	41.4146	Bb2	35	43	0	0	38684	P1-1-240	0	-
236	41.5567	42.0438	Bb3	38	36	0	0	39078	P1-1-241	0	-
237	41.953	42.39	D4	36	41	0	0	39473	P1-1-242	0	-
238	42.3387	42.6475	Bb3	39	26	0	0	39868	P1-1-243	0	-
239	42.75	43.1176	Bb4	47	35	0	0	40263	P1-1-244	0	-
240	42.7874	43.1806	F4	33	37	0	0	40263	P1-1-245	0	-
241	43.1133	43.1539	G#4	46	58	0	0	40657	P1-1-246	0	-
242	43.1507	43.5823	Bb3	35	36	0	0	40657	P1-1-247	0	-
243	43.1849	43.2458	Bb4	50	61	0	0	40772	P1-1-248	0	-
244	43.2693	43.3195	G#4	60	64	0	0	40855	P1-1-250	0	-
245	43.3494	43.4092	Bb4	56	55	0	0	40937	P1-1-252	0	-
246	43.4199	43.5225	G#4	68	56	0	0	40937	P1-1-251	0	-
247	43.5246	44.0812	G4	69	37	0	0	41052	P1-1-253	0	-
248	43.5535	43.9562	Eb4	46	38	0	0	41052	P1-1-255	0	-
249	43.9456	44.3975	Eb5	69	62	0	0	41447	P1-1-256	0	-
250	43.9701	44.4082	Bb3	39	30	0	0	41447	P1-1-257	0	-
251	44.3419	44.7896	D5	75	57	0	0	41842	P1-1-258	0	-
252	44.4082	44.8003	F4	39	36	0	0	41842	P1-1-260	0	-
253	44.4082	44.8547	G#4	37	21	0	0	41842	P1-1-259	0	-
254	44.7073	45.2468	F5	77	30	0	0	42236	P1-1-261	0	-
255	44.7639	45.1528	Bb3	36	32	0	0	42236	P1-1-262	0	-
256	45.1571	45.6037	Eb5	63	32	0	0	42631	P1-1-263	0	-
257	45.1956	45.4039	Bb4	43	35	0	0	42631	P1-1-264	0	-
258	45.202	45.4862	G4	35	41	0	0	42631	P1-1-265	0	-
259	45.5342	45.8612	Bb4	65	25	0	0	43026	P1-1-266	0	-
260	45.5887	45.6432	Bb3	29	51	0	0	43026	P1-1-267	0	-
261	46.0492	47.7436	B4	65	42	0	0	43421	P1-1-268	0	-
262	46.0877	46.405	Bb2	34	46	0	0	43421	P1-1-269	0	-
263	46.5043	47.0246	Bb3	32	33	0	0	43815	P1-1-270	0	-
264	46.9028	47.3857	D4	41	30	0	0	44210	P1-1-271	0	-
265	47.3099	47.7073	Bb3	44	31	0	0	44605	P1-1-272	0	-
266	47.6667	48.0417	Bb4	59	30	0	0	44999	P1-1-273	0	-
267	47.7116	48.1432	F4	42	36	0	0	44999	P1-1-274	0	-
268	48.0449	48.0802	G#4	50	63	0	0	45394	P1-1-275	0	-
269	48.0909	48.5075	Bb3	38	32	0	0	45394	P1-1-276	0	-
270	48.1144	48.1849	Bb4	49	61	0	0	45509	P1-1-277	0	-
271	48.1966	48.2372	G#4	62	63	0	0	45592	P1-1-279	0	-
272	48.2629	48.3344	Bb4	44	57	0	0	45674	P1-1-281	0	-
273	48.3238	48.5289	G#4	67	34	0	0	45674	P1-1-280	0	-
274	48.4413	48.9616	G4	67	39	0	0	45789	P1-1-282	0	-
275	48.4733	48.9146	Eb4	43	32	0	0	45789	P1-1-284	0	-
276	48.8451	49.3216	Eb5	70	39	0	0	46184	P1-1-285	0	-
277	48.8804	49.3793	Bb3	31	34	0	0	46184	P1-1-286	0	-
278	49.2522	49.6411	D5	75	53	0	0	46578	P1-1-287	0	-
279	49.3024	49.5823	G#4	47	37	0	0	46578	P1-1-288	0	-
280	49.312	49.8323	F4	38	32	0	0	46578	P1-1-289	0	-
281	49.6336	50.0642	F5	78	54	0	0	46973	P1-1-290	0	-
282	49.6988	50.1582	Bb3	37	32	0	0	46973	P1-1-291	0	-
283	50.0203	50.4819	Eb5	80	39	0	0	47368	P1-1-292	0	-
284	50.0716	50.3676	Bb4	49	52	0	0	47368	P1-1-293	0	-
285	50.0909	50.4146	G4	42	35	0	0	47368	P1-1-294	0	-
286	50.3868	50.9007	G5	80	48	0	0	47763	P1-1-295	0	-
287	50.4477	50.8035	Bb3	37	32	0	0	47763	P1-1-296	0	-
288	50.8216	52.0951	Bb5	78	53	0	0	48157	P1-1-297	0	-
289	50.8847	51.2426	Eb3	35	44	0	0	48157	P1-1-298	0	-
290	51.281	51.7949	Eb4	37	21	0	0	48552	P1-1-299	0	-
291	51.655	53.5727	Eb5	58	37	0	0	48947	P1-1-300	0	-
292	51.6689	52.2116	G4	47	30	0	0	48947	P1-1-301	0	-
293	52.0246	52.6154	G5	78	31	0	0	49342	P1-1-302	0	-
294	52.0417	52.4605	Eb4	50	34	0	0	49342	P1-1-303	0	-
295	52.4178	52.8387	G#5	79	54	0	0	49736	P1-1-304	0	-
296	52.453	52.749	F4	52	55	0	0	49736	P1-1-305	0	-
297	52.7885	53.2757	C6	82	62	0	0	50131	P1-1-306	0	-
298	52.828	53.1539	G#4	58	38	0	0	50131	P1-1-307	0	-
299	53.2383	54.4926	Bb5	76	56	0	0	50526	P1-1-308	0	-
300	53.2565	53.6261	G4	55	53	0	0	50526	P1-1-309	0	-
301	53.64	54.0268	F#4	49	33	0	0	50920	P1-1-310	0	-
302	54.0567	54.9701	Eb5	53	35	0	0	51315	P1-1-311	0	-
303	54.0706	54.5332	G4	46	31	0	0	51315	P1-1-312	0	-
304	54.4349	54.9359	G5	72	37	0	0	51710	P1-1-313	0	-
305	54.4456	54.9242	Eb4	50	24	0	0	51710	P1-1-314	0	-
306	54.8377	55.2939	G#5	68	55	0	0	52105	P1-1-315	0	-
307	54.8772	55.2511	C4	42	35	0	0	52105	P1-1-316	0	-
308	55.2554	55.5716	F5	65	27	0	0	52499	P1-1-317	0	-
309	55.296	55.5652	D4	41	44	0	0	52499	P1-1-319	0	-
310	55.3142	55.468	Bb4	35	28	0	0	52499	P1-1-318	0	-
311	55.6956	56.2265	G5	57	33	0	0	52894	P1-1-320	0	-
312	55.7265	56.2233	Eb4	34	27	0	0	52894	P1-1-322	0	-
313	55.7383	55.9402	G4	43	52	0	0	52894	P1-1-321	0	-
314	56.1112	56.5449	Eb5	57	36	0	0	53289	P1-1-323	0	-
315	56.1421	56.561	C4	41	35	0	0	53289	P1-1-325	0	-
316	56.1421	56.6122	G4	42	27	0	0	53289	P1-1-324	0	-
317	56.5171	57.8889	F5	56	33	0	0	53684	P1-1-326	0	-
318	56.5652	57.124	G#3	38	37	0	0	53684	P1-1-328	0	-
319	56.5706	57.4862	C5	36	35	0	0	53684	P1-1-327	0	-
320	56.9723	57.4242	F3	29	41	0	0	54078	P1-1-329	0	-
321	57.4103	58.936	G#4	36	19	0	0	54473	P1-1-330	0	-
322	57.421	57.906	Bb3	26	35	0	0	54473	P1-1-331	0	-
323	57.8142	58.2928	Bb2	36	40	0	0	54868	P1-1-334	0	-
324	57.8174	58.3451	D5	49	41	0	0	54868	P1-1-333	0	-
325	58.3216	59.1806	F5	52	36	0	0	55263	P1-1-335	0	-
326	58.3526	58.7757	Eb3	37	21	0	0	55263	P1-1-337	0	-
327	58.7063	59.249	D4	50	34	0	0	55657	P1-1-338	0	-
328	59.186	59.703	Eb5	48	19	0	0	56052	P1-1-339	0	-
329	59.1966	59.6849	Eb4	44	34	0	0	56052	P1-1-341	0	-
330	59.2159	59.4616	G4	42	38	0	0	56052	P1-1-340	0	-
331	59.5684	60.1731	Bb3	52	20	0	0	56447	P1-1-342	0	-
332	60.0513	60.6443	Bb4	59	39	0	0	56842	P1-1-343	0	-
333	60.0684	60.531	G3	38	36	0	0	56842	P1-1-344	0	-
334	60.5449	60.6379	Eb3	37	51	0	0	57236	P1-1-345	0	-
335	60.7073	60.8131	B4	61	58	0	0	57434	P1-1-346	0	-
336	60.9231	61.2896	Bb2	39	39	0	0	57631	P1-1-348	0	-
337	60.9295	62.6272	B4	57	39	0	0	57631	P1-1-347	0	-
338	61.3889	61.8676	Bb3	31	34	0	0	58026	P1-1-349	0	-
339	61.7672	62.2821	D4	44	36	0	0	58420	P1-1-350	0	-
340	62.1625	62.5022	Bb3	47	33	0	0	58815	P1-1-351	0	-
341	62.5513	62.9947	Bb4	54	80	0	0	59210	P1-1-352	0	-
342	62.5855	63.0364	F4	43	35	0	0	59210	P1-1-353	0	-
343	62.9498	62.9862	G#4	49	63	0	0	59605	P1-1-354	0	-
344	62.9573	63.3922	Bb3	41	34	0	0	59605	P1-1-355	0	-
345	63.0236	63.1005	Bb4	46	61	0	0	59720	P1-1-356	0	-
346	63.1165	63.155	G#4	61	67	0	0	59802	P1-1-358	0	-
347	63.1806	63.2469	Bb4	48	63	0	0	59884	P1-1-360	0	-
348	63.2479	63.3494	G#4	68	64	0	0	59884	P1-1-359	0	-
349	63.3601	63.765	Eb4	46	46	0	0	59999	P1-1-363	0	-
350	63.3676	63.8943	G4	66	46	0	0	59999	P1-1-361	0	-
351	63.7672	64.2201	Eb5	71	50	0	0	60394	P1-1-364	0	-
352	63.7875	64.3783	Bb3	41	19	0	0	60394	P1-1-365	0	-
353	64.1678	64.6058	D5	73	56	0	0	60789	P1-1-366	0	-
354	64.2116	64.4285	G#4	52	55	0	0	60789	P1-1-367	0	-
355	64.2266	64.624	F4	41	30	0	0	60789	P1-1-368	0	-
356	64.5417	65.2201	F5	75	19	0	0	61184	P1-1-369	0	-
357	64.5674	64.8804	Bb3	46	36	0	0	61184	P1-1-370	0	-
358	64.9231	65.3163	Eb5	69	35	0	0	61578	P1-1-371	0	-
359	64.9531	65.1518	Bb4	55	52	0	0	61578	P1-1-372	0	-
360	64.9723	65.2201	G4	49	38	0	0	61578	P1-1-373	0	-
361	65.3045	65.4734	Bb4	74	53	0	0	61973	P1-1-374	0	-
362	65.3355	65.3804	Bb3	48	53	0	0	61973	P1-1-375	0	-
363	65.7725	67.546	B4	71	42	0	0	62368	P1-1-376	0	-
364	65.8099	66.124	Bb2	45	45	0	0	62368	P1-1-377	0	-
365	66.2362	66.7212	Bb3	43	38	0	0	62763	P1-1-378	0	-
366	66.64	67.1486	D4	45	38	0	0	63157	P1-1-379	0	-
367	67.03	67.4381	Bb3	39	31	0	0	63552	P1-1-380	0	-
368	67.4285	67.7832	Bb4	55	34	0	0	63947	P1-1-381	0	-
369	67.4701	67.8494	F4	38	26	0	0	63947	P1-1-382	0	-
370	67.8035	67.8366	G#4	46	61	0	0	64342	P1-1-383	0	-
371	67.8302	68.2725	Bb3	38	33	0	0	64342	P1-1-384	0	-
372	67.8644	67.9317	Bb4	53	61	0	0	64457	P1-1-385	0	-
373	67.9531	67.9915	G#4	59	67	0	0	64539	P1-1-387	0	-
374	68.0353	68.0962	Bb4	54	55	0	0	64621	P1-1-389	0	-
375	68.1005	68.2458	G#4	68	36	0	0	64621	P1-1-388	0	-
376	68.2116	68.7575	G4	66	45	0	0	64736	P1-1-390	0	-
377	68.2298	68.6796	Eb4	44	35	0	0	64736	P1-1-392	0	-
378	68.6454	69.0599	Eb5	67	62	0	0	65131	P1-1-393	0	-
379	68.6753	69.1731	Bb3	32	33	0	0	65131	P1-1-394	0	-
380	69.0407	69.4296	D5	71	58	0	0	65526	P1-1-395	0	-
381	69.0866	69.3516	G#4	52	35	0	0	65526	P1-1-396	0	-
382	69.1048	69.6187	F4	37	39	0	0	65526	P1-1-397	0	-
383	69.4242	69.8601	F5	78	53	0	0	65920	P1-1-398	0	-
384	69.4595	69.8206	Bb3	42	29	0	0	65920	P1-1-399	0	-
385	69.8184	70.3152	Eb5	78	37	0	0	66315	P1-1-400	0	-
386	69.8473	70.1379	Bb4	57	49	0	0	66315	P1-1-401	0	-
387	69.8719	70.1657	G4	44	41	0	0	66315	P1-1-402	0	-
388	70.2137	70.6881	G5	81	49	0	0	66710	P1-1-403	0	-
389	70.2447	70.6187	Bb3	40	33	0	0	66710	P1-1-404	0	-
390	70.6582	71.9274	Bb5	77	63	0	0	67105	P1-1-405	0	-
391	70.6892	71.1582	Eb3	46	36	0	0	67105	P1-1-406	0	-
392	71.14	71.686	Eb4	48	43	0	0	67499	P1-1-407	0	-
393	71.5225	72.6892	Eb5	63	80	0	0	67894	P1-1-408	0	-
394	71.5375	72.0642	G4	53	35	0	0	67894	P1-1-409	0	-
395	71.8847	72.4028	G5	80	51	0	0	68289	P1-1-410	0	-
396	71.9093	72.2992	Eb4	58	47	0	0	68289	P1-1-411	0	-
397	72.2917	72.7298	G#5	77	52	0	0	68684	P1-1-412	0	-
398	72.3238	72.6422	F4	55	57	0	0	68684	P1-1-413	0	-
399	72.6699	73.1561	C6	80	62	0	0	69078	P1-1-414	0	-
400	72.7084	72.9702	G#4	52	33	0	0	69078	P1-1-415	0	-
401	73.108	74.3505	Bb5	77	59	0	0	69473	P1-1-416	0	-
402	73.139	73.5193	G4	45	37	0	0	69473	P1-1-417	0	-
403	73.5567	74.0353	F#4	40	40	0	0	69868	P1-1-418	0	-
404	73.9221	74.8954	Eb5	53	19	0	0	70263	P1-1-419	0	-
405	73.9392	74.3922	G4	42	38	0	0	70263	P1-1-420	0	-
406	74.3302	74.8633	G5	75	37	0	0	70657	P1-1-421	0	-
407	74.3441	74.7907	Eb4	48	39	0	0	70657	P1-1-422	0	-
408	74.7522	75.1699	G#5	71	55	0	0	71052	P1-1-423	0	-
409	74.7736	75.1197	C4	44	35	0	0	71052	P1-1-424	0	-
410	75.1582	75.4328	F5	70	38	0	0	71447	P1-1-425	0	-
411	75.2127	75.4018	D4	42	36	0	0	71447	P1-1-427	0	-
412	75.2223	75.311	Bb4	39	37	0	0	71447	P1-1-426	0	-
413	75.5994	76.1593	G5	57	29	0	0	71842	P1-1-428	0	-
414	75.6336	75.8644	G4	46	52	0	0	71842	P1-1-429	0	-
415	75.6422	76.2383	Eb4	34	20	0	0	71842	P1-1-430	0	-
416	76.0364	76.5161	Eb5	53	31	0	0	72236	P1-1-431	0	-
417	76.0738	76.4627	G4	42	80	0	0	72236	P1-1-432	0	-
418	76.0802	76.5385	C4	36	34	0	0	72236	P1-1-433	0	-
419	76.4691	77.8259	F5	53	37	0	0	72631	P1-1-434	0	-
420	76.5225	77.4413	C5	24	28	0	0	72631	P1-1-435	0	-
421	76.5236	77.1422	G#3	31	25	0	0	72631	P1-1-436	0	-
422	76.9178	77.3516	F3	34	29	0	0	73026	P1-1-437	0	-
423	77.3815	77.8302	Bb3	33	38	0	0	73420	P1-1-439	0	-
424	77.3826	77.9189	G#4	36	33	0	0	73420	P1-1-438	0	-
425	77.8003	78.4627	D5	49	33	0	0	73815	P1-1-441	0	-
426	77.8206	78.2105	Bb2	27	19	0	0	73815	P1-1-442	0	-
427	78.3932	79.1411	F5	50	30	0	0	74210	P1-1-443	0	-
428	78.436	79.1368	G#4	37	40	0	0	74210	P1-1-444	0	-
429	78.4445	79.1699	Eb3	33	31	0	0	74210	P1-1-445	0	-
430	79.5353	79.8537	Eb5	39	36	0	0	74999	P1-1-446	0	-
431	79.5791	79.8259	Eb2	30	40	0	0	74999	P1-1-448	0	-
432	79.5802	79.8377	G4	35	41	0	0	74999	P1-1-447	0	-
433	81.0898	81.1315	G4	36	62	0	0	75789	P1-1-451	0	-
434	81.093	81.1304	G3	39	57	0	0	75789	P1-1-449	0	-
435	81.1058	81.1892	Eb2	32	57	0	0	75789	P1-1-452	0	-
436	81.1058	81.1625	Eb3	27	50	0	0	75789	P1-1-454	0	-
437	81.1091	81.1475	Eb4	30	56	0	0	75789	P1-1-450	0	-
438	81.1133	81.1721	Bb2	23	56	0	0	75789	P1-1-453	0	-
439	81.9605	82.9029	G#5	63	57	0	0	76578	P1-1-457	0	-
440	81.9841	82.8452	Bb3	35	53	0	0	76578	P1-1-459	0	-
441	81.9862	82.8313	F4	36	37	0	0	76578	P1-1-460	0	-
442	82.0193	82.9702	G#4	34	42	0	0	76578	P1-1-455	0	-
443	82.0247	82.9552	F3	33	48	0	0	76578	P1-1-458	0	-
444	82.0364	82.9467	D5	28	44	0	0	76578	P1-1-456	0	-
445	83.5663	83.6048	D4	51	66	0	0	78157	P1-1-462	0	-
446	83.5717	83.6058	G#4	44	62	0	0	78157	P1-1-463	0	-
447	83.5759	83.608	G#3	45	59	0	0	78157	P1-1-461	0	-
448	83.5791	83.6197	F3	38	55	0	0	78157	P1-1-466	0	-
449	83.5802	83.6219	F2	39	53	0	0	78157	P1-1-464	0	-
450	83.6005	83.6646	Bb2	18	39	0	0	78157	P1-1-465	0	-
451	84.4541	85.4616	Bb5	68	37	0	0	78947	P1-1-469	0	-
452	84.4862	85.5289	Eb5	49	38	0	0	78947	P1-1-468	0	-
453	84.4873	85.9926	G4	42	30	0	0	78947	P1-1-472	0	-
454	84.4894	85.64	Bb4	45	40	0	0	78947	P1-1-467	0	-
455	84.4926	86.0268	G3	39	37	0	0	78947	P1-1-470	0	-
456	84.4926	85.5364	Eb4	42	54	0	0	78947	P1-1-471	0	-
457	86.2458	87.2106	Bb4	82	55	0	0	80526	P1-1-474	0	-
458	86.2843	86.968	Eb4	59	40	0	0	80526	P1-1-473	0	-
459	86.3046	86.9712	Bb3	47	40	0	0	80526	P1-1-476	0	-
460	86.3099	87.2351	G3	45	38	0	0	80526	P1-1-475	0	-
461	87.1689	88.295	C5	77	28	0	0	81315	P1-1-478	0	-
462	87.2159	88.0653	Eb4	57	32	0	0	81315	P1-1-477	0	-
463	87.2373	87.7992	C4	49	38	0	0	81315	P1-1-480	0	-
464	87.2405	87.8794	G#3	43	30	0	0	81315	P1-1-479	0	-
465	88.2939	88.3409	G3	51	64	0	0	82499	P1-1-483	0	-
466	88.2982	88.3388	Bb4	51	64	0	0	82499	P1-1-482	0	-
467	88.3035	88.3473	Eb4	45	61	0	0	82499	P1-1-481	0	-
468	88.3227	88.3612	Bb3	29	48	0	0	82499	P1-1-484	0	-
469	88.6561	88.7084	G#4	50	62	0	0	82894	P1-1-486	0	-
470	88.6571	88.7009	D4	48	64	0	0	82894	P1-1-485	0	-
471	88.6582	88.7052	Bb3	41	55	0	0	82894	P1-1-488	0	-
472	88.6625	88.7052	F3	45	57	0	0	82894	P1-1-487	0	-
473	89.046	89.1069	G4	51	60	0	0	83289	P1-1-490	0	-
474	89.0492	89.0962	Bb3	44	62	0	0	83289	P1-1-492	0	-
475	89.0503	89.0962	Eb3	51	63	0	0	83289	P1-1-491	0	-
476	89.0524	89.0973	Eb4	50	63	0	0	83289	P1-1-489	0	-
477	89.4338	89.4723	Bb3	51	64	0	0	83684	P1-1-496	0	-
478	89.4371	89.7992	F4	54	54	0	0	83684	P1-1-493	0	-
479	89.4403	89.4776	Bb2	48	60	0	0	83684	P1-1-495	0	-
480	89.4424	89.8986	D4	51	43	0	0	83684	P1-1-494	0	-
481	89.8088	89.8516	Eb3	47	62	0	0	84078	P1-1-499	0	-
482	89.8142	89.8516	Bb3	38	52	0	0	84078	P1-1-500	0	-
483	89.8195	90.0599	G#4	52	43	0	0	84078	P1-1-497	0	-
484	89.8238	90.0503	Eb4	48	34	0	0	84078	P1-1-498	0	-
485	89.9776	90.1828	G4	51	50	0	0	84276	P1-1-501	0	-
486	90.2106	90.514	F4	40	39	0	0	84473	P1-1-502	0	-
487	90.2212	90.545	D4	37	41	0	0	84473	P1-1-503	0	-
488	90.2415	90.436	Bb3	27	54	0	0	84473	P1-1-505	0	-
489	90.2469	90.4734	Bb2	34	55	0	0	84473	P1-1-504	0	-
490	90.9606	91.0022	Eb4	50	65	0	0	85263	P1-1-507	0	-
491	90.9627	91.0054	G3	51	61	0	0	85263	P1-1-506	0	-
492	90.9659	91.0289	Eb2	40	55	0	0	85263	P1-1-509	0	-
493	90.968	91.0086	G4	45	59	0	0	85263	P1-1-508	0	-
494	90.9702	91.03	Eb3	37	55	0	0	85263	P1-1-510	0	-
495	90.9883	91.0588	Bb2	23	41	0	0	85263	*	3	-
496	91.8142	92.5054	A5	62	33	0	0	86052	P1-1-513	0	-
497	91.8548	92.5492	Eb5	41	40	0	0	86052	P1-1-512	0	-
498	91.8591	92.6977	A4	39	43	0	0	86052	P1-1-511	0	-
499	91.8762	92.3505	F#4	33	38	0	0	86052	P1-1-514	0	-
500	93.3591	93.4274	Bb4	57	57	0	0	87631	P1-1-517	0	-
501	93.3762	93.4157	Bb3	48	64	0	0	87631	P1-1-515	0	-
502	93.3772	93.4242	G2	40	53	0	0	87631	P1-1-518	0	-
503	93.3815	93.4296	G3	34	50	0	0	87631	P1-1-519	0	-
504	93.3826	93.4264	Eb4	46	61	0	0	87631	P1-1-516	0	-
505	93.3858	93.4296	Eb3	35	52	0	0	87631	*	3	-
506	94.3014	95.3505	C6	55	31	0	0	88420	P1-1-523	0	-
507	94.3195	95.4691	F#5	47	40	0	0	88420	P1-1-522	0	-
508	94.3345	95.3238	A4	43	31	0	0	88420	P1-1-524	0	-
509	94.342	95.4691	C5	35	39	0	0	88420	P1-1-520	0	-
510	94.342	95.4638	Eb5	37	38	0	0	88420	P1-1-521	0	-
511	96.0524	96.0973	D3	95	65	0	0	89999	P1-1-528	0	-
512	96.0567	96.1251	D5	92	67	0	0	89999	P1-1-526	0	-
513	96.0578	96.0995	D2	89	69	0	0	89999	P1-1-527	0	-
514	96.0599	96.1101	D4	92	64	0	0	89999	P1-1-525	0	-
515	96.7982	96.8569	Eb3	92	61	0	0	90789	P1-1-532	0	-
516	96.7992	96.8997	Eb5	91	67	0	0	90789	P1-1-530	0	-
517	96.8014	96.9274	Eb4	97	57	0	0	90789	P1-1-529	0	-
518	96.8046	96.8687	Eb2	86	61	0	0	90789	P1-1-531	0	-
519	97.3997	97.4435	D3	86	67	0	0	91381	P1-1-536	0	-
520	97.4007	97.4563	D5	86	67	0	0	91381	P1-1-534	0	-
521	97.405	97.4584	D2	81	63	0	0	91381	P1-1-535	0	-
522	97.4061	97.4595	D4	89	66	0	0	91381	P1-1-533	0	-
523	97.5215	97.624	C5	94	68	0	0	91578	P1-1-538	0	-
524	97.5289	97.6571	C3	96	58	0	0	91578	P1-1-540	0	-
525	97.5289	97.6187	C4	95	63	0	0	91578	P1-1-537	0	-
526	97.5332	97.6443	C2	90	60	0	0	91578	P1-1-539	0	-
527	98.2747	98.3548	F5	97	64	0	0	92368	P1-1-542	0	-
528	98.28	98.3665	F4	95	57	0	0	92368	P1-1-541	0	-
529	98.2811	98.3569	F3	96	64	0	0	92368	P1-1-544	0	-
530	98.2821	98.3537	F2	94	63	0	0	92368	P1-1-543	0	-
531	99.0311	99.0877	Bb2	99	66	0	0	93157	P1-1-548	0	-
532	99.0321	99.0685	Bb1	92	70	0	0	93157	P1-1-547	0	-
533	99.0321	99.0877	Bb4	87	68	0	0	93157	P1-1-546	0	-
534	99.0354	99.123	Bb3	94	63	0	0	93157	P1-1-545	0	-
535	100.699	100.748	G4	48	65	0	0	94736	P1-1-551	0	-
536	100.709	100.751	Eb4	43	63	0	0	94736	P1-1-550	0	-
537	100.717	100.765	G3	38	50	0	0	94736	P1-1-549	0	-
538	100.729	100.78	Eb3	27	48	0	0	94736	P1-1-554	0	-
539	100.73	100.782	Eb2	31	48	0	0	94736	P1-1-552	0	-
540	100.736	100.792	Bb2	23	43	0	0	94736	P1-1-553	0	-
541	101.566	102.476	G#5	55	58	0	0	95526	P1-1-557	0	-
542	101.587	102.541	G#4	42	41	0	0	95526	P1-1-555	0	-
543	101.593	102.297	F4	39	36	0	0	95526	P1-1-560	0	-
544	101.603	102.422	Bb3	34	31	0	0	95526	P1-1-559	0	-
545	101.606	102.543	F3	36	38	0	0	95526	P1-1-558	0	-
546	101.609	102.526	D5	34	45	0	0	95526	P1-1-556	0	-
547	103.181	103.223	G#4	54	67	0	0	97105	P1-1-563	0	-
548	103.185	103.233	F3	42	62	0	0	97105	P1-1-566	0	-
549	103.193	103.233	G#3	42	48	0	0	97105	P1-1-561	0	-
550	103.198	103.246	D4	41	55	0	0	97105	P1-1-562	0	-
551	103.203	103.258	Bb2	28	53	0	0	97105	P1-1-565	0	-
552	103.206	103.26	F2	31	46	0	0	97105	P1-1-564	0	-
553	104.11	104.916	Bb5	66	39	0	0	97894	P1-1-569	0	-
554	104.15	105.173	Bb4	52	38	0	0	97894	P1-1-567	0	-
555	104.152	104.918	Eb5	43	28	0	0	97894	P1-1-568	0	-
556	104.16	105.286	Eb4	38	37	0	0	97894	P1-1-571	0	-
557	104.16	105.685	G4	38	37	0	0	97894	P1-1-572	0	-
558	104.17	105.525	G3	33	35	0	0	97894	P1-1-570	0	-
559	105.71	106.606	Bb4	85	54	0	0	99473	P1-1-574	0	-
560	105.739	106.427	Eb4	62	19	0	0	99473	P1-1-573	0	-
561	105.751	106.602	G3	51	36	0	0	99473	P1-1-575	0	-
562	105.77	106.347	Bb3	49	22	0	0	99473	P1-1-576	0	-
563	106.563	107.692	C5	80	51	0	0	100263	P1-1-578	0	-
564	106.604	107.56	Eb4	54	40	0	0	100263	P1-1-577	0	-
565	106.619	107.411	G#3	51	60	0	0	100263	P1-1-579	0	-
566	106.623	107.447	C4	51	42	0	0	100263	P1-1-580	0	-
567	107.71	107.761	Bb4	61	61	0	0	101447	P1-1-582	0	-
568	107.715	107.775	Eb4	51	60	0	0	101447	P1-1-581	0	-
569	107.723	107.774	Bb3	46	57	0	0	101447	P1-1-584	0	-
570	107.724	107.786	G3	49	58	0	0	101447	P1-1-583	0	-
571	108.093	108.153	G#4	54	60	0	0	101842	P1-1-586	0	-
572	108.094	108.145	Bb3	42	58	0	0	101842	P1-1-588	0	-
573	108.102	108.145	F3	45	57	0	0	101842	P1-1-587	0	-
574	108.107	108.153	D4	44	61	0	0	101842	P1-1-585	0	-
575	108.45	108.511	Bb3	47	60	0	0	102237	P1-1-592	0	-
576	108.45	108.514	G4	53	61	0	0	102237	P1-1-590	0	-
577	108.456	108.514	Eb4	48	56	0	0	102237	P1-1-589	0	-
578	108.458	108.508	Eb3	52	59	0	0	102237	P1-1-591	0	-
579	108.827	109.192	F4	53	50	0	0	102631	P1-1-593	0	-
580	108.829	108.871	Bb3	46	62	0	0	102631	P1-1-596	0	-
581	108.837	108.887	Bb2	46	63	0	0	102631	P1-1-595	0	-
582	108.841	109.279	D4	48	43	0	0	102631	P1-1-594	0	-
583	109.211	109.259	Eb3	40	54	0	0	103026	P1-1-599	0	-
584	109.214	109.271	Bb3	37	55	0	0	103026	P1-1-600	0	-
585	109.215	109.357	G#4	49	46	0	0	103026	P1-1-597	0	-
586	109.228	109.341	Eb4	37	41	0	0	103026	P1-1-598	0	-
587	109.358	109.578	G4	48	35	0	0	103223	P1-1-601	0	-
588	109.58	109.638	Bb2	45	62	0	0	103421	P1-1-604	0	-
589	109.582	109.658	F4	45	60	0	0	103421	P1-1-602	0	-
590	109.583	109.665	D4	43	59	0	0	103421	P1-1-603	0	-
591	109.587	109.635	Bb3	32	55	0	0	103421	P1-1-605	0	-
592	110.372	110.422	Eb3	35	52	0	0	104210	P1-1-610	0	-
593	110.372	110.423	G4	47	65	0	0	104210	P1-1-608	0	-
594	110.374	110.426	Eb4	48	64	0	0	104210	P1-1-607	0	-
595	110.378	110.425	Eb2	35	54	0	0	104210	P1-1-609	0	-
596	110.382	110.423	G3	42	60	0	0	104210	P1-1-606	0	-
597	110.388	110.434	Bb2	36	57	0	0	104210	*	3	-
598	111.23	111.96	A5	52	27	0	0	105000	P1-1-613	0	-
599	111.251	112.101	Eb5	44	38	0	0	105000	P1-1-612	0	-
600	111.26	111.703	F#4	39	39	0	0	105000	P1-1-614	0	-
601	111.266	112.28	A4	34	41	0	0	105000	P1-1-611	0	-
602	112.771	112.815	Bb4	40	58	0	0	106579	P1-1-617	0	-
603	112.774	112.823	Eb4	42	65	0	0	106579	P1-1-616	0	-
604	112.775	112.815	Bb3	41	55	0	0	106579	P1-1-615	0	-
605	112.788	112.841	G3	27	46	0	0	106579	P1-1-619	0	-
606	112.789	112.84	G2	33	52	0	0	106579	P1-1-618	0	-
607	112.789	112.832	Eb3	35	56	0	0	106579	*	3	-
608	113.671	114.363	C6	51	32	0	0	107367	P1-1-623	0	-
609	113.69	114.36	A4	42	28	0	0	107367	P1-1-624	0	-
610	113.69	114.629	F#5	41	31	0	0	107367	P1-1-622	0	-
611	113.697	114.825	C5	37	36	0	0	107367	P1-1-620	0	-
612	113.705	114.622	Eb5	33	30	0	0	107367	P1-1-621	0	-
613	115.308	115.387	D3	96	63	0	0	108947	P1-1-628	0	-
614	115.309	115.399	D5	98	64	0	0	108947	P1-1-626	0	-
615	115.312	115.39	D4	97	64	0	0	108947	P1-1-625	0	-
616	115.313	115.4	D2	87	63	0	0	108947	P1-1-627	0	-
617	116.049	116.145	Eb3	97	56	0	0	109737	P1-1-632	0	-
618	116.051	116.161	Eb2	92	63	0	0	109737	P1-1-631	0	-
619	116.052	116.219	Eb4	97	53	0	0	109737	P1-1-629	0	-
620	116.052	116.184	Eb5	92	62	0	0	109737	P1-1-630	0	-
621	116.572	116.618	D3	77	67	0	0	110329	P1-1-636	0	-
622	116.576	116.639	D5	82	66	0	0	110329	P1-1-634	0	-
623	116.577	116.64	D2	74	61	0	0	110329	P1-1-635	0	-
624	116.58	116.638	D4	83	65	0	0	110329	P1-1-633	0	-
625	116.692	116.804	C5	96	63	0	0	110526	P1-1-638	0	-
626	116.693	116.823	C3	93	60	0	0	110526	P1-1-640	0	-
627	116.697	116.795	C4	93	63	0	0	110526	P1-1-637	0	-
628	116.703	116.823	C2	89	61	0	0	110526	P1-1-639	0	-
629	117.416	117.517	F5	97	57	0	0	111316	P1-1-642	0	-
630	117.419	117.512	F3	96	56	0	0	111316	P1-1-644	0	-
631	117.421	117.571	F4	96	41	0	0	111316	P1-1-641	0	-
632	117.424	117.519	F2	88	60	0	0	111316	P1-1-643	0	-
633	118.171	118.269	Bb2	97	61	0	0	112105	P1-1-648	0	-
634	118.171	118.26	Bb4	87	66	0	0	112105	P1-1-646	0	-
635	118.172	118.264	Bb1	91	63	0	0	112105	P1-1-647	0	-
636	118.172	118.286	Bb3	96	53	0	0	112105	P1-1-645	0	-
637	119.948	119.996	Bb3	43	63	0	0	113684	P1-1-649	0	-
638	119.95	119.998	Bb2	42	64	0	0	113684	P1-1-650	0	-
639	120.835	121.477	F5	57	33	0	0	114472	P1-1-654	0	-
640	120.857	121.614	D5	46	38	0	0	114472	P1-1-653	0	-
641	120.862	121.419	F4	41	31	0	0	114472	P1-1-658	0	-
642	120.867	121.411	B3	39	34	0	0	114472	P1-1-656	0	-
643	120.873	121.653	G#4	41	31	0	0	114472	P1-1-651	0	-
644	120.879	121.439	G#3	34	28	0	0	114472	P1-1-655	0	-
645	120.884	121.372	D4	32	39	0	0	114472	P1-1-657	0	-
646	120.901	121.634	B4	27	33	0	0	114472	P1-1-652	0	-
647	122.471	122.534	Bb3	41	61	0	0	116052	P1-1-659	0	-
648	122.472	122.524	Bb2	45	59	0	0	116052	P1-1-660	0	-
649	123.338	124.129	D5	61	32	0	0	116842	P1-1-664	0	-
650	123.364	124.138	B4	46	34	0	0	116842	P1-1-663	0	-
651	123.369	123.919	D4	39	36	0	0	116842	P1-1-668	0	-
652	123.374	123.949	G#3	38	30	0	0	116842	P1-1-666	0	-
653	123.379	123.954	B3	39	32	0	0	116842	P1-1-667	0	-
654	123.385	123.88	F4	39	28	0	0	116842	P1-1-661	0	-
655	123.395	124.123	G#4	31	28	0	0	116842	P1-1-662	0	-
656	123.402	123.973	F3	26	30	0	0	116842	P1-1-665	0	-
657	124.988	125.045	Bb2	47	65	0	0	118421	P1-1-670	0	-
658	124.989	125.041	Bb3	41	58	0	0	118421	P1-1-669	0	-
659	125.731	125.799	F5	66	60	0	0	119210	P1-1-674	0	-
660	125.754	125.799	D4	50	64	0	0	119210	P1-1-677	0	-
661	125.754	125.793	F4	49	62	0	0	119210	P1-1-678	0	-
662	125.754	125.796	D5	55	66	0	0	119210	P1-1-673	0	-
663	125.755	125.796	B4	53	63	0	0	119210	P1-1-672	0	-
664	125.758	125.81	B3	47	61	0	0	119210	P1-1-676	0	-
665	125.759	125.793	G#4	53	66	0	0	119210	P1-1-671	0	-
666	125.763	125.825	G#3	47	58	0	0	119210	P1-1-675	0	-
667	126.517	126.563	Bb3	58	64	0	0	120000	P1-1-679	0	-
668	126.523	126.572	Bb2	58	64	0	0	120000	P1-1-680	0	-
669	127.255	127.324	D5	70	64	0	0	120789	P1-1-684	0	-
670	127.261	127.302	D4	67	66	0	0	120789	P1-1-688	0	-
671	127.27	127.314	B3	54	63	0	0	120789	P1-1-687	0	-
672	127.273	127.351	F3	58	56	0	0	120789	P1-1-685	0	-
673	127.274	127.312	F4	66	64	0	0	120789	P1-1-681	0	-
674	127.282	127.328	B4	55	64	0	0	120789	P1-1-683	0	-
675	127.285	127.326	G#3	46	64	0	0	120789	P1-1-686	0	-
676	127.286	127.327	G#4	55	64	0	0	120789	P1-1-682	0	-
677	128.038	128.088	Bb2	72	67	0	0	121579	P1-1-690	0	-
678	128.044	128.083	Bb3	72	66	0	0	121579	P1-1-689	0	-
679	128.747	128.823	D5	82	67	0	0	122367	P1-1-694	0	-
680	128.757	128.793	D4	77	69	0	0	122367	P1-1-698	0	-
681	128.758	128.848	F3	74	60	0	0	122367	P1-1-695	0	-
682	128.758	128.801	B3	75	63	0	0	122367	P1-1-697	0	-
683	128.762	128.833	B4	75	64	0	0	122367	P1-1-693	0	-
684	128.769	128.816	F4	74	64	0	0	122367	P1-1-691	0	-
685	128.773	128.825	G#3	63	60	0	0	122367	P1-1-696	0	-
686	128.776	128.838	G#4	67	54	0	0	122367	P1-1-692	0	-
687	129.534	129.61	Bb2	87	66	0	0	123158	P1-1-700	0	-
688	129.535	129.597	Bb3	89	68	0	0	123158	P1-1-699	0	-
689	130.261	130.355	D5	88	65	0	0	123947	P1-1-704	0	-
690	130.266	130.347	F4	93	62	0	0	123947	P1-1-701	0	-
691	130.268	130.374	F3	86	57	0	0	123947	P1-1-705	0	-
692	130.268	130.314	D4	89	62	0	0	123947	P1-1-708	0	-
693	130.274	130.377	B4	84	63	0	0	123947	P1-1-703	0	-
694	130.275	130.348	B3	81	50	0	0	123947	P1-1-707	0	-
695	130.277	130.396	G#4	82	63	0	0	123947	P1-1-702	0	-
696	130.283	130.396	G#3	73	55	0	0	123947	P1-1-706	0	-
697	131.004	131.126	Bb2	91	66	0	0	124737	P1-1-710	0	-
698	131.004	131.128	Bb3	99	62	0	0	124737	P1-1-709	0	-
699	131.112	131.157	G3	19	30	0	0	125525	*	3	-
700	131.723	131.799	D5	87	65	0	0	125525	P1-1-714	0	-
701	131.727	131.892	F3	89	53	0	0	125525	P1-1-715	0	-
702	131.73	131.836	F4	97	61	0	0	125525	P1-1-711	0	-
703	131.732	131.806	D4	96	64	0	0	125525	P1-1-718	0	-
704	131.737	131.832	B3	85	49	0	0	125525	P1-1-717	0	-
705	131.739	131.845	B4	86	63	0	0	125525	P1-1-713	0	-
706	131.741	131.879	G#4	87	63	0	0	125525	P1-1-712	0	-
707	131.744	131.811	G#3	80	65	0	0	125525	P1-1-716	0	-
708	132.464	132.683	Bb2	99	80	0	0	126316	P1-1-720	0	-
709	132.466	132.593	Bb3	99	57	0	0	126316	P1-1-719	0	-
710	132.526	132.59	E2	27	31	0	0	126316	*	3	-
711	133.198	133.268	Bb2	106	66	0	0	127105	P1-1-721	0	-
712	133.2	133.264	Bb1	93	64	0	0	127105	P1-1-722	0	-
713	134.391	134.454	G4	45	58	0	0	127894	P1-1-725	0	-
714	134.393	134.452	Eb4	43	60	0	0	127894	P1-1-724	0	-
715	134.398	134.462	Eb2	39	53	0	0	127894	P1-1-726	0	-
716	134.401	134.466	Eb3	34	46	0	0	127894	P1-1-728	0	-
717	134.406	134.458	Bb2	36	60	0	0	127894	P1-1-727	0	-
718	134.411	134.454	G3	38	55	0	0	127894	P1-1-723	0	-
719	135.282	136.072	G#5	62	55	0	0	128684	P1-1-731	0	-
720	135.321	136.201	G#4	44	41	0	0	128684	P1-1-729	0	-
721	135.335	135.906	Bb3	28	36	0	0	128684	P1-1-733	0	-
722	135.337	135.788	F4	27	36	0	0	128684	P1-1-734	0	-
723	135.341	136.121	D5	34	43	0	0	128684	P1-1-730	0	-
724	135.344	135.958	F3	34	29	0	0	128684	P1-1-732	0	-
725	136.938	136.994	G#4	44	62	0	0	130263	P1-1-737	0	-
726	136.953	137.004	D4	42	63	0	0	130263	P1-1-736	0	-
727	136.954	137.028	F2	36	54	0	0	130263	P1-1-738	0	-
728	136.955	136.997	G#3	36	57	0	0	130263	P1-1-735	0	-
729	136.961	137.034	F3	34	55	0	0	130263	P1-1-740	0	-
730	136.967	137.036	Bb2	32	55	0	0	130263	P1-1-739	0	-
731	137.862	138.767	Bb5	53	35	0	0	131051	P1-1-743	0	-
732	137.88	138.837	Eb5	49	29	0	0	131051	P1-1-742	0	-
733	137.894	139.261	G4	31	36	0	0	131051	P1-1-746	0	-
734	137.898	139.069	Bb4	38	34	0	0	131051	P1-1-741	0	-
735	137.905	139.234	G3	35	34	0	0	131051	P1-1-744	0	-
736	137.911	138.781	Eb4	34	31	0	0	131051	P1-1-745	0	-
737	139.534	140.424	Bb4	78	54	0	0	132631	P1-1-748	0	-
738	139.577	140.159	Eb4	57	30	0	0	132631	P1-1-747	0	-
739	139.58	140.123	Bb3	46	27	0	0	132631	P1-1-750	0	-
740	139.594	140.403	G3	41	38	0	0	132631	P1-1-749	0	-
741	140.372	141.328	C5	79	37	0	0	133421	P1-1-752	0	-
742	140.417	141.191	Eb4	60	19	0	0	133421	P1-1-751	0	-
743	140.446	141.163	G#3	42	36	0	0	133421	P1-1-753	0	-
744	140.447	141.07	C4	41	35	0	0	133421	P1-1-754	0	-
745	141.426	141.478	Bb4	54	61	0	0	134605	P1-1-756	0	-
746	141.429	141.484	G3	51	60	0	0	134605	P1-1-757	0	-
747	141.438	141.486	Bb3	37	54	0	0	134605	P1-1-758	0	-
748	141.448	141.492	Eb4	34	47	0	0	134605	P1-1-755	0	-
749	141.774	141.83	D5	59	65	0	0	135000	P1-1-760	0	-
750	141.782	141.837	F3	47	61	0	0	135000	P1-1-761	0	-
751	141.786	141.838	Bb3	41	53	0	0	135000	P1-1-762	0	-
752	141.792	141.832	G#4	41	57	0	0	135000	P1-1-759	0	-
753	142.133	142.205	Eb5	70	62	0	0	135394	P1-1-764	0	-
754	142.147	142.194	Eb3	48	60	0	0	135394	P1-1-765	0	-
755	142.147	142.181	G4	54	64	0	0	135394	P1-1-763	0	-
756	142.15	142.202	Bb3	42	58	0	0	135394	P1-1-766	0	-
757	142.526	142.919	F5	68	57	0	0	135789	P1-1-767	0	-
758	142.549	142.63	Bb3	41	52	0	0	135789	P1-1-770	0	-
759	142.556	142.648	Bb2	38	54	0	0	135789	P1-1-769	0	-
760	142.559	142.978	D5	46	44	0	0	135789	P1-1-768	0	-
761	142.89	143.071	G#5	65	55	0	0	136184	P1-1-771	0	-
762	142.915	142.989	Eb3	34	45	0	0	136184	P1-1-773	0	-
763	142.915	143.161	Eb5	51	36	0	0	136184	P1-1-772	0	-
764	142.926	143	Bb3	27	45	0	0	136184	P1-1-774	0	-
765	143.069	143.351	G5	58	38	0	0	136381	P1-1-775	0	-
766	143.294	143.446	F5	48	57	0	0	136579	P1-1-776	0	-
767	143.328	143.462	D5	30	57	0	0	136579	P1-1-777	0	-
768	143.335	143.498	Bb3	27	35	0	0	136579	P1-1-779	0	-
769	143.341	143.56	Bb2	30	36	0	0	136579	P1-1-778	0	-
770	144.058	144.118	G4	49	65	0	0	137368	P1-1-782	0	-
771	144.065	144.122	Eb4	41	61	0	0	137368	P1-1-781	0	-
772	144.071	144.114	G3	46	63	0	0	137368	P1-1-780	0	-
773	144.087	144.149	Eb2	34	55	0	0	137368	P1-1-783	0	-
774	144.092	144.147	Eb3	32	50	0	0	137368	P1-1-784	0	-
775	144.102	144.154	Bb2	25	55	0	0	137368	*	3	-
776	144.852	145.534	A5	53	29	0	0	138158	P1-1-787	0	-
777	144.853	144.888	F#4	46	55	0	0	138158	P1-1-788	0	-
778	144.885	145.637	Eb5	41	40	0	0	138158	P1-1-786	0	-
779	144.886	145.726	A4	43	40	0	0	138158	P1-1-785	0	-
780	146.431	146.482	Bb4	47	61	0	0	139737	P1-1-791	0	-
781	146.437	146.479	Bb3	45	64	0	0	139737	P1-1-789	0	-
782	146.44	146.486	Eb4	39	62	0	0	139737	P1-1-790	0	-
783	146.447	146.503	G2	38	52	0	0	139737	P1-1-792	0	-
784	146.45	146.499	Eb3	35	53	0	0	139737	*	3	-
785	146.45	146.499	G3	33	52	0	0	139737	P1-1-793	0	-
786	147.32	148.936	C6	52	43	0	0	140526	P1-1-797	0	-
787	147.34	148.548	A4	41	37	0	0	140526	P1-1-798	0	-
788	147.349	148.093	F#5	34	41	0	0	140526	P1-1-796	0	-
789	147.36	148.423	C5	31	24	0	0	140526	P1-1-794	0	-
790	147.367	148.029	Eb5	29	35	0	0	140526	P1-1-795	0	-
791	148.866	149.677	B3	80	53	0	0	142105	P1-1-801	0	-
792	148.868	149.747	D6	95	61	0	0	142105	P1-1-800	0	-
793	148.879	149.228	F4	77	56	0	0	142105	P1-1-802	0	-
794	148.879	149.301	D5	91	39	0	0	142105	P1-1-799	0	-
795	148.882	149.497	G#4	80	19	0	0	142105	P1-1-803	0	-
796	149.688	149.999	Eb6	88	59	0	0	142894	P1-1-805	0	-
797	149.696	150.095	Eb5	92	58	0	0	142894	P1-1-804	0	-
798	149.711	149.997	G4	81	36	0	0	142894	P1-1-808	0	-
799	149.714	150.236	C4	78	49	0	0	142894	P1-1-806	0	-
800	149.716	150.039	Eb4	75	34	0	0	142894	P1-1-807	0	-
801	150.279	150.331	F#4	65	60	0	0	143487	P1-1-813	0	-
802	150.279	150.355	C6	78	64	0	0	143487	P1-1-810	0	-
803	150.28	150.362	A3	63	52	0	0	143487	P1-1-811	0	-
804	150.284	150.335	C5	75	65	0	0	143487	P1-1-809	0	-
805	150.298	150.347	Eb4	63	62	0	0	143487	P1-1-812	0	-
806	150.418	150.583	Bb5	82	56	0	0	143684	P1-1-815	0	-
807	150.422	150.498	G4	80	64	0	0	143684	P1-1-818	0	-
808	150.43	150.558	Bb4	85	55	0	0	143684	P1-1-814	0	-
809	150.435	150.558	Bb3	69	59	0	0	143684	P1-1-816	0	-
810	150.439	150.481	Eb4	72	58	0	0	143684	P1-1-817	0	-
811	151.202	151.27	Bb5	53	58	0	0	144473	P1-1-820	0	-
812	151.219	151.267	Bb2	49	64	0	0	144473	P1-1-822	0	-
813	151.223	151.276	Bb4	46	61	0	0	144473	P1-1-819	0	-
814	151.229	151.277	Bb1	44	61	0	0	144473	P1-1-821	0	-
815	151.987	152.062	Eb5	46	61	0	0	145263	P1-1-824	0	-
816	152.035	152.078	Eb4	35	57	0	0	145263	P1-1-823	0	-
817	152.043	152.135	Eb3	24	41	0	0	145263	P1-1-826	0	-
818	152.044	152.12	Eb2	37	55	0	0	145263	P1-1-825	0	-
819	153.48	153.527	Bb3	52	65	0	0	146842	P1-1-827	0	-
820	153.484	153.543	Bb2	47	61	0	0	146842	P1-1-828	0	-
821	154.246	154.851	F5	67	26	0	0	147631	P1-1-832	0	-
822	154.265	155.031	D5	59	38	0	0	147631	P1-1-831	0	-
823	154.275	154.839	B3	46	35	0	0	147631	P1-1-834	0	-
824	154.277	154.837	F4	47	36	0	0	147631	P1-1-836	0	-
825	154.282	154.997	G#3	40	40	0	0	147631	P1-1-833	0	-
826	154.284	155.05	G#4	50	42	0	0	147631	P1-1-829	0	-
827	154.291	155.052	B4	44	38	0	0	147631	P1-1-830	0	-
828	154.294	154.831	D4	38	40	0	0	147631	P1-1-835	0	-
829	155.786	155.846	Bb3	42	64	0	0	149210	P1-1-837	0	-
830	155.792	155.846	Bb2	45	64	0	0	149210	P1-1-838	0	-
831	156.593	157.435	D5	51	35	0	0	150000	P1-1-842	0	-
832	156.612	157.174	D4	39	43	0	0	150000	P1-1-846	0	-
833	156.635	157.489	B4	36	40	0	0	150000	P1-1-841	0	-
834	156.638	157.251	F3	33	31	0	0	150000	P1-1-843	0	-
835	156.64	157.499	G#4	35	41	0	0	150000	P1-1-840	0	-
836	156.642	157.156	G#3	35	40	0	0	150000	P1-1-844	0	-
837	156.644	157.461	F4	31	38	0	0	150000	P1-1-839	0	-
838	156.654	157.201	B3	31	40	0	0	150000	P1-1-845	0	-
839	158.092	158.141	Bb3	59	64	0	0	151579	P1-1-847	0	-
840	158.098	158.14	Bb2	50	64	0	0	151579	P1-1-848	0	-
841	158.826	158.904	F5	61	60	0	0	152367	P1-1-852	0	-
842	158.836	158.878	F4	59	62	0	0	152367	P1-1-856	0	-
843	158.84	158.936	G#3	58	53	0	0	152367	P1-1-853	0	-
844	158.841	158.905	D5	58	64	0	0	152367	P1-1-851	0	-
845	158.843	158.899	B4	61	62	0	0	152367	P1-1-850	0	-
846	158.848	158.911	B3	52	60	0	0	152367	P1-1-854	0	-
847	158.851	158.901	D4	52	63	0	0	152367	P1-1-855	0	-
848	158.851	158.895	G#4	61	68	0	0	152367	P1-1-849	0	-
849	159.594	159.654	Bb3	51	57	0	0	153158	P1-1-857	0	-
850	159.597	159.663	Bb2	55	58	0	0	153158	P1-1-858	0	-
851	160.308	160.374	D5	65	63	0	0	153947	P1-1-862	0	-
852	160.322	160.372	D4	54	62	0	0	153947	P1-1-866	0	-
853	160.323	160.416	F3	55	52	0	0	153947	P1-1-863	0	-
854	160.324	160.395	G#3	54	52	0	0	153947	P1-1-864	0	-
855	160.33	160.382	B4	54	64	0	0	153947	P1-1-861	0	-
856	160.332	160.388	B3	44	47	0	0	153947	P1-1-865	0	-
857	160.332	160.377	F4	54	62	0	0	153947	P1-1-859	0	-
858	160.336	160.385	G#4	54	63	0	0	153947	P1-1-860	0	-
859	161.035	161.083	Bb3	71	64	0	0	154737	P1-1-867	0	-
860	161.04	161.088	Bb2	75	62	0	0	154737	P1-1-868	0	-
861	161.741	161.842	D5	79	64	0	0	155526	P1-1-872	0	-
862	161.753	161.866	F3	69	50	0	0	155526	P1-1-873	0	-
863	161.754	161.799	D4	70	63	0	0	155526	P1-1-876	0	-
864	161.764	161.861	B4	66	62	0	0	155526	P1-1-871	0	-
865	161.765	161.828	F4	66	57	0	0	155526	P1-1-869	0	-
866	161.767	161.83	G#3	57	56	0	0	155526	P1-1-874	0	-
867	161.767	161.821	B3	59	59	0	0	155526	P1-1-875	0	-
868	161.77	161.873	G#4	64	54	0	0	155526	P1-1-870	0	-
869	162.494	162.576	Bb2	85	64	0	0	156315	P1-1-878	0	-
870	162.494	162.557	Bb3	88	66	0	0	156315	P1-1-877	0	-
871	163.197	163.303	D5	86	65	0	0	157105	P1-1-882	0	-
872	163.203	163.324	F3	84	58	0	0	157105	P1-1-883	0	-
873	163.204	163.266	D4	92	63	0	0	157105	P1-1-886	0	-
874	163.208	163.29	F4	89	59	0	0	157105	P1-1-879	0	-
875	163.216	163.279	B3	80	50	0	0	157105	P1-1-885	0	-
876	163.219	163.332	G#4	78	65	0	0	157105	P1-1-880	0	-
877	163.221	163.326	B4	73	62	0	0	157105	P1-1-881	0	-
878	163.222	163.335	G#3	74	55	0	0	157105	P1-1-884	0	-
879	163.948	164.06	Bb2	91	66	0	0	157894	P1-1-888	0	-
880	163.956	164.058	Bb3	98	68	0	0	157894	P1-1-887	0	-
881	164.664	164.739	D5	88	65	0	0	158684	P1-1-892	0	-
882	164.667	164.815	F3	88	48	0	0	158684	P1-1-893	0	-
883	164.669	164.734	D4	95	64	0	0	158684	P1-1-896	0	-
884	164.67	164.757	F4	96	62	0	0	158684	P1-1-889	0	-
885	164.674	164.747	B3	86	61	0	0	158684	P1-1-895	0	-
886	164.679	164.776	B4	86	62	0	0	158684	P1-1-891	0	-
887	164.683	164.801	G#4	85	57	0	0	158684	P1-1-890	0	-
888	164.685	164.778	G#3	74	64	0	0	158684	P1-1-894	0	-
889	165.369	165.947	Bb2	98	24	0	0	159473	P1-1-898	0	-
890	165.373	165.519	Bb3	98	55	0	0	159473	P1-1-897	0	-
891	165.434	165.473	C#2	35	52	0	0	159473	*	3	-
892	166.096	166.163	Bb2	101	64	0	0	160263	P1-1-899	0	-
893	166.097	166.169	Bb1	95	64	0	0	160263	P1-1-900	0	-
894	167.096	167.174	G4	54	58	0	0	161052	P1-1-903	0	-
895	167.098	167.167	Eb2	50	55	0	0	161052	P1-1-904	0	-
896	167.1	167.165	Eb4	51	58	0	0	161052	P1-1-902	0	-
897	167.104	167.168	Bb2	47	59	0	0	161052	P1-1-905	0	-
898	167.104	167.168	Eb3	42	54	0	0	161052	P1-1-906	0	-
899	167.107	167.154	G3	50	64	0	0	161052	P1-1-901	0	-
900	167.985	168.656	G#5	62	55	0	0	161842	P1-1-909	0	-
901	168.034	168.661	F3	41	33	0	0	161842	P1-1-910	0	-
902	168.035	168.504	F4	36	38	0	0	161842	P1-1-912	0	-
903	168.036	168.638	Bb3	36	37	0	0	161842	P1-1-911	0	-
904	168.042	168.801	G#4	41	41	0	0	161842	P1-1-907	0	-
905	168.055	168.706	D5	35	43	0	0	161842	P1-1-908	0	-
906	169.592	169.651	G#4	48	63	0	0	163421	P1-1-915	0	-
907	169.601	169.658	F2	39	53	0	0	163421	P1-1-916	0	-
908	169.606	169.66	Bb2	37	59	0	0	163421	P1-1-917	0	-
909	169.606	169.659	D4	44	64	0	0	163421	P1-1-914	0	-
910	169.608	169.648	G#3	37	56	0	0	163421	P1-1-913	0	-
911	169.612	169.67	F3	27	50	0	0	163421	P1-1-918	0	-
912	170.491	171.476	Bb5	61	52	0	0	164210	P1-1-921	0	-
913	170.528	171.519	Eb5	45	29	0	0	164210	P1-1-920	0	-
914	170.533	171.468	G3	37	31	0	0	164210	P1-1-922	0	-
915	170.533	171.672	Bb4	39	40	0	0	164210	P1-1-919	0	-
916	170.535	171.482	Eb4	40	34	0	0	164210	P1-1-923	0	-
917	170.536	171.831	G4	36	30	0	0	164210	P1-1-924	0	-
918	172.036	172.947	Bb4	81	52	0	0	165789	P1-1-926	0	-
919	172.072	172.499	Eb4	62	36	0	0	165789	P1-1-925	0	-
920	172.093	172.632	Bb3	46	27	0	0	165789	P1-1-928	0	-
921	172.102	172.973	G3	47	31	0	0	165789	P1-1-927	0	-
922	172.903	174.092	C5	79	37	0	0	166579	P1-1-930	0	-
923	172.948	173.538	Eb4	57	23	0	0	166579	P1-1-929	0	-
924	172.961	173.853	G#3	45	36	0	0	166579	P1-1-931	0	-
925	172.965	173.694	C4	44	35	0	0	166579	P1-1-932	0	-
926	174.097	174.14	Bb4	54	61	0	0	167763	P1-1-934	0	-
927	174.108	174.175	Bb3	43	57	0	0	167763	P1-1-936	0	-
928	174.11	174.175	G3	42	47	0	0	167763	P1-1-935	0	-
929	174.132	174.182	Eb4	31	54	0	0	167763	P1-1-933	0	-
930	174.467	174.518	D5	52	63	0	0	168158	P1-1-938	0	-
931	174.477	174.544	Bb3	33	46	0	0	168158	P1-1-940	0	-
932	174.481	174.535	F3	36	51	0	0	168158	P1-1-939	0	-
933	174.488	174.542	G#4	25	48	0	0	168158	P1-1-937	0	-
934	174.809	174.863	Eb5	60	60	0	0	168552	P1-1-942	0	-
935	174.826	174.861	G4	39	51	0	0	168552	P1-1-941	0	-
936	174.83	174.894	Bb3	35	51	0	0	168552	P1-1-944	0	-
937	174.832	174.885	Eb3	40	61	0	0	168552	P1-1-943	0	-
938	175.239	175.69	D5	45	42	0	0	168947	P1-1-946	0	-
939	175.247	175.291	Bb2	44	57	0	0	168947	P1-1-947	0	-
940	175.25	175.657	F5	44	40	0	0	168947	P1-1-945	0	-
941	175.252	175.293	Bb3	33	50	0	0	168947	P1-1-948	0	-
942	175.625	175.844	G#5	47	33	0	0	169342	P1-1-949	0	-
943	175.651	175.704	Eb3	33	51	0	0	169342	P1-1-951	0	-
944	175.66	175.713	Bb3	20	45	0	0	169342	P1-1-952	0	-
945	175.678	175.786	Eb5	21	36	0	0	169342	P1-1-950	0	-
946	175.789	176.075	G5	44	35	0	0	169539	P1-1-953	0	-
947	175.986	176.12	F5	45	60	0	0	169736	P1-1-954	0	-
948	176.025	176.135	Bb2	34	57	0	0	169736	P1-1-956	0	-
949	176.025	176.119	Bb3	33	56	0	0	169736	P1-1-957	0	-
950	176.033	176.117	D5	35	60	0	0	169736	P1-1-955	0	-
951	176.786	176.831	G4	42	65	0	0	170526	P1-1-960	0	-
952	176.792	176.835	Eb4	44	64	0	0	170526	P1-1-959	0	-
953	176.793	176.831	G3	42	57	0	0	170526	P1-1-958	0	-
954	176.798	176.842	Eb2	40	57	0	0	170526	P1-1-961	0	-
955	176.805	176.844	Eb3	35	55	0	0	170526	P1-1-962	0	-
956	176.904	176.915	Bb2	51	34	0	0	170526	*	3	-
957	177.685	178.284	A5	51	33	0	0	171315	P1-1-965	0	-
958	177.691	177.73	F#4	39	54	0	0	171315	P1-1-966	0	-
959	177.703	178.125	Eb5	43	30	0	0	171315	P1-1-964	0	-
960	177.726	178.129	A4	37	19	0	0	171315	P1-1-963	0	-
961	179.282	179.33	Bb4	44	63	0	0	172894	P1-1-969	0	-
962	179.297	179.346	G3	33	54	0	0	172894	P1-1-971	0	-
963	179.297	179.338	Bb3	33	51	0	0	172894	P1-1-967	0	-
964	179.297	179.342	Eb4	37	62	0	0	172894	P1-1-968	0	-
965	179.298	179.346	Eb3	34	57	0	0	172894	*	3	-
966	179.3	179.352	G2	34	54	0	0	172894	P1-1-970	0	-
967	180.203	180.769	C6	53	38	0	0	173684	P1-1-975	0	-
968	180.232	180.295	A4	39	57	0	0	173684	P1-1-976	0	-
969	180.241	180.325	F#5	40	52	0	0	173684	P1-1-974	0	-
970	180.25	180.322	C5	35	54	0	0	173684	P1-1-972	0	-
971	180.268	180.338	Eb5	16	46	0	0	173684	P1-1-973	0	-
972	181.814	182.664	D6	88	54	0	0	175263	P1-1-978	0	-
973	181.842	181.964	D5	69	53	0	0	175263	P1-1-977	0	-
974	181.844	182.584	B3	57	57	0	0	175263	P1-1-979	0	-
975	181.844	182.063	F4	59	45	0	0	175263	P1-1-980	0	-
976	181.844	182.154	G#4	60	28	0	0	175263	P1-1-981	0	-
977	182.621	182.911	Eb6	85	53	0	0	176052	P1-1-983	0	-
978	182.632	183	Eb5	82	49	0	0	176052	P1-1-982	0	-
979	182.642	183.059	G4	75	38	0	0	176052	P1-1-986	0	-
980	182.645	183.036	Eb4	68	24	0	0	176052	P1-1-985	0	-
981	182.649	183.188	C4	64	58	0	0	176052	P1-1-984	0	-
982	183.232	183.34	A3	68	53	0	0	176644	P1-1-989	0	-
983	183.232	183.312	C6	78	64	0	0	176644	P1-1-988	0	-
984	183.235	183.301	C5	76	61	0	0	176644	P1-1-987	0	-
985	183.238	183.292	F#4	67	57	0	0	176644	P1-1-991	0	-
986	183.248	183.294	Eb4	65	61	0	0	176644	P1-1-990	0	-
987	183.37	183.529	Bb5	79	57	0	0	176842	P1-1-993	0	-
988	183.379	183.459	G4	79	65	0	0	176842	P1-1-996	0	-
989	183.382	183.493	Eb4	66	57	0	0	176842	P1-1-995	0	-
990	183.384	183.508	Bb3	68	61	0	0	176842	P1-1-994	0	-
991	183.385	183.517	Bb4	79	53	0	0	176842	P1-1-992	0	-
992	184.245	184.342	Bb5	52	54	0	0	177631	P1-1-998	0	-
993	184.273	184.345	Bb1	44	53	0	0	177631	P1-1-999	0	-
994	184.278	184.332	Bb2	42	59	0	0	177631	P1-1-1000	0	-
995	184.281	184.339	Bb4	37	56	0	0	177631	P1-1-997	0	-
996	185.107	185.239	Eb5	48	38	0	0	178421	P1-1-1002	0	-
997	185.138	185.258	Eb2	40	45	0	0	178421	P1-1-1003	0	-
998	185.14	185.256	Eb3	34	47	0	0	178421	P1-1-1004	0	-
999	185.141	185.212	Eb4	36	53	0	0	178421	P1-1-1001	0	-
1000	187.456	188.187	Bb3	52	56	0	0	180000	P1-1-1005	0	-
1001	188.159	188.274	Eb4	69	60	0	0	180592	P1-1-1006	0	-
1002	188.362	190.05	Eb4	61	33	0	0	180789	P1-1-1007	0	-
1003	188.402	190.792	Eb3	40	35	0	0	180789	P1-1-1009	0	-
1004	188.406	188.902	G3	33	28	0	0	180789	P1-1-1008	0	-
1005	188.847	189.277	Bb3	34	34	0	0	181184	P1-1-1010	0	-
1006	189.218	189.632	G3	40	31	0	0	181579	P1-1-1011	0	-
1007	189.604	190.092	Bb3	45	32	0	0	181973	P1-1-1012	0	-
1008	189.951	190.656	G4	67	32	0	0	182368	P1-1-1013	0	-
1009	189.993	190.47	G3	41	31	0	0	182368	P1-1-1014	0	-
1010	190.418	190.814	Bb3	44	31	0	0	182763	P1-1-1015	0	-
1011	190.538	190.655	Eb4	71	61	0	0	182960	P1-1-1016	0	-
1012	190.734	191.758	Eb4	61	24	0	0	183158	P1-1-1017	0	-
1013	190.77	191.308	G#3	42	25	0	0	183158	P1-1-1018	0	-
1014	190.777	192.782	F3	40	22	0	0	183158	P1-1-1019	0	-
1015	191.205	191.619	Bb3	45	35	0	0	183552	P1-1-1020	0	-
1016	191.555	192.795	D4	67	44	0	0	183947	P1-1-1021	0	-
1017	191.592	191.972	G#3	42	38	0	0	183947	P1-1-1022	0	-
1018	191.957	192.413	Bb3	41	30	0	0	184342	P1-1-1023	0	-
1019	192.329	192.701	G#3	49	37	0	0	184736	P1-1-1024	0	-
1020	192.665	193.216	Eb4	65	36	0	0	185131	P1-1-1025	0	-
1021	192.7	193.197	G3	42	40	0	0	185131	P1-1-1026	1	-
1022	192.71	193.101	Eb3	43	32	0	0	185131	P1-1-1027	0	-
1023	193.109	194.295	F4	67	39	0	0	185526	P1-1-1028	0	-
1024	193.168	194.43	F3	43	25	0	0	185526	P1-1-1031	0	-
1025	193.168	193.359	Bb3	41	52	0	0	185526	P1-1-1029	0	-
1026	193.172	194.365	D3	41	27	0	0	185526	P1-1-1030	0	-
1027	193.528	193.596	Bb3	46	47	0	0	185921	P1-1-1032	0	-
1028	193.871	194.108	Bb3	53	36	0	0	186315	P1-1-1033	0	-
1029	194.227	194.714	G4	66	35	0	0	186710	P1-1-1034	0	-
1030	194.267	194.464	Bb3	50	31	0	0	186710	P1-1-1035	0	-
1031	194.274	194.512	Eb3	37	41	0	0	186710	P1-1-1037	0	-
1032	194.281	194.71	C3	40	32	0	0	186710	P1-1-1036	0	-
1033	194.625	195.138	G#4	72	31	0	0	187105	P1-1-1039	0	-
1034	194.66	195.022	Bb2	47	57	0	0	187105	P1-1-1041	0	-
1035	194.663	194.815	F4	46	50	0	0	187105	P1-1-1038	0	-
1036	194.666	194.899	Bb3	39	41	0	0	187105	P1-1-1040	0	-
1037	194.669	194.888	D3	47	58	0	0	187105	P1-1-1042	0	-
1038	195.02	195.496	Bb4	74	54	0	0	187500	P1-1-1044	0	-
1039	195.048	195.281	Bb3	50	42	0	0	187500	P1-1-1045	0	-
1040	195.06	195.165	F3	50	43	0	0	187500	P1-1-1047	0	-
1041	195.067	195.18	F4	45	38	0	0	187500	P1-1-1043	0	-
1042	195.078	195.309	D3	48	31	0	0	187500	P1-1-1046	0	-
1043	195.445	196.348	G#4	69	28	0	0	187894	P1-1-1049	0	-
1044	195.468	196.105	Eb3	51	35	0	0	187894	P1-1-1051	0	-
1045	195.478	195.701	Bb3	44	35	0	0	187894	P1-1-1050	0	-
1046	195.488	195.96	F4	39	24	0	0	187894	P1-1-1048	0	-
1047	195.87	195.993	Bb3	43	43	0	0	188289	P1-1-1052	0	-
1048	196.276	196.851	G4	49	37	0	0	188684	P1-1-1054	0	-
1049	196.301	196.577	Eb2	41	51	0	0	188684	P1-1-1056	0	-
1050	196.31	196.592	Eb4	34	33	0	0	188684	P1-1-1053	0	-
1051	196.332	196.45	Bb3	26	36	0	0	188684	P1-1-1055	0	-
1052	196.715	196.761	Bb3	36	51	0	0	189079	P1-1-1057	0	-
1053	197.078	197.852	G4	62	22	0	0	189473	P1-1-1058	0	-
1054	197.091	197.593	Eb3	60	57	0	0	189473	P1-1-1060	0	-
1055	197.108	197.313	Eb4	52	38	0	0	189473	P1-1-1059	0	-
1056	197.498	197.678	Eb4	53	38	0	0	189868	P1-1-1061	0	-
1057	197.622	197.804	F3	63	49	0	0	190065	P1-1-1063	0	-
1058	197.623	197.867	G#4	71	56	0	0	190065	P1-1-1062	0	-
1059	197.82	198.988	G3	63	38	0	0	190263	P1-1-1066	0	-
1060	197.823	199.037	Bb4	71	38	0	0	190263	P1-1-1064	0	-
1061	197.844	198.089	Eb4	50	54	0	0	190263	P1-1-1065	0	-
1062	198.26	198.329	Eb4	46	52	0	0	190657	P1-1-1067	0	-
1063	198.611	198.761	Eb4	49	49	0	0	191052	P1-1-1068	0	-
1064	198.95	199.541	G4	67	24	0	0	191447	P1-1-1069	0	-
1065	198.963	199.451	Eb3	51	23	0	0	191447	P1-1-1071	0	-
1066	198.967	199.137	Eb4	47	28	0	0	191447	P1-1-1070	0	-
1067	199.354	199.792	C5	73	45	0	0	191842	P1-1-1072	0	-
1068	199.387	199.789	G#3	55	36	0	0	191842	P1-1-1074	0	-
1069	199.4	199.598	Eb4	46	55	0	0	191842	P1-1-1073	0	-
1070	199.705	200.232	G#4	78	53	0	0	192236	P1-1-1075	0	-
1071	199.717	200.222	F3	63	38	0	0	192236	P1-1-1077	0	-
1072	199.765	199.938	Eb4	51	35	0	0	192236	P1-1-1076	0	-
1073	200.155	201.283	Bb4	70	50	0	0	192631	P1-1-1078	0	-
1074	200.187	201.845	G3	53	28	0	0	192631	P1-1-1080	0	-
1075	200.21	200.359	Eb4	45	42	0	0	192631	P1-1-1079	0	-
1076	200.526	200.703	Eb4	46	36	0	0	193026	P1-1-1081	0	-
1077	200.89	201.144	Eb4	55	37	0	0	193421	P1-1-1082	0	-
1078	201.269	201.819	B4	75	29	0	0	193815	P1-1-1083	0	-
1079	201.295	201.578	Eb4	57	40	0	0	193815	P1-1-1084	0	-
1080	201.692	202.15	C5	73	56	0	0	194210	P1-1-1085	0	-
1081	201.71	201.962	Eb4	60	41	0	0	194210	P1-1-1086	0	-
1082	201.723	202.077	G#3	47	57	0	0	194210	P1-1-1087	0	-
1083	202.107	202.321	Bb4	74	55	0	0	194605	P1-1-1088	0	-
1084	202.125	202.353	Eb4	55	40	0	0	194605	P1-1-1089	0	-
1085	202.133	202.609	G3	57	38	0	0	194605	P1-1-1090	0	-
1086	202.596	203.172	Bb4	58	38	0	0	195000	P1-1-1091	0	-
1087	202.632	203.889	F3	42	37	0	0	195000	P1-1-1093	0	-
1088	202.642	202.936	C4	45	37	0	0	195000	P1-1-1092	0	-
1089	203.1	203.952	G#4	63	33	0	0	195394	P1-1-1094	0	-
1090	203.11	203.601	C4	45	44	0	0	195394	P1-1-1095	0	-
1091	203.483	203.691	C#4	54	60	0	0	195789	P1-1-1096	0	-
1092	203.844	204.32	F4	56	46	0	0	196184	P1-1-1097	0	-
1093	203.884	204.313	Bb2	37	37	0	0	196184	P1-1-1100	0	-
1094	203.885	204.045	D4	43	39	0	0	196184	P1-1-1099	0	-
1095	203.889	204.108	Bb3	35	33	0	0	196184	P1-1-1098	0	-
1096	204.289	204.662	G4	55	53	0	0	196579	P1-1-1101	0	-
1097	204.304	204.507	Bb3	37	37	0	0	196579	P1-1-1102	0	-
1098	204.311	204.751	Eb3	39	35	0	0	196579	P1-1-1104	0	-
1099	204.343	204.77	Eb4	28	36	0	0	196579	P1-1-1103	0	-
1100	204.694	204.842	Bb4	50	58	0	0	196973	P1-1-1105	0	-
1101	204.705	205.125	G#2	40	39	0	0	196973	P1-1-1108	0	-
1102	204.709	204.953	C4	41	30	0	0	196973	P1-1-1106	0	-
1103	204.736	204.976	F4	22	19	0	0	196973	P1-1-1107	0	-
1104	204.873	205.216	G#4	49	37	0	0	197171	P1-1-1109	0	-
1105	205.183	206.241	G4	49	41	0	0	197368	P1-1-1110	0	-
1106	205.186	205.809	Bb2	37	40	0	0	197368	P1-1-1112	0	-
1107	205.237	205.782	Eb4	28	40	0	0	197368	P1-1-1111	0	-
1108	205.645	206.256	Bb3	37	24	0	0	197763	P1-1-1113	0	-
1109	206.061	206.555	F4	36	38	0	0	225000	P1-1-1279	0	-
1110	206.092	206.605	Bb1	33	49	0	0	218684	P1-1-1245	1	-
1111	206.106	206.697	D4	31	43	0	0	224210	P1-1-1276	0	-
1112	206.53	206.761	Bb3	27	41	0	0	198947	P1-1-1117	0	-
1113	207.088	207.659	Bb4	49	27	0	0	225000	P1-1-1278	0	-
1114	207.775	207.856	B4	55	54	0	0	237434	P1-1-1346	0	-
1115	207.98	209.691	B4	54	28	0	0	237631	P1-1-1347	0	-
1116	208.014	208.305	Bb2	37	40	0	0	237631	P1-1-1348	0	-
1117	208.436	208.899	Bb3	36	32	0	0	238026	P1-1-1349	0	-
1118	208.835	209.32	D4	39	39	0	0	238421	P1-1-1350	0	-
1119	209.228	209.57	Bb3	35	33	0	0	238815	P1-1-1351	0	-
1120	209.636	209.983	Bb4	48	46	0	0	239210	P1-1-1352	0	-
1121	209.659	210.072	F4	38	34	0	0	239210	P1-1-1353	0	-
1122	210.019	210.062	G#4	51	65	0	0	239605	P1-1-1354	0	-
1123	210.043	210.476	Bb3	37	26	0	0	239605	P1-1-1355	0	-
1124	210.089	210.155	Bb4	48	61	0	0	239719	P1-1-1356	0	-
1125	210.18	210.222	G#4	59	65	0	0	239802	P1-1-1358	0	-
1126	210.262	210.313	Bb4	43	59	0	0	239884	P1-1-1360	0	-
1127	210.327	210.422	G#4	62	56	0	0	239884	P1-1-1359	0	-
1128	210.431	210.813	Eb4	45	51	0	0	239999	P1-1-1363	0	-
1129	210.431	210.902	G4	58	30	0	0	239999	P1-1-1361	0	-
1130	210.809	211.27	Eb5	67	44	0	0	240394	P1-1-1364	0	-
1131	210.837	211.258	Bb3	43	28	0	0	240394	P1-1-1365	0	-
1132	211.22	211.639	D5	68	48	0	0	240789	P1-1-1366	0	-
1133	211.258	211.503	G#4	50	48	0	0	240789	P1-1-1367	0	-
1134	211.272	211.671	F4	39	33	0	0	240789	P1-1-1368	0	-
1135	211.593	212.105	F5	74	27	0	0	241184	P1-1-1369	0	-
1136	211.627	212.024	Bb3	36	26	0	0	241184	P1-1-1370	0	-
1137	211.987	212.472	Eb5	64	29	0	0	241578	P1-1-1371	0	-
1138	212.051	212.312	G4	37	36	0	0	241578	P1-1-1373	0	-
1139	212.055	212.229	Bb4	38	46	0	0	241578	P1-1-1372	0	-
1140	212.383	212.617	Bb4	67	37	0	0	241973	P1-1-1374	0	-
1141	212.426	212.477	Bb3	33	52	0	0	241973	P1-1-1375	0	-
1142	212.827	214.491	B4	72	37	0	0	242368	P1-1-1376	0	-
1143	212.87	213.176	Bb2	33	42	0	0	242368	P1-1-1377	0	-
1144	213.271	213.737	Bb3	31	36	0	0	242763	P1-1-1378	0	-
1145	213.655	214.11	D4	37	41	0	0	243157	P1-1-1379	0	-
1146	214.061	214.41	Bb3	34	32	0	0	243552	P1-1-1380	0	-
1147	214.42	214.722	Bb4	52	48	0	0	243947	P1-1-1381	0	-
1148	214.463	214.829	F4	39	32	0	0	243947	P1-1-1382	0	-
1149	214.752	214.792	G#4	49	65	0	0	244342	P1-1-1383	0	-
1150	214.799	215.233	Bb3	35	29	0	0	244342	P1-1-1384	0	-
1151	214.826	214.891	Bb4	48	59	0	0	244456	P1-1-1385	0	-
1152	214.905	214.943	G#4	62	66	0	0	244539	P1-1-1387	0	-
1153	214.98	215.075	Bb4	41	57	0	0	244621	P1-1-1389	0	-
1154	215.068	215.171	G#4	64	60	0	0	244621	P1-1-1388	0	-
1155	215.183	215.626	Eb4	38	32	0	0	244736	P1-1-1392	0	-
1156	215.186	215.702	G4	63	37	0	0	244736	P1-1-1390	0	-
1157	215.578	216.031	Eb5	67	57	0	0	245131	P1-1-1393	0	-
1158	215.598	216.112	Bb3	32	33	0	0	245131	P1-1-1394	0	-
1159	215.967	216.418	D5	75	45	0	0	245525	P1-1-1395	0	-
1160	216.037	216.34	G#4	47	34	0	0	245525	P1-1-1396	0	-
1161	216.049	216.577	F4	37	38	0	0	245525	P1-1-1397	0	-
1162	216.37	216.784	F5	78	51	0	0	245921	P1-1-1398	0	-
1163	216.407	216.835	Bb3	41	33	0	0	245921	P1-1-1399	0	-
1164	216.75	217.321	Eb5	74	28	0	0	246314	P1-1-1400	0	-
1165	216.791	217.212	Bb4	51	29	0	0	246314	P1-1-1401	0	-
1166	216.807	217.155	G4	37	42	0	0	246314	P1-1-1402	0	-
1167	217.127	217.701	G5	81	54	0	0	246710	P1-1-1403	0	-
1168	217.163	217.555	Bb3	42	33	0	0	246710	P1-1-1404	0	-
1169	217.584	218.929	Bb5	76	56	0	0	247105	P1-1-1405	0	-
1170	217.624	218.124	Eb3	42	35	0	0	247105	P1-1-1406	0	-
1171	218.042	218.558	Eb4	38	40	0	0	247499	P1-1-1407	0	-
1172	218.416	220.378	Eb5	53	40	0	0	247894	P1-1-1408	0	-
1173	218.435	218.944	G4	47	43	0	0	247894	P1-1-1409	0	-
1174	218.769	219.284	G5	76	48	0	0	248289	P1-1-1410	0	-
1175	218.804	219.249	Eb4	56	37	0	0	248289	P1-1-1411	0	-
1176	219.185	219.58	G#5	77	60	0	0	248684	P1-1-1412	0	-
1177	219.2	219.55	F4	54	53	0	0	248684	P1-1-1413	0	-
1178	219.546	220.016	C6	82	61	0	0	249078	P1-1-1414	0	-
1179	219.577	219.921	G#4	61	43	0	0	249078	P1-1-1415	0	-
1180	219.957	221.2	Bb5	78	55	0	0	249473	P1-1-1416	0	-
1181	219.981	220.447	G4	53	29	0	0	249473	P1-1-1417	0	-
1182	220.368	220.925	F#4	52	36	0	0	249868	P1-1-1418	0	-
1183	220.783	221.783	Eb5	60	38	0	0	250263	P1-1-1419	0	-
1184	220.804	221.376	G4	51	27	0	0	250263	P1-1-1420	0	-
1185	221.175	221.697	G5	72	37	0	0	250657	P1-1-1421	0	-
1186	221.203	221.675	Eb4	48	29	0	0	250657	P1-1-1422	0	-
1187	221.592	222.033	G#5	64	54	0	0	251052	P1-1-1423	0	-
1188	221.628	221.995	C4	46	37	0	0	251052	P1-1-1424	0	-
1189	221.992	222.414	F5	60	30	0	0	251447	P1-1-1425	0	-
1190	222.055	222.291	D4	39	38	0	0	251447	P1-1-1427	0	-
1191	222.057	222.193	Bb4	39	51	0	0	251447	P1-1-1426	0	-
1192	222.444	222.975	G5	49	35	0	0	251842	P1-1-1428	0	-
1193	222.466	222.955	Eb4	38	40	0	0	251842	P1-1-1430	0	-
1194	222.467	222.686	G4	41	51	0	0	251842	P1-1-1429	0	-
1195	222.829	223.358	Eb5	59	32	0	0	252236	P1-1-1431	0	-
1196	222.858	223.31	C4	43	39	0	0	252236	P1-1-1433	0	-
1197	222.878	223.365	G4	39	19	0	0	252236	P1-1-1432	0	-
1198	223.289	224.669	F5	59	40	0	0	252631	P1-1-1434	0	-
1199	223.324	223.788	G#3	37	39	0	0	252631	P1-1-1436	0	-
1200	223.33	224.243	C5	41	31	0	0	252631	P1-1-1435	0	-
1201	223.721	224.092	F3	33	38	0	0	253026	P1-1-1437	0	-
1202	224.166	224.899	G#4	36	31	0	0	253421	P1-1-1438	0	-
1203	224.183	224.571	Bb3	31	33	0	0	253421	P1-1-1439	0	-
1204	224.557	225.163	D5	47	34	0	0	253815	P1-1-1440	0	-
1205	224.561	224.908	Bb2	29	38	0	0	253815	P1-1-1441	0	-
1206	225.12	226.294	Eb5	46	40	0	0	254210	P1-1-1443	0	-
1207	225.139	225.626	Eb3	29	33	0	0	254210	P1-1-1444	0	-
1208	225.159	226.173	G4	33	35	0	0	254210	P1-1-1442	0	-
1209	226.097	226.37	Eb2	36	38	0	0	254999	P1-1-1445	0	-
1210	227.221	227.656	Eb4	66	51	0	0	255789	P1-1-1446	0	-
1211	228.1	228.171	E4	77	63	0	0	256380	P1-1-1447	0	-
1212	228.264	230.226	E4	73	49	0	0	256577	P1-1-1448	0	-
1213	229.181	229.243	Eb3	42	53	0	0	257368	*	3	-
1214	229.186	229.28	G#3	40	60	0	0	257368	P1-1-1449	0	-
1215	229.187	229.265	Eb2	38	56	0	0	257368	P1-1-1451	0	-
1216	229.189	229.268	B3	42	49	0	0	257368	P1-1-1450	0	-
1217	230.179	230.89	Eb4	53	46	0	0	258156	P1-1-1452	0	-
1218	230.919	231.09	D4	44	53	0	0	258749	P1-1-1453	0	-
1219	231.082	231.392	Eb4	49	57	0	0	258947	P1-1-1454	0	-
1220	232.043	232.17	G3	32	56	0	0	259736	P1-1-1455	0	-
1221	232.044	232.163	Bb3	31	56	0	0	259736	P1-1-1456	0	-
1222	232.046	232.153	Eb2	37	58	0	0	259736	P1-1-1457	0	-
1223	233.04	233.656	Eb4	80	61	0	0	260526	P1-1-1458	0	-
1224	233.852	233.944	E4	79	64	0	0	261118	P1-1-1459	0	-
1225	234.033	235.969	E4	79	49	0	0	261315	P1-1-1460	0	-
1226	234.952	235.141	B3	44	36	0	0	262105	P1-1-1462	0	-
1227	234.959	235.033	Eb3	48	55	0	0	262105	*	3	-
1228	234.965	235.038	Eb2	42	56	0	0	262105	P1-1-1463	0	-
1229	234.965	235.068	G#3	39	58	0	0	262105	P1-1-1461	0	-
1230	235.919	236.639	Eb4	52	37	0	0	262894	P1-1-1464	0	-
1231	236.637	236.809	D4	45	54	0	0	263486	P1-1-1465	0	-
1232	236.806	237.159	Eb4	46	54	0	0	263684	P1-1-1466	0	-
1233	237.651	237.74	Bb3	41	50	0	0	264473	P1-1-1468	0	-
1234	237.653	237.754	G3	41	51	0	0	264473	P1-1-1467	0	-
1235	237.667	237.724	Eb2	42	60	0	0	264473	P1-1-1469	0	-
1236	238.497	239.146	Eb4	47	52	0	0	265330	P1-1-1470	0	-
1237	238.507	238.662	G#3	42	38	0	0	265330	P1-1-1471	0	-
1238	238.507	238.592	B3	44	55	0	0	265330	P1-1-1472	0	-
1239	238.521	238.568	Eb2	43	59	0	0	265330	P1-1-1473	0	-
1240	239.179	239.38	D4	46	39	0	0	265973	P1-1-1474	0	-
1241	239.337	239.824	Eb4	49	34	0	0	266187	P1-1-1475	0	-
1242	240.149	240.257	Eb2	44	60	0	0	267045	P1-1-1478	0	-
1243	240.149	240.278	Bb3	38	38	0	0	267045	P1-1-1477	0	-
1244	240.152	240.293	G3	37	52	0	0	267045	P1-1-1476	0	-
1245	241.024	241.797	Eb4	70	50	0	0	267982	P1-1-1479	0	-
1246	241.049	241.175	G#3	55	55	0	0	267982	P1-1-1480	0	-
1247	241.06	241.137	Eb2	48	61	0	0	267982	P1-1-1482	0	-
1248	241.071	241.316	B3	48	42	0	0	267982	P1-1-1481	0	-
1249	241.792	242.002	D4	71	55	0	0	268685	P1-1-1483	0	-
1250	241.963	243.361	Eb4	73	80	0	0	268920	P1-1-1484	0	-
1251	242.9	243.092	G3	40	44	0	0	269857	P1-1-1485	0	-
1252	242.908	243.119	Bb3	37	34	0	0	269857	P1-1-1486	0	-
1253	242.927	242.996	Eb2	37	54	0	0	269857	P1-1-1487	0	-
1254	243.578	243.798	D4	50	37	0	0	270633	P1-1-1488	0	-
1255	243.752	244.061	Eb4	52	80	0	0	270892	P1-1-1489	0	-
1256	244.433	244.618	D4	46	33	0	0	271667	P1-1-1490	0	-
1257	244.568	245.147	Eb4	46	53	0	0	271926	P1-1-1491	0	-
1258	245.194	245.444	D4	37	40	0	0	272702	P1-1-1492	0	-
1259	245.359	245.952	Eb4	40	41	0	0	272960	P1-1-1493	0	-
1260	245.384	245.562	Eb2	34	37	0	0	272960	P1-1-1496	0	-
1261	245.399	245.609	Bb3	28	34	0	0	272960	P1-1-1495	0	-
1262	245.4	245.628	G3	32	40	0	0	272960	P1-1-1494	0	-
1263	245.966	246.24	D4	39	33	0	0	273736	P1-1-1497	0	-
1264	246.203	247.101	Eb4	44	32	0	0	273995	P1-1-1498	0	-
1265	246.222	246.404	Eb2	33	32	0	0	273995	P1-1-1501	0	-
1266	246.227	246.437	Bb3	28	27	0	0	273995	P1-1-1500	0	-
1267	246.234	246.474	G3	27	40	0	0	273995	P1-1-1499	0	-
1268	247.059	247.49	D4	38	35	0	0	274771	P1-1-1502	0	-
1269	247.443	248.447	Eb4	35	39	0	0	275029	P1-1-1503	0	-
1270	247.469	248.409	Bb3	28	20	0	0	275029	P1-1-1505	0	-
1271	247.48	248.399	G3	24	28	0	0	275029	P1-1-1504	0	-
1272	247.493	248.313	Eb2	26	29	0	0	275029	P1-1-1506	0	-
//Missing 16973	P1-1-102
//Missing 18947	P1-1-113
//Missing 19736	P1-1-119
//Missing 20032	P1-1-123
//Missing 40772	P1-1-249
//Missing 41052	P1-1-254
//Missing 45509	P1-1-278
//Missing 45789	P1-1-283
//Missing 54473	P1-1-332
//Missing 55263	P1-1-336
//Missing 59720	P1-1-357
//Missing 59999	P1-1-362
//Missing 64457	P1-1-386
//Missing 64736	P1-1-391
//Missing 73420	P1-1-440
//Missing 198552	P1-1-1116
//Missing 198947	P1-1-1118
//Missing 198947	P1-1-1119
//Missing 199342	P1-1-1120
//Missing 199342	P1-1-1121
//Missing 199539	P1-1-1122
//Missing 199736	P1-1-1123
//Missing 199736	P1-1-1124
//Missing 199736	P1-1-1125
//Missing 199833	P1-1-1126
//Missing 199932	P1-1-1127
//Missing 200032	P1-1-1128
//Missing 200131	P1-1-1129
//Missing 200526	P1-1-1130
//Missing 200526	P1-1-1131
//Missing 200921	P1-1-1132
//Missing 200921	P1-1-1133
//Missing 201019	P1-1-1134
//Missing 201118	P1-1-1135
//Missing 201217	P1-1-1136
//Missing 201315	P1-1-1137
//Missing 201315	P1-1-1138
//Missing 201710	P1-1-1139
//Missing 201907	P1-1-1140
//Missing 202105	P1-1-1141
//Missing 202105	P1-1-1142
//Missing 202105	P1-1-1143
//Missing 202500	P1-1-1144
//Missing 202894	P1-1-1145
//Missing 202894	P1-1-1146
//Missing 203289	P1-1-1147
//Missing 203684	P1-1-1148
//Missing 204079	P1-1-1149
//Missing 204079	P1-1-1150
//Missing 204079	P1-1-1151
//Missing 204473	P1-1-1152
//Missing 204473	P1-1-1153
//Missing 204473	P1-1-1154
//Missing 204473	P1-1-1155
//Missing 204868	P1-1-1156
//Missing 205263	P1-1-1157
//Missing 205657	P1-1-1158
//Missing 205657	P1-1-1159
//Missing 205657	P1-1-1160
//Missing 205657	P1-1-1161
//Missing 206052	P1-1-1162
//Missing 206052	P1-1-1163
//Missing 206052	P1-1-1164
//Missing 206052	P1-1-1165
//Missing 206052	P1-1-1166
//Missing 206447	P1-1-1167
//Missing 206447	P1-1-1168
//Missing 206447	P1-1-1169
//Missing 206447	P1-1-1170
//Missing 206447	P1-1-1171
//Missing 206842	P1-1-1172
//Missing 206842	P1-1-1173
//Missing 206842	P1-1-1174
//Missing 206842	P1-1-1175
//Missing 207236	P1-1-1176
//Missing 207631	P1-1-1177
//Missing 207631	P1-1-1178
//Missing 207631	P1-1-1179
//Missing 207631	P1-1-1180
//Missing 208026	P1-1-1181
//Missing 208420	P1-1-1182
//Missing 208420	P1-1-1183
//Missing 208420	P1-1-1184
//Missing 208815	P1-1-1185
//Missing 209013	P1-1-1186
//Missing 209013	P1-1-1187
//Missing 209210	P1-1-1188
//Missing 209210	P1-1-1189
//Missing 209210	P1-1-1190
//Missing 209605	P1-1-1191
//Missing 210000	P1-1-1192
//Missing 210394	P1-1-1193
//Missing 210394	P1-1-1194
//Missing 210394	P1-1-1195
//Missing 210789	P1-1-1196
//Missing 210789	P1-1-1197
//Missing 210789	P1-1-1198
//Missing 211184	P1-1-1199
//Missing 211184	P1-1-1200
//Missing 211184	P1-1-1201
//Missing 211578	P1-1-1202
//Missing 211578	P1-1-1203
//Missing 211578	P1-1-1204
//Missing 211973	P1-1-1205
//Missing 212368	P1-1-1206
//Missing 212763	P1-1-1207
//Missing 212763	P1-1-1208
//Missing 213157	P1-1-1209
//Missing 213157	P1-1-1210
//Missing 213157	P1-1-1211
//Missing 213552	P1-1-1212
//Missing 213552	P1-1-1213
//Missing 213552	P1-1-1214
//Missing 213947	P1-1-1215
//Missing 213947	P1-1-1216
//Missing 213947	P1-1-1217
//Missing 214342	P1-1-1218
//Missing 214342	P1-1-1219
//Missing 214736	P1-1-1220
//Missing 215131	P1-1-1221
//Missing 215131	P1-1-1222
//Missing 215131	P1-1-1223
//Missing 215131	P1-1-1224
//Missing 215526	P1-1-1225
//Missing 215526	P1-1-1226
//Missing 215526	P1-1-1227
//Missing 215526	P1-1-1228
//Missing 215921	P1-1-1229
//Missing 215921	P1-1-1230
//Missing 215921	P1-1-1231
//Missing 215921	P1-1-1232
//Missing 216118	P1-1-1233
//Missing 216314	P1-1-1234
//Missing 216314	P1-1-1235
//Missing 216314	P1-1-1236
//Missing 216710	P1-1-1237
//Missing 217105	P1-1-1238
//Missing 217105	P1-1-1239
//Missing 217105	P1-1-1240
//Missing 217500	P1-1-1241
//Missing 217894	P1-1-1242
//Missing 218486	P1-1-1243
//Missing 218684	P1-1-1244
//Missing 219078	P1-1-1246
//Missing 219473	P1-1-1247
//Missing 219868	P1-1-1248
//Missing 220263	P1-1-1249
//Missing 220263	P1-1-1250
//Missing 220657	P1-1-1251
//Missing 220657	P1-1-1252
//Missing 220772	P1-1-1253
//Missing 220772	P1-1-1254
//Missing 220855	P1-1-1255
//Missing 220937	P1-1-1256
//Missing 220937	P1-1-1257
//Missing 221052	P1-1-1258
//Missing 221052	P1-1-1259
//Missing 221052	P1-1-1260
//Missing 221447	P1-1-1261
//Missing 221447	P1-1-1262
//Missing 221842	P1-1-1263
//Missing 221842	P1-1-1264
//Missing 221842	P1-1-1265
//Missing 222236	P1-1-1266
//Missing 222236	P1-1-1267
//Missing 222631	P1-1-1268
//Missing 222631	P1-1-1269
//Missing 222631	P1-1-1270
//Missing 223026	P1-1-1271
//Missing 223026	P1-1-1272
//Missing 223421	P1-1-1273
//Missing 223421	P1-1-1274
//Missing 223815	P1-1-1275
//Missing 224605	P1-1-1277
//Missing 225394	P1-1-1280
//Missing 225394	P1-1-1281
//Missing 225509	P1-1-1282
//Missing 225509	P1-1-1283
//Missing 225592	P1-1-1284
//Missing 225673	P1-1-1285
//Missing 225673	P1-1-1286
//Missing 225789	P1-1-1287
//Missing 225789	P1-1-1288
//Missing 225789	P1-1-1289
//Missing 226184	P1-1-1290
//Missing 226184	P1-1-1291
//Missing 226578	P1-1-1292
//Missing 226578	P1-1-1293
//Missing 226578	P1-1-1294
//Missing 226973	P1-1-1295
//Missing 226973	P1-1-1296
//Missing 227368	P1-1-1297
//Missing 227368	P1-1-1298
//Missing 227368	P1-1-1299
//Missing 227763	P1-1-1300
//Missing 227763	P1-1-1301
//Missing 228157	P1-1-1302
//Missing 228157	P1-1-1303
//Missing 228552	P1-1-1304
//Missing 228947	P1-1-1305
//Missing 228947	P1-1-1306
//Missing 229342	P1-1-1307
//Missing 229342	P1-1-1308
//Missing 229736	P1-1-1309
//Missing 229736	P1-1-1310
//Missing 230131	P1-1-1311
//Missing 230131	P1-1-1312
//Missing 230526	P1-1-1313
//Missing 230526	P1-1-1314
//Missing 230921	P1-1-1315
//Missing 231315	P1-1-1316
//Missing 231315	P1-1-1317
//Missing 231710	P1-1-1318
//Missing 231710	P1-1-1319
//Missing 232105	P1-1-1320
//Missing 232105	P1-1-1321
//Missing 232500	P1-1-1322
//Missing 232500	P1-1-1323
//Missing 232500	P1-1-1324
//Missing 232894	P1-1-1325
//Missing 232894	P1-1-1326
//Missing 232894	P1-1-1327
//Missing 233289	P1-1-1328
//Missing 233289	P1-1-1329
//Missing 233289	P1-1-1330
//Missing 233684	P1-1-1331
//Missing 233684	P1-1-1332
//Missing 233684	P1-1-1333
//Missing 234078	P1-1-1334
//Missing 234473	P1-1-1335
//Missing 234473	P1-1-1336
//Missing 234868	P1-1-1337
//Missing 234868	P1-1-1338
//Missing 235263	P1-1-1339
//Missing 235263	P1-1-1340
//Missing 235263	P1-1-1341
//Missing 236052	P1-1-1342
//Missing 236052	P1-1-1343
//Missing 236052	P1-1-1344
//Missing 239719	P1-1-1357
//Missing 239999	P1-1-1362
//Missing 244456	P1-1-1386
//Missing 244736	P1-1-1391
//Missing 19736	P1-1-118
//Missing 19932	P1-1-122
//Missing 198157	P1-1-1114
//Missing 198157	P1-1-1115
//Missing 236842	P1-1-1345
