//Version: ScorePerfmMatch_v170104
// Score: ./score_hmm.txt
// Perfm: ./infer_spr.txt
// fmt3x: ./score_fmt3x.txt
0	132.61	134.46	Eb3	53	54	0	0	0	P1-1-0	0	0
1	134.39	135.22	Bb3	51	65	0	0	2000	P1-1-1	0	-
2	135.691	136.125	G#3	46	57	0	0	3500	P1-1-2	0	-
3	136.104	136.54	G3	50	61	0	0	4000	P1-1-3	0	-
4	136.547	137.414	C4	53	40	0	0	4500	P1-1-4	0	-
5	137.389	137.784	Bb3	46	49	0	0	5500	P1-1-5	0	-
6	137.813	138.062	G#3	47	59	0	0	6000	P1-1-6	0	-
7	138.239	138.386	G#3	49	60	0	0	6500	P1-1-7	0	-
8	138.4	138.593	G3	50	63	0	0	6750	P1-1-8	0	-
9	138.627	139.036	G#3	52	59	0	0	7000	P1-1-9	0	-
10	139.013	139.447	C4	55	55	0	0	7500	P1-1-10	0	-
11	139.435	139.926	F3	55	55	0	0	8000	P1-1-11	0	-
12	139.93	140.766	Bb3	49	43	0	0	8500	P1-1-12	0	-
13	140.748	141.118	G#3	50	57	0	0	9500	P1-1-13	0	-
14	141.143	141.414	G3	44	57	0	0	10000	P1-1-14	0	-
15	141.589	141.708	G3	41	58	0	0	10500	P1-1-15	0	-
16	141.743	141.953	F3	41	61	0	0	10750	P1-1-16	0	-
17	141.977	142.307	G3	42	60	0	0	11000	P1-1-17	0	-
18	142.37	142.681	Bb3	53	56	0	0	11500	P1-1-18	0	-
19	142.899	143.126	Eb3	36	51	0	0	12000	P1-1-20	0	-
20	142.907	144.784	Bb3	69	59	0	0	12000	P1-1-19	0	-
21	143.305	143.455	Eb3	36	61	0	0	12500	P1-1-21	0	-
22	143.479	143.652	D3	46	61	0	0	12750	P1-1-22	0	-
23	143.681	144.549	Eb3	45	52	0	0	13000	P1-1-23	0	-
24	144.108	144.644	G3	38	44	0	0	13500	P1-1-24	0	-
25	144.588	145.325	Eb4	66	64	0	0	14000	P1-1-25	0	-
26	144.595	145.034	C3	40	49	0	0	14000	P1-1-26	0	-
27	145.023	145.219	D3	45	52	0	0	14500	P1-1-27	0	-
28	145.182	145.406	Eb3	52	64	0	0	14750	P1-1-28	0	-
29	145.404	146.202	F3	58	63	0	0	15000	P1-1-29	0	-
30	145.782	146.214	Eb4	67	62	0	0	15500	P1-1-30	0	-
31	146.223	146.706	D4	64	63	0	0	16000	P1-1-31	0	-
32	146.224	147.09	Bb2	45	53	0	0	16000	P1-1-32	0	-
33	146.656	147.454	G4	66	54	0	0	16500	P1-1-33	0	-
34	147.079	148.574	Bb3	43	60	0	0	17000	P1-1-34	0	-
35	147.444	147.844	F4	57	61	0	0	17500	P1-1-35	0	-
36	147.869	148.169	Eb4	55	62	0	0	18000	P1-1-36	0	-
37	148.279	148.469	Eb4	56	57	0	0	18500	P1-1-37	0	-
38	148.431	148.601	D4	62	46	0	0	18750	P1-1-38	0	-
39	148.644	149.121	Eb4	61	60	0	0	19000	P1-1-39	0	-
40	148.654	149.081	A3	53	53	0	0	19000	P1-1-40	0	-
41	149.007	149.417	G3	52	56	0	0	19500	P1-1-42	0	-
42	149.008	149.473	G4	67	55	0	0	19500	P1-1-41	0	-
43	149.391	150.026	A3	52	45	0	0	20000	P1-1-44	0	-
44	149.411	149.856	C4	67	56	0	0	20000	P1-1-43	0	-
45	149.783	150.643	F4	64	58	0	0	20500	P1-1-45	0	-
46	150.059	150.13	Bb3	44	58	0	0	20750	P1-1-46	0	-
47	150.138	150.241	A3	57	60	0	0	20875	P1-1-47	0	-
48	150.226	150.576	G3	53	58	0	0	21000	P1-1-48	0	-
49	150.598	151.009	Eb4	56	58	0	0	21500	P1-1-49	0	-
50	150.616	150.945	A3	46	60	0	0	21500	P1-1-50	0	-
51	151.005	151.32	D4	53	63	0	0	22000	P1-1-51	0	-
52	151.036	151.469	Bb3	24	43	0	0	22000	P1-1-52	0	-
53	151.413	151.539	D4	51	59	0	0	22500	P1-1-53	0	-
54	151.442	151.775	Bb2	37	56	0	0	22500	P1-1-54	0	-
55	151.563	151.733	C4	64	55	0	0	22750	P1-1-55	0	-
56	151.774	152.188	Bb3	48	57	0	0	23000	P1-1-57	0	-
57	151.793	152.15	D4	51	59	0	0	23000	P1-1-56	0	-
58	152.159	152.518	F4	52	62	0	0	23500	P1-1-58	0	-
59	152.172	152.512	G#3	40	60	0	0	23500	P1-1-59	0	-
60	152.547	152.806	Bb3	52	58	0	0	24000	P1-1-60	0	-
61	152.561	152.932	G3	50	34	0	0	24000	P1-1-61	0	-
62	152.934	153.263	G2	39	42	0	0	24500	P1-1-63	0	-
63	152.968	153.109	Bb3	47	54	0	0	24500	P1-1-62	0	-
64	153.094	153.255	G#3	67	34	0	0	24750	P1-1-64	0	-
65	153.307	154.277	Bb3	58	13	0	0	25000	P1-1-65	0	-
66	153.324	153.949	G3	43	45	0	0	25000	P1-1-66	0	-
67	153.688	154.174	F3	44	63	0	0	25500	P1-1-68	0	-
68	153.695	154.257	D4	51	60	0	0	25500	P1-1-67	0	-
69	154.186	155.687	Eb4	74	58	0	0	26000	P1-1-69	0	-
70	154.204	156.132	Eb3	41	58	0	0	26000	P1-1-71	0	-
71	154.233	154.692	G3	45	53	0	0	26000	P1-1-70	0	-
72	154.602	154.841	F3	41	37	0	0	26500	P1-1-73	0	-
73	154.619	154.745	G#3	43	52	0	0	26500	P1-1-72	0	-
74	154.736	154.922	Bb3	66	60	0	0	26750	P1-1-74	0	-
75	154.75	154.919	G3	37	45	0	0	26750	P1-1-75	0	-
76	154.952	155.277	C4	58	45	0	0	27000	P1-1-76	0	-
77	154.991	155.296	G#3	61	48	0	0	27000	P1-1-77	0	-
78	155.344	155.445	G3	42	58	0	0	-1	*	3	-
79	155.345	155.463	Bb3	54	52	0	0	-1	*	3	-
80	155.488	156.183	G#3	50	27	0	0	-1	*	3	-
81	155.494	155.711	C4	56	37	0	0	27750	P1-1-79	0	-
82	155.698	156.485	Bb4	79	63	0	0	28000	P1-1-80	0	-
83	155.726	156.182	D4	54	37	0	0	28000	P1-1-81	0	-
84	156.096	156.242	G3	51	57	0	0	28500	P1-1-83	0	-
85	156.103	156.309	F4	34	53	0	0	28500	P1-1-82	0	-
86	156.241	156.44	F3	40	60	0	0	28750	P1-1-84	0	-
87	156.424	156.458	Bb3	50	62	0	0	29000	P1-1-85	0	-
88	156.448	156.973	G3	57	56	0	0	29000	P1-1-86	0	-
89	156.833	157.306	G#4	80	59	0	0	29500	P1-1-87	0	-
90	156.857	157.254	Bb3	44	64	0	0	29500	P1-1-89	0	-
91	156.86	157.003	D4	42	60	0	0	29500	P1-1-88	0	-
92	157.253	158.78	G4	71	57	0	0	30000	P1-1-90	0	-
93	157.264	157.651	Eb3	51	58	0	0	30000	P1-1-92	0	-
94	157.279	159.214	Eb4	59	37	0	0	30000	P1-1-91	0	-
95	157.635	157.784	G#3	57	61	0	0	30500	P1-1-94	0	-
96	157.655	158.386	C5	72	56	0	0	30500	P1-1-93	0	-
97	157.796	157.967	G3	58	56	0	0	30750	P1-1-95	0	-
98	158	158.415	G#3	57	56	0	0	31000	P1-1-96	0	-
99	158.383	158.778	Bb4	70	61	0	0	31500	P1-1-97	0	-
100	158.388	158.71	C4	50	57	0	0	31500	P1-1-98	0	-
101	158.789	159.072	G#4	66	61	0	0	32000	P1-1-99	0	-
102	158.792	159.9	F3	44	55	0	0	32000	P1-1-100	0	-
103	159.196	159.35	G#4	67	54	0	0	32500	P1-1-101	0	-
104	159.333	159.487	G4	68	57	0	0	32750	P1-1-102	0	-
105	159.522	159.95	G#4	72	57	0	0	33000	P1-1-103	0	-
106	159.542	159.731	D4	51	56	0	0	33000	P1-1-104	0	-
107	159.909	160.279	C5	70	64	0	0	33500	P1-1-105	0	-
108	159.911	160.09	G3	56	61	0	0	33500	P1-1-107	0	-
109	159.923	160.142	C4	49	42	0	0	33500	P1-1-106	0	-
110	160.048	160.274	G#3	71	65	0	0	33750	P1-1-108	0	-
111	160.269	161.803	Bb3	71	61	0	0	34000	P1-1-111	0	-
112	160.282	160.61	F4	64	64	0	0	34000	P1-1-109	0	-
113	160.288	160.686	D4	54	59	0	0	34000	P1-1-110	0	-
114	160.629	161.495	Bb4	79	52	0	0	34500	P1-1-112	0	-
115	160.857	160.939	Eb4	58	61	0	0	34750	P1-1-113	0	-
116	160.902	160.985	D4	58	64	0	0	34875	P1-1-114	0	-
117	161.005	161.219	C4	62	60	0	0	35000	P1-1-115	0	-
118	161.345	161.78	G#4	73	61	0	0	35500	P1-1-116	0	-
119	161.384	161.527	D4	54	60	0	0	35500	P1-1-117	0	-
120	161.797	162.064	G4	65	55	0	0	36000	P1-1-118	0	-
121	161.815	162.868	Eb3	42	47	0	0	36000	P1-1-120	0	-
122	161.815	163.12	Eb4	54	35	0	0	36000	P1-1-119	0	-
123	162.222	162.383	Bb3	48	55	0	0	36500	P1-1-122	0	-
124	162.236	162.387	G4	55	58	0	0	36500	P1-1-121	0	-
125	162.391	162.526	F4	57	58	0	0	36750	P1-1-123	0	-
126	162.401	162.516	G#3	49	60	0	0	36750	P1-1-124	0	-
127	162.579	162.958	G4	48	47	0	0	37000	P1-1-125	0	-
128	162.583	163.309	Bb3	44	62	0	0	37000	P1-1-126	0	-
129	162.941	163.3	Bb4	61	60	0	0	37500	P1-1-127	0	-
130	162.954	163.062	D3	45	58	0	0	37500	P1-1-128	0	-
131	163.327	164.449	C3	53	44	0	0	38000	P1-1-130	0	-
132	163.341	163.726	Eb4	53	54	0	0	38000	P1-1-129	0	-
133	163.701	163.828	G#3	45	58	0	0	38500	P1-1-132	0	-
134	163.728	163.855	F4	51	59	0	0	38500	P1-1-131	0	-
135	163.857	164.016	Eb4	63	38	0	0	38750	P1-1-133	0	-
136	163.862	164	G3	37	60	0	0	38750	P1-1-134	0	-
137	164.054	164.946	F4	53	62	0	0	39000	P1-1-135	0	-
138	164.075	164.878	G#3	40	59	0	0	39000	P1-1-136	0	-
139	164.416	164.96	G#4	57	62	0	0	39500	P1-1-137	0	-
140	164.442	164.845	F3	34	58	0	0	39500	P1-1-138	0	-
141	164.864	166.484	Bb4	84	63	0	0	40000	P1-1-139	0	-
142	164.87	166.845	Bb2	45	55	0	0	40000	P1-1-141	0	-
143	164.894	165.323	D4	54	54	0	0	40000	P1-1-140	0	-
144	165.292	165.683	G3	42	64	0	0	40500	P1-1-143	0	-
145	165.297	166.04	Eb4	60	64	0	0	40500	P1-1-142	0	-
146	165.661	166.063	F3	61	62	0	0	41000	P1-1-144	0	-
147	166.014	166.406	D4	70	58	0	0	41500	P1-1-145	0	-
148	166.024	166.248	Bb3	62	64	0	0	41500	P1-1-146	0	-
149	166.403	167.94	C4	60	54	0	0	42000	P1-1-148	0	-
150	166.417	167.197	Eb5	82	56	0	0	42000	P1-1-147	0	-
151	166.426	166.768	G3	51	60	0	0	42000	P1-1-149	0	-
152	166.805	167.591	G4	53	64	0	0	42500	P1-1-150	0	-
153	167.183	167.577	C5	70	63	0	0	43000	P1-1-151	0	-
154	167.197	168.011	F3	39	55	0	0	43000	P1-1-152	0	-
155	167.204	167.563	A2	57	59	0	0	43000	P1-1-153	0	-
156	167.54	167.971	Eb5	87	63	0	0	43500	P1-1-154	0	-
157	167.936	168.438	D5	82	52	0	0	44000	P1-1-155	0	-
158	167.952	168.731	Bb2	46	55	0	0	44000	P1-1-156	0	-
159	168.346	168.961	G5	80	62	0	0	44500	P1-1-157	0	-
160	168.351	168.643	D3	39	49	0	0	44500	P1-1-159	0	-
161	168.367	168.539	Bb4	63	59	0	0	44500	P1-1-158	0	-
162	168.496	168.648	A4	68	56	0	0	44750	P1-1-160	0	-
163	168.701	169.309	Bb4	61	64	0	0	45000	P1-1-161	0	-
164	168.72	169.477	G3	43	59	0	0	45000	P1-1-162	0	-
165	169.066	169.507	F5	69	59	0	0	45500	P1-1-163	0	-
166	169.07	169.422	G2	45	37	0	0	45500	P1-1-164	0	-
167	169.457	170.879	C3	51	48	0	0	46000	P1-1-166	0	-
168	169.457	169.759	Eb5	79	64	0	0	46000	P1-1-165	0	-
169	169.861	170.033	C4	50	54	0	0	46500	P1-1-168	0	-
170	169.885	170.055	Eb5	74	59	0	0	46500	P1-1-167	0	-
171	170.018	170.142	D5	74	60	0	0	46750	P1-1-169	0	-
172	170.032	170.161	Bb3	48	63	0	0	46750	P1-1-170	0	-
173	170.205	171.06	Eb5	77	63	0	0	47000	P1-1-171	0	-
174	170.217	171.019	C4	52	49	0	0	47000	P1-1-173	0	-
175	170.227	170.466	A4	60	62	0	0	47000	P1-1-172	0	-
176	170.57	171.013	G5	80	63	0	0	47500	P1-1-174	0	-
177	170.591	170.968	Eb3	46	59	0	0	47500	P1-1-176	0	-
178	170.603	170.816	G4	56	59	0	0	47500	P1-1-175	0	-
179	170.967	172.418	F3	50	46	0	0	48000	P1-1-179	0	-
180	170.969	171.331	C5	85	63	0	0	48000	P1-1-177	0	-
181	170.985	171.402	A4	65	58	0	0	48000	P1-1-178	0	-
182	171.329	172.187	F5	73	50	0	0	48500	P1-1-180	0	-
183	171.512	171.606	D4	45	48	0	0	48750	P1-1-182	0	-
184	171.536	171.637	Bb4	68	64	0	0	48750	P1-1-181	0	-
185	171.582	171.696	C4	47	57	0	0	48875	P1-1-184	0	-
186	171.592	171.689	A4	68	66	0	0	48875	P1-1-183	0	-
187	171.698	171.944	G4	66	62	0	0	49000	P1-1-185	0	-
188	171.71	172.048	Bb3	43	62	0	0	49000	P1-1-186	0	-
189	172.057	172.493	Eb5	77	61	0	0	49500	P1-1-187	0	-
190	172.079	172.52	C4	53	52	0	0	49500	P1-1-189	0	-
191	172.079	172.235	A4	62	60	0	0	49500	P1-1-188	0	-
192	172.493	172.727	D5	59	56	0	0	50000	P1-1-191	0	-
193	172.501	173.039	Bb4	59	40	0	0	50000	P1-1-192	0	-
194	172.518	172.874	Bb3	43	60	0	0	50000	P1-1-194	0	-
195	172.519	173.223	D4	36	48	0	0	50000	P1-1-193	0	-
196	172.899	173.053	D5	58	57	0	0	50500	P1-1-195	0	-
197	172.916	173.237	F3	38	57	0	0	50500	P1-1-196	0	-
198	173.049	173.164	C5	72	59	0	0	50750	P1-1-197	0	-
199	173.241	173.579	D5	58	61	0	0	51000	P1-1-198	0	-
200	173.258	173.582	Bb3	45	49	0	0	51000	P1-1-199	0	-
201	173.589	173.781	C4	46	58	0	0	51500	P1-1-202	0	-
202	173.593	174.073	F5	77	58	0	0	51500	P1-1-200	0	-
203	173.597	173.828	F4	51	60	0	0	51500	P1-1-201	0	-
204	173.6	173.952	A3	47	56	0	0	51500	P1-1-203	0	-
205	173.969	174.095	G3	53	56	0	0	52000	P1-1-207	0	-
206	173.978	174.235	Bb4	79	61	0	0	52000	P1-1-204	0	-
207	173.984	174.583	G4	62	59	0	0	52000	P1-1-205	0	-
208	173.987	174.697	D4	45	56	0	0	52000	P1-1-206	0	-
209	174.371	174.698	D3	51	57	0	0	52500	P1-1-209	0	-
210	174.381	174.562	Bb4	72	60	0	0	52500	P1-1-208	0	-
211	174.523	174.683	A4	70	57	0	0	52750	P1-1-210	0	-
212	174.723	175.082	Bb4	72	63	0	0	53000	P1-1-211	0	-
213	174.737	175.057	G3	42	61	0	0	53000	P1-1-212	0	-
214	175.079	175.494	D5	68	62	0	0	53500	P1-1-213	0	-
215	175.105	175.26	F3	48	63	0	0	53500	P1-1-216	0	-
216	175.11	175.247	D4	51	60	0	0	53500	P1-1-214	0	-
217	175.111	175.498	G#3	48	64	0	0	53500	P1-1-215	0	-
218	175.485	175.922	G4	73	56	0	0	54000	P1-1-217	0	-
219	175.507	175.861	Bb3	49	62	0	0	54000	P1-1-219	0	-
220	175.512	175.718	Eb4	58	63	0	0	54000	P1-1-218	0	-
221	175.513	176.332	Eb3	42	61	0	0	54000	P1-1-220	0	-
222	175.836	176.313	A4	82	64	0	0	54500	P1-1-221	0	-
223	175.856	176.454	C4	62	37	0	0	54500	P1-1-223	0	-
224	175.86	176.293	F4	62	56	0	0	54500	P1-1-222	0	-
225	176.257	176.591	C#4	47	62	0	0	55000	P1-1-226	0	-
226	176.262	177.739	Bb4	73	62	0	0	55000	P1-1-224	0	-
227	176.267	176.981	G4	59	54	0	0	55000	P1-1-225	0	-
228	176.598	176.938	E3	47	59	0	0	55500	P1-1-227	0	-
229	176.972	177.69	F4	61	57	0	0	56000	P1-1-228	0	-
230	176.978	178.437	F3	39	43	0	0	56000	P1-1-230	0	-
231	176.984	177.328	C4	45	57	0	0	56000	P1-1-229	0	-
232	177.331	177.687	Bb3	41	63	0	0	56500	P1-1-231	0	-
233	177.737	178.507	A4	64	32	0	0	57000	P1-1-232	0	-
234	177.739	178.108	C4	32	51	0	0	57000	P1-1-233	0	-
235	178.089	178.274	Eb4	47	53	0	0	57500	P1-1-234	0	-
236	178.523	179.087	Bb3	44	57	0	0	58000	P1-1-237	0	-
237	178.532	178.986	Bb2	42	54	0	0	58000	P1-1-238	0	-
238	178.536	178.654	Bb4	53	64	0	0	58000	P1-1-235	0	-
239	178.55	178.699	D4	42	59	0	0	58000	P1-1-236	0	-
240	178.952	179.126	D5	66	29	0	0	58500	P1-1-239	0	-
241	178.968	179.001	F4	48	57	0	0	58500	P1-1-240	0	-
242	179.094	179.329	Eb5	77	60	0	0	58750	P1-1-241	0	-
243	179.107	179.185	G4	66	60	0	0	58750	P1-1-242	0	-
244	179.32	180.151	Bb3	85	62	0	0	59000	P1-1-245	0	-
245	179.339	180.111	F5	61	49	0	0	59000	P1-1-243	0	-
246	179.364	180.054	G#4	54	51	0	0	59000	P1-1-244	0	-
247	179.727	180.221	D5	57	33	0	0	59500	P1-1-246	0	-
248	180.118	181.036	Eb4	79	56	0	0	60000	P1-1-248	0	-
249	180.136	180.48	Bb4	59	63	0	0	60000	P1-1-247	0	-
250	180.492	180.563	Eb5	66	61	0	0	60500	P1-1-249	0	-
251	180.496	180.536	G4	57	66	0	0	60500	P1-1-250	0	-
252	180.634	180.752	F5	74	62	0	0	60750	P1-1-251	0	-
253	180.657	180.696	G#4	67	61	0	0	60750	P1-1-252	0	-
254	180.846	181.225	Eb3	72	66	0	0	61000	P1-1-255	0	-
255	180.851	181.275	G5	81	59	0	0	61000	P1-1-253	0	-
256	180.874	180.991	Bb4	58	48	0	0	61000	P1-1-254	0	-
257	181.198	181.643	Eb4	78	63	0	0	61500	P1-1-258	0	-
258	181.198	181.618	Eb5	75	64	0	0	61500	P1-1-256	0	-
259	181.231	181.322	G4	50	51	0	0	61500	P1-1-257	0	-
260	181.61	182.715	D4	76	59	0	0	62000	P1-1-261	0	-
261	181.614	182.1	F5	73	56	0	0	62000	P1-1-259	0	-
262	181.627	182.811	Bb3	65	35	0	0	62000	P1-1-262	0	-
263	181.633	181.698	F4	51	62	0	0	62000	P1-1-260	0	-
264	182.031	182.196	Eb5	72	60	0	0	62500	P1-1-263	0	-
265	182.035	182.596	G4	77	48	0	0	62500	P1-1-265	0	-
266	182.061	182.278	Bb4	61	54	0	0	62500	P1-1-264	0	-
267	182.191	182.384	D5	75	58	0	0	62750	P1-1-266	0	-
268	182.376	182.722	C5	74	64	0	0	63000	P1-1-267	0	-
269	182.392	182.581	G#4	66	58	0	0	63000	P1-1-268	0	-
270	182.727	183.152	D5	68	53	0	0	63500	P1-1-269	0	-
271	182.732	183.189	F4	63	60	0	0	63500	P1-1-271	0	-
272	182.734	183.035	G#3	64	59	0	0	63500	P1-1-272	0	-
273	182.744	182.907	Bb4	66	56	0	0	63500	P1-1-270	0	-
274	183.154	183.312	Bb4	42	60	0	0	64000	*	3	-
275	183.157	183.281	Eb5	66	56	0	0	64000	P1-1-273	0	-
276	183.16	183.751	G3	58	63	0	0	64000	P1-1-276	0	-
277	183.168	183.465	Eb4	61	59	0	0	64000	P1-1-275	0	-
278	183.632	184.353	C4	67	62	0	0	64500	P1-1-278	0	-
279	183.651	183.798	Eb4	49	58	0	0	64500	P1-1-277	0	-
280	183.801	183.964	D4	59	56	0	0	64750	P1-1-279	0	-
281	184.011	184.464	Eb4	53	48	0	0	65000	P1-1-280	0	-
282	184.381	184.722	Bb3	52	63	0	0	65500	P1-1-282	0	-
283	184.389	184.829	G4	48	55	0	0	65500	P1-1-281	0	-
284	184.748	185.015	G#3	50	62	0	0	66000	P1-1-284	0	-
285	184.761	185.297	C4	63	57	0	0	66000	P1-1-283	0	-
286	185.152	185.309	G#3	45	58	0	0	66500	P1-1-286	0	-
287	185.169	185.96	F4	66	63	0	0	66500	P1-1-285	0	-
288	185.335	185.499	G3	51	63	0	0	66750	P1-1-287	0	-
289	185.543	185.868	G#3	56	63	0	0	67000	P1-1-288	0	-
290	185.899	186.229	Eb4	56	58	0	0	67500	P1-1-289	0	-
291	185.9	186.279	C4	55	54	0	0	67500	P1-1-290	0	-
292	186.273	186.745	F3	59	60	0	0	68000	P1-1-292	0	-
293	186.277	186.525	D4	47	53	0	0	68000	P1-1-291	0	-
294	186.694	187.439	Bb3	66	60	0	0	68500	P1-1-294	0	-
295	186.699	186.824	D4	49	55	0	0	68500	P1-1-293	0	-
296	186.842	186.993	C4	59	52	0	0	68750	P1-1-295	0	-
297	187.063	187.462	D4	49	56	0	0	69000	P1-1-296	0	-
298	187.432	187.757	G#3	48	60	0	0	69500	P1-1-298	0	-
299	187.434	187.759	F4	49	62	0	0	69500	P1-1-297	0	-
300	187.812	188.065	G3	42	60	0	0	70000	P1-1-300	0	-
301	187.823	188.057	Bb3	43	54	0	0	70000	P1-1-299	0	-
302	188.211	188.298	G3	43	52	0	0	70500	P1-1-302	0	-
303	188.223	188.356	Bb3	48	59	0	0	70500	P1-1-301	0	-
304	188.355	188.5	F3	53	61	0	0	70750	P1-1-304	0	-
305	188.366	188.493	G#3	60	58	0	0	70750	P1-1-303	0	-
306	188.559	188.806	G3	50	54	0	0	71000	P1-1-306	0	-
307	188.562	188.814	Bb3	47	63	0	0	71000	P1-1-305	0	-
308	188.941	188.993	D4	56	64	0	0	71500	P1-1-307	0	-
309	188.967	189.003	Bb3	38	57	0	0	71500	P1-1-308	0	-
310	189.504	191.114	Bb4	91	61	0	0	72000	P1-1-309	0	-
311	189.506	189.799	Eb3	41	60	0	0	72000	P1-1-311	0	-
312	189.537	190.219	G3	32	44	0	0	72000	P1-1-310	0	-
313	189.97	190.094	Eb3	53	58	0	0	72500	P1-1-312	0	-
314	190.101	190.296	D3	49	62	0	0	72750	P1-1-313	0	-
315	190.313	191.073	Eb3	49	60	0	0	73000	P1-1-315	0	-
316	190.313	191.117	G4	37	58	0	0	73000	P1-1-314	0	-
317	190.673	191.123	G3	44	54	0	0	73500	P1-1-316	0	-
318	191.065	192.004	Eb5	84	64	0	0	74000	P1-1-317	0	-
319	191.067	191.992	C3	48	57	0	0	74000	P1-1-319	0	-
320	191.442	191.633	G4	41	62	0	0	74500	P1-1-320	0	-
321	191.581	191.793	F4	52	47	0	0	74750	P1-1-321	0	-
322	191.804	192.119	G4	46	64	0	0	75000	P1-1-322	0	-
323	191.816	192.312	C4	37	41	0	0	75000	P1-1-323	0	-
324	192.111	192.149	A4	74	67	0	0	75500	P1-1-324	0	-
325	192.12	192.201	Eb5	89	62	0	0	75500	P1-1-325	0	-
326	192.537	193.287	Bb5	89	61	0	0	76000	P1-1-326	0	-
327	192.578	192.675	Bb4	50	80	0	0	76000	P1-1-328	0	-
328	192.579	192.756	Bb3	44	60	0	0	76000	P1-1-329	0	-
329	192.597	192.695	D5	29	80	0	0	76000	P1-1-327	0	-
330	192.736	193.72	Bb4	11	44	0	0	76000	*	3	-
331	192.908	193.632	G5	63	56	0	0	76500	P1-1-330	0	-
332	192.921	193.065	Bb3	53	55	0	0	76500	P1-1-332	0	-
333	192.933	193.117	D4	47	35	0	0	76500	P1-1-331	0	-
334	193.073	193.196	C4	61	55	0	0	76750	P1-1-333	0	-
335	193.089	193.204	G#3	48	49	0	0	76750	P1-1-334	0	-
336	193.269	193.461	Bb3	59	65	0	0	77000	P1-1-336	0	-
337	193.27	193.47	D4	66	64	0	0	77000	P1-1-335	0	-
338	193.605	193.858	G#5	88	62	0	0	77500	P1-1-337	0	-
339	193.626	193.995	F5	65	36	0	0	77500	P1-1-338	0	-
340	193.634	193.831	F4	52	62	0	0	77500	P1-1-339	0	-
341	193.637	193.787	D4	49	60	0	0	77500	P1-1-340	0	-
342	193.965	194.451	G5	86	61	0	0	78000	P1-1-341	0	-
343	193.988	194.243	G4	55	54	0	0	78000	P1-1-343	0	-
344	193.99	195.079	Eb4	49	60	0	0	78000	P1-1-344	0	-
345	194.374	194.523	G4	56	52	0	0	78500	P1-1-347	0	-
346	194.382	194.93	C6	81	64	0	0	78500	P1-1-345	0	-
347	194.42	194.546	Eb5	60	62	0	0	78500	P1-1-346	0	-
348	194.543	194.715	D5	64	46	0	0	78750	P1-1-348	0	-
349	194.55	194.692	F4	50	53	0	0	78750	P1-1-349	0	-
350	194.727	195.1	Eb5	52	53	0	0	79000	P1-1-350	0	-
351	194.761	195.108	G4	39	50	0	0	79000	P1-1-351	0	-
352	195.103	195.532	Bb5	89	64	0	0	79500	P1-1-352	0	-
353	195.112	195.418	G5	64	60	0	0	79500	P1-1-353	0	-
354	195.124	195.433	E4	43	56	0	0	79500	P1-1-354	0	-
355	195.491	195.674	G#5	82	63	0	0	80000	P1-1-355	0	-
356	195.523	195.611	F4	45	58	0	0	80000	P1-1-357	0	-
357	195.525	195.605	C5	50	60	0	0	80000	P1-1-356	0	-
358	195.873	196.118	G#5	68	33	0	0	80500	P1-1-358	0	-
359	195.879	196.024	F3	53	60	0	0	80500	P1-1-361	0	-
360	195.883	196.054	C4	43	60	0	0	80500	P1-1-360	0	-
361	195.904	195.968	F5	44	54	0	0	80500	P1-1-359	0	-
362	196.029	196.073	E3	49	65	0	0	80750	P1-1-363	0	-
363	196.029	196.176	G5	73	54	0	0	80750	P1-1-362	0	-
364	196.222	198.048	F3	61	46	0	0	81000	P1-1-366	0	-
365	196.226	196.423	F5	66	63	0	0	81000	*	3	-
366	196.235	196.613	G#5	80	65	0	0	81000	P1-1-364	0	-
367	196.236	196.994	F4	55	59	0	0	81000	P1-1-365	0	-
368	196.579	196.961	C6	79	60	0	0	81500	P1-1-367	0	-
369	196.586	196.951	A3	64	62	0	0	81500	P1-1-369	0	-
370	196.602	196.847	Eb5	73	63	0	0	81500	P1-1-368	0	-
371	196.939	197.298	Bb3	64	65	0	0	82000	P1-1-372	0	-
372	196.944	197.109	F5	78	63	0	0	82000	P1-1-370	0	-
373	196.962	197.242	D5	64	60	0	0	82000	P1-1-371	0	-
374	197.321	197.524	F4	56	56	0	0	82500	P1-1-375	0	-
375	197.347	197.973	Bb5	80	66	0	0	82500	P1-1-373	0	-
376	197.373	197.5	D5	57	57	0	0	82500	P1-1-374	0	-
377	197.501	197.625	C5	73	57	0	0	82750	P1-1-376	0	-
378	197.523	197.67	Eb4	50	61	0	0	82750	P1-1-377	0	-
379	197.72	198.095	F4	38	61	0	0	83000	P1-1-379	0	-
380	197.72	198.301	D5	43	40	0	0	83000	P1-1-378	0	-
381	198.069	198.441	G#5	66	55	0	0	83500	P1-1-380	0	-
382	198.087	198.365	D4	45	60	0	0	83500	P1-1-382	0	-
383	198.09	198.44	F5	53	61	0	0	83500	P1-1-381	0	-
384	198.439	198.683	G5	66	60	0	0	84000	P1-1-383	0	-
385	198.453	199	Eb4	48	30	0	0	84000	P1-1-385	0	-
386	198.472	198.689	Bb4	38	57	0	0	84000	P1-1-384	0	-
387	198.82	199.074	Bb3	41	62	0	0	84500	P1-1-388	0	-
388	198.834	199.07	Eb3	40	62	0	0	84500	P1-1-389	0	-
389	198.837	198.883	Bb4	55	65	0	0	84500	P1-1-387	0	-
390	198.839	199.002	G5	66	53	0	0	84500	P1-1-386	0	-
391	198.998	199.235	F5	68	58	0	0	84750	P1-1-390	0	-
392	199.033	199.062	G#4	38	50	0	0	84750	P1-1-391	0	-
393	199.192	199.448	Eb4	46	36	0	0	85000	P1-1-394	0	-
394	199.201	199.591	G5	65	56	0	0	85000	P1-1-392	0	-
395	199.232	199.524	Bb4	45	54	0	0	85000	P1-1-393	0	-
396	199.354	199.594	D4	65	57	0	0	85250	P1-1-396	0	-
397	199.551	199.714	Bb5	71	64	0	0	85500	P1-1-397	0	-
398	199.566	199.751	D5	53	62	0	0	85500	P1-1-398	0	-
399	199.569	199.748	C4	68	60	0	0	85500	P1-1-399	0	-
400	199.719	199.876	Bb3	72	63	0	0	85750	P1-1-400	0	-
401	199.929	200.426	C4	63	29	0	0	86000	P1-1-403	0	-
402	199.938	200.164	Eb5	64	61	0	0	86000	P1-1-401	0	-
403	199.948	200.152	G4	51	49	0	0	86000	P1-1-402	0	-
404	200.306	200.605	C3	47	54	0	0	86500	P1-1-406	0	-
405	200.308	200.418	Eb5	68	58	0	0	86500	P1-1-404	0	-
406	200.331	200.376	A4	53	65	0	0	86500	P1-1-405	0	-
407	200.475	200.72	D5	65	43	0	0	86750	P1-1-407	0	-
408	200.497	200.707	B4	56	52	0	0	86750	P1-1-408	0	-
409	200.674	200.94	C4	56	44	0	0	87000	P1-1-411	0	-
410	200.675	201.145	Eb5	66	35	0	0	87000	P1-1-409	0	-
411	200.704	201.091	C5	54	51	0	0	87000	P1-1-410	0	-
412	200.826	201.054	Bb3	60	59	0	0	87250	P1-1-412	0	-
413	201.015	201.518	G5	74	62	0	0	87500	P1-1-413	0	-
414	201.017	201.53	B4	62	64	0	0	87500	P1-1-414	0	-
415	201.018	201.231	G#3	67	56	0	0	87500	P1-1-415	0	-
416	201.176	201.441	G3	70	62	0	0	87750	P1-1-416	0	-
417	201.434	201.944	G#3	54	41	0	0	88000	P1-1-419	0	-
418	201.465	202.462	C5	83	57	0	0	88000	P1-1-417	0	-
419	201.87	202.216	G#2	45	62	0	0	88500	P1-1-421	0	-
420	201.876	202.479	D5	53	28	0	0	88500	P1-1-420	0	-
421	202.041	202.667	Eb5	68	45	0	0	88750	P1-1-422	0	-
422	202.223	203.785	F5	71	59	0	0	89000	P1-1-423	0	-
423	202.235	202.712	G#3	64	26	0	0	89000	P1-1-424	0	-
424	202.378	202.655	B4	75	57	0	0	89250	P1-1-425	0	-
425	202.593	202.807	C5	79	59	0	0	89500	P1-1-426	0	-
426	202.596	202.769	G3	54	56	0	0	89500	P1-1-427	0	-
427	202.754	203.022	D5	76	61	0	0	89750	P1-1-428	0	-
428	202.757	202.977	F3	52	60	0	0	89750	P1-1-429	0	-
429	202.983	204.728	G3	48	43	0	0	90000	P1-1-431	0	-
430	202.99	203.388	B4	77	64	0	0	90000	P1-1-430	0	-
431	203.368	203.465	G4	57	61	0	0	90500	P1-1-432	0	-
432	203.818	203.982	Eb5	58	57	0	0	91000	P1-1-433	0	-
433	203.824	204.913	C5	49	58	0	0	91000	P1-1-434	0	-
434	204.029	204.201	D5	58	59	0	0	91250	P1-1-435	0	-
435	204.198	204.361	Eb5	67	62	0	0	91500	P1-1-436	0	-
436	204.362	204.508	F5	59	61	0	0	91750	P1-1-437	0	-
437	204.547	205.623	D5	53	46	0	0	92000	P1-1-438	0	-
438	204.697	204.831	F3	46	63	0	0	92250	P1-1-439	0	-
439	204.901	205.056	G3	42	56	0	0	92500	P1-1-441	0	-
440	204.901	205.591	G5	66	60	0	0	92500	P1-1-440	0	-
441	205.066	205.188	G#3	49	60	0	0	92750	P1-1-442	0	-
442	205.242	205.391	G3	49	55	0	0	93000	P1-1-444	0	-
443	205.267	206.483	Bb4	59	54	0	0	93000	P1-1-443	0	-
444	205.42	205.579	F3	39	53	0	0	93250	P1-1-445	0	-
445	205.601	205.823	E3	41	37	0	0	93500	P1-1-447	0	-
446	205.606	206.089	F5	53	62	0	0	93500	P1-1-446	0	-
447	205.789	206.011	D3	47	53	0	0	93750	P1-1-448	0	-
448	206.075	207.736	C3	36	42	0	0	94000	P1-1-450	0	-
449	206.091	206.776	E5	53	52	0	0	94000	P1-1-449	0	-
450	206.44	206.804	C5	47	34	0	0	94500	P1-1-451	0	-
451	206.809	206.918	G#4	47	62	0	0	95000	P1-1-453	0	-
452	206.821	208.294	F5	56	62	0	0	95000	P1-1-452	0	-
453	206.976	207.227	G4	53	52	0	0	95250	P1-1-454	0	-
454	207.168	207.337	G#4	69	60	0	0	95500	P1-1-455	0	-
455	207.316	207.44	Bb4	75	62	0	0	95750	P1-1-456	0	-
456	207.525	208.044	G4	46	59	0	0	96000	P1-1-457	0	-
457	207.684	207.854	Bb2	53	62	0	0	96250	P1-1-458	0	-
458	207.845	208.813	C5	50	43	0	0	96500	P1-1-459	0	-
459	207.876	208.139	C3	57	28	0	0	96500	P1-1-460	0	-
460	208.015	208.15	D3	63	61	0	0	96750	P1-1-461	0	-
461	208.2	208.4	C3	46	49	0	0	97000	P1-1-463	0	-
462	208.206	209.775	Eb5	67	54	0	0	97000	P1-1-462	0	-
463	208.376	208.566	Bb2	64	57	0	0	97250	P1-1-464	0	-
464	208.564	208.685	A2	56	63	0	0	97500	P1-1-466	0	-
465	208.586	208.827	Bb4	60	60	0	0	97500	P1-1-465	0	-
466	208.716	208.878	G2	55	60	0	0	97750	P1-1-467	0	-
467	208.946	210.67	F2	48	51	0	0	98000	P1-1-469	0	-
468	208.966	209.164	A4	55	63	0	0	98000	P1-1-468	0	-
469	209.379	209.461	F4	45	62	0	0	98500	P1-1-470	0	-
470	209.761	210.99	Bb4	55	56	0	0	99000	P1-1-472	0	-
471	209.773	209.976	D5	61	58	0	0	99000	P1-1-471	0	-
472	209.939	210.182	C5	72	54	0	0	99250	P1-1-473	0	-
473	210.123	210.323	D5	74	58	0	0	99500	P1-1-474	0	-
474	210.277	210.471	Eb5	83	61	0	0	99750	P1-1-475	0	-
475	210.468	211.652	C5	85	56	0	0	100000	P1-1-476	0	-
476	210.655	210.878	Eb3	54	61	0	0	100250	P1-1-477	0	-
477	210.861	211.669	F5	78	54	0	0	100500	P1-1-478	0	-
478	210.884	211.032	F3	52	60	0	0	100500	P1-1-479	0	-
479	211.056	211.216	G3	50	60	0	0	100750	P1-1-480	0	-
480	211.246	212.495	G#4	70	50	0	0	101000	P1-1-481	0	-
481	211.247	211.399	F3	42	57	0	0	101000	P1-1-482	0	-
482	211.416	211.533	Eb3	45	65	0	0	101250	P1-1-483	0	-
483	211.591	211.766	D3	49	53	0	0	101500	P1-1-485	0	-
484	211.606	211.973	Eb5	65	62	0	0	101500	P1-1-484	0	-
485	211.783	211.948	C3	47	57	0	0	101750	P1-1-486	0	-
486	211.984	212.727	D5	54	39	0	0	102000	P1-1-487	0	-
487	211.998	213.637	Bb2	43	55	0	0	102000	P1-1-488	0	-
488	212.357	212.659	Bb4	55	33	0	0	102500	P1-1-489	0	-
489	212.771	212.815	G4	45	63	0	0	103000	P1-1-491	0	-
490	212.774	213.929	Eb5	61	56	0	0	103000	P1-1-490	0	-
491	212.94	213.205	F4	55	54	0	0	103250	P1-1-492	0	-
492	213.139	213.337	G4	61	59	0	0	103500	P1-1-493	0	-
493	213.296	213.467	G#4	72	57	0	0	103750	P1-1-494	0	-
494	213.479	215.881	F4	57	38	0	0	104000	P1-1-495	0	-
495	213.632	213.893	G#3	56	55	0	0	104250	P1-1-496	0	-
496	213.83	214.059	Bb3	55	59	0	0	104500	P1-1-498	0	-
497	213.854	214.638	Bb4	53	55	0	0	104500	P1-1-497	0	-
498	214.003	214.289	C4	66	55	0	0	104750	P1-1-499	0	-
499	214.21	215.05	Bb3	74	53	0	0	105000	P1-1-501	0	-
500	214.233	215.17	C#5	67	56	0	0	105000	P1-1-500	0	-
501	214.408	214.764	G#3	61	40	0	0	105250	P1-1-503	0	-
502	214.598	214.79	G3	56	53	0	0	105500	P1-1-505	0	-
503	214.628	215.061	G#4	56	61	0	0	105500	P1-1-504	0	-
504	214.774	214.997	F3	55	64	0	0	105750	P1-1-506	0	-
505	214.998	215.437	Bb4	79	57	0	0	106000	P1-1-507	0	-
506	215.019	215.931	Eb4	64	55	0	0	106000	P1-1-508	0	-
507	215.023	215.341	G3	48	65	0	0	106000	P1-1-509	0	-
508	215.365	215.934	C5	79	31	0	0	106500	P1-1-510	0	-
509	215.374	216.404	G#3	59	36	0	0	106500	P1-1-512	0	-
510	215.713	216.656	Bb4	81	50	0	0	107000	P1-1-513	0	-
511	215.721	216.276	D3	56	27	0	0	107000	P1-1-514	0	-
512	216.074	216.363	C#4	82	65	0	0	107500	P1-1-516	0	-
513	216.095	216.456	E3	65	61	0	0	107500	P1-1-517	0	-
514	216.11	216.423	G4	49	53	0	0	107500	P1-1-515	0	-
515	216.455	217.33	C4	65	48	0	0	108000	P1-1-519	0	-
516	216.482	216.852	F3	56	61	0	0	108000	P1-1-520	0	-
517	216.485	216.765	G#4	63	63	0	0	108000	P1-1-518	0	-
518	216.861	217.127	F4	59	61	0	0	108500	P1-1-521	0	-
519	217.016	217.233	G4	66	61	0	0	108750	P1-1-523	0	-
520	217.209	218.392	G#4	70	56	0	0	109000	P1-1-524	0	-
521	217.363	217.531	Eb3	50	59	0	0	109250	P1-1-525	0	-
522	217.565	217.933	Eb4	57	61	0	0	109500	P1-1-526	0	-
523	217.575	217.675	C#3	47	64	0	0	109500	P1-1-527	0	-
524	217.72	217.892	C3	52	51	0	0	109750	P1-1-528	0	-
525	217.948	218.467	Bb2	46	58	0	0	110000	P1-1-530	0	-
526	217.968	218.199	C#4	54	51	0	0	110000	P1-1-529	0	-
527	218.351	218.701	F4	62	60	0	0	110500	P1-1-531	0	-
528	218.354	218.54	C#4	58	44	0	0	110500	P1-1-532	0	-
529	218.488	218.981	C4	72	46	0	0	110750	P1-1-533	0	-
530	218.69	218.779	C#4	57	64	0	0	111000	P1-1-535	0	-
531	218.697	219.092	Bb4	77	61	0	0	111000	P1-1-534	0	-
532	218.847	219.076	Bb2	65	62	0	0	111250	P1-1-536	0	-
533	219.046	219.223	C3	69	61	0	0	111500	P1-1-539	0	-
534	219.055	219.325	G#4	68	59	0	0	111500	P1-1-537	0	-
535	219.062	219.254	F4	60	61	0	0	111500	P1-1-538	0	-
536	219.212	219.416	C#3	77	65	0	0	111750	P1-1-540	0	-
537	219.429	220.51	Eb3	65	53	0	0	112000	P1-1-543	0	-
538	219.455	219.621	Bb3	45	65	0	0	112000	P1-1-542	0	-
539	219.455	219.714	G4	56	52	0	0	112000	P1-1-541	0	-
540	219.809	220.394	Eb4	68	51	0	0	112500	P1-1-545	0	-
541	219.819	220.026	G4	63	36	0	0	112500	P1-1-544	0	-
542	219.988	220.14	F4	78	58	0	0	112750	P1-1-546	0	-
543	220.191	220.532	G4	72	62	0	0	113000	P1-1-547	0	-
544	220.338	220.558	Eb2	66	60	0	0	113250	P1-1-548	0	-
545	220.533	220.747	F2	65	58	0	0	113500	P1-1-551	0	-
546	220.537	220.887	Bb4	78	60	0	0	113500	P1-1-549	0	-
547	220.539	220.766	C#4	69	61	0	0	113500	P1-1-550	0	-
548	220.695	220.925	G2	70	60	0	0	113750	P1-1-552	0	-
549	220.892	221.061	G#2	69	64	0	0	114000	P1-1-555	0	-
550	220.9	220.98	Eb4	68	63	0	0	114000	P1-1-553	0	-
551	220.915	221.084	C4	64	58	0	0	114000	P1-1-554	0	-
552	221.061	221.285	Bb2	75	60	0	0	114250	P1-1-556	0	-
553	221.252	221.384	C3	58	62	0	0	114500	P1-1-559	0	-
554	221.26	221.608	G#4	73	59	0	0	114500	P1-1-557	0	-
555	221.267	221.424	C4	57	61	0	0	114500	P1-1-558	0	-
556	221.405	221.578	D3	63	61	0	0	114750	P1-1-561	0	-
557	221.421	221.611	Bb3	66	62	0	0	114750	P1-1-560	0	-
558	221.632	222.017	C4	51	61	0	0	115000	P1-1-562	0	-
559	221.652	223.799	Eb3	47	44	0	0	115000	P1-1-563	0	-
560	221.963	222.065	G4	52	62	0	0	115500	P1-1-564	0	-
561	221.997	222.048	Eb4	55	64	0	0	115500	P1-1-565	0	-
562	222.481	223.82	Bb4	90	33	0	0	116000	P1-1-566	0	-
563	222.498	222.781	G#3	55	60	0	0	116000	P1-1-568	0	-
564	222.502	222.775	F4	67	62	0	0	116000	P1-1-567	0	-
565	222.943	223.106	F4	56	54	0	0	116500	P1-1-569	0	-
566	222.947	223.096	G#3	54	52	0	0	116500	P1-1-570	0	-
567	223.093	223.233	Eb4	51	54	0	0	116750	P1-1-571	0	-
568	223.108	223.229	G3	44	55	0	0	116750	P1-1-572	0	-
569	223.305	223.64	F4	45	35	0	0	117000	P1-1-573	0	-
570	223.312	223.507	G#3	56	58	0	0	117000	P1-1-574	0	-
571	223.694	223.887	Bb3	46	37	0	0	117500	P1-1-577	0	-
572	223.707	223.856	G4	34	51	0	0	117500	P1-1-576	0	-
573	223.816	223.974	G#3	57	59	0	0	117750	P1-1-579	0	-
574	223.831	223.918	F4	49	65	0	0	117750	P1-1-578	0	-
575	224.063	225.601	Eb3	80	65	0	0	118000	P1-1-583	0	-
576	224.079	224.87	Eb5	79	48	0	0	118000	P1-1-580	0	-
577	224.111	224.639	G3	42	64	0	0	118000	P1-1-582	0	-
578	224.111	224.401	Eb4	41	40	0	0	118000	P1-1-581	0	-
579	224.476	224.652	Bb3	64	41	0	0	118500	P1-1-585	0	-
580	224.486	224.682	G4	49	37	0	0	118500	P1-1-584	0	-
581	224.634	224.963	F4	66	39	0	0	118750	P1-1-586	0	-
582	224.635	224.84	G#3	68	64	0	0	118750	P1-1-587	0	-
583	224.831	225.276	Bb3	73	61	0	0	119000	P1-1-589	0	-
584	224.85	225.229	G4	66	59	0	0	119000	P1-1-588	0	-
585	225.195	225.569	A4	66	57	0	0	119500	P1-1-591	0	-
586	225.203	225.397	Eb5	81	65	0	0	119500	P1-1-590	0	-
587	225.205	225.521	C4	68	59	0	0	119500	P1-1-592	0	-
588	225.358	225.58	G4	80	62	0	0	119750	P1-1-593	0	-
589	225.579	225.68	D5	77	59	0	0	120000	P1-1-594	0	-
590	225.585	225.844	D4	71	53	0	0	120000	P1-1-596	0	-
591	225.587	226.718	Bb3	63	58	0	0	120000	P1-1-597	0	-
592	225.595	225.842	F4	63	51	0	0	120000	P1-1-595	0	-
593	225.952	226.533	G5	75	61	0	0	120500	P1-1-598	0	-
594	225.974	226.112	Bb4	68	61	0	0	120500	P1-1-599	0	-
595	225.986	226.155	D4	70	60	0	0	120500	P1-1-600	0	-
596	226.104	226.207	G#4	75	59	0	0	120750	P1-1-601	0	-
597	226.136	226.238	C4	68	58	0	0	120750	P1-1-602	0	-
598	226.323	227.131	D4	56	61	0	0	121000	P1-1-604	0	-
599	226.341	226.914	Bb4	80	61	0	0	121000	P1-1-603	0	-
600	226.733	227.226	F5	80	61	0	0	121500	P1-1-605	0	-
601	226.756	227.111	G#3	53	37	0	0	121500	P1-1-608	0	-
602	226.757	226.915	D5	60	62	0	0	121500	P1-1-606	0	-
603	227.171	227.506	Eb5	86	65	0	0	122000	P1-1-609	0	-
604	227.182	228.028	G3	47	61	0	0	122000	P1-1-612	0	-
605	227.596	228.357	C5	56	62	0	0	122500	P1-1-614	0	-
606	227.603	227.801	Eb5	58	64	0	0	122500	P1-1-613	0	-
607	227.604	228.621	G4	52	55	0	0	122500	P1-1-615	0	-
608	227.605	228.043	C4	41	32	0	0	122500	P1-1-616	0	-
609	227.763	227.908	D5	75	56	0	0	122750	P1-1-617	0	-
610	227.961	228.339	Eb5	83	65	0	0	123000	P1-1-618	0	-
611	227.965	228.456	Eb4	69	36	0	0	123000	P1-1-620	0	-
612	228.297	228.693	G5	84	64	0	0	123500	P1-1-621	0	-
613	228.316	228.703	Bb3	68	56	0	0	123500	P1-1-622	0	-
614	228.671	230.162	C5	89	57	0	0	124000	P1-1-623	0	-
615	228.678	228.955	G#3	70	62	0	0	124000	P1-1-625	0	-
616	228.685	229.508	G#4	75	42	0	0	124000	P1-1-624	0	-
617	229.055	229.902	F5	83	59	0	0	124500	P1-1-626	0	-
618	229.068	229.209	G#3	62	61	0	0	124500	P1-1-629	0	-
619	229.079	229.201	C4	59	37	0	0	124500	P1-1-628	0	-
620	229.206	229.393	G3	57	52	0	0	124750	P1-1-631	0	-
621	229.206	229.345	Bb3	68	53	0	0	124750	P1-1-630	0	-
622	229.438	229.581	C4	49	62	0	0	125000	P1-1-632	0	-
623	229.449	229.659	G#3	50	64	0	0	125000	P1-1-633	0	-
624	229.783	230.229	Eb5	86	63	0	0	125500	P1-1-634	0	-
625	229.785	230.094	C4	39	53	0	0	125500	P1-1-637	0	-
626	229.787	230.037	Eb4	61	63	0	0	125500	P1-1-636	0	-
627	230.142	230.785	F3	58	58	0	0	126000	P1-1-641	0	-
628	230.158	230.469	D5	82	59	0	0	126000	P1-1-638	0	-
629	230.181	231.296	Bb4	66	57	0	0	126000	P1-1-639	1	-
630	230.56	231.293	D4	48	49	0	0	126500	P1-1-644	0	-
631	230.58	231.183	Bb3	54	58	0	0	126500	P1-1-645	0	-
632	230.585	230.766	D5	68	61	0	0	126500	P1-1-642	0	-
633	230.726	230.89	C5	80	53	0	0	126750	P1-1-646	0	-
634	230.924	231.284	D5	74	61	0	0	127000	P1-1-647	0	-
635	230.927	232.207	G4	63	41	0	0	127000	P1-1-649	0	-
636	231.273	231.498	G#3	75	62	0	0	127500	P1-1-652	0	-
637	231.274	231.712	F5	81	49	0	0	127500	P1-1-650	0	-
638	231.628	232.42	Bb4	86	59	0	0	128000	P1-1-653	0	-
639	231.639	231.818	G3	65	58	0	0	128000	P1-1-655	0	-
640	232.002	232.123	G3	62	60	0	0	128500	P1-1-657	0	-
641	232.01	232.434	Eb5	86	62	0	0	128500	P1-1-656	0	-
642	232.126	232.37	F3	57	61	0	0	128750	P1-1-658	0	-
643	232.361	232.962	G3	54	44	0	0	129000	P1-1-660	0	-
644	232.378	233.228	C#5	84	63	0	0	129000	P1-1-659	0	-
645	232.775	232.986	G#4	58	59	0	0	129500	P1-1-661	0	-
646	232.793	232.944	F4	44	63	0	0	129500	P1-1-662	0	-
647	232.794	233.101	Bb3	46	59	0	0	129500	P1-1-663	0	-
648	233.152	233.844	G4	67	39	0	0	130000	P1-1-664	0	-
649	233.158	233.345	Eb3	44	64	0	0	130000	P1-1-666	0	-
650	233.18	233.928	Eb4	63	27	0	0	130000	P1-1-665	0	-
651	233.498	233.986	C5	82	55	0	0	130500	P1-1-667	0	-
652	233.512	233.703	Eb3	57	62	0	0	130500	P1-1-668	0	-
653	233.651	233.909	D3	65	56	0	0	130750	P1-1-669	0	-
654	233.875	234.751	Bb4	87	63	0	0	131000	P1-1-670	0	-
655	233.89	234.611	Eb3	54	58	0	0	131000	P1-1-671	0	-
656	234.267	234.512	F4	47	61	0	0	131500	P1-1-672	0	-
657	234.277	235.338	G3	42	58	0	0	131500	P1-1-674	0	-
658	234.291	234.496	D4	38	62	0	0	131500	P1-1-673	0	-
659	234.633	235.275	C3	53	36	0	0	132000	P1-1-677	0	-
660	234.667	235.408	C4	43	51	0	0	132000	P1-1-676	0	-
661	234.667	235.278	Eb4	62	62	0	0	132000	P1-1-675	0	-
662	235.034	235.417	D3	52	61	0	0	132500	P1-1-679	0	-
663	235.052	235.258	G#4	76	59	0	0	132500	P1-1-678	0	-
664	235.206	235.515	G4	78	55	0	0	132750	P1-1-680	0	-
665	235.215	235.467	Eb3	66	62	0	0	132750	P1-1-681	0	-
666	235.438	235.955	F3	67	60	0	0	133000	P1-1-683	0	-
667	235.439	236.624	G#4	83	61	0	0	133000	P1-1-682	0	-
668	235.821	236.066	D4	73	58	0	0	133500	P1-1-684	0	-
669	235.822	236.315	G#3	67	60	0	0	133500	P1-1-685	0	-
670	235.976	236.209	C4	78	49	0	0	133750	P1-1-686	0	-
671	236.227	236.887	Bb2	58	59	0	0	134000	P1-1-689	0	-
672	236.227	238.185	F3	67	66	0	0	134000	P1-1-688	0	-
673	236.227	237.154	D4	78	62	0	0	134000	P1-1-687	0	-
674	236.653	237.158	Bb3	80	62	0	0	134500	P1-1-690	0	-
675	237.113	238.088	F#4	86	55	0	0	135000	P1-1-691	0	-
676	237.124	237.967	Eb4	80	35	0	0	135000	P1-1-692	0	-
677	237.125	238.172	A2	61	63	0	0	135000	P1-1-693	0	-
678	237.617	238.186	C4	79	62	0	0	135500	P1-1-694	0	-
679	238.155	241.765	F4	77	61	0	0	136000	P1-1-695	0	-
680	238.163	239.421	Eb4	72	63	0	0	136000	P1-1-696	1	-
681	238.165	241.234	Bb2	66	32	0	0	136000	P1-1-697	0	-
682	238.724	239.062	F3	72	62	0	0	136500	P1-1-698	0	-
683	238.969	239.39	Eb3	71	66	0	0	136750	P1-1-699	0	-
684	239.37	240.728	D4	76	60	0	0	137000	P1-1-700	0	-
685	239.387	240.785	F3	55	37	0	0	137000	P1-1-701	0	-
686	240.235	240.822	Bb3	59	63	0	0	137500	P1-1-702	0	-
687	241.613	245.775	Eb4	48	48	0	0	138000	P1-1-703	0	-
688	241.623	245.805	Eb2	45	40	0	0	138000	P1-1-704	0	-
689	241.635	245.753	G3	38	43	0	0	138000	P1-1-705	0	-
690	241.635	245.771	Bb3	38	48	0	0	138000	P1-1-706	0	-
//Missing 27500	P1-1-78
//Missing 49500	P1-1-190
//Missing 64000	P1-1-274
//Missing 74000	P1-1-318
//Missing 78000	P1-1-342
//Missing 85000	P1-1-395
//Missing 88000	P1-1-418
//Missing 105000	P1-1-502
//Missing 106500	P1-1-511
//Missing 108500	P1-1-522
//Missing 117000	P1-1-575
//Missing 121500	P1-1-607
//Missing 122000	P1-1-610
//Missing 122000	P1-1-611
//Missing 123000	P1-1-619
//Missing 124500	P1-1-627
//Missing 125500	P1-1-635
//Missing 126000	P1-1-640
//Missing 126500	P1-1-643
//Missing 127000	P1-1-648
//Missing 127500	P1-1-651
//Missing 128000	P1-1-654
