//Version: ScorePerfmMatch_v170104
// Score: ./score_hmm.txt
// Perfm: ./infer_spr.txt
// fmt3x: ./score_fmt3x.txt
0	0.833334	1.33013	C5	92	59	0	0	0	P1-1-1	0	0
1	0.845086	1.40492	F#4	89	56	0	0	0	P1-1-0	0	-
2	0.84936	1.38248	F#3	80	55	0	0	0	P1-1-3	0	-
3	0.866454	1.34188	D3	71	63	0	0	0	P1-1-2	0	-
4	1.36645	1.44658	C#5	90	58	0	0	592	P1-1-5	0	-
5	1.37393	1.40598	F4	81	69	0	0	592	P1-1-4	0	-
6	1.37714	1.42735	C#3	67	64	0	0	592	P1-1-6	0	-
7	1.39851	1.43056	G#3	70	67	0	0	592	P1-1-7	0	-
8	1.61325	1.67201	G#4	91	64	0	0	789	P1-1-9	0	-
9	1.61752	1.64957	F4	78	71	0	0	789	P1-1-8	0	-
10	1.62393	1.6859	C#3	55	64	0	0	789	P1-1-11	0	-
11	1.62928	1.68056	B2	69	66	0	0	789	P1-1-10	0	-
12	2.35684	2.41774	Bb4	56	60	0	0	1381	P1-1-13	0	-
13	2.36966	2.41346	F#4	56	65	0	0	1381	P1-1-12	0	-
14	2.39423	2.4391	Bb2	29	47	0	0	1381	P1-1-14	0	-
15	2.60684	2.96795	B4	51	32	0	0	1578	P1-1-17	0	-
16	2.61218	2.69552	Eb4	42	49	0	0	1578	P1-1-16	0	-
17	2.61646	2.96368	G#2	39	32	0	0	1578	P1-1-18	0	-
18	2.97116	3.00641	Bb4	52	55	0	0	1875	P1-1-20	0	-
19	2.97329	3.01389	Bb2	44	58	0	0	1875	P1-1-21	0	-
20	2.99466	3.05556	G#4	66	63	0	0	1973	P1-1-23	0	-
21	3.02885	3.07052	B2	56	57	0	0	1973	P1-1-24	0	-
22	3.05128	3.09829	B3	34	51	0	0	1973	P1-1-22	0	-
23	3.25748	3.30983	C3	55	62	0	0	2171	P1-1-27	0	-
24	3.27458	3.32906	F#4	36	48	0	0	2171	P1-1-26	0	-
25	3.28312	3.32158	Bb3	47	58	0	0	2171	P1-1-25	0	-
26	3.5609	4.13889	F4	38	61	0	0	2368	P1-1-29	0	-
27	3.57372	4.1015	G#3	39	58	0	0	2368	P1-1-28	0	-
28	3.60364	4.12928	C#3	29	40	0	0	2368	P1-1-30	0	-
29	4.65812	5.28419	C#5	93	59	0	0	3157	P1-1-32	0	-
30	4.67201	5.22864	Bb4	81	62	0	0	3157	P1-1-31	0	-
31	4.67415	5.28953	G4	80	61	0	0	3157	P1-1-34	0	-
32	4.67842	5.29381	E4	78	62	0	0	3157	P1-1-33	0	-
33	5.2671	5.32693	B4	82	58	0	0	3750	P1-1-35	0	-
34	5.2703	5.33975	Eb5	82	66	0	0	3750	P1-1-36	0	-
35	5.28312	5.33227	Eb4	68	62	0	0	3750	P1-1-37	0	-
36	5.28312	5.32479	F#4	67	66	0	0	3750	P1-1-38	0	-
37	5.54381	5.92522	E5	88	63	0	0	3947	P1-1-40	0	-
38	5.55449	5.95727	C#5	79	60	0	0	3947	P1-1-39	0	-
39	5.55556	5.90813	C#4	65	64	0	0	3947	P1-1-41	0	-
40	5.56197	5.94445	E4	68	59	0	0	3947	P1-1-42	0	-
41	6.26389	6.32586	F#5	61	64	0	0	4539	P1-1-44	0	-
42	6.27565	6.30984	Eb4	45	55	0	0	4539	P1-1-46	0	-
43	6.2874	6.31945	Eb5	38	49	0	0	4539	P1-1-43	0	-
44	6.30236	6.36005	B3	13	37	0	0	4539	P1-1-45	0	-
45	6.5577	6.95407	G#5	56	35	0	0	4736	P1-1-48	0	-
46	6.57372	6.83654	G#3	38	42	0	0	4736	P1-1-49	0	-
47	6.57693	6.64958	E5	45	49	0	0	4736	P1-1-47	0	-
48	6.58013	6.82586	E3	26	52	0	0	4736	P1-1-50	0	-
49	6.88996	6.97009	E5	60	64	0	0	5032	P1-1-52	0	-
50	6.90492	6.95941	C#4	40	44	0	0	5032	P1-1-53	0	-
51	6.98078	7.03526	Eb5	63	58	0	0	5131	P1-1-55	0	-
52	6.99146	7.02351	C#5	44	57	0	0	-1	*	3	-
53	6.9936	7.0406	F#3	40	50	0	0	5131	P1-1-57	0	-
54	7.00749	7.05129	B4	20	43	0	0	5131	P1-1-54	0	-
55	7.01817	7.05556	Eb4	29	50	0	0	5131	P1-1-56	0	-
56	7.2265	7.31411	C#5	46	56	0	0	5328	P1-1-59	0	-
57	7.24253	7.27565	Bb4	44	57	0	0	5328	P1-1-58	0	-
58	7.25855	7.31625	E4	43	54	0	0	5328	P1-1-60	0	-
59	7.54915	8.07159	B4	37	53	0	0	5526	P1-1-62	0	-
60	7.56945	8.08548	Eb5	41	63	0	0	5526	P1-1-63	0	-
61	7.57373	8.0983	Eb4	31	51	0	0	5526	P1-1-64	0	-
62	7.57586	8.07586	B3	27	51	0	0	5526	P1-1-65	0	-
63	8.87715	9.56839	B4	37	36	0	0	6315	P1-1-67	0	-
64	8.87821	9.59189	Eb4	18	41	0	0	6315	P1-1-68	0	-
65	8.87821	9.25856	F#4	28	40	0	0	6315	P1-1-66	0	-
66	9.55663	9.61967	Bb4	51	57	0	0	6907	P1-1-70	0	-
67	9.56304	9.60364	C#4	42	58	0	0	6907	P1-1-71	0	-
68	9.58121	9.62074	F#4	41	58	0	0	6907	P1-1-69	0	-
69	9.88249	10.3162	F#4	28	43	0	0	7105	P1-1-72	0	-
70	9.88249	10.3269	Eb5	50	60	0	0	7105	P1-1-73	0	-
71	9.90813	10.2714	B3	36	41	0	0	7105	P1-1-74	0	-
72	10.6389	10.7083	C#5	48	46	0	0	7697	P1-1-76	0	-
73	10.6464	10.6955	F#4	46	59	0	0	7697	P1-1-75	0	-
74	10.656	10.6955	Bb3	38	56	0	0	7697	P1-1-77	0	-
75	10.9028	11.2393	B4	51	58	0	0	7894	P1-1-78	0	-
76	10.9242	11.2543	G#3	33	13	0	0	7894	P1-1-80	0	-
77	10.9327	11.1891	F#4	33	43	0	0	7894	P1-1-79	0	-
78	11.1891	11.2703	Bb4	55	52	0	0	8190	P1-1-81	0	-
79	11.2297	11.2778	Bb3	35	55	0	0	8190	P1-1-82	0	-
80	11.2799	11.3504	G#4	53	56	0	0	8289	P1-1-83	0	-
81	11.2917	11.3665	B3	41	44	0	0	8289	P1-1-85	0	-
82	11.3301	11.3675	F#4	39	53	0	0	8289	P1-1-84	0	-
83	11.5021	11.625	C#5	52	50	0	0	8486	P1-1-86	0	-
84	11.5107	11.5588	F4	48	54	0	0	8486	P1-1-87	0	-
85	11.7297	11.8323	Bb4	52	44	0	0	8684	P1-1-89	0	-
86	11.7639	12.0139	F#3	38	40	0	0	8684	P1-1-90	0	-
87	11.8419	11.9156	F#4	50	62	0	0	8782	P1-1-91	0	-
88	11.9648	12.0235	F4	45	60	0	0	8881	P1-1-92	0	-
89	11.9818	12.1528	C#4	52	60	0	0	8881	P1-1-93	0	-
90	12.0652	12.1293	F#4	55	61	0	0	8980	P1-1-94	0	-
91	12.1784	12.359	Eb4	54	63	0	0	9078	P1-1-96	0	-
92	12.1859	12.2596	B4	51	51	0	0	9078	P1-1-95	0	-
93	12.2863	12.3515	F#5	55	52	0	0	9177	P1-1-97	0	-
94	12.3761	12.5887	C#4	60	62	0	0	9276	P1-1-99	0	-
95	12.3761	12.437	Bb4	62	62	0	0	9276	P1-1-98	0	-
96	12.4776	12.5695	F#5	68	60	0	0	9375	P1-1-100	0	-
97	12.5801	12.6752	Eb5	61	61	0	0	9473	P1-1-101	0	-
98	12.594	12.8034	B3	68	58	0	0	9473	P1-1-102	0	-
99	12.672	12.7821	F#5	61	60	0	0	9572	P1-1-103	0	-
100	12.7927	12.8942	C#5	60	61	0	0	9671	P1-1-104	0	-
101	12.7992	12.9904	Bb3	69	63	0	0	9671	P1-1-105	0	-
102	12.8782	12.9583	F#5	65	64	0	0	9769	P1-1-106	0	-
103	13.0011	13.2094	G#3	63	53	0	0	9868	P1-1-108	0	-
104	13.0107	13.0705	F5	58	53	0	0	9868	P1-1-107	0	-
105	13.1239	13.2083	G#5	53	60	0	0	9967	P1-1-109	0	-
106	13.2094	13.4188	C#3	56	62	0	0	10065	P1-1-111	0	-
107	13.2297	13.2895	F5	53	47	0	0	10065	P1-1-110	0	-
108	13.296	13.3974	C#6	60	59	0	0	10164	P1-1-112	0	-
109	13.4199	13.5043	F#5	68	62	0	0	10263	P1-1-113	0	-
110	13.4327	13.6357	F#3	58	60	0	0	10263	P1-1-114	0	-
111	13.516	13.6143	Bb5	60	59	0	0	10361	P1-1-115	0	-
112	13.6207	13.703	F#5	77	63	0	0	10460	P1-1-116	0	-
113	13.6304	13.8504	C#3	70	62	0	0	10460	P1-1-117	0	-
114	13.718	13.8237	C#6	75	63	0	0	10559	P1-1-118	0	-
115	13.8333	13.9188	F#5	85	62	0	0	10657	P1-1-119	0	-
116	13.844	14.0214	Bb2	75	58	0	0	10657	P1-1-120	0	-
117	13.921	14.0278	C#6	76	65	0	0	10756	P1-1-121	0	-
118	14.0278	14.1218	Bb5	81	64	0	0	10855	P1-1-122	0	-
119	14.0449	14.234	C#3	62	58	0	0	10855	P1-1-123	0	-
120	14.1175	14.2254	C#6	74	66	0	0	10954	P1-1-124	0	-
121	14.234	14.3152	Bb5	75	63	0	0	11052	P1-1-125	0	-
122	14.2532	14.4167	F#2	50	61	0	0	11052	P1-1-126	0	-
123	14.3163	14.438	C#6	68	64	0	0	11151	P1-1-127	0	-
124	14.438	14.5353	Bb5	73	62	0	0	11250	P1-1-128	0	-
125	14.4637	14.6079	C#3	56	55	0	0	11250	P1-1-129	0	-
126	14.5363	14.6581	C#6	62	60	0	0	11348	P1-1-130	0	-
127	14.6517	14.7169	G#5	63	62	0	0	11447	P1-1-131	0	-
128	14.6752	14.7981	C#2	47	57	0	0	11447	P1-1-132	0	-
129	14.7522	14.8547	B5	57	57	0	0	11546	P1-1-133	0	-
130	14.8654	14.9402	F5	52	54	0	0	11644	P1-1-134	0	-
131	14.8921	15.1122	C#3	39	34	0	0	11644	P1-1-135	0	-
132	14.9445	15.0534	C#6	59	52	0	0	11743	P1-1-136	0	-
133	15.0534	15.1645	Bb5	64	59	0	0	11842	P1-1-137	0	-
134	15.0919	15.1368	F#2	46	51	0	0	11842	P1-1-138	0	-
135	15.1635	15.2233	F#5	61	54	0	0	11940	P1-1-139	0	-
136	15.297	15.3825	Bb4	54	50	0	0	12039	P1-1-140	0	-
137	15.3056	15.484	C#4	58	53	0	0	12039	P1-1-141	0	-
138	15.3889	15.5086	F#5	53	46	0	0	12138	P1-1-142	0	-
139	15.4979	15.5919	B4	58	53	0	0	12236	P1-1-143	0	-
140	15.5107	15.7201	Eb4	63	64	0	0	12236	P1-1-144	0	-
141	15.6346	15.6998	F#5	59	59	0	0	12335	P1-1-145	0	-
142	15.7083	15.9327	C#4	70	62	0	0	12434	P1-1-147	0	-
143	15.7094	15.8184	Bb4	75	61	0	0	12434	P1-1-146	0	-
144	15.8259	15.922	F#5	73	64	0	0	12532	P1-1-148	0	-
145	15.9231	16.0363	Eb5	77	59	0	0	12631	P1-1-149	0	-
146	15.9274	16.1314	B3	76	60	0	0	12631	P1-1-150	0	-
147	16.0139	16.1314	F#5	73	63	0	0	12730	P1-1-151	0	-
148	16.1175	16.328	Bb3	77	62	0	0	12829	P1-1-153	0	-
149	16.1229	16.2265	C#5	75	62	0	0	12829	P1-1-152	0	-
150	16.2009	16.296	F#5	68	64	0	0	12927	P1-1-154	0	-
151	16.3237	16.3825	F5	65	50	0	0	13026	P1-1-155	0	-
152	16.3301	16.5449	G#3	66	55	0	0	13026	P1-1-156	0	-
153	16.4252	16.5107	G#5	63	59	0	0	13125	P1-1-157	0	-
154	16.5267	16.6282	F5	62	60	0	0	13223	P1-1-158	0	-
155	16.5534	16.7885	C#3	58	61	0	0	13223	P1-1-159	0	-
156	16.6133	16.8526	C#6	59	31	0	0	13322	P1-1-160	0	-
157	16.7457	16.8366	F#5	68	63	0	0	13421	P1-1-161	0	-
158	16.7938	16.9487	F#3	65	55	0	0	13421	P1-1-162	0	-
159	16.8526	16.9722	Bb5	72	59	0	0	13519	P1-1-163	0	-
160	16.953	17.1891	C#3	74	58	0	0	13618	P1-1-165	0	-
161	16.9669	17.0524	F#5	79	64	0	0	13618	P1-1-164	0	-
162	17.0513	17.1848	C#6	68	58	0	0	13717	P1-1-166	0	-
163	17.1645	17.3333	Bb2	81	60	0	0	13815	P1-1-168	0	-
164	17.1667	17.2628	F#5	84	64	0	0	13815	P1-1-167	0	-
165	17.2639	17.3536	Bb5	83	62	0	0	13914	P1-1-169	1	-
166	17.3504	17.5855	C#3	83	58	0	0	14013	P1-1-171	0	-
167	17.3921	17.4851	Bb5	65	63	0	0	14013	P1-1-170	0	-
168	17.5011	17.5908	C#6	70	64	0	0	14111	P1-1-172	0	-
169	17.5737	17.7831	F#2	80	64	0	0	14210	P1-1-174	0	-
170	17.5898	17.6667	Bb5	79	63	0	0	14210	P1-1-173	0	-
171	17.6645	17.7596	C#6	66	65	0	0	14309	P1-1-175	0	-
172	17.781	17.891	Bb5	80	59	0	0	14407	P1-1-176	0	-
173	17.7821	18.0118	C#3	77	61	0	0	14407	P1-1-177	0	-
174	17.8675	18.0182	C#6	77	59	0	0	14506	P1-1-178	0	-
175	17.9872	18.0887	G#5	86	64	0	0	14605	P1-1-179	0	-
176	17.9947	18.2212	C#2	75	57	0	0	14605	P1-1-180	0	-
177	18.1026	18.2041	B5	69	55	0	0	14704	P1-1-181	0	-
178	18.203	18.359	C#3	60	59	0	0	14802	P1-1-183	0	-
179	18.2094	18.2842	F5	64	60	0	0	14802	P1-1-182	0	-
180	18.2842	18.3857	C#6	63	63	0	0	14901	P1-1-184	0	-
181	18.39	18.6047	F#2	65	80	0	0	15000	P1-1-186	0	-
182	18.39	18.4925	Bb5	68	63	0	0	15000	P1-1-185	0	-
183	18.484	18.5855	C#6	64	65	0	0	15098	P1-1-187	0	-
184	18.5908	18.7073	F#3	81	62	0	0	15197	P1-1-190	0	-
185	18.5908	18.7319	Bb5	73	59	0	0	15197	P1-1-189	0	-
186	18.6838	18.8227	C#6	72	59	0	0	15296	P1-1-191	0	-
187	18.8098	19.0769	Eb2	84	62	0	0	15394	P1-1-193	0	-
188	18.812	18.9167	F#5	97	63	0	0	15394	P1-1-192	0	-
189	18.9145	19.0545	G#5	85	63	0	0	15493	P1-1-194	0	-
190	19.015	19.1175	F#5	94	65	0	0	15592	P1-1-195	0	-
191	19.0171	19.0951	Eb3	92	63	0	0	15592	P1-1-196	0	-
192	19.1069	19.2404	C6	86	64	0	0	15690	P1-1-197	0	-
193	19.2212	19.328	F#5	97	65	0	0	15789	P1-1-198	0	-
194	19.2254	19.4968	C2	87	64	0	0	15789	P1-1-199	0	-
195	19.3163	19.4616	G#5	96	62	0	0	15888	P1-1-200	0	-
196	19.422	19.5331	F#5	97	66	0	0	15986	P1-1-201	0	-
197	19.4295	19.4744	C3	92	64	0	0	15986	P1-1-202	0	-
198	19.5203	19.672	Eb6	88	63	0	0	16085	P1-1-203	0	-
199	19.6346	19.7425	F#5	101	63	0	0	16184	P1-1-204	0	-
200	19.64	19.9135	G#1	91	63	0	0	16184	P1-1-205	0	-
201	19.7287	19.875	G#5	94	64	0	0	16282	P1-1-206	0	-
202	19.8515	19.9669	F#5	96	63	0	0	16381	P1-1-207	0	-
203	19.8697	19.9359	G#2	98	62	0	0	16381	P1-1-208	0	-
204	19.9519	20.0299	Eb6	88	61	0	0	16480	P1-1-209	0	-
205	20.0737	20.1207	F5	96	64	0	0	16579	P1-1-210	0	-
206	20.0737	20.1229	C#6	101	68	0	0	16579	P1-1-212	0	-
207	20.078	20.1282	C#2	91	61	0	0	16579	P1-1-213	0	-
208	20.078	20.1133	C#3	106	63	0	0	16579	P1-1-214	0	-
209	20.0801	20.1047	Eb6	59	64	0	0	16579	*	3	-
210	20.0812	20.1101	G#5	93	65	0	0	16579	P1-1-211	0	-
211	20.3355	20.4231	C4	80	58	0	0	16776	P1-1-215	0	-
212	20.4466	20.5	C#4	74	61	0	0	16875	P1-1-216	0	-
213	20.5748	20.672	C4	63	60	0	0	16973	P1-1-217	0	-
214	20.6774	20.7415	C#4	66	61	0	0	17072	P1-1-218	0	-
215	20.7596	20.8633	E4	60	64	0	0	17171	P1-1-219	0	-
216	20.8686	20.9167	F4	65	66	0	0	17269	P1-1-220	0	-
217	20.984	21.094	E4	68	63	0	0	17368	P1-1-221	0	-
218	21.0887	21.1475	F4	69	65	0	0	17467	P1-1-222	0	-
219	21.1731	21.2596	G4	68	62	0	0	17565	P1-1-223	0	-
220	21.2596	21.2917	G#4	79	69	0	0	17664	P1-1-224	0	-
221	21.3707	21.4904	G4	82	61	0	0	17763	P1-1-225	0	-
222	21.4669	21.5374	G#4	76	65	0	0	17861	P1-1-226	0	-
223	21.5534	21.641	C5	81	64	0	0	17960	P1-1-227	0	-
224	21.641	21.6859	C#5	87	68	0	0	18059	P1-1-228	0	-
225	21.75	21.8804	C5	89	66	0	0	18157	P1-1-229	0	-
226	21.8483	21.9327	C#5	78	65	0	0	18256	P1-1-230	0	-
227	21.9594	22.0556	E5	91	67	0	0	18355	P1-1-231	0	-
228	22.0545	22.1111	F5	88	63	0	0	18454	P1-1-232	0	-
229	22.1613	22.2767	E5	95	66	0	0	18552	P1-1-233	0	-
230	22.2468	22.3184	F5	86	65	0	0	18651	P1-1-234	0	-
231	22.344	22.4199	G5	86	63	0	0	18750	P1-1-235	0	-
232	22.4231	22.4851	G#5	95	67	0	0	18848	P1-1-236	0	-
233	22.5374	22.6528	G5	78	63	0	0	18947	P1-1-237	0	-
234	22.5705	22.5727	F5	52	127	0	0	18947	*	3	-
235	22.624	22.7041	G#5	84	66	0	0	19046	P1-1-238	0	-
236	22.7137	22.7885	C6	84	62	0	0	19144	P1-1-239	0	-
237	22.8088	22.8697	C#6	86	66	0	0	19243	P1-1-240	0	-
238	22.9124	23.0064	C6	69	53	0	0	19342	P1-1-241	0	-
239	23.0182	23.0748	C#6	65	63	0	0	19440	P1-1-242	0	-
240	23.1421	23.2137	E6	52	61	0	0	19539	P1-1-243	0	-
241	23.2297	23.2735	F6	59	67	0	0	19638	P1-1-244	0	-
242	23.3291	23.4135	E6	48	57	0	0	19736	P1-1-245	0	-
243	23.4252	23.4605	F6	46	56	0	0	19835	P1-1-246	0	-
244	23.5246	23.5876	G6	51	55	0	0	19934	P1-1-247	0	-
245	23.6058	23.6517	G#6	56	65	0	0	20032	P1-1-248	0	-
246	23.7158	23.7992	C6	56	63	0	0	20131	P1-1-249	0	-
247	23.8024	23.8633	C#6	53	65	0	0	20230	P1-1-250	0	-
248	23.906	23.9861	E6	50	54	0	0	20329	P1-1-251	0	-
249	23.9968	24.0374	F6	48	57	0	0	20427	P1-1-252	0	-
250	24.1058	24.1806	G5	53	51	0	0	20526	P1-1-253	0	-
251	24.1913	24.2255	G#5	48	64	0	0	20625	P1-1-254	0	-
252	24.2853	24.3846	C6	48	56	0	0	20723	P1-1-255	0	-
253	24.3804	24.4242	C#6	47	59	0	0	20822	P1-1-256	0	-
254	24.4765	24.5599	E5	52	60	0	0	20921	P1-1-257	0	-
255	24.562	24.6207	F5	53	60	0	0	21019	P1-1-258	0	-
256	24.6838	24.7682	G5	50	55	0	0	21118	P1-1-259	0	-
257	24.7863	24.8302	G#5	48	54	0	0	21217	P1-1-260	0	-
258	24.8932	24.9519	C5	56	59	0	0	21315	P1-1-261	0	-
259	24.9733	25.0246	C#5	46	64	0	0	21414	P1-1-262	0	-
260	25.0812	25.1688	E5	40	52	0	0	21513	P1-1-263	0	-
261	25.1859	25.2201	F5	38	54	0	0	21611	P1-1-264	0	-
262	25.2554	25.3376	G4	52	57	0	0	21710	P1-1-265	0	-
263	25.3398	25.4039	G#4	58	64	0	0	21809	P1-1-266	0	-
264	25.4584	25.5588	C5	45	52	0	0	21907	P1-1-267	0	-
265	25.5727	25.6197	C#5	29	52	0	0	22006	P1-1-268	0	-
266	25.6742	25.7543	E4	36	58	0	0	22105	P1-1-269	0	-
267	25.765	25.8216	F4	42	61	0	0	22204	P1-1-270	0	-
268	25.9017	25.968	C5	39	43	0	0	22302	P1-1-271	0	-
269	25.9808	26.0524	C#5	38	48	0	0	22401	P1-1-272	0	-
270	26.1197	26.2393	C4	41	57	0	0	22500	P1-1-273	0	-
271	26.2276	26.2874	C#4	36	52	0	0	22598	P1-1-274	0	-
272	26.3419	26.4081	C5	54	60	0	0	22697	P1-1-275	0	-
273	26.4135	26.468	C#5	54	62	0	0	22796	P1-1-276	0	-
274	26.5331	26.5876	C4	42	63	0	0	22894	P1-1-277	0	-
275	26.6069	26.6432	C#4	45	62	0	0	22993	P1-1-278	0	-
276	26.7212	26.8109	C5	48	53	0	0	23092	P1-1-279	0	-
277	26.8099	26.8579	C#5	49	64	0	0	23190	P1-1-280	0	-
278	26.9316	27.015	C3	42	64	0	0	23289	P1-1-281	0	-
279	27.015	27.0599	C#3	47	61	0	0	23388	P1-1-282	0	-
280	27.1165	27.2212	C4	47	63	0	0	23486	P1-1-283	0	-
281	27.2073	27.2468	C#4	58	65	0	0	23585	P1-1-284	0	-
282	27.3398	27.4391	C4	44	60	0	0	23684	P1-1-285	0	-
283	27.4295	27.4883	C#4	48	63	0	0	23782	P1-1-286	0	-
284	27.5737	27.6272	C5	37	54	0	0	23881	P1-1-287	0	-
285	27.64	27.6752	C#5	50	56	0	0	23980	P1-1-288	0	-
286	27.7618	27.8462	C3	40	57	0	0	24079	P1-1-289	0	-
287	27.89	27.9637	C#3	40	60	0	0	24177	P1-1-290	0	-
288	28.0214	28.1229	C4	48	58	0	0	24276	P1-1-291	0	-
289	28.1101	28.172	C#4	57	63	0	0	24375	P1-1-292	0	-
290	28.343	29.0364	C5	91	59	0	0	24473	P1-1-294	0	-
291	28.3537	28.5267	F#4	91	63	0	0	24473	P1-1-293	0	-
292	28.3601	29.0128	F#3	79	59	0	0	24473	P1-1-296	0	-
293	28.3665	28.9787	D3	72	53	0	0	24473	P1-1-295	0	-
294	29.015	29.0737	C#3	53	64	0	0	25065	P1-1-299	0	-
295	29.015	29.0812	C#5	69	64	0	0	25065	P1-1-298	0	-
296	29.0182	29.0684	F4	67	62	0	0	25065	P1-1-297	0	-
297	29.0374	29.0812	G#3	54	64	0	0	25065	P1-1-300	0	-
298	29.2853	29.5524	G#4	58	62	0	0	25263	P1-1-302	0	-
299	29.296	29.546	F4	50	59	0	0	25263	P1-1-301	0	-
300	29.3141	29.5513	C#3	36	44	0	0	25263	P1-1-304	0	-
301	29.3248	29.5364	B2	41	58	0	0	25263	P1-1-303	0	-
302	29.999	30.062	Bb4	53	56	0	0	25855	P1-1-306	0	-
303	30.0267	30.078	C#3	31	51	0	0	25855	P1-1-308	0	-
304	30.0374	30.0737	F#4	22	49	0	0	25855	P1-1-305	0	-
305	30.0428	30.1005	Bb2	21	46	0	0	25855	P1-1-307	0	-
306	30.2511	30.4926	B4	51	47	0	0	26052	P1-1-310	0	-
307	30.2607	30.3131	Eb4	36	47	0	0	26052	P1-1-309	0	-
308	30.2628	30.6475	G#2	39	40	0	0	26052	P1-1-311	0	-
309	30.5855	30.6678	Bb4	59	62	0	0	26348	P1-1-313	0	-
310	30.5876	30.6507	Bb2	50	60	0	0	26348	P1-1-314	0	-
311	30.6571	30.7084	G#4	51	65	0	0	26447	P1-1-316	0	-
312	30.6881	30.7265	B2	47	60	0	0	26447	P1-1-317	0	-
313	30.7137	30.7575	B3	34	55	0	0	26447	P1-1-315	0	-
314	30.9178	31.0107	F#4	44	45	0	0	26644	P1-1-319	0	-
315	30.9327	30.9776	C3	44	55	0	0	26644	P1-1-320	0	-
316	30.9359	30.968	Bb3	41	58	0	0	26644	P1-1-318	0	-
317	31.2009	31.5577	G#3	40	54	0	0	26842	P1-1-321	0	-
318	31.2009	31.6379	F4	39	54	0	0	26842	P1-1-322	0	-
319	31.2404	31.5267	C#3	25	35	0	0	26842	P1-1-323	0	-
320	32.2522	33.0385	C#5	91	59	0	0	27631	P1-1-325	0	-
321	32.2639	32.9797	Bb4	74	59	0	0	27631	P1-1-324	0	-
322	32.2746	33.0396	G4	71	53	0	0	27631	P1-1-327	0	-
323	32.2789	32.9872	E4	67	51	0	0	27631	P1-1-326	0	-
324	33.0193	33.1229	Eb5	66	56	0	0	28223	P1-1-329	0	-
325	33.0246	33.0705	F#4	57	52	0	0	28223	P1-1-331	0	-
326	33.0267	33.0855	Eb4	50	56	0	0	28223	P1-1-330	0	-
327	33.0428	33.0759	B4	41	55	0	0	28223	P1-1-328	0	-
328	33.3205	33.6624	E5	54	60	0	0	28421	P1-1-333	0	-
329	33.3227	33.6699	C#4	31	57	0	0	28421	P1-1-334	0	-
330	33.3387	33.6656	C#5	39	52	0	0	28421	P1-1-332	0	-
331	33.3451	33.6517	E4	39	48	0	0	28421	P1-1-335	0	-
332	34.0663	34.125	F#5	67	65	0	0	29013	P1-1-337	0	-
333	34.093	34.1336	Eb4	35	56	0	0	29013	P1-1-339	0	-
334	34.1015	34.1379	B3	28	49	0	0	29013	P1-1-338	0	-
335	34.3387	34.6635	G#5	76	55	0	0	29210	P1-1-341	0	-
336	34.3622	34.6143	G#3	46	42	0	0	29210	P1-1-342	0	-
337	34.3729	34.5876	E3	24	42	0	0	29210	P1-1-343	0	-
338	34.3729	34.4007	E5	48	60	0	0	29210	P1-1-340	0	-
339	34.6678	34.75	E5	66	66	0	0	29506	P1-1-345	0	-
340	34.6785	34.7223	C#4	36	44	0	0	29506	P1-1-346	0	-
341	34.75	34.8088	Eb5	63	63	0	0	29605	P1-1-348	0	-
342	34.7629	34.8109	Eb4	52	61	0	0	29605	P1-1-349	0	-
343	34.765	34.8227	F#3	44	52	0	0	29605	P1-1-350	0	-
344	34.7789	34.8131	B4	31	45	0	0	29605	P1-1-347	0	-
345	34.7821	34.8227	C#5	31	42	0	0	-1	*	3	-
346	34.9936	35.0641	C#5	54	59	0	0	29802	P1-1-352	0	-
347	35.0139	35.046	Bb4	42	57	0	0	29802	P1-1-351	0	-
348	35.0203	35.0834	E4	49	59	0	0	29802	P1-1-353	0	-
349	35.0406	35.1176	F#3	9	42	0	0	29802	P1-1-354	0	-
350	35.2992	35.671	Eb5	53	60	0	0	30000	P1-1-356	0	-
351	35.3152	35.671	B4	24	52	0	0	30000	P1-1-355	0	-
352	35.3195	35.6849	Eb4	34	47	0	0	30000	P1-1-357	0	-
353	35.3355	35.6667	B3	11	41	0	0	30000	P1-1-358	0	-
354	36.5289	37.1945	B4	45	30	0	0	30789	P1-1-360	0	-
355	36.5342	36.9883	F#4	34	33	0	0	30789	P1-1-359	0	-
356	36.5428	37.2703	Eb4	27	32	0	0	30789	P1-1-361	0	-
357	37.2586	37.343	F#4	38	45	0	0	31381	P1-1-362	0	-
358	37.2586	37.3334	Bb4	45	56	0	0	31381	P1-1-363	0	-
359	37.2703	37.3173	C#4	37	56	0	0	31381	P1-1-364	0	-
360	37.5759	37.8943	F#4	20	43	0	0	31578	P1-1-365	0	-
361	37.5759	37.8911	Eb5	27	51	0	0	31578	P1-1-366	0	-
362	37.5812	37.875	B3	30	33	0	0	31578	P1-1-367	0	-
363	38.249	38.3099	C#5	52	52	0	0	32171	P1-1-369	0	-
364	38.2564	38.3184	F#4	45	62	0	0	32171	P1-1-368	0	-
365	38.2735	38.312	Bb3	30	55	0	0	32171	P1-1-370	0	-
366	38.5054	38.8676	B4	48	59	0	0	32368	P1-1-371	0	-
367	38.5235	38.8462	G#3	39	37	0	0	32368	P1-1-373	0	-
368	38.5246	38.8238	F#4	36	38	0	0	32368	P1-1-372	0	-
369	38.8184	38.8975	Bb4	41	42	0	0	32664	P1-1-374	0	-
370	38.8494	38.9103	Bb3	35	50	0	0	32664	P1-1-375	0	-
371	38.8782	38.9584	G#4	55	56	0	0	32763	P1-1-376	0	-
372	38.906	38.9701	F#4	31	49	0	0	32763	P1-1-377	0	-
373	38.922	38.9894	B3	38	44	0	0	32763	P1-1-378	0	-
374	39.1218	39.2885	C#5	49	34	0	0	32960	P1-1-379	0	-
375	39.1293	39.1881	F4	44	50	0	0	32960	P1-1-380	0	-
376	39.1336	39.2415	C#3	34	35	0	0	32960	P1-1-381	0	-
377	39.3547	39.4797	Bb4	50	41	0	0	33157	P1-1-382	0	-
378	39.4007	39.7746	F#3	25	29	0	0	33157	P1-1-383	0	-
379	39.4594	39.5353	F#4	48	60	0	0	33256	P1-1-384	0	-
380	39.5567	39.6293	F4	47	60	0	0	33355	P1-1-385	0	-
381	39.593	39.7554	C#4	41	57	0	0	33355	P1-1-386	0	-
382	39.6667	39.7394	F#4	60	61	0	0	33454	P1-1-387	0	-
383	39.7906	39.9413	Eb4	53	62	0	0	33552	P1-1-389	0	-
384	39.7949	39.8868	B4	55	58	0	0	33552	P1-1-388	0	-
385	39.8985	39.9851	F#5	61	60	0	0	33651	P1-1-390	0	-
386	39.9851	40.2062	C#4	50	59	0	0	33750	P1-1-392	0	-
387	39.9851	40.0695	Bb4	62	62	0	0	33750	P1-1-391	0	-
388	40.0919	40.1988	F#5	59	61	0	0	33848	P1-1-393	0	-
389	40.203	40.3003	Eb5	60	61	0	0	33947	P1-1-394	0	-
390	40.2116	40.3804	B3	56	56	0	0	33947	P1-1-395	0	-
391	40.3003	40.3953	F#5	62	61	0	0	34046	P1-1-396	0	-
392	40.406	40.5032	C#5	61	61	0	0	34144	P1-1-397	0	-
393	40.4124	40.5823	Bb3	55	62	0	0	34144	P1-1-398	0	-
394	40.4958	40.5748	F#5	66	64	0	0	34243	P1-1-399	0	-
395	40.6026	40.8152	G#3	54	50	0	0	34342	P1-1-401	0	-
396	40.6133	40.6881	F5	56	56	0	0	34342	P1-1-400	0	-
397	40.7148	40.8109	G#5	59	57	0	0	34440	P1-1-402	0	-
398	40.812	40.906	F5	53	55	0	0	34539	P1-1-403	0	-
399	40.8376	41.0267	C#3	51	59	0	0	34539	P1-1-404	0	-
400	40.9082	41.0203	C#6	55	59	0	0	34638	P1-1-405	0	-
401	41.0203	41.1282	F#5	63	59	0	0	34736	P1-1-406	0	-
402	41.0364	41.2458	F#3	54	55	0	0	34736	P1-1-407	0	-
403	41.1325	41.2426	Bb5	58	59	0	0	34835	P1-1-408	0	-
404	41.2351	41.4434	C#3	57	60	0	0	34934	P1-1-410	0	-
405	41.2372	41.328	F#5	64	62	0	0	34934	P1-1-409	0	-
406	41.3312	41.421	C#6	64	64	0	0	35032	P1-1-411	0	-
407	41.4317	41.5182	F#5	72	62	0	0	35131	P1-1-412	0	-
408	41.4349	41.609	Bb2	71	59	0	0	35131	P1-1-413	0	-
409	41.5182	41.6218	C#6	70	65	0	0	35230	P1-1-414	0	-
410	41.624	41.7233	Bb5	83	63	0	0	35329	P1-1-415	0	-
411	41.6357	41.8419	C#3	68	60	0	0	35329	P1-1-416	0	-
412	41.718	41.8355	C#6	68	66	0	0	35427	P1-1-417	0	-
413	41.8312	41.9317	Bb5	82	64	0	0	35526	P1-1-418	0	-
414	41.8526	42.0417	F#2	63	63	0	0	35526	P1-1-419	0	-
415	41.9327	42.0438	C#6	72	65	0	0	35625	P1-1-420	0	-
416	42.0449	42.156	Bb5	77	59	0	0	35723	P1-1-421	0	-
417	42.0631	42.2586	C#3	60	34	0	0	35723	P1-1-422	0	-
418	42.1475	42.2629	C#6	64	61	0	0	35822	P1-1-423	0	-
419	42.2479	42.343	G#5	72	63	0	0	35921	P1-1-424	0	-
420	42.2639	42.4178	C#2	54	55	0	0	35921	P1-1-425	0	-
421	42.3547	42.4562	B5	65	59	0	0	36019	P1-1-426	0	-
422	42.4498	42.5246	F5	65	60	0	0	36118	P1-1-427	0	-
423	42.4573	42.6763	C#3	51	33	0	0	36118	P1-1-428	0	-
424	42.5417	42.562	C#6	68	68	0	0	36217	P1-1-429	0	-
425	42.6817	42.8024	Bb4	71	54	0	0	36315	P1-1-430	1	-
426	42.6956	42.749	F#2	57	64	0	0	36315	P1-1-431	0	-
427	42.781	42.8526	G#4	25	64	0	0	-1	*	3	-
428	42.8152	42.8537	G4	49	57	0	0	36414	P1-1-432	1	-
429	42.8932	42.9797	F4	62	63	0	0	36513	P1-1-433	1	-
430	42.9285	43.0866	C#4	66	54	0	0	36513	P1-1-434	0	-
431	42.984	43.0652	F#4	71	65	0	0	36611	P1-1-435	1	-
432	43.109	43.1988	B4	59	59	0	0	36710	P1-1-436	0	-
433	43.1304	43.2853	Eb4	64	58	0	0	36710	P1-1-437	0	-
434	43.1988	43.2949	F#5	69	62	0	0	36809	P1-1-438	0	-
435	43.3045	43.3804	Bb4	66	60	0	0	36907	P1-1-439	0	-
436	43.327	43.484	C#4	57	59	0	0	36907	P1-1-440	0	-
437	43.4018	43.499	F#5	64	63	0	0	37006	P1-1-441	0	-
438	43.5097	43.6112	Eb5	64	60	0	0	37105	P1-1-442	0	-
439	43.5129	43.6678	B3	59	61	0	0	37105	P1-1-443	0	-
440	43.6037	43.6945	F#5	66	62	0	0	37204	P1-1-444	0	-
441	43.6977	43.8612	Bb3	56	62	0	0	37302	P1-1-446	0	-
442	43.7105	43.8035	C#5	66	59	0	0	37302	P1-1-445	0	-
443	43.8077	43.8847	F#5	65	63	0	0	37401	P1-1-447	0	-
444	43.9103	44.1133	G#3	50	36	0	0	37500	P1-1-449	0	-
445	43.9221	43.9862	F5	62	54	0	0	37500	P1-1-448	0	-
446	44.031	44.1037	G#5	59	58	0	0	37598	P1-1-450	0	-
447	44.1186	44.3152	C#3	49	57	0	0	37697	P1-1-452	0	-
448	44.1218	44.202	F5	48	58	0	0	37697	P1-1-451	0	-
449	44.1998	44.4018	C#6	63	31	0	0	37796	P1-1-453	0	-
450	44.3206	44.3964	F#5	68	61	0	0	37894	P1-1-454	0	-
451	44.3323	44.4958	F#3	54	57	0	0	37894	P1-1-455	0	-
452	44.4103	44.5246	Bb5	67	58	0	0	37993	P1-1-456	0	-
453	44.5182	44.6058	F#5	78	65	0	0	38092	P1-1-457	0	-
454	44.5203	44.6902	F#2	78	55	0	0	38092	P1-1-458	0	-
455	44.5994	44.7276	C#6	74	64	0	0	38190	P1-1-459	0	-
456	44.7148	44.8174	F#5	85	64	0	0	38289	P1-1-460	0	-
457	44.7169	44.9445	Eb3	90	56	0	0	38289	P1-1-461	0	-
458	44.8238	44.9285	Bb5	87	63	0	0	38388	P1-1-462	0	-
459	44.9092	45.1261	Eb2	88	57	0	0	38486	P1-1-464	0	-
460	44.9188	45.0214	F#5	93	63	0	0	38486	P1-1-463	0	-
461	45.0139	45.1325	Eb6	90	61	0	0	38585	P1-1-465	0	-
462	45.1208	45.2351	F#5	96	66	0	0	38684	P1-1-466	0	-
463	45.124	45.3718	B2	95	63	0	0	38684	P1-1-467	0	-
464	45.2244	45.3526	Eb6	83	62	0	0	38782	P1-1-468	0	-
465	45.3291	45.5866	B1	94	62	0	0	38881	P1-1-470	0	-
466	45.3409	45.452	F#5	101	64	0	0	38881	P1-1-469	0	-
467	45.437	45.5759	Eb6	81	64	0	0	38980	P1-1-471	0	-
468	45.4765	45.5086	Bb5	49	57	0	0	38980	*	3	-
469	45.5556	45.8259	A2	101	63	0	0	39079	P1-1-473	0	-
470	45.5588	45.671	F#5	103	64	0	0	39079	P1-1-472	0	-
471	45.6528	45.8024	Eb6	81	62	0	0	39177	P1-1-474	0	-
472	45.7853	45.9231	A1	85	58	0	0	39276	P1-1-476	0	-
473	45.7896	45.906	F#5	99	62	0	0	39276	P1-1-475	0	-
474	45.8793	45.968	Eb6	85	67	0	0	39375	P1-1-477	0	-
475	46.046	46.0887	F5	94	66	0	0	39473	P1-1-478	0	-
476	46.046	46.1047	D6	98	68	0	0	39473	P1-1-479	0	-
477	46.0556	46.1122	Bb2	104	62	0	0	39473	P1-1-481	0	-
478	46.0567	46.0909	Bb1	89	71	0	0	39473	P1-1-480	0	-
479	46.3259	46.4167	B4	84	62	0	0	39671	P1-1-482	0	-
480	46.4242	46.4904	Bb4	88	65	0	0	39769	P1-1-483	0	-
481	46.5481	46.6379	Bb4	90	66	0	0	39868	P1-1-484	0	-
482	46.6325	46.6785	G#4	83	66	0	0	39967	P1-1-485	0	-
483	46.7426	46.8515	Bb4	82	60	0	0	40065	P1-1-486	0	-
484	46.8387	46.8996	G#4	81	64	0	0	40164	P1-1-487	0	-
485	46.9445	47.0396	G#4	86	66	0	0	40263	P1-1-488	0	-
486	47.0342	47.0919	F#4	79	66	0	0	40361	P1-1-489	0	-
487	47.1197	47.218	G#4	75	65	0	0	40460	P1-1-490	0	-
488	47.2201	47.2586	F#4	79	64	0	0	40559	P1-1-491	0	-
489	47.3302	47.4338	F#4	79	65	0	0	40657	P1-1-492	0	-
490	47.4071	47.4723	F4	72	66	0	0	40756	P1-1-493	0	-
491	47.4936	47.5909	F#4	67	66	0	0	40855	P1-1-494	0	-
492	47.5941	47.6443	F4	81	65	0	0	40954	P1-1-495	0	-
493	47.6913	47.7864	F4	81	64	0	0	41052	P1-1-496	0	-
494	47.7885	47.8312	Eb4	77	65	0	0	41151	P1-1-497	0	-
495	47.8911	47.9787	F4	69	59	0	0	41250	P1-1-498	0	-
496	47.9872	48.0385	Eb4	74	66	0	0	41348	P1-1-499	0	-
497	48.0962	48.1795	Eb4	75	65	0	0	41447	P1-1-500	0	-
498	48.1902	48.2223	C#4	56	63	0	0	41546	P1-1-501	0	-
499	48.2725	48.3633	Eb4	64	65	0	0	41644	P1-1-502	0	-
500	48.358	48.406	C#4	66	65	0	0	41743	P1-1-503	0	-
501	48.4712	48.5577	C#4	66	63	0	0	41842	P1-1-504	0	-
502	48.5684	48.6101	B3	59	64	0	0	41940	P1-1-505	0	-
503	48.6486	48.7404	C#4	51	62	0	0	42039	P1-1-506	0	-
504	48.733	48.796	B3	60	61	0	0	42138	P1-1-507	0	-
505	48.8708	48.9349	B3	60	63	0	0	42236	P1-1-508	0	-
506	48.952	48.9904	Bb3	68	67	0	0	42335	P1-1-509	0	-
507	49.0823	49.1304	B3	34	50	0	0	42434	P1-1-510	0	-
508	49.1753	49.2052	Bb3	47	63	0	0	42532	P1-1-511	0	-
509	49.2693	49.3216	Bb3	55	64	0	0	42631	P1-1-512	0	-
510	49.343	49.4114	A3	62	60	0	0	42730	P1-1-513	0	-
511	49.4776	49.5353	Bb3	49	63	0	0	42829	P1-1-514	0	-
512	49.5631	49.6112	A3	49	62	0	0	42927	P1-1-515	0	-
513	49.6891	49.7629	Bb3	56	61	0	0	43026	P1-1-516	0	-
514	49.7896	49.828	G#3	47	59	0	0	43125	P1-1-517	0	-
515	49.9135	49.9776	Bb3	51	61	0	0	43223	P1-1-518	0	-
516	49.9958	50.0535	G#3	43	60	0	0	43322	P1-1-519	0	-
517	50.1325	50.2062	Bb3	59	59	0	0	43421	P1-1-520	0	-
518	50.2287	50.2714	F#3	36	54	0	0	43519	P1-1-521	0	-
519	50.3355	50.4007	Bb3	40	46	0	0	43618	P1-1-522	0	-
520	50.4231	50.484	F#3	49	59	0	0	43717	P1-1-523	0	-
521	50.5513	50.6795	Bb3	48	60	0	0	43815	P1-1-524	0	-
522	50.6614	50.703	F3	45	59	0	0	43914	P1-1-525	0	-
523	50.8334	50.89	Bb3	24	50	0	0	44013	P1-1-526	0	-
524	50.9231	50.999	F3	46	62	0	0	44111	P1-1-527	0	-
525	51.0909	51.1357	Eb2	79	68	0	0	44210	P1-1-528	0	-
526	51.5268	51.6389	Bb3	48	59	0	0	44407	P1-1-529	0	-
527	51.5898	51.6603	A3	17	44	0	0	44407	P1-1-530	1	-
528	51.6656	51.7073	Eb4	48	66	0	0	44506	P1-1-531	0	-
529	51.843	51.9167	Eb4	55	58	0	0	44605	P1-1-532	0	-
530	51.8548	51.937	Bb3	55	59	0	0	44605	P1-1-533	0	-
531	51.9327	51.9776	G4	62	64	0	0	44704	P1-1-534	0	-
532	52.0674	52.124	G4	65	63	0	0	44802	P1-1-535	0	-
533	52.0823	52.1507	Eb4	58	54	0	0	44802	P1-1-536	0	-
534	52.1528	52.1892	Bb4	67	67	0	0	44901	P1-1-537	0	-
535	52.2597	52.3238	Bb4	81	60	0	0	45000	P1-1-538	0	-
536	52.2682	52.3302	G4	77	60	0	0	45000	P1-1-539	0	-
537	52.3515	52.3921	Eb5	79	67	0	0	45098	P1-1-540	0	-
538	52.4498	52.5374	Eb5	83	63	0	0	45197	P1-1-541	0	-
539	52.4562	52.5684	Bb4	88	60	0	0	45197	P1-1-542	0	-
540	52.5439	52.6015	G5	80	59	0	0	45296	P1-1-543	0	-
541	52.6443	52.7244	G5	85	60	0	0	45394	P1-1-544	0	-
542	52.6603	52.7298	Eb5	93	67	0	0	45394	P1-1-545	0	-
543	52.7447	52.7832	Bb5	80	67	0	0	45493	P1-1-546	0	-
544	52.8323	52.9007	G5	99	65	0	0	45592	P1-1-548	0	-
545	52.843	52.9338	Bb5	93	62	0	0	45592	P1-1-547	0	-
546	52.9392	53.03	Eb6	77	63	0	0	45690	P1-1-549	0	-
547	52.9904	53.0385	E6	48	64	0	0	45789	*	3	-
548	53.0075	53.0545	G6	107	66	0	0	45789	P1-1-550	0	-
549	53.0139	53.0396	Bb5	90	69	0	0	45789	P1-1-551	0	-
550	53.233	53.3238	F#4	71	60	0	0	45986	P1-1-552	0	-
551	53.2597	53.4338	Eb3	53	53	0	0	45986	P1-1-553	0	-
552	53.3548	53.4178	Bb4	53	45	0	0	46085	P1-1-554	0	-
553	53.4659	53.5417	Eb4	53	57	0	0	46184	P1-1-555	0	-
554	53.484	53.6689	F#3	44	52	0	0	46184	P1-1-556	0	-
555	53.5577	53.6208	Bb4	54	57	0	0	46282	P1-1-557	0	-
556	53.6582	53.7233	F#4	54	60	0	0	46381	P1-1-558	0	-
557	53.671	53.8355	Eb3	42	54	0	0	46381	P1-1-559	0	-
558	53.7768	53.8409	Bb4	49	58	0	0	46480	P1-1-560	0	-
559	53.8686	54.0396	F#3	44	58	0	0	46579	P1-1-562	0	-
560	53.8986	53.9755	Eb4	48	57	0	0	46579	P1-1-561	0	-
561	53.999	54.0577	Bb4	50	60	0	0	46677	P1-1-563	0	-
562	54.0738	54.3088	Eb3	28	40	0	0	46776	P1-1-565	0	-
563	54.0855	54.1496	F#4	46	57	0	0	46776	P1-1-564	0	-
564	54.1934	54.2725	Bb4	51	53	0	0	46875	P1-1-566	0	-
565	54.3056	54.3954	G#4	47	49	0	0	46973	P1-1-567	0	-
566	54.3163	54.5353	Bb2	43	30	0	0	46973	P1-1-569	0	-
567	54.3323	54.5171	F3	43	27	0	0	46973	P1-1-568	0	-
568	54.421	54.4755	Bb4	43	53	0	0	47072	P1-1-570	0	-
569	54.5236	54.624	F4	41	41	0	0	47171	P1-1-571	0	-
570	54.5663	54.6144	D3	29	31	0	0	47171	P1-1-572	0	-
571	54.6261	54.7073	Bb4	53	49	0	0	47269	P1-1-573	0	-
572	54.8163	54.8804	Eb2	83	65	0	0	47368	P1-1-574	0	-
573	55.1859	55.2832	Bb3	48	64	0	0	47565	P1-1-575	0	-
574	55.3003	55.3345	Eb4	51	63	0	0	47664	P1-1-577	0	-
575	55.4552	55.5118	Eb4	49	59	0	0	47763	P1-1-578	0	-
576	55.4637	55.5385	Bb3	57	54	0	0	47763	P1-1-579	0	-
577	55.5289	55.5674	G4	66	65	0	0	47861	P1-1-580	0	-
578	55.6603	55.7832	Eb4	60	62	0	0	47960	P1-1-582	0	-
579	55.6603	55.7169	G4	63	57	0	0	47960	P1-1-581	0	-
580	55.7597	55.8056	Bb4	65	66	0	0	48059	P1-1-583	0	-
581	55.8654	55.936	G4	80	60	0	0	48157	P1-1-585	0	-
582	55.8772	55.9146	Bb4	73	66	0	0	48157	P1-1-584	0	-
583	55.9936	56.0428	Eb5	24	80	0	0	48256	P1-1-586	0	-
584	56.0043	56.0364	E5	43	37	0	0	48256	*	3	-
585	56.0524	56.1603	Bb4	91	56	0	0	48355	P1-1-588	0	-
586	56.061	56.1464	Eb5	66	64	0	0	48355	P1-1-587	0	-
587	56.1005	56.1336	B4	55	52	0	0	48355	*	3	-
588	56.1592	56.2062	G5	73	60	0	0	48454	P1-1-589	0	-
589	56.2223	56.2832	A5	11	34	0	0	48552	*	3	-
590	56.2554	56.3259	G5	89	65	0	0	48552	P1-1-590	0	-
591	56.2671	56.3825	Eb5	97	58	0	0	48552	P1-1-591	0	-
592	56.3515	56.3772	Bb5	81	70	0	0	48651	P1-1-592	0	-
593	56.4381	56.5075	G5	99	65	0	0	48750	P1-1-594	0	-
594	56.4424	56.5332	Bb5	92	60	0	0	48750	P1-1-593	0	-
595	56.5332	56.6218	Eb6	83	61	0	0	48848	P1-1-595	0	-
596	56.6122	56.656	G6	101	65	0	0	48947	P1-1-596	0	-
597	56.6218	56.6432	Bb5	90	74	0	0	48947	P1-1-597	0	-
598	56.6763	56.6774	G#5	28	127	0	0	48947	*	3	-
599	56.8419	56.9167	F#4	78	57	0	0	49144	P1-1-598	0	-
600	56.8729	57.0396	Eb3	65	58	0	0	49144	P1-1-599	0	-
601	56.9445	57.0332	Bb4	63	60	0	0	49243	P1-1-600	0	-
602	57.0524	57.1347	Eb4	65	53	0	0	49342	P1-1-601	0	-
603	57.0791	57.2501	F#3	54	53	0	0	49342	P1-1-602	0	-
604	57.1699	57.218	Bb4	54	59	0	0	49440	P1-1-603	0	-
605	57.2543	57.3216	F#4	57	59	0	0	49539	P1-1-604	0	-
606	57.2757	57.4509	Eb3	45	45	0	0	49539	P1-1-605	0	-
607	57.3462	57.4456	Bb4	58	59	0	0	49638	P1-1-606	0	-
608	57.4733	57.5577	Eb4	51	57	0	0	49736	P1-1-607	0	-
609	57.4744	57.6742	F#3	43	49	0	0	49736	P1-1-608	0	-
610	57.5802	57.64	Bb4	40	50	0	0	49835	P1-1-609	0	-
611	57.6699	57.733	F#4	51	62	0	0	49934	P1-1-610	0	-
612	57.6924	57.9285	Eb3	33	42	0	0	49934	P1-1-611	0	-
613	57.7949	57.8537	Bb4	53	56	0	0	50032	P1-1-612	0	-
614	57.9039	57.9872	G#4	49	55	0	0	50131	P1-1-613	0	-
615	57.9274	58.2244	Bb2	36	37	0	0	50131	P1-1-615	0	-
616	57.9434	58.1069	F3	38	36	0	0	50131	P1-1-614	0	-
617	58.0214	58.077	Bb4	50	60	0	0	50230	P1-1-616	0	-
618	58.1251	58.2063	F4	44	41	0	0	50329	P1-1-617	0	-
619	58.1571	58.3644	D3	45	42	0	0	50329	P1-1-618	0	-
620	58.2148	58.3387	Bb4	53	52	0	0	50427	P1-1-619	0	-
621	58.3505	58.4488	Eb4	54	62	0	0	50526	P1-1-620	0	-
622	58.3857	58.4445	Eb3	45	60	0	0	50526	P1-1-621	0	-
623	58.4894	58.5364	F#4	12	80	0	0	50625	P1-1-622	0	-
624	58.577	58.6924	F#4	37	62	0	0	50723	P1-1-623	0	-
625	58.6005	58.7511	Eb3	55	60	0	0	50723	P1-1-624	0	-
626	58.7127	58.8088	Eb5	54	64	0	0	50822	P1-1-625	0	-
627	58.8227	58.8996	F4	59	62	0	0	50921	P1-1-626	0	-
628	58.8248	59.031	Bb3	63	64	0	0	50921	P1-1-627	0	-
629	58.9274	58.9627	D5	54	60	0	0	51019	P1-1-628	0	-
630	59.0214	59.1165	D5	60	65	0	0	51118	P1-1-629	0	-
631	59.0225	59.1892	Bb2	72	63	0	0	51118	P1-1-630	0	-
632	59.1165	59.1924	F5	70	61	0	0	51217	P1-1-631	0	-
633	59.234	59.3163	F#4	74	63	0	0	51315	P1-1-632	0	-
634	59.2351	59.4082	Eb3	73	56	0	0	51315	P1-1-633	0	-
635	59.3206	59.3537	Eb5	73	67	0	0	51414	P1-1-634	0	-
636	59.4285	59.5983	Eb2	75	61	0	0	51513	P1-1-636	0	-
637	59.4285	59.53	Eb5	75	59	0	0	51513	P1-1-635	0	-
638	59.515	59.6454	F#5	79	61	0	0	51611	P1-1-637	0	-
639	59.6251	59.8323	Bb2	86	50	0	0	51710	P1-1-639	0	-
640	59.6357	59.7212	D5	62	64	0	0	51710	P1-1-638	0	-
641	59.7052	59.7501	F5	73	60	0	0	51809	P1-1-640	0	-
642	59.8377	59.9349	F5	68	58	0	0	51907	P1-1-641	0	-
643	59.8558	59.9092	Bb1	68	67	0	0	51907	P1-1-642	0	-
644	59.9189	60.0054	G#5	74	64	0	0	52006	P1-1-643	0	-
645	60.0439	60.1016	F#4	71	64	0	0	52105	P1-1-644	0	-
646	60.0695	60.1229	Eb3	55	61	0	0	52105	P1-1-645	0	-
647	60.1454	60.1881	Eb5	63	61	0	0	52204	P1-1-646	0	-
648	60.2458	60.3633	Eb5	51	60	0	0	52302	P1-1-647	0	-
649	60.2469	60.4178	Eb3	73	62	0	0	52302	P1-1-648	0	-
650	60.3398	60.4744	F#5	68	58	0	0	52401	P1-1-649	0	-
651	60.4424	60.5385	D5	74	65	0	0	52500	P1-1-650	0	-
652	60.4498	60.64	Bb3	83	63	0	0	52500	P1-1-651	0	-
653	60.5385	60.5748	F5	60	53	0	0	52598	P1-1-652	0	-
654	60.6422	60.7543	F5	82	60	0	0	52697	P1-1-653	0	-
655	60.6507	60.8056	Bb2	84	58	0	0	52697	P1-1-654	0	-
656	60.7351	60.8184	G#5	81	66	0	0	52796	P1-1-655	0	-
657	60.8601	61.0246	Eb3	84	58	0	0	52894	P1-1-657	0	-
658	60.8612	60.9445	Eb5	91	63	0	0	52894	P1-1-656	0	-
659	60.9563	60.9808	F#5	73	67	0	0	52993	P1-1-658	0	-
660	61.0471	61.1229	F#5	98	62	0	0	53092	P1-1-659	0	-
661	61.0481	61.2105	Eb2	89	55	0	0	53092	P1-1-660	0	-
662	61.1315	61.2298	Eb6	89	62	0	0	53190	P1-1-661	0	-
663	61.2394	61.3195	F5	88	59	0	0	53289	P1-1-662	0	-
664	61.2479	61.4349	Bb2	95	58	0	0	53289	P1-1-663	0	-
665	61.3451	61.3986	D6	83	63	0	0	53388	P1-1-664	0	-
666	61.4509	61.5043	Bb1	84	65	0	0	53486	P1-1-666	0	-
667	61.4563	61.5268	D6	71	65	0	0	53486	P1-1-665	1	-
668	61.5022	61.5471	F6	88	64	0	0	53585	P1-1-667	0	-
669	61.6731	61.7362	Eb3	59	58	0	0	53684	P1-1-669	0	-
670	61.7575	61.8195	F#4	62	66	0	0	53782	P1-1-670	0	-
671	61.8889	61.9691	F#4	59	63	0	0	53881	P1-1-671	0	-
672	61.89	62.0172	Eb3	58	61	0	0	53881	P1-1-672	0	-
673	61.9712	62.0663	Eb5	59	63	0	0	53980	P1-1-673	0	-
674	62.0887	62.1635	F4	63	60	0	0	54079	P1-1-674	0	-
675	62.093	62.2757	Bb3	60	59	0	0	54079	P1-1-675	0	-
676	62.1838	62.2201	D5	59	67	0	0	54177	P1-1-676	0	-
677	62.2789	62.3943	D5	56	64	0	0	54276	P1-1-677	0	-
678	62.3067	62.4413	Bb2	68	63	0	0	54276	P1-1-678	0	-
679	62.3815	62.4573	F5	73	61	0	0	54375	P1-1-679	0	-
680	62.4926	62.5652	F#4	78	64	0	0	54473	P1-1-680	0	-
681	62.5033	62.6881	Eb3	77	52	0	0	54473	P1-1-681	0	-
682	62.5855	62.6208	Eb5	79	63	0	0	54572	P1-1-682	0	-
683	62.686	62.8537	Eb2	80	62	0	0	54671	P1-1-684	0	-
684	62.6881	62.8078	Eb5	70	55	0	0	54671	P1-1-683	0	-
685	62.7864	62.9445	F#5	81	59	0	0	54769	P1-1-685	0	-
686	62.8751	63.1048	Bb2	85	62	0	0	54868	P1-1-687	0	-
687	62.8889	62.9734	D5	74	66	0	0	54868	P1-1-686	0	-
688	62.9466	63.0054	G#2	15	38	0	0	-1	*	3	-
689	62.9701	63.0236	F5	75	60	0	0	54967	P1-1-688	0	-
690	63.077	63.2052	F5	80	59	0	0	55065	P1-1-689	0	-
691	63.0823	63.1261	Bb1	76	68	0	0	55065	P1-1-690	0	-
692	63.1582	63.249	G#5	80	65	0	0	55164	P1-1-691	0	-
693	63.281	63.3334	F#4	76	67	0	0	55263	P1-1-692	0	-
694	63.3804	63.4189	Eb5	67	66	0	0	55361	P1-1-694	0	-
695	63.3847	63.3857	E3	3	127	0	0	-1	*	3	-
696	63.5043	63.609	Eb5	62	59	0	0	55460	P1-1-695	0	-
697	63.5161	63.6646	Eb3	59	56	0	0	55460	P1-1-696	0	-
698	63.5962	63.7298	F#5	70	56	0	0	55559	P1-1-697	0	-
699	63.7169	63.7939	D5	61	66	0	0	55657	P1-1-698	0	-
700	63.7276	63.9263	Bb3	73	59	0	0	55657	P1-1-699	0	-
701	63.8078	63.8494	F5	66	62	0	0	55756	P1-1-700	0	-
702	63.9103	64.0182	F5	56	62	0	0	55855	P1-1-701	0	-
703	63.9413	64.093	Bb2	78	61	0	0	55855	P1-1-702	0	-
704	64.015	64.0588	G#5	82	67	0	0	55954	P1-1-703	0	-
705	64.1251	64.2255	Eb5	85	63	0	0	56052	P1-1-704	0	-
706	64.1357	64.3964	Eb3	91	59	0	0	56052	P1-1-705	0	-
707	64.2287	64.2778	F#5	82	63	0	0	56151	P1-1-706	0	-
708	64.3387	64.5834	Eb2	89	62	0	0	56250	P1-1-708	0	-
709	64.3419	64.4402	F#5	85	63	0	0	56250	P1-1-707	0	-
710	64.4285	64.5738	Eb6	81	63	0	0	56348	P1-1-709	0	-
711	64.5471	64.6913	E5	92	63	0	0	56447	P1-1-710	0	-
712	64.5513	64.8345	C#3	103	61	0	0	56447	P1-1-711	0	-
713	64.6678	64.7009	F#5	82	62	0	0	56546	P1-1-712	0	-
714	64.7768	65.031	C#2	91	65	0	0	56644	P1-1-714	0	-
715	64.7842	64.8804	F#5	92	66	0	0	56644	P1-1-713	0	-
716	64.8708	64.9798	E6	85	49	0	0	56743	P1-1-715	0	-
717	64.9937	65.2875	B2	109	57	0	0	56842	P1-1-717	0	-
718	64.9937	65.1165	Eb5	105	65	0	0	56842	P1-1-716	0	-
719	65.1112	65.2415	F#5	86	62	0	0	56940	P1-1-718	0	-
720	65.2276	65.4947	B1	90	62	0	0	57039	P1-1-720	0	-
721	65.2362	65.3398	B5	86	59	0	0	57039	P1-1-719	0	-
722	65.3163	65.4531	Eb6	83	61	0	0	57138	P1-1-721	0	-
723	65.4381	65.5823	B5	89	60	0	0	57236	P1-1-722	0	-
724	65.4605	65.6742	B2	102	56	0	0	57236	P1-1-723	0	-
725	65.5716	65.6945	Eb6	86	63	0	0	57335	P1-1-724	0	-
726	65.6849	65.7543	B1	78	63	0	0	57434	P1-1-726	0	-
727	65.687	65.7896	B5	87	59	0	0	57434	P1-1-725	0	-
728	65.764	65.8505	Eb6	72	65	0	0	57532	P1-1-727	0	-
729	65.9509	66.249	B5	99	59	0	0	57631	P1-1-729	0	-
730	65.952	66.2511	D6	99	62	0	0	57631	P1-1-730	0	-
731	65.952	66.2169	F6	93	65	0	0	57631	P1-1-731	0	-
732	65.9552	66.2479	F5	98	56	0	0	57631	P1-1-728	0	-
733	65.9573	66.405	G2	100	62	0	0	57631	P1-1-733	0	-
734	65.9669	66.3879	G1	88	63	0	0	57631	P1-1-732	0	-
735	66.7105	66.8046	Bb3	69	61	0	0	58223	P1-1-734	0	-
736	66.811	66.8922	B3	86	64	0	0	58519	P1-1-737	0	-
737	66.937	67.0407	Bb3	87	65	0	0	58618	P1-1-738	0	-
738	67.0289	67.0866	B3	84	65	0	0	58717	P1-1-739	0	-
739	67.14	67.2148	C#4	72	65	0	0	58815	P1-1-740	0	-
740	67.2501	67.3035	D4	78	61	0	0	58914	P1-1-741	0	-
741	67.3494	67.4456	C#4	78	63	0	0	59013	P1-1-742	0	-
742	67.4349	67.4947	D4	74	62	0	0	59111	P1-1-743	0	-
743	67.5481	67.6379	E4	69	64	0	0	59210	P1-1-744	0	-
744	67.64	67.6806	F4	73	67	0	0	59309	P1-1-745	0	-
745	67.7404	67.8558	E4	71	66	0	0	59407	P1-1-746	0	-
746	67.8462	67.9071	F4	71	64	0	0	59506	P1-1-747	0	-
747	67.9413	68.0011	Bb4	69	65	0	0	59605	P1-1-748	0	-
748	68.0332	68.0749	B4	71	61	0	0	59704	P1-1-749	0	-
749	68.1443	68.2533	Bb4	77	62	0	0	59802	P1-1-750	0	-
750	68.2469	68.3099	B4	67	61	0	0	59901	P1-1-751	0	-
751	68.3323	68.3975	C#5	65	64	0	0	60000	P1-1-752	0	-
752	68.4306	68.4648	D5	67	69	0	0	60098	P1-1-753	0	-
753	68.5268	68.6411	C#5	72	64	0	0	60197	P1-1-754	0	-
754	68.6112	68.687	D5	68	64	0	0	60296	P1-1-755	0	-
755	68.7084	68.8046	E5	73	65	0	0	60394	P1-1-756	0	-
756	68.8152	68.8462	F5	72	68	0	0	60493	P1-1-757	0	-
757	68.9263	69.0343	E5	72	65	0	0	60592	P1-1-758	0	-
758	69.0182	69.093	F5	68	61	0	0	60690	P1-1-759	0	-
759	69.1005	69.1379	Bb5	69	62	0	0	60789	P1-1-760	0	-
760	69.1892	69.2308	B5	70	60	0	0	60888	P1-1-761	0	-
761	69.2928	69.3964	Bb5	64	63	0	0	60986	P1-1-762	0	-
762	69.389	69.4328	B5	60	61	0	0	61085	P1-1-763	0	-
763	69.4648	69.5353	C#6	68	64	0	0	61184	P1-1-764	0	-
764	69.5674	69.5973	D6	57	61	0	0	61480	P1-1-767	0	-
765	69.6774	69.7586	C#6	53	59	0	0	61579	P1-1-768	0	-
766	69.7629	69.8355	D6	42	60	0	0	61677	P1-1-769	0	-
767	69.8719	69.9424	E6	50	58	0	0	61776	P1-1-770	0	-
768	70.0011	70.0321	F6	22	49	0	0	61875	P1-1-771	0	-
769	70.0855	70.1614	B5	51	58	0	0	61973	P1-1-772	0	-
770	70.1689	70.2202	D6	42	80	0	0	62072	P1-1-773	0	-
771	70.2458	70.3462	D6	31	59	0	0	62171	P1-1-774	0	-
772	70.3697	70.4199	F6	37	51	0	0	62269	P1-1-775	0	-
773	70.4627	70.5449	C#6	58	62	0	0	62368	P1-1-776	0	-
774	70.5663	70.6304	D6	48	50	0	0	62467	P1-1-777	0	-
775	70.6528	70.733	E6	48	53	0	0	62565	P1-1-778	0	-
776	70.7618	70.8131	F6	37	55	0	0	62664	P1-1-779	0	-
777	70.8708	70.9488	B5	51	59	0	0	62763	P1-1-780	0	-
778	70.9456	70.9766	D6	49	60	0	0	62861	P1-1-781	0	-
779	71.0588	71.139	D6	50	55	0	0	62960	P1-1-782	0	-
780	71.1796	71.2212	F6	36	55	0	0	63059	P1-1-783	0	-
781	71.2394	71.3046	Bb5	49	63	0	0	63552	P1-1-788	0	-
782	71.3184	71.3761	B5	54	56	0	0	63651	P1-1-789	0	-
783	71.4424	71.5332	D6	52	56	0	0	63750	P1-1-790	0	-
784	71.5492	71.5962	F6	42	53	0	0	63848	P1-1-791	0	-
785	71.639	71.7191	F#5	53	55	0	0	63947	P1-1-792	0	-
786	71.7394	71.7896	G5	49	54	0	0	64046	P1-1-793	0	-
787	71.8419	71.9552	D6	49	56	0	0	64144	P1-1-794	0	-
788	71.9434	71.9798	F6	47	57	0	0	64243	P1-1-795	0	-
789	72.0343	72.0973	E5	54	66	0	0	64342	P1-1-796	0	-
790	72.1368	72.1667	F5	47	56	0	0	64440	P1-1-797	0	-
791	72.2287	72.3163	E5	50	62	0	0	64539	P1-1-798	0	-
792	72.3281	72.3783	F5	47	55	0	0	64638	P1-1-799	0	-
793	72.4135	72.5086	C#5	52	63	0	0	64736	P1-1-800	0	-
794	72.5257	72.562	D5	48	59	0	0	64835	P1-1-801	0	-
795	72.6368	72.6956	E5	41	53	0	0	64934	P1-1-802	0	-
796	72.7287	72.7682	F5	36	54	0	0	65032	P1-1-803	0	-
797	72.8355	72.9157	Bb4	46	56	0	0	65131	P1-1-804	0	-
798	72.9199	72.9744	B4	48	56	0	0	65230	P1-1-805	0	-
799	73.0129	73.0941	D5	44	62	0	0	65328	P1-1-806	0	-
800	73.1229	73.1657	F5	42	54	0	0	65427	P1-1-807	0	-
801	73.2169	73.2949	C#5	47	55	0	0	65526	P1-1-808	0	-
802	73.2971	73.3612	D5	44	62	0	0	65625	P1-1-809	0	-
803	73.4178	73.4787	E5	38	49	0	0	65723	P1-1-810	0	-
804	73.5108	73.5535	F5	39	54	0	0	65822	P1-1-811	0	-
805	73.593	73.6838	Bb4	45	56	0	0	65921	P1-1-812	0	-
806	73.6849	73.7426	B4	45	60	0	0	66019	P1-1-813	0	-
807	73.796	73.8516	D5	41	62	0	0	66118	P1-1-814	0	-
808	73.9146	73.967	F5	19	44	0	0	66217	P1-1-815	0	-
809	73.9648	74.0973	C#5	44	58	0	0	66315	P1-1-816	0	-
810	74.077	74.1293	D5	44	66	0	0	66414	P1-1-817	0	-
811	74.1806	74.2362	E5	40	50	0	0	66513	P1-1-818	0	-
812	74.28	74.3377	F5	37	46	0	0	66611	P1-1-819	0	-
813	74.39	74.4862	Bb5	51	61	0	0	66710	P1-1-820	0	-
814	74.4541	74.5246	B5	61	62	0	0	66809	P1-1-821	0	-
815	74.592	74.6528	D5	41	49	0	0	66907	P1-1-822	0	-
816	74.6635	74.7864	F5	54	47	0	0	67006	P1-1-823	0	-
817	74.8014	74.8836	C#6	56	65	0	0	67105	P1-1-824	0	-
818	74.8868	74.9637	D6	69	61	0	0	67204	P1-1-825	0	-
819	75.0225	75.0866	D5	33	47	0	0	67302	P1-1-826	0	-
820	75.0887	75.1881	F5	48	49	0	0	67401	P1-1-827	0	-
821	75.2095	75.311	Bb5	53	62	0	0	67500	P1-1-828	0	-
822	75.3099	75.3612	B5	54	61	0	0	67598	P1-1-829	0	-
823	75.4306	75.53	D5	38	52	0	0	67697	P1-1-830	0	-
824	75.5278	75.5759	F5	42	52	0	0	67796	P1-1-831	0	-
825	75.6475	75.7511	C#5	50	53	0	0	67894	P1-1-832	0	-
826	75.7437	75.8131	D5	51	62	0	0	67993	P1-1-833	0	-
827	75.9093	75.9883	C#6	36	43	0	0	68092	P1-1-834	0	-
828	75.968	76.0396	D6	50	56	0	0	68190	P1-1-835	0	-
829	76.0952	76.1731	Bb4	47	56	0	0	68289	P1-1-836	0	-
830	76.1753	76.2426	B4	38	50	0	0	68388	P1-1-837	0	-
831	76.2992	76.39	Bb5	39	40	0	0	68486	P1-1-838	0	-
832	76.3954	76.4467	B5	37	48	0	0	68585	P1-1-839	0	-
833	76.515	76.593	C#5	44	54	0	0	68684	P1-1-840	0	-
834	76.6304	76.6817	D5	21	55	0	0	68782	P1-1-841	0	-
835	76.7212	76.8259	C#6	42	57	0	0	68881	P1-1-842	0	-
836	76.827	76.8729	D6	46	53	0	0	68980	P1-1-843	0	-
837	76.9712	77.0332	Bb4	38	45	0	0	69079	P1-1-844	0	-
838	77.0684	77.1518	B4	29	42	0	0	69177	P1-1-845	0	-
839	77.1593	77.2383	Bb5	27	50	0	0	69276	P1-1-846	0	-
840	77.2982	77.3558	B5	37	44	0	0	69375	P1-1-847	0	-
841	77.5428	78.0065	F6	96	63	0	0	69473	P1-1-850	0	-
842	77.5546	77.9915	F5	80	58	0	0	69473	P1-1-848	0	-
843	77.5578	78.1261	B4	74	53	0	0	69473	P1-1-852	0	-
844	77.5588	77.8996	B5	75	61	0	0	69473	P1-1-849	0	-
845	77.562	78.1635	G4	70	62	0	0	69473	P1-1-851	0	-
846	78.155	78.2779	F#6	101	60	0	0	70065	P1-1-855	0	-
847	78.1625	78.2437	F#4	70	57	0	0	70065	P1-1-856	0	-
848	78.1625	78.2319	Bb4	74	61	0	0	70065	P1-1-857	0	-
849	78.1667	78.2202	C#5	76	61	0	0	70065	P1-1-858	0	-
850	78.1667	78.2533	F#5	86	53	0	0	70065	P1-1-853	0	-
851	78.1678	78.2415	Bb5	79	47	0	0	70065	P1-1-854	0	-
852	78.3932	78.4456	F#5	91	64	0	0	70263	P1-1-859	0	-
853	78.3975	78.452	Bb5	77	64	0	0	70263	P1-1-860	0	-
854	78.3975	78.4616	C#6	92	70	0	0	70263	P1-1-861	0	-
855	78.4093	78.4627	C#5	81	65	0	0	70263	P1-1-864	0	-
856	78.4146	78.4969	F#4	69	67	0	0	70263	P1-1-862	0	-
857	78.4146	78.4808	Bb4	72	63	0	0	70263	P1-1-863	0	-
858	79.1347	79.2191	Eb4	53	57	0	0	70855	P1-1-866	0	-
859	79.1603	79.2095	B1	40	54	0	0	70855	P1-1-867	0	-
860	79.1667	79.2095	B3	31	50	0	0	70855	P1-1-865	0	-
861	79.3943	79.6422	E4	58	36	0	0	71052	P1-1-868	0	-
862	79.4242	79.7629	C#2	40	14	0	0	71052	P1-1-870	0	-
863	79.4317	79.7501	G#3	40	40	0	0	71052	P1-1-869	0	-
864	79.7447	79.8142	Eb4	49	54	0	0	71348	P1-1-871	0	-
865	79.7843	79.8302	Eb2	25	42	0	0	71348	P1-1-873	0	-
866	79.7853	79.8548	C#4	61	63	0	0	71447	P1-1-875	0	-
867	79.8163	79.8676	E2	61	63	0	0	71447	P1-1-876	0	-
868	79.827	79.8986	E3	51	57	0	0	71447	P1-1-874	0	-
869	80.0695	80.1368	B3	52	61	0	0	71644	P1-1-878	0	-
870	80.1069	80.1603	F2	33	54	0	0	71644	P1-1-879	0	-
871	80.1069	80.1603	Eb3	38	52	0	0	71644	P1-1-877	0	-
872	80.4039	80.9509	Bb3	35	64	0	0	71842	P1-1-881	0	-
873	80.421	80.8452	C#3	34	53	0	0	71842	P1-1-880	0	-
874	80.4232	80.9296	F#2	32	53	0	0	71842	P1-1-882	0	-
875	81.4627	81.8633	Eb6	95	62	0	0	72631	P1-1-886	0	-
876	81.4691	81.7875	Eb5	90	61	0	0	72631	P1-1-883	0	-
877	81.4723	81.7287	F#5	86	60	0	0	72631	P1-1-884	0	-
878	81.4755	81.7693	B5	80	56	0	0	72631	P1-1-885	0	-
879	81.4787	82.1368	A4	84	63	0	0	72631	P1-1-887	0	-
880	81.4787	81.6774	B4	81	43	0	0	72631	P1-1-888	0	-
881	82.0994	82.2202	E6	91	51	0	0	73223	P1-1-892	0	-
882	82.1058	82.1689	E5	92	66	0	0	73223	P1-1-889	0	-
883	82.1144	82.2105	G#4	77	53	0	0	73223	P1-1-893	0	-
884	82.1144	82.2095	G#5	86	53	0	0	73223	P1-1-890	0	-
885	82.124	82.1828	B4	70	52	0	0	73223	P1-1-894	0	-
886	82.1315	82.1561	C#6	66	67	0	0	73223	P1-1-891	1	-
887	82.3964	82.624	F#6	93	65	0	0	73421	P1-1-898	0	-
888	82.3986	82.6689	A5	83	60	0	0	73421	P1-1-896	0	-
889	82.3997	82.6977	F#5	91	63	0	0	73421	P1-1-895	0	-
890	82.405	82.6443	A4	54	63	0	0	73421	P1-1-900	0	-
891	82.405	82.6529	Eb6	80	63	0	0	73421	P1-1-897	0	-
892	82.4135	82.6486	B4	75	56	0	0	73421	P1-1-901	0	-
893	82.4146	82.6529	F#4	72	61	0	0	73421	P1-1-899	0	-
894	83.1945	83.2351	E2	50	59	0	0	74013	P1-1-904	0	-
895	83.1945	83.2458	B3	50	62	0	0	74013	P1-1-903	0	-
896	83.1988	83.2437	G#3	47	62	0	0	74013	P1-1-902	0	-
897	83.4648	83.8526	C#4	55	59	0	0	74210	P1-1-906	0	-
898	83.4862	83.5941	A3	50	53	0	0	74210	P1-1-905	0	-
899	83.5086	83.6903	A1	43	33	0	0	74210	P1-1-907	0	-
900	83.8195	83.9029	A3	50	57	0	0	74506	P1-1-909	0	-
901	83.8334	83.8826	A2	27	53	0	0	74506	P1-1-910	0	-
902	83.8868	83.9381	E3	47	56	0	0	74605	P1-1-911	0	-
903	83.8943	83.9627	G#3	58	62	0	0	74605	P1-1-912	0	-
904	83.9381	83.9755	B2	56	60	0	0	74605	P1-1-913	0	-
905	84.17	84.2415	F#3	47	56	0	0	74802	P1-1-915	0	-
906	84.1924	84.2319	Eb3	37	48	0	0	74802	P1-1-914	0	-
907	84.2362	84.2928	B1	17	51	0	0	74802	P1-1-916	0	-
908	84.4926	84.733	G#3	41	58	0	0	75000	P1-1-918	0	-
909	84.5022	84.7917	E2	36	40	0	0	75000	P1-1-919	0	-
910	84.5332	84.6721	E3	8	53	0	0	75000	P1-1-917	0	-
911	85.5674	85.8163	E6	53	34	0	0	75789	P1-1-922	0	-
912	85.5749	86.2437	G#4	28	23	0	0	75789	P1-1-923	0	-
913	85.5749	85.9178	E5	46	43	0	0	75789	P1-1-920	0	-
914	85.5866	85.9456	B5	35	13	0	0	75789	P1-1-921	0	-
915	85.5984	85.9862	B4	26	39	0	0	75789	P1-1-924	0	-
916	86.2714	86.3494	Eb6	53	57	0	0	76381	P1-1-927	0	-
917	86.2982	86.3313	Eb5	29	45	0	0	76381	P1-1-925	0	-
918	86.3046	86.358	F#4	29	50	0	0	76381	P1-1-928	0	-
919	86.3153	86.3762	B4	16	45	0	0	76381	P1-1-929	0	-
920	86.5962	86.6913	G#6	56	62	0	0	76579	P1-1-932	0	-
921	86.6091	86.6945	G#5	48	40	0	0	76579	P1-1-930	0	-
922	86.6294	86.7319	B4	28	38	0	0	76579	P1-1-934	0	-
923	86.6464	86.7127	E4	23	44	0	0	76579	P1-1-933	0	-
924	87.4296	87.4734	Eb2	40	57	0	0	77171	P1-1-938	0	-
925	87.437	87.5108	F#4	52	49	0	0	77171	P1-1-935	0	-
926	87.4531	87.5108	F#3	38	43	0	0	77171	P1-1-936	0	-
927	87.4531	87.4905	B3	39	56	0	0	77171	P1-1-937	0	-
928	87.7063	88.0353	E4	56	53	0	0	77368	P1-1-939	0	-
929	87.7244	88.0086	F#3	38	37	0	0	77368	P1-1-940	1	-
930	87.7383	88.0492	C#2	25	16	0	0	77368	P1-1-942	0	-
931	88.0236	88.1048	Eb4	54	56	0	0	77664	P1-1-943	0	-
932	88.0279	88.0823	Eb2	42	63	0	0	77664	P1-1-944	0	-
933	88.1101	88.1678	C#4	59	59	0	0	77763	P1-1-945	0	-
934	88.1251	88.1678	E2	38	49	0	0	77763	P1-1-948	0	-
935	88.3388	88.4018	F#4	58	59	0	0	77960	P1-1-949	0	-
936	88.3537	88.3932	F#2	45	56	0	0	77960	P1-1-951	0	-
937	88.5952	88.7373	Eb4	51	38	0	0	78157	P1-1-952	0	-
938	88.5994	88.8826	B2	47	42	0	0	78157	P1-1-953	0	-
939	88.7073	88.764	B3	43	53	0	0	78256	P1-1-954	0	-
940	88.8035	89.0097	F#3	62	62	0	0	78355	P1-1-956	0	-
941	88.8046	88.8676	Bb3	49	64	0	0	78355	P1-1-955	0	-
942	88.9093	88.9584	B3	44	47	0	0	78454	P1-1-957	0	-
943	89.0182	89.2426	G#3	67	60	0	0	78552	P1-1-959	0	-
944	89.0236	89.108	E4	49	59	0	0	78552	P1-1-958	0	-
945	89.14	89.2255	B4	39	47	0	0	78651	P1-1-960	0	-
946	89.2298	89.4648	F#3	70	61	0	0	78750	P1-1-962	0	-
947	89.2522	89.3356	Eb4	58	62	0	0	78750	P1-1-961	0	-
948	89.3644	89.4232	B4	51	48	0	0	78848	P1-1-963	0	-
949	89.4531	89.6678	E3	73	65	0	0	78947	P1-1-965	0	-
950	89.4531	89.5599	G#4	64	59	0	0	78947	P1-1-964	0	-
951	89.5674	89.64	B4	55	58	0	0	79046	P1-1-966	0	-
952	89.6646	89.8826	Eb3	75	61	0	0	79144	P1-1-968	0	-
953	89.6678	89.7544	F#4	63	65	0	0	79144	P1-1-967	0	-
954	89.7608	89.8334	B4	56	59	0	0	79243	P1-1-969	0	-
955	89.8826	90.1283	C#3	72	54	0	0	79342	P1-1-971	0	-
956	89.999	90.1112	C#5	59	58	0	0	79440	P1-1-972	0	-
957	90.0994	90.1806	Bb4	60	58	0	0	79539	P1-1-973	0	-
958	90.1016	90.3142	F#2	67	64	0	0	79539	P1-1-974	0	-
959	90.1913	90.2971	F#5	60	58	0	0	79638	P1-1-975	0	-
960	90.3163	90.5535	B2	67	40	0	0	79736	P1-1-977	0	-
961	90.3249	90.4093	B4	62	57	0	0	79736	P1-1-976	0	-
962	90.4232	90.514	Eb5	55	63	0	0	79835	P1-1-978	0	-
963	90.5118	90.765	F#2	72	63	0	0	79934	P1-1-980	0	-
964	90.5343	90.6208	B4	62	59	0	0	79934	P1-1-979	0	-
965	90.6358	90.717	F#5	61	59	0	0	80032	P1-1-981	0	-
966	90.733	90.9456	Eb2	66	57	0	0	80131	P1-1-983	0	-
967	90.7437	90.8398	B4	68	59	0	0	80131	P1-1-982	0	-
968	90.8452	90.9541	F#5	65	65	0	0	80230	P1-1-984	0	-
969	90.9541	91.0482	Eb5	75	65	0	0	80329	P1-1-985	0	-
970	90.9627	91.1646	F#2	66	59	0	0	80329	P1-1-986	0	-
971	91.0482	91.1571	F#5	69	64	0	0	80427	P1-1-987	0	-
972	91.1529	91.249	Eb5	76	65	0	0	80526	P1-1-988	0	-
973	91.1838	91.3452	B1	51	59	0	0	80526	P1-1-989	0	-
974	91.2512	91.3633	F#5	72	64	0	0	80625	P1-1-990	0	-
975	91.3601	91.4691	Eb5	73	61	0	0	80723	P1-1-991	0	-
976	91.3826	91.5738	F#2	47	54	0	0	80723	P1-1-992	0	-
977	91.467	91.5973	F#5	66	56	0	0	80822	P1-1-993	0	-
978	91.5588	91.7234	F#1	61	55	0	0	80921	P1-1-995	0	-
979	91.5642	91.6497	C#5	67	62	0	0	80921	P1-1-994	0	-
980	91.6774	91.7458	E5	60	64	0	0	81019	P1-1-996	0	-
981	91.7618	91.8121	F#2	59	65	0	0	81118	P1-1-998	0	-
982	91.7661	91.8644	Bb4	57	60	0	0	81118	P1-1-997	0	-
983	91.8633	91.9777	F#5	62	59	0	0	81217	P1-1-999	0	-
984	91.9659	92.1999	B2	71	56	0	0	81315	P1-1-1001	0	-
985	91.9659	92.0727	Eb5	63	60	0	0	81315	P1-1-1000	0	-
986	92.0653	92.1422	B4	62	59	0	0	81414	P1-1-1002	0	-
987	92.1678	92.3858	F#3	81	60	0	0	81513	P1-1-1004	0	-
988	92.1753	92.2501	Eb4	69	64	0	0	81513	P1-1-1003	0	-
989	92.2864	92.3911	B4	71	59	0	0	81611	P1-1-1005	0	-
990	92.3815	92.6101	G#3	84	58	0	0	81710	P1-1-1007	0	-
991	92.3868	92.4894	E4	69	64	0	0	81710	P1-1-1006	0	-
992	92.4777	92.5973	B4	71	60	0	0	81809	P1-1-1008	0	-
993	92.5941	92.8206	F#3	78	62	0	0	81907	P1-1-1010	0	-
994	92.5973	92.6967	Eb4	88	64	0	0	81907	P1-1-1009	0	-
995	92.7009	92.8056	B4	70	61	0	0	82006	P1-1-1011	0	-
996	92.8046	92.9071	G#4	80	63	0	0	82105	P1-1-1012	0	-
997	92.8185	93.0193	E3	80	66	0	0	82105	P1-1-1013	0	-
998	92.905	92.9947	B4	65	59	0	0	82204	P1-1-1014	0	-
999	93.0022	93.0941	F#4	78	66	0	0	82302	P1-1-1015	0	-
1000	93.0193	93.2159	Eb3	75	60	0	0	82302	P1-1-1016	0	-
1001	93.0984	93.1411	B4	62	62	0	0	82401	P1-1-1017	0	-
1002	93.2191	93.296	Bb4	71	61	0	0	82500	P1-1-1018	0	-
1003	93.2255	93.4445	C#3	67	60	0	0	82500	P1-1-1019	0	-
1004	93.3238	93.4221	C#5	68	58	0	0	82598	P1-1-1020	0	-
1005	93.4189	93.4947	Bb4	74	61	0	0	82697	P1-1-1021	0	-
1006	93.4413	93.6037	F#2	66	63	0	0	82697	P1-1-1022	0	-
1007	93.5054	93.6165	F#5	73	59	0	0	82796	P1-1-1023	0	-
1008	93.6326	93.7234	B4	69	61	0	0	82894	P1-1-1024	0	-
1009	93.639	93.8131	B2	63	52	0	0	82894	P1-1-1025	0	-
1010	93.7116	93.8185	Eb5	72	63	0	0	82993	P1-1-1026	0	-
1011	93.8291	93.9221	B4	68	61	0	0	83092	P1-1-1027	0	-
1012	93.8366	94.045	F#2	68	62	0	0	83092	P1-1-1028	0	-
1013	93.92	94.0257	F#5	79	64	0	0	83190	P1-1-1029	0	-
1014	94.0268	94.1486	D5	81	64	0	0	83289	P1-1-1030	1	-
1015	94.0375	94.2533	D2	81	58	0	0	83289	P1-1-1031	0	-
1016	94.1518	94.2501	B5	79	58	0	0	83388	P1-1-1032	1	-
1017	94.2341	94.3324	D5	81	60	0	0	83486	P1-1-1033	0	-
1018	94.2415	94.4328	F#2	82	55	0	0	83486	P1-1-1034	0	-
1019	94.3462	94.4403	B5	79	60	0	0	83585	P1-1-1035	1	-
1020	94.421	94.6935	B1	82	62	0	0	83684	P1-1-1037	0	-
1021	94.4392	94.5353	D5	88	63	0	0	83684	P1-1-1036	0	-
1022	94.53	94.6422	B5	80	59	0	0	83782	P1-1-1038	0	-
1023	94.6304	94.7148	D5	86	65	0	0	83881	P1-1-1039	0	-
1024	94.6315	94.8388	F#2	85	56	0	0	83881	P1-1-1040	0	-
1025	94.7116	94.8484	B5	75	61	0	0	83980	P1-1-1041	0	-
1026	94.8388	94.9616	F5	90	59	0	0	84079	P1-1-1043	0	-
1027	94.843	95.0727	C#2	86	61	0	0	84079	P1-1-1044	0	-
1028	94.843	94.9467	C#5	90	61	0	0	84079	P1-1-1042	0	-
1029	94.8826	94.9306	F2	45	53	0	0	-1	*	3	-
1030	94.9477	95.0567	B5	80	61	0	0	84177	P1-1-1045	0	-
1031	95.0364	95.1368	F2	80	66	0	0	84276	P1-1-1048	0	-
1032	95.0482	95.1507	F5	84	62	0	0	84276	P1-1-1047	1	-
1033	95.0578	95.1294	C#5	84	63	0	0	84276	P1-1-1046	0	-
1034	95.1347	95.2565	B5	78	60	0	0	84375	P1-1-1049	0	-
1035	95.2255	95.6668	F#2	87	59	0	0	84473	P1-1-1052	0	-
1036	95.2437	95.3826	F#5	102	62	0	0	84473	P1-1-1051	0	-
1037	95.2565	95.3569	C#5	93	61	0	0	84473	P1-1-1050	0	-
1038	95.358	95.4755	A5	86	61	0	0	84572	P1-1-1053	0	-
1039	95.4168	95.655	C#3	87	59	0	0	84671	P1-1-1056	0	-
1040	95.4574	95.5802	F#5	89	64	0	0	84671	P1-1-1055	0	-
1041	95.4766	95.545	C#5	84	60	0	0	84671	P1-1-1054	0	-
1042	95.5599	95.6785	A5	81	62	0	0	84769	P1-1-1057	0	-
1043	95.6294	95.968	A2	81	55	0	0	84868	P1-1-1060	0	-
1044	95.6561	95.7832	F#5	91	65	0	0	84868	P1-1-1059	0	-
1045	95.6785	95.7405	C#5	85	56	0	0	84868	P1-1-1058	0	-
1046	95.765	95.8975	A5	78	60	0	0	84967	P1-1-1061	0	-
1047	95.8655	95.9819	F#5	85	64	0	0	85065	P1-1-1063	0	-
1048	95.8826	96.0471	C#3	83	57	0	0	85065	P1-1-1064	0	-
1049	95.8965	95.9189	C#5	73	61	0	0	85065	P1-1-1062	0	-
1050	95.9616	96.0952	A5	65	60	0	0	85164	P1-1-1065	0	-
1051	96.0877	96.2298	F#5	82	59	0	0	85263	P1-1-1067	0	-
1052	96.0898	96.6465	F#2	90	38	0	0	85263	P1-1-1068	0	-
1053	96.1155	96.1753	C#5	67	44	0	0	85263	P1-1-1066	0	-
1054	96.1806	96.3067	A5	72	58	0	0	85361	P1-1-1069	0	-
1055	96.3131	96.3398	F#5	52	59	0	0	85460	*	3	-
1056	96.3153	96.4264	C#5	89	65	0	0	85460	P1-1-1071	0	-
1057	96.3174	96.3772	A4	80	62	0	0	85460	P1-1-1070	0	-
1058	96.3259	96.4403	F#3	87	61	0	0	85460	P1-1-1072	0	-
1059	96.4306	96.5759	F#5	79	62	0	0	85559	P1-1-1073	0	-
1060	96.4937	96.5321	G5	38	35	0	0	85559	*	3	-
1061	96.5471	96.6839	C#5	88	67	0	0	85657	P1-1-1075	0	-
1062	96.5589	96.8655	D2	92	62	0	0	85657	P1-1-1076	0	-
1063	96.5589	96.6379	F#4	89	63	0	0	85657	P1-1-1074	0	-
1064	96.6144	96.6753	F2	25	44	0	0	85657	*	3	-
1065	96.6935	96.8163	F#5	79	61	0	0	85756	P1-1-1077	0	-
1066	96.7853	96.921	C5	76	63	0	0	85855	P1-1-1079	0	-
1067	96.7896	96.8569	F#4	83	62	0	0	85855	P1-1-1078	0	-
1068	96.8056	96.9018	D3	89	59	0	0	85855	P1-1-1080	0	-
1069	96.889	96.9691	F#5	77	65	0	0	85954	P1-1-1081	0	-
1070	97.0621	97.1828	C#5	91	62	0	0	86052	P1-1-1083	0	-
1071	97.0653	97.124	F4	95	65	0	0	86052	P1-1-1082	0	-
1072	97.0674	97.4584	F5	86	57	0	0	86052	P1-1-1084	0	-
1073	97.077	97.1529	C#2	82	65	0	0	86052	P1-1-1085	0	-
1074	97.0792	97.1571	C#3	97	62	0	0	86052	P1-1-1086	0	-
1075	97.3965	97.5172	C#5	82	61	0	0	86250	P1-1-1087	0	-
1076	97.5054	97.5642	B4	79	64	0	0	86348	P1-1-1088	0	-
1077	97.5247	97.5482	A4	60	62	0	0	86348	*	3	-
1078	97.6336	97.7351	B4	93	60	0	0	86447	P1-1-1089	0	-
1079	97.7009	97.7843	A4	79	67	0	0	86546	P1-1-1090	0	-
1080	97.8591	97.9499	B4	83	60	0	0	86644	P1-1-1091	0	-
1081	97.9477	97.9948	A4	80	66	0	0	86743	P1-1-1092	0	-
1082	98.0353	98.123	A4	86	65	0	0	86842	P1-1-1093	0	-
1083	98.123	98.1742	G#4	81	65	0	0	86940	P1-1-1094	0	-
1084	98.2512	98.3292	A4	78	60	0	0	87039	P1-1-1095	0	-
1085	98.3527	98.3922	G#4	74	66	0	0	87138	P1-1-1096	0	-
1086	98.4499	98.5482	G#4	83	64	0	0	87236	P1-1-1097	0	-
1087	98.545	98.6112	F#4	77	64	0	0	87335	P1-1-1098	0	-
1088	98.6433	98.7448	G#4	77	64	0	0	87434	P1-1-1099	0	-
1089	98.7426	98.7918	F#4	80	64	0	0	87532	P1-1-1100	0	-
1090	98.8612	98.9221	F#4	85	63	0	0	87631	P1-1-1101	0	-
1091	98.9093	98.9584	G4	77	59	0	0	87730	*	3	-
1092	98.9477	99.0225	F4	81	67	0	0	87730	P1-1-1102	0	-
1093	99.0428	99.1411	F#4	77	66	0	0	87829	P1-1-1103	0	-
1094	99.139	99.1881	F4	84	66	0	0	87927	P1-1-1104	0	-
1095	99.2415	99.342	F4	78	65	0	0	88026	P1-1-1105	0	-
1096	99.3356	99.3847	D4	77	64	0	0	88125	P1-1-1106	0	-
1097	99.4445	99.5354	F4	64	66	0	0	88223	P1-1-1107	0	-
1098	99.5279	99.5792	D4	81	63	0	0	88322	P1-1-1108	0	-
1099	99.6401	99.7394	D4	79	62	0	0	88421	P1-1-1109	0	-
1100	99.7415	99.8121	C#4	78	59	0	0	88815	P1-1-1113	0	-
1101	99.8409	99.9371	D4	68	62	0	0	88914	P1-1-1114	1	-
1102	99.9499	99.9851	C#4	70	66	0	0	89013	P1-1-1115	0	-
1103	100.074	100.149	C#4	75	62	0	0	89210	P1-1-1117	0	-
1104	100.145	100.207	C4	72	61	0	0	89309	P1-1-1118	0	-
1105	100.252	100.347	C#4	59	62	0	0	89407	P1-1-1119	0	-
1106	100.358	100.431	C4	65	55	0	0	89506	P1-1-1120	0	-
1107	100.474	100.566	C#4	56	62	0	0	89605	P1-1-1121	0	-
1108	100.582	100.645	B3	56	57	0	0	89704	P1-1-1122	0	-
1109	100.684	100.797	C#4	51	61	0	0	89802	P1-1-1123	0	-
1110	100.807	100.864	B3	57	59	0	0	89901	P1-1-1124	0	-
1111	100.925	101.041	C#4	47	59	0	0	90000	P1-1-1125	0	-
1112	101.035	101.111	A3	41	58	0	0	90098	P1-1-1126	0	-
1113	101.142	101.237	C#4	34	57	0	0	90197	P1-1-1127	0	-
1114	101.259	101.32	A3	51	59	0	0	90296	P1-1-1128	0	-
1115	101.405	101.513	C#4	43	60	0	0	90394	P1-1-1129	0	-
1116	101.523	101.576	G#3	47	62	0	0	90493	P1-1-1130	0	-
1117	101.677	101.75	C#4	39	55	0	0	90592	P1-1-1131	0	-
1118	101.79	101.88	G#3	41	51	0	0	90690	P1-1-1132	0	-
1119	101.965	102.031	F#2	81	63	0	0	90789	P1-1-1133	0	-
1120	102.378	102.456	C#4	41	59	0	0	90986	P1-1-1134	0	-
1121	102.423	102.487	Bb3	50	59	0	0	90986	P1-1-1135	0	-
1122	102.501	102.591	F#4	53	63	0	0	91085	P1-1-1136	0	-
1123	102.665	102.712	F#4	47	50	0	0	91184	P1-1-1137	0	-
1124	102.708	102.784	C#4	51	57	0	0	91184	P1-1-1138	0	-
1125	102.786	102.851	Bb4	57	58	0	0	91282	P1-1-1139	0	-
1126	102.911	102.945	Bb4	50	59	0	0	91381	P1-1-1140	0	-
1127	102.945	103.023	F#4	48	56	0	0	91381	P1-1-1141	0	-
1128	103.135	103.184	C#5	76	57	0	0	91480	P1-1-1142	0	-
1129	103.187	103.219	Bb4	39	55	0	0	91579	P1-1-1144	0	-
1130	103.254	103.291	F#5	50	52	0	0	91677	P1-1-1145	0	-
1131	103.338	103.43	C#5	81	61	0	0	91776	P1-1-1147	0	-
1132	103.349	103.415	F#5	82	60	0	0	91776	P1-1-1146	0	-
1133	103.454	103.487	Bb5	70	68	0	0	91875	P1-1-1148	0	-
1134	103.545	103.622	F#5	97	62	0	0	91973	P1-1-1150	0	-
1135	103.548	103.621	Bb5	79	61	0	0	91973	P1-1-1149	0	-
1136	103.643	103.673	C#6	73	69	0	0	92072	P1-1-1151	0	-
1137	103.732	103.804	Bb5	101	65	0	0	92171	P1-1-1153	0	-
1138	103.755	103.825	C#6	87	65	0	0	92171	P1-1-1152	0	-
1139	103.851	103.976	F#6	80	63	0	0	92269	P1-1-1154	0	-
1140	103.932	103.952	C#6	93	75	0	0	92368	P1-1-1156	0	-
1141	103.937	103.974	Bb6	99	70	0	0	92368	P1-1-1155	0	-
1142	104.17	104.242	A4	71	59	0	0	92565	P1-1-1157	0	-
1143	104.188	104.378	F#3	63	60	0	0	92565	P1-1-1158	0	-
1144	104.294	104.358	C#5	55	59	0	0	92664	P1-1-1159	0	-
1145	104.386	104.464	F#4	61	57	0	0	92763	P1-1-1160	0	-
1146	104.391	104.568	A3	51	53	0	0	92763	P1-1-1161	0	-
1147	104.476	104.547	C#5	56	60	0	0	92861	P1-1-1162	0	-
1148	104.589	104.668	A4	52	55	0	0	92960	P1-1-1163	0	-
1149	104.608	104.809	F#3	44	47	0	0	92960	P1-1-1164	0	-
1150	104.695	104.755	C#5	49	58	0	0	93059	P1-1-1165	0	-
1151	104.814	104.878	F#4	51	60	0	0	93157	P1-1-1166	0	-
1152	104.839	104.99	A3	44	46	0	0	93157	P1-1-1167	0	-
1153	104.915	105.001	C#5	48	50	0	0	93256	P1-1-1168	0	-
1154	105.017	105.079	A4	57	58	0	0	93355	P1-1-1169	0	-
1155	105.046	105.27	F#3	42	35	0	0	93355	P1-1-1170	0	-
1156	105.126	105.218	C#5	43	57	0	0	93454	P1-1-1171	0	-
1157	105.268	105.321	B4	47	54	0	0	93552	P1-1-1172	0	-
1158	105.284	105.525	C#3	25	37	0	0	93552	P1-1-1174	0	-
1159	105.29	105.496	G#3	36	29	0	0	93552	P1-1-1173	0	-
1160	105.358	105.432	C#5	48	55	0	0	93651	P1-1-1175	0	-
1161	105.49	105.577	G#4	45	57	0	0	93750	P1-1-1176	0	-
1162	105.525	105.586	F3	11	28	0	0	93750	P1-1-1177	0	-
1163	105.812	105.856	F#2	73	67	0	0	93947	P1-1-1179	0	-
1164	106.243	106.308	C#4	44	58	0	0	94144	P1-1-1180	0	-
1165	106.25	106.317	Bb3	53	58	0	0	94144	P1-1-1181	0	-
1166	106.374	106.422	F#4	50	67	0	0	94243	P1-1-1182	0	-
1167	106.521	106.585	C#4	56	56	0	0	94342	P1-1-1184	0	-
1168	106.613	106.666	Bb4	61	58	0	0	94440	P1-1-1185	0	-
1169	106.752	106.854	F#4	63	61	0	0	94539	P1-1-1187	0	-
1170	106.961	107.013	Bb4	90	62	0	0	94736	P1-1-1190	0	-
1171	106.982	107.013	C#5	49	53	0	0	94736	P1-1-1189	0	-
1172	107.049	107.079	F#5	79	56	0	0	94835	P1-1-1191	0	-
1173	107.135	107.229	C#5	87	64	0	0	94934	P1-1-1193	0	-
1174	107.154	107.221	G#5	87	62	0	0	94934	P1-1-1192	1	-
1175	107.339	107.408	Bb5	84	62	0	0	95032	P1-1-1194	0	-
1176	107.348	107.43	F#5	106	59	0	0	95131	P1-1-1196	0	-
1177	107.441	107.471	C#6	74	68	0	0	95230	P1-1-1197	0	-
1178	107.531	107.586	Bb5	102	67	0	0	95329	P1-1-1199	0	-
1179	107.544	107.606	C#6	86	59	0	0	95329	P1-1-1198	0	-
1180	107.638	107.708	F#6	82	65	0	0	95427	P1-1-1200	0	-
1181	107.733	107.751	C#6	93	75	0	0	95526	P1-1-1202	0	-
1182	107.734	107.768	Bb6	102	70	0	0	95526	P1-1-1201	0	-
1183	108.002	108.048	A4	68	60	0	0	95723	P1-1-1203	0	-
1184	108.033	108.193	F#3	50	48	0	0	95723	P1-1-1204	0	-
1185	108.086	108.155	C#5	43	59	0	0	95822	P1-1-1205	0	-
1186	108.188	108.276	F#4	60	58	0	0	95921	P1-1-1206	0	-
1187	108.222	108.409	A3	50	55	0	0	95921	P1-1-1207	0	-
1188	108.284	108.355	C#5	53	58	0	0	96019	P1-1-1208	0	-
1189	108.401	108.462	A4	51	61	0	0	96118	P1-1-1209	0	-
1190	108.436	108.593	F#3	45	46	0	0	96118	P1-1-1210	0	-
1191	108.494	108.577	C#5	52	58	0	0	96217	P1-1-1211	0	-
1192	108.617	108.76	A3	42	50	0	0	96315	P1-1-1213	0	-
1193	108.618	108.687	F#4	51	59	0	0	96315	P1-1-1212	0	-
1194	108.703	108.799	C#5	44	58	0	0	96414	P1-1-1214	0	-
1195	108.826	108.884	A4	52	63	0	0	96513	P1-1-1215	0	-
1196	108.831	109.095	F#3	47	37	0	0	96513	P1-1-1216	0	-
1197	108.915	109.007	C#5	38	58	0	0	96611	P1-1-1217	0	-
1198	109.047	109.106	B4	50	56	0	0	96710	P1-1-1218	0	-
1199	109.066	109.36	C#3	24	32	0	0	96710	P1-1-1220	0	-
1200	109.072	109.264	G#3	38	35	0	0	96710	P1-1-1219	0	-
1201	109.17	109.223	C#5	42	49	0	0	96809	P1-1-1221	0	-
1202	109.269	109.357	G#4	49	53	0	0	96907	P1-1-1222	0	-
1203	109.29	109.514	F3	39	43	0	0	96907	P1-1-1223	0	-
1204	109.38	109.53	C#5	44	35	0	0	97006	P1-1-1224	0	-
1205	109.509	109.61	F#4	40	41	0	0	97105	P1-1-1225	0	-
1206	109.572	109.664	F#3	32	40	0	0	97105	P1-1-1226	0	-
1207	109.599	109.661	A4	52	64	0	0	97204	P1-1-1227	0	-
1208	109.761	109.87	A4	46	56	0	0	97302	P1-1-1228	0	-
1209	109.811	109.961	F#3	49	55	0	0	97302	P1-1-1229	0	-
1210	109.907	109.994	F#5	53	58	0	0	97401	P1-1-1230	0	-
1211	110.019	110.078	G#4	55	62	0	0	97500	P1-1-1231	0	-
1212	110.037	110.218	C#4	44	54	0	0	97500	P1-1-1232	0	-
1213	110.138	110.176	F5	37	48	0	0	97598	P1-1-1233	0	-
1214	110.236	110.368	F5	58	51	0	0	97697	P1-1-1234	0	-
1215	110.25	110.412	C#3	55	59	0	0	97697	P1-1-1235	0	-
1216	110.346	110.391	G#5	58	65	0	0	97796	P1-1-1236	0	-
1217	110.432	110.512	A4	68	58	0	0	97894	P1-1-1237	0	-
1218	110.454	110.644	F#3	68	59	0	0	97894	P1-1-1238	0	-
1219	110.535	110.575	F#5	72	61	0	0	97993	P1-1-1239	0	-
1220	110.645	110.751	F#5	71	61	0	0	98092	P1-1-1240	0	-
1221	110.648	110.826	F#2	77	60	0	0	98092	P1-1-1241	0	-
1222	110.751	110.855	A5	69	59	0	0	98190	P1-1-1242	0	-
1223	110.858	111.074	C#3	76	58	0	0	98289	P1-1-1244	0	-
1224	110.861	110.956	F5	71	61	0	0	98289	P1-1-1243	0	-
1225	110.968	111.005	G#5	67	66	0	0	98388	P1-1-1245	0	-
1226	111.068	111.117	C#2	60	67	0	0	98486	P1-1-1247	0	-
1227	111.073	111.175	G#5	72	55	0	0	98486	P1-1-1246	0	-
1228	111.165	111.205	B5	63	57	0	0	98585	P1-1-1248	0	-
1229	111.275	111.335	A4	66	64	0	0	98684	P1-1-1249	0	-
1230	111.28	111.331	F#3	55	62	0	0	98684	P1-1-1250	1	-
1231	111.363	111.398	F#5	75	64	0	0	98782	P1-1-1251	0	-
1232	111.464	111.614	F#3	68	60	0	0	98881	P1-1-1253	0	-
1233	111.474	111.575	F#5	71	62	0	0	98881	P1-1-1252	0	-
1234	111.57	111.677	A5	76	60	0	0	98980	P1-1-1254	0	-
1235	111.673	111.757	F5	80	61	0	0	99079	P1-1-1255	0	-
1236	111.675	111.876	C#4	71	61	0	0	99079	P1-1-1256	0	-
1237	111.784	111.83	G#5	85	63	0	0	99177	P1-1-1257	0	-
1238	111.894	112.001	G#5	85	64	0	0	99276	P1-1-1258	0	-
1239	111.901	112.04	C#3	73	59	0	0	99276	P1-1-1259	0	-
1240	111.977	112.031	B5	77	64	0	0	99375	P1-1-1260	0	-
1241	112.088	112.282	F#3	82	53	0	0	99473	P1-1-1262	0	-
1242	112.092	112.18	F#5	95	63	0	0	99473	P1-1-1261	0	-
1243	112.185	112.222	Bb5	43	39	0	0	-1	*	3	-
1244	112.188	112.22	A5	79	63	0	0	99572	P1-1-1263	0	-
1245	112.292	112.359	A5	90	64	0	0	99671	P1-1-1264	0	-
1246	112.295	112.462	F#2	88	61	0	0	99671	P1-1-1265	0	-
1247	112.391	112.509	F#6	91	63	0	0	99769	P1-1-1266	0	-
1248	112.489	112.567	G#5	84	64	0	0	99868	P1-1-1267	0	-
1249	112.494	112.708	C#3	86	57	0	0	99868	P1-1-1268	0	-
1250	112.498	112.544	Bb5	69	62	0	0	-1	*	3	-
1251	112.576	112.642	F6	87	66	0	0	99967	P1-1-1269	0	-
1252	112.701	112.784	F6	79	65	0	0	100066	P1-1-1270	1	-
1253	112.708	112.766	C#2	74	66	0	0	100066	P1-1-1271	0	-
1254	112.739	112.797	G#6	89	67	0	0	100165	P1-1-1272	0	-
1255	112.915	113.013	F#4	79	63	0	0	100263	P1-1-1273	0	-
1256	112.96	113.019	F#3	62	56	0	0	100263	P1-1-1274	0	-
1257	113.028	113.059	A4	46	60	0	0	100362	P1-1-1275	0	-
1258	113.13	113.212	A4	67	65	0	0	100461	P1-1-1276	0	-
1259	113.157	113.281	F#3	48	54	0	0	100461	P1-1-1277	0	-
1260	113.235	113.315	F#5	66	59	0	0	100559	P1-1-1278	0	-
1261	113.342	113.383	G#4	65	63	0	0	100658	P1-1-1279	0	-
1262	113.361	113.509	C#4	54	57	0	0	100658	P1-1-1280	0	-
1263	113.446	113.478	F5	54	56	0	0	100757	P1-1-1281	0	-
1264	113.562	113.681	F5	58	51	0	0	100855	P1-1-1282	0	-
1265	113.577	113.703	C#3	63	62	0	0	100855	P1-1-1283	0	-
1266	113.657	113.733	G#5	62	63	0	0	100954	P1-1-1284	0	-
1267	113.757	113.847	A4	68	56	0	0	101053	P1-1-1285	0	-
1268	113.788	114.007	F#3	66	60	0	0	101053	P1-1-1286	0	-
1269	113.862	113.919	F#5	77	57	0	0	101151	P1-1-1287	0	-
1270	113.974	114.07	F#5	55	63	0	0	101250	P1-1-1288	0	-
1271	113.979	114.234	F#2	74	26	0	0	101250	P1-1-1289	0	-
1272	114.034	114.088	G#2	24	40	0	0	101250	*	3	-
1273	114.06	114.188	A5	73	60	0	0	101349	P1-1-1290	0	-
1274	114.166	114.392	C#3	86	59	0	0	101447	P1-1-1292	0	-
1275	114.184	114.274	F5	71	63	0	0	101447	P1-1-1291	0	-
1276	114.274	114.306	G#5	72	67	0	0	101546	P1-1-1293	0	-
1277	114.373	114.421	C#2	74	68	0	0	101645	P1-1-1295	0	-
1278	114.376	114.487	G#5	84	62	0	0	101645	P1-1-1294	0	-
1279	114.47	114.528	B5	76	58	0	0	101743	P1-1-1296	0	-
1280	114.581	114.652	F#3	61	58	0	0	101842	P1-1-1298	0	-
1281	114.597	114.643	A4	69	61	0	0	101842	P1-1-1297	0	-
1282	114.681	114.716	F#5	73	66	0	0	101941	P1-1-1299	0	-
1283	114.802	114.904	F#5	71	63	0	0	102040	P1-1-1300	0	-
1284	114.806	114.994	F#3	75	61	0	0	102040	P1-1-1301	0	-
1285	114.896	115.001	A5	77	59	0	0	102138	P1-1-1302	0	-
1286	115.001	115.106	F5	80	62	0	0	102237	P1-1-1303	0	-
1287	115.025	115.26	C#4	80	62	0	0	102237	P1-1-1304	0	-
1288	115.108	115.142	G#5	77	67	0	0	102336	P1-1-1305	0	-
1289	115.199	115.316	G#5	84	64	0	0	102434	P1-1-1306	0	-
1290	115.24	115.372	C#3	69	62	0	0	102434	P1-1-1307	0	-
1291	115.311	115.359	B5	69	60	0	0	102533	P1-1-1308	0	-
1292	115.406	115.5	F#5	94	65	0	0	102632	P1-1-1309	0	-
1293	115.426	115.674	F#3	87	62	0	0	102632	P1-1-1310	0	-
1294	115.503	115.561	A5	86	63	0	0	102730	P1-1-1311	0	-
1295	115.61	115.708	A5	84	60	0	0	102829	P1-1-1312	0	-
1296	115.626	115.882	F#2	95	61	0	0	102829	P1-1-1313	0	-
1297	115.69	115.751	F2	38	48	0	0	-1	*	3	-
1298	115.708	115.855	F#6	90	65	0	0	102928	P1-1-1314	0	-
1299	115.743	115.781	Eb6	45	61	0	0	-1	*	3	-
1300	115.826	115.946	F#5	104	63	0	0	103026	P1-1-1315	0	-
1301	115.835	116.105	E3	104	61	0	0	103026	P1-1-1316	0	-
1302	115.934	115.993	A5	80	61	0	0	103125	P1-1-1317	0	-
1303	116.045	116.154	A5	82	62	0	0	103224	P1-1-1318	0	-
1304	116.061	116.309	E2	93	53	0	0	103224	P1-1-1319	0	-
1305	116.142	116.271	F#6	93	64	0	0	103322	P1-1-1320	0	-
1306	116.257	116.384	F#5	95	65	0	0	103421	P1-1-1321	0	-
1307	116.285	116.568	D3	101	55	0	0	103421	P1-1-1322	0	-
1308	116.372	116.432	A5	80	61	0	0	103520	P1-1-1323	0	-
1309	116.495	116.603	A5	82	65	0	0	103618	P1-1-1324	0	-
1310	116.515	116.783	D2	87	60	0	0	103618	P1-1-1325	0	-
1311	116.595	116.753	F#6	93	64	0	0	103717	P1-1-1326	0	-
1312	116.715	116.848	F#5	103	64	0	0	103816	P1-1-1327	0	-
1313	116.73	117.01	D3	93	59	0	0	103816	P1-1-1328	0	-
1314	116.839	116.896	A5	75	58	0	0	103915	P1-1-1329	0	-
1315	116.949	117.06	A5	67	62	0	0	104013	P1-1-1330	0	-
1316	116.987	117.078	D2	73	63	0	0	104013	P1-1-1331	0	-
1317	117.083	117.141	F#6	74	62	0	0	104112	P1-1-1332	0	-
1318	117.215	117.426	F#6	85	65	0	0	104211	P1-1-1336	0	-
1319	117.223	117.667	D3	104	59	0	0	104211	P1-1-1338	0	-
1320	117.223	117.549	F#5	95	62	0	0	104211	P1-1-1333	0	-
1321	117.223	117.505	A5	84	57	0	0	104211	P1-1-1334	0	-
1322	117.227	117.478	C6	77	80	0	0	104211	P1-1-1335	0	-
1323	117.237	117.339	B5	80	29	0	0	-1	*	3	-
1324	117.243	117.681	D2	86	62	0	0	104211	P1-1-1337	0	-
1325	117.263	117.307	C#6	44	54	0	0	-1	*	3	-
1326	117.276	117.277	G#5	29	127	0	0	-1	*	3	-
1327	117.478	117.517	C6	6	58	0	0	104803	P1-1-1339	1	-
1328	117.987	118.091	B3	81	63	0	0	105000	P1-1-1341	0	-
1329	118.081	118.141	C4	86	65	0	0	105099	P1-1-1342	0	-
1330	118.184	118.307	B3	89	63	0	0	105197	P1-1-1343	0	-
1331	118.285	118.358	C4	82	63	0	0	105296	P1-1-1344	0	-
1332	118.382	118.473	F4	83	66	0	0	105395	P1-1-1345	0	-
1333	118.468	118.532	F#4	90	68	0	0	105493	P1-1-1346	0	-
1334	118.579	118.703	F4	87	67	0	0	105592	P1-1-1347	0	-
1335	118.674	118.759	F#4	83	67	0	0	105691	P1-1-1348	0	-
1336	118.764	118.842	G#4	79	66	0	0	105790	P1-1-1349	0	-
1337	118.867	118.925	A4	84	64	0	0	105888	P1-1-1350	0	-
1338	118.973	119.091	G#4	88	66	0	0	105987	P1-1-1351	0	-
1339	119.068	119.152	A4	86	65	0	0	106086	P1-1-1352	0	-
1340	119.168	119.264	B4	81	59	0	0	106184	P1-1-1353	0	-
1341	119.263	119.31	C5	83	62	0	0	106283	P1-1-1354	0	-
1342	119.359	119.482	B4	83	62	0	0	106382	P1-1-1355	0	-
1343	119.461	119.53	C5	80	67	0	0	106480	P1-1-1356	0	-
1344	119.54	119.627	F5	76	63	0	0	106579	P1-1-1357	0	-
1345	119.632	119.683	F#5	83	65	0	0	106678	P1-1-1358	0	-
1346	119.75	119.868	F5	72	59	0	0	106776	P1-1-1359	0	-
1347	119.765	119.811	E5	69	51	0	0	106875	*	3	-
1348	119.835	119.92	F#5	83	66	0	0	106875	P1-1-1360	0	-
1349	119.935	120.014	G#5	73	63	0	0	106974	P1-1-1361	0	-
1350	120.042	120.074	A5	76	64	0	0	107072	P1-1-1362	0	-
1351	120.133	120.24	G#5	79	63	0	0	107171	P1-1-1363	0	-
1352	120.218	120.3	A5	72	61	0	0	107270	P1-1-1364	0	-
1353	120.309	120.38	B5	66	59	0	0	107368	P1-1-1365	0	-
1354	120.391	120.426	C6	72	67	0	0	107467	P1-1-1366	0	-
1355	120.49	120.597	B5	67	61	0	0	107566	P1-1-1367	0	-
1356	120.592	120.65	C6	68	65	0	0	107665	P1-1-1368	0	-
1357	120.671	120.732	F6	66	64	0	0	107763	P1-1-1369	0	-
1358	120.769	120.815	F#6	63	66	0	0	107862	P1-1-1370	0	-
1359	120.877	120.987	F6	58	61	0	0	107961	P1-1-1371	0	-
1360	120.943	121.015	F#6	57	58	0	0	108059	P1-1-1372	0	-
1361	121.052	121.112	G#6	48	62	0	0	108158	P1-1-1373	0	-
1362	121.121	121.184	A6	64	50	0	0	108257	P1-1-1374	0	-
1363	121.235	121.304	F6	48	63	0	0	108355	P1-1-1375	1	-
1364	121.325	121.363	F#6	58	66	0	0	108651	P1-1-1378	0	-
1365	121.427	121.497	F6	45	63	0	0	108750	P1-1-1379	0	-
1366	121.528	121.607	F#6	49	41	0	0	108849	P1-1-1380	0	-
1367	121.636	121.718	B5	38	55	0	0	108947	P1-1-1381	0	-
1368	121.715	121.801	C6	51	58	0	0	109046	P1-1-1382	0	-
1369	121.827	121.933	G#6	52	54	0	0	109145	P1-1-1383	0	-
1370	121.926	121.98	A6	51	58	0	0	109243	P1-1-1384	0	-
1371	122.033	122.098	B5	54	55	0	0	109342	P1-1-1385	1	-
1372	122.125	122.179	C6	50	62	0	0	109441	P1-1-1386	1	-
1373	122.229	122.3	F6	45	56	0	0	109540	P1-1-1387	0	-
1374	122.296	122.346	F#6	58	64	0	0	109638	P1-1-1388	0	-
1375	122.415	122.491	G#5	53	55	0	0	109737	P1-1-1389	0	-
1376	122.479	122.548	A5	53	60	0	0	109836	P1-1-1390	0	-
1377	122.597	122.658	B5	59	60	0	0	109934	P1-1-1391	0	-
1378	122.688	122.733	C6	58	66	0	0	110033	P1-1-1392	0	-
1379	122.804	122.868	F5	54	59	0	0	110132	P1-1-1393	0	-
1380	122.857	122.895	F#5	61	66	0	0	110230	P1-1-1394	0	-
1381	122.996	123.065	A5	64	62	0	0	110329	P1-1-1395	0	-
1382	123.087	123.146	C6	62	61	0	0	110428	P1-1-1396	0	-
1383	123.19	123.265	B4	57	59	0	0	110526	P1-1-1397	0	-
1384	123.274	123.328	C5	56	64	0	0	110625	P1-1-1398	0	-
1385	123.377	123.462	B5	62	62	0	0	110724	P1-1-1399	0	-
1386	123.472	123.526	C6	67	60	0	0	110822	P1-1-1400	0	-
1387	123.58	123.657	G#4	53	58	0	0	110921	P1-1-1401	0	-
1388	123.673	123.741	A4	50	58	0	0	111020	P1-1-1402	0	-
1389	123.791	123.863	A5	57	58	0	0	111118	P1-1-1403	1	-
1390	123.898	123.954	C6	47	51	0	0	111217	P1-1-1404	0	-
1391	123.976	124.075	F4	31	54	0	0	111316	P1-1-1405	0	-
1392	124.077	124.134	F#4	41	51	0	0	111415	P1-1-1406	0	-
1393	124.197	124.261	B5	44	50	0	0	111513	P1-1-1407	1	-
1394	124.29	124.332	C6	38	55	0	0	111612	P1-1-1408	0	-
1395	124.406	124.493	G#4	38	42	0	0	111711	P1-1-1409	0	-
1396	124.493	124.563	A4	35	46	0	0	111809	P1-1-1410	0	-
1397	124.601	124.683	A5	46	47	0	0	111908	P1-1-1411	1	-
1398	124.683	124.738	C6	44	49	0	0	112007	P1-1-1412	0	-
1399	124.812	124.896	F#4	43	63	0	0	112105	P1-1-1413	0	-
1400	124.91	124.948	A4	38	48	0	0	112204	P1-1-1414	0	-
1401	125.019	125.081	A5	52	61	0	0	112303	P1-1-1415	0	-
1402	125.105	125.132	C6	56	59	0	0	112401	P1-1-1416	0	-
1403	125.213	125.267	G#5	61	65	0	0	112500	P1-1-1417	0	-
1404	125.268	125.306	A5	55	59	0	0	112599	P1-1-1418	0	-
1405	125.429	125.523	B4	42	41	0	0	112697	P1-1-1419	0	-
1406	125.508	125.554	C5	48	55	0	0	112796	P1-1-1420	0	-
1407	125.623	125.672	F5	27	48	0	0	112895	P1-1-1421	0	-
1408	125.666	125.747	F#5	61	58	0	0	112993	P1-1-1422	0	-
1409	125.826	125.887	A4	52	59	0	0	113092	P1-1-1423	0	-
1410	125.923	125.978	C5	36	47	0	0	113191	P1-1-1424	0	-
1411	126.015	126.126	G#5	55	61	0	0	113290	P1-1-1425	0	-
1412	126.078	126.153	A5	51	55	0	0	113388	P1-1-1426	0	-
1413	126.264	126.31	B4	22	52	0	0	114276	P1-1-1435	0	-
1414	126.317	126.379	C5	42	47	0	0	114375	P1-1-1436	0	-
1415	126.399	126.587	F5	25	36	0	0	114474	P1-1-1437	0	-
1416	126.494	126.543	F#5	44	50	0	0	114572	P1-1-1438	0	-
1417	126.628	126.693	A4	46	51	0	0	114671	P1-1-1439	0	-
1418	126.7	126.758	C5	38	47	0	0	114770	P1-1-1440	0	-
1419	126.822	126.921	G#5	49	57	0	0	114868	P1-1-1441	0	-
1420	126.905	126.981	A5	51	52	0	0	114967	P1-1-1442	0	-
1421	127.023	127.106	A4	44	60	0	0	115066	P1-1-1443	0	-
1422	127.119	127.18	C5	43	47	0	0	115165	P1-1-1444	0	-
1423	127.229	127.36	F5	45	41	0	0	115263	P1-1-1445	0	-
1424	127.338	127.38	F#5	35	52	0	0	115362	P1-1-1446	0	-
1425	127.415	127.5	A4	43	56	0	0	115461	P1-1-1447	0	-
1426	127.488	127.557	C5	42	43	0	0	115559	P1-1-1448	0	-
1427	127.642	127.724	G#5	39	46	0	0	115658	P1-1-1449	0	-
1428	127.708	127.741	A5	52	56	0	0	115757	P1-1-1450	0	-
1429	127.815	127.905	A4	48	65	0	0	115855	P1-1-1451	0	-
1430	127.965	128.009	C5	35	62	0	0	115954	P1-1-1452	0	-
1431	128.04	128.161	G#4	43	60	0	0	116053	P1-1-1453	0	-
1432	128.13	128.205	A4	50	58	0	0	116151	P1-1-1454	0	-
1433	128.273	128.343	G#5	51	60	0	0	116250	P1-1-1455	0	-
1434	128.361	128.425	A5	48	46	0	0	116349	P1-1-1456	0	-
1435	128.497	128.589	B4	41	56	0	0	116447	P1-1-1457	0	-
1436	128.605	128.655	C5	40	53	0	0	116546	P1-1-1458	0	-
1437	128.695	128.788	B5	39	37	0	0	116645	P1-1-1459	0	-
1438	128.798	128.876	C6	41	44	0	0	116743	P1-1-1460	0	-
1439	128.922	129.077	G#4	37	33	0	0	116842	P1-1-1461	0	-
1440	129.031	129.114	A4	42	60	0	0	116941	P1-1-1462	0	-
1441	129.117	129.182	G#5	48	49	0	0	117040	P1-1-1463	0	-
1442	129.214	129.311	A5	54	58	0	0	117138	P1-1-1464	0	-
1443	129.374	129.469	B4	45	45	0	0	117237	P1-1-1465	0	-
1444	129.494	129.562	C5	38	49	0	0	117336	P1-1-1466	0	-
1445	129.651	129.761	B5	30	37	0	0	117434	P1-1-1467	0	-
1446	129.753	129.817	C6	56	60	0	0	117533	P1-1-1468	0	-
1447	129.969	130.185	C6	96	63	0	0	117632	P1-1-1471	0	-
1448	129.972	130.185	F#5	95	63	0	0	117632	P1-1-1470	0	-
1449	129.977	130.509	F#4	86	61	0	0	117632	P1-1-1473	0	-
1450	129.978	130.142	C5	84	58	0	0	117632	P1-1-1469	0	-
1451	129.987	130.097	D4	69	61	0	0	117632	P1-1-1472	0	-
1452	130.512	130.623	C#6	95	63	0	0	118224	P1-1-1476	0	-
1453	130.521	130.587	C#5	84	62	0	0	118224	P1-1-1474	0	-
1454	130.527	130.594	F5	76	56	0	0	118224	P1-1-1475	0	-
1455	130.529	130.594	C#4	68	59	0	0	118224	P1-1-1477	0	-
1456	130.532	130.603	G#4	74	62	0	0	118224	P1-1-1479	0	-
1457	130.54	130.591	F4	63	60	0	0	118224	P1-1-1478	0	-
1458	130.763	130.844	G#5	96	68	0	0	118421	P1-1-1482	0	-
1459	130.778	130.826	C#5	86	63	0	0	118421	P1-1-1480	0	-
1460	130.778	130.821	F5	77	62	0	0	118421	P1-1-1481	0	-
1461	130.789	130.844	G#4	77	64	0	0	118421	P1-1-1485	0	-
1462	130.797	130.845	F4	60	67	0	0	118421	P1-1-1484	0	-
1463	130.799	130.882	C#4	70	65	0	0	118421	P1-1-1483	0	-
1464	131.603	132.058	Bb3	45	19	0	0	119012	P1-1-1487	0	-
1465	131.612	132.044	C#3	44	38	0	0	119012	P1-1-1486	0	-
1466	131.65	132.035	F#2	25	41	0	0	119012	P1-1-1488	0	-
1467	131.986	132.403	B3	41	35	0	0	119211	P1-1-1490	0	-
1468	131.991	132.469	B1	35	40	0	0	119211	P1-1-1491	0	-
1469	131.992	132.33	Eb3	43	57	0	0	119211	P1-1-1489	0	-
1470	132.378	132.457	Bb3	49	52	0	0	119507	P1-1-1493	0	-
1471	132.382	132.432	C#3	20	43	0	0	119507	P1-1-1492	0	-
1472	132.393	132.478	C#2	35	56	0	0	119507	P1-1-1494	0	-
1473	132.468	132.768	G#3	48	61	0	0	119605	P1-1-1496	0	-
1474	132.515	132.611	B2	45	54	0	0	119605	P1-1-1495	0	-
1475	132.517	132.875	Eb2	34	37	0	0	119605	P1-1-1497	0	-
1476	132.79	133.086	F#3	47	52	0	0	119803	P1-1-1499	0	-
1477	132.826	132.877	Bb2	45	53	0	0	119803	P1-1-1498	0	-
1478	132.838	133.195	C2	32	37	0	0	119803	P1-1-1500	0	-
1479	133.11	133.735	F3	50	65	0	0	120000	P1-1-1502	0	-
1480	133.144	133.504	G#2	35	42	0	0	120000	P1-1-1501	0	-
1481	133.184	133.687	C#2	25	58	0	0	120000	P1-1-1503	1	-
1482	134.326	135.086	C#6	91	61	0	0	120790	P1-1-1506	0	-
1483	134.332	134.82	C#5	91	51	0	0	120790	P1-1-1504	0	-
1484	134.348	134.578	F#4	65	55	0	0	120790	P1-1-1509	0	-
1485	134.349	135.058	E4	67	58	0	0	120790	P1-1-1508	0	-
1486	135.042	135.172	Eb6	86	60	0	0	121382	P1-1-1512	0	-
1487	135.051	135.154	Eb5	67	61	0	0	121382	P1-1-1510	0	-
1488	135.078	135.143	Eb4	54	60	0	0	121382	P1-1-1514	0	-
1489	135.079	135.126	F#4	54	57	0	0	121382	P1-1-1515	0	-
1490	135.368	135.731	E6	83	62	0	0	121579	P1-1-1518	0	-
1491	135.372	135.794	E5	79	65	0	0	121579	P1-1-1516	0	-
1492	135.395	135.677	E4	48	37	0	0	-1	*	3	-
1493	135.395	135.642	F#4	57	61	0	0	121579	P1-1-1521	0	-
1494	135.396	135.664	C#4	50	54	0	0	121579	P1-1-1520	0	-
1495	135.437	135.48	C6	4	30	0	0	121579	P1-1-1517	1	-
1496	136.336	136.523	F#3	46	61	0	0	122171	P1-1-1523	0	-
1497	136.347	136.624	B1	23	38	0	0	122171	P1-1-1524	0	-
1498	136.362	136.529	Eb3	37	50	0	0	122171	P1-1-1522	0	-
1499	136.607	137.029	G#3	47	49	0	0	122368	P1-1-1526	0	-
1500	136.638	136.913	E2	32	43	0	0	122368	P1-1-1527	0	-
1501	136.657	136.805	E3	39	51	0	0	122368	P1-1-1525	0	-
1502	136.992	137.052	E3	44	63	0	0	122665	P1-1-1529	0	-
1503	137.002	137.078	C#2	7	59	0	0	122665	P1-1-1530	0	-
1504	137.081	137.314	Eb3	52	53	0	0	122762	P1-1-1532	0	-
1505	137.088	137.28	B2	37	32	0	0	122762	P1-1-1531	0	-
1506	137.12	137.191	F#2	36	47	0	0	122762	P1-1-1533	0	-
1507	137.302	137.645	C#3	47	36	0	0	122961	P1-1-1535	0	-
1508	137.356	137.656	F#2	41	24	0	0	122961	P1-1-1536	0	-
1509	137.359	137.637	Bb2	38	40	0	0	122961	P1-1-1534	0	-
1510	137.634	138.071	B2	29	42	0	0	123158	P1-1-1537	0	-
1511	137.639	138.102	Eb3	40	62	0	0	123158	P1-1-1538	0	-
1512	137.65	138.129	B1	31	40	0	0	123158	P1-1-1539	0	-
1513	138.958	139.758	B5	49	35	0	0	123947	P1-1-1541	0	-
1514	138.967	139.648	Eb4	21	43	0	0	123947	P1-1-1542	0	-
1515	138.976	139.438	F#4	24	30	0	0	123947	P1-1-1543	0	-
1516	139.667	139.809	Bb5	47	61	0	0	124540	P1-1-1545	0	-
1517	139.684	139.802	F#4	35	41	0	0	124540	P1-1-1547	0	-
1518	139.684	139.728	Bb4	29	45	0	0	124540	P1-1-1544	0	-
1519	139.734	139.8	C#4	25	50	0	0	124540	P1-1-1546	0	-
1520	140.016	140.206	Eb6	48	55	0	0	124737	P1-1-1549	0	-
1521	140.046	140.289	Eb5	36	59	0	0	124737	P1-1-1548	0	-
1522	140.055	140.262	F#4	15	41	0	0	124737	P1-1-1551	0	-
1523	140.065	140.289	B3	31	40	0	0	124737	P1-1-1550	0	-
1524	140.902	141.064	C#4	39	58	0	0	125329	P1-1-1552	0	-
1525	140.922	141.325	Bb2	29	24	0	0	125329	P1-1-1554	0	-
1526	140.949	141.143	F#3	15	37	0	0	125329	P1-1-1553	0	-
1527	141.25	141.682	B3	46	52	0	0	125526	P1-1-1555	0	-
1528	141.283	141.634	F#3	22	36	0	0	125526	P1-1-1556	0	-
1529	141.313	141.65	G#2	35	31	0	0	125526	P1-1-1557	0	-
1530	141.636	141.718	Bb3	49	52	0	0	125822	P1-1-1558	0	-
1531	141.675	141.746	Bb2	36	56	0	0	125822	P1-1-1559	0	-
1532	141.735	141.974	G#3	44	32	0	0	125921	P1-1-1560	0	-
1533	141.746	142.035	B2	41	40	0	0	125921	P1-1-1561	0	-
1534	141.993	142.301	C#4	48	54	0	0	126118	P1-1-1562	0	-
1535	142.01	142.282	F3	31	43	0	0	126118	P1-1-1563	0	-
1536	142.025	142.307	C#3	41	38	0	0	126118	P1-1-1564	0	-
1537	142.288	143.354	Bb3	45	34	0	0	126315	P1-1-1565	0	-
1538	142.291	142.685	F#2	41	41	0	0	126315	P1-1-1567	0	-
1539	142.306	142.745	F#3	32	38	0	0	126315	P1-1-1566	0	-
1540	142.667	142.749	G#2	41	59	0	0	126612	P1-1-1568	0	-
1541	142.782	143.056	Bb2	45	39	0	0	126711	P1-1-1569	0	-
1542	143.035	143.098	Eb4	53	63	0	0	126908	P1-1-1570	0	-
1543	143.075	143.345	B2	47	42	0	0	126908	P1-1-1572	0	-
1544	143.077	143.151	F#3	40	42	0	0	126908	P1-1-1571	0	-
1545	143.322	143.717	B3	48	61	0	0	127105	P1-1-1573	0	-
1546	143.327	143.673	G#2	40	45	0	0	127105	P1-1-1575	0	-
1547	143.335	143.643	F#3	37	41	0	0	127105	P1-1-1574	0	-
1548	143.641	143.749	Bb3	50	59	0	0	127401	P1-1-1576	0	-
1549	143.663	143.729	Bb2	45	61	0	0	127401	P1-1-1577	0	-
1550	143.745	143.986	G#3	55	54	0	0	127500	P1-1-1578	0	-
1551	143.761	144.002	B2	52	37	0	0	127500	P1-1-1579	0	-
1552	143.805	144.001	F#3	35	38	0	0	-1	*	3	-
1553	143.995	144.278	C#4	64	58	0	0	127697	P1-1-1580	0	-
1554	144.016	144.243	C#3	46	57	0	0	127697	P1-1-1583	0	-
1555	144.017	144.257	F3	47	45	0	0	127697	P1-1-1581	0	-
1556	144.267	144.658	Bb3	59	63	0	0	127895	P1-1-1584	0	-
1557	144.28	144.59	F#2	41	48	0	0	127895	P1-1-1586	0	-
1558	144.289	144.723	F#3	33	48	0	0	127895	P1-1-1585	0	-
1559	144.594	144.672	G#2	46	61	0	0	128191	P1-1-1587	0	-
1560	144.686	144.93	Bb2	58	62	0	0	128289	P1-1-1588	0	-
1561	144.942	145.063	F#4	59	65	0	0	128487	P1-1-1590	0	-
1562	144.953	145.177	B2	54	51	0	0	128487	P1-1-1592	0	-
1563	144.961	145.167	F#3	42	80	0	0	128487	P1-1-1591	0	-
1564	145.186	145.538	E4	62	57	0	0	128684	P1-1-1593	0	-
1565	145.187	145.516	F#3	22	40	0	0	128684	P1-1-1594	0	-
1566	145.199	145.516	C#3	51	55	0	0	128684	P1-1-1596	0	-
1567	145.226	145.518	Bb3	46	58	0	0	128684	P1-1-1595	0	-
1568	145.496	145.572	Eb3	53	61	0	0	128979	P1-1-1598	0	-
1569	145.512	145.604	Eb4	56	60	0	0	128979	P1-1-1597	0	-
1570	145.603	145.767	C#4	65	60	0	0	129079	P1-1-1599	0	-
1571	145.608	145.854	E3	59	36	0	0	129079	P1-1-1600	0	-
1572	145.854	146.121	F#4	79	62	0	0	129276	P1-1-1601	0	-
1573	145.871	146.12	F#3	56	59	0	0	129276	P1-1-1604	0	-
1574	145.89	145.95	Bb3	49	47	0	0	129276	P1-1-1602	0	-
1575	145.913	145.979	C#4	18	43	0	0	129276	P1-1-1603	0	-
1576	146.121	146.422	E4	73	63	0	0	129473	P1-1-1607	0	-
1577	146.122	146.469	G#3	63	58	0	0	129473	P1-1-1608	0	-
1578	146.147	146.356	Bb3	47	64	0	0	129473	P1-1-1605	0	-
1579	146.451	146.527	Bb3	57	65	0	0	129770	P1-1-1609	0	-
1580	146.549	146.766	B3	72	41	0	0	129868	P1-1-1610	0	-
1581	146.769	146.977	Bb4	65	62	0	0	130066	P1-1-1612	0	-
1582	146.769	146.962	F#5	78	61	0	0	130066	P1-1-1611	0	-
1583	146.795	147.104	C#4	58	56	0	0	130066	P1-1-1614	0	-
1584	147.041	147.435	F#5	71	57	0	0	130263	P1-1-1615	0	-
1585	147.05	147.325	Eb4	60	64	0	0	130263	P1-1-1618	0	-
1586	147.051	147.457	B4	60	31	0	0	130263	P1-1-1616	0	-
1587	147.344	147.407	E4	63	56	0	0	130559	P1-1-1620	0	-
1588	147.371	147.494	E5	65	60	0	0	130559	P1-1-1619	0	-
1589	147.455	147.686	Eb5	73	64	0	0	130657	P1-1-1621	0	-
1590	147.467	147.687	F#4	63	56	0	0	130657	P1-1-1622	0	-
1591	147.666	147.755	F#5	93	64	0	0	130854	P1-1-1623	0	-
1592	147.698	147.948	B4	62	37	0	0	130854	P1-1-1625	0	-
1593	147.948	148.348	G#5	79	61	0	0	131053	P1-1-1626	0	-
1594	147.966	148.609	F4	53	56	0	0	131053	P1-1-1629	0	-
1595	148.262	148.397	F#5	68	59	0	0	131349	P1-1-1630	0	-
1596	148.345	148.404	F#4	23	51	0	0	131349	P1-1-1631	0	-
1597	148.356	148.563	F5	77	58	0	0	131447	P1-1-1632	0	-
1598	148.382	148.755	G#4	55	20	0	0	131447	P1-1-1633	0	-
1599	148.585	149.198	C#6	89	56	0	0	131645	P1-1-1634	1	-
1600	148.605	149.218	C#5	55	40	0	0	131645	P1-1-1636	0	-
1601	148.851	149.205	G#5	88	62	0	0	131842	P1-1-1637	0	-
1602	148.855	149.705	F4	58	48	0	0	131842	P1-1-1638	0	-
1603	149.129	149.278	F#5	79	64	0	0	132138	P1-1-1639	0	-
1604	149.171	149.298	F#4	63	64	0	0	132138	P1-1-1640	0	-
1605	149.225	149.529	F5	93	60	0	0	132237	P1-1-1641	0	-
1606	149.234	149.531	G#4	72	60	0	0	132237	P1-1-1642	0	-
1607	149.475	150.134	C#6	93	42	0	0	132434	P1-1-1643	0	-
1608	149.483	150.155	C#5	73	40	0	0	132434	P1-1-1644	0	-
1609	149.726	150.124	Bb5	86	60	0	0	132632	P1-1-1645	0	-
1610	149.744	150.116	F#4	82	63	0	0	132632	P1-1-1646	0	-
1611	150.063	150.198	G#4	76	60	0	0	132928	P1-1-1648	0	-
1612	150.069	150.196	G#5	81	64	0	0	132928	P1-1-1647	0	-
1613	150.153	150.39	Bb4	86	55	0	0	133026	P1-1-1650	0	-
1614	150.158	150.393	F#5	100	62	0	0	133026	P1-1-1649	0	-
1615	150.395	151.123	C#5	93	35	0	0	133224	P1-1-1652	0	-
1616	150.395	150.706	C#6	101	56	0	0	133224	P1-1-1651	0	-
1617	150.65	151.035	G#5	95	62	0	0	133421	P1-1-1653	0	-
1618	150.655	151.057	F4	82	61	0	0	133421	P1-1-1654	0	-
1619	150.987	151.095	F#5	83	62	0	0	133717	P1-1-1655	0	-
1620	150.997	151.141	F#4	73	59	0	0	133717	P1-1-1656	0	-
1621	151.048	151.341	G#4	81	61	0	0	133816	P1-1-1658	0	-
1622	151.057	151.629	F5	92	62	0	0	133816	P1-1-1657	0	-
1623	151.105	151.144	G5	38	52	0	0	133816	*	3	-
1624	151.308	151.94	C#6	98	56	0	0	134013	P1-1-1659	0	-
1625	151.312	152.019	C#5	91	33	0	0	134013	P1-1-1660	0	-
1626	151.57	151.93	Eb4	87	60	0	0	134211	P1-1-1662	0	-
1627	151.577	151.95	F#5	96	61	0	0	134211	P1-1-1661	0	-
1628	151.606	151.755	D4	66	35	0	0	134211	*	3	-
1629	151.885	152.033	F4	79	63	0	0	134507	P1-1-1664	0	-
1630	151.9	152.025	F5	79	61	0	0	134507	P1-1-1663	0	-
1631	151.986	152.316	F#4	83	50	0	0	134605	P1-1-1666	0	-
1632	152.003	152.211	Eb5	92	65	0	0	134605	P1-1-1665	0	-
1633	152.25	152.546	C#6	92	65	0	0	134803	P1-1-1667	0	-
1634	152.252	152.578	C#5	85	53	0	0	134803	P1-1-1668	0	-
1635	152.526	152.861	F5	88	56	0	0	135000	P1-1-1669	0	-
1636	152.536	152.808	C#4	81	56	0	0	135000	P1-1-1670	0	-
1637	152.879	152.976	Eb5	85	66	0	0	135296	P1-1-1671	0	-
1638	152.885	152.973	Eb4	70	63	0	0	135296	P1-1-1672	0	-
1639	153.012	153.103	C#6	102	68	0	0	135395	P1-1-1674	0	-
1640	153.023	153.057	C#5	79	62	0	0	135395	P1-1-1673	0	-
1641	153.032	153.08	F4	80	67	0	0	135395	P1-1-1675	0	-
1642	153.253	153.306	F#5	20	52	0	0	-1	*	3	-
1643	153.326	153.427	B5	93	52	0	0	135592	P1-1-1677	0	-
1644	153.332	153.385	C#5	84	62	0	0	135592	P1-1-1676	1	-
1645	153.339	153.395	G#4	76	64	0	0	135592	P1-1-1679	0	-
1646	153.342	153.392	F4	70	65	0	0	135592	P1-1-1678	0	-
1647	153.685	154.129	B5	96	43	0	0	135790	P1-1-1680	0	-
1648	153.689	154.141	C#5	89	58	0	0	135790	P1-1-1681	0	-
1649	153.696	154.045	G#4	86	61	0	0	135790	P1-1-1683	0	-
1650	153.701	154.09	F4	67	61	0	0	135790	P1-1-1682	0	-
1651	154.103	154.154	Bb4	65	60	0	0	136086	P1-1-1686	0	-
1652	154.104	154.245	Bb5	78	64	0	0	136086	P1-1-1684	0	-
1653	154.107	154.236	F#4	69	64	0	0	136086	P1-1-1685	0	-
1654	154.207	154.242	B4	78	66	0	0	136184	P1-1-1689	0	-
1655	154.207	154.262	G#5	95	68	0	0	136184	P1-1-1687	0	-
1656	154.226	154.266	G#4	82	66	0	0	136184	P1-1-1688	0	-
1657	154.605	154.68	C#5	64	58	0	0	136382	P1-1-1690	0	-
1658	154.617	154.681	G#3	59	57	0	0	136382	P1-1-1693	0	-
1659	154.629	154.675	B4	61	60	0	0	136382	P1-1-1691	0	-
1660	154.635	154.675	F3	46	59	0	0	136382	P1-1-1692	0	-
1661	155.049	155.486	F3	41	42	0	0	136579	P1-1-1696	0	-
1662	155.052	155.274	B4	55	51	0	0	136579	P1-1-1695	0	-
1663	155.062	155.437	G#3	32	33	0	0	136579	P1-1-1697	0	-
1664	155.065	155.498	C#5	50	25	0	0	136579	P1-1-1694	0	-
1665	155.482	155.534	Bb4	52	51	0	0	136875	P1-1-1698	0	-
1666	155.496	155.609	Bb3	30	36	0	0	136875	P1-1-1700	0	-
1667	155.523	155.58	F#3	33	45	0	0	136875	P1-1-1699	0	-
1668	155.616	155.715	G#4	63	56	0	0	136974	P1-1-1702	0	-
1669	155.623	155.715	C#5	47	51	0	0	136974	P1-1-1701	0	-
1670	155.637	155.701	G#3	52	58	0	0	136974	P1-1-1704	0	-
1671	155.642	155.706	B4	46	46	0	0	136974	P1-1-1703	0	-
1672	155.671	155.725	B3	36	48	0	0	136974	P1-1-1705	0	-
1673	156.089	156.205	C#5	51	57	0	0	137171	P1-1-1706	0	-
1674	156.093	156.169	F#4	50	58	0	0	137171	P1-1-1707	0	-
1675	156.098	156.195	Bb3	41	52	0	0	137171	P1-1-1709	0	-
1676	156.1	156.198	Bb4	42	54	0	0	137171	P1-1-1708	0	-
1677	156.112	156.176	C#4	39	53	0	0	137171	P1-1-1710	0	-
1678	156.692	158.199	C#5	54	28	0	0	137368	P1-1-1713	0	-
1679	156.699	158.276	F4	48	37	0	0	137368	P1-1-1711	0	-
1680	156.71	157.929	G#4	45	38	0	0	137368	P1-1-1712	0	-
1681	156.73	157.958	C#4	32	31	0	0	137368	P1-1-1715	0	-
1682	156.758	158.391	B3	15	39	0	0	137368	P1-1-1714	0	-
1683	159.31	161.873	Eb5	36	29	0	0	138158	P1-1-1718	0	-
1684	159.317	161.965	A3	25	36	0	0	138158	P1-1-1719	0	-
1685	159.325	161.782	C4	28	29	0	0	138158	P1-1-1720	0	-
1686	159.33	161.955	A4	31	31	0	0	138158	P1-1-1717	0	-
1687	159.338	162.14	F#4	36	42	0	0	138158	P1-1-1716	0	-
1688	162.88	163.358	C#2	19	36	0	0	138947	P1-1-1721	0	-
1689	163.219	163.343	F2	30	55	0	0	139026	P1-1-1722	0	-
1690	163.387	163.445	G#2	20	39	0	0	139105	P1-1-1723	0	-
1691	163.441	163.492	B2	43	51	0	0	139184	P1-1-1724	0	-
1692	163.617	163.831	F3	42	80	0	0	139342	P1-1-1726	0	-
1693	163.657	163.721	G#3	49	63	0	0	139421	P1-1-1727	0	-
1694	163.686	163.765	B3	48	60	0	0	139500	P1-1-1728	0	-
1695	163.738	163.783	C#4	49	66	0	0	139579	P1-1-1729	0	-
1696	163.764	163.82	F4	64	65	0	0	139658	P1-1-1730	0	-
1697	163.821	163.916	C#3	57	61	0	0	139737	P1-1-1731	0	-
1698	163.851	163.922	F3	43	65	0	0	139816	P1-1-1732	0	-
1699	163.894	163.937	G#3	67	66	0	0	139895	P1-1-1733	0	-
1700	163.935	163.973	B3	74	64	0	0	139974	P1-1-1734	0	-
1701	164.011	164.141	F4	74	63	0	0	140132	P1-1-1736	0	-
1702	164.048	164.111	G#4	74	63	0	0	140211	P1-1-1737	0	-
1703	164.048	164.141	Bb4	41	37	0	0	-1	*	3	-
1704	164.091	164.155	B4	66	62	0	0	140290	P1-1-1738	0	-
1705	164.12	164.154	C#5	78	68	0	0	140368	P1-1-1739	0	-
1706	164.135	164.198	F5	86	65	0	0	140447	P1-1-1740	0	-
1707	164.179	164.284	C#4	68	62	0	0	140526	P1-1-1741	0	-
1708	164.237	164.282	F4	56	67	0	0	140605	P1-1-1742	0	-
1709	164.251	164.325	G#4	73	63	0	0	140684	P1-1-1743	0	-
1710	164.33	164.408	B4	75	60	0	0	140763	P1-1-1744	0	-
1711	164.401	164.456	C#5	84	63	0	0	140842	P1-1-1745	0	-
1712	164.419	164.502	F5	69	59	0	0	140921	P1-1-1746	0	-
1713	164.477	164.531	G#5	76	66	0	0	141000	P1-1-1747	0	-
1714	164.519	164.574	B5	71	63	0	0	141079	P1-1-1748	0	-
1715	164.551	164.604	C#6	86	69	0	0	141158	P1-1-1749	0	-
1716	164.573	164.625	F6	94	69	0	0	141237	P1-1-1750	0	-
1717	166.214	166.27	A3	87	65	0	0	141513	P1-1-1751	0	-
1718	166.235	167.59	F#2	55	60	0	0	141513	P1-1-1753	0	-
1719	166.235	166.758	C3	62	41	0	0	141513	P1-1-1752	0	-
1720	166.321	166.388	F#4	68	53	0	0	141612	P1-1-1754	0	-
1721	166.398	166.46	A3	76	60	0	0	141711	P1-1-1755	0	-
1722	166.527	166.563	F#4	48	62	0	0	141809	P1-1-1756	0	-
1723	166.596	166.634	A3	68	65	0	0	141908	P1-1-1757	0	-
1724	166.673	166.762	F#4	69	64	0	0	142007	P1-1-1758	0	-
1725	166.79	166.874	Bb3	65	63	0	0	142105	P1-1-1759	0	-
1726	166.804	166.857	C#3	62	59	0	0	142105	P1-1-1760	0	-
1727	166.876	166.969	F#4	60	65	0	0	142204	P1-1-1761	0	-
1728	166.985	167.06	B3	72	60	0	0	142303	P1-1-1762	0	-
1729	167.009	167.142	Eb3	73	53	0	0	142303	P1-1-1763	0	-
1730	167.063	167.125	F#4	61	66	0	0	142401	P1-1-1764	0	-
1731	167.17	167.252	Eb4	76	64	0	0	142500	P1-1-1765	0	-
1732	167.184	167.329	B2	77	55	0	0	142500	P1-1-1766	0	-
1733	167.275	167.333	B4	65	45	0	0	142599	P1-1-1767	0	-
1734	167.366	167.447	G#4	76	63	0	0	142697	P1-1-1768	0	-
1735	167.373	167.455	F3	75	63	0	0	142697	P1-1-1769	0	-
1736	167.457	167.511	B4	69	52	0	0	142796	P1-1-1770	0	-
1737	167.562	167.613	F4	82	64	0	0	142895	P1-1-1771	0	-
1738	167.573	167.597	C#3	69	61	0	0	142895	P1-1-1772	0	-
1739	167.654	167.706	C#5	75	57	0	0	142993	P1-1-1773	0	-
1740	167.766	167.831	A4	95	67	0	0	143092	P1-1-1774	0	-
1741	167.788	169.103	F#3	69	52	0	0	143092	P1-1-1776	0	-
1742	167.789	168.321	C4	68	61	0	0	143092	P1-1-1775	0	-
1743	167.861	167.965	F#5	80	59	0	0	143191	P1-1-1777	0	-
1744	167.971	168.028	A4	85	67	0	0	143290	P1-1-1778	0	-
1745	168.075	168.155	F#5	75	57	0	0	143388	P1-1-1779	0	-
1746	168.167	168.217	A4	84	66	0	0	143487	P1-1-1780	0	-
1747	168.264	168.34	F#5	65	61	0	0	143586	P1-1-1781	0	-
1748	168.37	168.441	Bb4	79	60	0	0	143684	P1-1-1782	0	-
1749	168.377	168.43	C#4	59	59	0	0	143684	P1-1-1783	0	-
1750	168.45	168.545	F#5	69	63	0	0	143783	P1-1-1784	0	-
1751	168.562	168.647	B4	82	57	0	0	143882	P1-1-1785	0	-
1752	168.578	168.756	Eb4	90	63	0	0	143882	P1-1-1786	0	-
1753	168.65	168.723	F#5	73	65	0	0	143980	P1-1-1787	0	-
1754	168.751	168.85	Eb5	76	64	0	0	144079	P1-1-1788	0	-
1755	168.759	168.994	B3	84	55	0	0	144079	P1-1-1789	0	-
1756	168.856	168.928	B5	82	52	0	0	144178	P1-1-1790	0	-
1757	168.952	169.05	F4	96	62	0	0	144276	P1-1-1792	0	-
1758	168.979	169.04	G#5	67	67	0	0	144276	P1-1-1791	0	-
1759	168.979	169.045	A5	68	62	0	0	144276	*	3	-
1760	169.036	169.102	B5	72	59	0	0	144375	P1-1-1793	0	-
1761	169.141	169.25	C#4	90	60	0	0	144474	P1-1-1795	0	-
1762	169.147	169.219	F5	87	63	0	0	144474	P1-1-1794	0	-
1763	169.243	169.314	C#6	82	64	0	0	144572	P1-1-1796	0	-
1764	169.343	169.423	F#4	92	63	0	0	144671	P1-1-1798	0	-
1765	169.347	169.44	F#5	91	64	0	0	144671	P1-1-1797	0	-
1766	169.437	169.486	Bb5	85	65	0	0	144770	P1-1-1799	0	-
1767	169.553	169.656	Bb5	86	61	0	0	144868	P1-1-1800	0	-
1768	169.587	169.675	C#4	71	56	0	0	144868	P1-1-1801	0	-
1769	169.659	169.766	C#6	86	50	0	0	144967	P1-1-1802	0	-
1770	169.766	169.882	Bb5	96	63	0	0	145066	P1-1-1803	0	-
1771	169.78	169.82	F#3	73	66	0	0	145066	P1-1-1804	0	-
1772	169.877	169.985	C#6	84	65	0	0	145165	P1-1-1805	0	-
1773	169.985	170.113	B5	88	61	0	0	145263	P1-1-1807	0	-
1774	169.996	170.032	C#3	89	65	0	0	145263	P1-1-1808	0	-
1775	170	170.129	G#5	77	64	0	0	145263	P1-1-1806	0	-
1776	170.103	170.17	F#6	87	66	0	0	145362	P1-1-1809	1	-
1777	170.278	170.42	Bb5	93	60	0	0	145461	P1-1-1811	0	-
1778	170.278	170.4	F#6	99	67	0	0	145461	P1-1-1812	0	-
1779	170.281	170.388	F#5	97	60	0	0	145461	P1-1-1810	0	-
1780	170.289	170.453	F#2	90	61	0	0	145461	P1-1-1813	0	-
//Missing 1381	P1-1-15
//Missing 1875	P1-1-19
//Missing 5032	P1-1-51
//Missing 5328	P1-1-61
//Missing 8486	P1-1-88
//Missing 15197	P1-1-188
//Missing 26348	P1-1-312
//Missing 29013	P1-1-336
//Missing 29506	P1-1-344
//Missing 47565	P1-1-576
//Missing 53684	P1-1-668
//Missing 55263	P1-1-693
//Missing 63256	P1-1-785
//Missing 63454	P1-1-787
//Missing 71348	P1-1-872
//Missing 74506	P1-1-908
//Missing 76381	P1-1-926
//Missing 76579	P1-1-931
//Missing 77368	P1-1-941
//Missing 77763	P1-1-946
//Missing 77763	P1-1-947
//Missing 77960	P1-1-950
//Missing 79342	P1-1-970
//Missing 88717	P1-1-1112
//Missing 91579	P1-1-1143
//Missing 93848	P1-1-1178
//Missing 94342	P1-1-1183
//Missing 94539	P1-1-1186
//Missing 94638	P1-1-1188
//Missing 113487	P1-1-1427
//Missing 113586	P1-1-1428
//Missing 113684	P1-1-1429
//Missing 113783	P1-1-1430
//Missing 113882	P1-1-1431
//Missing 113980	P1-1-1432
//Missing 114079	P1-1-1433
//Missing 114178	P1-1-1434
//Missing 120790	P1-1-1505
//Missing 120790	P1-1-1507
//Missing 121382	P1-1-1511
//Missing 121382	P1-1-1513
//Missing 121579	P1-1-1519
//Missing 122665	P1-1-1528
//Missing 123947	P1-1-1540
//Missing 127697	P1-1-1582
//Missing 128487	P1-1-1589
//Missing 129473	P1-1-1606
//Missing 130066	P1-1-1613
//Missing 130263	P1-1-1617
//Missing 130854	P1-1-1624
//Missing 131053	P1-1-1627
//Missing 131053	P1-1-1628
//Missing 131645	P1-1-1635
//Missing 139263	P1-1-1725
//Missing 140053	P1-1-1735
//Missing 58322	P1-1-735
//Missing 58421	P1-1-736
//Missing 61282	P1-1-765
//Missing 61381	P1-1-766
//Missing 63157	P1-1-784
//Missing 63355	P1-1-786
//Missing 88519	P1-1-1110
//Missing 88618	P1-1-1111
//Missing 89111	P1-1-1116
//Missing 95131	P1-1-1195
//Missing 104901	P1-1-1340
//Missing 108454	P1-1-1376
//Missing 108553	P1-1-1377
