// alignID alignOntime alignSitch alignPitch alignOnvel refID refOntime refSitch refPitch refOnvel
0	1.51309	C#5	73	51	0	0	C#5	73	49	
1	1.56918	A4	69	42	*	-1	*	-1	-1	
2	1.6266	E3	52	29	3	0	E3	52	49	
3	1.62794	A2	45	34	2	0	A2	45	49	
4	1.65598	A4	69	3	1	0	A4	69	49	
5	2.20085	B4	71	60	4	0.4	B4	71	49	
6	2.22088	G#4	68	45	5	0.4	G#4	68	49	
7	2.84989	D5	74	50	7	0.8	D5	74	49	
8	2.85924	F#4	66	44	6	0.8	F#4	66	49	
9	2.99279	A1	33	31	9	0.8	A1	33	49	
10	3.56704	D4	62	34	10	1.2	D4	62	49	
11	4.03712	A3	57	38	11	1.6	A3	57	49	
12	4.43509	F#3	54	43	12	2	F#3	54	49	
13	4.86244	C#5	73	59	13	2.4	C#5	73	49	
14	4.88782	A4	69	53	14	2.4	A4	69	49	
15	4.9399	D3	50	36	16	2.4	D3	50	49	
16	4.94391	A2	45	36	15	2.4	A2	45	49	
17	5.31249	B4	71	65	17	2.8	B4	71	49	
18	5.33253	G#4	68	57	18	2.8	G#4	68	49	
19	5.629	F#4	66	66	19	3.2	F#4	66	49	
20	5.81997	A1	33	44	21	3.2	A1	33	49	
21	6.05502	A5	81	69	22	3.305	A5	81	49	
22	6.47435	D3	50	39	23	3.6	D3	50	49	
23	7.03792	A2	45	39	24	4	A2	45	49	
24	7.47195	F#2	42	44	25	4.4	F#2	42	49	
25	7.91799	A4	69	55	26	4.8	A4	69	49	
26	7.94737	F#4	66	48	27	4.8	F#4	66	49	
27	7.97141	D2	38	40	28	4.8	D2	38	49	
28	8.35603	D3	50	49	29	5.2	D3	50	49	
29	8.51762	B4	71	71	30	5.4	B4	71	54	
30	8.76335	B4	71	74	31	5.6	B4	71	56	
31	8.78605	E4	64	56	32	5.6	E4	64	56	
32	8.79139	G#4	68	60	33	5.6	G#4	68	56	
33	8.79406	E3	52	53	35	5.6	E3	52	49	
34	8.80341	D3	50	50	34	5.6	D3	50	49	
35	8.80742	G#3	56	45	36	5.6	G#3	56	49	
36	9.15197	B3	59	61	37	6	B3	59	49	
37	9.31089	E5	76	81	38	6.2	E5	76	62	
38	9.56997	C#3	49	56	42	6.4	C#3	49	49	
39	9.57398	E3	52	55	43	6.4	E3	52	49	
40	9.63274	E5	76	79	39	6.4	E5	76	64	
41	9.67146	A4	69	58	41	6.4	A4	69	64	
42	9.67814	E4	64	49	40	6.4	E4	64	64	
43	10.0387	A3	57	46	44	6.8	A3	57	49	
44	10.5008	D5	74	65	45	7.2	D5	74	59	
45	10.5315	F#4	66	50	46	7.2	F#4	66	59	
46	10.605	B1	35	50	47	7.2	B1	35	49	
47	10.9989	D3	50	34	48	7.6	D3	50	49	
48	11.3688	E2	40	40	51	8	E2	40	49	
49	11.5091	A4	69	54	49	8	A4	69	54	
50	11.5438	C#4	61	31	50	8	C#4	61	54	
51	11.9818	E3	52	54	52	8.4	E3	52	49	
52	12.4426	G#4	68	51	53	8.8	G#4	68	49	
53	12.4893	B3	59	27	54	8.8	B3	59	49	
54	12.5494	E3	52	45	55	8.8	E3	52	49	
55	12.9701	F#3	54	49	57	9.2	F#3	54	49	
56	13.6164	C#5	73	53	58	9.6	C#5	73	49	
57	13.6512	E4	64	39	59	9.6	E4	64	49	
58	13.6725	G3	55	37	60	9.6	G3	55	49	
59	13.6792	E3	52	41	61	9.6	E3	52	49	
60	14.0465	B4	71	65	62	10	B4	71	49	
61	14.574	D5	74	59	64	10.4	D5	74	49	
62	14.602	A4	69	48	63	10.4	A4	69	49	
63	14.7048	F#2	42	39	66	10.4	F#2	42	49	
64	15.1162	D4	62	43	67	10.8	D4	62	49	
65	15.5222	A3	57	47	68	11.2	A3	57	49	
66	15.9175	F#3	54	50	69	11.6	F#3	54	49	
67	16.3568	C#5	73	72	70	12	C#5	73	49	
68	16.3822	E4	64	55	71	12	E4	64	49	
69	16.3929	A4	69	54	72	12	A4	69	49	
70	16.4837	E2	40	65	73	12	E2	40	49	
71	16.8189	B4	71	76	74	12.4	B4	71	49	
72	17.3771	A5	81	78	75	12.8	A5	81	49	
73	17.4012	F#5	78	66	78	12.8	F#5	78	49	
74	17.4025	B4	71	50	77	12.8	B4	71	49	
75	17.4105	A4	69	61	76	12.8	A4	69	49	
76	17.4572	Eb2	39	53	79	12.8	Eb2	39	49	
77	17.9621	B2	47	55	80	13.2	B2	47	49	
78	18.4241	F#3	54	45	82	13.6	F#3	54	49	
79	18.4388	Eb3	51	38	81	13.6	Eb3	51	49	
80	18.8702	B3	59	43	83	14	B3	59	49	
81	19.3843	C#5	73	58	84	14.4	C#5	73	49	
82	19.4137	F#4	66	44	85	14.4	F#4	66	49	
83	19.4137	B4	71	50	86	14.4	B4	71	49	
84	19.4551	A2	45	38	87	14.4	A2	45	49	
85	19.4591	B2	47	42	88	14.4	B2	47	49	
86	19.8664	A3	57	55	89	14.8	A3	57	49	
87	20.02	Eb5	75	76	90	15	Eb5	75	54	
88	20.2604	Eb5	75	80	91	15.2	Eb5	75	56	
89	20.2951	F#4	66	49	92	15.2	F#4	66	56	
90	20.2991	G#2	44	61	94	15.2	G#2	44	49	
91	20.3018	B2	47	59	95	15.2	B2	47	49	
92	20.3045	B4	71	54	93	15.2	B4	71	56	
93	20.7158	G#3	56	66	96	15.6	G#3	56	49	
94	20.8707	E5	76	78	97	15.8	E5	76	62	
95	21.254	E5	76	69	98	16	E5	76	64	
96	21.2767	C#5	73	51	100	16	C#5	73	64	
97	21.294	E4	64	46	99	16	E4	64	64	
98	21.3234	A2	45	48	101	16	A2	45	49	
99	21.3395	F#3	54	53	102	16	F#3	54	49	
100	21.8189	A3	57	37	103	16.4	A3	57	49	
101	22.2943	F#4	66	54	106	16.8	F#4	66	58	
102	22.3304	A3	57	36	104	16.8	A3	57	58	
103	22.3357	Eb4	63	40	105	16.8	Eb4	63	58	
104	22.3771	B2	47	56	107	16.8	B2	47	58	
105	22.8445	F#3	54	42	109	17.2	F#3	54	49	
106	23.4882	A4	69	50	112	17.6	A4	69	52	
107	23.5083	A3	57	41	110	17.6	A3	57	52	
108	23.5163	Eb4	63	50	111	17.6	Eb4	63	52	
109	23.6231	E2	40	53	113	17.6	E2	40	49	
110	24.3456	B2	47	45	115	18	B2	47	49	
111	24.9158	E4	64	40	117	18.4	E4	64	46	
112	24.9198	G#4	68	43	118	18.4	G#4	68	46	
113	24.9239	G#3	56	40	116	18.4	G#3	56	46	
114	25.6477	E3	52	40	119	18.8	E3	52	49	
115	26.7267	C#5	73	44	120	19.2	C#5	73	33	
116	26.7401	A4	69	38	121	19.2	A4	69	33	
117	26.8242	A2	45	29	122	19.2	A2	45	33	
118	27.4092	G#4	68	42	124	19.6	G#4	68	33	
119	27.4092	B4	71	48	123	19.6	B4	71	33	
120	28.149	D5	74	50	126	20	D5	74	33	
121	28.1757	F#4	66	42	125	20	F#4	66	33	
122	28.2786	A1	33	36	128	20	A1	33	33	
123	28.8368	D4	62	40	129	20.4	D4	62	33	
124	29.3362	A3	57	42	130	20.8	A3	57	33	
125	29.7689	F#3	54	42	131	21.2	F#3	54	33	
126	30.255	C#5	73	54	132	21.6	C#5	73	33	
127	30.2671	A4	69	51	133	21.6	A4	69	33	
128	30.3232	A2	45	39	134	21.6	A2	45	33	
129	30.3325	D3	50	35	135	21.6	D3	50	33	
130	30.7892	B4	71	56	136	22	B4	71	33	
131	30.8079	G#4	68	51	137	22	G#4	68	33	
132	31.2753	F#4	66	57	138	22.4	F#4	66	33	
133	31.4062	A1	33	37	140	22.4	A1	33	33	
134	31.7441	A5	81	59	141	22.505	A5	81	33	
135	32.114	D3	50	35	142	22.8	D3	50	33	
136	32.6162	A2	45	40	143	23.2	A2	45	33	
137	33.0595	F#2	42	40	144	23.6	F#2	42	33	
138	33.579	A4	69	50	146	24	A4	69	33	
139	33.5951	F#4	66	52	145	24	F#4	66	33	
140	33.6258	D2	38	38	148	24	D2	38	33	
141	34.0291	D3	50	49	149	24.4	D3	50	33	
142	34.2307	B4	71	63	151	24.6	B4	71	38	
143	34.2481	F4	65	57	150	24.6	F4	65	38	
144	34.4818	F4	65	62	152	24.8	F4	65	40	
145	34.4831	B4	71	65	153	24.8	B4	71	40	
146	34.5018	G#3	56	50	157	24.8	G#3	56	33	
147	34.5018	G#4	68	58	154	24.8	G#4	68	40	
148	34.5125	D3	50	47	155	24.8	D3	50	33	
149	34.5179	F3	53	46	156	24.8	F3	53	33	
150	34.8998	B3	59	62	158	25.2	B3	59	33	
151	35.1081	E5	76	76	160	25.4	E5	76	46	
152	35.3779	B3	59	51	166	25.6	B3	59	33	
153	35.3886	E3	52	47	165	25.6	E3	52	33	
154	35.3899	C#3	49	44	164	25.6	C#3	49	33	
155	35.462	E5	76	74	162	25.6	E5	76	48	
156	35.4821	G#4	68	61	163	25.6	G#4	68	48	
157	35.4941	E4	64	51	161	25.6	E4	64	48	
158	35.9361	A4	69	61	167	26	A4	69	48	
159	35.9495	A3	57	47	168	26	A3	57	33	
160	36.4797	D5	74	58	170	26.4	D5	74	48	
161	36.5104	F#4	66	51	169	26.4	F#4	66	48	
162	36.5812	B1	35	50	171	26.4	B1	35	33	
163	37.0098	D3	50	50	172	26.8	D3	50	33	
164	37.4359	E2	40	45	175	27.2	E2	40	33	
165	37.4919	A4	69	58	173	27.2	A4	69	43	
166	37.52	C#4	61	36	174	27.2	C#4	61	43	
167	37.6135	C#4	61	5	*	-1	*	-1	-1	
168	37.9781	E3	52	53	176	27.6	E3	52	33	
169	38.5122	G#4	68	46	177	28	G#4	68	38	
170	38.5563	B3	59	30	178	28	B3	59	38	
171	38.6204	E3	52	38	179	28	E3	52	33	
172	39.0531	F#3	54	42	181	28.4	F#3	54	33	
173	39.833	C#5	73	45	182	28.8	C#5	73	33	
174	39.8664	E4	64	40	183	28.8	E4	64	33	
175	39.8851	G3	55	31	184	28.8	G3	55	33	
176	39.8931	E3	52	37	185	28.8	E3	52	33	
177	40.3605	B4	71	53	186	29.2	B4	71	33	
178	40.9268	D5	74	58	188	29.6	D5	74	33	
179	40.9535	A4	69	44	187	29.6	A4	69	33	
180	41.0536	F#2	42	34	190	29.6	F#2	42	33	
181	41.4676	D4	62	42	191	30	D4	62	33	
182	41.891	A3	57	41	192	30.4	A3	57	33	
183	42.3237	F#3	54	40	193	30.8	F#3	54	33	
184	42.8231	C#5	73	61	194	31.2	C#5	73	33	
185	42.8552	E4	64	42	195	31.2	E4	64	33	
186	42.8699	A4	69	45	196	31.2	A4	69	33	
187	42.9781	E2	40	54	197	31.2	E2	40	33	
188	43.3039	B4	71	74	198	31.6	B4	71	33	
189	43.7887	Eb2	39	55	203	32	Eb2	39	33	
190	43.9182	A5	81	76	199	32	A5	81	33	
191	43.9343	F#5	78	61	202	32	F#5	78	33	
192	43.9449	B4	71	55	201	32	B4	71	33	
193	43.9476	A4	69	62	200	32	A4	69	33	
194	44.4297	B2	47	52	204	32.4	B2	47	33	
195	44.8824	F#3	54	54	206	32.8	F#3	54	33	
196	44.8851	Eb3	51	50	205	32.8	Eb3	51	33	
197	45.3004	B3	59	53	207	33.2	B3	59	33	
198	45.7518	C#5	73	67	209	33.6	C#5	73	33	
199	45.7638	G#4	68	63	208	33.6	G#4	68	33	
200	45.7999	B2	47	46	211	33.6	B2	47	33	
201	45.8079	A2	45	49	210	33.6	A2	45	33	
202	46.1979	A3	57	52	212	34	A3	57	33	
203	46.3955	Eb5	75	71	215	34.2	Eb5	75	42	
204	46.4129	F#4	66	64	213	34.2	F#4	66	42	
205	46.4209	B4	71	59	214	34.2	B4	71	42	
206	46.6733	Eb5	75	77	218	34.4	Eb5	75	45	
207	46.6907	F#4	66	72	216	34.4	F#4	66	45	
208	46.6947	B4	71	62	217	34.4	B4	71	45	
209	46.712	G#2	44	54	219	34.4	G#2	44	33	
210	46.7187	B2	47	47	220	34.4	B2	47	33	
211	47.1434	G#3	56	51	221	34.8	G#3	56	33	
212	47.341	E5	76	77	224	35	E5	76	54	
213	47.3637	E4	64	64	222	35	E4	64	54	
214	47.3691	C5	72	58	223	35	C5	72	54	
215	47.6749	E5	76	72	226	35.2	E5	76	58	
216	47.6909	C5	72	67	227	35.2	C5	72	58	
217	47.6923	E4	64	54	225	35.2	E4	64	58	
218	47.727	A2	45	49	228	35.2	A2	45	33	
219	47.7403	F#3	54	55	229	35.2	F#3	54	33	
220	48.3333	C#5	73	59	230	35.6	C#5	73	58	
221	48.364	A3	57	39	231	35.6	A3	57	33	
222	48.8902	B2	47	44	235	36	B2	47	33	
223	48.985	Eb4	63	54	232	36	Eb4	63	58	
224	49.005	A3	57	46	233	36	A3	57	58	
225	49.5779	A4	69	55	236	36.4	A4	69	55	
226	49.5913	F#3	54	39	237	36.4	F#3	54	33	
227	50.3565	A4	69	52	240	36.8	A4	69	51	
228	50.3712	Eb4	63	44	239	36.8	Eb4	63	51	
229	50.3779	A3	57	41	238	36.8	A3	57	51	
230	50.4073	E2	40	40	241	36.8	E2	40	33	
231	51.0924	B2	47	37	243	37.2	B2	47	33	
232	51.7267	G#4	68	42	246	37.6	G#4	68	43	
233	51.7441	E4	64	35	245	37.6	E4	64	43	
234	51.7454	G#3	56	31	244	37.6	G#3	56	43	
235	51.7708	E3	52	34	247	37.6	E3	52	33	
236	52.3677	B2	47	34	248	38	B2	47	33	
237	53.2532	E4	64	45	249	38.4	E4	64	49	
238	53.2919	G3	55	34	250	38.4	G3	55	49	
239	53.2986	C4	60	31	251	38.4	C4	60	49	
240	53.3627	E2	40	39	252	38.4	E2	40	49	
241	53.8501	G2	43	46	254	38.8	G2	43	49	
242	54.3189	F#4	66	54	255	39.2	F#4	66	50	
243	54.4417	C3	48	38	256	39.2	C3	48	49	
244	54.841	E3	52	37	257	39.6	E3	52	49	
245	55.2296	E4	64	42	258	40	E4	64	50	
246	55.2577	C3	48	38	259	40	C3	48	49	
247	55.6543	G2	43	37	260	40.4	G2	43	49	
248	56.1324	E2	40	43	264	40.8	E2	40	49	
249	56.2326	E4	64	55	261	40.8	E4	64	49	
250	56.2473	C#4	61	45	263	40.8	C#4	61	49	
251	56.2566	G3	55	42	262	40.8	G3	55	49	
252	56.6292	G2	43	48	266	41.2	G2	43	49	
253	57.0299	F#4	66	62	267	41.6	F#4	66	50	
254	57.0793	C#3	49	51	268	41.6	C#3	49	49	
255	57.4252	E3	52	49	269	42	E3	52	49	
256	57.8111	E4	64	49	270	42.4	E4	64	49	
257	57.8392	C#3	49	36	271	42.4	C#3	49	49	
258	58.2238	G2	43	36	272	42.8	G2	43	49	
259	58.5777	B2	47	44	277	43.2	B2	47	49	
260	58.5803	E2	40	44	276	43.2	E2	40	49	
261	58.6711	E4	64	59	273	43.2	E4	64	49	
262	58.7139	D4	62	37	275	43.2	D4	62	49	
263	58.7286	G#3	56	19	274	43.2	G#3	56	49	
264	59.025	E3	52	45	279	43.6	E3	52	49	
265	59.3803	G#3	56	49	281	44	G#3	56	49	
266	59.4764	B4	71	67	280	44	B4	71	49	
267	59.7889	E3	52	58	283	44.4	E3	52	49	
268	60.1001	A4	69	71	284	44.8	A4	69	49	
269	60.1188	E4	64	56	286	44.8	E4	64	49	
270	60.1455	A3	57	61	287	44.8	A3	57	49	
271	60.1468	D4	62	53	285	44.8	D4	62	49	
272	60.462	E3	52	55	289	45.2	E3	52	49	
273	60.8039	B3	59	61	293	45.6	B3	59	49	
274	60.8813	G#4	68	74	290	45.6	G#4	68	50	
275	60.9054	E4	64	58	292	45.6	E4	64	50	
276	60.9241	D4	62	48	291	45.6	D4	62	50	
277	61.2085	E3	52	56	295	46	E3	52	49	
278	61.724	B4	71	63	296	46.4	B4	71	50	
279	61.7347	D4	62	60	297	46.4	D4	62	50	
280	61.7588	A2	45	51	298	46.4	A2	45	49	
281	62.1741	E3	52	60	300	46.8	E3	52	49	
282	62.5734	E4	64	51	301	47.2	E4	64	49	
283	62.6268	G#3	56	53	302	47.2	G#3	56	49	
284	63.0248	E3	52	47	303	47.6	E3	52	49	
285	63.5389	A2	45	40	307	48	A2	45	49	
286	63.6191	A4	69	54	304	48	A4	69	49	
287	63.6471	C4	60	39	305	48	C4	60	49	
288	63.6591	F4	65	46	306	48	F4	65	49	
289	64.0411	C3	48	43	309	48.4	C3	48	49	
290	64.4991	B4	71	57	310	48.8	B4	71	49	
291	64.5325	F3	53	32	311	48.8	F3	53	49	
292	64.8971	A3	57	48	312	49.2	A3	57	49	
293	65.259	A4	69	63	313	49.6	A4	69	48	
294	65.267	F3	53	43	314	49.6	F3	53	49	
295	65.6436	C3	48	54	315	50	C3	48	49	
296	66.0496	A4	69	67	316	50.4	A4	69	48	
297	66.059	Eb4	63	62	318	50.4	Eb4	63	48	
298	66.067	C4	60	53	317	50.4	C4	60	48	
299	66.099	F2	41	58	319	50.4	F2	41	48	
300	66.4302	C3	48	63	321	50.8	C3	48	48	
301	66.7895	C5	72	74	322	51.2	C5	72	49	
302	66.8415	Eb3	51	55	323	51.2	Eb3	51	49	
303	67.1527	A3	57	60	324	51.6	A3	57	49	
304	67.4906	A4	69	79	325	52	A4	69	48	
305	67.5039	Eb3	51	57	326	52	Eb3	51	48	
306	67.8405	C3	48	62	327	52.4	C3	48	48	
307	68.169	Eb2	39	72	331	52.8	Eb2	39	48	
308	68.2652	A4	69	79	328	52.8	A4	69	48	
309	68.2959	F#4	66	59	330	52.8	F#4	66	48	
310	68.3025	C4	60	45	329	52.8	C4	60	48	
311	68.6204	C3	48	70	333	53.2	C3	48	48	
312	68.9316	F#5	78	82	334	53.6	F#5	78	48	
313	69.0117	A3	57	56	335	53.6	A3	57	48	
314	69.3402	Eb3	51	69	336	54	Eb3	51	48	
315	69.7368	A3	57	62	338	54.4	A3	57	48	
316	69.8624	C5	72	81	337	54.4	C5	72	48	
317	70.263	C4	60	69	339	54.8	C4	60	48	
318	70.7798	F#4	66	74	340	55.2	F#4	66	48	
319	71.1284	A4	69	75	341	55.6	A4	69	64	
320	71.1377	C4	60	61	342	55.6	C4	60	64	
321	71.505	A3	57	61	344	56	A3	57	64	
322	71.6239	G#4	68	75	343	56	G#4	68	64	
323	72.0111	C4	60	50	345	56.4	C4	60	64	
324	72.4158	A3	57	51	346	56.8	A3	57	64	
325	72.8111	E3	52	51	347	57.2	E3	52	64	
326	73.2879	F#4	66	57	348	57.6	F#4	66	64	
327	73.3012	C3	48	43	349	57.6	C3	48	64	
328	73.8033	E4	64	52	350	58	E4	64	64	
329	73.8194	A2	45	37	351	58	A2	45	64	
330	74.4911	G#4	68	55	352	58.4	G#4	68	64	
331	74.6207	E2	40	40	354	58.4	E2	40	64	
332	75.0453	B3	59	31	355	58.8	B3	59	64	
333	75.4326	G#3	56	45	356	59.2	G#3	56	64	
334	75.8319	E3	52	43	357	59.6	E3	52	64	
335	76.1698	A4	69	66	358	60	A4	69	64	
336	76.2139	C4	60	42	359	60	C4	60	64	
337	76.5851	A3	57	49	360	60.4	A3	57	64	
338	77.0592	Bb4	70	61	361	60.8	Bb4	70	64	
339	77.158	E2	40	49	363	60.8	E2	40	64	
340	77.5119	C#4	61	46	364	61.2	C#4	61	64	
341	77.8939	Bb3	58	48	365	61.6	Bb3	58	64	
342	78.2451	E3	52	51	366	62	E3	52	64	
343	78.5937	G#4	68	71	367	62.4	G#4	68	64	
344	78.6271	E4	64	49	368	62.4	E4	64	64	
345	78.977	F#4	66	77	369	62.8	F#4	66	64	
346	79.001	C#4	61	53	370	62.8	C#4	61	64	
347	79.3976	B4	71	70	371	63.2	B4	71	64	
348	79.5045	E2	40	57	373	63.2	E2	40	64	
349	79.8223	D4	62	56	374	63.6	D4	62	64	
350	80.1655	B3	59	65	375	64	B3	59	64	
351	80.482	E3	52	63	376	64.4	E3	52	64	
352	80.8319	C5	72	78	377	64.8	C5	72	64	
353	80.8747	Eb4	63	64	378	64.8	Eb4	63	64	
354	81.1992	C4	60	65	379	65.2	C4	60	64	
355	81.6158	C#5	73	71	380	65.6	C#5	73	48	
356	81.6906	E2	40	69	382	65.6	E2	40	48	
357	82.0699	E4	64	52	383	66	E4	64	51	
358	82.4265	C#4	61	58	384	66.4	C#4	61	55	
359	82.7777	E3	52	58	385	66.8	E3	52	59	
360	83.0969	B4	71	74	386	67.2	B4	71	63	
361	83.1383	G4	67	55	387	67.2	G4	67	63	
362	83.4802	A4	69	82	388	67.6	A4	69	66	
363	83.5029	C#4	61	52	389	67.6	C#4	61	66	
364	83.993	D5	74	76	390	68	D5	74	70	
365	84.0491	F#2	42	68	391	68	F#2	42	70	
366	84.435	D4	62	63	392	68.4	D4	62	74	
367	84.821	A3	57	64	393	68.8	A3	57	78	
368	85.239	C#5	73	78	394	69.2	C#5	73	81	
369	85.259	G#4	68	69	395	69.2	G#4	68	81	
370	85.2817	E2	40	72	396	69.2	E2	40	81	
371	85.7077	E3	52	69	397	69.6	E3	52	85	
372	86.067	B4	71	74	398	70	B4	71	89	
373	86.0816	G#3	56	64	399	70	G#3	56	89	
374	86.4516	D2	38	70	401	70.4	D2	38	80	
375	86.6759	F#4	66	77	400	70.4	F#4	66	80	
376	86.9938	A5	81	76	402	70.505	A5	81	80	
377	87.2729	F#3	54	64	403	70.8	F#3	54	80	
378	87.7617	A3	57	63	405	71.2	A3	57	80	
379	87.771	D3	50	59	404	71.2	D3	50	80	
380	88.2237	D4	62	66	407	71.6	D4	62	80	
381	88.2411	F#3	54	59	406	71.6	F#3	54	80	
382	88.8113	A4	69	78	410	72	A4	69	83	
383	88.826	E4	64	65	409	72	E4	64	83	
384	88.8354	A3	57	60	408	72	A3	57	83	
385	88.8741	A2	45	64	412	72	A2	45	83	
386	88.8861	C#2	37	67	411	72	C#2	37	83	
387	89.3308	B1	35	78	413	72.4	B1	35	83	
388	89.666	D2	38	75	417	72.8	D2	38	83	
389	89.7715	G#4	68	76	414	72.8	G#4	68	83	
390	89.7862	B3	59	57	416	72.8	B3	59	83	
391	89.7942	A3	57	67	415	72.8	A3	57	83	
392	90.2109	A2	45	67	418	73.2	A2	45	83	
393	90.6583	F#4	66	77	419	73.6	F#4	66	83	
394	91.0055	A2	45	72	420	74	A2	45	83	
395	91.3594	E4	64	76	421	74.4	E4	64	83	
396	91.3754	C#2	37	69	424	74.4	C#2	37	83	
397	91.3915	E3	52	52	422	74.4	E3	52	83	
398	91.3941	A3	57	53	423	74.4	A3	57	83	
399	91.712	D4	62	80	425	74.8	D4	62	83	
400	91.7374	B1	35	73	426	74.8	B1	35	83	
401	92.0071	D2	38	69	430	75.2	D2	38	83	
402	92.142	C#4	61	77	427	75.2	C#4	61	83	
403	92.162	F#3	54	65	428	75.2	F#3	54	83	
404	92.1741	A3	57	59	429	75.2	A3	57	83	
405	92.5052	A2	45	66	431	75.6	A2	45	83	
406	92.8859	B3	59	70	432	76	B3	59	83	
407	93.2678	A2	45	67	433	76.4	A2	45	83	
408	93.5803	C#2	37	62	437	76.8	C#2	37	49	
409	93.6351	A4	69	80	434	76.8	A4	69	49	
410	93.6524	A3	57	59	435	76.8	A3	57	49	
411	93.6564	E4	64	66	436	76.8	E4	64	49	
412	93.9689	B1	35	65	438	77.2	B1	35	49	
413	94.2601	D2	38	57	442	77.6	D2	38	49	
414	94.407	G4	67	76	439	77.6	G4	67	49	
415	94.423	A3	57	57	440	77.6	A3	57	49	
416	94.4257	B3	59	60	441	77.6	B3	59	49	
417	94.8997	A2	45	50	443	78	A2	45	49	
418	95.3071	F4	65	68	444	78.4	F4	65	49	
419	95.7531	A2	45	52	445	78.8	A2	45	49	
420	96.2499	E4	64	55	446	79.2	E4	64	49	
421	96.2566	C2	36	54	449	79.2	C2	36	49	
422	96.2739	A3	57	37	448	79.2	A3	57	49	
423	96.2753	E3	52	44	447	79.2	E3	52	49	
424	96.6906	D4	62	65	450	79.6	D4	62	49	
425	96.6919	B1	35	57	451	79.6	B1	35	49	
426	97.0672	D2	38	52	455	80	D2	38	49	
427	97.1914	C4	60	52	452	80	C4	60	49	
428	97.2061	A3	57	41	454	80	A3	57	49	
429	97.2235	F3	53	47	453	80	F3	53	49	
430	97.739	A2	45	37	456	80.4	A2	45	49	
431	98.3239	B3	59	39	457	80.8	B3	59	49	
432	98.989	A2	45	26	458	81.2	A2	45	49	
433	100.315	G#5	80	59	459	81.6	G#5	80	49	
434	100.33	E5	76	51	465	81.6	E5	76	49	
435	100.335	A4	69	49	460	81.6	A4	69	49	
436	100.399	E4	64	39	464	81.6	E4	64	49	
437	100.402	A3	57	41	463	81.6	A3	57	49	
438	100.418	C#3	49	39	461	81.6	C#3	49	49	
439	100.422	E3	52	39	462	81.6	E3	52	49	
440	101.046	A5	81	49	466	82	A5	81	49	
441	101.697	D5	74	31	467	82.4	D5	74	49	
442	101.7	F#5	78	50	468	82.4	F#5	78	49	
443	101.773	A2	45	32	470	82.4	A2	45	49	
444	101.784	D2	38	35	469	82.4	D2	38	49	
445	102.511	G#4	68	45	471	82.8	G#4	68	49	
446	102.95	A4	69	51	472	83.2	A4	69	50	
447	102.981	F#3	54	39	474	83.2	F#3	54	50	
448	102.987	D3	50	42	473	83.2	D3	50	50	
449	103.364	F#4	66	57	475	83.6	F#4	66	50	
450	103.379	A3	57	44	476	83.6	A3	57	50	
451	103.965	G#5	80	63	477	84	G#5	80	49	
452	103.981	E5	76	51	478	84	E5	76	49	
453	103.984	A4	69	51	483	84	A4	69	49	
454	104.082	E4	64	49	482	84	E4	64	49	
455	104.097	A3	57	45	481	84	A3	57	49	
456	104.108	E3	52	47	480	84	E3	52	49	
457	104.121	C#3	49	44	479	84	C#3	49	49	
458	104.551	A5	81	62	484	84.4	A5	81	49	
459	105.144	B4	71	48	485	84.8	B4	71	49	
460	105.19	F#4	66	42	486	84.8	F#4	66	49	
461	105.215	B2	47	42	488	84.8	B2	47	49	
462	105.227	Eb2	39	45	487	84.8	Eb2	39	49	
463	105.737	G#4	68	53	489	85.2	G#4	68	49	
464	106.2	A4	69	47	490	85.6	A4	69	50	
465	106.235	Eb3	51	29	491	85.6	Eb3	51	50	
466	106.235	F#3	54	35	492	85.6	F#3	54	50	
467	106.708	A3	57	35	*	-1	*	-1	-1	
468	106.712	B3	59	42	494	86	B3	59	50	
469	107.325	B4	71	44	495	86.4	B4	71	49	
470	107.361	A4	69	40	497	86.4	A4	69	49	
471	107.373	E4	64	34	496	86.4	E4	64	49	
472	107.381	E2	40	34	498	86.4	E2	40	49	
473	107.799	E3	52	44	499	86.8	E3	52	49	
474	107.982	C#5	73	65	500	87	C#5	73	49	
475	108.224	C#5	73	68	501	87.2	C#5	73	49	
476	108.236	G#3	56	48	505	87.2	G#3	56	49	
477	108.245	E3	52	44	504	87.2	E3	52	49	
478	108.245	G#4	68	56	503	87.2	G#4	68	49	
479	108.262	E4	64	40	502	87.2	E4	64	49	
480	108.655	C#4	61	56	506	87.6	C#4	61	51	
481	108.818	D5	74	75	507	87.8	D5	74	52	
482	109.068	D5	74	74	508	88	D5	74	54	
483	109.093	F#3	54	49	512	88	F#3	54	54	
484	109.096	F#4	66	58	510	88	F#4	66	54	
485	109.108	D4	62	55	509	88	D4	62	54	
486	109.109	B2	47	41	511	88	B2	47	54	
487	109.456	C#5	73	75	513	88.4	C#5	73	56	
488	109.475	B3	59	49	514	88.4	B3	59	56	
489	109.991	D5	74	64	515	88.8	D5	74	59	
490	110.004	E4	64	52	517	88.8	E4	64	59	
491	110.011	D4	62	56	516	88.8	D4	62	59	
492	110.039	E2	40	47	518	88.8	E2	40	59	
493	110.59	G#4	68	68	520	89.2	G#4	68	61	
494	110.609	E3	52	39	521	89.2	E3	52	61	
495	111.219	A2	45	45	524	89.6	A2	45	64	
496	111.29	G#4	68	53	522	89.6	G#4	68	64	
497	111.315	D4	62	53	523	89.6	D4	62	64	
498	111.768	E3	52	60	526	90	E3	52	64	
499	112.226	A4	69	54	527	90.4	A4	69	64	
500	112.246	C#4	61	45	528	90.4	C#4	61	64	
501	112.296	A3	57	48	529	90.4	A3	57	64	
502	112.694	G#3	56	55	530	90.8	G#3	56	64	
503	113.233	A4	69	53	531	91.2	A4	69	64	
504	113.254	F#4	66	40	533	91.2	F#4	66	64	
505	113.257	C#4	61	41	532	91.2	C#4	61	64	
506	113.317	F#3	54	38	534	91.2	F#3	54	64	
507	113.34	A2	45	36	535	91.2	A2	45	64	
508	113.774	A3	57	53	536	91.6	A3	57	64	
509	114.233	B4	71	63	537	92	B4	71	65	
510	114.313	C#4	61	44	538	92	C#4	61	65	
511	114.665	A3	57	54	539	92.4	A3	57	65	
512	115.035	A4	69	62	540	92.8	A4	69	64	
513	115.037	F#3	54	55	541	92.8	F#3	54	64	
514	115.383	E3	52	59	542	93.2	E3	52	64	
515	115.793	A4	69	69	543	93.6	A4	69	64	
516	115.804	F#4	66	54	545	93.6	F#4	66	64	
517	115.812	D4	62	55	544	93.6	D4	62	64	
518	115.848	D3	50	60	546	93.6	D3	50	64	
519	115.853	A2	45	53	547	93.6	A2	45	64	
520	116.2	F#3	54	63	548	94	F#3	54	64	
521	116.568	B4	71	70	549	94.4	B4	71	65	
522	116.582	A3	57	63	550	94.4	A3	57	65	
523	116.891	F#3	54	57	551	94.8	F#3	54	65	
524	117.214	A4	69	76	552	95.2	A4	69	64	
525	117.226	D3	50	66	553	95.2	D3	50	64	
526	117.541	C#3	49	69	554	95.6	C#3	49	64	
527	117.938	A4	69	77	555	96	A4	69	64	
528	117.947	B2	47	69	558	96	B2	47	64	
529	117.947	F#4	66	72	557	96	F#4	66	64	
530	117.949	A2	45	62	559	96	A2	45	64	
531	117.953	D4	62	63	556	96	D4	62	64	
532	118.277	D3	50	75	560	96.4	D3	50	64	
533	118.636	D5	74	78	561	96.8	D5	74	64	
534	118.664	F#3	54	62	564	96.8	F#3	54	64	
535	119.02	A3	57	72	565	97.2	A3	57	64	
536	119.375	E3	52	70	569	97.6	E3	52	64	
537	119.388	A2	45	58	570	97.6	A2	45	64	
538	119.459	C#5	73	72	566	97.6	C#5	73	64	
539	119.471	G#4	68	67	568	97.6	G#4	68	64	
540	119.48	E4	64	69	567	97.6	E4	64	64	
541	120	G#3	56	57	571	98	G#3	56	64	
542	120.387	B3	59	59	572	98.4	B3	59	64	
543	120.761	B4	71	65	573	98.8	B4	71	64	
544	120.786	D4	62	55	574	98.8	D4	62	64	
545	121.322	G#4	68	57	575	99.2	G#4	68	64	
546	121.346	D4	62	51	576	99.2	D4	62	64	
547	121.39	A2	45	49	577	99.2	A2	45	64	
548	121.851	E3	52	53	579	99.6	E3	52	64	
549	122.293	A4	69	48	580	100	A4	69	64	
550	122.336	C#4	61	33	581	100	C#4	61	64	
551	122.354	A3	57	37	582	100	A3	57	64	
552	122.803	G#2	44	44	583	100.4	G#2	44	64	
553	123.488	A4	69	47	584	100.8	A4	69	64	
554	123.512	F#4	66	37	586	100.8	F#4	66	64	
555	123.522	C#4	61	39	585	100.8	C#4	61	64	
556	123.595	F#2	42	34	587	100.8	F#2	42	64	
557	124.065	C#3	49	40	589	101.2	C#3	49	64	
558	124.531	B4	71	52	590	101.6	B4	71	64	
559	124.653	A3	57	38	591	101.6	A3	57	64	
560	125.025	C#3	49	42	592	102	C#3	49	64	
561	125.355	A4	69	60	593	102.4	A4	69	64	
562	125.367	F#2	42	34	594	102.4	F#2	42	64	
563	125.721	E2	40	59	595	102.8	E2	40	64	
564	126.059	D2	38	56	599	103.2	D2	38	64	
565	126.146	A4	69	70	596	103.2	A4	69	64	
566	126.159	F#4	66	59	598	103.2	F#4	66	64	
567	126.174	D4	62	57	597	103.2	D4	62	64	
568	126.493	A2	45	65	601	103.6	A2	45	65	
569	126.92	B4	71	76	602	104	B4	71	67	
570	126.939	F#3	54	56	603	104	F#3	54	67	
571	127.259	A2	45	59	604	104.4	A2	45	69	
572	127.607	A4	69	78	605	104.8	A4	69	71	
573	127.613	D2	38	59	606	104.8	D2	38	71	
574	127.959	C#2	37	70	607	105.2	C#2	37	73	
575	128.336	B1	35	63	611	105.6	B1	35	75	
576	128.457	A4	69	85	608	105.6	A4	69	75	
577	128.469	F#4	66	75	610	105.6	F#4	66	75	
578	128.471	D4	62	64	609	105.6	D4	62	75	
579	129.074	B2	47	51	613	106	B2	47	77	
580	129.426	F#5	78	84	614	106.4	F#5	78	79	
581	129.54	D3	50	48	615	106.4	D3	50	79	
582	130.031	F#3	54	67	616	106.8	F#3	54	79	
583	130.401	A3	57	49	618	107.2	A3	57	79	
584	130.546	D5	74	78	617	107.2	D5	74	79	
585	130.853	D4	62	66	619	107.6	D4	62	79	
586	131.394	F#4	66	67	620	108.016	F#4	66	79	
587	131.902	B4	71	64	621	108.448	B4	71	79	
588	131.976	D4	62	65	622	108.448	D4	62	79	
589	132.699	G#4	68	60	623	108.898	G#4	68	76	
590	132.73	C#4	61	46	624	108.898	C#4	61	76	
591	132.734	E4	64	50	625	108.898	E4	64	76	
592	132.795	E2	40	50	626	108.898	E2	40	76	
593	133.252	C#3	49	55	627	109.367	C#3	49	73	
594	133.698	E3	52	60	629	109.858	E3	52	70	
595	133.867	A4	69	51	628	109.858	A4	69	70	
596	134.241	A3	57	46	630	110.373	A3	57	67	
597	135.057	E4	64	44	631	110.912	E4	64	58	
598	135.08	C#4	61	42	632	110.912	C#4	61	49	
599	135.084	G#3	56	43	634	110.912	G#3	56	49	
600	135.137	E1	28	66	633	110.912	E1	28	49	
601	135.61	B3	59	62	635	111.48	B3	59	49	
602	136.083	E1	28	53	637	112.08	E1	28	49	
603	136.174	D4	62	58	636	112.08	D4	62	49	
604	136.178	A3	57	50	639	112.08	A3	57	49	
605	136.198	F#3	54	43	638	112.08	F#3	54	49	
606	136.688	E2	40	47	640	112.68	E2	40	49	
607	137.206	A2	45	45	641	113.28	A2	45	49	
608	137.819	D3	50	48	642	113.88	D3	50	49	
609	138.64	E4	64	50	643	114.48	E4	64	58	
610	138.651	E2	40	54	645	114.48	E2	40	49	
611	138.663	C#4	61	50	644	114.48	C#4	61	49	
612	138.675	G#3	56	49	647	114.48	G#3	56	49	
613	139.483	B3	59	47	648	115.08	B3	59	49	
614	139.524	D3	50	34	649	115.08	D3	50	49	
615	140.097	A1	33	48	651	115.68	A1	33	49	
616	140.722	C#3	49	41	653	115.838	C#3	49	49	
617	141.058	A3	57	38	*	-1	*	-1	-1	
618	142.07	A4	69	40	*	-1	*	-1	-1	
619	146.278	C#5	73	58	654	118.08	C#5	73	49	
620	146.832	F#2	42	35	655	119.28	F#2	42	49	
621	147.205	C#3	49	34	656	119.547	C#3	49	49	
622	147.333	F#5	78	65	657	119.68	F#5	78	49	
623	147.527	A3	57	46	658	119.814	A3	57	49	
624	147.907	E5	76	65	659	120.08	E5	76	49	
625	148.009	C#4	61	61	660	120.08	C#4	61	49	
626	148.38	A3	57	37	662	120.347	A3	57	49	
627	148.664	F#3	54	45	663	120.614	F#3	54	49	
628	148.921	D5	74	61	664	120.88	D5	74	49	
629	149.025	F#4	66	55	665	120.88	F#4	66	49	
630	149.353	A3	57	41	667	121.147	A3	57	49	
631	149.615	F#3	54	36	668	121.414	F#3	54	49	
632	149.888	C#5	73	52	669	121.68	C#5	73	49	
633	149.949	E4	64	45	670	121.68	E4	64	49	
634	150.242	A3	57	38	672	121.947	A3	57	49	
635	150.518	F#3	54	42	673	122.214	F#3	54	49	
636	150.81	D4	62	42	675	122.48	D4	62	48	
637	150.908	B4	71	49	674	122.48	B4	71	48	
638	151.178	A3	57	36	677	122.747	A3	57	48	
639	151.29	D5	74	71	678	122.88	D5	74	48	
640	151.411	F#3	54	41	679	123.014	F#3	54	48	
641	151.693	G#5	80	71	680	123.28	G#5	80	48	
642	151.712	B2	47	47	681	123.28	B2	47	48	
643	151.931	F#3	54	45	682	123.547	F#3	54	48	
644	152.068	F#5	78	72	683	123.68	F#5	78	48	
645	152.209	A3	57	46	684	123.814	A3	57	48	
646	152.504	B4	71	56	685	124.08	B4	71	48	
647	152.629	D4	62	54	686	124.08	D4	62	48	
648	152.922	A3	57	40	688	124.347	A3	57	48	
649	153.205	F#3	54	40	689	124.614	F#3	54	48	
650	153.452	A4	69	53	690	124.88	A4	69	47	
651	153.508	C#4	61	37	691	124.88	C#4	61	47	
652	153.803	A3	57	40	693	125.147	A3	57	47	
653	153.897	C#5	73	66	694	125.28	C#5	73	47	
654	154.029	F#3	54	40	695	125.414	F#3	54	47	
655	154.323	F#5	78	60	696	125.68	F#5	78	47	
656	154.324	C#3	49	39	697	125.68	C#3	49	47	
657	154.577	E3	52	39	698	125.947	E3	52	47	
658	154.742	E5	76	56	699	126.08	E5	76	47	
659	154.848	A3	57	41	700	126.214	A3	57	47	
660	155.129	A4	69	53	701	126.48	A4	69	47	
661	155.167	C#4	61	40	702	126.48	C#4	61	47	
662	155.406	F#3	54	43	704	126.747	F#3	54	47	
663	155.546	G#4	68	64	705	126.88	G#4	68	47	
664	155.709	D3	50	37	706	127.014	D3	50	47	
665	156.02	E5	76	56	707	127.28	E5	76	46	
666	156.036	B3	59	35	708	127.28	B3	59	46	
667	156.294	F#3	54	43	710	127.547	F#3	54	46	
668	156.454	D5	74	53	711	127.68	D5	74	46	
669	156.602	G#2	44	51	712	127.814	G#2	44	46	
670	156.968	B4	71	51	713	128.08	B4	71	46	
671	157.007	C#3	49	44	714	128.08	C#3	49	46	
672	157.27	F3	53	40	715	128.347	F3	53	46	
673	157.5	G#4	68	45	716	128.48	G#4	68	46	
674	157.731	B3	59	38	717	128.614	B3	59	46	
675	158.153	C#5	73	57	719	128.88	C#5	73	49	
676	158.154	F#2	42	40	720	128.88	F#2	42	49	
677	158.184	A4	69	47	718	128.88	A4	69	49	
678	158.485	A3	57	46	721	129.147	A3	57	49	
679	158.62	A5	81	77	722	129.28	A5	81	49	
680	158.774	F#3	54	48	723	129.414	F#3	54	49	
681	159.036	C#4	61	62	725	129.68	C#4	61	50	
682	159.112	G#5	80	82	724	129.68	G#5	80	50	
683	159.383	A3	57	61	727	129.947	A3	57	50	
684	159.643	F#3	54	66	728	130.214	F#3	54	50	
685	159.892	F#5	78	78	729	130.48	F#5	78	50	
686	159.969	A4	69	76	730	130.48	A4	69	50	
687	160.248	A3	57	63	732	130.747	A3	57	50	
688	160.525	F#3	54	50	733	131.014	F#3	54	50	
689	160.921	E5	76	74	734	131.28	E5	76	49	
690	160.941	G#4	68	61	735	131.28	G#4	68	49	
691	160.988	D2	38	52	736	131.28	D2	38	49	
692	161.342	A2	45	57	737	131.547	A2	45	49	
693	161.648	D3	50	67	738	131.814	D3	50	49	
694	161.927	A4	69	66	739	132.08	A4	69	49	
695	161.943	F#3	54	52	741	132.08	F#3	54	49	
696	161.956	F#4	66	53	740	132.08	F#4	66	49	
697	162.178	A3	57	59	742	132.347	A3	57	49	
698	162.346	C#5	73	75	743	132.48	C#5	73	49	
699	162.47	D3	50	60	744	132.614	D3	50	49	
700	162.771	E5	76	72	745	132.88	E5	76	49	
701	162.808	F#2	42	54	746	132.88	F#2	42	49	
702	163.066	D3	50	61	747	133.147	D3	50	49	
703	163.168	D5	74	71	748	133.28	D5	74	49	
704	163.301	A3	57	62	749	133.414	A3	57	49	
705	163.535	G#2	44	56	752	133.68	G#2	44	49	
706	163.654	C#5	73	66	750	133.68	C#5	73	49	
707	163.667	E4	64	67	751	133.68	E4	64	49	
708	163.981	E3	52	52	753	133.947	E3	52	49	
709	164.275	G#3	56	47	754	134.214	G#3	56	49	
710	164.534	G#2	44	49	757	134.48	G#2	44	49	
711	164.641	F#4	66	57	755	134.48	F#4	66	49	
712	164.642	Eb4	63	48	756	134.48	Eb4	63	49	
713	164.901	Eb3	51	51	758	134.747	Eb3	51	49	
714	165.076	G#4	68	68	759	134.88	G#4	68	49	
715	165.23	F#3	54	58	760	135.014	F#3	54	49	
716	165.586	A4	69	57	761	135.28	A4	69	49	
717	165.626	C4	60	45	762	135.28	C4	60	49	
718	165.925	F#3	54	47	763	135.547	F#3	54	48	
719	166.088	F#4	66	57	764	135.68	F#4	66	47	
720	166.287	Eb3	51	44	765	135.814	Eb3	51	47	
721	166.785	F4	65	51	767	136.08	F4	65	45	
722	166.823	C#4	61	37	766	136.08	C#4	61	45	
723	166.832	C#2	37	43	768	136.08	C#2	37	45	
724	166.934	C#4	61	3	*	-1	*	-1	-1	
725	167.207	G#2	44	41	769	136.347	G#2	44	44	
726	167.548	C#3	49	43	770	136.614	C#3	49	42	
727	167.843	F3	53	38	772	136.88	F3	53	41	
728	167.977	G#4	68	54	771	136.88	G#4	68	41	
729	168.23	G#3	56	43	773	137.147	G#3	56	39	
730	168.631	B3	59	41	774	137.423	B3	59	38	
731	169.149	F4	65	37	775	137.709	F4	65	37	
732	170.151	C#5	73	43	776	138.153	C#5	73	34	
733	171.281	F#2	42	30	777	138.623	F#2	42	49	
734	171.721	C#3	49	36	778	138.89	C#3	49	49	
735	171.943	F#5	78	51	779	139.023	F#5	78	49	
736	172.118	A3	57	39	780	139.157	A3	57	49	
737	172.54	E5	76	54	781	139.423	E5	76	49	
738	172.664	C#4	61	56	782	139.423	C#4	61	49	
739	173.066	A3	57	40	784	139.69	A3	57	49	
740	173.355	F#3	54	45	785	139.957	F#3	54	49	
741	173.707	D5	74	53	786	140.223	D5	74	49	
742	173.801	F#4	66	55	787	140.223	F#4	66	49	
743	174.192	A3	57	34	789	140.49	A3	57	49	
744	174.482	F#3	54	37	790	140.757	F#3	54	49	
745	174.773	C#5	73	47	791	141.023	C#5	73	49	
746	174.829	E4	64	46	792	141.023	E4	64	49	
747	175.136	A3	57	39	794	141.29	A3	57	49	
748	175.419	F#3	54	43	795	141.557	F#3	54	49	
749	175.724	D4	62	44	797	141.823	D4	62	48	
750	175.861	B4	71	46	796	141.823	B4	71	48	
751	176.142	A3	57	26	799	142.09	A3	57	48	
752	176.298	D5	74	60	800	142.223	D5	74	48	
753	176.455	F#3	54	31	801	142.357	F#3	54	48	
754	176.759	G#5	80	59	802	142.623	G#5	80	48	
755	176.805	B2	47	37	803	142.623	B2	47	48	
756	177.04	F#3	54	43	804	142.89	F#3	54	48	
757	177.194	F#5	78	55	805	143.023	F#5	78	48	
758	177.342	A3	57	45	806	143.157	A3	57	48	
759	177.72	B4	71	50	807	143.423	B4	71	48	
760	177.858	D4	62	58	808	143.423	D4	62	48	
761	178.233	A3	57	33	810	143.69	A3	57	48	
762	178.584	F#3	54	17	811	143.957	F#3	54	48	
763	178.799	A4	69	45	812	144.223	A4	69	47	
764	178.887	C#4	61	38	813	144.223	C#4	61	47	
765	179.184	A3	57	36	815	144.49	A3	57	47	
766	179.344	C#5	73	54	816	144.623	C#5	73	47	
767	179.424	F#3	54	26	817	144.757	F#3	54	47	
768	179.786	F#5	78	49	818	145.023	F#5	78	47	
769	179.797	C#3	49	35	819	145.023	C#3	49	47	
770	180.065	E3	52	23	820	145.29	E3	52	47	
771	180.231	E5	76	50	821	145.423	E5	76	47	
772	180.344	A3	57	38	822	145.557	A3	57	47	
773	180.67	A4	69	48	823	145.823	A4	69	47	
774	180.702	C#4	61	37	824	145.823	C#4	61	47	
775	181.007	F#3	54	35	826	146.09	F#3	54	47	
776	181.127	G#4	68	51	827	146.223	G#4	68	47	
777	181.291	D3	50	24	828	146.357	D3	50	47	
778	181.633	E5	76	46	829	146.623	E5	76	46	
779	181.712	B3	59	27	830	146.623	B3	59	46	
780	181.975	F#3	54	37	832	146.89	F#3	54	46	
781	182.189	D5	74	45	833	147.023	D5	74	46	
782	182.31	G#2	44	37	834	147.157	G#2	44	46	
783	182.656	B4	71	40	835	147.423	B4	71	46	
784	182.692	C#3	49	39	836	147.423	C#3	49	46	
785	182.974	F3	53	37	837	147.69	F3	53	46	
786	183.188	G#4	68	46	838	147.823	G#4	68	46	
787	183.44	B3	59	30	839	147.957	B3	59	46	
788	183.894	F#2	42	37	842	148.223	F#2	42	49	
789	184.038	C#5	73	48	841	148.223	C#5	73	49	
790	184.069	A4	69	39	840	148.223	A4	69	49	
791	184.336	A3	57	37	843	148.49	A3	57	49	
792	184.507	A5	81	73	844	148.623	A5	81	49	
793	184.677	F#3	54	46	845	148.757	F#3	54	49	
794	184.936	C#4	61	55	847	149.023	C#4	61	50	
795	185.033	G#5	80	77	846	149.023	G#5	80	50	
796	185.307	A3	57	55	849	149.29	A3	57	50	
797	185.569	F#3	54	67	850	149.557	F#3	54	50	
798	185.841	F#5	78	75	851	149.823	F#5	78	50	
799	185.872	A4	69	68	852	149.823	A4	69	50	
800	186.163	A3	57	54	854	150.09	A3	57	50	
801	186.434	F#3	54	60	855	150.357	F#3	54	50	
802	186.847	E5	76	74	856	150.623	E5	76	49	
803	186.873	G#4	68	63	857	150.623	G#4	68	49	
804	186.944	D2	38	61	858	150.623	D2	38	49	
805	187.316	A2	45	69	859	150.89	A2	45	49	
806	187.608	D3	50	69	860	151.157	D3	50	49	
807	187.871	A4	69	69	861	151.423	A4	69	49	
808	187.895	F#4	66	52	862	151.423	F#4	66	49	
809	187.907	F#3	54	51	863	151.423	F#3	54	49	
810	188.157	A3	57	50	864	151.69	A3	57	49	
811	188.289	C#5	73	77	865	151.823	C#5	73	49	
812	188.448	D3	50	61	866	151.957	D3	50	49	
813	188.739	E5	76	75	867	152.223	E5	76	49	
814	188.813	F#2	42	59	868	152.223	F#2	42	49	
815	189.09	D3	50	58	869	152.49	D3	50	49	
816	189.212	D5	74	75	870	152.623	D5	74	49	
817	189.387	A3	57	59	871	152.757	A3	57	49	
818	189.639	G#2	44	51	874	153.023	G#2	44	49	
819	189.786	E4	64	64	873	153.023	E4	64	49	
820	189.787	C#5	73	61	872	153.023	C#5	73	49	
821	190.183	E3	52	53	875	153.29	E3	52	49	
822	190.513	G#3	56	49	876	153.557	G#3	56	49	
823	190.809	G#2	44	43	879	153.823	G#2	44	49	
824	191.001	F#4	66	52	877	153.823	F#4	66	49	
825	191.023	Eb4	63	51	878	153.823	Eb4	63	49	
826	191.315	Eb3	51	42	880	154.09	Eb3	51	49	
827	191.492	G#4	68	61	881	154.223	G#4	68	49	
828	191.677	F#3	54	51	882	154.357	F#3	54	49	
829	192.022	A4	69	52	883	154.623	A4	69	49	
830	192.079	C4	60	40	884	154.623	C4	60	49	
831	192.394	F#3	54	43	885	154.89	F#3	54	48	
832	192.616	F#4	66	47	886	155.023	F#4	66	47	
833	192.844	Eb3	51	39	887	155.157	Eb3	51	47	
834	193.5	F4	65	47	889	155.423	F4	65	45	
835	193.512	C#4	61	37	888	155.423	C#4	61	45	
836	193.584	C#2	37	38	890	155.423	C#2	37	45	
837	193.99	G#2	44	41	891	155.69	G#2	44	44	
838	194.34	C#3	49	42	892	155.957	C#3	49	42	
839	194.695	F3	53	37	894	156.223	F3	53	41	
840	194.794	G#4	68	48	893	156.223	G#4	68	41	
841	195.095	G#3	56	44	895	156.49	G#3	56	39	
842	195.522	B3	59	42	896	156.766	B3	59	38	
843	196.216	F4	65	43	897	157.052	F4	65	37	
844	197.366	C#5	73	47	898	157.496	C#5	73	34	
845	199.157	Bb4	70	31	900	157.966	Bb4	70	33	
846	199.184	F#4	66	33	899	157.966	F#4	66	33	
847	199.24	C#3	49	29	902	157.966	C#3	49	33	
848	199.257	F#2	42	32	901	157.966	F#2	42	33	
849	199.276	Bb3	58	22	903	157.966	Bb3	58	33	
850	199.295	F#4	66	3	*	-1	*	-1	-1	
851	200.1	F#5	78	49	904	158.466	F#5	78	33	
852	200.876	F5	77	53	907	158.966	F5	77	33	
853	200.904	F4	65	37	905	158.966	F4	65	33	
854	200.932	Bb4	70	36	906	158.966	Bb4	70	33	
855	200.955	C#4	61	47	910	158.966	C#4	61	33	
856	200.979	C#3	49	34	908	158.966	C#3	49	33	
857	200.98	Bb3	58	35	909	158.966	Bb3	58	33	
858	202.169	Eb5	75	52	913	159.966	Eb5	75	33	
859	202.23	F#4	66	47	916	159.966	F#4	66	33	
860	202.241	Bb4	70	30	912	159.966	Bb4	70	33	
861	202.247	Eb4	63	24	911	159.966	Eb4	63	33	
862	202.254	F#3	54	42	914	159.966	F#3	54	33	
863	202.262	Bb3	58	39	915	159.966	Bb3	58	33	
864	203.465	C#5	73	48	919	160.966	C#5	73	33	
865	203.496	F4	65	33	922	160.966	F4	65	33	
866	203.511	F3	53	29	920	160.966	F3	53	33	
867	203.516	Bb4	70	34	918	160.966	Bb4	70	33	
868	203.517	C#4	61	18	917	160.966	C#4	61	33	
869	203.52	Bb3	58	34	921	160.966	Bb3	58	33	
870	204.766	F#5	78	61	925	161.966	F#5	78	33	
871	204.797	F#4	66	42	923	161.966	F#4	66	33	
872	204.807	Bb4	70	43	924	161.966	Bb4	70	33	
873	204.825	Bb3	58	33	927	161.966	Bb3	58	33	
874	204.829	Eb4	63	32	928	161.966	Eb4	63	33	
875	204.832	Eb3	51	38	926	161.966	Eb3	51	33	
876	206.044	F5	77	59	931	162.966	F5	77	33	
877	206.068	Bb4	70	42	930	162.966	Bb4	70	33	
878	206.076	F4	65	39	929	162.966	F4	65	33	
879	206.098	C#4	61	38	934	162.966	C#4	61	33	
880	206.107	Bb3	58	22	933	162.966	Bb3	58	33	
881	206.123	C#3	49	39	932	162.966	C#3	49	33	
882	207.294	Eb5	75	44	937	163.966	Eb5	75	33	
883	207.337	Bb4	70	39	936	163.966	Bb4	70	33	
884	207.349	Bb3	58	23	939	163.966	Bb3	58	33	
885	207.357	Eb4	63	16	935	163.966	Eb4	63	33	
886	207.369	F#4	66	37	940	163.966	F#4	66	33	
887	207.376	F#3	54	37	938	163.966	F#3	54	33	
888	208.524	C#5	73	48	943	164.966	C#5	73	33	
889	208.555	Bb4	70	39	942	164.966	Bb4	70	33	
890	208.568	F4	65	37	946	164.966	F4	65	33	
891	208.571	C#4	61	27	941	164.966	C#4	61	33	
892	208.587	F3	53	31	944	164.966	F3	53	33	
893	208.595	Bb3	58	37	945	164.966	Bb3	58	33	
894	210.116	C5	72	61	950	165.966	C5	72	33	
895	210.148	C4	60	40	947	165.966	C4	60	33	
896	210.155	Eb4	63	40	954	165.966	Eb4	63	33	
897	210.156	Bb4	70	45	949	165.966	Bb4	70	33	
898	210.163	F#4	66	41	948	165.966	F#4	66	33	
899	210.171	F#3	54	36	952	165.966	F#3	54	33	
900	210.171	Bb3	58	39	953	165.966	Bb3	58	33	
901	210.185	Eb3	51	30	951	165.966	Eb3	51	33	
902	211.446	A4	69	43	956	166.966	A4	69	33	
903	211.461	F4	65	37	955	166.966	F4	65	33	
904	211.479	C4	60	32	959	166.966	C4	60	33	
905	211.482	F3	53	37	957	166.966	F3	53	33	
906	211.486	A3	57	31	958	166.966	A3	57	33	
907	212.747	C#5	73	55	960	167.966	C#5	73	33	
908	212.766	C#4	61	41	961	167.966	C#4	61	33	
909	212.806	Bb2	46	37	962	167.966	Bb2	46	33	
910	212.811	F3	53	37	963	167.966	F3	53	33	
911	212.811	Bb3	58	36	964	167.966	Bb3	58	33	
912	213.317	F4	65	62	966	168.466	F4	65	33	
913	214.01	Bb4	70	57	967	168.966	Bb4	70	33	
914	214.101	B3	59	36	970	168.966	B3	59	33	
915	214.104	F3	53	36	969	168.966	F3	53	33	
916	214.105	C#3	49	41	968	168.966	C#3	49	33	
917	214.864	G#4	68	48	971	169.466	G#4	68	33	
918	215.729	F#4	66	42	972	169.966	F#4	66	33	
919	215.793	C#3	49	37	974	169.966	C#3	49	33	
920	215.801	F#2	42	32	973	169.966	F#2	42	33	
921	215.801	Bb3	58	14	975	169.966	Bb3	58	33	
922	216.537	F#5	78	55	976	170.466	F#5	78	33	
923	217.319	F5	77	55	979	170.966	F5	77	33	
924	217.356	F4	65	44	977	170.966	F4	65	33	
925	217.366	Bb4	70	41	978	170.966	Bb4	70	33	
926	217.385	C#4	61	35	982	170.966	C#4	61	33	
927	217.394	C#3	49	32	980	170.966	C#3	49	33	
928	217.401	Bb3	58	29	981	170.966	Bb3	58	33	
929	218.599	Eb5	75	50	985	171.966	Eb5	75	33	
930	218.627	A4	69	49	984	171.966	A4	69	33	
931	218.655	Eb4	63	34	983	171.966	Eb4	63	33	
932	218.655	F#4	66	39	988	171.966	F#4	66	33	
933	218.662	A3	57	38	987	171.966	A3	57	33	
934	218.663	F#3	54	41	986	171.966	F#3	54	33	
935	219.917	C#5	73	49	991	172.966	C#5	73	33	
936	219.945	C#4	61	29	989	172.966	C#4	61	33	
937	219.949	G#4	68	41	990	172.966	G#4	68	33	
938	219.949	F4	65	41	994	172.966	F4	65	33	
939	219.962	F3	53	36	992	172.966	F3	53	33	
940	219.968	G#3	56	37	993	172.966	G#3	56	33	
941	221.271	F#5	78	66	998	173.966	F#5	78	33	
942	221.289	C5	72	56	997	173.966	C5	72	33	
943	221.293	F#4	66	50	995	173.966	F#4	66	33	
944	221.294	G#4	68	49	996	173.966	G#4	68	33	
945	221.326	Eb3	51	39	999	173.966	Eb3	51	33	
946	221.326	Eb4	63	42	1001	173.966	Eb4	63	33	
947	221.342	G#3	56	40	1000	173.966	G#3	56	33	
948	222.608	F5	77	64	1005	174.966	F5	77	33	
949	222.636	C#5	73	50	1004	174.966	C#5	73	33	
950	222.648	G#4	68	50	1003	174.966	G#4	68	33	
951	222.656	F4	65	43	1002	174.966	F4	65	33	
952	222.687	G#3	56	36	1007	174.966	G#3	56	33	
953	222.692	C#4	61	40	1008	174.966	C#4	61	33	
954	222.695	C#3	49	41	1006	174.966	C#3	49	33	
955	223.833	Eb5	75	58	1011	175.966	Eb5	75	33	
956	223.869	B4	71	43	1010	175.966	B4	71	33	
957	223.902	G#4	68	39	*	-1	*	-1	-1	
958	223.909	Eb4	63	16	1009	175.966	Eb4	63	33	
959	223.91	F#4	66	53	1015	175.966	F#4	66	33	
960	223.93	F#3	54	47	1012	175.966	F#3	54	33	
961	223.931	B3	59	52	1014	175.966	B3	59	33	
962	223.942	G#3	56	47	1013	175.966	G#3	56	33	
963	225.416	C#5	73	47	1016	176.966	C#5	73	33	
964	225.447	B4	71	44	1019	176.966	B4	71	33	
965	225.454	G#4	68	41	1018	176.966	G#4	68	33	
966	225.466	C#4	61	21	1017	176.966	C#4	61	33	
967	225.478	F4	65	31	1024	176.966	F4	65	33	
968	225.509	F3	53	29	1021	176.966	F3	53	33	
969	225.515	B3	59	34	1023	176.966	B3	59	33	
970	225.521	G#3	56	40	1022	176.966	G#3	56	33	
971	226.816	B4	71	44	1027	178.024	B4	71	33	
972	226.844	F#4	66	33	1026	178.024	F#4	66	33	
973	226.875	C#4	61	19	1025	178.024	C#4	61	33	
974	226.876	F#3	54	27	1029	178.024	F#3	54	33	
975	226.889	Eb3	51	35	1028	178.024	Eb3	51	33	
976	226.889	Eb4	63	33	1030	178.024	Eb4	63	33	
977	228.269	Bb4	70	39	1033	179.15	Bb4	70	33	
978	228.292	F#3	54	33	1035	179.15	F#3	54	33	
979	228.292	C#4	61	31	1031	179.15	C#4	61	33	
980	228.313	F#4	66	32	1032	179.15	F#4	66	33	
981	228.314	C#3	49	31	1034	179.15	C#3	49	33	
982	230.733	C#5	73	41	1037	180.35	C#5	73	33	
983	230.749	F4	65	38	1039	180.35	F4	65	33	
984	230.749	G#4	68	37	1040	180.35	G#4	68	33	
985	230.752	C#4	61	35	1038	180.35	C#4	61	33	
986	230.778	F3	53	31	1042	180.35	F3	53	33	
987	230.78	B3	59	21	1044	180.35	B3	59	33	
988	230.781	C#3	49	28	1041	180.35	C#3	49	33	
989	230.794	G#3	56	25	1043	180.35	G#3	56	33	
990	233.651	C#4	61	68	1045	182.277	C#4	61	33	
991	234.304	F#2	42	35	1046	182.997	F#2	42	33	
992	234.657	C#3	49	44	1047	183.263	C#3	49	33	
993	234.791	F#4	66	76	1048	183.397	F#4	66	33	
994	235.053	A3	57	52	1049	183.53	A3	57	33	
995	235.434	C#5	73	74	1050	183.797	C#5	73	46	
996	235.542	E4	64	72	1051	183.797	E4	64	46	
997	235.923	A3	57	49	1053	184.063	A3	57	46	
998	236.196	F#3	54	54	1054	184.33	F#3	54	46	
999	236.43	F#5	78	75	1055	184.597	F#5	78	46	
1000	236.525	D4	62	72	1056	184.597	D4	62	46	
1001	236.864	A3	57	53	1058	184.863	A3	57	47	
1002	237.108	F#3	54	42	1059	185.13	F#3	54	49	
1003	237.384	C#4	61	61	1061	185.397	C#4	61	51	
1004	237.472	E5	76	74	1060	185.397	E5	76	51	
1005	237.776	A3	57	49	1063	185.663	A3	57	52	
1006	238.027	F#3	54	42	1064	185.93	F#3	54	54	
1007	238.258	B3	59	56	1066	186.197	B3	59	56	
1008	238.349	D5	74	68	1065	186.197	D5	74	56	
1009	238.619	F#3	54	49	1068	186.463	F#3	54	57	
1010	238.779	D4	62	74	1069	186.597	D4	62	58	
1011	238.91	B2	47	60	1070	186.73	B2	47	59	
1012	239.153	B1	35	53	1072	186.997	B1	35	61	
1013	239.165	A4	69	77	1071	186.997	A4	69	61	
1014	239.411	B2	47	43	1073	187.263	B2	47	62	
1015	239.538	G#4	68	75	1074	187.397	G#4	68	63	
1016	239.681	D3	50	60	1075	187.53	D3	50	64	
1017	239.982	D5	74	70	1076	187.797	D5	74	66	
1018	240.044	B3	59	71	1077	187.797	B3	59	66	
1019	240.355	F#3	54	50	1079	188.063	F#3	54	67	
1020	240.598	C#3	49	54	1080	188.33	C#3	49	69	
1021	240.805	C#5	73	72	1081	188.597	C#5	73	71	
1022	240.876	A3	57	62	1082	188.597	A3	57	71	
1023	241.15	F#3	54	52	1084	188.863	F#3	54	72	
1024	241.255	C#4	61	79	1085	188.997	C#4	61	73	
1025	241.418	A2	45	64	1086	189.13	A2	45	74	
1026	241.664	G#4	68	78	1087	189.397	G#4	68	76	
1027	241.678	A1	33	57	1088	189.397	A1	33	76	
1028	241.864	A2	45	43	1089	189.663	A2	45	77	
1029	242.059	F#4	66	79	1090	189.797	F#4	66	78	
1030	242.179	C#3	49	63	1091	189.93	C#3	49	79	
1031	242.514	C#5	73	73	1092	190.197	C#5	73	81	
1032	242.568	A3	57	74	1093	190.197	A3	57	81	
1033	242.588	B2	47	57	1094	190.197	B2	47	81	
1034	242.605	D3	50	51	1095	190.197	D3	50	81	
1035	242.979	G#3	56	83	1096	190.597	G#3	56	83	
1036	243.411	B4	71	73	1097	190.997	B4	71	86	
1037	243.42	E4	64	65	1098	190.997	E4	64	86	
1038	243.44	G#2	44	64	1099	190.997	G#2	44	86	
1039	243.72	B3	59	53	1100	191.263	B3	59	87	
1040	243.89	D4	62	80	1101	191.397	D4	62	88	
1041	244.008	F#3	54	49	1102	191.53	F#3	54	89	
1042	244.316	B3	59	73	1103	191.797	B3	59	91	
1043	244.351	C#2	37	61	1104	191.797	C#2	37	91	
1044	244.631	F3	53	49	1105	192.063	F3	53	92	
1045	244.786	G#3	56	74	1106	192.197	G#3	56	93	
1046	244.989	C#3	49	58	1107	192.33	C#3	49	94	
1047	245.343	F#2	42	58	1109	192.597	F#2	42	96	
1048	245.506	C#5	73	79	1108	192.597	C#5	73	96	
1049	245.765	C#3	49	57	1110	192.863	C#3	49	96	
1050	245.933	C#6	85	84	1111	192.997	C#6	85	96	
1051	246.055	A3	57	63	1112	193.13	A3	57	96	
1052	246.362	B5	83	78	1113	193.397	B5	83	96	
1053	246.469	C#4	61	86	1114	193.397	C#4	61	96	
1054	246.78	A3	57	53	1116	193.663	A3	57	96	
1055	246.935	A5	81	76	1117	193.797	A5	81	96	
1056	246.935	C#5	73	78	1118	193.797	C#5	73	96	
1057	247.08	F#3	54	45	1119	193.93	F#3	54	96	
1058	247.282	A3	57	53	1121	194.197	A3	57	96	
1059	247.346	G#5	80	78	1120	194.197	G#5	80	96	
1060	247.353	B4	71	76	1122	194.197	B4	71	96	
1061	247.568	F#3	54	63	1123	194.463	F#3	54	96	
1062	247.716	F#5	78	82	1124	194.597	F#5	78	96	
1063	247.721	A4	69	78	1125	194.597	A4	69	96	
1064	247.858	C#3	49	65	1126	194.73	C#3	49	96	
1065	248.216	D2	38	69	1129	194.997	D2	38	96	
1066	248.269	E5	76	72	1127	194.997	E5	76	96	
1067	248.285	G#4	68	60	1128	194.997	G#4	68	96	
1068	248.623	A2	45	58	1130	195.263	A2	45	96	
1069	248.862	D3	50	59	1131	195.53	D3	50	96	
1070	249.101	A4	69	70	1132	195.797	A4	69	96	
1071	249.114	F#4	66	61	1133	195.797	F#4	66	96	
1072	249.126	F#3	54	49	1134	195.797	F#3	54	96	
1073	249.351	A3	57	64	1135	196.063	A3	57	96	
1074	249.474	C#5	73	80	1136	196.197	C#5	73	96	
1075	249.599	D3	50	65	1137	196.33	D3	50	96	
1076	249.868	F#3	54	67	1139	196.597	F#3	54	96	
1077	249.912	E5	76	75	1138	196.597	E5	76	96	
1078	250.113	Bb3	58	60	1140	196.863	Bb3	58	96	
1079	250.245	D5	74	80	1141	196.997	D5	74	96	
1080	250.376	D3	50	51	1142	197.13	D3	50	96	
1081	250.745	B1	35	63	1145	197.397	B1	35	96	
1082	250.825	C#5	73	66	1143	197.397	C#5	73	96	
1083	250.837	E4	64	73	1144	197.397	E4	64	96	
1084	251.2	F#2	42	55	1146	197.663	F#2	42	96	
1085	251.443	B2	47	53	1147	197.93	B2	47	96	
1086	251.705	D3	50	59	1150	198.197	D3	50	96	
1087	251.714	F#4	66	65	1148	198.197	F#4	66	96	
1088	251.727	D4	62	60	1149	198.197	D4	62	96	
1089	251.948	F#3	54	63	1151	198.463	F#3	54	96	
1090	252.084	Bb4	70	78	1152	198.597	Bb4	70	96	
1091	252.186	B2	47	69	1153	198.73	B2	47	96	
1092	252.466	D3	50	73	1155	198.997	D3	50	96	
1093	252.466	C#5	73	73	1154	198.997	C#5	73	96	
1094	252.708	G3	55	51	1156	199.263	G3	55	96	
1095	252.867	B4	71	76	1157	199.397	B4	71	96	
1096	252.954	B2	47	64	1158	199.53	B2	47	96	
1097	253.258	C#2	37	65	1161	199.797	C#2	37	96	
1098	253.27	A4	69	66	1159	199.797	A4	69	96	
1099	253.284	C#4	61	57	1160	199.797	C#4	61	96	
1100	253.481	C#3	49	57	1162	200.063	C#3	49	96	
1101	253.643	F#4	66	76	1163	200.197	F#4	66	96	
1102	253.731	A2	45	70	1164	200.33	A2	45	96	
1103	254.011	D4	62	79	1165	200.597	D4	62	96	
1104	254.016	F#3	54	71	1167	200.597	F#3	54	96	
1105	254.024	A3	57	66	1166	200.597	A3	57	96	
1106	254.284	C#3	49	66	1168	200.863	C#3	49	96	
1107	254.385	C4	60	83	1169	200.997	C4	60	96	
1108	254.514	C#2	37	78	1170	201.13	C#2	37	96	
1109	254.735	F3	53	80	1173	201.397	F3	53	96	
1110	254.849	C#4	61	79	1171	201.397	C#4	61	96	
1111	254.856	G#3	56	77	1172	201.397	G#3	56	96	
1112	255.12	B2	47	75	1174	201.663	B2	47	96	
1113	255.343	F3	53	77	1175	201.797	F3	53	96	
1114	255.505	C#2	37	78	1176	201.93	C#2	37	96	
1115	256.175	G#3	56	80	1179	202.197	G#3	56	96	
1116	256.191	B2	47	68	1178	202.197	B2	47	96	
1117	256.192	F#2	42	63	1177	202.197	F#2	42	96	
1118	257.663	F#3	54	49	1181	202.997	F#3	54	96	
1119	257.676	A2	45	45	1180	202.997	A2	45	96	
1120	258.233	A3	57	57	1182	203.263	A3	57	96	
1121	258.511	C#4	61	68	1183	203.53	C#4	61	89	
1122	258.787	F#4	66	69	1184	203.797	F#4	66	82	
1123	259.021	A4	69	63	1185	204.063	A4	69	75	
1124	259.26	C#5	73	74	1186	204.33	C#5	73	68	
1125	259.766	E5	76	82	1188	204.597	E5	76	49	
1126	259.802	E4	64	53	1187	204.597	E4	64	49	
1127	259.802	A4	69	56	1189	204.597	A4	69	49	
1128	259.889	A3	57	36	1191	204.597	A3	57	49	
1129	259.894	F#3	54	37	1190	204.597	F#3	54	49	
1130	261	D5	74	48	1193	205.397	D5	74	49	
1131	261.044	D4	62	22	1192	205.397	D4	62	49	
1132	261.677	F#2	42	42	1194	205.663	F#2	42	49	
1133	261.975	A2	45	53	1195	205.938	A2	45	49	
1134	262.211	D3	50	59	1196	206.223	D3	50	49	
1135	262.476	F#3	54	44	1197	206.517	F#3	54	49	
1136	262.818	A3	57	40	1198	206.822	A3	57	49	
1137	263.362	D4	62	51	1199	207.137	D4	62	49	
1138	263.477	E2	40	47	1200	207.137	E2	40	49	
1139	264.718	C#4	61	35	1201	208.121	C#4	61	49	
1140	265.573	E3	52	34	1202	208.491	E3	52	49	
1141	265.952	A3	57	44	1203	208.878	A3	57	49	
1142	266.335	C#4	61	55	1204	209.284	C#4	61	49	
1143	266.653	E4	64	62	1205	209.71	E4	64	49	
1144	267.019	A4	69	73	1206	210.157	A4	69	49	
1145	267.839	C#5	73	68	1207	210.63	C#5	73	49	
1146	267.855	Eb4	63	61	1208	210.63	Eb4	63	49	
1147	267.855	F#4	66	54	1209	210.63	F#4	66	49	
1148	267.97	E3	52	56	1210	210.63	E3	52	49	
1149	269.864	B4	71	62	1211	214.226	B4	71	49	
1150	270.953	C#5	73	58	1212	214.626	C#5	73	33	
1151	270.976	G#4	68	50	1214	214.626	G#4	68	33	
1152	270.979	D4	62	47	1213	214.626	D4	62	33	
1153	271.048	A2	45	40	1215	214.626	A2	45	33	
1154	271.752	B4	71	63	1216	215.026	B4	71	33	
1155	272.394	D5	74	61	1218	215.426	D5	74	33	
1156	272.436	F#4	66	51	1217	215.426	F#4	66	33	
1157	272.517	A1	33	46	1220	215.426	A1	33	33	
1158	273.121	D4	62	46	1221	215.826	D4	62	33	
1159	273.604	A3	57	51	1222	216.226	A3	57	33	
1160	274.006	F#3	54	57	1223	216.626	F#3	54	33	
1161	274.421	C#5	73	66	1224	217.026	C#5	73	33	
1162	274.432	A4	69	67	1225	217.026	A4	69	33	
1163	274.492	D3	50	46	1227	217.026	D3	50	33	
1164	274.515	A2	45	37	1226	217.026	A2	45	33	
1165	274.91	B4	71	70	1228	217.426	B4	71	33	
1166	274.929	G#4	68	65	1229	217.426	G#4	68	33	
1167	275.228	F#4	66	72	1230	217.826	F#4	66	33	
1168	275.396	A1	33	58	1231	217.826	A1	33	33	
1169	275.599	A5	81	78	1232	217.931	A5	81	33	
1170	275.988	D3	50	52	1233	218.226	D3	50	33	
1171	276.418	A2	45	61	1234	218.626	A2	45	33	
1172	276.804	F#2	42	73	1235	219.026	F#2	42	33	
1173	277.294	G#5	80	81	1237	219.426	G#5	80	55	
1174	277.311	B4	71	74	1236	219.426	B4	71	55	
1175	277.35	D2	38	64	1238	219.426	D2	38	55	
1176	277.748	D3	50	64	1239	219.826	D3	50	55	
1177	277.927	F#5	78	80	1241	220.026	F#5	78	55	
1178	277.939	A4	69	74	1240	220.026	A4	69	55	
1179	278.166	F#5	78	80	1243	220.226	F#5	78	55	
1180	278.175	A3	57	70	1245	220.226	A3	57	55	
1181	278.177	A4	69	73	1242	220.226	A4	69	55	
1182	278.179	F#3	54	61	1244	220.226	F#3	54	55	
1183	278.183	D3	50	63	1246	220.226	D3	50	55	
1184	278.583	B3	59	71	1248	220.626	B3	59	55	
1185	278.589	G#3	56	69	1247	220.626	G#3	56	55	
1186	278.77	F5	77	78	1250	220.826	F5	77	55	
1187	278.787	G#4	68	71	1249	220.826	G#4	68	55	
1188	279.049	F5	77	78	1252	221.026	F5	77	55	
1189	279.069	G#4	68	73	1251	221.026	G#4	68	55	
1190	279.072	C#3	49	61	1255	221.026	C#3	49	55	
1191	279.072	B3	59	66	1254	221.026	B3	59	55	
1192	279.077	G#3	56	61	1253	221.026	G#3	56	55	
1193	279.468	E5	76	83	1257	221.426	E5	76	55	
1194	279.482	A4	69	74	1256	221.426	A4	69	55	
1195	279.498	C#4	61	59	1259	221.426	C#4	61	55	
1196	279.511	A3	57	52	1258	221.426	A3	57	55	
1197	279.953	D5	74	74	1261	221.826	D5	74	55	
1198	279.981	F#4	66	67	1260	221.826	F#4	66	55	
1199	280.029	B1	35	57	1262	221.826	B1	35	55	
1200	280.384	B4	71	73	1264	222.226	B4	71	55	
1201	280.404	D4	62	63	1263	222.226	D4	62	55	
1202	280.443	D3	50	58	1265	222.226	D3	50	55	
1203	280.781	E2	40	56	1268	222.626	E2	40	55	
1204	280.878	A4	69	71	1266	222.626	A4	69	55	
1205	280.894	C#4	61	65	1267	222.626	C#4	61	55	
1206	281.291	E3	52	73	1269	223.026	E3	52	54	
1207	281.795	G#4	68	58	1270	223.426	G#4	68	53	
1208	281.809	B3	59	39	1271	223.426	B3	59	53	
1209	281.899	E3	52	69	1272	223.426	E3	52	53	
1210	282.338	F#3	54	64	1274	223.826	F#3	54	52	
1211	282.997	C#5	73	62	1275	224.226	C#5	73	50	
1212	283.022	E4	64	49	1276	224.226	E4	64	50	
1213	283.042	G3	55	47	1277	224.226	G3	55	50	
1214	283.047	E3	52	48	1278	224.226	E3	52	50	
1215	283.461	B4	71	71	1279	224.626	B4	71	50	
1216	284.003	D5	74	71	1281	225.026	D5	74	50	
1217	284.029	A4	69	58	1280	225.026	A4	69	50	
1218	284.097	F#2	42	36	1283	225.026	F#2	42	50	
1219	284.502	D4	62	56	1284	225.426	D4	62	50	
1220	284.905	A3	57	49	1285	225.826	A3	57	50	
1221	285.316	F#3	54	54	1286	226.226	F#3	54	50	
1222	285.729	C#5	73	75	1287	226.626	C#5	73	50	
1223	285.749	E4	64	64	1288	226.626	E4	64	50	
1224	285.752	A4	69	66	1289	226.626	A4	69	50	
1225	285.809	E2	40	73	1290	226.626	E2	40	50	
1226	286.198	B4	71	78	1291	227.026	B4	71	50	
1227	286.633	Eb2	39	61	1296	227.426	Eb2	39	50	
1228	286.633	B2	47	65	1297	227.426	B2	47	50	
1229	286.732	B5	83	92	1292	227.426	B5	83	50	
1230	286.748	F#5	78	78	1295	227.426	F#5	78	50	
1231	286.757	B4	71	66	1294	227.426	B4	71	50	
1232	286.763	A4	69	67	1293	227.426	A4	69	50	
1233	287.235	Eb3	51	63	1298	227.826	Eb3	51	50	
1234	287.604	Eb5	75	71	1301	228.226	Eb5	75	50	
1235	287.627	B4	71	48	1300	228.226	B4	71	50	
1236	287.631	A4	69	55	1299	228.226	A4	69	50	
1237	287.632	B2	47	61	1303	228.226	B2	47	50	
1238	287.635	F#2	42	51	1302	228.226	F#2	42	50	
1239	287.995	A5	81	85	1304	228.626	A5	81	55	
1240	288.043	F#3	54	70	1305	228.626	F#3	54	55	
1241	288.427	G#5	80	81	1306	229.026	G#5	80	61	
1242	288.447	G#4	68	64	1307	229.026	G#4	68	61	
1243	288.448	C#5	73	66	1308	229.026	C#5	73	61	
1244	288.467	A2	45	57	1309	229.026	A2	45	61	
1245	288.48	B2	47	57	1310	229.026	B2	47	61	
1246	288.861	A3	57	71	1311	229.426	B3	59	67	
1247	289.03	F#5	78	81	1312	229.626	F#5	78	70	
1248	289.045	Eb5	75	72	1314	229.626	D5	74	70	
1249	289.053	F#4	66	71	1313	229.626	F#4	66	70	
1250	289.062	B4	71	59	*	-1	*	-1	-1	
1251	289.292	F#5	78	79	1315	229.826	F#5	78	73	
1252	289.3	Eb5	75	67	1318	229.826	Eb5	75	73	
1253	289.307	B4	71	49	1317	229.826	B4	71	73	
1254	289.308	F#4	66	72	1316	229.826	F#4	66	73	
1255	289.319	G#2	44	65	1320	229.826	G#2	44	73	
1256	289.323	B2	47	63	1319	229.826	B2	47	73	
1257	289.71	E3	52	77	1321	230.226	E3	52	79	
1258	289.916	E5	76	84	1322	230.426	E5	76	82	
1259	289.929	E4	64	73	1323	230.426	E4	64	82	
1260	289.93	C5	72	73	1324	230.426	C5	72	82	
1261	290.212	E5	76	78	1326	230.626	E5	76	85	
1262	290.231	C5	72	73	1325	230.626	C5	72	85	
1263	290.236	E4	64	69	1327	230.626	E4	64	85	
1264	290.241	A2	45	61	1329	230.626	A2	45	85	
1265	290.241	E3	52	70	1328	230.626	E3	52	85	
1266	290.733	C#5	73	78	1330	231.026	C#5	73	77	
1267	290.805	F#3	54	72	1331	231.026	F#3	54	77	
1268	291.37	C#5	73	65	1333	231.426	C#5	73	68	
1269	291.381	E4	64	60	1332	231.426	E4	64	68	
1270	291.417	F#3	54	60	1334	231.426	F#3	54	68	
1271	291.422	B2	47	56	1335	231.426	B2	47	68	
1272	291.984	F#4	66	67	1337	231.826	F#4	66	59	
1273	291.999	Eb4	63	54	1336	231.826	Eb4	63	59	
1274	292.034	A3	57	48	1338	231.826	A3	57	59	
1275	292.752	A4	69	65	1341	232.226	A4	69	50	
1276	292.759	Eb4	63	57	1340	232.226	Eb4	63	50	
1277	292.764	A3	57	53	1339	232.226	A3	57	50	
1278	292.822	E2	40	45	1342	232.226	E2	40	50	
1279	293.476	B2	47	51	1344	232.626	B2	47	50	
1280	294.049	G#4	68	49	1347	233.026	G#4	68	50	
1281	294.076	E4	64	42	1346	233.026	E4	64	50	
1282	294.077	G#3	56	36	1345	233.026	G#3	56	50	
1283	294.117	E3	52	44	1348	233.026	E3	52	50	
1284	294.678	B2	47	40	1349	233.426	B2	47	50	
1285	295.426	E4	64	48	1350	233.826	E4	64	50	
1286	295.466	G3	55	36	1351	233.826	G3	55	50	
1287	295.474	C4	60	33	1352	233.826	C4	60	50	
1288	295.517	E2	40	42	1353	233.826	E2	40	50	
1289	295.952	G2	43	43	1355	234.226	G2	43	50	
1290	296.386	F#4	66	61	1356	234.626	F#4	66	51	
1291	296.538	C3	48	39	1357	234.626	C3	48	50	
1292	296.901	E3	52	35	1358	235.026	E3	52	50	
1293	297.233	E4	64	41	1359	235.426	E4	64	51	
1294	297.277	C3	48	33	1360	235.426	C3	48	50	
1295	297.655	G2	43	41	1361	235.826	G2	43	50	
1296	298.145	E2	40	37	1365	236.226	E2	40	50	
1297	298.265	E4	64	51	1362	236.226	E4	64	50	
1298	298.296	G3	55	38	1363	236.226	G3	55	50	
1299	298.296	C#4	61	41	1364	236.226	C#4	61	50	
1300	298.62	G2	43	46	1367	236.626	G2	43	50	
1301	299.031	F#4	66	66	1368	237.026	F#4	66	51	
1302	299.097	C#3	49	43	1369	237.026	C#3	49	50	
1303	299.428	E3	52	40	1370	237.426	E3	52	50	
1304	299.771	E4	64	49	1371	237.826	E4	64	50	
1305	299.797	C#3	49	40	1372	237.826	C#3	49	50	
1306	300.147	G2	43	39	1373	238.226	G2	43	50	
1307	300.491	B2	47	40	1378	238.626	B2	47	50	
1308	300.494	E2	40	40	1377	238.626	E2	40	50	
1309	300.579	E4	64	56	1374	238.626	E4	64	50	
1310	300.622	D4	62	39	1376	238.626	D4	62	50	
1311	300.635	G#3	56	24	1375	238.626	G#3	56	50	
1312	300.896	E3	52	45	1380	239.026	E3	52	50	
1313	301.246	B4	71	58	1381	239.426	B4	71	50	
1314	301.294	G#3	56	41	1382	239.426	G#3	56	50	
1315	301.62	E3	52	46	1384	239.826	E3	52	50	
1316	302.015	A3	57	47	1388	240.226	A3	57	50	
1317	302.131	A4	69	56	1385	240.226	A4	69	50	
1318	302.162	E4	64	34	1387	240.226	E4	64	50	
1319	302.187	D4	62	35	1386	240.226	D4	62	50	
1320	302.482	E3	52	38	1390	240.626	E3	52	50	
1321	302.818	G#4	68	55	1391	241.026	G#4	68	51	
1322	302.843	B3	59	45	1394	241.026	B3	59	50	
1323	302.867	E4	64	24	1393	241.026	E4	64	51	
1324	302.879	D4	62	28	1392	241.026	D4	62	51	
1325	303.22	E3	52	43	1396	241.426	E3	52	50	
1326	303.762	B4	71	46	1397	241.826	B4	71	51	
1327	303.763	D4	62	44	1398	241.826	D4	62	51	
1328	303.811	A2	45	36	1399	241.826	A2	45	50	
1329	304.288	E3	52	39	1401	242.226	E3	52	50	
1330	304.69	E4	64	40	1402	242.626	E4	64	50	
1331	304.706	G#3	56	35	1403	242.626	G#3	56	50	
1332	305.136	E3	52	32	1404	243.026	E3	52	50	
1333	305.69	A4	69	46	1405	243.426	A4	69	50	
1334	305.707	F4	65	36	1407	243.426	F4	65	50	
1335	305.725	C4	60	32	1406	243.426	C4	60	50	
1336	305.785	A2	45	33	1408	243.426	A2	45	50	
1337	306.188	C3	48	33	1410	243.826	C3	48	50	
1338	306.666	B4	71	53	1411	244.226	B4	71	50	
1339	306.722	F3	53	25	1412	244.226	F3	53	50	
1340	307.055	A3	57	46	1413	244.626	A3	57	50	
1341	307.409	A4	69	66	1414	245.026	A4	69	49	
1342	307.417	F3	53	47	1415	245.026	F3	53	50	
1343	307.769	C3	48	51	1416	245.426	C3	48	50	
1344	308.174	A4	69	68	1417	245.826	A4	69	49	
1345	308.191	C4	60	55	1418	245.826	C4	60	49	
1346	308.195	Eb4	63	62	1419	245.826	Eb4	63	49	
1347	308.23	F2	41	57	1420	245.826	F2	41	49	
1348	308.535	C3	48	61	1422	246.226	C3	48	49	
1349	308.882	Eb3	51	64	1424	246.626	Eb3	51	50	
1350	308.977	C5	72	79	1423	246.626	C5	72	50	
1351	309.232	A3	57	64	1425	247.026	A3	57	50	
1352	309.583	A4	69	80	1426	247.426	A4	69	49	
1353	309.598	Eb3	51	62	1427	247.426	Eb3	51	49	
1354	309.898	C3	48	61	1428	247.826	C3	48	49	
1355	310.251	Eb2	39	70	1432	248.226	Eb2	39	49	
1356	310.257	A4	69	82	1429	248.226	A4	69	49	
1357	310.284	C4	60	59	1430	248.226	C4	60	49	
1358	310.287	F#4	66	58	1431	248.226	F#4	66	49	
1359	310.63	C3	48	68	1434	248.626	C3	48	49	
1360	310.959	F#5	78	86	1435	249.026	F#5	78	49	
1361	311.048	A3	57	42	1436	249.026	A3	57	49	
1362	311.362	Eb3	51	66	1437	249.426	Eb3	51	49	
1363	311.753	A3	57	65	1439	249.826	A3	57	49	
1364	311.863	C5	72	80	1438	249.826	C5	72	49	
1365	312.239	C4	60	75	1440	250.226	C4	60	49	
1366	312.736	F#4	66	75	1441	250.626	F#4	66	49	
1367	313.075	A4	69	79	1442	251.026	A4	69	65	
1368	313.107	C4	60	56	1443	251.026	C4	60	65	
1369	313.456	A3	57	64	1445	251.426	A3	57	65	
1370	313.572	G#4	68	80	1444	251.426	G#4	68	65	
1371	313.949	C4	60	65	1446	251.826	C4	60	65	
1372	314.36	A3	57	59	1447	252.226	A3	57	65	
1373	314.763	E3	52	59	1448	252.626	E3	52	65	
1374	315.197	F#4	66	69	1449	253.026	F#4	66	65	
1375	315.232	C3	48	54	1450	253.026	C3	48	65	
1376	315.761	E4	64	66	1451	253.426	E4	64	65	
1377	315.793	A2	45	52	1452	253.426	A2	45	65	
1378	316.442	G#4	68	63	1453	253.826	G#4	68	65	
1379	316.581	E2	40	42	1455	253.826	E2	40	65	
1380	317.007	B3	59	42	1456	254.226	B3	59	65	
1381	317.413	G#3	56	48	1457	254.626	G#3	56	65	
1382	317.796	E3	52	42	1458	255.026	E3	52	65	
1383	318.139	A4	69	70	1459	255.426	A4	69	65	
1384	318.179	C4	60	42	1460	255.426	C4	60	65	
1385	318.552	A3	57	48	1461	255.826	A3	57	65	
1386	318.961	Bb4	70	63	1462	256.226	Bb4	70	65	
1387	319.089	E2	40	54	1464	256.226	E2	40	65	
1388	319.401	C#4	61	45	1465	256.626	C#4	61	65	
1389	319.777	Bb3	58	42	1466	257.026	Bb3	58	65	
1390	320.132	E3	52	48	1467	257.426	E3	52	65	
1391	320.454	G#4	68	68	1468	257.826	G#4	68	65	
1392	320.476	E4	64	50	1469	257.826	E4	64	65	
1393	320.854	F#4	66	77	1470	258.226	F#4	66	65	
1394	320.878	C#4	61	53	1471	258.226	C#4	61	65	
1395	321.274	B4	71	74	1472	258.626	B4	71	65	
1396	321.405	E2	40	60	1474	258.626	E2	40	65	
1397	321.718	D4	62	56	1475	259.026	D4	62	65	
1398	322.075	B3	59	61	1476	259.426	B3	59	65	
1399	322.405	E3	52	64	1477	259.826	E3	52	65	
1400	322.733	C5	72	79	1478	260.226	C5	72	65	
1401	322.78	Eb4	63	66	1479	260.226	Eb4	63	65	
1402	323.11	C4	60	66	1480	260.626	C4	60	65	
1403	323.472	C#5	73	74	1481	261.026	C#5	73	49	
1404	323.557	E2	40	74	1483	261.026	E2	40	49	
1405	323.903	E4	64	61	1484	261.426	E4	64	52	
1406	324.269	C#4	61	67	1485	261.826	C#4	61	56	
1407	324.596	E3	52	65	1486	262.226	E3	52	60	
1408	324.906	B4	71	76	1487	262.626	B4	71	64	
1409	324.926	G4	67	60	1488	262.626	G4	67	64	
1410	325.288	A4	69	82	1489	263.026	A4	69	67	
1411	325.305	C#4	61	59	1490	263.026	C#4	61	67	
1412	325.765	D5	74	81	1491	263.426	D5	74	71	
1413	325.856	F#2	42	69	1492	263.426	F#2	42	71	
1414	326.198	D4	62	64	1493	263.826	D4	62	75	
1415	326.574	A3	57	65	1494	264.226	A3	57	79	
1416	326.991	C#5	73	78	1495	264.626	C#5	73	82	
1417	327.007	G#4	68	71	1496	264.626	G#4	68	82	
1418	327.043	E2	40	70	1497	264.626	E2	40	82	
1419	327.469	E3	52	72	1498	265.026	E3	52	86	
1420	327.847	B4	71	79	1499	265.426	B4	71	90	
1421	327.879	G#3	56	60	1500	265.426	G#3	56	90	
1422	328.293	D2	38	68	1502	265.826	D2	38	80	
1423	328.496	F#4	66	77	1501	265.826	F#4	66	80	
1424	328.802	A5	81	84	1503	265.931	A5	81	80	
1425	329.085	F#3	54	70	1504	266.226	F#3	54	80	
1426	329.551	A3	57	66	1506	266.626	A3	57	80	
1427	329.554	D3	50	62	1505	266.626	D3	50	80	
1428	329.985	D4	62	69	1508	267.026	D4	62	80	
1429	330	F#3	54	64	1507	267.026	F#3	54	80	
1430	330.535	A4	69	79	1511	267.426	A4	69	84	
1431	330.545	E4	64	65	1510	267.426	E4	64	84	
1432	330.553	A3	57	63	1509	267.426	A3	57	84	
1433	330.583	A2	45	69	1513	267.426	A2	45	84	
1434	330.591	C#2	37	71	1512	267.426	C#2	37	84	
1435	331.017	B1	35	74	1514	267.826	B1	35	84	
1436	331.391	D2	38	68	1518	268.226	D2	38	84	
1437	331.454	G#4	68	78	1515	268.226	G#4	68	84	
1438	331.473	B3	59	60	1517	268.226	B3	59	84	
1439	331.474	A3	57	67	1516	268.226	A3	57	84	
1440	331.901	A2	45	66	1519	268.626	A2	45	84	
1441	332.325	F#4	66	71	1520	269.026	F#4	66	84	
1442	332.675	A2	45	67	1521	269.426	A2	45	84	
1443	333.016	E4	64	75	1522	269.826	E4	64	84	
1444	333.037	C#2	37	65	1525	269.826	C#2	37	84	
1445	333.047	E3	52	53	1523	269.826	E3	52	84	
1446	333.047	A3	57	55	1524	269.826	A3	57	84	
1447	333.338	D4	62	79	1526	270.226	D4	62	84	
1448	333.36	B1	35	69	1527	270.226	B1	35	84	
1449	333.651	D2	38	65	1531	270.626	D2	38	84	
1450	333.77	C#4	61	79	1528	270.626	C#4	61	84	
1451	333.794	F#3	54	64	1529	270.626	F#3	54	84	
1452	333.794	A3	57	60	1530	270.626	A3	57	84	
1453	334.133	A2	45	66	1532	271.026	A2	45	84	
1454	334.488	B3	59	73	1533	271.426	B3	59	84	
1455	334.85	A2	45	62	1534	271.826	A2	45	84	
1456	335.12	C#2	37	65	1538	272.226	C#2	37	49	
1457	335.208	A4	69	79	1535	272.226	A4	69	49	
1458	335.224	E4	64	66	1537	272.226	E4	64	49	
1459	335.228	A3	57	59	1536	272.226	A3	57	49	
1460	335.538	B1	35	67	1539	272.626	B1	35	49	
1461	335.881	D2	38	55	1543	273.026	D2	38	49	
1462	336.037	G4	67	73	1540	273.026	G4	67	49	
1463	336.068	A3	57	50	1541	273.026	A3	57	49	
1464	336.068	B3	59	54	1542	273.026	B3	59	49	
1465	336.51	A2	45	51	1544	273.426	A2	45	49	
1466	337.05	F4	65	53	1545	273.826	F4	65	49	
1467	337.436	A2	45	54	1546	274.226	A2	45	49	
1468	337.839	E4	64	60	1547	274.626	E4	64	49	
1469	337.854	C2	36	49	1550	274.626	C2	36	49	
1470	337.871	E3	52	45	1548	274.626	E3	52	49	
1471	337.874	A3	57	39	1549	274.626	A3	57	49	
1472	338.273	B1	35	62	1552	275.026	B1	35	49	
1473	338.282	D4	62	62	1551	275.026	D4	62	49	
1474	338.83	D2	38	50	1556	275.426	D2	38	49	
1475	338.83	C4	60	52	1553	275.426	C4	60	49	
1476	338.87	A3	57	42	1555	275.426	A3	57	49	
1477	338.879	F3	53	41	1554	275.426	F3	53	49	
1478	339.343	A2	45	47	1557	275.826	A2	45	49	
1479	339.914	B3	59	36	1558	276.226	B3	59	49	
1480	340.611	A2	45	37	1559	276.626	A2	45	49	
1481	341.879	G#5	80	61	1560	277.026	G#5	80	49	
1482	341.892	A4	69	54	1561	277.026	A4	69	49	
1483	341.903	E5	76	50	1566	277.026	E5	76	49	
1484	341.981	E4	64	40	1565	277.026	E4	64	49	
1485	341.988	E3	52	38	1563	277.026	E3	52	49	
1486	341.996	A3	57	39	1564	277.026	A3	57	49	
1487	342.011	C#3	49	38	1562	277.026	C#3	49	49	
1488	342.713	A5	81	51	1567	277.426	A5	81	49	
1489	343.48	F#5	78	56	1569	277.826	F#5	78	49	
1490	343.523	D5	74	37	1568	277.826	D5	74	49	
1491	343.571	A2	45	36	1571	277.826	A2	45	49	
1492	343.584	D2	38	36	1570	277.826	D2	38	49	
1493	344.268	G#4	68	45	1572	278.226	G#4	68	49	
1494	344.684	A4	69	49	1573	278.626	A4	69	50	
1495	344.706	F#3	54	34	1575	278.626	F#3	54	50	
1496	344.714	D3	50	41	1574	278.626	D3	50	50	
1497	345.092	F#4	66	46	1576	279.026	F#4	66	50	
1498	345.119	A3	57	39	1577	279.026	A3	57	50	
1499	345.69	G#5	80	61	1578	279.426	G#5	80	49	
1500	345.699	A4	69	59	1584	279.426	A4	69	49	
1501	345.719	E5	76	51	1579	279.426	E5	76	49	
1502	345.801	E4	64	39	1583	279.426	E4	64	49	
1503	345.822	A3	57	40	1582	279.426	A3	57	49	
1504	345.825	E3	52	40	1581	279.426	E3	52	49	
1505	345.841	C#3	49	36	1580	279.426	C#3	49	49	
1506	346.248	A5	81	61	1585	279.826	A5	81	49	
1507	346.884	B4	71	49	1586	280.226	B4	71	49	
1508	346.925	F#4	66	40	1587	280.226	F#4	66	49	
1509	346.995	B2	47	34	1589	280.226	B2	47	49	
1510	346.996	Eb2	39	45	1588	280.226	Eb2	39	49	
1511	347.513	G#4	68	49	1590	280.626	G#4	68	49	
1512	347.996	A4	69	46	1591	281.026	A4	69	50	
1513	348.011	F#3	54	40	1593	281.026	F#3	54	50	
1514	348.031	Eb3	51	31	1592	281.026	Eb3	51	50	
1515	348.512	B3	59	39	1595	281.426	B3	59	50	
1516	348.519	A3	57	34	*	-1	*	-1	-1	
1517	349.152	B4	71	39	1596	281.826	B4	71	49	
1518	349.169	E4	64	35	1597	281.826	E4	64	49	
1519	349.176	A4	69	37	1598	281.826	A4	69	49	
1520	349.201	E2	40	36	1599	281.826	E2	40	49	
1521	349.634	E3	52	40	1600	282.226	E3	52	49	
1522	349.798	C#5	73	61	1601	282.426	C#5	73	49	
1523	350.042	C#5	73	68	1602	282.626	C#5	73	49	
1524	350.048	E3	52	45	1605	282.626	E3	52	49	
1525	350.05	G#3	56	45	1606	282.626	G#3	56	49	
1526	350.064	G#4	68	53	1604	282.626	G#4	68	49	
1527	350.072	E4	64	35	1603	282.626	E4	64	49	
1528	350.446	C#4	61	50	1607	283.026	C#4	61	51	
1529	350.601	D5	74	76	1608	283.226	D5	74	52	
1530	350.868	D5	74	72	1609	283.426	D5	74	54	
1531	350.905	F#4	66	54	1611	283.426	F#4	66	54	
1532	350.906	F#3	54	47	1613	283.426	F#3	54	54	
1533	350.909	B2	47	45	1612	283.426	B2	47	54	
1534	350.91	D4	62	51	1610	283.426	D4	62	54	
1535	351.275	C#5	73	76	1614	283.826	C#5	73	56	
1536	351.306	B3	59	44	1615	283.826	B3	59	56	
1537	351.787	D5	74	65	1616	284.226	D5	74	59	
1538	351.804	E4	64	50	1618	284.226	E4	64	59	
1539	351.808	D4	62	55	1617	284.226	D4	62	59	
1540	351.868	E2	40	42	1619	284.226	E2	40	59	
1541	352.214	G#4	68	72	1621	284.626	G#4	68	61	
1542	352.235	E3	52	52	1622	284.626	E3	52	61	
1543	352.597	A2	45	55	1625	285.026	A2	45	64	
1544	352.665	G#4	68	61	1623	285.026	G#4	68	64	
1545	352.679	D4	62	54	1624	285.026	D4	62	64	
1546	353.023	E3	52	65	1627	285.426	E3	52	64	
1547	353.42	A4	69	63	1628	285.826	A4	69	64	
1548	353.441	C#4	61	53	1629	285.826	C#4	61	64	
1549	353.449	A3	57	55	1630	285.826	A3	57	64	
1550	353.808	G#3	56	67	1631	286.226	G#3	56	64	
1551	354.3	A4	69	60	1632	286.626	A4	69	64	
1552	354.319	F#4	66	52	1634	286.626	F#4	66	64	
1553	354.328	C#4	61	49	1633	286.626	C#4	61	64	
1554	354.395	A2	45	46	1636	286.626	A2	45	64	
1555	354.396	F#3	54	44	1635	286.626	F#3	54	64	
1556	354.754	A3	57	61	1637	287.026	A3	57	64	
1557	355.172	B4	71	65	1638	287.426	B4	71	65	
1558	355.249	C#4	61	61	1639	287.426	C#4	61	65	
1559	355.594	A3	57	54	1640	287.826	A3	57	65	
1560	355.905	A4	69	72	1641	288.226	A4	69	64	
1561	355.918	F#3	54	58	1642	288.226	F#3	54	64	
1562	356.235	E3	52	59	1643	288.626	E3	52	64	
1563	356.609	A4	69	72	1644	289.026	A4	69	64	
1564	356.629	F#4	66	55	1646	289.026	F#4	66	64	
1565	356.633	D4	62	54	1645	289.026	D4	62	64	
1566	356.685	D3	50	61	1647	289.026	D3	50	64	
1567	356.692	A2	45	56	1648	289.026	A2	45	64	
1568	357.008	F#3	54	65	1649	289.426	F#3	54	64	
1569	357.335	B4	71	72	1650	289.826	B4	71	65	
1570	357.365	A3	57	66	1651	289.826	A3	57	65	
1571	357.684	F#3	54	64	1652	290.226	F#3	54	65	
1572	357.988	A4	69	77	1653	290.626	A4	69	64	
1573	358.003	D3	50	63	1654	290.626	D3	50	64	
1574	358.277	C#3	49	62	1655	291.026	C#3	49	64	
1575	358.627	A2	45	66	1660	291.426	A2	45	64	
1576	358.636	B2	47	68	1659	291.426	B2	47	64	
1577	358.731	A4	69	73	1656	291.426	A4	69	64	
1578	358.748	D4	62	64	1657	291.426	D4	62	64	
1579	358.75	F#4	66	67	1658	291.426	F#4	66	64	
1580	358.983	D3	50	71	1661	291.826	D3	50	64	
1581	359.292	D5	74	77	1662	292.226	D5	74	64	
1582	359.344	F#3	54	62	1665	292.226	F#3	54	64	
1583	359.636	A3	57	66	1666	292.626	A3	57	64	
1584	359.901	A2	45	51	1671	293.026	A2	45	64	
1585	359.902	E3	52	63	1670	293.026	E3	52	64	
1586	360.002	C#5	73	76	1667	293.026	C#5	73	64	
1587	360.021	G#4	68	68	1669	293.026	G#4	68	64	
1588	360.029	E4	64	62	1668	293.026	E4	64	64	
1589	360.42	G#3	56	52	1672	293.426	G#3	56	64	
1590	360.809	B3	59	54	1673	293.826	B3	59	64	
1591	361.156	B4	71	66	1674	294.226	B4	71	64	
1592	361.186	D4	62	45	1675	294.226	D4	62	64	
1593	361.702	G#4	68	57	1676	294.626	G#4	68	64	
1594	361.729	D4	62	48	1677	294.626	D4	62	64	
1595	361.777	A2	45	50	1678	294.626	A2	45	64	
1596	362.196	E3	52	49	1680	295.026	E3	52	64	
1597	362.59	A4	69	47	1681	295.426	A4	69	64	
1598	362.614	C#4	61	38	1682	295.426	C#4	61	64	
1599	362.617	A3	57	42	1683	295.426	A3	57	64	
1600	363.015	G#2	44	49	1684	295.826	G#2	44	64	
1601	363.519	F#2	42	43	1688	296.226	F#2	42	64	
1602	363.624	A4	69	53	1685	296.226	A4	69	64	
1603	363.648	C#4	61	46	1686	296.226	C#4	61	64	
1604	363.651	F#4	66	41	1687	296.226	F#4	66	64	
1605	364.017	C#3	49	55	1690	296.626	C#3	49	64	
1606	364.431	B4	71	62	1691	297.026	B4	71	64	
1607	364.464	A3	57	45	1692	297.026	A3	57	64	
1608	364.802	C#3	49	53	1693	297.426	C#3	49	64	
1609	365.124	A4	69	68	1694	297.826	A4	69	64	
1610	365.144	F#2	42	42	1695	297.826	F#2	42	64	
1611	365.466	E2	40	68	1696	298.226	E2	40	64	
1612	365.774	D2	38	68	1700	298.626	D2	38	64	
1613	365.882	A4	69	77	1697	298.626	A4	69	64	
1614	365.894	F#4	66	62	1699	298.626	F#4	66	64	
1615	365.905	D4	62	62	1698	298.626	D4	62	64	
1616	366.211	A2	45	67	1702	299.026	A2	45	65	
1617	366.637	B4	71	74	1703	299.426	B4	71	67	
1618	366.66	F#3	54	63	1704	299.426	F#3	54	67	
1619	366.956	A2	45	59	1705	299.826	A2	45	69	
1620	367.293	A4	69	78	1706	300.226	A4	69	71	
1621	367.302	D2	38	63	1707	300.226	D2	38	71	
1622	367.68	C#2	37	73	1708	300.626	C#2	37	73	
1623	368.066	B1	35	72	1712	301.026	B1	35	75	
1624	368.186	A4	69	84	1709	301.026	A4	69	75	
1625	368.215	F#4	66	59	1711	301.026	F#4	66	75	
1626	368.218	D4	62	61	1710	301.026	D4	62	75	
1627	368.782	B2	47	70	1714	301.426	B2	47	77	
1628	369.121	F#5	78	85	1715	301.826	F#5	78	79	
1629	369.289	D3	50	64	1716	301.826	D3	50	79	
1630	369.755	F#3	54	78	1717	302.226	F#3	54	79	
1631	370.168	A3	57	76	1719	302.626	A3	57	79	
1632	370.288	D5	74	77	1718	302.626	D5	74	79	
1633	370.594	D4	62	75	1720	303.026	D4	62	79	
1634	371.125	F#4	66	71	1721	303.44	F#4	66	79	
1635	371.701	B4	71	64	1722	303.869	B4	71	79	
1636	371.789	D4	62	67	1723	303.869	D4	62	79	
1637	372.736	G#4	68	57	1724	304.313	G#4	68	76	
1638	372.759	C#4	61	44	1725	304.313	C#4	61	76	
1639	372.76	E4	64	43	1726	304.313	E4	64	76	
1640	372.821	E2	40	56	1727	304.313	E2	40	76	
1641	373.329	C#3	49	46	1728	304.775	C#3	49	73	
1642	373.815	E3	52	47	1730	305.255	E3	52	70	
1643	373.922	A4	69	53	1729	305.255	A4	69	70	
1644	374.328	A3	57	44	1731	305.755	A3	57	67	
1645	375.042	E4	64	52	1732	306.276	E4	64	58	
1646	375.061	C#4	61	42	1733	306.276	C#4	61	49	
1647	375.081	G#3	56	43	1735	306.276	G#3	56	49	
1648	375.117	E1	28	71	1734	306.276	E1	28	49	
1649	375.583	B3	59	66	1736	306.822	B3	59	49	
1650	376.04	E1	28	55	1738	307.367	E1	28	49	
1651	376.145	D4	62	57	1737	307.367	D4	62	49	
1652	376.161	A3	57	52	1740	307.367	A3	57	49	
1653	376.172	F#3	54	48	1739	307.367	F#3	54	49	
1654	376.685	E2	40	45	1741	307.913	E2	40	49	
1655	377.19	A2	45	45	1742	308.458	A2	45	49	
1656	377.856	D3	50	49	1743	309.004	D3	50	49	
1657	378.747	E4	64	53	1744	309.549	E4	64	58	
1658	378.782	C#4	61	45	1745	309.549	C#4	61	49	
1659	378.791	G#3	56	42	1748	309.549	G#3	56	49	
1660	378.862	E2	40	59	1746	309.549	E2	40	49	
1661	379.802	B3	59	51	1749	310.095	B3	59	49	
1662	379.847	D3	50	41	1750	310.095	D3	50	49	
1663	380.442	A1	33	46	1752	310.64	A1	33	49	
1664	381.081	C#3	49	44	*	-1	*	-1	-1	
1665	381.442	A3	57	40	*	-1	*	-1	-1	
1666	382.697	A4	69	45	*	-1	*	-1	-1	
*	-1	*	-1	-1	8	0.8	F#4	66	49	
*	-1	*	-1	-1	20	3.2	F#4	66	49	
*	-1	*	-1	-1	56	8.8	E3	52	49	
*	-1	*	-1	-1	65	10.4	A4	69	49	
*	-1	*	-1	-1	108	16.8	B2	47	49	
*	-1	*	-1	-1	114	17.6	E2	40	49	
*	-1	*	-1	-1	127	20	F#4	66	33	
*	-1	*	-1	-1	139	22.4	F#4	66	33	
*	-1	*	-1	-1	147	24	A4	69	33	
*	-1	*	-1	-1	159	25.4	E4	64	46	
*	-1	*	-1	-1	180	28	E3	52	33	
*	-1	*	-1	-1	189	29.6	A4	69	33	
*	-1	*	-1	-1	234	36	Eb4	63	58	
*	-1	*	-1	-1	242	36.8	E2	40	33	
*	-1	*	-1	-1	253	38.4	E2	40	49	
*	-1	*	-1	-1	265	40.8	E2	40	49	
*	-1	*	-1	-1	278	43.2	E2	40	49	
*	-1	*	-1	-1	282	44	G#3	56	49	
*	-1	*	-1	-1	288	44.8	A3	57	49	
*	-1	*	-1	-1	294	45.6	B3	59	49	
*	-1	*	-1	-1	299	46.4	A2	45	49	
*	-1	*	-1	-1	308	48	A2	45	49	
*	-1	*	-1	-1	320	50.4	F2	41	48	
*	-1	*	-1	-1	332	52.8	Eb2	39	48	
*	-1	*	-1	-1	353	58.4	G#4	68	64	
*	-1	*	-1	-1	362	60.8	Bb4	70	64	
*	-1	*	-1	-1	372	63.2	B4	71	64	
*	-1	*	-1	-1	381	65.6	C#5	73	48	
*	-1	*	-1	-1	493	86	F#4	66	50	
*	-1	*	-1	-1	519	88.8	B2	47	59	
*	-1	*	-1	-1	525	89.6	A2	45	64	
*	-1	*	-1	-1	562	96.8	F#4	66	64	
*	-1	*	-1	-1	563	96.8	A4	69	64	
*	-1	*	-1	-1	578	99.2	A2	45	64	
*	-1	*	-1	-1	588	100.8	F#2	42	64	
*	-1	*	-1	-1	600	103.2	D2	38	64	
*	-1	*	-1	-1	612	105.6	B1	35	75	
*	-1	*	-1	-1	646	114.48	E2	40	49	
*	-1	*	-1	-1	650	115.68	A4	69	49	
*	-1	*	-1	-1	652	115.68	A3	57	49	
*	-1	*	-1	-1	661	120.08	C#4	61	49	
*	-1	*	-1	-1	666	120.88	F#4	66	49	
*	-1	*	-1	-1	671	121.68	E4	64	49	
*	-1	*	-1	-1	676	122.48	D4	62	48	
*	-1	*	-1	-1	687	124.08	D4	62	48	
*	-1	*	-1	-1	692	124.88	C#4	61	47	
*	-1	*	-1	-1	703	126.48	C#4	61	47	
*	-1	*	-1	-1	709	127.28	B3	59	46	
*	-1	*	-1	-1	726	129.68	C#4	61	50	
*	-1	*	-1	-1	731	130.48	A4	69	50	
*	-1	*	-1	-1	783	139.423	C#4	61	49	
*	-1	*	-1	-1	788	140.223	F#4	66	49	
*	-1	*	-1	-1	793	141.023	E4	64	49	
*	-1	*	-1	-1	798	141.823	D4	62	48	
*	-1	*	-1	-1	809	143.423	D4	62	48	
*	-1	*	-1	-1	814	144.223	C#4	61	47	
*	-1	*	-1	-1	825	145.823	C#4	61	47	
*	-1	*	-1	-1	831	146.623	B3	59	46	
*	-1	*	-1	-1	848	149.023	C#4	61	50	
*	-1	*	-1	-1	853	149.823	A4	69	50	
*	-1	*	-1	-1	965	167.966	C#4	61	33	
*	-1	*	-1	-1	1020	176.966	C#5	73	33	
*	-1	*	-1	-1	1036	179.15	C#4	61	33	
*	-1	*	-1	-1	1052	183.797	E4	64	46	
*	-1	*	-1	-1	1057	184.597	D4	62	46	
*	-1	*	-1	-1	1062	185.397	C#4	61	51	
*	-1	*	-1	-1	1067	186.197	B3	59	56	
*	-1	*	-1	-1	1078	187.797	B3	59	66	
*	-1	*	-1	-1	1083	188.597	A3	57	71	
*	-1	*	-1	-1	1115	193.397	C#4	61	96	
*	-1	*	-1	-1	1219	215.426	F#4	66	33	
*	-1	*	-1	-1	1273	223.426	E3	52	53	
*	-1	*	-1	-1	1282	225.026	A4	69	50	
*	-1	*	-1	-1	1343	232.226	E2	40	50	
*	-1	*	-1	-1	1354	233.826	E2	40	50	
*	-1	*	-1	-1	1366	236.226	E2	40	50	
*	-1	*	-1	-1	1379	238.626	E2	40	50	
*	-1	*	-1	-1	1383	239.426	G#3	56	50	
*	-1	*	-1	-1	1389	240.226	A3	57	50	
*	-1	*	-1	-1	1395	241.026	B3	59	50	
*	-1	*	-1	-1	1400	241.826	A2	45	50	
*	-1	*	-1	-1	1409	243.426	A2	45	50	
*	-1	*	-1	-1	1421	245.826	F2	41	49	
*	-1	*	-1	-1	1433	248.226	Eb2	39	49	
*	-1	*	-1	-1	1454	253.826	G#4	68	65	
*	-1	*	-1	-1	1463	256.226	Bb4	70	65	
*	-1	*	-1	-1	1473	258.626	B4	71	65	
*	-1	*	-1	-1	1482	261.026	C#5	73	49	
*	-1	*	-1	-1	1594	281.426	F#4	66	50	
*	-1	*	-1	-1	1620	284.226	B2	47	59	
*	-1	*	-1	-1	1626	285.026	A2	45	64	
*	-1	*	-1	-1	1663	292.226	F#4	66	64	
*	-1	*	-1	-1	1664	292.226	A4	69	64	
*	-1	*	-1	-1	1679	294.626	A2	45	64	
*	-1	*	-1	-1	1689	296.226	F#2	42	64	
*	-1	*	-1	-1	1701	298.626	D2	38	64	
*	-1	*	-1	-1	1713	301.026	B1	35	75	
*	-1	*	-1	-1	1747	309.549	E2	40	49	
*	-1	*	-1	-1	1751	310.64	A4	69	49	
*	-1	*	-1	-1	1753	310.64	A3	57	49	
*	-1	*	-1	-1	1754	311.07	C#3	49	49	
