//Version: ScorePerfmMatch_v170104
// Score: ./score_hmm.txt
// Perfm: ./infer_spr.txt
// fmt3x: ./score_fmt3x.txt
0	0.5203	2.41133	G#3	41	45	0	0	0	P1-1-2	0	0
1	0.529915	1.58333	F4	43	38	0	0	0	P1-1-0	0	-
2	0.551283	8.59509	F3	33	47	0	0	0	P1-1-3	0	-
3	1.16239	2.32693	G#4	46	55	0	0	125	P1-1-4	0	-
4	1.53205	2.31945	C5	55	62	0	0	250	P1-1-5	0	-
5	1.85363	2.3141	F5	63	47	0	0	375	P1-1-6	0	-
6	2.19979	3.25962	G4	55	59	0	0	500	P1-1-7	0	-
7	2.22436	3.63248	Bb3	42	40	0	0	500	P1-1-9	0	-
8	2.53633	2.92201	F5	65	64	0	0	625	P1-1-10	0	-
9	2.84188	3.66988	E5	70	59	0	0	750	P1-1-11	0	-
10	3.16881	3.75107	G5	76	61	0	0	875	P1-1-12	0	-
11	3.50962	5.16026	C4	45	47	0	0	1000	P1-1-15	0	-
12	3.51282	4.66453	G#4	69	36	0	0	1000	P1-1-13	0	-
13	3.84509	4.9562	C5	71	62	0	0	1125	P1-1-16	0	-
14	4.16881	4.57265	F5	74	60	0	0	1250	P1-1-17	0	-
15	4.48932	4.96795	E5	71	60	0	0	1375	P1-1-18	0	-
16	4.87287	6.71261	F5	68	36	0	0	1500	P1-1-19	0	-
17	4.88141	6.45513	G#3	45	52	0	0	1500	P1-1-21	0	-
18	5.28526	5.74466	C5	60	56	0	0	1625	P1-1-22	0	-
19	5.60898	5.97971	Bb4	63	62	0	0	1750	P1-1-23	0	-
20	5.92308	6.40599	G#4	60	58	0	0	1875	P1-1-24	0	-
21	6.28099	7.7874	C#5	63	61	0	0	2000	P1-1-25	0	-
22	6.30236	7.79595	Bb3	43	57	0	0	2000	P1-1-27	0	-
23	6.63142	6.99253	G#4	55	62	0	0	2125	P1-1-28	0	-
24	6.98291	7.28633	G4	48	61	0	0	2250	P1-1-29	0	-
25	7.2874	7.77565	Bb4	58	62	0	0	2375	P1-1-30	0	-
26	7.65172	8.77565	E4	52	36	0	0	2500	P1-1-31	0	-
27	7.66026	9.16774	G3	35	42	0	0	2500	P1-1-32	0	-
28	7.9968	8.39103	C#5	54	60	0	0	2625	P1-1-33	0	-
29	8.33441	8.73291	C5	60	56	0	0	2750	P1-1-34	0	-
30	8.66561	9.20193	Bb4	59	53	0	0	2875	P1-1-35	0	-
31	9.06838	10.1464	F3	43	34	0	0	3000	P1-1-38	0	-
32	9.09082	10.1752	G#4	53	52	0	0	3000	P1-1-36	0	-
33	9.11219	9.83227	F4	38	41	0	0	3000	P1-1-37	0	-
34	9.55343	10.5353	G#3	44	32	0	0	3125	P1-1-40	0	-
35	9.87501	10.5139	C4	45	38	0	0	3250	P1-1-41	0	-
36	10.1474	10.5171	Bb4	61	59	0	0	3375	P1-1-42	0	-
37	10.1667	10.4573	F4	35	48	0	0	3375	P1-1-43	0	-
38	10.4562	12.1827	G3	45	56	0	0	3660	P1-1-46	0	-
39	10.5641	10.6592	C5	62	63	0	0	3660	*	3	-
40	10.6742	10.7276	Bb4	63	64	0	0	3660	*	3	-
41	10.7521	10.8269	C5	58	63	0	0	3660	*	3	-
42	10.812	11.1795	F4	43	55	0	0	3660	P1-1-54	0	-
43	10.8526	10.8878	Bb4	65	66	0	0	3660	P1-1-44	0	-
44	10.9177	10.9637	C5	57	64	0	0	3660	P1-1-45	0	-
45	10.968	11.0246	Bb4	73	61	0	0	3660	*	3	-
46	11.0502	11.1218	C5	73	64	0	0	3660	*	3	-
47	11.1336	11.421	Bb4	76	60	0	0	3660	*	3	-
48	11.1357	11.4594	E4	46	62	0	0	3660	P1-1-59	0	-
49	11.4231	11.6496	G#4	68	57	0	0	3660	P1-1-63	0	-
50	11.4658	11.9722	G4	46	30	0	0	3660	P1-1-64	0	-
51	11.5919	11.9242	Bb4	72	60	0	0	3937	P1-1-65	0	-
52	11.8814	13.4103	C5	68	63	0	0	4000	P1-1-66	0	-
53	11.9573	13.2767	G#3	38	45	0	0	4000	P1-1-68	0	-
54	12.2831	12.625	G#4	62	58	0	0	4125	P1-1-70	0	-
55	12.5972	12.9295	E4	54	60	0	0	4250	P1-1-71	0	-
56	12.9242	13.3601	F4	53	51	0	0	4375	P1-1-72	0	-
57	13.2863	14.7051	Bb3	39	42	0	0	4500	P1-1-74	0	-
58	13.2885	14.6656	C#4	57	41	0	0	4500	P1-1-73	0	-
59	13.6549	14.078	C#5	58	59	0	0	4625	P1-1-75	0	-
60	13.9701	14.3611	G4	54	56	0	0	4750	P1-1-76	0	-
61	14.3088	14.4808	Bb4	63	56	0	0	4875	P1-1-77	0	-
62	14.6955	15.813	C3	45	33	0	0	5000	P1-1-80	0	-
63	14.7799	15.8013	E4	60	56	0	0	5000	P1-1-78	0	-
64	14.8152	15.3227	C4	35	43	0	0	5000	P1-1-79	0	-
65	15.1848	16.1314	E3	46	47	0	0	5125	P1-1-82	0	-
66	15.4925	16.1079	G3	50	48	0	0	5250	P1-1-83	0	-
67	15.7618	16.1079	C4	45	38	0	0	5375	P1-1-85	0	-
68	15.766	16.0983	F4	55	62	0	0	5375	P1-1-84	0	-
69	16.0214	17.5844	C#3	55	58	0	0	5660	P1-1-88	0	-
70	16.1165	16.2201	G4	58	63	0	0	5660	*	3	-
71	16.2457	16.2917	F4	60	66	0	0	5660	*	3	-
72	16.313	16.3825	G4	54	63	0	0	5660	*	3	-
73	16.3419	16.6763	C4	47	61	0	0	5660	P1-1-96	0	-
74	16.3985	16.4434	F4	67	63	0	0	5660	P1-1-86	0	-
75	16.4658	16.5257	G4	56	64	0	0	5660	P1-1-87	0	-
76	16.5449	16.5919	F4	62	65	0	0	5660	*	3	-
77	16.6015	16.6774	G4	52	63	0	0	5660	*	3	-
78	16.6304	16.9915	Bb3	50	64	0	0	5660	P1-1-101	0	-
79	16.6827	16.9765	F4	59	63	0	0	5660	*	3	-
80	16.9744	17.6859	C#4	46	37	0	0	5660	P1-1-106	0	-
81	16.984	17.1539	E4	58	57	0	0	5660	P1-1-105	0	-
82	17.1507	17.4498	F4	60	63	0	0	5937	P1-1-107	0	-
83	17.4284	19.7158	E3	48	58	0	0	6000	P1-1-110	0	-
84	17.4477	18.5022	G4	57	61	0	0	6000	P1-1-108	0	-
85	17.844	18.203	C5	60	61	0	0	6125	P1-1-112	0	-
86	18.1581	18.6656	G3	49	55	0	0	6250	P1-1-114	0	-
87	18.1624	18.5331	Bb4	65	59	0	0	6250	P1-1-113	0	-
88	18.4925	18.9423	C#5	69	55	0	0	6375	P1-1-115	0	-
89	18.8291	19.9733	E4	66	60	0	0	6500	P1-1-116	0	-
90	18.8334	19.4765	C4	48	47	0	0	6500	P1-1-117	0	-
91	19.1432	19.531	C#5	70	63	0	0	6625	P1-1-118	0	-
92	19.4722	19.7041	C3	52	56	0	0	6750	P1-1-120	0	-
93	19.484	19.8889	C5	72	61	0	0	6750	P1-1-119	0	-
94	19.8131	20.4487	Bb4	72	58	0	0	6875	P1-1-121	0	-
95	20.2725	21.2992	F2	58	36	0	0	7000	P1-1-124	0	-
96	20.3376	21.4445	A4	64	33	0	0	7000	P1-1-122	0	-
97	20.3526	21.3697	Eb4	44	38	0	0	7000	P1-1-123	0	-
98	20.7148	21.6902	A2	52	41	0	0	7125	P1-1-126	0	-
99	21.0225	21.6475	C3	60	51	0	0	7250	P1-1-127	0	-
100	21.3088	21.6581	F3	49	37	0	0	7375	P1-1-129	0	-
101	21.3152	21.7051	Bb4	74	57	0	0	7375	P1-1-128	0	-
102	21.5705	23.1688	F#2	57	35	0	0	7653	P1-1-133	0	-
103	21.6891	21.8131	C5	67	64	0	0	7653	*	3	-
104	21.703	23.0866	C#4	56	33	0	0	7653	P1-1-131	0	-
105	21.828	21.89	Bb4	67	60	0	0	7653	*	3	-
106	21.9081	22.2575	F3	48	64	0	0	7653	P1-1-141	0	-
107	21.9135	21.9851	C5	65	63	0	0	7653	*	3	-
108	21.9957	22.0641	Bb4	72	61	0	0	7653	P1-1-130	0	-
109	22.0801	22.1368	C5	66	63	0	0	7653	P1-1-132	0	-
110	22.1432	22.2212	Bb4	70	63	0	0	7653	*	3	-
111	22.2019	22.5866	Eb3	52	64	0	0	7653	P1-1-146	0	-
112	22.2287	22.3355	C5	72	63	0	0	7653	*	3	-
113	22.3002	22.5791	Bb4	66	62	0	0	7653	*	3	-
114	22.5481	23.2425	F#3	41	37	0	0	7653	P1-1-151	0	-
115	22.5566	23.0759	A4	67	64	0	0	7653	P1-1-150	0	-
116	22.719	23.0673	Bb4	75	58	0	0	7937	P1-1-152	0	-
117	22.9765	24.1026	A2	50	53	0	0	8000	P1-1-154	0	-
118	22.999	25.9124	C5	68	53	0	0	8000	P1-1-153	0	-
119	23.4049	23.7586	F4	50	63	0	0	8125	P1-1-156	0	-
120	23.7244	24.172	Eb4	53	38	0	0	8250	P1-1-157	0	-
121	23.7329	24.1699	C3	43	58	0	0	8250	P1-1-158	0	-
122	24.0577	24.4423	F#4	60	64	0	0	8375	P1-1-159	0	-
123	24.3804	25.094	A2	55	37	0	0	8500	P1-1-160	0	-
124	24.7009	25.046	F#4	54	60	0	0	8625	P1-1-162	0	-
125	25.0331	25.9316	F2	41	49	0	0	8750	P1-1-164	0	-
126	25.0342	25.3943	F4	49	58	0	0	8750	P1-1-163	0	-
127	25.3708	25.8878	Eb4	52	60	0	0	8875	P1-1-165	0	-
128	25.7949	28.7596	C#4	46	43	0	0	9000	P1-1-166	0	-
129	25.796	27.3269	Bb2	40	44	0	0	9000	P1-1-167	0	-
130	26.2116	26.5695	C5	57	62	0	0	9125	P1-1-168	0	-
131	26.5321	26.8846	Bb4	64	59	0	0	9250	P1-1-169	0	-
132	26.8611	27.249	C#5	56	60	0	0	9375	P1-1-170	0	-
133	27.2073	27.6208	G4	52	33	0	0	9500	P1-1-171	0	-
134	27.5449	28.0962	Bb2	43	31	0	0	9625	P1-1-172	0	-
135	27.8921	27.9787	Bb4	60	62	0	0	9781	P1-1-175	0	-
136	27.8932	28.1688	C3	42	52	0	0	9781	P1-1-174	0	-
137	27.9915	28.0492	G#4	60	64	0	0	9781	P1-1-173	0	-
138	28.0652	28.1261	Bb4	59	63	0	0	-1	*	3	-
139	28.1336	28.1955	G#4	56	64	0	0	-1	*	3	-
140	28.1688	28.6891	C#3	48	41	0	0	9875	P1-1-179	0	-
141	28.2158	28.3045	Bb4	61	63	0	0	-1	*	3	-
142	28.2981	28.656	G#4	55	61	0	0	-1	*	3	-
143	28.6143	29.1015	G2	32	41	0	0	10000	P1-1-181	0	-
144	28.6208	32.1603	Bb4	56	54	0	0	10000	P1-1-180	0	-
145	28.9968	29.343	C4	52	57	0	0	10125	P1-1-182	0	-
146	29.3109	29.9146	C#4	60	59	0	0	10250	P1-1-183	0	-
147	29.312	29.6047	Bb2	46	60	0	0	10250	P1-1-184	0	-
148	29.6314	29.9605	F4	60	65	0	0	10375	P1-1-185	0	-
149	29.9712	30.3633	Eb3	48	66	0	0	10500	P1-1-187	0	-
150	29.9765	30.3109	G3	48	63	0	0	10500	P1-1-186	0	-
151	30.3302	30.734	F4	46	37	0	0	10625	P1-1-188	0	-
152	30.6827	31.0973	Eb4	48	59	0	0	10750	P1-1-189	0	-
153	30.6923	31.0748	Eb2	47	50	0	0	10750	P1-1-190	0	-
154	31.0716	31.6464	C#4	46	37	0	0	10875	P1-1-191	0	-
155	31.5834	32.6987	C4	43	42	0	0	11000	P1-1-192	0	-
156	31.5855	32.6582	G#2	37	42	0	0	11000	P1-1-193	0	-
157	32.0129	32.8077	C3	27	35	0	0	11125	P1-1-196	0	-
158	32.0438	32.7287	G#4	49	57	0	0	11125	P1-1-195	0	-
159	32.3697	33.0823	Eb3	35	36	0	0	11250	P1-1-198	0	-
160	32.3836	33.3975	C5	59	63	0	0	11250	P1-1-197	0	-
161	32.687	33.0406	G#3	45	36	0	0	11375	P1-1-199	0	-
162	33.0054	34.0086	Bb2	44	50	0	0	11500	P1-1-201	0	-
163	33.0225	33.9103	C#4	58	63	0	0	11500	P1-1-200	0	-
164	33.3366	34.0492	Bb4	69	62	0	0	11625	P1-1-203	0	-
165	33.3526	33.7116	G#3	45	54	0	0	11625	P1-1-204	0	-
166	33.6614	34.6368	C#5	72	55	0	0	11750	P1-1-205	0	-
167	33.6667	34.0887	G3	43	80	0	0	11750	P1-1-206	0	-
168	34.0161	34.281	Bb3	56	48	0	0	11875	P1-1-207	0	-
169	34.3227	35.2233	Eb4	67	63	0	0	12000	P1-1-208	0	-
170	34.3291	35.3067	C3	47	55	0	0	12000	P1-1-209	0	-
171	34.6272	35.359	C5	73	57	0	0	12125	P1-1-211	0	-
172	34.6325	35.3943	Eb3	45	36	0	0	12125	P1-1-212	0	-
173	34.9915	36.0182	Eb5	80	63	0	0	12250	P1-1-213	0	-
174	34.9979	35.7319	G#3	54	43	0	0	12250	P1-1-214	0	-
175	35.3131	35.6453	C4	61	56	0	0	12375	P1-1-215	0	-
176	35.6357	36.6742	F4	70	37	0	0	12500	P1-1-216	0	-
177	35.6411	36.781	C#3	57	35	0	0	12500	P1-1-217	0	-
178	35.9509	36.8227	C#5	75	63	0	0	12625	P1-1-219	0	-
179	35.9552	36.312	C4	56	54	0	0	12625	P1-1-220	0	-
180	36.3376	37.1891	Bb3	45	37	0	0	12750	P1-1-222	0	-
181	36.3569	38.0289	F5	81	54	0	0	12750	P1-1-221	0	-
182	36.6859	37.2116	C#4	43	36	0	0	12875	P1-1-223	0	-
183	37.0951	38.1731	Eb3	38	57	0	0	13000	P1-1-225	0	-
184	37.125	37.9231	G4	51	59	0	0	13000	P1-1-224	0	-
185	37.5321	38.2778	G3	35	40	0	0	13125	P1-1-228	0	-
186	37.546	38.1838	Eb5	62	61	0	0	13125	P1-1-227	0	-
187	37.8761	38.5748	Bb3	42	37	0	0	13250	P1-1-230	0	-
188	37.8825	38.1955	C#5	66	63	0	0	13250	P1-1-229	0	-
189	38.1859	38.5748	C5	71	60	0	0	13375	P1-1-231	0	-
190	38.1998	38.5727	Eb4	51	37	0	0	13375	P1-1-232	0	-
191	38.5097	38.8376	Bb4	68	62	0	0	13500	P1-1-233	0	-
192	38.5225	39.4445	F3	52	36	0	0	13500	P1-1-234	0	-
193	38.8248	39.2394	Eb4	48	52	0	0	13625	P1-1-237	0	-
194	38.8312	39.1731	G4	60	59	0	0	13625	P1-1-236	0	-
195	39.1485	39.5	G#4	62	62	0	0	13750	P1-1-238	0	-
196	39.1699	39.9541	C#4	46	34	0	0	13750	P1-1-239	0	-
197	39.5022	39.812	C#5	59	61	0	0	13875	P1-1-240	0	-
198	39.5214	39.8152	F4	36	34	0	0	13875	P1-1-241	0	-
199	39.8761	40.8686	G3	39	51	0	0	14026	P1-1-243	0	-
200	39.9338	40.0075	C5	57	61	0	0	14026	P1-1-245	0	-
201	40.0417	40.0951	Bb4	60	64	0	0	14026	P1-1-242	0	-
202	40.1304	40.1838	C5	59	65	0	0	-1	*	3	-
203	40.1977	40.5161	F4	41	57	0	0	14125	P1-1-249	0	-
204	40.218	40.2575	Bb4	65	65	0	0	-1	*	3	-
205	40.2896	40.3376	C5	62	64	0	0	-1	*	3	-
206	40.3601	40.405	Bb4	62	63	0	0	-1	*	3	-
207	40.4263	40.4723	C5	66	62	0	0	-1	*	3	-
208	40.5022	41.0182	Bb4	65	52	0	0	-1	*	3	-
209	40.531	40.8964	Eb4	45	37	0	0	14250	P1-1-250	0	-
210	40.8494	41.3451	C#4	46	37	0	0	14375	P1-1-251	0	-
211	41.2928	43.8248	C4	43	33	0	0	14500	P1-1-252	0	-
212	41.3088	42.0342	G#3	50	50	0	0	14500	P1-1-253	0	-
213	41.7126	42.0951	Eb4	48	53	0	0	14625	P1-1-254	0	-
214	42.03	42.7543	G3	41	59	0	0	14750	P1-1-256	0	-
215	42.0406	42.3836	F4	54	57	0	0	14750	P1-1-255	0	-
216	42.3451	42.7415	G4	64	60	0	0	14875	P1-1-257	0	-
217	42.6763	43.0118	G#4	72	64	0	0	15000	P1-1-258	0	-
218	42.6859	43.3825	F3	46	63	0	0	15000	P1-1-259	0	-
219	43.0139	43.359	G4	68	60	0	0	15125	P1-1-260	0	-
220	43.3398	43.8067	G#4	70	63	0	0	15250	P1-1-261	0	-
221	43.3515	43.8035	C#3	55	62	0	0	15250	P1-1-262	0	-
222	43.6774	44.1176	F5	72	64	0	0	15375	P1-1-263	0	-
223	44.0545	45.0791	Eb3	48	64	0	0	15526	P1-1-266	0	-
224	44.0706	44.1923	C4	46	61	0	0	15526	P1-1-267	0	-
225	44.0727	45.2522	Eb5	69	25	0	0	15526	P1-1-264	0	-
226	44.2041	44.2703	Bb3	59	59	0	0	-1	*	3	-
227	44.3088	44.374	C4	53	62	0	0	-1	*	3	-
228	44.3889	44.4466	Bb3	54	64	0	0	15625	P1-1-271	0	-
229	44.3943	44.6795	G#4	63	63	0	0	15625	P1-1-270	0	-
230	44.4829	44.53	C4	57	63	0	0	-1	*	3	-
231	44.5481	44.5994	Bb3	61	65	0	0	-1	*	3	-
232	44.6336	44.702	C4	61	58	0	0	-1	*	3	-
233	44.6881	45.5438	G4	57	58	0	0	-1	*	3	-
234	44.7287	45.0438	Bb3	54	64	0	0	-1	*	3	-
235	45.015	45.5641	C#5	61	59	0	0	15875	P1-1-273	0	-
236	45.4552	46.0011	C5	60	57	0	0	16000	P1-1-274	0	-
237	45.4584	46.6122	G#3	41	54	0	0	16000	P1-1-275	0	-
238	45.4723	46.4723	G#2	39	41	0	0	16000	P1-1-276	0	-
239	45.8857	46.2906	G#4	52	58	0	0	16125	P1-1-277	0	-
240	46.2084	46.6112	C5	56	55	0	0	16250	P1-1-278	0	-
241	46.5417	46.9594	E5	64	61	0	0	16375	P1-1-279	0	-
242	46.8825	47.3109	F5	64	53	0	0	16500	P1-1-280	0	-
243	47.2159	47.64	G5	70	62	0	0	16625	P1-1-281	0	-
244	47.2436	47.5812	G#3	48	53	0	0	16625	P1-1-282	0	-
245	47.5342	48.1453	E5	70	32	0	0	16750	P1-1-283	0	-
246	47.546	47.874	G3	52	59	0	0	16750	P1-1-284	0	-
247	47.8451	48.3921	F5	76	53	0	0	16875	P1-1-285	0	-
248	47.8473	48.2981	F3	55	60	0	0	16875	P1-1-286	0	-
249	48.2618	51.1101	G5	77	63	0	0	17000	P1-1-287	0	-
250	48.281	49.2319	E3	50	57	0	0	17000	P1-1-288	0	-
251	48.6624	49.2671	G3	48	55	0	0	17125	P1-1-290	0	-
252	48.9627	49.2981	Bb3	56	63	0	0	17250	P1-1-291	0	-
253	49.2981	49.8665	C#4	61	43	0	0	17375	P1-1-292	0	-
254	49.6186	51.2415	C3	60	50	0	0	17500	P1-1-293	0	-
255	49.9488	50.3013	F3	60	62	0	0	17625	P1-1-295	0	-
256	50.2853	50.608	E3	55	62	0	0	17750	P1-1-296	0	-
257	50.6122	51.2565	G3	49	55	0	0	17875	P1-1-297	0	-
258	51.077	52.5941	F3	35	48	0	0	18000	P1-1-299	0	-
259	51.0877	53.5332	G#3	46	53	0	0	18000	P1-1-298	0	-
260	51.5268	52.6592	C5	48	46	0	0	18125	P1-1-300	0	-
261	51.8633	52.2426	F5	50	56	0	0	18250	P1-1-301	0	-
262	52.1902	52.6037	G#5	61	55	0	0	18375	P1-1-302	0	-
263	52.5439	52.8697	D5	53	57	0	0	18500	P1-1-303	0	-
264	52.8537	53.3836	F5	60	34	0	0	18625	P1-1-304	0	-
265	52.8612	53.2276	F3	40	51	0	0	18625	P1-1-305	0	-
266	53.1934	53.5171	Eb3	45	49	0	0	18750	P1-1-307	0	-
267	53.1977	53.5471	B4	56	60	0	0	18750	P1-1-306	0	-
268	53.5332	53.968	D3	48	55	0	0	18875	P1-1-309	0	-
269	53.5599	53.8462	C5	54	62	0	0	18875	P1-1-308	0	-
270	53.9627	55.0374	G3	37	54	0	0	19025	P1-1-311	0	-
271	54.0161	54.0898	C5	56	60	0	0	19025	P1-1-313	0	-
272	54.1357	54.1902	B4	52	64	0	0	19025	P1-1-310	0	-
273	54.2426	54.2906	C5	50	64	0	0	-1	*	3	-
274	54.312	54.3665	B4	54	64	0	0	-1	*	3	-
275	54.3537	55.0759	B3	47	60	0	0	19124	P1-1-317	0	-
276	54.3986	54.4392	C5	59	62	0	0	-1	*	3	-
277	54.4819	54.5182	B4	47	57	0	0	-1	*	3	-
278	54.5225	54.5748	C5	64	64	0	0	-1	*	3	-
279	54.609	54.9573	B4	63	62	0	0	-1	*	3	-
280	54.6827	55.328	D4	32	43	0	0	19250	P1-1-318	0	-
281	54.9669	55.2148	C5	61	62	0	0	19375	P1-1-319	0	-
282	54.9787	55.2725	G4	37	52	0	0	19375	P1-1-320	0	-
283	55.2554	56.7981	G#3	55	49	0	0	19660	P1-1-323	0	-
284	55.3526	55.4253	D5	56	55	0	0	19660	*	3	-
285	55.4637	55.5075	C5	58	64	0	0	19660	*	3	-
286	55.5503	55.6005	D5	59	60	0	0	19660	*	3	-
287	55.5642	55.8537	G4	52	59	0	0	19660	P1-1-331	0	-
288	55.6154	55.6592	C5	62	63	0	0	19660	P1-1-321	0	-
289	55.6988	55.7458	D5	56	63	0	0	19660	P1-1-322	0	-
290	55.7511	55.7928	C5	66	64	0	0	19660	*	3	-
291	55.8248	55.8879	D5	64	59	0	0	19660	*	3	-
292	55.8558	56.2084	F4	44	63	0	0	19660	P1-1-336	0	-
293	55.8857	56.1443	C5	69	63	0	0	19660	*	3	-
294	56.1667	56.3291	B4	63	62	0	0	19660	P1-1-340	0	-
295	56.1742	56.7821	G#4	45	45	0	0	19660	P1-1-341	0	-
296	56.3323	56.6336	C5	66	60	0	0	19937	P1-1-342	0	-
297	56.6133	58.8954	B3	48	35	0	0	20000	P1-1-345	0	-
298	56.6261	57.6347	D5	57	47	0	0	20000	P1-1-343	0	-
299	57.0139	57.4231	G5	61	59	0	0	20125	P1-1-347	0	-
300	57.3409	57.7287	F5	65	62	0	0	20250	P1-1-348	0	-
301	57.3441	58.7864	D4	44	48	0	0	20250	P1-1-349	0	-
302	57.6774	58.1785	G#5	76	46	0	0	20375	P1-1-350	0	-
303	58.0001	59.0759	B4	76	65	0	0	20500	P1-1-351	0	-
304	58.0246	58.686	G4	49	38	0	0	20500	P1-1-352	0	-
305	58.3302	58.7671	G#5	72	53	0	0	20625	P1-1-354	0	-
306	58.6699	59.077	G5	76	56	0	0	20750	P1-1-355	0	-
307	58.686	58.89	G3	45	56	0	0	20750	P1-1-356	0	-
308	59.0065	59.421	F5	75	61	0	0	20875	P1-1-357	0	-
309	59.4082	59.9295	Eb5	72	64	0	0	21000	P1-1-358	0	-
310	59.4157	64.5342	C4	52	49	0	0	21000	P1-1-359	0	-
311	59.8099	60.5428	C6	82	57	0	0	21125	P1-1-361	0	-
312	60.1379	61.3462	F5	54	57	0	0	21250	P1-1-362	0	-
313	60.1422	60.4862	G#3	57	58	0	0	21250	P1-1-363	0	-
314	60.4627	60.9114	B5	84	63	0	0	21375	P1-1-364	0	-
315	60.8558	61.9477	C6	81	62	0	0	21500	P1-1-365	0	-
316	60.8612	61.5481	Eb3	50	51	0	0	21500	P1-1-366	0	-
317	61.2266	61.6144	G5	74	61	0	0	21625	P1-1-367	0	-
318	61.5449	61.999	G#5	76	58	0	0	21750	P1-1-368	0	-
319	61.562	62.4039	F3	52	55	0	0	21750	P1-1-369	0	-
320	61.8836	62.0268	F5	74	63	0	0	21875	P1-1-370	0	-
321	62.3152	64.1998	Eb5	72	54	0	0	22000	P1-1-371	0	-
322	62.3462	64.8484	G3	43	50	0	0	22000	P1-1-373	0	-
323	62.7629	63.2063	B4	57	60	0	0	22125	P1-1-374	0	-
324	63.1048	63.5375	C5	64	55	0	0	22250	P1-1-375	0	-
325	63.4445	63.8216	F#4	59	60	0	0	22375	P1-1-376	0	-
326	63.7704	65.0545	G4	49	35	0	0	22500	P1-1-377	0	-
327	64.0973	64.5172	C5	59	58	0	0	22625	P1-1-378	0	-
328	64.4862	65.077	D5	59	37	0	0	22750	P1-1-379	0	-
329	64.514	64.8088	B3	32	51	0	0	22750	P1-1-380	0	-
330	64.9146	65.3751	F4	44	62	0	0	22875	P1-1-381	0	-
331	65.3259	68.1144	C3	42	57	0	0	23000	P1-1-384	0	-
332	65.3366	68.1614	C5	63	53	0	0	23000	P1-1-382	0	-
333	65.3419	66.1667	C4	36	38	0	0	23000	P1-1-383	0	-
334	65.7832	66.1219	F4	41	55	0	0	23125	P1-1-385	0	-
335	66.1197	66.5289	E4	48	59	0	0	23250	P1-1-386	0	-
336	66.1325	67.2137	G3	37	44	0	0	23250	P1-1-387	0	-
337	66.468	66.9028	G4	46	47	0	0	23375	P1-1-388	0	-
338	66.8516	67.8687	C4	48	42	0	0	23500	P1-1-389	0	-
339	67.1838	67.5567	F3	42	57	0	0	23625	P1-1-390	0	-
340	67.5749	68.1625	E3	43	29	0	0	23750	P1-1-391	0	-
341	68.0182	68.8612	G3	40	45	0	0	23875	P1-1-392	0	-
342	68.5642	69.6379	A2	41	40	0	0	24000	P1-1-395	0	-
343	68.6828	69.7319	F4	46	35	0	0	24000	P1-1-393	0	-
344	69.1272	69.8142	A4	51	46	0	0	24125	P1-1-396	0	-
345	69.452	69.7907	C5	64	62	0	0	24250	P1-1-397	0	-
346	69.4712	70.2308	F3	41	42	0	0	24250	P1-1-398	0	-
347	69.7736	70.5086	Eb5	70	63	0	0	24375	P1-1-399	0	-
348	70.1069	71.1977	A4	64	38	0	0	24500	P1-1-400	0	-
349	70.1112	70.9392	F2	41	54	0	0	24500	P1-1-401	0	-
350	70.4488	71.1678	F#5	67	59	0	0	24625	P1-1-402	0	-
351	70.7661	71.2522	C5	63	49	0	0	24750	P1-1-403	0	-
352	70.7832	70.936	F3	38	58	0	0	24750	P1-1-404	0	-
353	71.109	71.5588	Eb5	66	63	0	0	24875	P1-1-405	0	-
354	71.5225	73.1999	C#5	65	56	0	0	25000	P1-1-406	0	-
355	71.5364	72.5791	Bb2	45	42	0	0	25000	P1-1-407	0	-
356	71.9221	72.6379	C#3	48	33	0	0	25125	P1-1-409	0	-
357	72.2415	72.5546	Bb4	64	62	0	0	25250	P1-1-410	0	-
358	72.2746	72.952	F3	43	35	0	0	25250	P1-1-411	0	-
359	72.5877	72.9125	Bb3	53	36	0	0	25375	P1-1-412	0	-
360	72.8996	73.9894	C3	49	38	0	0	25500	P1-1-414	0	-
361	72.9061	73.9274	E4	62	55	0	0	25500	P1-1-413	0	-
362	73.233	73.5353	Bb3	48	35	0	0	25625	P1-1-415	0	-
363	73.5802	75.0492	C5	69	44	0	0	25750	P1-1-416	0	-
364	73.6016	73.9157	G#3	44	59	0	0	25750	P1-1-417	0	-
365	73.9413	74.0311	C4	45	47	0	0	25875	P1-1-418	0	-
366	74.3516	75.1796	F4	49	57	0	0	26000	P1-1-419	0	-
367	74.3569	75.0909	D3	39	29	0	0	26000	P1-1-421	0	-
368	74.3761	75.0321	F3	40	58	0	0	26000	P1-1-420	0	-
369	74.6806	75.1208	Bb4	63	62	0	0	26125	P1-1-422	0	-
370	75.0182	75.6924	G4	60	32	0	0	26250	P1-1-423	0	-
371	75.0439	75.9178	E3	48	45	0	0	26250	P1-1-425	0	-
372	75.0492	75.983	G3	37	53	0	0	26250	P1-1-424	0	-
373	75.3633	75.8003	E4	63	53	0	0	26375	P1-1-426	0	-
374	75.7576	77.3943	F3	40	41	0	0	26500	P1-1-429	0	-
375	75.7757	76.1828	C4	54	57	0	0	26500	P1-1-427	0	-
376	75.7949	77.3793	G#3	42	53	0	0	26500	P1-1-428	0	-
377	76.1304	76.514	E4	60	64	0	0	26625	P1-1-430	0	-
378	76.4702	77.1828	F4	63	46	0	0	26750	P1-1-431	0	-
379	76.7981	77.3697	B4	71	64	0	0	26875	P1-1-433	0	-
380	77.2298	80.062	G3	44	54	0	0	27000	P1-1-435	0	-
381	77.233	78.4702	C5	67	58	0	0	27000	P1-1-434	0	-
382	77.2373	79.8206	C3	42	57	0	0	27000	P1-1-436	0	-
383	77.7234	78.1593	F4	47	61	0	0	27125	P1-1-437	0	-
384	78.0962	79.8826	E4	51	61	0	0	27250	P1-1-438	0	-
385	78.4402	78.8291	G4	52	61	0	0	27375	P1-1-440	0	-
386	78.7522	79.1838	Bb4	61	60	0	0	27500	P1-1-441	0	-
387	79.1069	79.6144	C#5	61	36	0	0	27625	P1-1-442	0	-
388	79.4467	80.1336	C5	67	19	0	0	27750	P1-1-443	0	-
389	79.7714	80.3067	Bb4	71	58	0	0	27875	P1-1-444	0	-
390	79.7821	80.2159	C#3	56	30	0	0	27875	P1-1-445	0	-
391	80.2426	80.6432	A4	66	57	0	0	28000	P1-1-446	0	-
392	80.2479	81.1753	Eb3	47	65	0	0	28000	P1-1-447	0	-
393	80.2522	80.5962	F3	47	65	0	0	28000	P1-1-448	0	-
394	80.6112	80.9979	F4	64	53	0	0	28125	P1-1-449	0	-
395	80.9328	81.4328	A4	76	37	0	0	28250	P1-1-450	0	-
396	80.9392	81.8697	Eb4	55	35	0	0	28250	P1-1-451	0	-
397	81.2511	81.7116	C5	80	61	0	0	28375	P1-1-452	0	-
398	81.6582	83.2308	F5	79	39	0	0	28500	P1-1-453	0	-
399	81.6881	82.4958	C#4	51	35	0	0	28500	P1-1-455	0	-
400	82.0866	82.4445	Bb4	57	58	0	0	28625	P1-1-456	0	-
401	82.4392	83.2832	A4	60	56	0	0	28750	P1-1-457	0	-
402	82.4573	82.9114	C4	44	61	0	0	28750	P1-1-458	0	-
403	82.7661	83.358	Eb5	66	57	0	0	28875	P1-1-459	0	-
404	83.2031	84.6294	C#5	67	58	0	0	29000	P1-1-460	0	-
405	83.2159	84.2672	Bb3	44	48	0	0	29000	P1-1-461	0	-
406	83.6026	83.9445	G#4	54	60	0	0	29125	P1-1-463	0	-
407	83.6208	84.0225	F3	39	35	0	0	29125	P1-1-464	0	-
408	83.9242	84.2693	C#3	50	52	0	0	29250	P1-1-466	0	-
409	83.9392	84.2362	G4	46	58	0	0	29250	P1-1-465	0	-
410	84.2501	84.6486	Bb4	59	56	0	0	29375	P1-1-467	0	-
411	84.2554	84.6956	Bb2	45	34	0	0	29375	P1-1-468	0	-
412	84.5823	85.0279	E4	56	58	0	0	29500	P1-1-469	0	-
413	84.6091	85.9958	G3	40	35	0	0	29500	P1-1-470	0	-
414	84.921	85.6454	C5	65	59	0	0	29625	P1-1-471	0	-
415	84.9253	85.2522	C3	46	59	0	0	29625	P1-1-472	0	-
416	85.264	85.7116	F4	55	54	0	0	29750	P1-1-473	0	-
417	85.2693	85.6582	C#3	50	36	0	0	29750	P1-1-474	0	-
418	85.5845	86.686	Bb4	71	52	0	0	29875	P1-1-475	0	-
419	85.6048	85.7373	Bb2	46	52	0	0	29875	P1-1-476	0	-
420	85.9648	87.0717	E4	59	50	0	0	30000	P1-1-477	0	-
421	85.9798	87.8612	C3	49	48	0	0	30000	P1-1-478	0	-
422	86.3238	86.7063	C#5	69	64	0	0	30125	P1-1-479	0	-
423	86.3388	86.7106	G3	47	51	0	0	30125	P1-1-480	0	-
424	86.6582	87.6678	C5	74	58	0	0	30250	P1-1-481	0	-
425	86.6892	87.062	G#3	56	55	0	0	30250	P1-1-482	0	-
426	86.9873	87.6454	F4	68	53	0	0	30375	P1-1-483	0	-
427	87.0129	87.0909	B3	55	58	0	0	30375	P1-1-484	0	-
428	87.452	88.842	G#4	74	56	0	0	30500	P1-1-485	0	-
429	87.468	89.577	C4	46	23	0	0	30500	P1-1-486	0	-
430	87.8911	88.2629	F4	50	63	0	0	30625	P1-1-487	0	-
431	88.2747	88.9082	E4	47	59	0	0	30750	P1-1-488	0	-
432	88.2789	89.6229	C3	42	49	0	0	30750	P1-1-489	0	-
433	88.7501	89.6432	G4	55	57	0	0	30875	P1-1-490	0	-
434	89.3932	90.7234	F4	46	42	0	0	31000	P1-1-491	0	-
435	89.4338	91.9563	C#3	49	36	0	0	31000	P1-1-493	0	-
436	90.0471	91.296	G#4	52	63	0	0	31125	P1-1-494	0	-
437	90.4563	91.2757	C5	59	63	0	0	31250	P1-1-495	0	-
438	90.7875	91.2853	F5	64	56	0	0	31375	P1-1-496	0	-
439	91.1347	92.2864	G4	60	62	0	0	31500	P1-1-497	0	-
440	91.1603	92.0364	Bb3	44	37	0	0	31500	P1-1-498	0	-
441	91.499	91.9616	F5	56	63	0	0	31625	P1-1-499	0	-
442	91.8409	92.7383	E5	66	40	0	0	31750	P1-1-500	0	-
443	92.1806	92.8291	G5	74	44	0	0	31875	P1-1-501	0	-
444	92.5524	93.7789	G#4	71	38	0	0	32000	P1-1-502	0	-
445	92.5685	116.752	C3	50	36	0	0	32000	P1-1-505	0	-
446	92.5738	94.3195	C4	51	56	0	0	32000	P1-1-504	0	-
447	92.9125	94.0492	C5	65	63	0	0	32125	P1-1-506	0	-
448	93.264	93.624	F5	67	62	0	0	32250	P1-1-507	0	-
449	93.5802	94.046	E5	71	62	0	0	32375	P1-1-508	0	-
450	93.9851	95.8569	F5	68	39	0	0	32500	P1-1-509	0	-
451	94.0204	95.5524	G#3	51	55	0	0	32500	P1-1-511	0	-
452	94.3836	94.8719	C5	61	53	0	0	32625	P1-1-512	0	-
453	94.7191	95.1283	Bb4	62	60	0	0	32750	P1-1-513	0	-
454	95.0482	95.5086	G#4	61	55	0	0	32875	P1-1-514	0	-
455	95.4232	96.9969	C#5	68	61	0	0	33000	P1-1-515	0	-
456	95.4659	97.1059	Bb3	46	59	0	0	33000	P1-1-517	0	-
457	95.796	96.1903	G#4	55	59	0	0	33125	P1-1-518	0	-
458	96.155	96.4958	G4	48	61	0	0	33250	P1-1-519	0	-
459	96.483	96.9937	Bb4	58	61	0	0	33375	P1-1-520	0	-
460	96.8441	98.5289	G3	46	43	0	0	33500	P1-1-522	0	-
461	96.8462	98.2608	E4	57	58	0	0	33500	P1-1-521	0	-
462	97.1871	97.6059	C#5	60	62	0	0	33625	P1-1-523	0	-
463	97.5386	98.3153	C5	63	61	0	0	33750	P1-1-524	0	-
464	97.873	98.3911	Bb4	65	62	0	0	33875	P1-1-525	0	-
465	98.2415	99.7576	G#4	66	53	0	0	34000	P1-1-526	0	-
466	98.2522	98.655	F4	57	62	0	0	34000	P1-1-527	0	-
467	98.2672	99.9552	G#3	48	33	0	0	34000	P1-1-528	0	-
468	98.5973	98.9809	Eb4	58	59	0	0	34125	P1-1-529	0	-
469	98.9189	99.795	D4	59	57	0	0	34250	P1-1-530	0	-
470	99.2544	99.8057	F4	61	63	0	0	34375	P1-1-531	0	-
471	99.6454	101.217	B3	59	59	0	0	34500	P1-1-532	0	-
472	99.6604	100.908	F3	42	36	0	0	34500	P1-1-533	0	-
473	100.002	100.404	G#4	60	54	0	0	34625	P1-1-534	0	-
474	100.374	100.758	G4	59	57	0	0	34750	P1-1-535	0	-
475	100.69	100.806	F4	59	65	0	0	34875	P1-1-536	0	-
476	101.092	104.166	E4	56	42	0	0	35000	P1-1-537	0	-
477	101.115	102.201	G3	45	56	0	0	35000	P1-1-538	0	-
478	101.459	101.893	C4	52	54	0	0	35125	P1-1-539	0	-
479	101.817	102.391	Bb3	49	80	0	0	35250	P1-1-540	0	-
480	102.162	102.639	C#4	51	41	0	0	35375	P1-1-541	0	-
481	102.56	103.721	G3	45	40	0	0	35500	P1-1-542	0	-
482	102.566	104.302	E3	43	45	0	0	35500	P1-1-543	0	-
483	102.921	103.34	C#4	48	55	0	0	35625	P1-1-544	0	-
484	103.289	103.682	C4	49	59	0	0	35750	P1-1-545	0	-
485	103.674	104.115	Bb3	45	35	0	0	35875	P1-1-546	0	-
486	104.183	105.294	G#3	40	36	0	0	36000	P1-1-548	0	-
487	104.199	105.278	F3	39	60	0	0	36000	P1-1-547	0	-
488	104.688	105.29	C5	49	33	0	0	36125	P1-1-549	0	-
489	105.052	105.434	Bb4	58	60	0	0	36250	P1-1-550	0	-
490	105.394	105.851	C#5	63	35	0	0	36375	P1-1-551	0	-
491	105.744	106.42	E4	61	39	0	0	36500	P1-1-552	0	-
492	105.765	106.88	G3	42	57	0	0	36500	P1-1-553	0	-
493	105.765	106.595	Bb3	42	33	0	0	36500	P1-1-554	0	-
494	106.106	106.596	C#5	65	56	0	0	36625	P1-1-555	0	-
495	106.458	106.844	C5	66	60	0	0	36750	P1-1-556	0	-
496	106.786	107.206	Bb4	72	62	0	0	36875	P1-1-557	0	-
497	107.162	107.611	G#4	70	51	0	0	37000	P1-1-558	0	-
498	107.184	107.91	G#3	53	57	0	0	37000	P1-1-559	0	-
499	107.192	107.766	C4	46	48	0	0	37000	P1-1-560	0	-
500	107.526	108.278	G5	80	57	0	0	37125	P1-1-561	0	-
501	107.86	108.244	F5	80	62	0	0	37250	P1-1-562	0	-
502	108.195	108.666	G#5	85	61	0	0	37375	P1-1-563	0	-
503	108.583	109.143	B4	78	51	0	0	37500	P1-1-564	0	-
504	108.589	110.179	F3	51	55	0	0	37500	P1-1-565	0	-
505	108.598	109.405	G#3	57	35	0	0	37500	P1-1-566	0	-
506	108.987	109.383	G#5	78	55	0	0	37625	P1-1-567	0	-
507	109.31	109.734	G5	82	60	0	0	37750	P1-1-568	0	-
508	109.648	110.08	F5	82	62	0	0	37875	P1-1-569	0	-
509	110.023	110.484	E5	77	61	0	0	38000	P1-1-570	0	-
510	110.03	111.237	G3	55	62	0	0	38000	P1-1-571	0	-
511	110.031	112.016	Bb3	57	35	0	0	38000	P1-1-572	0	-
512	110.389	110.846	F5	79	61	0	0	38125	P1-1-573	0	-
513	110.733	111.146	G5	82	64	0	0	38250	P1-1-574	0	-
514	111.089	111.659	E5	78	64	0	0	38375	P1-1-575	0	-
515	111.554	112.376	Bb5	83	60	0	0	38500	P1-1-576	0	-
516	111.58	112.638	E3	47	34	0	0	38500	P1-1-577	0	-
517	111.58	113.146	G3	46	29	0	0	38500	P1-1-578	0	-
518	112.025	112.423	C#5	62	63	0	0	38625	P1-1-579	0	-
519	112.38	112.759	C5	62	60	0	0	38750	P1-1-580	0	-
520	112.713	113.112	Bb4	67	56	0	0	38875	P1-1-581	0	-
521	113.066	113.534	G#4	64	60	0	0	39000	P1-1-582	0	-
522	113.083	114.984	F3	44	53	0	0	39000	P1-1-584	0	-
523	113.102	114.027	C4	44	33	0	0	39000	P1-1-583	0	-
524	113.426	113.798	Bb4	64	62	0	0	39125	P1-1-585	0	-
525	113.767	114.156	C5	70	60	0	0	39250	P1-1-586	0	-
526	114.146	114.61	F4	57	54	0	0	39375	P1-1-587	0	-
527	114.572	115.691	D5	60	49	0	0	39500	P1-1-588	0	-
528	114.594	116.114	B3	45	42	0	0	39500	P1-1-589	0	-
529	114.996	115.371	G#4	55	63	0	0	39625	P1-1-590	0	-
530	115.343	115.752	G4	52	38	0	0	39750	P1-1-591	0	-
531	115.69	115.785	F4	57	65	0	0	39875	P1-1-592	0	-
532	116.146	117.151	E4	60	54	0	0	40000	P1-1-593	0	-
533	116.166	116.781	G3	40	26	0	0	40000	P1-1-594	0	-
534	116.594	117.337	C4	57	61	0	0	40125	P1-1-595	0	-
535	116.938	117.313	G3	59	62	0	0	40250	P1-1-596	0	-
536	117.271	117.755	Bb3	71	55	0	0	40375	P1-1-597	0	-
537	117.638	119.69	F4	73	63	0	0	40500	P1-1-598	0	-
538	117.651	118.543	G#3	61	59	0	0	40500	P1-1-599	0	-
539	118.015	118.53	F3	71	63	0	0	40625	P1-1-600	0	-
540	118.422	118.957	B2	73	62	0	0	40750	P1-1-601	0	-
541	118.845	119.664	D3	73	55	0	0	40875	P1-1-602	0	-
542	119.449	120.222	G3	71	64	0	0	41000	P1-1-603	0	-
543	119.466	123.11	C2	57	51	0	0	41000	P1-1-604	0	-
544	120.074	120.549	D4	61	56	0	0	41125	P1-1-605	0	-
545	120.471	120.999	B3	70	60	0	0	41250	P1-1-606	0	-
546	120.478	120.986	F3	52	64	0	0	41250	P1-1-607	0	-
547	120.861	121.84	C4	66	59	0	0	41375	P1-1-608	0	-
548	121.276	123.221	G3	57	42	0	0	41500	P1-1-609	0	-
549	121.716	123.182	Bb3	58	33	0	0	41625	P1-1-610	0	-
550	122.204	123.109	C4	56	37	0	0	41750	P1-1-612	0	-
551	122.822	123.313	E4	48	49	0	0	41875	P1-1-614	0	-
552	124.024	127.781	F4	44	16	0	0	42000	P1-1-617	0	-
553	124.041	127.28	A3	35	25	0	0	42000	P1-1-615	0	-
554	124.045	127.51	C4	40	27	0	0	42000	P1-1-616	0	-
555	124.046	126.716	F2	29	14	0	0	42000	P1-1-618	0	-
556	124.049	126.469	F3	34	12	0	0	42000	P1-1-619	0	-
//Missing 0	P1-1-1
//Missing 500	P1-1-8
//Missing 1000	P1-1-14
//Missing 1500	P1-1-20
//Missing 2000	P1-1-26
//Missing 3000	P1-1-39
//Missing 3660	P1-1-47
//Missing 3660	P1-1-48
//Missing 3660	P1-1-49
//Missing 3660	P1-1-50
//Missing 3660	P1-1-51
//Missing 3660	P1-1-52
//Missing 3660	P1-1-53
//Missing 3660	P1-1-55
//Missing 3660	P1-1-56
//Missing 3660	P1-1-57
//Missing 3660	P1-1-58
//Missing 3660	P1-1-60
//Missing 3660	P1-1-61
//Missing 3660	P1-1-62
//Missing 4000	P1-1-67
//Missing 4000	P1-1-69
//Missing 5000	P1-1-81
//Missing 5660	P1-1-89
//Missing 5660	P1-1-90
//Missing 5660	P1-1-91
//Missing 5660	P1-1-92
//Missing 5660	P1-1-93
//Missing 5660	P1-1-94
//Missing 5660	P1-1-95
//Missing 5660	P1-1-97
//Missing 5660	P1-1-98
//Missing 5660	P1-1-99
//Missing 5660	P1-1-100
//Missing 5660	P1-1-102
//Missing 5660	P1-1-103
//Missing 5660	P1-1-104
//Missing 6000	P1-1-109
//Missing 6000	P1-1-111
//Missing 7000	P1-1-125
//Missing 7653	P1-1-134
//Missing 7653	P1-1-135
//Missing 7653	P1-1-136
//Missing 7653	P1-1-137
//Missing 7653	P1-1-138
//Missing 7653	P1-1-139
//Missing 7653	P1-1-140
//Missing 7653	P1-1-142
//Missing 7653	P1-1-143
//Missing 7653	P1-1-144
//Missing 7653	P1-1-145
//Missing 7653	P1-1-147
//Missing 7653	P1-1-148
//Missing 7653	P1-1-149
//Missing 8000	P1-1-155
//Missing 8500	P1-1-161
//Missing 9781	P1-1-176
//Missing 9781	P1-1-177
//Missing 11000	P1-1-194
//Missing 11500	P1-1-202
//Missing 12000	P1-1-210
//Missing 12500	P1-1-218
//Missing 13000	P1-1-226
//Missing 13500	P1-1-235
//Missing 14026	P1-1-244
//Missing 14026	P1-1-246
//Missing 14026	P1-1-247
//Missing 15526	P1-1-268
//Missing 15526	P1-1-269
//Missing 17000	P1-1-289
//Missing 17500	P1-1-294
//Missing 19025	P1-1-314
//Missing 19025	P1-1-315
//Missing 19660	P1-1-324
//Missing 19660	P1-1-325
//Missing 19660	P1-1-326
//Missing 19660	P1-1-327
//Missing 19660	P1-1-328
//Missing 19660	P1-1-329
//Missing 19660	P1-1-330
//Missing 19660	P1-1-332
//Missing 19660	P1-1-333
//Missing 19660	P1-1-334
//Missing 19660	P1-1-335
//Missing 19660	P1-1-337
//Missing 19660	P1-1-338
//Missing 19660	P1-1-339
//Missing 20000	P1-1-344
//Missing 20000	P1-1-346
//Missing 20500	P1-1-353
//Missing 21000	P1-1-360
//Missing 22000	P1-1-372
//Missing 24000	P1-1-394
//Missing 25000	P1-1-408
//Missing 26750	P1-1-432
//Missing 27250	P1-1-439
//Missing 28500	P1-1-454
//Missing 29000	P1-1-462
//Missing 31000	P1-1-492
//Missing 32000	P1-1-503
//Missing 32500	P1-1-510
//Missing 33000	P1-1-516
//Missing 41625	P1-1-611
//Missing 41750	P1-1-613
//Missing 9875	P1-1-178
//Missing 14125	P1-1-248
//Missing 15526	P1-1-265
//Missing 15750	P1-1-272
//Missing 19025	P1-1-312
//Missing 19124	P1-1-316
