//Version: ScorePerfmMatch_v170104
// Score: ./score_hmm.txt
// Perfm: ./infer_spr.txt
// fmt3x: ./score_fmt3x.txt
0	0.510937	1.02969	A2	38	47	0	0	0	P1-1-0	0	0
1	0.6275	0.723438	C5	70	64	0	0	62	P1-1-1	0	-
2	0.74	0.86	D5	75	64	0	0	125	P1-1-2	0	-
3	0.86	0.999375	E5	79	64	0	0	187	P1-1-3	0	-
4	1.00469	1.26937	F5	79	60	0	0	250	P1-1-4	0	-
5	1.02031	1.59531	A3	50	50	0	0	250	P1-1-5	0	-
6	1.28062	1.52875	C5	69	59	0	0	375	P1-1-6	0	-
7	1.53687	1.77875	B4	67	59	0	0	500	P1-1-7	0	-
8	1.55688	2.06094	G#3	47	50	0	0	500	P1-1-8	0	-
9	1.77969	2.06625	Eb5	69	58	0	0	625	P1-1-9	0	-
10	2.0525	2.33906	E5	74	59	0	0	750	P1-1-10	0	-
11	2.06625	2.63687	G3	52	51	0	0	750	P1-1-11	0	-
12	2.31	2.59625	Bb4	69	58	0	0	875	P1-1-12	0	-
13	2.57875	2.835	A4	65	58	0	0	1000	P1-1-13	0	-
14	2.59125	3.17031	F#3	51	50	0	0	1000	P1-1-14	0	-
15	2.84531	3.13594	C#5	80	60	0	0	1125	P1-1-15	0	-
16	3.11406	3.37969	D5	73	59	0	0	1250	P1-1-16	0	-
17	3.13187	3.67656	F3	60	53	0	0	1250	P1-1-17	0	-
18	3.37969	3.89625	G#4	69	55	0	0	1375	P1-1-18	0	-
19	3.6475	4.18063	E3	61	53	0	0	1500	P1-1-19	0	-
20	3.88906	4.4275	A4	65	54	0	0	1625	P1-1-20	0	-
21	4.17656	4.74937	D3	54	51	0	0	1750	P1-1-21	0	-
22	4.41094	4.63281	B4	63	58	0	0	1875	P1-1-22	0	-
23	4.67031	5.065	E4	58	54	0	0	2000	P1-1-23	0	-
24	4.77031	4.91094	C3	64	61	0	0	2062	P1-1-24	0	-
25	4.91094	5.01312	D3	69	64	0	0	2125	P1-1-25	0	-
26	5.02125	5.14531	E3	72	63	0	0	2187	P1-1-26	0	-
27	5.15688	5.73375	A4	74	55	0	0	2250	P1-1-27	0	-
28	5.17563	5.46188	F3	71	58	0	0	2250	P1-1-28	0	-
29	5.43187	5.70063	C3	66	58	0	0	2375	P1-1-29	0	-
30	5.68906	6.19844	G#4	77	56	0	0	2500	P1-1-30	0	-
31	5.71625	6.0025	B2	60	56	0	0	2500	P1-1-31	0	-
32	5.96406	6.21812	Eb3	69	59	0	0	2625	P1-1-32	0	-
33	6.20875	6.7475	G4	67	54	0	0	2750	P1-1-33	0	-
34	6.23906	6.52125	E3	54	55	0	0	2750	P1-1-34	0	-
35	6.47438	6.75156	Bb2	60	57	0	0	2875	P1-1-35	0	-
36	6.72437	7.3025	F#4	72	55	0	0	3000	P1-1-36	0	-
37	6.74125	7.09125	A2	57	55	0	0	3000	P1-1-37	0	-
38	6.99312	7.2725	C#3	62	57	0	0	3125	P1-1-38	0	-
39	7.26719	7.81094	F4	64	54	0	0	3250	P1-1-39	0	-
40	7.28594	7.55375	D3	48	54	0	0	3250	P1-1-40	0	-
41	7.54219	8.20562	G#2	61	52	0	0	3375	P1-1-41	0	-
42	7.80156	8.32875	E4	66	54	0	0	3500	P1-1-42	0	-
43	8.06	8.59313	A2	61	53	0	0	3625	P1-1-43	0	-
44	8.33812	9.12125	D4	58	50	0	0	3750	P1-1-44	0	-
45	8.58906	8.89844	B2	49	53	0	0	3875	P1-1-45	0	-
46	8.89438	9.63063	E2	42	47	0	0	4000	P1-1-46	0	-
47	9.13813	9.265	C4	64	62	0	0	4125	P1-1-47	0	-
48	9.25156	9.34437	B3	73	65	0	0	4187	P1-1-48	0	-
49	9.3725	9.66	C4	73	59	0	0	4250	P1-1-49	0	-
50	9.39219	9.93062	A2	51	51	0	0	4250	P1-1-50	0	-
51	9.66	10.1962	A4	72	55	0	0	4375	P1-1-51	0	-
52	9.91719	10.5266	B2	64	53	0	0	4500	P1-1-52	0	-
53	10.1891	10.4859	G#4	79	60	0	0	4625	P1-1-53	0	-
54	10.4703	11.01	C#3	54	52	0	0	4750	P1-1-55	0	-
55	10.4756	10.74	E5	74	59	0	0	4750	P1-1-54	0	-
56	10.7444	11.2484	G4	65	54	0	0	4875	P1-1-56	0	-
57	11.0047	11.4838	D3	63	54	0	0	5000	P1-1-57	0	-
58	11.26	11.4275	F4	73	62	0	0	5125	P1-1-58	0	-
59	11.3797	11.4859	E4	75	65	0	0	5187	P1-1-59	0	-
60	11.4994	12.0641	B2	72	55	0	0	5250	P1-1-61	0	-
61	11.5087	11.7797	Eb4	77	60	0	0	5250	P1-1-60	0	-
62	11.7766	12.26	B4	83	57	0	0	5375	P1-1-62	0	-
63	12.0391	12.6078	C#3	72	55	0	0	5500	P1-1-63	0	-
64	12.2806	12.5631	Bb4	77	60	0	0	5625	P1-1-64	0	-
65	12.5578	12.8225	F#5	81	61	0	0	5750	P1-1-65	0	-
66	12.5819	13.0225	Eb3	68	56	0	0	5750	P1-1-66	0	-
67	12.8319	13.1631	A4	69	57	0	0	5875	P1-1-67	0	-
68	13.0819	13.5828	E3	80	57	0	0	6000	P1-1-68	0	-
69	13.2141	13.3338	G4	76	64	0	0	6062	P1-1-69	0	-
70	13.3275	13.4369	A4	74	64	0	0	6125	P1-1-70	0	-
71	13.4306	13.5641	B4	79	64	0	0	6187	P1-1-71	0	-
72	13.5578	13.8359	C5	85	61	0	0	6250	P1-1-72	0	-
73	13.6006	14.1244	E4	72	55	0	0	6250	P1-1-73	0	-
74	13.8453	14.1172	G4	72	59	0	0	6375	P1-1-74	0	-
75	14.1109	14.385	F#4	77	60	0	0	6500	P1-1-75	0	-
76	14.1172	14.6475	Eb4	62	53	0	0	6500	P1-1-76	0	-
77	14.3725	14.6631	Bb4	80	60	0	0	6625	P1-1-77	0	-
78	14.64	15.0131	B4	80	58	0	0	6750	P1-1-78	0	-
79	14.6453	15.2181	D4	64	53	0	0	6750	P1-1-79	0	-
80	14.9119	15.2016	F4	66	58	0	0	6875	P1-1-80	0	-
81	15.1775	15.46	E4	68	58	0	0	7000	P1-1-81	0	-
82	15.2069	15.7672	C#4	55	52	0	0	7000	P1-1-82	0	-
83	15.4431	15.7369	G#4	74	59	0	0	7125	P1-1-83	0	-
84	15.7225	15.9994	A4	67	58	0	0	7250	P1-1-84	0	-
85	15.7328	16.3016	C4	60	53	0	0	7250	P1-1-85	0	-
86	15.99	16.5275	Eb4	69	55	0	0	7375	P1-1-86	0	-
87	16.26	16.8025	B3	59	53	0	0	7500	P1-1-87	0	-
88	16.5225	17.01	E4	72	56	0	0	7625	P1-1-88	0	-
89	16.7931	17.4078	A3	59	52	0	0	7750	P1-1-89	0	-
90	17.0412	17.3181	F#4	66	58	0	0	7875	P1-1-90	0	-
91	17.2922	17.4275	B3	65	62	0	0	8000	P1-1-91	0	-
92	17.4319	17.5506	G3	68	63	0	0	8062	P1-1-92	0	-
93	17.5556	17.6694	A3	71	64	0	0	8125	P1-1-93	0	-
94	17.6744	17.7881	B3	76	64	0	0	8187	P1-1-94	0	-
95	17.8037	18.3506	E5	85	57	0	0	8250	P1-1-95	0	-
96	17.8287	18.1275	C4	70	58	0	0	8250	P1-1-96	0	-
97	18.0681	18.3266	G3	67	58	0	0	8375	P1-1-97	0	-
98	18.3172	18.9047	Eb5	74	55	0	0	8500	P1-1-98	0	-
99	18.3453	18.7431	F#3	60	55	0	0	8500	P1-1-99	0	-
100	18.5922	18.8694	Bb3	68	58	0	0	8625	P1-1-100	0	-
101	18.8506	19.4391	D5	72	55	0	0	8750	P1-1-101	0	-
102	18.8744	19.1381	B3	61	57	0	0	8750	P1-1-102	0	-
103	19.115	19.385	F3	65	58	0	0	8875	P1-1-103	0	-
104	19.3766	19.9131	C#5	71	55	0	0	9000	P1-1-104	0	-
105	19.4016	19.715	E3	57	55	0	0	9000	P1-1-105	0	-
106	19.6556	19.9381	G#3	56	56	0	0	9125	P1-1-106	0	-
107	19.9087	20.4287	C5	72	55	0	0	9250	P1-1-107	0	-
108	19.9422	20.2225	A3	49	54	0	0	9250	P1-1-108	0	-
109	20.1922	20.7828	Eb3	65	53	0	0	9375	P1-1-109	0	-
110	20.4337	20.9787	B4	68	54	0	0	9500	P1-1-110	0	-
111	20.7287	21.2681	E3	62	53	0	0	9625	P1-1-111	0	-
112	20.9787	21.8056	A4	60	50	0	0	9750	P1-1-112	0	-
113	21.2506	21.5475	F#3	59	56	0	0	9875	P1-1-113	0	-
114	21.5525	22.1078	B2	52	51	0	0	10000	P1-1-114	0	-
115	21.81	21.9306	G4	59	61	0	0	10125	P1-1-115	0	-
116	21.9266	22.0244	F#4	71	64	0	0	10187	P1-1-116	0	-
117	22.0609	22.3287	G4	77	60	0	0	10250	P1-1-117	0	-
118	22.0725	22.615	E3	55	52	0	0	10250	P1-1-118	0	-
119	22.335	22.8578	E5	80	57	0	0	10375	P1-1-119	0	-
120	22.5994	23.2694	F#3	71	54	0	0	10500	P1-1-120	0	-
121	22.8525	23.1225	Eb5	78	60	0	0	10625	P1-1-121	0	-
122	23.1172	23.3859	B5	74	59	0	0	10750	P1-1-122	0	-
123	23.1494	23.6475	G#3	61	54	0	0	10750	P1-1-123	0	-
124	23.3922	23.9244	D5	69	55	0	0	10875	P1-1-124	0	-
125	23.6703	23.9162	A3	68	59	0	0	11000	P1-1-125	0	-
126	23.9194	24.0453	C5	73	63	0	0	11125	P1-1-126	0	-
127	23.9266	24.1619	A2	57	57	0	0	11125	P1-1-127	0	-
128	24.0453	24.1713	B4	73	63	0	0	11187	P1-1-128	0	-
129	24.1828	24.9475	A3	69	53	0	0	11250	P1-1-130	0	-
130	24.1828	24.4119	C5	79	61	0	0	11250	P1-1-129	0	-
131	24.4381	24.7234	A4	73	59	0	0	11375	P1-1-131	0	-
132	24.7078	25.2453	B4	79	56	0	0	11500	P1-1-132	0	-
133	24.9569	25.29	G#3	64	56	0	0	11625	P1-1-133	0	-
134	25.24	25.7672	C#5	75	56	0	0	11750	P1-1-134	0	-
135	25.2494	25.4912	E4	64	58	0	0	11750	P1-1-135	0	-
136	25.515	26.0181	G3	64	54	0	0	11875	P1-1-136	0	-
137	25.7672	26.0266	D5	71	59	0	0	12000	P1-1-137	0	-
138	26.0319	26.2556	D4	68	59	0	0	12125	P1-1-138	0	-
139	26.0338	26.1306	F#3	67	64	0	0	12125	P1-1-139	0	-
140	26.14	26.2725	E3	71	63	0	0	12187	P1-1-140	0	-
141	26.2787	27.065	D5	80	54	0	0	12250	P1-1-141	0	-
142	26.2913	26.5306	F#3	69	59	0	0	12250	P1-1-142	0	-
143	26.5391	26.8444	D3	72	58	0	0	12375	P1-1-143	0	-
144	26.8287	27.39	E3	76	56	0	0	12500	P1-1-144	0	-
145	27.0609	27.3337	C#5	80	60	0	0	12625	P1-1-145	0	-
146	27.3359	27.5944	A5	73	59	0	0	12750	P1-1-146	0	-
147	27.3547	27.8516	F#3	61	54	0	0	12750	P1-1-147	0	-
148	27.5994	28.1337	C5	65	54	0	0	12875	P1-1-148	0	-
149	27.8734	28.1297	G3	59	57	0	0	13000	P1-1-149	0	-
150	28.1337	28.24	B4	76	65	0	0	13125	P1-1-150	0	-
151	28.1431	28.3662	G2	60	58	0	0	13125	P1-1-151	0	-
152	28.2453	28.3641	A4	71	63	0	0	13187	P1-1-152	0	-
153	28.3725	28.6369	B4	77	60	0	0	13250	P1-1-153	0	-
154	28.4006	29.1453	G3	66	52	0	0	13250	P1-1-154	0	-
155	28.6506	28.8984	G4	71	59	0	0	13375	P1-1-155	0	-
156	28.9056	29.4391	A4	69	55	0	0	13500	P1-1-156	0	-
157	29.1578	29.4547	F#3	67	58	0	0	13625	P1-1-157	0	-
158	29.4275	29.9337	B4	72	55	0	0	13750	P1-1-158	0	-
159	29.4391	29.6766	D4	59	57	0	0	13750	P1-1-159	0	-
160	29.6962	30.0556	F3	57	55	0	0	13875	P1-1-160	0	-
161	29.9578	30.3975	C5	75	57	0	0	14000	P1-1-161	0	-
162	30.065	30.185	E3	76	64	0	0	14062	P1-1-162	0	-
163	30.1891	30.3016	F3	72	64	0	0	14125	P1-1-163	0	-
164	30.2994	30.4328	G3	76	64	0	0	14187	P1-1-164	0	-
165	30.4462	31.1869	C6	85	55	0	0	14250	P1-1-165	0	-
166	30.46	30.7422	A3	77	60	0	0	14250	P1-1-166	0	-
167	30.7047	30.9797	E3	72	59	0	0	14375	P1-1-167	0	-
168	30.9672	31.5141	B5	74	55	0	0	14500	P1-1-168	0	-
169	30.985	31.2912	Eb3	68	58	0	0	14500	P1-1-169	0	-
170	31.2275	31.4994	F#3	71	59	0	0	14625	P1-1-170	0	-
171	31.4881	32.0109	Bb5	77	56	0	0	14750	P1-1-171	0	-
172	31.5141	31.79	G3	58	56	0	0	14750	P1-1-172	0	-
173	31.7431	32.015	D3	62	57	0	0	14875	P1-1-173	0	-
174	32.0109	32.565	A5	75	55	0	0	15000	P1-1-174	0	-
175	32.0194	32.3912	C#3	61	55	0	0	15000	P1-1-175	0	-
176	32.2775	32.5569	E3	60	57	0	0	15125	P1-1-176	0	-
177	32.5453	33.1088	G#5	73	55	0	0	15250	P1-1-177	0	-
178	32.5703	32.8422	F3	56	56	0	0	15250	P1-1-178	0	-
179	32.8234	33.3578	C3	57	52	0	0	15375	P1-1-179	0	-
180	33.0828	33.6047	G5	74	56	0	0	15500	P1-1-180	0	-
181	33.3462	33.8766	B2	59	53	0	0	15625	P1-1-181	0	-
182	33.5994	34.2212	F5	71	54	0	0	15750	P1-1-182	0	-
183	33.8453	33.9859	C3	54	59	0	0	15875	P1-1-183	0	-
184	33.9744	34.0891	D3	58	61	0	0	15937	P1-1-184	0	-
185	34.1244	34.615	G2	55	52	0	0	16000	P1-1-185	0	-
186	34.2453	34.365	B4	70	63	0	0	16062	P1-1-186	0	-
187	34.3537	34.4703	C5	78	65	0	0	16125	P1-1-187	0	-
188	34.4663	34.6203	D5	79	63	0	0	16187	P1-1-188	0	-
189	34.6088	34.8744	E5	78	60	0	0	16250	P1-1-189	0	-
190	34.615	35.1725	G3	66	54	0	0	16250	P1-1-190	0	-
191	34.8837	35.1681	B4	72	59	0	0	16375	P1-1-191	0	-
192	35.16	35.6994	F#3	63	53	0	0	16500	P1-1-193	0	-
193	35.16	35.4756	Bb4	76	59	0	0	16500	P1-1-192	0	-
194	35.4244	35.7172	C#5	73	59	0	0	16625	P1-1-194	0	-
195	35.6806	35.9569	D5	76	60	0	0	16750	P1-1-195	0	-
196	35.7088	36.2319	F3	57	52	0	0	16750	P1-1-196	0	-
197	35.9494	36.2119	A4	63	57	0	0	16875	P1-1-197	0	-
198	36.2162	36.4859	G#4	72	59	0	0	17000	P1-1-198	0	-
199	36.2212	36.7422	E3	64	54	0	0	17000	P1-1-199	0	-
200	36.4859	36.7713	B4	69	58	0	0	17125	P1-1-200	0	-
201	36.7537	37.315	Eb3	60	53	0	0	17250	P1-1-202	0	-
202	36.7537	37.0306	C5	72	59	0	0	17250	P1-1-201	0	-
203	37.0306	37.5506	G4	59	53	0	0	17375	P1-1-203	0	-
204	37.2931	37.8381	D3	55	52	0	0	17500	P1-1-204	0	-
205	37.5662	38.0994	F#4	64	54	0	0	17625	P1-1-205	0	-
206	37.8319	38.59	C3	55	50	0	0	17750	P1-1-206	0	-
207	38.09	38.2556	G4	62	60	0	0	17875	P1-1-207	0	-
208	38.2181	38.3056	A4	60	63	0	0	17937	P1-1-208	0	-
209	38.3338	38.8506	D4	67	54	0	0	18000	P1-1-209	0	-
210	38.5994	38.6953	B2	63	63	0	0	18125	P1-1-210	0	-
211	38.7212	38.8663	A2	62	61	0	0	18187	P1-1-211	0	-
212	38.8506	39.39	G4	73	55	0	0	18250	P1-1-212	0	-
213	38.8703	39.1337	B2	53	55	0	0	18250	P1-1-213	0	-
214	39.1297	39.6391	G3	61	53	0	0	18375	P1-1-214	0	-
215	39.3713	39.9172	A4	68	54	0	0	18500	P1-1-215	0	-
216	39.6412	39.9431	F#3	68	58	0	0	18625	P1-1-216	0	-
217	39.9119	40.4422	B4	76	56	0	0	18750	P1-1-217	0	-
218	39.9266	40.1453	D4	66	59	0	0	18750	P1-1-218	0	-
219	40.1775	40.6859	F3	69	55	0	0	18875	P1-1-219	0	-
220	40.435	40.9819	C5	78	56	0	0	19000	P1-1-220	0	-
221	40.6944	40.8006	E3	74	65	0	0	19125	P1-1-221	0	-
222	40.8275	40.9547	D3	62	61	0	0	19187	P1-1-222	0	-
223	40.96	41.4984	A4	73	55	0	0	19250	P1-1-223	0	-
224	40.9681	41.2391	C#3	71	59	0	0	19250	P1-1-224	0	-
225	41.2391	41.735	A3	73	56	0	0	19375	P1-1-225	0	-
226	41.49	42.0297	B4	84	57	0	0	19500	P1-1-226	0	-
227	41.7444	42.035	G#3	70	58	0	0	19625	P1-1-227	0	-
228	42.0109	42.5422	C#5	82	57	0	0	19750	P1-1-228	0	-
229	42.0162	42.2775	E4	69	59	0	0	19750	P1-1-229	0	-
230	42.2744	42.535	G3	70	59	0	0	19875	P1-1-230	0	-
231	42.5306	43.0234	D5	77	56	0	0	20000	P1-1-231	0	-
232	42.6672	42.785	F#3	72	64	0	0	20062	P1-1-232	0	-
233	42.785	42.8806	G3	76	65	0	0	20125	P1-1-233	0	-
234	42.9025	43.0694	A3	85	64	0	0	20187	P1-1-234	0	-
235	43.0381	43.6109	D4	73	55	0	0	20250	P1-1-235	0	-
236	43.0766	43.3287	Bb3	56	56	0	0	20250	P1-1-236	0	-
237	43.3194	43.5962	F3	69	58	0	0	20375	P1-1-237	0	-
238	43.5891	44.1547	C#4	63	53	0	0	20500	P1-1-238	0	-
239	43.6006	43.8787	E3	63	57	0	0	20500	P1-1-239	0	-
240	43.8663	44.1016	G#3	65	58	0	0	20625	P1-1-240	0	-
241	44.1163	44.64	C4	71	55	0	0	20750	P1-1-241	0	-
242	44.1297	44.4087	A3	57	56	0	0	20750	P1-1-242	0	-
243	44.3797	44.6681	Eb3	63	57	0	0	20875	P1-1-243	0	-
244	44.6516	45.2016	B3	70	55	0	0	21000	P1-1-244	0	-
245	44.6631	44.9619	D3	57	56	0	0	21000	P1-1-245	0	-
246	44.9203	45.2016	F#3	62	57	0	0	21125	P1-1-246	0	-
247	45.1891	45.7641	Bb3	65	54	0	0	21250	P1-1-247	0	-
248	45.2069	45.4712	G3	48	54	0	0	21250	P1-1-248	0	-
249	45.4663	46.0587	C#3	60	52	0	0	21375	P1-1-249	0	-
250	45.7212	46.2953	A3	65	54	0	0	21500	P1-1-250	0	-
251	45.9994	46.54	D3	61	53	0	0	21625	P1-1-251	0	-
252	46.2569	47.0578	G3	61	51	0	0	21750	P1-1-252	0	-
253	46.5244	46.81	E3	62	57	0	0	21875	P1-1-253	0	-
254	46.815	47.5587	A2	61	51	0	0	22000	P1-1-254	0	-
255	47.0828	47.1944	F3	64	62	0	0	22125	P1-1-255	0	-
256	47.1944	47.2953	E3	73	65	0	0	22187	P1-1-256	0	-
257	47.3275	47.5975	F3	70	59	0	0	22250	P1-1-257	0	-
258	47.3569	47.8506	D3	62	54	0	0	22250	P1-1-258	0	-
259	47.6087	48.1288	D4	72	55	0	0	22375	P1-1-259	0	-
260	47.8578	48.4453	E3	65	53	0	0	22500	P1-1-260	0	-
261	48.1212	48.4056	C#4	73	59	0	0	22625	P1-1-261	0	-
262	48.3869	48.6734	A4	73	59	0	0	22750	P1-1-262	0	-
263	48.4056	48.94	F#3	66	54	0	0	22750	P1-1-263	0	-
264	48.6713	49.1944	C4	66	54	0	0	22875	P1-1-264	0	-
265	48.9234	49.4462	G3	62	53	0	0	23000	P1-1-265	0	-
266	49.1828	49.335	B3	71	62	0	0	23125	P1-1-266	0	-
267	49.3006	49.4234	A3	83	65	0	0	23187	P1-1-267	0	-
268	49.4337	49.7234	G#3	83	60	0	0	23250	P1-1-268	0	-
269	49.4462	49.9944	E3	64	54	0	0	23250	P1-1-269	0	-
270	49.7181	50.2119	E4	83	57	0	0	23375	P1-1-270	0	-
271	49.9641	50.6256	F#3	73	54	0	0	23500	P1-1-271	0	-
272	50.2212	50.4962	Eb4	79	60	0	0	23625	P1-1-272	0	-
273	50.5006	50.7516	B4	80	61	0	0	23750	P1-1-273	0	-
274	50.5141	51.0078	G#3	76	56	0	0	23750	P1-1-274	0	-
275	50.7734	51.1131	D4	76	58	0	0	23875	P1-1-275	0	-
276	51.0266	51.2444	A3	76	61	0	0	24000	P1-1-276	0	-
277	51.1381	51.265	C4	74	64	0	0	24062	P1-1-277	0	-
278	51.26	51.3912	D4	82	65	0	0	24125	P1-1-278	0	-
279	51.2694	51.5275	A2	67	58	0	0	24125	P1-1-279	0	-
280	51.385	51.5391	E4	75	63	0	0	24187	P1-1-280	0	-
281	51.5275	52.1213	A3	75	55	0	0	24250	P1-1-282	0	-
282	51.5319	51.8453	F4	78	59	0	0	24250	P1-1-281	0	-
283	51.8275	52.085	C4	72	59	0	0	24375	P1-1-283	0	-
284	52.0806	52.3984	B3	74	58	0	0	24500	P1-1-284	0	-
285	52.0922	52.6306	G#3	67	54	0	0	24500	P1-1-285	0	-
286	52.3444	52.6306	Eb4	73	59	0	0	24625	P1-1-286	0	-
287	52.6119	52.915	E4	77	59	0	0	24750	P1-1-287	0	-
288	52.6306	53.1944	G3	59	52	0	0	24750	P1-1-288	0	-
289	52.8713	53.1556	Bb3	74	59	0	0	24875	P1-1-289	0	-
290	53.1494	53.4338	A3	70	58	0	0	25000	P1-1-290	0	-
291	53.1619	53.7359	F#3	60	53	0	0	25000	P1-1-291	0	-
292	53.415	53.7109	C#4	64	57	0	0	25125	P1-1-292	0	-
293	53.6975	53.9569	D4	68	58	0	0	25250	P1-1-293	0	-
294	53.7016	54.3087	F3	60	52	0	0	25250	P1-1-294	0	-
295	53.9712	54.5016	G#3	62	53	0	0	25375	P1-1-295	0	-
296	54.2431	54.8212	E3	55	51	0	0	25500	P1-1-296	0	-
297	54.4922	55.0484	A3	69	54	0	0	25625	P1-1-297	0	-
298	54.7662	55.5453	D3	53	49	0	0	25750	P1-1-298	0	-
299	55.035	55.2922	B3	60	57	0	0	25875	P1-1-299	0	-
300	55.3109	55.7797	E3	66	55	0	0	26000	P1-1-300	0	-
301	55.5797	55.6944	C3	61	62	0	0	26125	P1-1-301	0	-
302	55.7056	55.8494	B2	66	61	0	0	26187	P1-1-302	0	-
303	55.8359	56.3484	E4	74	56	0	0	26250	P1-1-303	0	-
304	55.8631	56.085	C3	66	59	0	0	26250	P1-1-304	0	-
305	56.1006	56.6412	E3	61	53	0	0	26375	P1-1-305	0	-
306	56.385	56.9275	F#4	72	55	0	0	26500	P1-1-306	0	-
307	56.6431	56.9588	Eb3	68	57	0	0	26625	P1-1-307	0	-
308	56.9069	57.4775	G#4	75	55	0	0	26750	P1-1-308	0	-
309	56.9181	57.1506	B3	66	59	0	0	26750	P1-1-309	0	-
310	57.1788	57.6869	D3	61	53	0	0	26875	P1-1-310	0	-
311	57.4475	57.7037	A4	70	59	0	0	27000	P1-1-311	0	-
312	57.7131	57.9484	A3	67	59	0	0	27125	P1-1-312	0	-
313	57.7172	57.7922	C#3	68	65	0	0	27125	P1-1-313	0	-
314	57.8141	57.9484	B2	78	64	0	0	27187	P1-1-314	0	-
315	57.9587	58.2194	C#3	68	58	0	0	27250	P1-1-316	0	-
316	57.9681	58.7444	A4	77	54	0	0	27250	P1-1-315	0	-
317	58.2234	58.5047	A2	72	59	0	0	27375	P1-1-317	0	-
318	58.4963	59.0828	B2	73	55	0	0	27500	P1-1-318	0	-
319	58.7525	59.0306	G#4	79	60	0	0	27625	P1-1-319	0	-
320	59.0287	59.3016	E5	78	60	0	0	27750	P1-1-320	0	-
321	59.0412	59.5516	C#3	62	54	0	0	27750	P1-1-321	0	-
322	59.3162	59.8319	G4	63	54	0	0	27875	P1-1-322	0	-
323	59.5775	59.8162	D3	57	57	0	0	28000	P1-1-323	0	-
324	59.8319	59.9494	F#4	69	63	0	0	28125	P1-1-324	0	-
325	59.8359	60.085	D2	54	56	0	0	28125	P1-1-325	0	-
326	59.9453	60.0766	E4	73	63	0	0	28187	P1-1-326	0	-
327	60.0837	60.3306	F#4	74	60	0	0	28250	P1-1-327	0	-
328	60.0913	60.8725	D3	71	53	0	0	28250	P1-1-328	0	-
329	60.3475	60.6119	D4	73	59	0	0	28375	P1-1-329	0	-
330	60.6119	61.1453	E4	71	55	0	0	28500	P1-1-330	0	-
331	60.8631	61.1641	C#3	69	58	0	0	28625	P1-1-331	0	-
332	61.1359	61.6694	F#4	70	55	0	0	28750	P1-1-332	0	-
333	61.1412	61.3787	A3	63	58	0	0	28750	P1-1-333	0	-
334	61.4141	61.9234	C3	61	53	0	0	28875	P1-1-334	0	-
335	61.6712	61.9275	G4	72	59	0	0	29000	P1-1-335	0	-
336	61.9369	62.1631	G3	68	59	0	0	29125	P1-1-336	0	-
337	61.9537	62.0484	B2	65	64	0	0	29125	P1-1-337	0	-
338	62.0619	62.1837	A2	73	64	0	0	29187	P1-1-338	0	-
339	62.1953	62.4475	B2	75	60	0	0	29250	P1-1-340	0	-
340	62.1953	62.9734	G4	78	54	0	0	29250	P1-1-339	0	-
341	62.4556	62.7537	G2	81	60	0	0	29375	P1-1-341	0	-
342	62.735	63.2703	A2	80	56	0	0	29500	P1-1-342	0	-
343	62.9881	63.2569	F#4	75	60	0	0	29625	P1-1-343	0	-
344	63.2453	63.5256	D5	83	61	0	0	29750	P1-1-344	0	-
345	63.2609	63.7775	B2	74	56	0	0	29750	P1-1-345	0	-
346	63.5328	63.9819	F4	76	57	0	0	29875	P1-1-346	0	-
347	63.7775	64.5463	C3	76	54	0	0	30000	P1-1-347	0	-
348	64.0588	64.1631	E4	80	66	0	0	30125	P1-1-348	0	-
349	64.1672	64.2525	D4	84	67	0	0	30187	P1-1-349	0	-
350	64.2859	64.49	E4	90	63	0	0	30250	P1-1-350	0	-
351	64.535	65.0131	E5	90	59	0	0	30375	P1-1-351	0	-
352	64.5484	64.6494	B2	69	64	0	0	30375	P1-1-352	0	-
353	64.6537	64.7588	A2	70	64	0	0	30437	P1-1-353	0	-
354	64.7819	64.8787	G3	82	66	0	0	30500	*	3	-
355	64.89	64.9703	F3	80	67	0	0	30500	P1-1-354	0	-
356	65.0087	65.0537	G3	79	70	0	0	30562	P1-1-355	0	-
357	65.0194	65.1891	F5	81	63	0	0	30625	P1-1-356	0	-
358	65.1006	65.1641	F3	79	68	0	0	30625	P1-1-357	0	-
359	65.1381	65.3359	E5	85	63	0	0	30687	P1-1-358	0	-
360	65.2141	65.2788	G3	66	66	0	0	30687	P1-1-359	0	-
361	65.2547	65.3881	D5	76	64	0	0	30750	P1-1-360	0	-
362	65.29	65.3713	F3	75	66	0	0	30750	P1-1-361	0	-
363	65.3556	65.4359	C5	85	68	0	0	30812	P1-1-362	0	-
364	65.4172	65.4994	G3	77	66	0	0	30812	P1-1-363	0	-
365	65.4631	65.6181	B4	85	64	0	0	30875	P1-1-364	0	-
366	65.5194	65.6912	F3	68	61	0	0	30875	P1-1-365	0	-
367	65.5806	65.7453	A4	72	62	0	0	30937	P1-1-366	0	-
368	65.6859	65.8859	E3	77	61	0	0	31000	P1-1-369	0	-
369	65.7087	67.7662	G#4	85	50	0	0	31000	P1-1-368	0	-
370	65.8413	65.9766	E4	79	64	0	0	31062	P1-1-370	0	-
371	65.96	66.1037	D4	79	64	0	0	31125	P1-1-371	0	-
372	66.0641	66.16	C4	75	65	0	0	31187	P1-1-372	0	-
373	66.19	66.2931	B3	81	66	0	0	31250	P1-1-373	0	-
374	66.2963	66.4078	A3	77	65	0	0	31312	P1-1-374	0	-
375	66.4391	66.5381	G#3	76	65	0	0	31375	P1-1-375	0	-
376	66.5569	66.7181	F#3	73	62	0	0	31437	P1-1-376	0	-
377	66.7256	67.3131	E3	59	52	0	0	31500	P1-1-377	0	-
378	67.3547	67.9056	E2	39	47	0	0	31750	P1-1-378	0	-
379	68.1506	68.6578	E5	71	55	0	0	32000	P1-1-379	0	-
380	68.2756	68.3775	C4	60	62	0	0	32062	P1-1-380	0	-
381	68.3931	68.4869	B3	57	62	0	0	32125	P1-1-381	0	-
382	68.5006	68.665	A3	71	62	0	0	32187	P1-1-382	0	-
383	68.6578	69.2256	E4	66	54	0	0	32250	P1-1-383	0	-
384	68.6744	68.9619	G#3	60	56	0	0	32250	P1-1-384	0	-
385	68.9369	69.2163	C#4	61	57	0	0	32375	P1-1-385	0	-
386	69.2163	69.7712	F4	72	55	0	0	32500	P1-1-386	0	-
387	69.2203	69.4756	D4	63	58	0	0	32500	P1-1-387	0	-
388	69.4609	69.7225	Bb3	66	58	0	0	32625	P1-1-388	0	-
389	69.7275	69.9984	A3	71	59	0	0	32750	P1-1-390	0	-
390	69.735	70.2537	F#4	77	56	0	0	32750	P1-1-389	0	-
391	69.9984	70.2725	Eb4	73	59	0	0	32875	P1-1-391	0	-
392	70.265	70.8172	G4	78	56	0	0	33000	P1-1-392	0	-
393	70.2725	70.5444	E4	73	59	0	0	33000	P1-1-393	0	-
394	70.5256	70.8016	C4	72	59	0	0	33125	P1-1-394	0	-
395	70.8016	71.3181	G#4	82	57	0	0	33250	P1-1-395	0	-
396	70.8172	71.0984	B3	73	59	0	0	33250	P1-1-396	0	-
397	71.0712	71.6109	F4	75	56	0	0	33375	P1-1-397	0	-
398	71.3337	71.8631	A4	75	56	0	0	33500	P1-1-398	0	-
399	71.5962	72.1181	E4	78	56	0	0	33625	P1-1-399	0	-
400	71.8569	72.385	B4	82	57	0	0	33750	P1-1-400	0	-
401	72.1088	72.4016	D4	82	60	0	0	33875	P1-1-401	0	-
402	72.3806	72.8775	A4	65	54	0	0	34000	P1-1-403	0	-
403	72.385	72.4922	C5	74	64	0	0	34000	P1-1-402	0	-
404	72.4963	72.6494	F5	76	63	0	0	34062	P1-1-404	0	-
405	72.6234	72.7275	E5	80	66	0	0	34125	P1-1-405	0	-
406	72.7181	72.8859	D5	78	63	0	0	34187	P1-1-406	0	-
407	72.8662	73.1631	C#5	84	60	0	0	34250	P1-1-407	0	-
408	72.8775	73.4319	A3	75	55	0	0	34250	P1-1-408	0	-
409	73.1306	73.4297	F#5	82	60	0	0	34375	P1-1-409	0	-
410	73.3953	73.9453	Bb3	70	55	0	0	34500	P1-1-411	0	-
411	73.3953	73.6975	G5	87	61	0	0	34500	P1-1-410	0	-
412	73.6744	73.9494	Eb5	83	61	0	0	34625	P1-1-412	0	-
413	73.9297	74.2431	D5	82	60	0	0	34750	P1-1-413	0	-
414	73.9453	74.5672	B3	67	53	0	0	34750	P1-1-414	0	-
415	74.1962	74.5369	G#5	81	59	0	0	34875	P1-1-415	0	-
416	74.4775	74.7806	A5	80	60	0	0	35000	P1-1-416	0	-
417	74.4828	75.1275	C4	64	53	0	0	35000	P1-1-417	0	-
418	74.7587	75.0047	F5	77	60	0	0	35125	P1-1-418	0	-
419	75.0141	75.3391	E5	72	58	0	0	35250	P1-1-419	0	-
420	75.0306	75.6662	C#4	53	50	0	0	35250	P1-1-420	0	-
421	75.3225	75.8672	Bb5	77	56	0	0	35375	P1-1-421	0	-
422	75.5859	76.1484	D4	62	53	0	0	35500	P1-1-422	0	-
423	75.8506	76.51	A5	75	55	0	0	35625	P1-1-423	0	-
424	76.14	76.6744	E4	61	53	0	0	35750	P1-1-424	0	-
425	76.3869	76.69	G#5	70	58	0	0	35875	P1-1-425	0	-
426	76.6556	77.1713	F4	47	50	0	0	36000	P1-1-427	0	-
427	76.6694	76.8538	A5	68	60	0	0	36000	P1-1-426	0	-
428	76.8025	76.985	G5	78	62	0	0	36062	P1-1-428	0	-
429	76.9275	77.0444	F5	75	64	0	0	36125	P1-1-429	0	-
430	77.0297	77.1275	E5	75	65	0	0	36187	P1-1-430	0	-
431	77.16	77.7431	D4	55	51	0	0	36250	P1-1-432	0	-
432	77.1828	77.4288	F5	79	61	0	0	36250	P1-1-431	0	-
433	77.4338	77.6775	Bb4	68	59	0	0	36375	P1-1-433	0	-
434	77.6837	77.96	A4	61	57	0	0	36500	P1-1-434	0	-
435	77.6994	78.235	C4	48	50	0	0	36500	P1-1-435	0	-
436	77.9547	78.2462	E5	74	59	0	0	36625	P1-1-436	0	-
437	78.2212	78.485	D5	65	58	0	0	36750	P1-1-437	0	-
438	78.2462	78.7672	B3	51	51	0	0	36750	P1-1-438	0	-
439	78.5078	78.8609	G#4	63	56	0	0	36875	P1-1-439	0	-
440	78.7725	79.3203	A3	63	53	0	0	37000	P1-1-440	0	-
441	78.89	79.0306	D5	70	62	0	0	37062	P1-1-441	0	-
442	79.0078	79.1203	C5	77	65	0	0	37125	P1-1-442	0	-
443	79.1181	79.2288	B4	74	64	0	0	37187	P1-1-443	0	-
444	79.2631	79.8162	C4	56	52	0	0	37250	P1-1-445	0	-
445	79.2672	79.5391	A4	70	59	0	0	37250	P1-1-444	0	-
446	79.5391	79.8297	E5	73	59	0	0	37375	P1-1-446	0	-
447	79.8119	80.0484	D5	67	59	0	0	37500	P1-1-447	0	-
448	79.8225	80.36	B3	58	52	0	0	37500	P1-1-448	0	-
449	80.0631	80.3275	G4	65	58	0	0	37625	P1-1-449	0	-
450	80.3431	80.8516	A3	57	53	0	0	37750	P1-1-451	0	-
451	80.3431	80.6078	F#4	65	58	0	0	37750	P1-1-450	0	-
452	80.6078	80.8162	C5	71	60	0	0	37875	P1-1-452	0	-
453	80.8516	81.3078	B4	73	56	0	0	38000	P1-1-453	0	-
454	80.8569	80.9725	G3	63	62	0	0	38000	P1-1-454	0	-
455	80.9775	81.0756	B3	72	65	0	0	38062	P1-1-455	0	-
456	81.0975	81.1797	C4	71	65	0	0	38125	P1-1-456	0	-
457	81.215	81.3609	D4	73	63	0	0	38187	P1-1-457	0	-
458	81.3475	81.9131	G5	82	56	0	0	38250	P1-1-458	0	-
459	81.3787	81.6087	E4	49	55	0	0	38250	P1-1-459	0	-
460	81.6172	81.8556	Bb3	64	58	0	0	38375	P1-1-460	0	-
461	81.8787	82.1787	A3	59	56	0	0	38500	P1-1-462	0	-
462	81.8891	82.4462	F5	70	55	0	0	38500	P1-1-461	0	-
463	82.1525	82.4194	D4	57	56	0	0	38625	P1-1-463	0	-
464	82.4163	82.9681	E5	68	54	0	0	38750	P1-1-464	0	-
465	82.4462	82.64	C#4	51	57	0	0	38750	P1-1-465	0	-
466	82.6819	82.9819	G3	62	57	0	0	38875	P1-1-466	0	-
467	82.9569	83.4462	D5	73	56	0	0	39000	P1-1-467	0	-
468	83.0672	83.1766	G4	56	61	0	0	39062	P1-1-468	0	-
469	83.19	83.2775	F4	67	64	0	0	39125	P1-1-469	0	-
470	83.2984	83.4275	E4	68	62	0	0	39187	P1-1-470	0	-
471	83.4484	84.0244	F5	77	56	0	0	39250	P1-1-471	0	-
472	83.4537	83.7056	D4	70	59	0	0	39250	P1-1-472	0	-
473	83.7275	83.9569	G#4	76	61	0	0	39375	P1-1-473	0	-
474	83.9881	84.5162	E5	75	56	0	0	39500	P1-1-474	0	-
475	83.9975	84.2588	A4	56	56	0	0	39500	P1-1-475	0	-
476	84.2431	84.5203	C4	62	57	0	0	39625	P1-1-476	0	-
477	84.5225	85.56	D5	65	50	0	0	39750	P1-1-477	0	-
478	84.5266	84.8641	B3	63	56	0	0	39750	P1-1-478	0	-
479	84.7725	85.0056	F4	54	56	0	0	39875	P1-1-479	0	-
480	85.0328	85.1412	E4	69	64	0	0	40000	P1-1-480	0	-
481	85.1494	85.2391	D4	72	65	0	0	40062	P1-1-481	0	-
482	85.2631	85.39	C4	70	63	0	0	40125	P1-1-482	0	-
483	85.39	85.4984	B3	79	65	0	0	40187	P1-1-483	0	-
484	85.5412	85.8037	C5	76	60	0	0	40250	P1-1-484	0	-
485	85.565	85.7963	A3	79	61	0	0	40250	P1-1-485	0	-
486	85.8056	86.1047	B4	75	59	0	0	40375	P1-1-486	0	-
487	85.8119	86.09	G#3	68	58	0	0	40375	P1-1-487	0	-
488	86.085	86.3569	A3	62	57	0	0	40500	P1-1-489	0	-
489	86.085	86.6578	C5	71	55	0	0	40500	P1-1-488	0	-
490	86.3431	86.6006	F3	64	58	0	0	40625	P1-1-490	0	-
491	86.6234	86.9006	E3	63	57	0	0	40750	P1-1-492	0	-
492	86.6369	87.1275	C#5	79	57	0	0	40750	P1-1-491	0	-
493	86.8797	87.1556	Bb3	78	60	0	0	40875	P1-1-493	0	-
494	87.1369	87.665	D5	82	57	0	0	41000	P1-1-494	0	-
495	87.1506	87.4131	B3	67	58	0	0	41000	P1-1-495	0	-
496	87.3975	87.6494	G3	66	58	0	0	41125	P1-1-496	0	-
497	87.6556	88.1712	Eb5	78	56	0	0	41250	P1-1-497	0	-
498	87.66	87.9631	F#3	76	59	0	0	41250	P1-1-498	0	-
499	87.9275	88.4725	C4	79	56	0	0	41375	P1-1-499	0	-
500	88.1913	88.7538	E5	85	57	0	0	41500	P1-1-500	0	-
501	88.465	88.9922	B3	79	56	0	0	41625	P1-1-501	0	-
502	88.7306	89.2703	F#5	81	57	0	0	41750	P1-1-502	0	-
503	88.9828	89.2422	A3	77	60	0	0	41875	P1-1-503	0	-
504	89.2556	89.4037	G5	77	63	0	0	42000	P1-1-504	0	-
505	89.2609	89.7412	E4	72	56	0	0	42000	P1-1-505	0	-
506	89.3869	89.5038	F5	86	66	0	0	42062	P1-1-506	0	-
507	89.5078	89.5922	E5	84	67	0	0	42125	P1-1-507	0	-
508	89.6194	89.7859	D5	82	63	0	0	42187	P1-1-508	0	-
509	89.7569	90.3547	E3	73	55	0	0	42250	P1-1-510	0	-
510	89.7819	90.035	C#5	86	62	0	0	42250	P1-1-509	0	-
511	90.0234	90.3381	G#5	84	60	0	0	42375	P1-1-511	0	-
512	90.2953	90.8578	F3	72	55	0	0	42500	P1-1-513	0	-
513	90.2953	90.5703	A5	82	60	0	0	42500	P1-1-512	0	-
514	90.5588	90.8087	Eb5	77	60	0	0	42625	P1-1-514	0	-
515	90.8225	91.2056	D5	77	58	0	0	42750	P1-1-515	0	-
516	90.8319	91.3912	F#3	68	54	0	0	42750	P1-1-516	0	-
517	91.0881	91.41	Bb5	77	59	0	0	42875	P1-1-517	0	-
518	91.3587	91.6412	B5	77	60	0	0	43000	P1-1-518	0	-
519	91.3766	91.9119	G3	65	54	0	0	43000	P1-1-519	0	-
520	91.6297	91.885	F5	75	60	0	0	43125	P1-1-520	0	-
521	91.9119	92.0516	E5	72	63	0	0	43250	P1-1-521	0	-
522	91.9131	92.5212	G#3	55	51	0	0	43250	P1-1-522	0	-
523	92.1775	92.7163	D5	75	56	0	0	43375	P1-1-523	0	-
524	92.4494	92.985	A3	59	53	0	0	43500	P1-1-524	0	-
525	92.7141	93.2578	C5	80	56	0	0	43625	P1-1-525	0	-
526	92.9694	93.5025	B3	56	52	0	0	43750	P1-1-526	0	-
527	93.2484	93.76	B4	71	55	0	0	43875	P1-1-527	0	-
528	93.4944	94.0131	C4	63	54	0	0	44000	P1-1-528	0	-
529	93.79	93.8944	A4	64	63	0	0	44125	P1-1-529	0	-
530	93.8994	94.0016	B4	76	65	0	0	44187	P1-1-530	0	-
531	94.0306	94.5984	A3	60	53	0	0	44250	P1-1-532	0	-
532	94.0306	94.3369	C5	79	59	0	0	44250	P1-1-531	0	-
533	94.3109	94.5194	Eb4	72	60	0	0	44375	P1-1-533	0	-
534	94.5525	94.84	E4	70	58	0	0	44500	P1-1-534	0	-
535	94.5681	95.0859	G3	56	52	0	0	44500	P1-1-535	0	-
536	94.8203	95.1087	C#5	75	59	0	0	44625	P1-1-536	0	-
537	95.0806	95.3181	D5	73	60	0	0	44750	P1-1-537	0	-
538	95.0922	95.5631	F3	62	54	0	0	44750	P1-1-538	0	-
539	95.3413	95.61	F4	70	59	0	0	44875	P1-1-539	0	-
540	95.5859	95.7131	E3	65	62	0	0	45000	P1-1-541	0	-
541	95.5953	96.0837	G4	73	56	0	0	45000	P1-1-540	0	-
542	95.7131	95.8266	F3	67	63	0	0	45062	P1-1-542	0	-
543	95.8578	95.915	G3	65	66	0	0	45125	P1-1-543	0	-
544	95.9662	96.1119	A3	71	62	0	0	45187	P1-1-544	0	-
545	96.0953	96.6266	D5	75	56	0	0	45250	P1-1-545	0	-
546	96.1194	96.3453	Bb3	69	59	0	0	45250	P1-1-546	0	-
547	96.3588	96.615	F3	65	58	0	0	45375	P1-1-547	0	-
548	96.6266	97.1475	C#5	74	56	0	0	45500	P1-1-548	0	-
549	96.6319	96.91	E3	61	57	0	0	45500	P1-1-549	0	-
550	96.885	97.1163	A3	64	58	0	0	45625	P1-1-550	0	-
551	97.1431	97.3912	G3	56	56	0	0	45750	P1-1-552	0	-
552	97.1431	97.8141	Bb4	65	53	0	0	45750	P1-1-551	0	-
553	97.4141	97.6944	D3	56	56	0	0	45875	P1-1-553	0	-
554	97.6797	98.235	C#3	64	54	0	0	46000	P1-1-554	0	-
555	97.7975	97.9131	A4	63	62	0	0	46062	P1-1-555	0	-
556	97.9225	98.0287	G4	64	63	0	0	46125	P1-1-556	0	-
557	98.0234	98.1494	A4	73	63	0	0	46187	P1-1-557	0	-
558	98.1672	98.4306	Bb4	76	60	0	0	46250	P1-1-558	0	-
559	98.1944	98.6984	G3	57	53	0	0	46250	P1-1-559	0	-
560	98.4359	98.6734	C#4	70	59	0	0	46375	P1-1-560	0	-
561	98.6913	98.9775	D4	71	58	0	0	46500	P1-1-561	0	-
562	98.6984	99.2369	F3	67	54	0	0	46500	P1-1-562	0	-
563	98.965	99.2181	B4	79	60	0	0	46625	P1-1-563	0	-
564	99.2181	99.4681	C5	84	61	0	0	46750	P1-1-564	0	-
565	99.2412	99.7109	E3	65	55	0	0	46750	P1-1-565	0	-
566	99.485	99.6694	E4	72	61	0	0	46875	P1-1-566	0	-
567	99.7266	99.8506	D3	66	62	0	0	47000	P1-1-568	0	-
568	99.7431	100.226	F#4	76	56	0	0	47000	P1-1-567	0	-
569	99.86	99.9578	E3	66	64	0	0	47062	P1-1-569	0	-
570	99.9619	100.051	F#3	74	66	0	0	47125	P1-1-570	0	-
571	100.083	100.304	G3	79	61	0	0	47187	P1-1-571	0	-
572	100.238	100.801	C5	82	56	0	0	47250	P1-1-572	0	-
573	100.248	100.498	A3	58	57	0	0	47250	P1-1-573	0	-
574	100.494	100.77	Eb3	71	59	0	0	47375	P1-1-574	0	-
575	100.765	101.301	B4	70	55	0	0	47500	P1-1-575	0	-
576	100.774	101.027	D3	63	58	0	0	47500	P1-1-576	0	-
577	101.027	101.295	G3	61	57	0	0	47625	P1-1-577	0	-
578	101.295	101.927	G#4	73	54	0	0	47750	P1-1-578	0	-
579	101.305	101.547	F3	61	58	0	0	47750	P1-1-579	0	-
580	101.572	101.843	C3	61	57	0	0	47875	P1-1-580	0	-
581	101.836	102.346	B2	74	56	0	0	48000	P1-1-581	0	-
582	101.949	102.142	G4	77	62	0	0	48062	P1-1-582	0	-
583	102.071	102.179	A4	77	65	0	0	48125	P1-1-583	0	-
584	102.179	102.324	B4	81	64	0	0	48187	P1-1-584	0	-
585	102.324	102.594	C5	86	61	0	0	48250	P1-1-585	0	-
586	102.335	102.89	E3	77	56	0	0	48250	P1-1-586	0	-
587	102.614	102.895	G4	74	59	0	0	48375	P1-1-587	0	-
588	102.873	103.163	F#4	78	60	0	0	48500	P1-1-588	0	-
589	102.886	103.423	Eb3	69	55	0	0	48500	P1-1-589	0	-
590	103.138	103.433	Bb4	80	60	0	0	48625	P1-1-590	0	-
591	103.402	103.681	B4	79	60	0	0	48750	P1-1-591	0	-
592	103.427	103.973	D3	62	53	0	0	48750	P1-1-592	0	-
593	103.681	104.023	F4	68	57	0	0	48875	P1-1-593	0	-
594	103.951	104.493	C#3	66	54	0	0	49000	P1-1-595	0	-
595	103.955	104.252	E4	73	59	0	0	49000	P1-1-594	0	-
596	104.201	104.485	G#4	76	59	0	0	49125	P1-1-596	0	-
597	104.454	104.873	A4	77	57	0	0	49250	P1-1-597	0	-
598	104.485	105.011	C3	71	55	0	0	49250	P1-1-598	0	-
599	104.743	105.271	Eb4	77	56	0	0	49375	P1-1-599	0	-
600	104.994	105.527	B2	72	55	0	0	49500	P1-1-600	0	-
601	105.262	105.749	E4	86	58	0	0	49625	P1-1-601	0	-
602	105.523	106.163	A2	73	54	0	0	49750	P1-1-602	0	-
603	105.784	106.058	F4	75	59	0	0	49875	P1-1-603	0	-
604	106.047	106.193	B3	82	64	0	0	50000	P1-1-604	0	-
605	106.165	106.288	C3	74	64	0	0	50062	P1-1-605	0	-
606	106.288	106.403	B2	74	64	0	0	50125	P1-1-606	0	-
607	106.407	106.545	A2	73	63	0	0	50187	P1-1-607	0	-
608	106.56	107.131	E5	89	57	0	0	50250	P1-1-608	0	-
609	106.564	106.866	G#2	76	59	0	0	50250	P1-1-609	0	-
610	106.838	107.14	C#3	77	59	0	0	50375	P1-1-610	0	-
611	107.121	107.397	D3	70	59	0	0	50500	P1-1-612	0	-
612	107.121	107.668	F5	87	57	0	0	50500	P1-1-611	0	-
613	107.38	107.655	Bb2	79	60	0	0	50625	P1-1-613	0	-
614	107.655	108.209	F#5	87	57	0	0	50750	P1-1-614	0	-
615	107.663	107.909	A2	70	59	0	0	50750	P1-1-615	0	-
616	107.909	108.207	Eb3	85	60	0	0	50875	P1-1-616	0	-
617	108.172	108.705	G5	87	58	0	0	51000	P1-1-617	0	-
618	108.185	108.461	E3	71	59	0	0	51000	P1-1-618	0	-
619	108.443	108.693	C3	71	59	0	0	51125	P1-1-619	0	-
620	108.697	109.256	G#5	82	57	0	0	51250	P1-1-620	0	-
621	108.705	109.013	B2	70	58	0	0	51250	P1-1-621	0	-
622	108.968	109.485	F3	82	57	0	0	51375	P1-1-622	0	-
623	109.235	109.813	A5	80	56	0	0	51500	P1-1-623	0	-
624	109.488	110.049	E3	73	55	0	0	51625	P1-1-624	0	-
625	109.784	110.595	B5	77	54	0	0	51750	P1-1-625	0	-
626	110.035	110.315	D3	68	58	0	0	51875	P1-1-626	0	-
627	110.323	110.863	C3	68	54	0	0	52000	P1-1-627	0	-
628	110.607	110.714	A5	74	64	0	0	52125	P1-1-628	0	-
629	110.718	110.848	B5	78	64	0	0	52187	P1-1-629	0	-
630	110.852	111.418	E3	58	52	0	0	52250	P1-1-631	0	-
631	110.852	111.116	C6	75	60	0	0	52250	P1-1-630	0	-
632	111.14	111.648	E5	75	56	0	0	52375	P1-1-632	0	-
633	111.398	112.017	F#3	58	52	0	0	52500	P1-1-633	0	-
634	111.664	111.934	Eb5	71	59	0	0	52625	P1-1-634	0	-
635	111.934	112.198	B5	64	58	0	0	52750	P1-1-635	0	-
636	111.948	112.477	G#3	54	52	0	0	52750	P1-1-636	0	-
637	112.208	112.57	D5	59	55	0	0	52875	P1-1-637	0	-
638	112.477	112.977	A3	57	53	0	0	53000	P1-1-638	0	-
639	112.602	112.718	C5	73	64	0	0	53062	P1-1-639	0	-
640	112.711	112.832	D5	74	64	0	0	53125	P1-1-640	0	-
641	112.827	112.977	E5	76	63	0	0	53187	P1-1-641	0	-
642	112.966	113.234	F5	78	60	0	0	53250	P1-1-642	0	-
643	112.977	113.528	A2	42	48	0	0	53250	P1-1-643	0	-
644	113.242	113.724	A4	64	54	0	0	53375	P1-1-644	0	-
645	113.487	114.11	B2	57	51	0	0	53500	P1-1-645	0	-
646	113.762	114.046	G#4	70	58	0	0	53625	P1-1-646	0	-
647	114.038	114.297	E5	71	59	0	0	53750	P1-1-647	0	-
648	114.056	114.573	C#3	50	51	0	0	53750	P1-1-648	0	-
649	114.315	114.688	G4	63	56	0	0	53875	P1-1-649	0	-
650	114.583	115.057	D3	56	53	0	0	54000	P1-1-650	0	-
651	114.711	114.834	F4	64	62	0	0	54062	P1-1-651	0	-
652	114.83	114.934	G4	68	64	0	0	54125	P1-1-652	0	-
653	114.934	115.065	A4	68	62	0	0	54187	P1-1-653	0	-
654	115.087	115.636	D2	57	52	0	0	54250	P1-1-655	0	-
655	115.087	115.361	Bb4	74	59	0	0	54250	P1-1-654	0	-
656	115.361	115.88	D4	66	54	0	0	54375	P1-1-656	0	-
657	115.627	116.169	E2	60	53	0	0	54500	P1-1-657	0	-
658	115.902	116.183	C#4	70	58	0	0	54625	P1-1-658	0	-
659	116.169	116.686	E3	62	54	0	0	54750	P1-1-660	0	-
660	116.174	116.443	A4	71	59	0	0	54750	P1-1-659	0	-
661	116.459	117.02	C4	67	54	0	0	54875	P1-1-661	0	-
662	116.707	117.24	Eb3	60	53	0	0	55000	P1-1-662	0	-
663	116.977	117.233	B3	66	58	0	0	55125	P1-1-663	0	-
664	117.248	117.789	D3	51	51	0	0	55250	P1-1-665	0	-
665	117.248	117.518	G#4	71	59	0	0	55250	P1-1-664	0	-
666	117.52	118.048	B3	62	53	0	0	55375	P1-1-666	0	-
667	117.794	118.365	C#3	56	52	0	0	55500	P1-1-667	0	-
668	118.052	118.323	A3	69	58	0	0	55625	P1-1-668	0	-
669	118.331	118.867	C3	53	51	0	0	55750	P1-1-670	0	-
670	118.331	118.568	F4	67	59	0	0	55750	P1-1-669	0	-
671	118.601	119.143	A3	64	54	0	0	55875	P1-1-671	0	-
672	118.863	119.248	B2	57	54	0	0	56000	P1-1-672	0	-
673	119.152	119.267	G#3	66	63	0	0	56125	P1-1-673	0	-
674	119.257	119.404	F#3	72	62	0	0	56187	P1-1-674	0	-
675	119.391	119.656	G#3	75	60	0	0	56250	P1-1-675	0	-
676	119.396	119.91	B2	59	53	0	0	56250	P1-1-676	0	-
677	119.667	120.072	D4	80	58	0	0	56375	P1-1-677	0	-
678	119.921	120.285	A2	72	57	0	0	56500	P1-1-678	0	-
679	120.045	120.174	C4	77	64	0	0	56562	P1-1-679	0	-
680	120.17	120.246	B3	75	67	0	0	56625	P1-1-680	0	-
681	120.271	120.384	A3	81	65	0	0	56687	P1-1-681	0	-
682	120.413	120.665	B3	81	61	0	0	56750	P1-1-682	0	-
683	120.418	120.842	A2	69	56	0	0	56750	P1-1-683	0	-
684	120.694	121.106	F4	81	58	0	0	56875	P1-1-684	0	-
685	120.968	121.373	G#2	79	58	0	0	57000	P1-1-685	0	-
686	121.058	121.223	E4	79	63	0	0	57062	P1-1-686	0	-
687	121.188	121.298	D4	78	65	0	0	57125	P1-1-687	0	-
688	121.294	121.487	C#4	80	62	0	0	57187	P1-1-688	0	-
689	121.442	121.613	D4	84	63	0	0	57250	P1-1-689	0	-
690	121.48	121.992	G#2	77	56	0	0	57250	P1-1-690	0	-
691	121.739	122.162	B4	88	59	0	0	57375	P1-1-691	0	-
692	122.007	122.348	E2	76	58	0	0	57500	P1-1-692	0	-
693	122.109	122.246	A4	77	64	0	0	57562	P1-1-693	0	-
694	122.233	122.38	G#4	84	64	0	0	57625	P1-1-694	0	-
695	122.359	122.512	F#4	79	63	0	0	57687	P1-1-695	0	-
696	122.493	122.743	G#4	90	62	0	0	57750	P1-1-696	0	-
697	122.497	123.096	E2	76	55	0	0	57750	P1-1-697	0	-
698	122.801	123.386	D5	91	58	0	0	57875	P1-1-698	0	-
699	123.082	123.742	A2	77	55	0	0	58000	P1-1-699	0	-
700	123.355	123.474	C5	77	64	0	0	58125	P1-1-700	0	-
701	123.465	123.598	B4	81	64	0	0	58187	P1-1-701	0	-
702	123.591	123.835	C5	84	61	0	0	58250	P1-1-702	0	-
703	123.74	123.854	D3	68	63	0	0	58312	P1-1-703	0	-
704	123.854	124.131	A4	77	60	0	0	58375	P1-1-704	0	-
705	123.874	123.976	E3	75	65	0	0	58375	P1-1-705	0	-
706	123.994	124.094	F#3	77	65	0	0	58437	P1-1-706	0	-
707	124.119	124.42	G3	68	58	0	0	58500	P1-1-708	0	-
708	124.131	124.657	Bb4	78	56	0	0	58500	P1-1-707	0	-
709	124.403	124.666	Eb3	74	59	0	0	58625	P1-1-709	1	-
710	124.668	125.211	B4	81	57	0	0	58750	P1-1-710	0	-
711	124.684	124.937	D3	64	58	0	0	58750	P1-1-711	1	-
712	124.929	125.232	G#3	75	59	0	0	58875	P1-1-712	0	-
713	125.196	125.758	C5	87	57	0	0	59000	P1-1-713	0	-
714	125.207	125.48	A3	73	59	0	0	59000	P1-1-714	0	-
715	125.463	125.704	F3	80	61	0	0	59125	P1-1-715	0	-
716	125.731	126.011	E3	68	58	0	0	59250	P1-1-717	0	-
717	125.731	126.271	C#5	85	57	0	0	59250	P1-1-716	0	-
718	125.998	126.555	Bb3	91	58	0	0	59375	P1-1-718	0	-
719	126.277	126.826	D5	92	58	0	0	59500	P1-1-719	0	-
720	126.551	127.107	A3	91	58	0	0	59625	P1-1-720	0	-
721	126.83	127.519	E5	90	56	0	0	59750	P1-1-721	0	-
722	127.099	127.377	G3	83	61	0	0	59875	P1-1-722	0	-
723	127.36	127.492	F3	79	64	0	0	60000	P1-1-723	0	-
724	127.483	127.624	C#5	84	64	0	0	60062	P1-1-724	0	-
725	127.502	127.637	E3	83	65	0	0	60062	P1-1-725	0	-
726	127.612	127.739	D5	87	65	0	0	60125	P1-1-726	0	-
727	127.624	127.726	F3	80	66	0	0	60125	P1-1-727	0	-
728	127.726	127.869	E5	88	65	0	0	60187	P1-1-728	0	-
729	127.735	127.827	G3	80	66	0	0	60187	P1-1-729	0	-
730	127.856	128.187	F5	91	61	0	0	60250	P1-1-730	0	-
731	127.861	128.508	A3	81	56	0	0	60250	P1-1-731	0	-
732	128.183	128.479	C5	79	60	0	0	60375	P1-1-732	0	-
733	128.444	128.749	B4	79	59	0	0	60500	P1-1-733	0	-
734	128.452	129.004	G#3	67	54	0	0	60500	P1-1-734	0	-
735	128.705	128.998	Eb5	75	59	0	0	60625	P1-1-735	0	-
736	128.972	129.267	E5	82	60	0	0	60750	P1-1-736	0	-
737	128.993	129.549	G3	63	53	0	0	60750	P1-1-737	0	-
738	129.242	129.549	Bb4	75	59	0	0	60875	P1-1-738	0	-
739	129.513	129.814	A4	64	57	0	0	61000	P1-1-739	0	-
740	129.526	130.107	F#3	65	53	0	0	61000	P1-1-740	0	-
741	129.792	130.093	C#5	80	60	0	0	61125	P1-1-741	0	-
742	130.065	130.368	D5	71	58	0	0	61250	P1-1-742	0	-
743	130.079	130.635	F3	63	53	0	0	61250	P1-1-743	0	-
744	130.346	130.898	G#4	75	55	0	0	61375	P1-1-744	0	-
745	130.602	131.174	E3	65	54	0	0	61500	P1-1-745	0	-
746	130.873	131.413	A4	71	55	0	0	61625	P1-1-746	0	-
747	131.145	131.805	D3	69	53	0	0	61750	P1-1-747	0	-
748	131.409	131.636	B4	75	60	0	0	61875	P1-1-748	0	-
749	131.678	131.894	E4	77	61	0	0	62000	P1-1-749	0	-
750	131.947	132.356	E5	81	58	0	0	62125	P1-1-750	0	-
751	131.957	132.024	C3	68	66	0	0	62125	P1-1-751	0	-
752	132.066	132.182	B2	77	65	0	0	62187	P1-1-752	0	-
753	132.202	132.392	C3	75	61	0	0	62250	P1-1-753	0	-
754	132.327	132.485	D5	79	63	0	0	62312	P1-1-754	0	-
755	132.457	132.606	C5	83	64	0	0	62375	P1-1-755	0	-
756	132.471	132.652	A2	75	62	0	0	62375	P1-1-756	0	-
757	132.588	132.722	B4	81	64	0	0	62437	P1-1-757	0	-
758	132.727	132.936	D5	83	62	0	0	62500	P1-1-758	0	-
759	132.739	133.162	E3	79	58	0	0	62500	P1-1-759	0	-
760	132.873	133.013	C5	83	64	0	0	62562	P1-1-760	0	-
761	133.001	133.096	B4	81	66	0	0	62625	P1-1-762	0	-
762	133.117	133.261	A4	77	63	0	0	62687	P1-1-764	0	-
763	133.257	133.791	E2	67	54	0	0	62750	P1-1-766	0	-
764	133.261	133.41	C5	87	65	0	0	62750	P1-1-765	0	-
765	133.401	133.489	B4	80	66	0	0	62812	P1-1-767	0	-
766	133.529	133.668	A4	75	63	0	0	62875	P1-1-768	0	-
767	133.649	133.816	G#4	80	63	0	0	62937	P1-1-769	0	-
768	133.786	134.197	A2	65	55	0	0	63000	P1-1-771	0	-
769	133.827	133.901	A4	73	66	0	0	63000	P1-1-770	0	-
770	133.917	133.993	G#4	85	68	0	0	63000	*	3	-
771	133.987	137.77	A4	77	45	0	0	63000	*	3	-
772	134.19	134.327	B2	73	63	0	0	63125	P1-1-772	0	-
773	134.322	134.434	C3	72	64	0	0	63187	P1-1-773	0	-
774	134.446	134.53	D3	75	66	0	0	63250	P1-1-774	0	-
775	134.57	134.683	E3	76	65	0	0	63312	P1-1-775	0	-
776	134.687	134.809	F#3	75	64	0	0	63375	P1-1-776	0	-
777	134.818	134.954	G#3	78	64	0	0	63437	P1-1-777	0	-
778	134.972	135.816	A3	82	54	0	0	63500	P1-1-778	0	-
779	135.816	137.786	A2	51	44	0	0	63750	P1-1-779	0	-
//Missing 30937	P1-1-367
//Missing 62562	P1-1-761
//Missing 62625	P1-1-763
