//Version: ScorePerfmMatch_v170104
// Score: ./score_hmm.txt
// Perfm: ./infer_spr.txt
// fmt3x: ./score_fmt3x.txt
0	0.508547	1.08868	D3	84	50	0	0	0	P1-1-0	0	0
1	0.513889	1.13568	D2	74	61	0	0	0	P1-1-1	0	-
2	0.777779	0.861112	D4	79	62	0	0	166	P1-1-2	0	-
3	0.869659	0.981839	E4	75	60	0	0	250	P1-1-3	0	-
4	0.973292	1.10898	F#4	74	61	0	0	333	P1-1-4	0	-
5	1.07158	1.19231	G4	75	63	0	0	416	P1-1-5	0	-
6	1.17628	1.25641	A4	75	62	0	0	500	P1-1-6	0	-
7	1.41026	1.45086	F#4	76	62	0	0	666	P1-1-7	0	-
8	1.59295	1.65385	A4	78	64	0	0	833	P1-1-8	0	-
9	1.78205	1.84616	D5	86	63	0	0	1000	P1-1-9	0	-
10	1.98077	2.03633	A4	81	63	0	0	1166	P1-1-10	0	-
11	2.17308	2.25	D5	93	65	0	0	1333	P1-1-11	0	-
12	2.37287	2.45086	F#5	96	65	0	0	1500	P1-1-12	0	-
13	2.56945	2.62287	D5	90	64	0	0	1666	P1-1-13	0	-
14	2.74146	2.81517	F#5	85	65	0	0	1833	P1-1-14	0	-
15	2.98398	3.34188	A5	92	50	0	0	2000	P1-1-15	0	-
16	3.72757	3.99894	A5	87	62	0	0	2500	P1-1-16	0	-
17	3.74573	4.0577	D4	55	63	0	0	2500	P1-1-18	0	-
18	3.74787	4.08441	F#5	78	59	0	0	2500	P1-1-17	0	-
19	4.40706	4.83975	A5	85	59	0	0	3000	P1-1-19	0	-
20	4.4124	4.70727	F#5	78	64	0	0	3000	P1-1-20	0	-
21	4.42308	5.0577	A4	66	53	0	0	3000	P1-1-21	0	-
22	4.76603	4.99573	E5	67	63	0	0	3250	P1-1-23	0	-
23	4.76603	4.98398	G5	87	65	0	0	3250	P1-1-22	0	-
24	5.10043	5.47543	G5	88	60	0	0	3500	P1-1-24	0	-
25	5.10791	5.80129	A3	64	63	0	0	3500	P1-1-26	0	-
26	5.11112	5.45407	E5	81	38	0	0	3500	P1-1-25	0	-
27	5.44765	5.57586	D5	76	51	0	0	3750	P1-1-28	0	-
28	5.44979	5.57693	F#5	89	64	0	0	3750	P1-1-27	0	-
29	5.79488	6.04701	F#5	88	64	0	0	4000	P1-1-29	0	-
30	5.80022	6.05342	D5	80	63	0	0	4000	P1-1-30	0	-
31	5.8077	5.92949	D4	74	62	0	0	4000	P1-1-31	0	-
32	6.13783	6.25642	D3	62	58	0	0	4166	P1-1-32	0	-
33	6.22757	6.32372	E3	58	64	0	0	4250	P1-1-33	0	-
34	6.328	6.37607	F#3	62	67	0	0	4333	P1-1-34	0	-
35	6.38996	6.46475	G3	70	64	0	0	4416	P1-1-35	0	-
36	6.50642	6.54381	A3	70	67	0	0	4500	P1-1-36	0	-
37	6.70193	6.74787	F#3	73	64	0	0	4666	P1-1-37	0	-
38	6.8921	6.92629	A3	79	69	0	0	4833	P1-1-38	0	-
39	7.08227	7.13996	D4	83	61	0	0	5000	P1-1-39	0	-
40	7.29808	7.36539	A3	82	63	0	0	5166	P1-1-40	0	-
41	7.48184	7.54274	D4	86	63	0	0	5333	P1-1-41	0	-
42	7.67522	7.75108	F#4	85	64	0	0	5500	P1-1-42	0	-
43	7.71796	7.74894	G4	53	59	0	0	5500	*	3	-
44	7.86967	7.92522	D4	85	67	0	0	5666	P1-1-43	0	-
45	8.06197	8.14638	F#4	94	61	0	0	5833	P1-1-44	0	-
46	8.32586	8.54809	A4	98	63	0	0	6000	P1-1-45	0	-
47	9.03099	9.30663	F#5	91	63	0	0	6500	P1-1-46	0	-
48	9.04274	9.33014	D3	56	63	0	0	6500	P1-1-48	0	-
49	9.04702	9.30663	A4	69	63	0	0	6500	P1-1-47	0	-
50	9.73078	10.14	F#5	93	42	0	0	7000	P1-1-49	0	-
51	9.73398	10.3643	A3	66	39	0	0	7000	P1-1-51	0	-
52	9.74894	10.0652	A4	70	65	0	0	7000	P1-1-50	0	-
53	10.0492	10.2019	E5	82	65	0	0	7250	P1-1-52	0	-
54	10.0588	10.265	G4	74	62	0	0	7250	P1-1-53	0	-
55	10.3953	11.109	A2	59	51	0	0	7500	P1-1-56	0	-
56	10.4007	10.7041	E5	83	50	0	0	7500	P1-1-54	0	-
57	10.4092	10.797	G4	78	63	0	0	7500	P1-1-55	0	-
58	10.7383	10.9113	D5	74	58	0	0	7750	P1-1-57	0	-
59	10.7511	10.9648	F#4	76	58	0	0	7750	P1-1-58	0	-
60	11.0791	11.1485	D5	77	63	0	0	8000	P1-1-59	0	-
61	11.094	11.1571	F#4	78	57	0	0	8000	P1-1-60	0	-
62	11.0962	11.2126	D3	66	60	0	0	8000	P1-1-61	0	-
63	11.438	11.5011	G4	8	36	0	0	8166	P1-1-62	1	-
64	11.4701	11.515	E4	60	65	0	0	8250	P1-1-63	0	-
65	11.547	11.64	D4	69	55	0	0	8333	P1-1-64	0	-
66	11.5598	11.6229	D2	54	58	0	0	8375	P1-1-65	0	-
67	11.6442	11.7148	C#4	68	61	0	0	8416	P1-1-66	0	-
68	11.7447	11.7789	B3	67	66	0	0	8500	P1-1-67	0	-
69	11.7586	11.8056	D3	54	64	0	0	8500	P1-1-68	0	-
70	11.9434	11.9808	D4	68	66	0	0	8666	P1-1-69	0	-
71	12.1218	12.1645	D3	50	64	0	0	8875	P1-1-71	0	-
72	12.1357	12.1731	B3	67	65	0	0	8833	P1-1-70	0	-
73	12.3451	12.391	G#3	62	65	0	0	9000	P1-1-72	0	-
74	12.3558	12.7874	D3	47	58	0	0	9000	P1-1-73	0	-
75	12.5866	12.6688	E4	60	58	0	0	9166	P1-1-74	0	-
76	12.6848	12.7778	F#4	60	61	0	0	9250	P1-1-75	0	-
77	12.7682	12.8558	G#4	66	62	0	0	9333	P1-1-76	0	-
78	12.8686	12.9583	A4	63	63	0	0	9416	P1-1-77	0	-
79	12.9626	12.9947	B4	71	69	0	0	9500	P1-1-78	0	-
80	13.1848	13.2703	E3	63	56	0	0	9666	P1-1-80	0	-
81	13.1923	13.2468	G#4	64	65	0	0	9666	P1-1-79	0	-
82	13.3045	13.3718	D3	57	61	0	0	9750	P1-1-81	0	-
83	13.3878	13.4466	C#3	55	64	0	0	9833	P1-1-83	0	-
84	13.4028	13.4498	B4	64	62	0	0	9833	P1-1-82	0	-
85	13.4819	13.5951	B2	58	61	0	0	9916	P1-1-84	0	-
86	13.5855	13.8066	C#3	70	64	0	0	10000	P1-1-86	0	-
87	13.5887	13.6154	E5	64	66	0	0	10000	P1-1-85	0	-
88	13.8077	13.9786	E4	88	63	0	0	10166	P1-1-87	0	-
89	13.9039	14.0492	D4	78	64	0	0	10250	P1-1-88	0	-
90	14.0011	14.1304	C#4	83	62	0	0	10333	P1-1-89	0	-
91	14.0267	14.0812	C#2	68	63	0	0	10375	P1-1-90	0	-
92	14.0919	14.1966	B3	89	62	0	0	10416	P1-1-91	0	-
93	14.2041	14.2821	A3	87	65	0	0	10500	P1-1-92	0	-
94	14.2254	14.4391	C#3	71	61	0	0	10500	P1-1-93	0	-
95	14.4391	14.4925	C#4	73	58	0	0	10666	P1-1-94	0	-
96	14.6517	14.6998	C#3	54	65	0	0	10875	P1-1-96	0	-
97	14.6571	14.7041	A3	73	67	0	0	10833	P1-1-95	0	-
98	14.8782	15.3985	C#3	42	61	0	0	11000	P1-1-98	0	-
99	14.8825	14.9231	F#3	64	67	0	0	11000	P1-1-97	0	-
100	15.1272	15.1816	D4	61	61	0	0	11166	P1-1-99	0	-
101	15.2148	15.3163	E4	66	61	0	0	11250	P1-1-100	0	-
102	15.3098	15.4231	F#4	75	61	0	0	11333	P1-1-101	0	-
103	15.4113	15.5331	G#4	74	63	0	0	11416	P1-1-102	0	-
104	15.5086	15.5652	A4	81	65	0	0	11500	P1-1-103	0	-
105	15.7361	15.8024	D3	61	57	0	0	11666	P1-1-105	0	-
106	15.7383	15.7863	F#4	66	65	0	0	11666	P1-1-104	0	-
107	15.8366	15.8975	C#3	58	60	0	0	11750	P1-1-106	0	-
108	15.922	15.9829	B2	59	63	0	0	11833	P1-1-108	0	-
109	15.9466	16.0022	A4	72	63	0	0	11833	P1-1-107	0	-
110	16.015	16.1304	A2	59	62	0	0	11916	P1-1-109	0	-
111	16.1336	16.1656	B2	60	59	0	0	12000	P1-1-111	0	-
112	16.1442	16.4113	D5	75	60	0	0	12000	P1-1-110	0	-
113	16.3878	16.469	F#3	85	64	0	0	12166	P1-1-112	0	-
114	16.4861	16.6058	E3	78	61	0	0	12250	P1-1-113	0	-
115	16.5898	16.6891	D3	78	60	0	0	12333	P1-1-114	0	-
116	16.6165	16.6816	F#4	71	59	0	0	12375	P1-1-115	0	-
117	16.6613	16.7895	C#3	76	63	0	0	12416	P1-1-116	0	-
118	16.7725	16.8376	B2	81	63	0	0	12500	P1-1-119	0	-
119	16.8045	17.0866	D5	84	58	0	0	12500	P1-1-117	0	-
120	16.8216	17.1111	F#4	74	59	0	0	12500	P1-1-118	0	-
121	16.8526	16.8536	E5	27	127	0	0	12500	*	3	-
122	17.0235	17.0716	D3	77	63	0	0	12666	P1-1-120	0	-
123	17.2383	17.2842	B2	76	64	0	0	12833	P1-1-121	0	-
124	17.265	17.343	D5	81	63	0	0	12875	P1-1-122	0	-
125	17.266	17.312	F#4	73	64	0	0	12875	P1-1-123	0	-
126	17.4637	17.5214	G#2	71	61	0	0	13000	P1-1-126	0	-
127	17.4733	17.9754	D5	94	58	0	0	13000	P1-1-124	0	-
128	17.4883	17.9252	E4	79	52	0	0	13000	P1-1-125	0	-
129	17.6902	17.734	B2	65	63	0	0	13166	P1-1-127	0	-
130	17.9071	17.9573	G#2	61	63	0	0	13333	P1-1-128	0	-
131	18.1282	18.1742	E2	45	60	0	0	13500	P1-1-129	0	-
132	18.3451	18.4028	G#2	52	62	0	0	13666	P1-1-131	0	-
133	18.3739	18.4733	E5	65	59	0	0	13666	P1-1-130	0	-
134	18.4883	18.578	D5	55	60	0	0	13750	P1-1-132	0	-
135	18.5641	18.625	E2	41	59	0	0	13833	P1-1-134	0	-
136	18.5908	18.641	C#5	58	65	0	0	13833	P1-1-133	0	-
137	18.6678	18.7319	B4	63	60	0	0	13916	P1-1-135	0	-
138	18.7692	18.8034	C#5	73	68	0	0	14000	P1-1-136	0	-
139	18.7757	18.8237	A2	55	63	0	0	14000	P1-1-137	0	-
140	19.0022	19.0417	C#3	55	63	0	0	14166	P1-1-139	0	-
141	19.0054	19.0748	A4	65	53	0	0	14166	P1-1-138	0	-
142	19.1069	19.1827	B4	65	60	0	0	14250	P1-1-140	0	-
143	19.1966	19.2992	C#5	66	60	0	0	14333	P1-1-141	0	-
144	19.2051	19.2692	A2	49	63	0	0	14333	P1-1-142	0	-
145	19.3066	19.421	D5	73	63	0	0	14416	P1-1-143	0	-
146	19.4017	19.4541	F#2	54	63	0	0	14500	P1-1-145	0	-
147	19.4124	19.4669	E5	87	65	0	0	14500	P1-1-144	0	-
148	19.6346	19.7554	D5	92	63	0	0	14666	P1-1-146	0	-
149	19.64	19.6955	A2	64	64	0	0	14666	P1-1-147	0	-
150	19.7468	19.875	C#5	86	62	0	0	14750	P1-1-148	0	-
151	19.8173	19.8932	F#2	69	58	0	0	14833	P1-1-150	0	-
152	19.8301	19.9231	B4	84	65	0	0	14833	P1-1-149	0	-
153	19.9231	20.0107	A4	88	60	0	0	14916	P1-1-151	0	-
154	20.0257	20.0994	D5	94	66	0	0	15000	P1-1-152	0	-
155	20.0299	20.0759	B2	68	66	0	0	15000	P1-1-153	0	-
156	20.2607	20.3793	B4	85	55	0	0	15166	P1-1-154	0	-
157	20.2789	20.3291	D3	75	64	0	0	15166	P1-1-155	0	-
158	20.3569	20.4765	C#5	85	61	0	0	15250	P1-1-156	0	-
159	20.4445	20.5759	D5	88	55	0	0	15333	P1-1-157	0	-
160	20.4594	20.5064	B2	71	66	0	0	15333	P1-1-158	0	-
161	20.5556	20.6923	E5	88	64	0	0	15416	P1-1-159	0	-
162	20.6507	20.703	G#2	68	64	0	0	15500	P1-1-161	0	-
163	20.672	20.7212	F5	91	65	0	0	15500	P1-1-160	1	-
164	20.8697	20.9242	B2	61	61	0	0	15666	P1-1-163	0	-
165	20.8814	20.9925	E5	81	64	0	0	15666	P1-1-162	0	-
166	20.9979	21.0876	D5	81	62	0	0	15750	P1-1-164	0	-
167	21.0641	21.1165	G#2	68	65	0	0	15833	P1-1-166	0	-
168	21.0855	21.1603	C#5	78	64	0	0	15833	P1-1-165	0	-
169	21.1806	21.2543	B4	80	60	0	0	15916	P1-1-167	0	-
170	21.2906	23.0299	E5	87	59	0	0	16000	P1-1-168	0	-
171	21.2992	21.3408	C#3	73	66	0	0	16000	P1-1-169	0	-
172	21.5054	21.6806	A3	74	26	0	0	16166	P1-1-170	0	-
173	21.5919	21.7105	B3	62	63	0	0	16250	P1-1-171	0	-
174	21.6977	21.7938	C#4	79	61	0	0	16333	P1-1-172	0	-
175	21.8045	21.9103	D4	83	62	0	0	16416	P1-1-173	0	-
176	21.906	21.9487	E4	91	68	0	0	16500	P1-1-174	0	-
177	22.1207	22.2062	D4	79	59	0	0	16666	P1-1-175	0	-
178	22.2233	22.2981	C#4	74	63	0	0	16750	P1-1-176	0	-
179	22.328	22.4049	B3	83	64	0	0	16833	P1-1-177	0	-
180	22.4263	22.5096	A3	82	64	0	0	16916	P1-1-178	0	-
181	22.4957	22.9797	F#4	92	60	0	0	17000	P1-1-179	0	-
182	22.5096	22.5577	D3	75	65	0	0	17000	P1-1-180	0	-
183	22.7201	22.8088	A3	83	52	0	0	17166	P1-1-181	1	-
184	22.8301	22.937	C#4	82	63	0	0	17250	P1-1-182	0	-
185	22.9423	23.0246	D4	86	60	0	0	17333	P1-1-183	0	-
186	23.0396	23.1464	E4	85	62	0	0	17416	P1-1-184	0	-
187	23.1304	23.1987	F#4	87	64	0	0	17500	P1-1-186	0	-
188	23.1453	24.0908	D5	88	48	0	0	17500	P1-1-185	0	-
189	23.3697	23.4701	E4	81	62	0	0	17666	P1-1-187	0	-
190	23.4616	23.5449	D4	76	64	0	0	17750	P1-1-188	0	-
191	23.5449	23.5855	C#4	73	65	0	0	17833	P1-1-189	0	-
192	23.6838	23.7265	A3	41	55	0	0	17916	P1-1-190	1	-
193	23.766	23.8558	E3	79	64	0	0	18000	P1-1-192	0	-
194	23.7767	23.8793	G#4	80	56	0	0	18000	P1-1-191	0	-
195	23.9808	24.0759	E4	65	62	0	0	18166	P1-1-193	0	-
196	24.0855	24.1784	F#4	75	61	0	0	18250	P1-1-194	0	-
197	24.1806	24.2896	G#4	76	62	0	0	18333	P1-1-195	0	-
198	24.1891	24.2671	E2	66	62	0	0	18375	P1-1-196	0	-
199	24.2928	24.3996	A4	77	63	0	0	18416	P1-1-197	0	-
200	24.3836	24.6037	D5	83	61	0	0	18500	P1-1-198	0	-
201	24.3889	24.4648	B4	76	65	0	0	18500	P1-1-199	0	-
202	24.3964	24.5876	E2	81	62	0	0	18500	P1-1-200	0	-
203	24.6197	24.6966	G#4	88	60	0	0	18666	P1-1-201	0	-
204	24.8056	24.8814	B4	91	64	0	0	18833	P1-1-202	0	-
205	24.8109	24.8825	E2	71	58	0	0	18875	P1-1-203	0	-
206	25.0096	25.1058	D5	75	64	0	0	19000	P1-1-205	0	-
207	25.015	25.3686	G#5	100	63	0	0	19000	P1-1-204	0	-
208	25.0203	25.7062	E2	82	56	0	0	19000	P1-1-206	0	-
209	25.2329	25.3131	B4	92	66	0	0	19166	P1-1-207	0	-
210	25.437	25.5171	D5	96	62	0	0	19333	P1-1-208	0	-
211	25.6421	26.0641	B5	101	64	0	0	19500	P1-1-209	0	-
212	25.6624	25.781	G#5	86	54	0	0	19500	P1-1-210	0	-
213	25.8772	25.9413	D5	91	63	0	0	19666	P1-1-211	0	-
214	25.9936	26.1047	B2	72	63	0	0	19750	P1-1-212	0	-
215	26.0524	26.125	G#5	89	66	0	0	19833	P1-1-213	0	-
216	26.0855	26.203	C#3	78	61	0	0	19833	P1-1-214	0	-
217	26.1763	26.3152	D3	84	63	0	0	19916	P1-1-215	0	-
218	26.3024	26.5524	E3	87	59	0	0	20000	P1-1-217	0	-
219	26.3066	26.5278	C#5	100	61	0	0	20000	P1-1-216	0	-
220	26.5128	26.6699	A5	85	64	0	0	20166	P1-1-218	0	-
221	26.6229	26.7778	G#5	81	63	0	0	20250	P1-1-219	0	-
222	26.7255	26.7938	E2	60	61	0	0	20375	P1-1-221	0	-
223	26.7351	26.8387	F#5	75	64	0	0	20333	P1-1-220	0	-
224	26.8034	26.8601	E5	81	64	0	0	20416	P1-1-222	0	-
225	26.937	27.1742	E2	66	60	0	0	20500	P1-1-225	0	-
226	26.9487	27.2896	A4	80	56	0	0	20500	P1-1-224	0	-
227	26.9487	27.0556	Eb5	92	59	0	0	20500	P1-1-223	0	-
228	27.1635	27.2522	F#5	83	63	0	0	20666	P1-1-226	0	-
229	27.3889	27.4626	Eb5	83	63	0	0	20833	P1-1-227	0	-
230	27.3911	27.4509	E2	54	63	0	0	20875	P1-1-228	0	-
231	27.5855	27.6539	A4	76	62	0	0	21000	P1-1-229	0	-
232	27.5887	28.2831	E2	59	63	0	0	21000	P1-1-231	0	-
233	27.5887	27.8804	F#4	70	52	0	0	21000	P1-1-230	0	-
234	27.7831	27.8697	Eb5	80	60	0	0	21166	P1-1-232	0	-
235	28.0032	28.0641	A4	73	62	0	0	21333	P1-1-233	0	-
236	28.2105	28.6646	Eb4	62	51	0	0	21500	P1-1-235	0	-
237	28.2222	28.2725	F#4	67	62	0	0	21500	P1-1-234	0	-
238	28.4252	28.5075	A4	72	61	0	0	21666	P1-1-236	0	-
239	28.6357	28.6923	F#4	69	58	0	0	21833	P1-1-237	0	-
240	28.8505	29.0791	G#4	75	61	0	0	22000	P1-1-238	0	-
241	28.8601	29.1229	E4	61	41	0	0	22000	P1-1-239	0	-
242	29.0631	29.1432	F#4	74	61	0	0	22166	P1-1-240	0	-
243	29.2693	29.3248	E4	75	60	0	0	22333	P1-1-241	0	-
244	29.2778	29.3173	E3	69	65	0	0	22375	P1-1-243	0	-
245	29.2778	29.3216	D4	70	64	0	0	22375	P1-1-242	0	-
246	29.4872	29.5716	F#3	72	60	0	0	22500	P1-1-246	0	-
247	29.4968	29.6325	A4	91	65	0	0	22500	P1-1-244	0	-
248	29.5128	29.6133	C#4	77	55	0	0	22500	P1-1-245	0	-
249	29.702	29.7425	E3	78	66	0	0	22666	P1-1-247	0	-
250	29.8985	29.9776	D5	88	62	0	0	22875	P1-1-249	0	-
251	29.9081	29.952	D3	63	61	0	0	22833	P1-1-248	0	-
252	29.9231	29.9733	A4	63	62	0	0	22875	P1-1-250	0	-
253	30.1742	30.3088	C#5	98	59	0	0	23000	P1-1-251	0	-
254	30.1774	31.5214	E3	67	44	0	0	23000	P1-1-253	0	-
255	30.1774	30.2842	A4	83	63	0	0	23000	P1-1-252	0	-
256	30.8772	30.9252	C#5	83	61	0	0	23500	*	3	-
257	30.8878	31.1304	E2	69	59	0	0	23500	P1-1-256	0	-
258	30.8921	31.3654	G#4	75	59	0	0	23500	P1-1-255	0	-
259	30.922	30.9808	B4	67	62	0	0	23500	P1-1-254	0	-
260	30.9829	31.0289	C#5	73	67	0	0	23554	P1-1-257	0	-
261	31.0235	31.1047	B4	65	66	0	0	23609	P1-1-258	0	-
262	31.1005	31.1571	A4	77	63	0	0	23666	P1-1-259	0	-
263	31.3173	31.3921	B4	84	63	0	0	23833	P1-1-260	0	-
264	31.5705	31.7404	A2	80	62	0	0	24000	P1-1-263	0	-
265	31.5951	31.6389	A4	59	65	0	0	24000	P1-1-261	0	-
266	31.8141	31.8697	C#5	66	66	0	0	24166	P1-1-264	0	-
267	31.9124	31.9605	B4	71	65	0	0	24250	P1-1-265	0	-
268	32.0075	32.0492	E3	74	67	0	0	24375	P1-1-267	0	-
269	32.0193	32.0791	A4	59	55	0	0	24333	P1-1-266	0	-
270	32.1165	32.1635	G#4	53	63	0	0	24416	P1-1-268	0	-
271	32.202	32.2532	F#4	65	65	0	0	24500	P1-1-269	0	-
272	32.2319	32.2864	A3	70	64	0	0	24500	P1-1-270	0	-
273	32.2949	32.359	G#3	80	64	0	0	24562	P1-1-271	1	-
274	32.3643	33.0075	A3	77	55	0	0	24625	P1-1-272	0	-
275	32.4573	32.5428	A4	67	62	0	0	24666	P1-1-273	0	-
276	32.5492	32.6582	G#4	67	59	0	0	24750	P1-1-274	0	-
277	32.6539	32.7041	F#4	69	62	0	0	24833	P1-1-275	0	-
278	32.7447	32.8505	E4	68	63	0	0	24916	P1-1-276	0	-
279	32.8451	32.8964	Eb4	82	58	0	0	25000	P1-1-277	0	-
280	33.0588	33.1079	B3	68	64	0	0	25166	P1-1-279	0	-
281	33.062	33.1389	F#4	82	63	0	0	25166	P1-1-278	0	-
282	33.1507	33.2629	A3	77	63	0	0	25250	P1-1-280	0	-
283	33.2639	33.3537	G#3	75	60	0	0	25333	P1-1-282	0	-
284	33.2778	33.3494	B4	94	64	0	0	25333	P1-1-281	0	-
285	33.3654	33.4669	F#3	72	64	0	0	25416	P1-1-283	0	-
286	33.4968	34.1934	B4	97	54	0	0	25500	P1-1-284	0	-
287	33.5022	33.5353	F3	76	66	0	0	25500	P1-1-285	0	-
288	33.7158	33.7832	G#4	75	60	0	0	25666	P1-1-286	0	-
289	33.7233	33.7725	F#3	70	65	0	0	25666	P1-1-287	0	-
290	33.8152	33.9146	F3	69	64	0	0	25750	P1-1-288	0	-
291	33.9156	34.0107	Eb3	69	62	0	0	25833	P1-1-290	0	-
292	33.9327	34.0203	F4	66	59	0	0	25833	P1-1-289	0	-
293	34.0064	34.1026	C#3	72	61	0	0	25916	P1-1-291	0	-
294	34.1282	34.3526	F#3	86	61	0	0	26000	P1-1-293	0	-
295	34.1357	34.2094	C#4	79	61	0	0	26000	P1-1-292	0	-
296	34.3846	34.4584	A4	72	63	0	0	26166	P1-1-294	0	-
297	34.4819	34.5673	G#4	72	62	0	0	26250	P1-1-295	0	-
298	34.5663	34.6133	F#4	67	64	0	0	26333	P1-1-296	0	-
299	34.5812	34.6165	F#2	64	61	0	0	26375	P1-1-297	0	-
300	34.6582	34.7276	E4	67	53	0	0	26416	P1-1-298	0	-
301	34.7607	34.8013	D4	62	65	0	0	26500	P1-1-299	0	-
302	34.7949	34.8376	F#3	63	63	0	0	26500	P1-1-300	0	-
303	34.8238	34.9071	E3	73	66	0	0	26562	P1-1-301	0	-
304	34.8996	35.5908	F#3	82	63	0	0	26625	P1-1-302	0	-
305	34.9883	35.0599	F#4	76	66	0	0	26666	P1-1-303	0	-
306	35.0898	35.1582	E4	76	64	0	0	26750	P1-1-304	0	-
307	35.1817	35.2949	D4	70	58	0	0	26833	P1-1-305	0	-
308	35.2928	35.3953	C#4	77	60	0	0	26916	P1-1-306	0	-
309	35.3985	35.452	B3	83	61	0	0	27000	P1-1-307	0	-
310	35.6101	35.7116	G3	74	57	0	0	27166	P1-1-309	0	-
311	35.6229	35.6763	D4	80	60	0	0	27166	P1-1-308	0	-
312	35.7351	35.8131	F#3	75	65	0	0	27250	P1-1-310	0	-
313	35.8334	35.9295	E3	77	62	0	0	27333	P1-1-312	0	-
314	35.8344	35.8975	G4	87	63	0	0	27333	P1-1-311	0	-
315	35.9413	36.0513	D3	68	63	0	0	27416	P1-1-313	0	-
316	36.0257	36.6859	G4	95	59	0	0	27500	P1-1-314	0	-
317	36.0663	36.1058	C#3	50	34	0	0	27500	P1-1-315	0	-
318	36.2757	36.3547	E4	75	60	0	0	27666	P1-1-316	0	-
319	36.2917	36.3718	D3	79	56	0	0	27666	P1-1-317	0	-
320	36.3985	36.4851	C#3	70	64	0	0	27750	P1-1-318	0	-
321	36.4851	36.5812	B2	73	62	0	0	27833	P1-1-320	0	-
322	36.5022	36.5481	C#4	68	61	0	0	27833	P1-1-319	0	-
323	36.5866	36.7126	A2	66	55	0	0	27916	P1-1-321	0	-
324	36.7073	36.9007	D3	87	64	0	0	28000	P1-1-323	0	-
325	36.7233	36.7906	A3	75	60	0	0	28000	P1-1-322	0	-
326	36.9274	37.0064	F#4	70	64	0	0	28166	P1-1-324	0	-
327	37.0364	37.0951	E4	71	61	0	0	28250	P1-1-325	0	-
328	37.1411	37.2094	D4	65	54	0	0	28333	P1-1-326	0	-
329	37.1432	37.1795	D2	66	64	0	0	28375	P1-1-327	0	-
330	37.2532	37.3013	C#4	67	62	0	0	28416	P1-1-328	0	-
331	37.3644	37.3996	B3	68	66	0	0	28500	P1-1-329	0	-
332	37.3804	37.4391	D3	62	64	0	0	28500	P1-1-330	0	-
333	37.437	37.484	C#3	73	63	0	0	28562	P1-1-331	0	-
334	37.5	38.2062	D3	69	60	0	0	28625	P1-1-332	0	-
335	37.6047	37.7041	D4	73	62	0	0	28666	P1-1-333	0	-
336	37.7041	37.8205	C#4	72	60	0	0	28750	P1-1-334	0	-
337	37.8131	37.8644	B3	75	62	0	0	28833	P1-1-335	0	-
338	37.9007	38.0139	A3	78	61	0	0	28916	P1-1-336	0	-
339	38.0075	38.0812	G#3	86	64	0	0	29000	P1-1-337	0	-
340	38.2361	38.2896	E3	68	64	0	0	29166	P1-1-339	0	-
341	38.2436	38.3173	B3	83	64	0	0	29166	P1-1-338	0	-
342	38.3398	38.4434	D3	77	63	0	0	29250	P1-1-340	0	-
343	38.4381	38.53	C#3	73	63	0	0	29333	P1-1-342	0	-
344	38.4594	38.5203	E4	87	64	0	0	29333	P1-1-341	0	-
345	38.5406	38.6443	B2	68	63	0	0	29416	P1-1-343	0	-
346	38.6379	38.7105	A2	73	62	0	0	29500	P1-1-345	0	-
347	38.6688	38.7329	C#4	94	63	0	0	29500	P1-1-344	0	-
348	38.8718	38.9701	B2	72	59	0	0	29666	P1-1-347	0	-
349	38.8879	38.9594	E4	87	64	0	0	29666	P1-1-346	0	-
350	38.9776	39.0524	C#3	78	64	0	0	29750	P1-1-348	0	-
351	39.0705	39.1411	D3	80	65	0	0	29833	P1-1-350	0	-
352	39.1026	39.1966	A4	95	62	0	0	29833	P1-1-349	0	-
353	39.1998	39.3387	E3	74	62	0	0	29916	P1-1-351	0	-
354	39.328	39.5513	D4	94	60	0	0	30000	P1-1-352	0	-
355	39.3302	39.3804	F#3	92	61	0	0	30000	P1-1-353	0	-
356	39.5599	39.6005	E3	84	66	0	0	30166	P1-1-354	0	-
357	39.7714	39.8067	D3	79	66	0	0	30333	P1-1-355	0	-
358	39.781	39.953	B4	92	58	0	0	30375	P1-1-356	0	-
359	39.7864	39.8408	D4	78	61	0	0	30375	P1-1-357	0	-
360	39.9979	40.2394	E3	78	64	0	0	30500	P1-1-360	0	-
361	40.0097	40.2394	E4	85	66	0	0	30500	P1-1-358	0	-
362	40.0118	40.2511	C#4	91	61	0	0	30500	P1-1-359	0	-
363	40.2394	40.3152	A4	94	64	0	0	30666	P1-1-361	0	-
364	40.4594	40.5193	E2	65	62	0	0	30875	P1-1-364	0	-
365	40.4659	40.5503	G#4	88	59	0	0	30833	P1-1-362	0	-
366	40.4744	40.5214	B3	69	61	0	0	30875	P1-1-363	0	-
367	40.687	40.7426	A2	74	63	0	0	31000	P1-1-367	0	-
368	40.6891	41.9509	A4	96	62	0	0	31000	P1-1-365	0	-
369	40.703	41.9178	C#4	80	60	0	0	31000	P1-1-366	0	-
370	40.9092	40.9755	C#3	86	64	0	0	31166	P1-1-368	0	-
371	41.1603	41.2084	E3	88	66	0	0	31333	P1-1-369	0	-
372	41.4829	41.7511	A3	91	66	0	0	31500	P1-1-370	0	-
373	42.1742	42.7169	A3	92	32	0	0	32000	P1-1-371	0	-
374	42.1753	42.8526	A2	82	31	0	0	32000	P1-1-372	0	-
375	42.4509	42.6261	E5	99	62	0	0	32166	P1-1-373	0	-
376	42.5577	42.7041	D5	79	63	0	0	32250	P1-1-374	0	-
377	42.6603	42.7928	C#5	83	60	0	0	32333	P1-1-375	0	-
378	42.7629	42.8633	B4	87	65	0	0	32416	P1-1-376	0	-
379	42.8665	42.922	A4	83	65	0	0	32500	P1-1-377	0	-
380	43.0834	43.1475	C#5	80	56	0	0	32666	P1-1-378	0	-
381	43.2938	43.3291	A4	76	65	0	0	32833	P1-1-379	0	-
382	43.5043	43.5449	E4	67	67	0	0	33000	P1-1-380	0	-
383	43.7052	43.7661	A4	71	63	0	0	33166	P1-1-381	0	-
384	43.9349	43.9733	E4	67	66	0	0	33333	P1-1-382	0	-
385	44.14	44.1806	C#4	64	64	0	0	33500	P1-1-383	0	-
386	44.3708	44.4114	E4	63	65	0	0	33666	P1-1-384	0	-
387	44.593	44.6347	C#4	60	64	0	0	33833	P1-1-385	0	-
388	44.8184	45.1069	A3	63	59	0	0	34000	P1-1-386	0	-
389	45.0492	45.1112	A4	67	60	0	0	34166	P1-1-387	0	-
390	45.1421	45.2255	B4	69	59	0	0	34250	P1-1-388	0	-
391	45.2436	45.3697	C#5	69	53	0	0	34333	P1-1-389	0	-
392	45.375	45.4594	D5	54	63	0	0	34416	P1-1-390	0	-
393	45.4498	45.5032	E5	76	66	0	0	34500	P1-1-391	0	-
394	45.4797	45.7746	A3	60	61	0	0	34500	P1-1-394	0	-
395	45.484	45.7565	A4	77	59	0	0	34500	P1-1-393	0	-
396	45.4958	45.8024	C#4	58	61	0	0	34500	P1-1-392	0	-
397	45.7148	45.7532	C#5	68	66	0	0	34666	P1-1-395	0	-
398	45.9167	45.9605	E5	75	63	0	0	34833	P1-1-396	0	-
399	46.1443	46.9167	A3	55	57	0	0	35000	P1-1-400	0	-
400	46.1464	46.2757	C#4	52	56	0	0	35000	P1-1-398	0	-
401	46.1464	46.3088	A4	58	36	0	0	35000	P1-1-399	0	-
402	46.155	46.2351	A5	56	61	0	0	35000	P1-1-397	0	-
403	46.2778	46.358	E5	52	62	0	0	35083	P1-1-401	0	-
404	46.3676	46.4691	F#5	70	57	0	0	35166	P1-1-402	0	-
405	46.484	46.6924	B4	76	60	0	0	35250	P1-1-405	0	-
406	46.4894	46.625	D4	61	59	0	0	35250	P1-1-404	0	-
407	46.4894	46.6325	G#5	80	63	0	0	35250	P1-1-403	0	-
408	46.6112	46.7458	A5	82	65	0	0	35333	P1-1-406	0	-
409	46.734	46.8654	G#5	89	64	0	0	35416	P1-1-407	0	-
410	46.8259	46.9872	B4	88	63	0	0	35500	P1-1-410	0	-
411	46.8387	46.9231	D4	63	62	0	0	35500	P1-1-409	0	-
412	46.8419	46.9605	A5	83	64	0	0	35500	P1-1-408	0	-
413	46.9616	47.0727	E5	79	60	0	0	35583	P1-1-411	0	-
414	47.0652	47.1891	F#5	84	60	0	0	35666	P1-1-412	0	-
415	47.1699	47.265	C#5	83	59	0	0	35750	P1-1-415	0	-
416	47.1795	47.3248	G#5	84	64	0	0	35750	P1-1-413	0	-
417	47.1881	47.2906	E4	64	58	0	0	35750	P1-1-414	0	-
418	47.3184	47.4424	A5	78	66	0	0	35833	P1-1-416	0	-
419	47.4349	47.5268	G#5	87	65	0	0	35916	P1-1-417	0	-
420	47.5107	47.5481	C#5	81	64	0	0	36000	P1-1-420	0	-
421	47.5139	47.5898	E4	63	63	0	0	36000	P1-1-419	0	-
422	47.5492	47.6165	A5	88	65	0	0	36000	P1-1-418	0	-
423	47.8259	47.9391	G#5	76	64	0	0	36166	P1-1-421	0	-
424	47.8409	47.9434	E4	71	62	0	0	36166	P1-1-422	0	-
425	47.9434	48.0449	F#5	74	62	0	0	36250	P1-1-423	0	-
426	47.9584	48.046	D4	68	63	0	0	36250	P1-1-424	0	-
427	48.0428	48.0962	E5	71	64	0	0	36333	P1-1-425	0	-
428	48.0481	48.1421	C#4	69	63	0	0	36333	P1-1-426	0	-
429	48.1304	48.2265	D5	74	58	0	0	36416	P1-1-427	0	-
430	48.1624	48.2671	B3	68	65	0	0	36416	P1-1-428	0	-
431	48.2575	48.3419	C#5	73	57	0	0	36500	P1-1-429	0	-
432	48.2586	48.3013	A3	67	65	0	0	36500	P1-1-430	0	-
433	48.3644	48.4765	D5	77	62	0	0	36583	P1-1-431	0	-
434	48.4616	48.5033	C#4	84	64	0	0	36666	P1-1-433	0	-
435	48.4894	48.609	E5	78	61	0	0	36666	P1-1-432	0	-
436	48.609	48.6956	D5	68	63	0	0	36750	P1-1-434	0	-
437	48.6806	48.7159	A3	85	67	0	0	36833	P1-1-436	0	-
438	48.7052	48.7981	C#5	69	63	0	0	36833	P1-1-435	0	-
439	48.8077	48.8505	B4	68	65	0	0	36916	P1-1-437	0	-
440	48.8953	48.9327	E3	74	68	0	0	37000	P1-1-440	0	-
441	48.9039	48.952	A4	67	59	0	0	37000	P1-1-438	0	-
442	48.984	49.0321	B4	76	63	0	0	37062	P1-1-442	0	-
443	49.0609	49.1122	A4	73	63	0	0	37125	P1-1-444	0	-
444	49.1112	49.1464	A3	76	68	0	0	37182	P1-1-447	0	-
445	49.1144	49.1592	B4	73	63	0	0	37182	P1-1-446	0	-
446	49.1838	49.2575	A4	68	64	0	0	37250	P1-1-450	0	-
447	49.2554	49.3035	B4	73	63	0	0	37317	P1-1-453	0	-
448	49.3302	49.3911	A4	71	63	0	0	37375	P1-1-456	0	-
449	49.3441	49.3815	E3	75	68	0	0	37317	P1-1-455	0	-
450	49.3868	49.4338	B4	67	62	0	0	37437	P1-1-458	0	-
451	49.4616	49.53	A4	70	63	0	0	37500	P1-1-461	0	-
452	49.5246	49.5823	B4	69	62	0	0	37562	P1-1-465	0	-
453	49.5417	49.5951	C#3	83	63	0	0	37500	P1-1-463	0	-
454	49.6101	49.6774	A4	70	63	0	0	37625	P1-1-467	0	-
455	49.6721	49.7319	B4	68	62	0	0	37682	P1-1-469	0	-
456	49.7479	49.7853	E3	79	68	0	0	37682	P1-1-470	0	-
457	49.7543	49.8163	A4	67	64	0	0	37750	P1-1-473	0	-
458	49.8141	49.8857	B4	65	59	0	0	37817	P1-1-476	0	-
459	49.9103	49.9584	A4	70	65	0	0	37875	P1-1-479	0	-
460	49.9552	49.9979	C#3	72	66	0	0	37817	P1-1-478	0	-
461	49.9616	50.031	B4	60	59	0	0	37875	P1-1-480	1	-
462	50.0684	50.265	A4	68	61	0	0	37937	P1-1-483	0	-
463	50.1699	50.4359	A2	72	63	0	0	38000	P1-1-484	0	-
464	50.2821	50.3526	B4	68	62	0	0	38083	P1-1-485	0	-
465	50.4114	50.4637	A4	65	60	0	0	38166	P1-1-486	0	-
466	50.53	50.5823	G#4	53	65	0	0	38250	P1-1-487	0	-
467	50.6208	50.671	A4	71	66	0	0	38333	P1-1-488	0	-
468	50.7255	50.7906	E4	52	49	0	0	38416	P1-1-489	0	-
469	50.7971	51.077	A2	50	59	0	0	38500	P1-1-492	0	-
470	50.8024	51.1037	C#3	47	61	0	0	38500	P1-1-493	0	-
471	50.8109	51.0268	E3	41	54	0	0	38500	P1-1-491	0	-
472	50.8291	50.8921	C#4	59	61	0	0	38500	P1-1-490	0	-
473	50.9434	51.0268	F#4	64	63	0	0	38583	P1-1-494	0	-
474	51.0535	51.1037	E4	51	64	0	0	38666	P1-1-495	0	-
475	51.1603	51.1924	D4	51	61	0	0	38750	P1-1-496	0	-
476	51.2671	51.3302	E4	51	62	0	0	38833	P1-1-497	0	-
477	51.3815	51.4317	C#4	25	45	0	0	38916	P1-1-498	0	-
478	51.4733	52.3964	A2	45	22	0	0	39000	P1-1-502	0	-
479	51.4776	51.6389	E3	46	59	0	0	39000	P1-1-501	0	-
480	51.4808	51.5289	B3	68	65	0	0	39000	P1-1-500	0	-
481	51.483	51.6357	C#3	55	57	0	0	39000	P1-1-503	0	-
482	51.5535	51.6389	A3	60	62	0	0	39062	P1-1-504	0	-
483	51.6486	51.6913	B3	55	65	0	0	39062	P1-1-505	0	-
484	51.7052	51.7736	A3	57	63	0	0	39125	P1-1-507	0	-
485	51.7981	51.8409	B3	57	65	0	0	39187	P1-1-509	0	-
486	51.8409	51.9103	B2	58	59	0	0	39250	P1-1-514	0	-
487	51.8462	51.8964	D3	57	63	0	0	39250	P1-1-515	0	-
488	51.8494	51.9167	A3	63	63	0	0	39250	P1-1-512	0	-
489	51.937	51.9819	B3	63	65	0	0	39312	P1-1-517	0	-
490	51.9915	52.0599	A3	67	63	0	0	39375	P1-1-519	0	-
491	52.077	52.125	B3	66	65	0	0	39437	P1-1-521	0	-
492	52.1325	52.2062	A3	71	61	0	0	39500	P1-1-524	0	-
493	52.1646	52.5097	D3	63	58	0	0	39500	P1-1-527	0	-
494	52.1667	52.4958	B2	64	52	0	0	39500	P1-1-526	0	-
495	52.2319	52.2864	B3	65	64	0	0	39562	P1-1-529	0	-
496	52.2971	52.3665	A3	63	61	0	0	39625	P1-1-531	0	-
497	52.3729	52.4295	B3	61	62	0	0	39687	P1-1-533	0	-
498	52.4456	52.5043	A3	53	63	0	0	39750	P1-1-536	0	-
499	52.5054	52.5919	B3	64	60	0	0	39750	P1-1-537	0	-
500	52.5203	52.5812	C#3	64	62	0	0	39750	P1-1-538	0	-
501	52.5225	52.5674	E3	63	66	0	0	39750	P1-1-539	0	-
502	52.6133	52.8526	A3	65	61	0	0	39875	P1-1-543	0	-
503	52.8804	53.1037	E3	55	61	0	0	40000	P1-1-549	0	-
504	52.8847	53.1528	C#3	61	63	0	0	40000	P1-1-550	0	-
505	53.2041	53.2575	A3	65	64	0	0	40125	P1-1-552	0	-
506	53.3013	53.3879	B3	63	60	0	0	40250	P1-1-555	0	-
507	53.4007	53.4787	C#4	61	62	0	0	40333	P1-1-556	0	-
508	53.5054	53.609	D4	62	61	0	0	40416	P1-1-557	0	-
509	53.6208	53.6635	E4	63	65	0	0	40500	P1-1-558	0	-
510	53.8441	53.8825	C#4	67	65	0	0	40666	P1-1-559	0	-
511	54.0524	54.1037	A3	64	65	0	0	40875	P1-1-561	0	-
512	54.0642	54.1069	E4	62	66	0	0	40833	P1-1-560	0	-
513	54.296	54.3377	B3	63	65	0	0	41000	P1-1-563	0	-
514	54.3056	54.3334	G4	56	61	0	0	41000	P1-1-562	0	-
515	54.5204	54.6827	E5	94	64	0	0	41166	P1-1-564	0	-
516	54.5396	54.6037	C#4	67	56	0	0	41166	P1-1-565	0	-
517	54.6293	54.7714	D5	84	63	0	0	41250	P1-1-566	0	-
518	54.64	54.6956	B3	65	63	0	0	41250	P1-1-567	0	-
519	54.7116	54.8195	A3	66	63	0	0	41333	P1-1-569	0	-
520	54.7287	54.8622	C#5	88	65	0	0	41333	P1-1-568	0	-
521	54.8216	54.9253	B4	89	65	0	0	41416	P1-1-570	0	-
522	54.8302	54.9092	B3	68	63	0	0	41416	P1-1-571	0	-
523	54.9231	54.9883	A4	91	65	0	0	41500	P1-1-572	0	-
524	54.9295	54.9627	C#4	73	67	0	0	41500	P1-1-573	0	-
525	55.1475	55.2127	E5	87	64	0	0	41666	P1-1-574	0	-
526	55.1539	55.2575	D4	67	59	0	0	41666	P1-1-575	0	-
527	55.2939	55.3526	C#4	35	49	0	0	41750	P1-1-576	0	-
528	55.3686	55.4434	B3	59	61	0	0	41833	P1-1-578	0	-
529	55.3804	55.4274	G4	77	65	0	0	41833	P1-1-577	0	-
530	55.468	55.5535	C#4	66	62	0	0	41916	P1-1-579	0	-
531	55.5802	55.6144	D4	73	69	0	0	42000	P1-1-581	0	-
532	55.5941	55.6347	F#4	82	63	0	0	42000	P1-1-580	0	-
533	55.859	55.9114	D4	58	62	0	0	42166	P1-1-582	0	-
534	55.9498	56.0214	E4	63	52	0	0	42250	P1-1-583	0	-
535	56.0524	56.1048	F#4	59	65	0	0	42333	P1-1-584	0	-
536	56.1443	56.2607	G4	65	62	0	0	42416	P1-1-585	0	-
537	56.2714	56.312	A4	73	64	0	0	42500	P1-1-586	0	-
538	56.5204	56.5524	F#4	59	57	0	0	42666	P1-1-587	0	-
539	56.7201	56.7736	D3	58	63	0	0	42875	P1-1-589	0	-
540	56.7212	56.7693	A4	74	66	0	0	42833	P1-1-588	0	-
541	56.9552	56.9968	E3	63	66	0	0	43000	P1-1-591	0	-
542	56.9595	56.9968	C5	69	69	0	0	43000	P1-1-590	0	-
543	57.1913	57.3729	A5	91	66	0	0	43166	P1-1-592	0	-
544	57.1945	57.2896	F#3	76	63	0	0	43166	P1-1-593	0	-
545	57.3035	57.3815	E3	73	65	0	0	43250	P1-1-595	0	-
546	57.3174	57.4627	G5	86	67	0	0	43250	P1-1-594	0	-
547	57.3836	57.5065	D3	65	63	0	0	43333	P1-1-597	0	-
548	57.421	57.578	F#5	90	61	0	0	43333	P1-1-596	0	-
549	57.5001	57.6218	E3	76	63	0	0	43416	P1-1-599	0	-
550	57.515	57.6261	E5	90	64	0	0	43416	P1-1-598	0	-
551	57.6058	57.6763	F#3	84	65	0	0	43500	P1-1-601	0	-
552	57.6176	57.686	D5	92	66	0	0	43500	P1-1-600	0	-
553	57.8398	57.9092	A5	81	66	0	0	43666	P1-1-602	0	-
554	57.8676	57.9659	G3	68	61	0	0	43666	P1-1-603	0	-
555	57.9595	58.0994	F#3	70	64	0	0	43750	P1-1-604	0	-
556	58.0759	58.1154	C5	60	66	0	0	43833	P1-1-605	0	-
557	58.0909	58.1902	E3	71	65	0	0	43833	P1-1-606	0	-
558	58.2212	58.28	G3	65	63	0	0	44000	P1-1-609	0	-
559	58.2522	58.6475	B4	86	55	0	0	44000	P1-1-608	0	-
560	58.4915	58.5684	B3	76	61	0	0	44166	P1-1-610	0	-
561	58.578	58.6657	A3	64	63	0	0	44250	P1-1-611	0	-
562	58.6528	58.78	G3	67	57	0	0	44333	P1-1-612	0	-
563	58.6806	58.8355	A4	72	59	0	0	44375	P1-1-613	0	-
564	58.7757	58.8793	F#3	55	64	0	0	44416	P1-1-614	0	-
565	58.8719	58.9082	E3	61	67	0	0	44500	P1-1-616	0	-
566	58.8783	58.9274	G4	60	61	0	0	44500	P1-1-615	0	-
567	58.9637	59.015	A4	70	61	0	0	44561	P1-1-617	0	-
568	59.0342	59.2501	G4	66	57	0	0	44624	P1-1-618	0	-
569	59.1186	59.1838	G3	56	62	0	0	44666	P1-1-619	0	-
570	59.1785	59.2896	F#3	64	60	0	0	44750	P1-1-620	0	-
571	59.2885	59.3889	E3	63	63	0	0	44833	P1-1-621	0	-
572	59.2981	59.4701	F#4	63	58	0	0	44875	P1-1-622	0	-
573	59.3964	59.5086	D3	55	64	0	0	44916	P1-1-623	0	-
574	59.5022	59.5492	C#3	56	64	0	0	45000	P1-1-625	0	-
575	59.531	60.6016	E4	62	57	0	0	45000	P1-1-624	0	-
576	59.7308	59.7821	E3	61	65	0	0	45166	P1-1-627	0	-
577	59.7501	59.8398	C#5	59	61	0	0	45166	P1-1-626	0	-
578	59.8708	59.9392	B4	51	64	0	0	45250	P1-1-628	0	-
579	59.9509	60.0011	C#3	59	65	0	0	45333	P1-1-630	0	-
580	59.9627	60.0257	Bb4	60	57	0	0	45333	P1-1-629	0	-
581	60.078	60.1902	B4	64	62	0	0	45416	P1-1-631	0	-
582	60.1528	60.202	Bb2	52	64	0	0	45500	P1-1-633	0	-
583	60.1913	60.608	C#5	78	64	0	0	45500	P1-1-632	0	-
584	60.3804	60.4274	C#3	63	65	0	0	45666	P1-1-634	0	-
585	60.6197	60.6667	Bb2	65	64	0	0	45833	P1-1-635	0	-
586	60.6347	60.811	G4	72	60	0	0	45875	P1-1-636	0	-
587	60.858	60.9018	D3	72	64	0	0	46000	P1-1-638	0	-
588	60.8644	61.8494	F#4	78	58	0	0	46000	P1-1-637	0	-
589	61.0727	61.1924	D5	79	64	0	0	46166	P1-1-639	0	-
590	61.0909	61.1325	F#3	62	66	0	0	46166	P1-1-640	0	-
591	61.1913	61.3088	C#5	77	59	0	0	46250	P1-1-641	0	-
592	61.2928	61.3505	D3	63	63	0	0	46333	P1-1-643	0	-
593	61.2971	61.4637	B4	74	56	0	0	46333	P1-1-642	0	-
594	61.4103	61.5524	C#5	75	65	0	0	46416	P1-1-644	0	-
595	61.499	61.5481	B2	54	62	0	0	46500	P1-1-646	0	-
596	61.5107	61.9648	D5	90	57	0	0	46500	P1-1-645	0	-
597	61.734	61.7853	D3	67	64	0	0	46666	P1-1-647	0	-
598	61.9402	61.9936	B2	68	62	0	0	46833	P1-1-648	0	-
599	61.9616	62.1582	A4	92	60	0	0	46875	P1-1-649	0	-
600	62.1699	62.2116	E3	77	68	0	0	47000	P1-1-651	0	-
601	62.1881	63.2907	G4	94	60	0	0	47000	P1-1-650	0	-
602	62.3986	62.562	E5	91	62	0	0	47166	P1-1-652	0	-
603	62.4071	62.452	G3	78	64	0	0	47166	P1-1-653	0	-
604	62.5225	62.6496	D5	82	63	0	0	47250	P1-1-654	0	-
605	62.6101	62.655	E3	70	67	0	0	47333	P1-1-656	0	-
606	62.6293	62.7447	C#5	88	63	0	0	47333	P1-1-655	0	-
607	62.7362	62.8783	D5	83	65	0	0	47416	P1-1-657	0	-
608	62.8302	62.8847	C#3	73	60	0	0	47500	P1-1-659	0	-
609	62.8473	63.2543	E5	106	58	0	0	47500	P1-1-658	0	-
610	63.0321	63.077	E3	78	66	0	0	47666	P1-1-660	0	-
611	63.2629	63.3078	C#3	76	64	0	0	47833	P1-1-661	0	-
612	63.2725	63.4456	B4	86	62	0	0	47875	P1-1-662	0	-
613	63.4883	63.7009	F#3	90	60	0	0	48000	P1-1-664	0	-
614	63.4926	63.5716	Bb4	99	62	0	0	48000	P1-1-663	0	-
615	63.5236	63.5481	G#5	55	63	0	0	-1	*	3	-
616	63.733	63.874	G5	99	63	0	0	48166	P1-1-665	0	-
617	63.8451	63.9402	F#5	90	65	0	0	48250	P1-1-666	0	-
618	63.9274	63.9894	B3	74	60	0	0	48375	P1-1-668	0	-
619	63.9424	64.0588	E5	86	64	0	0	48333	P1-1-667	0	-
620	64.0375	64.1464	Eb5	95	41	0	0	48416	P1-1-669	0	-
621	64.1304	64.3548	Bb3	76	63	0	0	48500	P1-1-671	0	-
622	64.1496	64.2404	E5	100	65	0	0	48500	P1-1-670	0	-
623	64.3687	64.4295	B3	78	62	0	0	48666	P1-1-673	0	-
624	64.3804	64.4488	G5	94	66	0	0	48666	P1-1-672	0	-
625	64.608	64.6731	Eb5	96	63	0	0	48833	P1-1-674	0	-
626	64.6101	64.6464	C#4	73	66	0	0	48833	P1-1-675	0	-
627	64.8345	64.9349	E5	94	62	0	0	49000	P1-1-676	0	-
628	64.8398	65.0043	F#3	75	63	0	0	49000	P1-1-678	0	-
629	64.8484	65.0855	C#5	84	52	0	0	49000	P1-1-677	0	-
630	65.0535	65.1902	G5	88	62	0	0	49166	P1-1-679	0	-
631	65.1614	65.3045	F#5	80	63	0	0	49250	P1-1-680	0	-
632	65.2597	65.5001	B3	75	57	0	0	49375	P1-1-682	0	-
633	65.2736	65.3996	E5	81	62	0	0	49333	P1-1-681	0	-
634	65.3804	65.546	Eb5	83	55	0	0	49416	P1-1-683	0	-
635	65.4798	65.5567	E5	91	64	0	0	49500	P1-1-684	0	-
636	65.4808	65.9146	Bb3	79	57	0	0	49500	P1-1-685	0	-
637	65.7383	65.858	F#5	72	61	0	0	49666	P1-1-686	0	-
638	65.8451	65.9338	E5	71	64	0	0	49750	P1-1-687	0	-
639	65.9146	65.952	B3	63	65	0	0	49875	P1-1-689	0	-
640	65.9381	65.9755	Eb5	72	66	0	0	49833	P1-1-688	0	-
641	66.0375	66.1325	C#5	66	61	0	0	49916	P1-1-690	0	-
642	66.1571	66.2063	Eb5	71	59	0	0	50000	P1-1-691	0	-
643	66.1646	66.2704	B2	57	63	0	0	50000	P1-1-692	0	-
644	66.4221	66.4894	C5	53	64	0	0	50166	P1-1-693	0	-
645	66.5107	66.5556	B4	62	65	0	0	50250	P1-1-694	0	-
646	66.5738	66.6507	E4	52	49	0	0	50375	P1-1-696	0	-
647	66.5962	66.6721	A4	65	60	0	0	50333	P1-1-695	0	-
648	66.6977	66.7554	G#4	63	63	0	0	50416	P1-1-697	0	-
649	66.7821	66.9317	Eb4	47	43	0	0	50500	P1-1-699	0	-
650	66.8099	66.8462	A4	71	69	0	0	50500	P1-1-698	0	-
651	67.0011	67.0567	E4	57	64	0	0	50666	P1-1-701	0	-
652	67.0236	67.061	C5	72	68	0	0	50666	P1-1-700	0	-
653	67.249	67.2821	F#4	51	60	0	0	50833	P1-1-703	0	-
654	67.2607	67.3003	G#4	66	63	0	0	50833	P1-1-702	0	-
655	67.4659	67.6133	B3	49	58	0	0	51000	P1-1-706	0	-
656	67.4787	67.6368	F#5	67	62	0	0	51000	P1-1-704	0	-
657	67.4851	67.5375	A4	57	60	0	0	51000	P1-1-705	0	-
658	67.7127	67.781	C5	53	64	0	0	51166	P1-1-707	0	-
659	67.811	67.8612	B4	57	66	0	0	51250	P1-1-708	0	-
660	67.9093	68.1069	E4	46	34	0	0	51375	P1-1-710	0	-
661	67.9167	67.9808	A4	60	60	0	0	51333	P1-1-709	0	-
662	68.0172	68.0781	G#4	60	62	0	0	51416	P1-1-711	0	-
663	68.1187	68.5823	Eb4	49	51	0	0	51500	P1-1-713	0	-
664	68.1336	68.1689	A4	69	68	0	0	51500	P1-1-712	0	-
665	68.3772	68.4285	B4	60	62	0	0	51666	P1-1-714	0	-
666	68.4862	68.5343	A4	57	65	0	0	51750	P1-1-715	0	-
667	68.5781	68.6176	E4	58	65	0	0	-1	*	3	-
668	68.5941	68.6593	G4	56	58	0	0	51833	P1-1-716	0	-
669	68.7052	68.7714	F#4	58	59	0	0	51916	P1-1-718	0	-
670	68.8099	68.9424	E3	47	63	0	0	52000	P1-1-720	0	-
671	68.8281	68.8932	G4	60	55	0	0	52000	P1-1-719	0	-
672	68.9317	69.0129	B4	72	58	0	0	52083	P1-1-721	0	-
673	68.936	69.0172	G3	54	59	0	0	52083	P1-1-722	0	-
674	69.0289	69.1454	C#5	77	67	0	0	52166	P1-1-723	0	-
675	69.0332	69.1016	A3	62	62	0	0	52166	P1-1-724	0	-
676	69.1432	69.2351	Eb5	84	66	0	0	52250	P1-1-725	0	-
677	69.1507	69.2458	B3	67	53	0	0	52250	P1-1-726	0	-
678	69.2554	69.358	C#4	66	57	0	0	52333	P1-1-728	0	-
679	69.2682	69.3537	E5	81	59	0	0	52333	P1-1-727	0	-
680	69.3569	69.4531	Eb4	60	63	0	0	52416	P1-1-730	0	-
681	69.3601	69.4862	F#5	85	63	0	0	52416	P1-1-729	0	-
682	69.4648	69.5887	G5	82	63	0	0	52500	P1-1-731	0	-
683	69.4723	69.5129	E4	74	66	0	0	52500	P1-1-732	0	-
684	69.5823	69.7073	F#5	82	59	0	0	52583	P1-1-733	0	-
685	69.6828	69.7234	G4	72	62	0	0	52666	P1-1-735	0	-
686	69.6881	69.7608	E5	83	64	0	0	52666	P1-1-734	0	-
687	69.7917	69.8911	D5	77	47	0	0	52750	P1-1-736	0	-
688	69.8975	69.9349	E4	69	67	0	0	52833	P1-1-738	0	-
689	69.9039	70.0204	C#5	80	61	0	0	52833	P1-1-737	0	-
690	70.0097	70.0973	B4	82	63	0	0	52916	P1-1-739	0	-
691	70.0962	70.1422	C#4	71	64	0	0	53000	P1-1-741	0	-
692	70.1133	70.281	E5	90	61	0	0	53000	P1-1-740	0	-
693	70.233	70.3537	D5	79	62	0	0	53083	P1-1-742	0	-
694	70.3249	70.3719	E4	70	62	0	0	53166	P1-1-744	0	-
695	70.3409	70.4477	C#5	75	62	0	0	53166	P1-1-743	0	-
696	70.4434	70.4969	B4	75	64	0	0	53250	P1-1-745	0	-
697	70.5481	70.6336	A4	74	54	0	0	53333	P1-1-746	0	-
698	70.5642	70.6026	C#4	64	65	0	0	53333	P1-1-747	0	-
699	70.6561	70.7426	G#4	70	62	0	0	53416	P1-1-748	0	-
700	70.7522	70.8793	C#5	86	65	0	0	53500	P1-1-749	0	-
701	70.7533	70.796	A3	63	64	0	0	53500	P1-1-750	0	-
702	70.8772	70.9734	B4	70	65	0	0	53583	P1-1-751	0	-
703	70.9702	71.015	C#4	63	64	0	0	53666	P1-1-753	0	-
704	70.9734	71.0311	A4	77	62	0	0	53666	P1-1-752	0	-
705	71.0834	71.1603	G4	70	57	0	0	53750	P1-1-754	0	-
706	71.1678	71.2052	A3	64	67	0	0	53833	P1-1-756	0	-
707	71.1806	71.2725	F#4	69	62	0	0	53833	P1-1-755	0	-
708	71.2875	71.3687	E4	72	61	0	0	53916	P1-1-757	0	-
709	71.4061	71.5172	D3	53	61	0	0	54000	P1-1-759	0	-
710	71.4114	71.4573	F#4	75	65	0	0	54000	P1-1-758	0	-
711	71.5022	71.5823	A4	77	55	0	0	54083	P1-1-760	0	-
712	71.5257	71.6187	F#3	68	64	0	0	54083	P1-1-761	0	-
713	71.6069	71.6977	B4	84	55	0	0	54166	P1-1-762	0	-
714	71.6379	71.7041	G3	68	60	0	0	54166	P1-1-763	0	-
715	71.7159	71.7939	C#5	87	64	0	0	54250	P1-1-764	0	-
716	71.734	71.8216	A3	76	61	0	0	54250	P1-1-765	0	-
717	71.8206	71.9157	D5	82	55	0	0	54333	P1-1-766	0	-
718	71.827	71.9167	B3	72	62	0	0	54333	P1-1-767	0	-
719	71.921	72.03	E5	86	59	0	0	54416	P1-1-768	0	-
720	71.9285	72.0332	C#4	76	60	0	0	54416	P1-1-769	0	-
721	72.0172	72.1432	F#5	99	64	0	0	54500	P1-1-770	0	-
722	72.0407	72.8772	D4	79	58	0	0	54500	P1-1-771	0	-
723	72.1358	72.202	E5	83	65	0	0	54583	P1-1-772	0	-
724	72.2394	72.3184	D5	80	59	0	0	54666	P1-1-773	0	-
725	72.3516	72.4605	C#5	80	64	0	0	54750	P1-1-774	0	-
726	72.4552	72.5086	B4	76	65	0	0	54833	P1-1-775	0	-
727	72.5471	72.6454	A4	73	57	0	0	54916	P1-1-776	0	-
728	72.6603	72.7415	G#4	73	61	0	0	55000	P1-1-777	0	-
729	72.7672	72.8569	B4	69	65	0	0	55083	P1-1-778	0	-
730	72.8729	72.984	E5	81	63	0	0	55166	P1-1-779	0	-
731	72.8858	72.9253	C#4	62	64	0	0	55166	P1-1-780	0	-
732	72.9872	73.0887	D5	69	63	0	0	55250	P1-1-781	0	-
733	73.0385	73.0567	C5	27	37	0	0	-1	*	3	-
734	73.0813	73.1155	B3	71	66	0	0	55333	P1-1-783	0	-
735	73.0866	73.1667	E5	81	65	0	0	55333	P1-1-782	0	-
736	73.2031	73.2533	G4	71	65	0	0	55416	P1-1-784	0	-
737	73.2907	73.3558	Bb3	67	59	0	0	55500	P1-1-786	0	-
738	73.3259	73.3847	F#4	75	58	0	0	55500	P1-1-785	0	-
739	73.4061	73.4776	C#4	72	63	0	0	55583	P1-1-788	0	-
740	73.4296	73.5075	Bb4	70	59	0	0	55583	P1-1-787	0	-
741	73.5214	73.639	C#5	76	60	0	0	55666	P1-1-789	0	-
742	73.53	73.6197	B3	67	63	0	0	55666	P1-1-791	0	-
743	73.6251	73.7244	Bb3	67	61	0	0	55750	P1-1-793	0	-
744	73.6251	73.7405	D5	80	62	0	0	55750	P1-1-792	0	-
745	73.7212	73.8302	G#3	75	62	0	0	55833	P1-1-795	0	-
746	73.7437	73.9862	E5	85	38	0	0	55833	P1-1-794	0	-
747	73.8238	73.8996	F#3	76	64	0	0	55916	P1-1-796	0	-
748	73.937	73.9744	B3	79	65	0	0	56000	P1-1-797	0	-
749	74.0439	74.1464	F#4	74	57	0	0	56083	P1-1-798	0	-
750	74.1464	74.2554	G#4	73	61	0	0	56166	P1-1-799	0	-
751	74.1561	74.202	F#3	69	66	0	0	56166	P1-1-800	0	-
752	74.2479	74.3142	Bb4	70	63	0	0	56250	P1-1-801	0	-
753	74.3516	74.4103	B4	76	60	0	0	56333	P1-1-802	0	-
754	74.3537	74.4007	D3	63	64	0	0	56333	P1-1-803	0	-
755	74.4563	74.5492	C#5	74	57	0	0	56416	P1-1-804	0	-
756	74.5684	74.6806	D5	79	62	0	0	56500	P1-1-805	0	-
757	74.577	74.6358	B2	59	57	0	0	56500	P1-1-806	0	-
758	74.6806	74.7821	C#5	78	63	0	0	56583	P1-1-807	0	-
759	74.78	74.8409	B4	78	61	0	0	56666	P1-1-808	0	-
760	74.7853	74.8623	C#3	64	59	0	0	56666	P1-1-809	0	-
761	74.8772	74.9873	A4	73	61	0	0	56750	P1-1-810	0	-
762	74.9028	74.9584	D3	72	63	0	0	56750	P1-1-811	0	-
763	74.9819	75.1133	G4	77	51	0	0	56833	P1-1-812	0	-
764	75.014	75.0781	E3	69	50	0	0	56833	P1-1-813	0	-
765	75.0813	75.187	F#4	82	61	0	0	56916	P1-1-814	0	-
766	75.1176	75.2362	F#3	64	60	0	0	56916	P1-1-815	0	-
767	75.1977	75.3751	B4	89	56	0	0	57000	P1-1-816	0	-
768	75.2116	75.3291	G3	78	62	0	0	57000	P1-1-817	0	-
769	75.3249	75.4798	A4	83	60	0	0	57083	P1-1-818	0	-
770	75.3323	75.4103	A3	75	64	0	0	57083	P1-1-819	0	-
771	75.4413	75.5161	B3	64	62	0	0	57166	P1-1-821	0	-
772	75.4477	75.5353	G4	76	64	0	0	57166	P1-1-820	0	-
773	75.5278	75.6368	A3	72	58	0	0	57250	P1-1-823	0	-
774	75.5289	75.6037	F#4	80	64	0	0	57250	P1-1-822	0	-
775	75.6315	75.7276	E4	77	62	0	0	57333	P1-1-824	0	-
776	75.6422	75.7105	G3	59	63	0	0	57333	P1-1-825	0	-
777	75.6988	75.7992	F#3	62	65	0	0	57416	P1-1-827	0	-
778	75.7308	75.8473	D4	80	54	0	0	57416	P1-1-826	0	-
779	75.8099	75.8697	E3	60	58	0	0	57500	P1-1-829	0	-
780	75.8387	75.9723	G4	86	62	0	0	57500	P1-1-828	0	-
781	75.9199	75.9979	F#3	70	64	0	0	57583	P1-1-831	0	-
782	75.9402	76.0962	F#4	80	58	0	0	57583	P1-1-830	0	-
783	76.0353	76.1251	G3	73	62	0	0	57666	P1-1-833	0	-
784	76.061	76.1411	E4	61	62	0	0	57666	P1-1-832	0	-
785	76.1283	76.2244	D4	74	63	0	0	57750	P1-1-834	0	-
786	76.1432	76.1924	F#3	66	65	0	0	57750	P1-1-835	0	-
787	76.233	76.3366	C#4	74	63	0	0	57833	P1-1-836	0	-
788	76.2511	76.3291	G3	75	60	0	0	57833	P1-1-837	0	-
789	76.3291	76.4456	E4	77	62	0	0	57916	P1-1-838	0	-
790	76.3441	76.4242	E3	67	64	0	0	57916	P1-1-839	0	-
791	76.468	76.5289	Bb3	96	65	0	0	58000	P1-1-840	0	-
792	76.4776	76.8836	F#3	93	57	0	0	58000	P1-1-841	0	-
793	76.7469	76.9135	G5	102	63	0	0	58166	P1-1-842	0	-
794	76.8676	76.9755	F#5	86	63	0	0	58250	P1-1-843	0	-
795	76.9595	77.046	E5	80	64	0	0	58333	P1-1-844	0	-
796	77.0129	77.061	F#2	67	66	0	0	58375	P1-1-845	0	-
797	77.061	77.1945	D5	89	65	0	0	58416	P1-1-846	0	-
798	77.1689	77.4531	F#2	76	61	0	0	58500	P1-1-849	0	-
799	77.1774	77.5652	Bb4	88	62	0	0	58500	P1-1-848	0	-
800	77.1774	77.3494	C#5	88	36	0	0	58500	P1-1-847	0	-
801	77.4103	77.4926	E5	89	63	0	0	58666	P1-1-850	0	-
802	77.6272	77.686	C#5	83	62	0	0	58833	P1-1-851	0	-
803	77.6454	77.6902	F#2	61	64	0	0	58875	P1-1-852	0	-
804	77.8313	78.7618	F#2	65	58	0	0	59000	P1-1-855	0	-
805	77.8462	78.2543	E4	83	61	0	0	59000	P1-1-854	0	-
806	77.8484	77.921	Bb4	79	61	0	0	59000	P1-1-853	0	-
807	78.0802	78.1475	C#5	75	60	0	0	59166	P1-1-856	0	-
808	78.3067	78.3612	Bb4	72	61	0	0	59333	P1-1-857	0	-
809	78.5236	78.6219	E4	63	62	0	0	59500	P1-1-858	0	-
810	78.5246	78.8676	C#4	71	80	0	0	59500	P1-1-859	0	-
811	78.749	78.8516	Bb4	65	59	0	0	59666	P1-1-860	0	-
812	78.8601	78.9776	C#3	79	63	0	0	59750	P1-1-861	0	-
813	78.8996	79.1967	C#4	29	50	0	0	59750	*	3	-
814	78.9648	79.0471	D3	82	64	0	0	59833	P1-1-863	0	-
815	78.9787	79.0321	E4	66	64	0	0	59833	P1-1-862	0	-
816	79.0663	79.1785	E3	78	63	0	0	59916	P1-1-864	0	-
817	79.1646	79.421	F#3	83	60	0	0	60000	P1-1-866	0	-
818	79.187	79.4167	D4	76	62	0	0	60000	P1-1-865	0	-
819	79.4445	79.5033	B3	58	56	0	0	60166	P1-1-867	0	-
820	79.5514	79.6005	C#4	59	63	0	0	60250	P1-1-868	0	-
821	79.6347	79.6774	F#2	60	64	0	0	60375	P1-1-870	0	-
822	79.6753	79.7276	D4	61	62	0	0	60333	P1-1-869	0	-
823	79.7586	79.8185	E4	64	61	0	0	60416	P1-1-871	0	-
824	79.8548	80.1208	F#2	62	60	0	0	60500	P1-1-874	0	-
825	79.8708	80.2725	B4	87	60	0	0	60500	P1-1-872	0	-
826	79.8879	79.9467	F#4	58	57	0	0	60500	P1-1-873	0	-
827	80.1112	80.1742	D4	77	62	0	0	60666	P1-1-875	0	-
828	80.3259	80.3847	F#2	83	62	0	0	60875	P1-1-877	0	-
829	80.3313	80.4018	F#4	78	61	0	0	60833	P1-1-876	0	-
830	80.5332	81.9381	F#2	85	62	0	0	61000	P1-1-880	0	-
831	80.5514	80.8815	D5	95	60	0	0	61000	P1-1-878	0	-
832	80.5588	80.7244	B4	71	39	0	0	61000	P1-1-879	0	-
833	80.7832	80.8452	F#4	79	64	0	0	61166	P1-1-881	0	-
834	80.9873	81.0535	B4	79	65	0	0	61333	P1-1-882	0	-
835	81.1977	81.5791	F5	89	60	0	0	61500	P1-1-883	0	-
836	81.2073	81.2757	D5	80	55	0	0	61500	P1-1-884	0	-
837	81.436	81.4905	B4	74	62	0	0	61666	P1-1-885	0	-
838	81.6283	81.6935	D5	88	63	0	0	61833	P1-1-886	0	-
839	81.8537	82.1721	F#5	98	61	0	0	62000	P1-1-887	0	-
840	81.8751	81.9691	C#5	78	58	0	0	62000	P1-1-888	0	-
841	82.108	82.1635	Bb4	69	62	0	0	62166	P1-1-889	0	-
842	82.1999	82.3217	D3	76	62	0	0	62250	P1-1-890	0	-
843	82.3024	82.3975	E3	74	63	0	0	62333	P1-1-892	0	-
844	82.3142	82.3761	C#5	84	62	0	0	62333	P1-1-891	0	-
845	82.3174	82.4029	E5	85	64	0	0	62375	P1-1-893	0	-
846	82.3943	82.4841	F#3	81	62	0	0	62416	P1-1-894	0	-
847	82.5214	82.5834	G3	83	63	0	0	62500	P1-1-897	0	-
848	82.5439	82.8217	D5	93	52	0	0	62500	P1-1-895	0	-
849	82.5578	82.8099	B4	80	45	0	0	62500	P1-1-896	0	-
850	82.7576	82.7982	F#3	74	69	0	0	62666	P1-1-898	0	-
851	82.9798	83.061	G5	94	61	0	0	62875	P1-1-900	0	-
852	82.9808	83.0182	E3	73	67	0	0	62833	P1-1-899	0	-
853	83.2747	83.4029	D5	97	63	0	0	63000	P1-1-901	0	-
854	83.2789	84.0129	F#3	73	80	0	0	63000	P1-1-903	0	-
855	83.2896	83.3879	B4	81	80	0	0	63000	P1-1-902	0	-
856	84.0054	84.0749	D5	87	60	0	0	63500	*	3	-
857	84.0108	84.3954	F#2	67	61	0	0	63500	P1-1-906	0	-
858	84.0129	84.608	F#3	13	60	0	0	63500	*	3	-
859	84.015	84.5706	Bb4	78	59	0	0	63500	P1-1-905	0	-
860	84.0823	84.124	C#5	64	67	0	0	63500	P1-1-904	0	-
861	84.1176	84.202	D5	65	63	0	0	63554	P1-1-907	0	-
862	84.1892	84.2693	C#5	87	65	0	0	63609	P1-1-908	0	-
863	84.2629	84.3409	B4	80	65	0	0	63666	P1-1-909	0	-
864	84.5129	84.5813	C#5	77	62	0	0	63833	P1-1-910	0	-
865	84.7714	84.9712	B2	78	62	0	0	64000	P1-1-913	0	-
866	84.7714	84.8163	B4	75	62	0	0	64000	P1-1-911	0	-
867	85.0268	85.1176	D5	69	64	0	0	64166	P1-1-914	0	-
868	85.0482	85.0813	E5	55	57	0	0	-1	*	3	-
869	85.1294	85.2383	C#5	74	65	0	0	64250	P1-1-915	0	-
870	85.2394	85.2843	B4	67	62	0	0	64333	P1-1-916	0	-
871	85.2597	85.2939	F#3	83	70	0	0	64375	P1-1-917	0	-
872	85.3259	85.4317	A4	71	53	0	0	64416	P1-1-918	0	-
873	85.4648	85.5065	G4	70	63	0	0	64500	P1-1-919	0	-
874	85.5161	85.5556	B3	77	67	0	0	64500	P1-1-920	0	-
875	85.5588	85.6315	Bb3	82	61	0	0	64562	P1-1-921	1	-
876	85.6454	86.4082	B3	89	53	0	0	64625	P1-1-922	0	-
877	85.7373	85.9061	B4	84	62	0	0	64666	P1-1-923	0	-
878	85.858	86.0086	A4	78	58	0	0	64750	P1-1-924	0	-
879	85.9627	86.0845	G4	79	62	0	0	64833	P1-1-925	0	-
880	86.0717	86.1646	F#4	84	63	0	0	64916	P1-1-926	0	-
881	86.1806	86.2383	E4	87	66	0	0	65000	P1-1-927	0	-
882	86.2458	86.2864	C#5	27	32	0	0	65000	*	3	-
883	86.4157	86.4638	C4	74	64	0	0	65166	P1-1-929	0	-
884	86.4253	86.468	G4	81	62	0	0	65166	P1-1-928	0	-
885	86.5097	86.6026	B3	75	63	0	0	65250	P1-1-930	0	-
886	86.5984	86.7052	A3	77	64	0	0	65333	P1-1-932	0	-
887	86.6432	86.7095	C5	95	64	0	0	65333	P1-1-931	0	-
888	86.6977	86.8174	G3	76	63	0	0	65416	P1-1-933	0	-
889	86.8259	86.8783	F#3	75	63	0	0	65500	P1-1-935	0	-
890	86.8526	87.7138	C5	98	48	0	0	65500	P1-1-934	0	-
891	87.0674	87.1646	G3	72	61	0	0	65666	P1-1-937	0	-
892	87.1005	87.1678	A4	75	61	0	0	65666	P1-1-936	0	-
893	87.1742	87.3185	F#3	72	59	0	0	65750	P1-1-938	0	-
894	87.2971	87.3836	E3	69	64	0	0	65833	P1-1-940	0	-
895	87.3078	87.3655	F#4	73	57	0	0	65833	P1-1-939	0	-
896	87.3826	87.5108	D3	66	36	0	0	65916	P1-1-941	0	-
897	87.5279	87.5706	D4	80	65	0	0	66000	P1-1-942	0	-
898	87.53	87.6347	G3	73	63	0	0	66000	P1-1-943	0	-
899	87.6326	87.7138	A3	79	65	0	0	66083	P1-1-944	0	-
900	87.7362	87.8398	B3	73	62	0	0	66166	P1-1-946	0	-
901	87.7415	88.1849	G4	94	62	0	0	66166	P1-1-945	0	-
902	87.842	87.936	G3	67	62	0	0	66250	P1-1-947	0	-
903	87.952	88.0385	F#3	69	64	0	0	66333	P1-1-949	0	-
904	87.9595	88.0503	B4	87	61	0	0	66333	P1-1-948	0	-
905	88.0546	88.1304	G3	70	61	0	0	66416	P1-1-950	0	-
906	88.1721	88.2084	C#3	70	66	0	0	66500	P1-1-952	0	-
907	88.1945	88.6037	B4	95	60	0	0	66500	P1-1-951	0	-
908	88.327	88.4841	A4	72	61	0	0	66583	P1-1-953	0	-
909	88.4221	88.4573	E3	66	67	0	0	66666	P1-1-955	0	-
910	88.4392	88.5578	G4	73	59	0	0	66666	P1-1-954	0	-
911	88.5428	88.6155	F#4	67	60	0	0	66750	P1-1-956	0	-
912	88.6283	88.6742	C#3	57	63	0	0	66833	P1-1-958	0	-
913	88.6486	88.7212	E4	67	60	0	0	66833	P1-1-957	0	-
914	88.7437	88.7992	D4	67	63	0	0	66916	P1-1-959	0	-
915	88.8409	88.8815	C#4	78	61	0	0	67000	P1-1-960	0	-
916	88.8516	88.9242	F#3	61	60	0	0	67000	P1-1-961	0	-
917	88.9531	89.0108	G3	63	63	0	0	67083	P1-1-962	0	-
918	89.0578	89.1454	A3	59	55	0	0	67166	P1-1-964	0	-
919	89.0631	89.5204	F#4	76	63	0	0	67166	P1-1-963	0	-
920	89.1785	89.2469	F#3	54	64	0	0	67250	P1-1-965	0	-
921	89.2768	89.343	E3	57	60	0	0	67333	P1-1-967	0	-
922	89.3056	89.3644	A4	72	61	0	0	67333	P1-1-966	0	-
923	89.374	89.4509	F#3	61	57	0	0	67416	P1-1-968	0	-
924	89.514	89.5653	B2	59	63	0	0	67500	P1-1-970	0	-
925	89.5247	90.3804	A4	81	58	0	0	67500	P1-1-969	0	-
926	89.6465	89.7608	G4	66	59	0	0	67583	P1-1-971	0	-
927	89.7394	89.7821	D3	62	65	0	0	67666	P1-1-973	0	-
928	89.7597	89.8644	F#4	63	60	0	0	67666	P1-1-972	0	-
929	89.8516	89.9082	E4	61	65	0	0	67750	P1-1-974	0	-
930	89.9509	90.0172	D4	67	55	0	0	67833	P1-1-975	0	-
931	89.9659	90.0097	B2	49	64	0	0	67833	P1-1-976	0	-
932	90.0546	90.1059	C#4	59	64	0	0	67916	P1-1-977	0	-
933	90.1443	90.2031	B3	78	59	0	0	68000	P1-1-978	0	-
934	90.1796	90.249	E3	57	62	0	0	68000	P1-1-979	0	-
935	90.2875	90.3398	F#3	65	66	0	0	68083	P1-1-980	0	-
936	90.3826	90.4531	G3	55	54	0	0	68166	P1-1-982	0	-
937	90.3932	90.8345	E4	77	62	0	0	68166	P1-1-981	0	-
938	90.4809	90.5556	E3	56	60	0	0	68250	P1-1-983	0	-
939	90.5941	90.6657	D3	49	61	0	0	68333	P1-1-985	0	-
940	90.608	90.6721	G4	70	60	0	0	68333	P1-1-984	0	-
941	90.7041	90.7971	E3	56	58	0	0	68416	P1-1-986	0	-
942	90.8388	91.1368	G4	75	80	0	0	68500	P1-1-987	0	-
943	90.842	90.89	A2	54	64	0	0	68500	P1-1-988	0	-
944	90.9659	91.0717	F#4	64	64	0	0	68583	P1-1-989	0	-
945	91.0535	91.0994	C#3	54	65	0	0	68666	P1-1-991	0	-
946	91.0717	91.1283	E4	60	63	0	0	68666	P1-1-990	0	-
947	91.1678	91.7106	G4	23	40	0	0	68750	*	3	-
948	91.1689	91.2512	D4	59	58	0	0	68750	P1-1-992	0	-
949	91.2757	91.3195	A2	58	64	0	0	68833	P1-1-994	0	-
950	91.2918	91.42	C#4	56	39	0	0	68833	P1-1-993	0	-
951	91.3772	91.4424	B3	67	61	0	0	68916	P1-1-995	0	-
952	91.4841	91.5631	D3	61	58	0	0	69000	P1-1-997	0	-
953	91.4905	91.5321	A3	65	65	0	0	69000	P1-1-996	0	-
954	91.5866	91.6753	E3	49	59	0	0	69083	P1-1-998	0	-
955	91.6828	91.7682	F#3	59	63	0	0	69166	P1-1-1000	0	-
956	91.6913	92.8185	D4	64	49	0	0	69166	P1-1-999	0	-
957	91.8014	91.8804	D3	56	56	0	0	69250	P1-1-1001	0	-
958	91.8783	91.9648	F#4	65	60	0	0	69333	P1-1-1002	0	-
959	91.9007	91.9531	C#3	49	63	0	0	69333	P1-1-1003	0	-
960	92.0022	92.0663	D3	66	55	0	0	69416	P1-1-1004	0	-
961	92.1208	92.1881	B2	60	59	0	0	69500	P1-1-1005	0	-
962	92.2095	92.2757	C3	66	64	0	0	69583	P1-1-1006	0	-
963	92.327	92.405	D3	64	55	0	0	69666	P1-1-1008	0	-
964	92.3388	92.3826	F#4	69	63	0	0	69666	P1-1-1007	0	-
965	92.4349	92.5161	B2	53	59	0	0	69750	P1-1-1009	0	-
966	92.5535	92.624	A2	58	61	0	0	69833	P1-1-1011	0	-
967	92.5621	92.624	C5	76	60	0	0	69833	P1-1-1010	0	-
968	92.6635	92.7383	B2	63	54	0	0	69916	P1-1-1012	0	-
969	92.7683	93.3708	B4	85	50	0	0	70000	P1-1-1013	0	-
970	92.7725	92.8644	G2	62	51	0	0	70000	P1-1-1014	0	-
971	92.8933	92.9819	A2	63	62	0	0	70083	P1-1-1015	0	-
972	92.9873	93.0663	B2	70	62	0	0	70166	P1-1-1017	0	-
973	92.9894	93.1155	G4	74	54	0	0	70166	P1-1-1016	0	-
974	93.0877	93.2426	F#4	75	58	0	0	70250	P1-1-1018	0	-
975	93.0973	93.1935	A2	66	63	0	0	70250	P1-1-1019	0	-
976	93.1945	93.2992	E4	73	60	0	0	70333	P1-1-1020	0	-
977	93.1988	93.296	G2	66	57	0	0	70333	P1-1-1021	0	-
978	93.3056	93.4082	F#2	65	62	0	0	70416	P1-1-1023	0	-
979	93.3056	93.4071	D4	72	63	0	0	70416	P1-1-1022	0	-
980	93.3933	93.4435	G4	75	64	0	0	70500	P1-1-1024	0	-
981	93.4285	93.5578	E2	61	62	0	0	70500	P1-1-1025	0	-
982	93.5578	93.6208	F#2	69	62	0	0	70583	P1-1-1026	0	-
983	93.6283	93.7266	C#5	82	59	0	0	70666	P1-1-1027	0	-
984	93.6422	93.6849	E4	62	66	0	0	70666	P1-1-1028	0	-
985	93.6486	93.7405	G2	70	57	0	0	70666	P1-1-1029	0	-
986	93.765	93.8409	F#2	69	63	0	0	70750	P1-1-1030	0	-
987	93.8569	93.9841	E2	61	63	0	0	70833	P1-1-1033	0	-
988	93.8623	94.1871	D5	88	60	0	0	70833	P1-1-1031	0	-
989	93.8633	94.2886	F#4	71	60	0	0	70833	P1-1-1032	0	-
990	93.9937	94.1443	D2	68	61	0	0	70916	P1-1-1034	0	-
991	94.123	94.9723	A2	80	61	0	0	71000	P1-1-1035	0	-
992	94.3591	94.4264	B4	76	60	0	0	71166	P1-1-1036	0	-
993	94.3783	94.4168	D4	58	64	0	0	71166	P1-1-1037	0	-
994	94.6155	94.6913	C#5	94	64	0	0	71333	P1-1-1038	0	-
995	94.6272	94.6721	E4	74	59	0	0	71333	P1-1-1039	0	-
996	94.8559	95.3612	E5	101	60	0	0	71500	P1-1-1040	0	-
997	94.873	95.2939	G4	76	55	0	0	71500	P1-1-1041	0	-
998	94.9883	95.0994	G#2	67	62	0	0	71583	P1-1-1042	1	-
999	95.0898	95.1764	Bb2	76	64	0	0	71666	P1-1-1043	1	-
1000	95.2009	95.3153	B2	77	62	0	0	71750	P1-1-1044	1	-
1001	95.3142	95.4061	C#3	77	63	0	0	71833	P1-1-1045	1	-
1002	95.4285	95.6027	Bb2	75	59	0	0	71916	P1-1-1046	0	-
1003	95.5321	96.4039	B2	86	63	0	0	72000	P1-1-1047	0	-
1004	95.7597	95.8334	C#5	94	64	0	0	72166	P1-1-1048	0	-
1005	95.7704	95.8067	E4	82	64	0	0	72166	P1-1-1049	0	-
1006	95.9755	96.0578	D5	99	64	0	0	72333	P1-1-1050	0	-
1007	95.9947	96.0396	F#4	84	59	0	0	72333	P1-1-1051	0	-
1008	96.265	96.8762	G5	99	63	0	0	72500	P1-1-1052	0	-
1009	96.2832	96.7939	B4	83	56	0	0	72500	P1-1-1053	0	-
1010	96.4157	96.561	A2	69	60	0	0	72583	P1-1-1054	0	-
1011	96.545	96.6176	B2	71	63	0	0	72666	P1-1-1055	0	-
1012	96.6304	96.7629	D3	72	57	0	0	72750	P1-1-1056	0	-
1013	96.7458	96.8462	C#3	77	62	0	0	72833	P1-1-1057	0	-
1014	96.8783	96.9648	E3	84	56	0	0	72916	P1-1-1058	0	-
1015	96.9873	97.8046	D3	83	60	0	0	73000	P1-1-1059	0	-
1016	97.1999	97.2821	F#5	93	64	0	0	73166	P1-1-1060	0	-
1017	97.2234	97.2683	A4	79	63	0	0	73166	P1-1-1061	0	-
1018	97.4531	97.5524	E5	97	60	0	0	73333	P1-1-1062	0	-
1019	97.4606	97.498	G4	78	64	0	0	73333	P1-1-1063	0	-
1020	97.6774	98.2992	F#5	100	57	0	0	73500	P1-1-1064	0	-
1021	97.6935	98.2533	A4	81	46	0	0	73500	P1-1-1065	0	-
1022	97.8046	97.8826	E3	70	64	0	0	73583	P1-1-1066	0	-
1023	97.9114	97.9894	D3	73	55	0	0	73666	P1-1-1067	0	-
1024	98.0279	98.1304	C3	68	61	0	0	73750	P1-1-1068	0	-
1025	98.1347	98.2383	B2	67	62	0	0	73833	P1-1-1069	0	-
1026	98.2586	98.3441	A2	58	63	0	0	73916	P1-1-1070	0	-
1027	98.3441	98.4819	G2	62	59	0	0	74000	P1-1-1071	0	-
1028	98.4702	98.5204	D3	68	64	0	0	74083	P1-1-1072	0	-
1029	98.5717	98.6443	E3	72	58	0	0	74166	P1-1-1075	0	-
1030	98.5962	98.6806	E5	81	62	0	0	74166	P1-1-1073	0	-
1031	98.6101	98.655	G4	71	63	0	0	74166	P1-1-1074	0	-
1032	98.6785	98.8067	F#3	77	63	0	0	74250	P1-1-1076	0	-
1033	98.7928	98.8815	G3	80	63	0	0	74333	P1-1-1079	0	-
1034	98.8078	98.9007	D5	90	61	0	0	74333	P1-1-1077	0	-
1035	98.8238	98.9136	F#4	77	58	0	0	74333	P1-1-1078	0	-
1036	98.9114	99.0556	A3	78	64	0	0	74416	P1-1-1080	0	-
1037	99.0386	99.78	Bb3	82	61	0	0	74500	P1-1-1083	0	-
1038	99.0386	99.1176	E5	98	63	0	0	74500	P1-1-1081	0	-
1039	99.0556	99.0962	G4	78	60	0	0	74500	P1-1-1082	0	-
1040	99.2779	99.3484	C#5	89	62	0	0	74666	P1-1-1084	0	-
1041	99.295	99.3302	E4	74	69	0	0	74666	P1-1-1085	0	-
1042	99.5086	99.5653	D5	86	62	0	0	74833	P1-1-1086	0	-
1043	99.5183	99.561	F#4	77	63	0	0	74833	P1-1-1087	0	-
1044	99.718	99.7597	D5	67	64	0	0	-1	*	3	-
1045	99.7383	100.236	E4	67	43	0	0	75000	P1-1-1089	0	-
1046	99.7661	99.8334	C#5	73	62	0	0	75000	P1-1-1088	0	-
1047	99.8163	99.8858	A3	56	57	0	0	75072	P1-1-1091	0	-
1048	99.8462	99.9317	D5	69	80	0	0	75072	P1-1-1090	0	-
1049	99.9071	99.9948	C#5	61	80	0	0	75125	P1-1-1092	0	-
1050	99.9285	99.9851	Bb3	57	62	0	0	75166	P1-1-1093	0	-
1051	99.9552	100.042	D5	51	57	0	0	-1	*	3	-
1052	100.015	100.091	C#5	46	65	0	0	-1	*	3	-
1053	100.027	100.107	G3	57	63	0	0	75250	P1-1-1094	0	-
1054	100.149	100.268	E3	57	59	0	0	75333	P1-1-1095	0	-
1055	100.283	100.353	G3	54	64	0	0	75416	P1-1-1096	0	-
1056	100.358	100.422	F4	64	60	0	0	75500	P1-1-1097	0	-
1057	100.394	100.457	A3	60	57	0	0	75500	P1-1-1098	0	-
1058	100.48	100.575	E4	60	51	0	0	75583	P1-1-1099	0	-
1059	100.503	100.556	G3	60	66	0	0	75583	P1-1-1100	0	-
1060	100.587	100.636	F4	59	62	0	0	75666	P1-1-1101	0	-
1061	100.602	100.653	A3	59	59	0	0	75666	P1-1-1102	0	-
1062	100.688	100.759	D4	57	53	0	0	75750	P1-1-1103	0	-
1063	100.69	100.762	F3	61	62	0	0	75750	P1-1-1104	0	-
1064	100.8	100.886	D3	55	55	0	0	75833	P1-1-1106	0	-
1065	100.81	100.886	A4	66	59	0	0	75833	P1-1-1105	0	-
1066	100.929	101.01	F3	50	63	0	0	75916	P1-1-1108	0	-
1067	100.93	101.31	F4	57	39	0	0	75916	P1-1-1107	0	-
1068	101.037	101.515	Bb4	72	61	0	0	76000	P1-1-1109	0	-
1069	101.05	101.133	G3	56	57	0	0	76000	P1-1-1110	0	-
1070	101.165	101.237	F3	63	61	0	0	76083	P1-1-1111	0	-
1071	101.281	101.351	G3	65	60	0	0	76166	P1-1-1113	0	-
1072	101.283	101.336	E4	60	60	0	0	76166	P1-1-1112	0	-
1073	101.372	101.468	E3	57	64	0	0	76250	P1-1-1114	0	-
1074	101.499	101.59	C#3	58	60	0	0	76333	P1-1-1116	0	-
1075	101.512	101.871	G4	68	54	0	0	76333	P1-1-1115	0	-
1076	101.623	101.672	E3	45	64	0	0	76416	P1-1-1117	0	-
1077	101.718	101.78	F3	61	58	0	0	76500	P1-1-1119	0	-
1078	101.72	102.2	A4	86	61	0	0	76500	P1-1-1118	0	-
1079	101.82	101.916	E3	62	63	0	0	76583	P1-1-1120	0	-
1080	101.937	102.007	F3	68	57	0	0	76666	P1-1-1122	0	-
1081	101.953	102.001	C#4	64	63	0	0	76666	P1-1-1121	0	-
1082	102.05	102.143	D3	64	63	0	0	76750	P1-1-1123	0	-
1083	102.184	102.293	B2	58	53	0	0	76833	P1-1-1125	0	-
1084	102.191	102.688	D4	78	53	0	0	76833	P1-1-1124	0	-
1085	102.292	102.365	D3	56	63	0	0	76916	P1-1-1126	0	-
1086	102.408	102.493	E3	64	58	0	0	77000	P1-1-1128	0	-
1087	102.415	102.87	G4	94	46	0	0	77000	P1-1-1127	0	-
1088	102.517	102.592	D3	66	60	0	0	77083	P1-1-1129	0	-
1089	102.622	102.706	E3	71	52	0	0	77166	P1-1-1131	0	-
1090	102.648	102.728	C#4	73	61	0	0	77166	P1-1-1130	0	-
1091	102.729	102.818	C#3	67	63	0	0	77250	P1-1-1132	0	-
1092	102.852	102.977	A2	62	61	0	0	77333	P1-1-1134	0	-
1093	102.873	103.263	E4	85	28	0	0	77333	P1-1-1133	0	-
1094	102.97	103.06	C#3	65	64	0	0	77416	P1-1-1135	0	-
1095	103.083	103.716	F4	92	22	0	0	77500	P1-1-1136	0	-
1096	103.087	103.15	D3	71	59	0	0	77500	P1-1-1137	0	-
1097	103.222	103.308	C#3	64	60	0	0	77583	P1-1-1138	0	-
1098	103.315	103.391	D3	71	62	0	0	77666	P1-1-1140	0	-
1099	103.345	103.402	A3	70	59	0	0	77666	P1-1-1139	0	-
1100	103.447	103.504	F3	69	58	0	0	77750	P1-1-1141	0	-
1101	103.552	103.604	B2	61	63	0	0	77833	P1-1-1143	1	-
1102	103.593	103.802	D4	70	61	0	0	77833	P1-1-1142	0	-
1103	103.665	103.733	D3	67	59	0	0	77916	P1-1-1144	0	-
1104	103.792	103.876	G#2	58	61	0	0	78000	P1-1-1146	0	-
1105	103.793	103.861	B3	73	59	0	0	78000	P1-1-1145	0	-
1106	103.883	103.99	E4	62	60	0	0	78067	P1-1-1150	0	-
1107	103.916	103.969	A2	61	62	0	0	78067	P1-1-1149	0	-
1108	103.981	104.068	D4	65	58	0	0	78182	P1-1-1154	0	-
1109	104.004	104.049	G#2	59	64	0	0	78125	P1-1-1152	0	-
1110	104.075	104.138	A2	71	62	0	0	78182	P1-1-1155	0	-
1111	104.096	104.187	C#4	68	62	0	0	78250	P1-1-1158	0	-
1112	104.151	104.207	G#2	73	61	0	0	78250	P1-1-1159	0	-
1113	104.231	104.333	D4	75	58	0	0	78317	P1-1-1163	0	-
1114	104.258	104.322	A2	76	60	0	0	78317	P1-1-1162	0	-
1115	104.341	104.391	G#2	72	64	0	0	78375	P1-1-1165	0	-
1116	104.354	104.464	F4	80	65	0	0	78432	P1-1-1167	0	-
1117	104.419	104.486	A2	75	58	0	0	78432	P1-1-1168	0	-
1118	104.456	104.63	B4	92	59	0	0	78500	P1-1-1171	0	-
1119	104.509	104.563	G#2	75	62	0	0	78500	P1-1-1172	0	-
1120	104.578	104.704	F4	80	62	0	0	78567	P1-1-1176	0	-
1121	104.592	104.656	A2	73	58	0	0	78567	P1-1-1175	0	-
1122	104.68	104.736	G#2	70	64	0	0	78625	P1-1-1178	0	-
1123	104.693	104.769	E4	83	63	0	0	78682	P1-1-1180	0	-
1124	104.765	104.839	A2	76	60	0	0	78682	P1-1-1181	0	-
1125	104.802	104.934	D4	80	60	0	0	78750	P1-1-1184	0	-
1126	104.846	104.905	G#2	73	62	0	0	78750	P1-1-1185	0	-
1127	104.915	105.027	C#4	80	62	0	0	78817	P1-1-1189	0	-
1128	104.935	105.009	A2	70	60	0	0	78817	P1-1-1188	0	-
1129	105.019	105.164	B3	85	61	0	0	78932	P1-1-1193	0	-
1130	105.02	105.106	G#2	67	61	0	0	78875	P1-1-1191	0	-
1131	105.129	105.236	C#4	88	65	0	0	79000	P1-1-1197	0	-
1132	105.142	105.471	A2	78	58	0	0	78932	P1-1-1194	0	-
1133	105.266	105.402	A3	84	65	0	0	79083	P1-1-1199	0	-
1134	105.386	105.528	G3	87	62	0	0	79166	P1-1-1200	0	-
1135	105.492	105.639	F#3	85	62	0	0	79250	P1-1-1201	0	-
1136	105.608	105.698	E3	85	65	0	0	79333	P1-1-1202	0	-
1137	105.703	105.837	D3	86	65	0	0	79416	P1-1-1203	0	-
1138	105.812	105.962	C#3	91	60	0	0	79500	P1-1-1204	0	-
1139	105.847	105.882	Eb3	58	58	0	0	79500	*	3	-
1140	105.941	106.037	B2	84	63	0	0	79583	P1-1-1205	0	-
1141	106.041	106.171	A2	85	64	0	0	79666	P1-1-1206	0	-
1142	106.157	106.282	G2	81	64	0	0	79750	P1-1-1207	0	-
1143	106.264	106.431	F#2	85	63	0	0	79833	P1-1-1208	0	-
1144	106.399	106.574	E2	78	63	0	0	79916	P1-1-1209	0	-
1145	106.534	107.039	D2	84	57	0	0	80000	P1-1-1210	0	-
1146	106.842	106.919	D3	76	64	0	0	80166	P1-1-1211	0	-
1147	106.932	107.055	E3	75	61	0	0	80250	P1-1-1212	0	-
1148	107.041	107.168	F#3	79	65	0	0	80333	P1-1-1213	0	-
1149	107.146	107.292	G3	74	64	0	0	80416	P1-1-1214	0	-
1150	107.276	107.34	A3	76	63	0	0	80500	P1-1-1215	0	-
1151	107.517	107.562	F#3	74	65	0	0	80666	P1-1-1216	0	-
1152	107.74	107.778	A3	74	68	0	0	80833	P1-1-1217	0	-
1153	107.945	108.005	D4	86	62	0	0	81000	P1-1-1218	0	-
1154	108.166	108.24	A3	85	64	0	0	81166	P1-1-1219	0	-
1155	108.382	108.446	D4	92	63	0	0	81333	P1-1-1220	0	-
1156	108.605	108.681	F#4	93	64	0	0	81500	P1-1-1221	0	-
1157	108.813	108.874	D4	89	65	0	0	81666	P1-1-1222	0	-
1158	109.031	109.111	F#4	81	61	0	0	81833	P1-1-1223	0	-
1159	109.306	109.565	A4	94	63	0	0	82000	P1-1-1224	0	-
1160	110.059	110.393	F#5	95	60	0	0	82500	P1-1-1225	0	-
1161	110.074	110.388	A4	79	61	0	0	82500	P1-1-1226	0	-
1162	110.085	110.516	D3	58	33	0	0	82500	P1-1-1227	0	-
1163	110.783	111.077	F#5	95	61	0	0	83000	P1-1-1228	0	-
1164	110.791	111.164	A4	80	61	0	0	83000	P1-1-1229	0	-
1165	110.795	111.458	A3	68	56	0	0	83000	P1-1-1230	0	-
1166	111.133	111.291	E5	83	64	0	0	83250	P1-1-1231	0	-
1167	111.144	111.345	G4	58	61	0	0	83250	P1-1-1232	0	-
1168	111.494	111.79	E5	90	58	0	0	83500	P1-1-1233	0	-
1169	111.495	112.228	A2	61	62	0	0	83500	P1-1-1235	0	-
1170	111.499	111.911	G4	79	61	0	0	83500	P1-1-1234	0	-
1171	111.848	112.092	D5	75	56	0	0	83750	P1-1-1236	0	-
1172	111.863	112.113	F#4	68	60	0	0	83750	P1-1-1237	0	-
1173	112.227	112.282	D5	80	63	0	0	84000	P1-1-1238	0	-
1174	112.232	112.414	D3	60	62	0	0	84000	P1-1-1240	0	-
1175	112.237	112.302	F#4	74	62	0	0	84000	P1-1-1239	0	-
1176	112.586	112.634	D4	55	63	0	0	84166	P1-1-1241	0	-
1177	112.667	112.746	E4	65	52	0	0	84250	P1-1-1242	0	-
1178	112.774	112.853	F#4	63	59	0	0	84333	P1-1-1243	0	-
1179	112.867	112.964	G4	65	64	0	0	84416	P1-1-1244	0	-
1180	112.963	113	A4	77	65	0	0	84500	P1-1-1245	0	-
1181	113.199	113.252	F#4	77	63	0	0	84666	P1-1-1246	0	-
1182	113.23	113.318	C4	67	64	0	0	84666	P1-1-1247	0	-
1183	113.31	113.424	B3	74	62	0	0	84750	P1-1-1248	0	-
1184	113.406	113.531	A3	80	65	0	0	84833	P1-1-1250	0	-
1185	113.42	113.484	A4	87	65	0	0	84833	P1-1-1249	0	-
1186	113.538	113.654	G3	72	65	0	0	84916	P1-1-1251	0	-
1187	113.628	113.697	C5	96	66	0	0	85000	P1-1-1252	0	-
1188	113.636	113.696	F#3	78	63	0	0	85000	P1-1-1253	0	-
1189	113.86	113.915	A3	81	62	0	0	85166	P1-1-1255	0	-
1190	113.86	113.93	A4	96	66	0	0	85166	P1-1-1254	0	-
1191	114.071	114.135	C5	103	65	0	0	85333	P1-1-1256	0	-
1192	114.075	114.12	F#3	81	63	0	0	85333	P1-1-1257	0	-
1193	114.3	114.357	D3	75	60	0	0	85500	P1-1-1259	0	-
1194	114.3	114.386	F#5	100	64	0	0	85500	P1-1-1258	0	-
1195	114.519	114.568	F#3	79	63	0	0	85666	P1-1-1261	0	-
1196	114.525	114.582	C5	97	66	0	0	85666	P1-1-1260	0	-
1197	114.737	114.784	D3	70	68	0	0	85833	P1-1-1263	0	-
1198	114.739	114.824	F#5	93	64	0	0	85833	P1-1-1262	0	-
1199	114.963	115.267	A5	96	61	0	0	86000	P1-1-1264	0	-
1200	114.971	115.044	A2	73	61	0	0	86000	P1-1-1265	0	-
1201	115.24	115.282	D3	81	67	0	0	86166	P1-1-1266	0	-
1202	115.452	115.495	A2	77	67	0	0	86333	P1-1-1267	0	-
1203	115.685	115.751	D5	85	63	0	0	-1	*	3	-
1204	115.692	116.201	A4	77	61	0	0	86500	P1-1-1269	0	-
1205	115.749	115.828	C5	78	63	0	0	86500	P1-1-1268	0	-
1206	115.835	115.927	D5	73	61	0	0	-1	*	3	-
1207	115.874	115.95	A2	63	59	0	0	86666	P1-1-1271	0	-
1208	115.891	116.168	C5	72	51	0	0	-1	*	3	-
1209	116.12	116.169	F#2	72	65	0	0	86833	P1-1-1272	0	-
1210	116.392	117.097	D2	56	60	0	0	87000	P1-1-1275	0	-
1211	116.411	116.777	C5	67	61	0	0	87000	P1-1-1273	0	-
1212	116.427	116.784	A4	46	60	0	0	87000	P1-1-1274	0	-
1213	116.734	117.03	G4	74	61	0	0	87250	P1-1-1277	0	-
1214	116.737	116.97	B4	83	65	0	0	87250	P1-1-1276	0	-
1215	117.114	117.472	B4	75	57	0	0	87500	P1-1-1278	0	-
1216	117.125	117.671	D3	60	57	0	0	87500	P1-1-1280	0	-
1217	117.126	117.42	G4	67	62	0	0	87500	P1-1-1279	0	-
1218	117.477	117.802	F#4	68	35	0	0	87750	P1-1-1282	0	-
1219	117.483	117.827	A4	70	56	0	0	87750	P1-1-1281	0	-
1220	117.816	118.311	G2	68	62	0	0	88000	P1-1-1285	0	-
1221	117.84	117.891	B4	73	63	0	0	88000	P1-1-1283	0	-
1222	117.847	117.888	G4	74	63	0	0	88000	P1-1-1284	0	-
1223	118.099	118.296	B5	103	61	0	0	88166	P1-1-1286	0	-
1224	118.224	118.388	A5	84	66	0	0	88250	P1-1-1287	0	-
1225	118.302	118.351	D3	75	65	0	0	88375	P1-1-1289	0	-
1226	118.335	118.46	G5	89	65	0	0	88333	P1-1-1288	0	-
1227	118.43	118.545	F#5	95	63	0	0	88416	P1-1-1290	0	-
1228	118.538	118.61	E5	93	65	0	0	88500	P1-1-1291	0	-
1229	118.543	118.748	G3	86	61	0	0	88500	P1-1-1292	0	-
1230	118.754	118.826	G5	87	66	0	0	88666	P1-1-1293	0	-
1231	118.974	119.017	G3	74	66	0	0	88833	*	3	-
1232	118.985	119.036	E5	80	64	0	0	88833	P1-1-1294	0	-
1233	119.195	119.273	G3	72	63	0	0	88875	P1-1-1295	0	-
1234	119.205	119.245	C#5	80	71	0	0	89000	P1-1-1296	0	-
1235	119.274	119.326	F#3	67	65	0	0	89000	*	3	-
1236	119.33	119.574	G3	64	58	0	0	89000	P1-1-1297	0	-
1237	119.513	119.576	A3	70	61	0	0	89166	P1-1-1298	0	-
1238	119.611	119.712	B3	71	58	0	0	89250	P1-1-1299	0	-
1239	119.717	119.788	C#4	65	62	0	0	89333	P1-1-1300	0	-
1240	119.825	119.929	D4	61	64	0	0	89416	P1-1-1301	0	-
1241	119.924	119.961	E4	73	67	0	0	89500	P1-1-1302	0	-
1242	120.151	120.235	A2	57	60	0	0	89666	P1-1-1304	0	-
1243	120.156	120.202	C#4	62	63	0	0	89666	P1-1-1303	0	-
1244	120.254	120.342	G2	66	58	0	0	89750	P1-1-1305	0	-
1245	120.357	120.457	F#2	70	64	0	0	89833	P1-1-1307	0	-
1246	120.389	120.445	E4	60	63	0	0	89833	P1-1-1306	0	-
1247	120.474	120.596	E2	68	64	0	0	89916	P1-1-1308	0	-
1248	120.588	121.005	F#2	81	56	0	0	90000	P1-1-1310	0	-
1249	120.604	120.65	A4	76	64	0	0	90000	P1-1-1309	0	-
1250	120.843	121.02	A5	91	62	0	0	90166	P1-1-1311	0	-
1251	120.94	121.105	G5	81	65	0	0	90250	P1-1-1312	0	-
1252	121.054	121.205	F#5	87	61	0	0	90333	P1-1-1313	0	-
1253	121.064	121.134	F#3	73	63	0	0	90375	P1-1-1314	0	-
1254	121.164	121.27	E5	85	62	0	0	90416	P1-1-1315	0	-
1255	121.28	121.339	D5	88	65	0	0	90500	P1-1-1316	0	-
1256	121.292	121.511	F#3	71	62	0	0	90500	P1-1-1317	0	-
1257	121.518	121.572	F#5	86	54	0	0	90666	P1-1-1318	0	-
1258	121.718	121.751	D5	73	68	0	0	90833	P1-1-1319	0	-
1259	121.726	121.767	F#3	61	64	0	0	90875	P1-1-1320	0	-
1260	121.929	121.972	C#5	74	64	0	0	91000	*	3	-
1261	121.954	122.234	F#3	59	54	0	0	91000	P1-1-1322	0	-
1262	121.996	122.04	B4	74	60	0	0	91000	P1-1-1321	0	-
1263	122.051	122.113	C#5	78	64	0	0	91000	*	3	-
1264	122.105	122.152	B4	75	67	0	0	91000	*	3	-
1265	122.223	122.355	G3	61	58	0	0	91166	P1-1-1323	0	-
1266	122.355	122.402	A3	63	64	0	0	91250	P1-1-1324	0	-
1267	122.456	122.52	B3	19	51	0	0	91333	P1-1-1325	0	-
1268	122.501	122.543	C4	7	41	0	0	91416	*	3	-
1269	122.535	122.613	C#4	65	61	0	0	91416	P1-1-1326	0	-
1270	122.637	122.697	D4	60	63	0	0	91500	P1-1-1327	0	-
1271	122.87	122.922	G2	55	61	0	0	91666	P1-1-1329	0	-
1272	122.885	122.923	B3	66	66	0	0	91666	P1-1-1328	0	-
1273	122.965	123.057	F#2	61	60	0	0	91750	P1-1-1330	0	-
1274	123.067	123.156	E2	65	63	0	0	91833	P1-1-1332	0	-
1275	123.097	123.141	D4	61	65	0	0	91833	P1-1-1331	0	-
1276	123.188	123.294	D2	56	62	0	0	91916	P1-1-1333	0	-
1277	123.299	123.335	E2	61	61	0	0	92000	P1-1-1335	0	-
1278	123.306	123.526	G4	75	60	0	0	92000	P1-1-1334	0	-
1279	123.568	123.674	B3	88	63	0	0	92166	P1-1-1336	0	-
1280	123.666	123.767	A3	78	61	0	0	92250	P1-1-1337	0	-
1281	123.75	123.888	G3	75	62	0	0	92333	P1-1-1338	0	-
1282	123.765	123.829	B4	83	60	0	0	92375	P1-1-1339	0	-
1283	123.769	123.84	G4	79	62	0	0	92375	P1-1-1340	1	-
1284	123.868	123.984	F#3	65	65	0	0	92416	P1-1-1341	0	-
1285	123.973	124.016	E3	72	69	0	0	92500	P1-1-1344	0	-
1286	123.988	124.291	B4	88	57	0	0	92500	P1-1-1342	0	-
1287	123.991	124.316	G4	83	60	0	0	92500	P1-1-1343	0	-
1288	124.231	124.274	G3	73	66	0	0	92666	P1-1-1345	0	-
1289	124.454	124.497	E3	67	67	0	0	92833	P1-1-1346	0	-
1290	124.465	124.523	B4	78	62	0	0	92875	P1-1-1347	0	-
1291	124.471	124.528	G4	74	61	0	0	92875	P1-1-1348	0	-
1292	124.704	124.862	C#3	52	60	0	0	93000	P1-1-1351	0	-
1293	124.715	124.8	Bb4	59	37	0	0	93000	*	3	-
1294	124.737	124.934	B4	69	61	0	0	93000	*	3	-
1295	124.758	124.798	A4	40	55	0	0	93000	P1-1-1349	0	-
1296	124.76	125.266	G4	39	49	0	0	93000	P1-1-1350	0	-
1297	124.936	125.23	A4	64	54	0	0	93000	*	3	-
1298	124.939	124.993	E3	61	66	0	0	93166	P1-1-1352	0	-
1299	125.177	125.23	C#3	59	64	0	0	93333	P1-1-1353	0	-
1300	125.407	125.45	A2	56	65	0	0	93500	P1-1-1354	0	-
1301	125.625	125.711	A4	61	58	0	0	93666	P1-1-1355	0	-
1302	125.636	125.699	C#3	48	60	0	0	93666	P1-1-1356	0	-
1303	125.724	125.811	G4	55	58	0	0	93750	P1-1-1357	0	-
1304	125.829	125.893	A2	49	58	0	0	93833	P1-1-1359	0	-
1305	125.835	125.893	F#4	57	61	0	0	93833	P1-1-1358	0	-
1306	125.925	125.997	E4	58	56	0	0	93916	P1-1-1360	0	-
1307	126.038	126.075	D3	63	65	0	0	94000	P1-1-1362	0	-
1308	126.052	126.091	F#4	69	66	0	0	94000	P1-1-1361	0	-
1309	126.302	126.342	F#3	56	65	0	0	94166	P1-1-1364	0	-
1310	126.313	126.36	D4	55	62	0	0	94166	P1-1-1363	0	-
1311	126.411	126.485	E4	63	52	0	0	94250	P1-1-1365	0	-
1312	126.495	126.547	D3	47	64	0	0	94333	P1-1-1367	0	-
1313	126.511	126.555	F#4	65	64	0	0	94333	P1-1-1366	0	-
1314	126.609	126.673	G4	71	57	0	0	94416	P1-1-1368	0	-
1315	126.713	126.75	B2	46	58	0	0	94500	P1-1-1371	0	-
1316	126.716	126.905	A4	80	26	0	0	94500	P1-1-1370	0	-
1317	126.72	126.982	D5	78	61	0	0	94500	P1-1-1369	0	-
1318	126.965	127.009	D3	60	63	0	0	94666	P1-1-1373	0	-
1319	126.977	127.061	G4	68	63	0	0	94666	P1-1-1372	0	-
1320	127.077	127.199	F#4	73	59	0	0	94750	P1-1-1374	0	-
1321	127.163	127.226	B2	51	61	0	0	94833	P1-1-1376	0	-
1322	127.173	127.255	E4	77	64	0	0	94833	P1-1-1375	0	-
1323	127.276	127.362	D4	80	62	0	0	94916	P1-1-1377	0	-
1324	127.38	127.439	E3	76	62	0	0	95000	P1-1-1380	0	-
1325	127.387	127.597	G4	85	59	0	0	95000	P1-1-1379	0	-
1326	127.388	127.687	B4	89	62	0	0	95000	P1-1-1378	0	-
1327	127.626	127.675	G3	72	64	0	0	95166	P1-1-1382	0	-
1328	127.626	127.717	E4	84	60	0	0	95166	P1-1-1381	0	-
1329	127.726	127.789	F#4	83	66	0	0	95250	P1-1-1383	0	-
1330	127.829	127.874	E3	73	66	0	0	95333	P1-1-1385	0	-
1331	127.837	127.916	G4	92	65	0	0	95333	P1-1-1384	0	-
1332	127.941	128.066	A4	87	64	0	0	95416	P1-1-1386	0	-
1333	128.032	128.103	C#3	73	61	0	0	95500	P1-1-1389	0	-
1334	128.044	128.307	B4	87	61	0	0	95500	P1-1-1388	0	-
1335	128.049	129.024	E5	91	57	0	0	95500	P1-1-1387	0	-
1336	128.291	128.332	E3	74	67	0	0	95666	P1-1-1391	0	-
1337	128.294	128.361	A4	82	64	0	0	95666	P1-1-1390	0	-
1338	128.39	128.457	G4	78	66	0	0	95750	P1-1-1392	0	-
1339	128.502	128.588	F#4	77	63	0	0	95833	P1-1-1393	0	-
1340	128.518	128.566	C#3	69	67	0	0	95833	P1-1-1394	0	-
1341	128.595	128.639	E4	74	59	0	0	95916	P1-1-1395	0	-
1342	128.719	129.133	A4	82	56	0	0	96000	P1-1-1396	0	-
1343	128.728	128.773	F#3	78	64	0	0	96000	P1-1-1397	0	-
1344	129.001	129.123	D3	67	59	0	0	96166	P1-1-1398	0	-
1345	129.095	129.235	E3	66	62	0	0	96250	P1-1-1399	0	-
1346	129.177	129.402	G4	69	62	0	0	96375	P1-1-1401	0	-
1347	129.195	129.317	F#3	75	62	0	0	96333	P1-1-1400	0	-
1348	129.298	129.39	G3	78	63	0	0	96416	P1-1-1402	0	-
1349	129.4	129.448	A3	84	65	0	0	96500	P1-1-1405	0	-
1350	129.41	129.785	D5	91	56	0	0	96500	P1-1-1403	0	-
1351	129.422	129.862	F#4	77	61	0	0	96500	P1-1-1404	0	-
1352	129.642	129.736	G3	77	63	0	0	96666	P1-1-1406	0	-
1353	129.732	129.872	F#3	79	64	0	0	96750	P1-1-1407	0	-
1354	129.824	129.909	C5	81	63	0	0	96875	P1-1-1409	0	-
1355	129.855	129.963	E3	74	64	0	0	96833	P1-1-1408	0	-
1356	129.939	130.094	D3	74	64	0	0	96916	P1-1-1410	0	-
1357	129.94	130.063	F#4	41	80	0	0	-1	*	3	-
1358	130.06	130.476	B4	91	53	0	0	97000	P1-1-1411	0	-
1359	130.064	130.123	G3	92	65	0	0	97000	P1-1-1412	0	-
1360	130.08	130.34	F#4	49	58	0	0	-1	*	3	-
1361	130.309	130.466	E3	78	63	0	0	97166	P1-1-1413	0	-
1362	130.433	130.517	G3	71	80	0	0	-1	*	3	-
1363	130.442	130.551	F#3	40	63	0	0	97250	P1-1-1414	0	-
1364	130.495	130.722	A4	82	59	0	0	97375	P1-1-1416	0	-
1365	130.577	130.719	A3	72	65	0	0	97416	P1-1-1417	0	-
1366	130.694	131.715	G4	84	18	0	0	97500	P1-1-1418	0	-
1367	130.706	130.767	B3	85	66	0	0	97500	P1-1-1420	0	-
1368	130.736	131.054	E4	66	58	0	0	97500	P1-1-1419	0	-
1369	130.941	131.026	A3	84	64	0	0	97666	P1-1-1421	0	-
1370	131.025	131.142	G3	80	64	0	0	97750	P1-1-1422	0	-
1371	131.141	131.265	F#3	76	64	0	0	97833	P1-1-1423	0	-
1372	131.157	131.205	D4	67	64	0	0	97875	P1-1-1424	0	-
1373	131.253	131.383	E3	72	64	0	0	97916	P1-1-1425	0	-
1374	131.374	131.513	A3	80	62	0	0	98000	P1-1-1427	0	-
1375	131.39	131.474	C#4	77	60	0	0	98000	P1-1-1426	0	-
1376	131.663	131.714	A3	63	61	0	0	98166	P1-1-1428	0	-
1377	131.763	131.825	B3	60	61	0	0	98250	P1-1-1429	0	-
1378	131.844	131.927	C#4	57	61	0	0	98333	P1-1-1430	0	-
1379	131.848	131.903	A2	56	62	0	0	98375	P1-1-1431	0	-
1380	131.972	132.02	D4	62	61	0	0	98416	P1-1-1432	0	-
1381	132.077	132.441	G4	67	56	0	0	98500	P1-1-1433	0	-
1382	132.079	132.3	E4	59	28	0	0	98500	P1-1-1434	0	-
1383	132.089	132.236	A2	79	64	0	0	98500	P1-1-1435	0	-
1384	132.32	132.382	C#4	72	59	0	0	98666	P1-1-1436	0	-
1385	132.526	132.57	A2	85	65	0	0	98833	*	3	-
1386	132.533	132.565	E4	75	69	0	0	98833	P1-1-1437	0	-
1387	132.747	132.825	A2	85	61	0	0	98875	P1-1-1438	0	-
1388	132.751	133.157	C#5	86	63	0	0	99000	P1-1-1439	0	-
1389	132.761	132.8	G4	67	65	0	0	99000	P1-1-1440	0	-
1390	132.829	132.917	G#2	82	64	0	0	99000	*	3	-
1391	132.901	133.538	A2	83	64	0	0	99000	P1-1-1441	0	-
1392	133.008	133.072	E4	83	64	0	0	99166	P1-1-1442	0	-
1393	133.208	133.283	G4	92	63	0	0	99333	P1-1-1443	0	-
1394	133.446	133.905	E5	96	64	0	0	99500	P1-1-1444	0	-
1395	133.455	133.572	C#5	84	55	0	0	99500	P1-1-1445	0	-
1396	133.67	133.733	G4	92	64	0	0	99666	P1-1-1446	0	-
1397	133.785	133.904	E3	81	65	0	0	99750	P1-1-1447	0	-
1398	133.884	134.034	F#3	86	60	0	0	99833	P1-1-1449	0	-
1399	133.892	133.98	C#5	90	59	0	0	99833	P1-1-1448	0	-
1400	133.992	134.118	G3	86	63	0	0	99916	P1-1-1450	0	-
1401	134.109	134.363	A3	92	53	0	0	100000	P1-1-1452	0	-
1402	134.119	134.221	F#4	99	61	0	0	100000	P1-1-1451	0	-
1403	134.349	134.472	D5	94	62	0	0	100167	P1-1-1453	0	-
1404	134.465	134.573	C#5	89	63	0	0	100250	P1-1-1454	0	-
1405	134.561	134.621	A2	55	61	0	0	100375	P1-1-1456	0	-
1406	134.565	134.64	B4	81	65	0	0	100333	P1-1-1455	0	-
1407	134.652	134.684	A4	72	69	0	0	100417	P1-1-1457	0	-
1408	134.797	135.016	A2	55	56	0	0	100500	P1-1-1460	0	-
1409	134.801	135.229	D4	78	57	0	0	100500	P1-1-1459	0	-
1410	134.806	134.884	G#4	74	59	0	0	100500	P1-1-1458	0	-
1411	135.031	135.085	B4	71	62	0	0	100667	P1-1-1461	0	-
1412	135.234	135.277	A2	55	64	0	0	100833	*	3	-
1413	135.258	135.31	G#4	71	60	0	0	100833	P1-1-1462	0	-
1414	135.476	135.543	A2	51	63	0	0	100875	P1-1-1463	0	-
1415	135.493	135.538	D4	65	66	0	0	101000	P1-1-1464	0	-
1416	135.498	135.853	B3	67	41	0	0	101000	P1-1-1465	0	-
1417	135.576	135.629	G#2	48	64	0	0	101000	*	3	-
1418	135.658	136.336	A2	55	39	0	0	101000	P1-1-1466	0	-
1419	135.72	135.792	G#4	65	54	0	0	101167	P1-1-1467	0	-
1420	135.963	135.999	D4	41	57	0	0	101333	P1-1-1468	0	-
1421	136.174	136.237	B3	52	64	0	0	101500	P1-1-1469	0	-
1422	136.175	136.661	G#3	52	56	0	0	101500	P1-1-1470	0	-
1423	136.44	136.501	D4	39	57	0	0	101667	P1-1-1471	0	-
1424	136.641	136.679	B3	51	63	0	0	101833	P1-1-1472	0	-
1425	136.886	137.109	C#4	61	51	0	0	102000	P1-1-1473	0	-
1426	136.934	137.126	A3	32	52	0	0	102000	P1-1-1474	0	-
1427	137.121	137.184	B3	65	62	0	0	102167	P1-1-1475	0	-
1428	137.232	137.32	F#2	51	60	0	0	102250	P1-1-1476	0	-
1429	137.333	137.431	G2	62	61	0	0	102333	P1-1-1478	0	-
1430	137.351	137.415	G3	51	62	0	0	-1	*	3	-
1431	137.355	137.403	A3	52	65	0	0	102333	P1-1-1477	0	-
1432	137.445	137.531	A2	64	63	0	0	102417	P1-1-1480	0	-
1433	137.552	137.594	B2	74	64	0	0	102500	P1-1-1483	0	-
1434	137.567	137.761	D4	69	58	0	0	102500	P1-1-1481	0	-
1435	137.589	137.789	F#3	62	64	0	0	102500	P1-1-1482	0	-
1436	137.778	137.825	A2	67	63	0	0	102667	P1-1-1484	0	-
1437	137.997	138.259	G4	73	60	0	0	102875	P1-1-1486	0	-
1438	138.007	138.059	G2	55	63	0	0	102833	P1-1-1485	0	-
1439	138.024	138.08	E4	48	59	0	0	102875	P1-1-1487	0	-
1440	138.235	138.596	A2	57	51	0	0	103000	P1-1-1489	0	-
1441	138.248	138.482	C#4	64	39	0	0	103000	P1-1-1488	0	-
1442	138.487	138.593	F#4	75	61	0	0	103167	P1-1-1490	0	-
1443	138.591	138.706	E4	67	61	0	0	103250	P1-1-1491	0	-
1444	138.679	138.931	D4	54	80	0	0	103375	P1-1-1493	0	-
1445	138.68	138.735	A3	62	63	0	0	103375	P1-1-1494	0	-
1446	138.7	138.942	F#4	74	60	0	0	103333	P1-1-1492	0	-
1447	138.931	139.161	D4	8	54	0	0	-1	*	3	-
1448	138.942	139.231	A3	63	52	0	0	103500	P1-1-1496	0	-
1449	138.942	139.187	E4	77	35	0	0	103500	P1-1-1495	0	-
1450	139.159	139.221	C#4	67	63	0	0	103667	P1-1-1497	0	-
1451	139.285	139.371	B3	73	58	0	0	103750	P1-1-1498	0	-
1452	139.38	139.567	A4	76	57	0	0	103875	P1-1-1500	0	-
1453	139.398	139.44	A2	48	53	0	0	103875	P1-1-1501	0	-
1454	139.604	139.643	D4	65	66	0	0	104000	P1-1-1503	0	-
1455	139.627	139.846	D3	91	62	0	0	104000	P1-1-1504	0	-
1456	139.633	139.705	F#4	78	64	0	0	104000	P1-1-1502	0	-
1457	139.758	139.866	A4	87	63	0	0	104083	P1-1-1505	0	-
1458	139.851	139.977	B4	91	62	0	0	104167	P1-1-1506	0	-
1459	139.955	140.042	C#5	91	65	0	0	104250	P1-1-1507	0	-
1460	140.052	140.097	A3	91	67	0	0	104375	P1-1-1509	0	-
1461	140.058	140.154	D5	89	61	0	0	104333	P1-1-1508	0	-
1462	140.167	140.31	E5	92	48	0	0	104417	P1-1-1510	0	-
1463	140.297	140.372	D4	82	65	0	0	104500	P1-1-1512	0	-
1464	140.313	140.438	F#5	93	64	0	0	104500	P1-1-1511	0	-
1465	140.361	140.461	C#4	84	62	0	0	-1	*	3	-
1466	140.418	140.507	E5	93	60	0	0	104583	P1-1-1513	0	-
1467	140.452	141.157	D4	92	56	0	0	-1	*	3	-
1468	140.517	140.64	D5	89	59	0	0	104667	P1-1-1514	0	-
1469	140.624	140.749	C#5	88	65	0	0	104750	P1-1-1515	0	-
1470	140.732	140.802	B4	84	66	0	0	104833	P1-1-1516	0	-
1471	140.835	140.962	A4	80	63	0	0	104917	P1-1-1517	0	-
1472	140.949	141.014	G#4	89	61	0	0	105000	P1-1-1518	0	-
1473	141.17	141.229	E4	71	64	0	0	105167	P1-1-1520	0	-
1474	141.184	141.245	B4	83	65	0	0	105167	P1-1-1519	0	-
1475	141.27	141.376	D4	75	61	0	0	105250	P1-1-1521	0	-
1476	141.374	141.468	C#4	73	59	0	0	105333	P1-1-1523	0	-
1477	141.41	141.472	E5	89	64	0	0	105333	P1-1-1522	0	-
1478	141.494	141.617	B3	71	63	0	0	105417	P1-1-1524	0	-
1479	141.619	141.66	Bb3	79	66	0	0	105500	P1-1-1526	0	-
1480	141.63	142.103	E5	95	59	0	0	105500	P1-1-1525	0	-
1481	141.859	141.953	B3	70	59	0	0	105667	P1-1-1528	0	-
1482	141.876	141.913	C#5	67	67	0	0	105667	P1-1-1527	0	-
1483	141.977	142.045	Bb3	64	58	0	0	105750	P1-1-1529	0	-
1484	142.071	142.165	G#3	69	63	0	0	105833	P1-1-1531	0	-
1485	142.109	142.157	Bb4	72	62	0	0	105833	P1-1-1530	0	-
1486	142.168	142.292	F#3	70	62	0	0	105917	P1-1-1532	0	-
1487	142.314	142.516	B3	80	61	0	0	106000	P1-1-1534	0	-
1488	142.332	142.407	F#4	85	62	0	0	106000	P1-1-1533	0	-
1489	142.564	142.664	G#4	73	61	0	0	106167	P1-1-1535	0	-
1490	142.674	142.738	Bb4	68	63	0	0	106250	P1-1-1536	0	-
1491	142.75	142.788	B2	60	65	0	0	106375	P1-1-1538	0	-
1492	142.779	142.827	B4	75	62	0	0	106333	P1-1-1537	0	-
1493	142.888	142.957	C#5	67	59	0	0	106417	P1-1-1539	0	-
1494	142.977	143.041	B3	70	62	0	0	106500	P1-1-1542	0	-
1495	142.996	143.094	D5	76	57	0	0	106500	P1-1-1540	0	-
1496	143.046	143.113	Bb3	78	62	0	0	-1	*	3	-
1497	143.108	143.222	C#5	73	63	0	0	106583	P1-1-1543	0	-
1498	143.141	143.813	B3	73	54	0	0	-1	*	3	-
1499	143.224	143.269	B4	70	64	0	0	106667	P1-1-1544	0	-
1500	143.315	143.398	A4	72	59	0	0	106750	P1-1-1545	0	-
1501	143.429	143.505	G4	71	54	0	0	106833	P1-1-1546	0	-
1502	143.526	143.602	F#4	72	62	0	0	106917	P1-1-1547	0	-
1503	143.623	143.66	E4	74	67	0	0	107000	P1-1-1548	0	-
1504	143.846	143.9	C4	58	67	0	0	107167	P1-1-1550	0	-
1505	143.853	143.89	G4	71	67	0	0	107167	P1-1-1549	0	-
1506	143.949	144.031	B3	68	46	0	0	107250	P1-1-1551	0	-
1507	144.054	144.149	A3	63	61	0	0	107333	P1-1-1553	0	-
1508	144.08	144.127	C5	72	59	0	0	107333	P1-1-1552	0	-
1509	144.168	144.289	G3	64	61	0	0	107417	P1-1-1554	0	-
1510	144.29	144.823	C5	85	63	0	0	107500	P1-1-1555	0	-
1511	144.291	144.338	F#3	71	66	0	0	107500	P1-1-1556	0	-
1512	144.523	144.613	G3	65	62	0	0	107667	P1-1-1558	0	-
1513	144.525	144.587	A4	70	59	0	0	107667	P1-1-1557	0	-
1514	144.63	144.706	F#3	61	59	0	0	107750	P1-1-1559	0	-
1515	144.727	144.82	E3	72	57	0	0	107833	P1-1-1561	0	-
1516	144.75	144.786	F#4	60	63	0	0	107833	P1-1-1560	0	-
1517	144.848	144.945	D3	71	61	0	0	107917	P1-1-1562	0	-
1518	144.964	145.19	G3	83	60	0	0	108000	P1-1-1564	0	-
1519	145.005	145.091	D4	70	57	0	0	108000	P1-1-1563	0	-
1520	145.172	145.319	E4	76	57	0	0	108167	P1-1-1565	0	-
1521	145.299	145.389	F#4	84	62	0	0	108250	P1-1-1566	0	-
1522	145.413	145.511	G4	82	57	0	0	108333	P1-1-1567	0	-
1523	145.429	145.469	G2	69	63	0	0	108375	P1-1-1568	0	-
1524	145.518	145.645	A4	87	57	0	0	108417	P1-1-1569	0	-
1525	145.621	146.516	G3	82	56	0	0	108500	P1-1-1572	0	-
1526	145.632	145.752	B4	95	65	0	0	108500	P1-1-1570	0	-
1527	145.696	145.744	C5	26	31	0	0	108500	P1-1-1571	1	-
1528	145.748	145.824	A4	89	65	0	0	108583	P1-1-1573	0	-
1529	145.849	145.96	G4	80	51	0	0	108667	P1-1-1574	0	-
1530	145.967	146.078	F#4	76	63	0	0	108750	P1-1-1575	0	-
1531	146.074	146.144	E4	81	65	0	0	108833	P1-1-1576	0	-
1532	146.181	146.294	D4	80	60	0	0	108917	P1-1-1577	0	-
1533	146.299	146.357	C#4	81	59	0	0	109000	P1-1-1578	0	-
1534	146.527	146.582	A3	72	62	0	0	109167	P1-1-1580	0	-
1535	146.538	146.601	E4	86	64	0	0	109167	P1-1-1579	0	-
1536	146.64	146.73	G3	72	62	0	0	109250	P1-1-1581	0	-
1537	146.726	146.831	F#3	74	60	0	0	109333	P1-1-1583	0	-
1538	146.742	146.806	A4	90	65	0	0	109333	P1-1-1582	0	-
1539	146.755	146.806	C#4	83	60	0	0	109375	P1-1-1584	0	-
1540	146.863	146.96	E3	62	64	0	0	109417	P1-1-1585	0	-
1541	146.956	147.045	D3	67	63	0	0	109500	P1-1-1588	0	-
1542	146.965	147.002	D4	82	63	0	0	109500	P1-1-1587	0	-
1543	146.965	147.042	F#4	86	63	0	0	109500	P1-1-1586	0	-
1544	147.194	147.308	E3	80	63	0	0	109667	P1-1-1590	0	-
1545	147.202	147.284	A4	92	65	0	0	109667	P1-1-1589	0	-
1546	147.312	147.392	F#3	80	64	0	0	109750	P1-1-1591	0	-
1547	147.403	147.525	G3	81	60	0	0	109833	P1-1-1593	0	-
1548	147.407	147.487	D5	94	63	0	0	109833	P1-1-1592	0	-
1549	147.423	147.495	F#4	84	63	0	0	109875	P1-1-1594	0	-
1550	147.519	147.624	A3	81	63	0	0	109917	P1-1-1595	0	-
1551	147.626	147.674	B3	90	65	0	0	110000	P1-1-1598	0	-
1552	147.644	147.802	G4	95	46	0	0	110000	P1-1-1596	0	-
1553	147.894	147.97	A4	83	62	0	0	110167	P1-1-1599	0	-
1554	147.897	147.927	A3	76	67	0	0	110167	P1-1-1600	0	-
1555	148.12	148.163	G3	79	67	0	0	110333	P1-1-1602	0	-
1556	148.124	148.364	E5	106	57	0	0	-1	*	3	-
1557	148.132	148.183	B4	62	60	0	0	110333	P1-1-1601	0	-
1558	148.398	148.486	A3	85	65	0	0	110500	P1-1-1606	0	-
1559	148.402	148.657	F#4	85	61	0	0	110500	P1-1-1605	0	-
1560	148.404	148.654	A4	89	64	0	0	110500	P1-1-1604	0	-
1561	148.65	148.828	D5	100	60	0	0	110667	P1-1-1607	0	-
1562	148.924	149.278	A2	80	64	0	0	110875	P1-1-1611	0	-
1563	148.927	149.199	C#5	102	61	0	0	110833	P1-1-1608	0	-
1564	148.936	149.113	E4	87	56	0	0	110875	P1-1-1609	0	-
1565	148.938	149.643	G4	84	64	0	0	110875	P1-1-1610	0	-
1566	149.241	150.223	D2	81	62	0	0	111000	P1-1-1613	0	-
1567	149.253	152.958	D5	101	63	0	0	111000	P1-1-1612	0	-
1568	149.262	149.985	D4	91	60	0	0	-1	*	3	-
1569	149.614	152.965	A4	88	67	0	0	111167	P1-1-1614	0	-
1570	150.01	152.969	F#4	95	65	0	0	111333	P1-1-1616	0	-
1571	150.538	150.635	D4	85	65	0	0	111500	P1-1-1617	0	-
1572	150.621	150.73	C#4	87	63	0	0	111500	*	3	-
1573	150.719	152.949	D4	95	66	0	0	111500	*	3	-
//Missing 24000	P1-1-262
//Missing 37000	P1-1-439
//Missing 37062	P1-1-441
//Missing 37062	P1-1-443
//Missing 37125	P1-1-445
//Missing 37182	P1-1-448
//Missing 37182	P1-1-449
//Missing 37317	P1-1-454
//Missing 37375	P1-1-457
//Missing 37437	P1-1-459
//Missing 37437	P1-1-460
//Missing 37500	P1-1-462
//Missing 37562	P1-1-466
//Missing 37682	P1-1-471
//Missing 37817	P1-1-477
//Missing 37937	P1-1-481
//Missing 37937	P1-1-482
//Missing 39000	P1-1-499
//Missing 39062	P1-1-506
//Missing 39125	P1-1-508
//Missing 39187	P1-1-510
//Missing 39187	P1-1-511
//Missing 39250	P1-1-513
//Missing 39312	P1-1-516
//Missing 39312	P1-1-518
//Missing 39375	P1-1-520
//Missing 39437	P1-1-522
//Missing 39437	P1-1-523
//Missing 39500	P1-1-525
//Missing 39562	P1-1-528
//Missing 39562	P1-1-530
//Missing 39625	P1-1-532
//Missing 39687	P1-1-534
//Missing 39687	P1-1-535
//Missing 39812	P1-1-540
//Missing 39812	P1-1-541
//Missing 39812	P1-1-542
//Missing 39875	P1-1-544
//Missing 39937	P1-1-545
//Missing 39937	P1-1-546
//Missing 39937	P1-1-547
//Missing 40000	P1-1-548
//Missing 40061	P1-1-551
//Missing 40176	P1-1-553
//Missing 40176	P1-1-554
//Missing 43916	P1-1-607
//Missing 55666	P1-1-790
//Missing 64000	P1-1-912
//Missing 78000	P1-1-1147
//Missing 78067	P1-1-1148
//Missing 78067	P1-1-1151
//Missing 78125	P1-1-1153
//Missing 78182	P1-1-1156
//Missing 78317	P1-1-1161
//Missing 78317	P1-1-1164
//Missing 78375	P1-1-1166
//Missing 78432	P1-1-1169
//Missing 78432	P1-1-1170
//Missing 78567	P1-1-1174
//Missing 78567	P1-1-1177
//Missing 78625	P1-1-1179
//Missing 78682	P1-1-1182
//Missing 78682	P1-1-1183
//Missing 78817	P1-1-1187
//Missing 78817	P1-1-1190
//Missing 78875	P1-1-1192
//Missing 78932	P1-1-1195
//Missing 103833	P1-1-1499
//Missing 106500	P1-1-1541
//Missing 110000	P1-1-1597
//Missing 110375	P1-1-1603
//Missing 111167	P1-1-1615
//Missing 37250	P1-1-451
//Missing 37317	P1-1-452
//Missing 37562	P1-1-464
//Missing 37625	P1-1-468
//Missing 37682	P1-1-472
//Missing 37750	P1-1-474
//Missing 37817	P1-1-475
//Missing 51875	P1-1-717
//Missing 78182	P1-1-1157
//Missing 78250	P1-1-1160
//Missing 78500	P1-1-1173
//Missing 78750	P1-1-1186
//Missing 78932	P1-1-1196
//Missing 79000	P1-1-1198
//Missing 86500	P1-1-1270
//Missing 97333	P1-1-1415
//Missing 102375	P1-1-1479
